Time,V1,V2,V3,V4,V5,V6,V7,V8,V9,V10,V11,V12,V13,V14,V15,V16,V17,V18,V19,V20,V21,V22,V23,V24,V25,V26,V27,V28,Amount,Class
118591.0,-0.713757065843257,0.943089468843651,1.00795380023818,-1.11614565610826,0.847093755251003,-0.224917042231505,0.972729615486293,-0.0529630184452679,-0.248427214267001,-0.766242653246628,-1.82893681582406,-0.311448911738403,0.416595266009055,-0.123866703371654,-0.0145922815685933,0.266628834150611,-0.764776404218236,-0.0473125252389447,0.315521560095835,0.154800881525639,-0.135334618968904,-0.237289352755616,-0.549215382468194,-0.950804106768015,0.815684369884636,0.756409012134422,0.198817378408916,0.0926520323464063,10.0,0.0
17520.0,-5.26805322089363,9.06761342731767,-15.9607281345144,10.2966027898053,-4.70824109122294,-3.39537485177836,-11.1610570028797,5.49996263444947,-5.66737554592835,-11.6271935556579,11.0270590938161,-16.3880541668327,0.363921486512734,-17.230202160711,-0.437487559248993,-10.1223919213552,-13.6392089915234,-4.98645725844229,1.12678437819631,1.45587819528,2.00410994522741,0.191058399384387,0.622927669875126,-1.20926355739155,-0.374798862642666,0.64879803679546,1.58469734677224,0.720055870245492,1.0,1.0
33626.0,-0.19657415113596,0.495953262029037,1.13802685371265,-6.68131423898072E-4,0.0159007266848161,-0.458659147133688,1.04305155763971,-0.26380033416194,-0.355006336566226,-0.121465420569148,-0.316222804317629,-1.09350855233071,-1.6468332751525,0.511769113696788,1.61508869121502,-0.735777329528655,0.424362968018225,-0.581400147049113,0.856437017195425,0.170870331782794,0.0246569789750745,0.136002123117788,0.0129589742690117,0.11405567016484,-0.519732827790703,1.08444150334719,-0.132554461741745,-0.102599122993685,67.46,0.0
53552.0,1.21462870006786,0.30265913459579,0.277084253580169,0.643731996505379,-0.191408078026609,-0.60520570069104,0.00233964279577801,-0.0603507410922264,0.0412922651824175,-0.324011112546078,0.141017158309494,0.276477192974421,0.123990746246326,-0.243039985159674,1.35478052850785,0.189851628127187,0.277716526202895,-0.738180101316975,-0.555930432652807,-0.119382997012203,-0.261413072350402,-0.721843293459771,0.160542591049015,0.0316352604251429,0.140801814466086,0.124479169439717,-0.00697534186667366,0.0270956354408802,0.99,0.0
91502.0,0.0073790751145725,2.36518252886777,-2.60028738169342,1.11160176466249,3.2764413263667,-1.7761407852846,2.11453088108345,-0.830084106599812,0.900489974281822,-3.37617706712688,2.05681205985716,-3.9842567303491,1.02196791340796,-5.96790496861639,-1.15160831490592,1.67973960141233,5.58611468683053,2.78913115591619,-2.24107485298106,-0.00638849728163087,-0.563944162060269,-0.902099515410175,-0.404382448597275,-0.0129439005065412,0.589836154947909,-0.734449052212668,-0.447529183217452,-0.362374775122343,1.0,1.0
73931.0,-1.78820548788337,-1.38806715428226,-0.211401133412807,0.976221451069481,0.302769597529827,-0.122842572866386,-0.00270459157818745,0.498809617648972,-1.55233074049565,0.513942180483903,-1.72074322615061,-0.393638791993265,0.25782632284752,0.502951278807946,0.439220774824185,-2.23802893510017,0.632872354584019,1.22552595255147,0.0189294953987605,0.528712457531861,-0.00259771062396867,-0.253128421120416,0.478696949288183,-0.798613566655995,-0.393766171054481,-0.199126051743774,0.327797553228386,-0.0271789060131063,235.98,0.0
1103.0,-0.846193832531308,0.675795149783855,2.86933219248253,1.05360345227766,-1.28046619337715,0.322660156000928,1.43699226251323,-0.630369624742743,0.099638043773721,-0.054900474823506,0.154944260677712,0.577476956161311,1.26863425214834,-1.05655221062163,0.784689563396797,-0.450760767319401,-0.240497393233746,0.072836383633769,0.256099780638109,0.120153951470388,0.102383692684961,0.940753649900483,-0.3625899193678,0.993945858444566,0.248993347457842,-0.23755479243821,-0.326676559179823,-0.403593292704303,213.87,0.0
87255.0,1.09701375302389,-3.14849757223741,-3.59707978507434,-1.21748971706503,-0.416661812633636,-0.817481687903975,1.00987463507488,-0.822815394107761,-2.25987886870287,1.39491002999422,-1.45666511436216,-0.849493972318462,1.13504261615317,0.254899529486222,-0.585946761104675,-1.15786806929242,0.516129972420162,-0.0992351790259435,0.0310789116972282,1.0602597328324,0.501938964432783,0.396512952126829,-0.8309906926287,0.198592700287372,0.528893762471953,0.23076869424103,-0.204865364939823,0.0368057316233556,721.79,0.0
35906.0,-3.51902954497457,4.14086717613266,-3.62820236883577,5.50567203744754,-4.05746250583351,-0.905945282755562,-6.65203112089008,2.63452416520597,-4.67940204045465,-6.54624181523522,3.53820204012168,-8.04228514248667,1.69750938374612,-8.05104890186539,1.07045739646232,-7.39595692479141,-14.3296261567476,-4.86801023649552,2.46384303909831,0.898723234092648,1.58255593340505,0.778710245469243,-0.13570727840987,-0.00427780027496027,0.0327061591060809,0.362014053476722,0.900925137512513,0.554897499272323,9.13,1.0
53011.0,-0.979209815619106,1.54499233519749,1.62520104458657,2.37190554516782,0.0268124673931224,-0.254597673076817,0.312985611764163,0.374127316460712,-1.74805993026743,0.233499498247233,0.141029442378007,0.739110455012503,1.4014348305742,0.304518393091658,0.699624778953329,-0.059258349384983,0.166708297816008,-0.802402653183353,-0.755172998289269,-0.0683073394591104,0.186259032276972,0.377554401712237,0.0192370310906899,0.624775669569463,-0.455144200583962,-0.0715912934385954,-0.102100576245774,0.0815195422710839,5.45,0.0
34538.0,1.19479279995283,-0.123124528279768,0.12968167437012,0.1846203976023,-0.661332275189404,-1.32873783287949,0.229850073644778,-0.305389120911822,0.336278930903842,-0.260892389626495,-0.242816320387606,0.257053856056669,-0.450240958562715,0.254389582868994,0.162065608759958,-0.409176003160281,0.213376233175043,-0.817916838107102,0.232326291614469,-0.0302972254078588,-0.0437435654266816,-0.0943482144726985,-0.0816912011717736,0.813879383475807,0.472422851470964,1.09789257487163,-0.106353846035473,0.00265095052041731,49.5,0.0
62059.0,-1.64440309669641,3.1298519330804,-2.57697682172296,3.41557336328899,-0.448525407316687,-1.24189285626533,-1.9916521878557,1.00266488963021,-2.8090712430123,-4.15369240632128,1.39818511854919,-5.65326970240352,-1.23369413839885,-6.332512814541,0.458714800173025,-1.98360960777769,-4.92916202340023,-1.03848208531443,-0.133819199948815,0.290186829391141,0.417762091477206,-0.648575871519649,-0.318617393380036,-0.680412931832076,0.389868676205949,0.0557502963989842,0.394681955439504,0.298820725838569,6.62,1.0
43369.0,-3.36531852073793,2.42650326490524,-3.75222652688429,0.27601659835291,-2.30587029698066,-1.9615783188747,-3.029283444673,-1.67446174770883,0.183961286375875,-4.98092843827312,3.65788166668826,-6.40982235504524,-1.0873102947816,-8.50943318717532,1.43257178733402,-5.36989001074152,-9.06907940021057,-2.81980659631422,0.874542948076265,-0.0368373256714411,2.07000816413804,-0.512625728150551,-0.248501692422131,0.126549624264963,0.104166256940212,-1.05599732614735,-1.20016496678239,-1.01206584314534,88.0,1.0
110552.0,-2.45036662540267,2.10772866087808,-5.14066303982343,1.41130357398271,-1.69077950338918,-0.736427202926685,-3.65794634761755,1.94490590423047,-0.788387529063343,-5.62467713431414,3.51964234486905,-7.221590004268,1.20172802326675,-3.8114281425371,-1.70142802210083,-3.57140837935336,-7.31140729142311,-1.75435460658485,0.795448867520342,-0.130438203342561,0.800538093373868,0.364616671021501,0.233607611774679,-0.282077578211224,-0.320310972669244,0.49291998915127,0.35997644954193,-0.115471009476069,80.22,1.0
45050.0,-0.570139074611288,0.816626692694308,1.10590824840837,0.418966695794682,0.224293827280954,-0.0186465752128708,0.322305655467417,-0.00225233203878517,0.333885395488696,0.00415916683867443,-1.66340039036845,-0.171781200074138,-0.0183964555328787,-0.364973460607286,-0.209179288311706,-0.522497296073256,0.0121122542026603,-0.039850138199712,1.28312969738911,0.112873065053566,-0.0344715174037526,0.196109044825529,-0.255093964229064,-0.380931121430079,-0.249975570578276,0.46985411467996,0.120893725972193,0.23010289244117,2.99,0.0
41791.0,-7.22273130585545,6.15577293013926,-10.8264598371575,4.1807791786876,-6.12355510135628,-3.11413648152623,-6.89511228298774,5.16151637665229,-2.51647653288733,-6.40337055173194,3.18605794805635,-6.85557098142662,-0.837722614772195,-8.03661487513855,0.956969643768367,-4.55719345408278,-7.65470424350142,-2.58841864362628,0.718555009324824,0.818859416826789,0.91270032192132,-0.630358133073199,0.190886662173033,-0.0612634320139128,0.379774656663009,-0.266845465234688,1.19369457713473,0.257468457389868,99.99,1.0
93355.0,-6.07428309877327,6.1698620275566,-0.516452943783,2.65577200009814,-0.829953068745464,4.64163252147034,-6.37542935430754,-19.7007345403999,1.97045802757419,2.43498327232154,-0.683257890102385,-1.06827154049688,2.10779599790303,1.39960847764281,-2.0803041162105,0.899109595208995,1.30975431831184,0.742679733685921,-2.12522003884516,-4.11421781888454,19.3308299317447,-5.30947645470643,2.9061888736285,-0.494861647857103,-0.837644955747824,0.0496453620144108,0.959046978714175,0.267543285421027,15.21,0.0
41147.0,-5.31417320646342,4.14594361146639,-8.53252245892907,8.34439167363678,-5.71800820787464,-3.04353608094129,-10.9891846672722,3.40412865609659,-6.16723364181153,-11.435623996076,7.67453383416429,-14.2960914258331,0.526938923712363,-15.4450258118019,0.991651201275811,-12.3913460034009,-22.5416517287861,-7.98672065349455,2.99255446334225,1.15001731865814,2.33146580801509,0.862996305559532,-0.614453237551036,0.523647877136623,-0.712593271662611,0.324637964828057,2.24509146635599,0.497320848969724,88.23,1.0
87185.0,1.84511090221425,-0.352027656768616,-0.725858834273553,1.12168604134696,0.0133194384750402,0.315050497552246,-0.343271883028055,-0.0169388110432998,0.751440749272822,0.142216039340575,-1.36675572187552,0.609128495429422,1.46169122788945,-0.269924947197032,0.752221342173063,0.646669955194181,-1.13204218180375,0.481014629141244,-0.524477551434031,0.0615451202147845,0.241016080168541,0.671248630443777,-0.00558172062199863,0.104510180595388,0.0299591804620758,-0.568229847436614,0.0419047309090532,-0.0115817633876137,96.0,0.0
44605.0,-0.569938339524192,0.779293125355182,1.16600554312254,-0.258226844464227,0.782205716572165,1.34588746629233,0.180316411379452,0.748801984569501,-0.471909795019593,-0.49438467745676,2.21820246453563,0.280449095217415,-1.36229795300765,0.150367161102572,1.42784080389852,-0.624726490982533,1.0363418312137,-1.42504468693598,-1.34243954716224,-0.098548032717484,-0.108355437225264,-0.189441546202625,0.113507516327639,-1.10584878765792,-0.550209710052593,0.187625294129873,0.304946609399227,0.0704243703603482,2.28,0.0
4462.0,-2.30334956758553,1.759247460267,-0.359744743330052,2.33024305053917,-0.821628328375422,-0.0757875706194599,0.562319782266954,-0.399146578487216,-0.238253367661746,-1.52541162656194,2.03291215755072,-6.56012429505962,0.0229373234890961,-1.47010153611197,-0.698826068579047,-2.28219382856251,-4.78183085597533,-2.61566494476124,-1.33444106667307,-0.430021867171611,-0.294166317554753,-0.932391057274991,0.172726295799422,-0.0873295379700724,-0.156114264651172,-0.542627889040196,0.0395659889264757,-0.153028796529788,239.93,1.0
49992.0,0.512097667250747,-2.58371543707374,-0.00952256502953122,-0.782281188820414,-1.99425333015702,-0.452770786340426,-0.324239908886958,-0.223999838989464,-1.72464721021434,1.09132229642897,-0.200784347717968,-0.618165342372769,0.177166762002706,-0.267443120476882,0.078259669191693,-1.08737442838804,1.2224901134945,-0.777989425371719,-0.57816044339565,0.580598628322818,-0.0116137758268577,-0.617760911410718,-0.301262111091125,0.409459063350687,0.128029039324202,-0.29390587715533,-0.0438610666179462,0.101940976416818,496.05,0.0
93856.0,-6.75050851563533,5.36741605145469,-10.0546349530569,9.06447791765316,-7.96811808353808,-2.26379841398236,-10.317566180676,4.23766573099145,-5.32410880613734,-11.0923923688428,7.15408284221914,-17.1504052507291,-0.0953992277686904,-11.0301103643432,-1.95905455483077,-12.4485623424367,-22.6679054064789,-9.26460873295655,1.9823563171714,-0.0812198922441237,1.90903201764938,-0.34873973066671,0.425000563135111,0.674908669807175,-0.784208393488163,-0.247422102935353,1.1595813739152,0.197817874685768,209.65,1.0
93853.0,-6.18585747765758,7.10298492227346,-13.0304552638937,8.01082339822486,-7.88523736131971,-3.97454999359808,-12.2296077786617,4.9712317023058,-4.24830701294998,-12.9654812039222,8.68830799242781,-17.1829184301947,0.0695769150313325,-14.1161560074304,0.959031717400206,-12.3753337375636,-18.716764511809,-6.52201457322122,3.51795494036344,0.483930108481186,2.50277241039945,0.481691289576756,0.480957977547458,0.360318638811951,-0.293354295977635,-0.199193157971208,-0.203917328209747,0.398927185850218,44.9,1.0
71528.0,-1.28030395887073,0.750195449462681,2.46469421378221,2.76660510778833,-0.825783809856089,0.749067997723446,-0.892188954559038,1.03187367721249,-0.986619957091206,0.70688328715628,0.303958866659919,-0.872049047509886,-1.65038479086483,0.673065060610469,1.42191343132182,1.06394435252699,-0.352736432831054,1.74524756348032,0.807482163376392,0.309494577176088,0.353993394572085,0.691951851126343,-0.164075290483966,-0.0258773435455242,-0.00619979159281936,0.419160380401398,0.227662458284814,0.029757814664592,45.31,0.0
72028.0,-2.08650720522914,-0.7767306915341,1.31262826000576,0.702470470263056,2.8098027790573,1.11705513018606,-0.238941122306427,0.118158572915446,0.284413199389649,0.696960140781115,1.7331196745005,1.24705214009873,0.131663190771876,-0.398571344771528,-0.0163156892268317,-1.68852661168631,0.552955842780062,-1.89500768907052,-0.887557950479963,-0.575394419482797,-0.163665631428158,0.703994894463598,-0.614540103422396,-1.26628367620983,-0.496126855502732,-0.37239651757053,0.00339845981177613,-0.156640850270348,23.28,0.0
32313.0,-0.457664552981294,-0.0183356988231365,1.81548514684425,-1.6340541818536,-0.408565529907544,-1.01192369598117,0.564192510893087,-0.342017621817976,-1.21909697626441,0.192165227814649,-0.718186396934068,-0.806219927326196,-0.316749796097748,-0.153511226432031,0.451511969901941,-1.10434887015629,-0.374081376915971,1.01052514849883,-1.22751049514988,-0.345729562011506,-0.433647151426215,-0.800557700028641,-1.43638441592681E-4,0.370472615624783,-0.307494034045783,0.733774135810412,-0.167936498491048,-0.123141264151751,38.0,0.0
56887.0,-0.0754834663888726,1.81235458422751,-2.56698081016962,4.12754860722303,-1.62853157024518,-0.805895445766318,-3.39013454458215,1.01935326231828,-2.45125125188341,-3.55583492739064,4.31571103012142,-5.47980167679906,-2.11550315600957,-5.5887855765974,0.280108069299552,-3.50723062361012,-7.45709493793125,-2.32549168188332,-0.440434552920779,0.338598140549314,0.794372451897782,0.270471232297866,-0.143624140755259,0.0135659145316466,0.634203128800614,0.213693187250942,0.773625466697089,0.387434054572014,5.0,1.0
35585.0,-2.01900071938148,1.49126972926361,0.00522181572867197,0.817253270463702,0.973252233873376,-0.639268312778292,-0.974072997078786,-3.14692889107659,-0.00315907368902013,-0.121653217684609,0.0243696057661544,-1.07381224038496,-2.00276910919169,-0.895433620751722,1.74893630108012,-0.103527023620705,2.03119574973193,0.31759835677742,0.38676063692414,-1.02996468249782,2.83959610796444,-1.18544284096841,-0.142811875801854,-0.0861029384113329,-0.329113253522425,0.523601226377288,0.626282771397878,0.152439938058669,0.76,1.0
93853.0,-6.18585747765758,7.10298492227346,-13.0304552638937,8.01082339822486,-7.88523736131971,-3.97454999359808,-12.2296077786617,4.9712317023058,-4.24830701294998,-12.9654812039222,8.68830799242781,-17.1829184301947,0.0695769150313325,-14.1161560074304,0.959031717400206,-12.3753337375636,-18.716764511809,-6.52201457322122,3.51795494036344,0.483930108481186,2.50277241039945,0.481691289576756,0.480957977547458,0.360318638811951,-0.293354295977635,-0.199193157971208,-0.203917328209747,0.398927185850218,44.9,1.0
84789.0,-1.43086372778891,-0.802528699267131,1.12332029999445,0.389760264731692,-0.281213534404278,-0.055123492429819,1.32623248909333,0.195699815379613,-0.546889550453909,-0.71347376073502,1.27462907751277,0.0236821347785728,-1.52169610821701,0.727242085814848,0.166504662441577,0.348037591565135,-0.5663900830288,0.216016101767291,-1.14037564250718,0.634184289933654,0.325575470468413,0.0140018451191784,0.844946015847872,0.114962884542335,0.156364810543393,-0.619437446641754,-0.120351072821334,0.0355941733717493,354.33,1.0
68739.0,-0.46159260291154,0.663307800185864,1.35943890828326,-1.42372341280224,0.147219542042779,-0.686969227076272,0.65883305504784,0.0354690857892869,-0.402329773041248,-0.703291754857223,0.792849995942336,0.157366168154663,-0.735103991855966,0.402656998331272,-0.230145460752742,0.781776457571984,-0.948250888589942,0.266451723585148,-0.200484002768447,-0.146979201735946,0.0161546225754512,-0.0742070744265975,-0.165188655167017,0.0318888798737378,-0.358815942533512,0.750657073857845,0.00282443315048662,0.0990161657304257,1.46,0.0
34634.0,0.333499490680108,1.69987344643198,-2.59656116696059,3.64394526899047,-0.585067615145778,-0.65465853161144,-2.27578851019488,0.675228968561644,-2.04241592376479,-2.83487115980611,2.80200512615164,-4.39273243849001,-1.36967144973756,-5.32728665168661,0.16315896154,-1.35938947657172,-5.09518287931609,-0.338012656200231,-0.124137989024621,0.32934171405761,0.469211944535006,-0.144362651206432,-0.317980934036568,-0.769644309522666,0.807854587509663,0.228164299217237,0.551001873896763,0.305473419992231,18.96,1.0
61456.0,1.36469272368576,-0.496256075707664,0.309791299439556,-0.764795278052294,-0.866436836179467,-0.517506689973845,-0.527130871128608,-0.0892294873243535,-1.13038608396388,0.830015033480738,0.976525293091347,0.661349996452389,0.713973556307471,0.165627276531603,0.189740502163792,-0.944128674450043,-0.447014768142519,1.42858588450657,-0.35139266596857,-0.416983168801732,-0.415936551544061,-0.743743701717132,0.0526345232322831,0.0421475630996487,0.168737079726768,0.949907914239691,-0.0577380716143574,-0.00185236463301529,11.95,0.0
75978.0,-5.14072311805277,3.56875123426923,-5.89624545735196,4.16471993013258,-4.09119263947502,-1.98996029061886,-5.47243601705169,2.42282066166249,-2.90973525837833,-6.28780335064533,3.70431215185119,-7.26754953396678,0.329269938095914,-8.45897495556967,1.35448720090917,-5.9762209822112,-10.5760149147501,-3.52516124688807,1.73797600497073,0.318995199686566,1.13113028151049,0.118021510216711,-0.332704205017834,0.139940733895169,0.324757896441424,-0.180769130367976,0.177810382911191,0.661555355551591,99.9,1.0
50454.0,0.314222804741236,0.575270847674118,0.839595941747096,0.233970123244479,0.147217004210027,0.26325544329571,-0.0342562771349392,-0.896660313854096,0.180982402043059,-0.509937574145861,-1.52087277439569,0.875454245684544,1.53522555735128,-0.481334870925488,-0.623225661838448,-0.139739275283887,-0.337541160030535,-0.375725473308467,0.482628588911511,-0.117747143382858,0.63856102678621,-0.318528526990717,-0.341242730727702,-0.55070937309102,1.0436172673138,0.523579645795915,0.15044929775243,0.206619536051684,1.69,0.0
85905.0,-1.02226332089824,-0.485067171304345,-0.296560360933813,-2.18322908218568,0.103618658363156,4.43931601019766,-1.13797011218767,1.21978570202729,-1.71207324815687,1.28110690794695,-1.07274208964543,-0.940586429938643,0.339112977165064,-0.823433917794701,-0.784499050840626,-1.18135570655475,1.10662147242898,0.411110752959566,1.8006609737613,-0.324160999716986,-0.270181973963042,-0.08851261444056,-0.236615327526258,1.04672364460696,-0.090053292580519,-0.0735027682940334,-0.664917054526129,-0.497328328426089,142.55,0.0
108015.0,-1.26740783046119,1.00377919903149,0.299324973853905,-0.0780008106419111,0.457319415738559,0.463463536023807,1.33282216021305,0.198061118735274,0.646329584976357,-1.45265839838222,-0.626433959344299,-2.1896083656668,2.58967143289414,1.68558273934721,-0.925861448555255,0.723483783648859,-0.318037173248988,-0.0702430790447785,-0.930302054441357,-0.274286654096238,-0.502598229661646,-1.40058173967409,0.352136784327114,-0.132928786701937,-0.189562835798216,-1.32123168329622,-0.0477795937798456,0.0260993178555503,192.72,0.0
110087.0,1.93494645561548,0.650677737498259,-0.286957048622899,3.98782809057201,0.316051835129206,-0.0994493763543019,-0.0214831582313935,-0.172327298889228,0.508730034701461,1.07295520625891,-0.427567391481657,-2.777649223895,1.63714014878874,1.5710801214626,-1.44536681818908,0.908649625166723,-0.122016068028642,-0.104109917156777,-1.6840216339214,-0.344452123814994,-0.173601631022283,-0.190973581696087,0.219975571293889,-0.216596550704603,-0.136691885594352,-0.129953649978571,-0.0500768352982461,-0.0510818960798855,1.0,1.0
25198.0,-15.9036352020113,10.3939171427504,-19.1336024646827,6.18596883540498,-12.5380209157442,-4.02703044708406,-13.8978265981985,10.6622517826007,-2.84495398482036,-9.66878891236125,7.39441941053863,-11.6356300484755,1.42327692545531,-8.64045910049478,-0.674719538892936,-7.69556878829619,-13.6841395944616,-4.77740603940726,1.26834277321029,1.50156541071894,1.57754822493456,-1.28013712313136,-0.601294526869194,0.0404039214626868,0.99550197117886,-0.273742711729157,1.688135896398,0.527830799573719,99.99,1.0
27163.0,-23.9141008948243,13.7659421584186,-25.7337337663194,6.2909179135006,-17.7848236618953,-4.57249762015164,-17.3907644695894,15.7941361803271,-3.81983218698836,-8.44226241787632,5.02011249777419,-7.0464278465108,0.692785249374773,-7.07689932873899,-0.0465348409616521,-6.20823797273981,-12.5320624040465,-4.82885763250639,0.978636193358608,1.64003733516462,1.77339928248294,-1.74842552125898,-1.09310448820022,0.147807442391992,1.66379235724108,-0.221024471156944,1.45807561131952,0.43031504868091,99.99,1.0
77747.0,-2.87746080968532,-1.59508563593889,0.358613109914876,0.131930137430195,0.612132552934696,-1.75910693168831,0.593569372890178,0.450999491941756,-0.900137953628158,-0.708745979956698,1.10311742036212,0.518740123762674,-0.936464860317833,1.17082541890728,-0.437983157277917,0.524234533471151,-0.438879298088305,-0.0457711068046116,-0.330980377067454,1.0288717553051,0.107478302831493,-1.08687456767672,0.677543416710416,0.482071759901783,-0.19570709426811,-0.0815701691163022,0.0836511207487136,-0.199890888752933,269.85,0.0
25254.0,-17.2751911945397,10.8196653713117,-20.3638859739149,6.04661174671427,-13.4650333517322,-4.16664724489873,-14.4094479851747,11.5807967244857,-4.07385571204177,-9.15336803834587,6.21088301172371,-8.77857203246194,-0.0613674966661798,-9.57466229922106,0.0492885399107771,-7.41848727872681,-14.1027718764864,-5.01642333521081,1.39031436050276,1.54497046707519,1.7298040916597,-1.20809608165502,-0.726839224163999,0.112539673508366,1.11919347248491,-0.233188990129274,1.68406299250578,0.503739738280361,99.99,1.0
58060.0,-2.63059770314604,5.12575923008793,-6.09225454651378,5.52739306209755,1.60514485494011,-2.31988352953118,-3.20707570564086,-1.48258321071708,-5.07487063178104,-6.77833138248069,5.72525459149638,-6.94917182528041,-3.12779501198771,-11.090424813263,-0.800272569362332,-1.70750085360527,-1.68547301699574,0.274890838662414,-2.02888535240153,0.948863770149954,-0.527474204141788,0.220546094514546,-1.37110989476897,-0.504898994517705,0.382306792598482,0.395527722278956,0.782035950782542,0.62852786395406,1.0,1.0
3728.0,1.0852642117378,-0.769764967546967,0.541471481052567,-0.403655329743365,-0.923199021927576,-0.454656965256914,-0.46516439888033,-0.223549276121407,0.357740520297547,0.102163657464453,1.138086192251,-2.49760587825841,2.69097268760266,1.17107595252363,0.253362104892066,0.893349328645909,1.18327136447417,-1.83168519762299,-0.00553993794013925,0.34594806382107,-0.119935646472807,-0.475266349140759,0.0378841796187979,0.0302407874593505,0.109624295402189,-0.508979801608069,-0.0220780036095311,0.0402020288010379,154.83,0.0
40086.0,1.08369268125484,1.17950120574809,-1.34615039129229,1.99882440095464,0.818034176163642,-0.771419407716543,0.230307373480955,0.0936831311994367,-0.167594341704434,-1.95980925751416,2.80433477984687,0.312424168769405,-0.595976467281167,-4.66257695501824,-0.299515020029103,1.00141391934549,3.90282478361756,1.61960922680862,-0.888087464222472,-0.0601585380014646,-0.311999618117422,-0.639699711353317,-0.120249014807271,-0.180217694458199,0.609282565276013,-0.339524442352566,0.0967012906089022,0.114971915513805,1.0,1.0
43494.0,-1.27813773524814,0.716241580332591,-1.14327922918382,0.217804800631468,-1.29389046969973,-1.16895152511977,-2.56418198278833,0.204532467641239,-1.61115462297744,-1.25028553742691,3.36736102310858,-4.58309584545642,-0.806939683730076,-5.20830522179452,0.525823682164556,-1.81591431259746,-5.24911146794949,-2.19669120679566,2.10905264474381,0.817203155491914,0.490182667533974,0.470427403079725,-0.126261344339209,-0.126644458784455,-0.661907559467122,-0.349792996571914,0.454851068382725,0.137843477172283,24.9,1.0
121691.0,-0.877692381195541,1.46138199461101,-0.504330449622356,-0.898930616753875,0.252970539803236,-0.589572102706044,0.553497624747122,0.371431934109815,-0.00369505588932261,0.254298664696321,0.265822449962251,0.884326064662597,0.149610603671519,0.402380432717606,-1.0773684932957,0.309836673807535,-0.694930653833977,-0.108580689360148,0.32390223602163,0.111845854779193,-0.244433429069291,-0.592241927084576,0.101575000789989,-0.507045359411418,-0.332146265083682,0.14992232689051,0.198125550599268,0.140560702284737,10.74,0.0
61477.0,-2.07794567187808,1.56564092870585,0.696101662539782,-1.54284299984394,-0.990900470395146,-1.11594952502051,-0.0186469851631006,0.536595111437962,1.42405430457393,1.44331988056553,0.981349431372749,-0.74891829957129,-3.14189558753431,0.420827994522756,0.22395465872674,0.847194818436171,-0.684099624863398,0.344220462198824,-0.70800020778408,0.539494045714312,-0.270686203561921,-0.481708221622962,0.0948251922527279,0.469539315675362,-0.108602958363309,0.703015067297751,0.473498577473244,0.18517054536673,1.54,0.0
56164.0,-1.39246690683794,-0.868286954875604,2.41921510165907,0.758392641954779,-0.190085229900315,-0.30327607532106,-0.0676704015487953,-0.0119730727784586,-1.40593354836908,0.855319901366378,-0.081788453643962,-0.314071708369386,0.514527797007396,-0.243736291414983,1.7654300856083,-2.02340092277819,0.348757604870204,1.31247291274309,-0.732910295609615,0.45389987359842,-0.0677164499852518,0.0913422624419889,0.318904088869535,0.344613974651024,0.205723894866046,-0.124548009319891,0.147945306329617,-0.0367614654039046,158.0,0.0
100501.0,-6.9852674861123,5.15109356872598,-4.59933777342036,4.53447860064768,0.849053978611719,-0.210701203278644,-4.42522968507474,-5.13452515572624,0.0693205728889109,-0.870997150804889,5.20081516878268,-7.80222778971281,0.0339124179895287,-7.56013197197136,-1.01465193469311,-1.50792960088674,-3.41027456780471,0.107544007359072,-1.37551765637273,-1.24699631854492,5.45367185347674,-2.05617714358307,-0.280333720590026,0.120771472511766,0.569357720918146,0.145971466001576,0.300193469284684,1.77936385243205,0.76,1.0
59385.0,-7.62692409246447,-6.97642000754641,-2.07791115073952,3.41675415987856,4.45875840248762,-5.08040779918275,-6.57894786782983,1.76034141396682,-0.599508728352202,-4.00174208524931,2.61176184321338,-2.21069105518154,0.145323220628924,-5.28167813117348,-1.44622731547596,-2.34217826208892,-4.44208205885268,-0.812202197039381,0.254771833248553,2.87526030369363,1.22479498325958,-0.656639147267532,-0.330810728527997,-0.0789460153087798,0.270305924800976,0.431119110160139,0.821381426988655,-1.05608777393768,18.98,1.0
85181.0,-3.00345942213401,2.09615030972986,-0.487030347865578,3.06945315960973,-1.77432868427117,0.251804209642436,-4.32877649482139,-2.42547814428288,-0.985222033510513,-3.99521073403213,1.8806015528528,-2.32517912777326,0.636458662971611,-5.41749934539643,-0.262909464785021,-3.81808566437699,-3.70070702592749,-1.99141207812339,0.779950535234061,0.692537380835205,0.163966694003732,1.24564832133152,-0.269241340185825,0.537102119409512,-0.220756683145222,-0.0595547732936557,0.460709677482052,-0.0335506071081744,2.0,1.0
45541.0,-1.51924353075082,2.30849245367643,-1.50359931953802,2.06410058377601,-1.00084505842829,-1.01689703316417,-2.05973051990126,-0.275166374590629,-1.56220609694371,-2.75579692797163,3.43824825990431,-3.52152936013651,-0.918761288376486,-4.45210024854037,0.499313753853031,-2.90790343439971,-5.24864639527919,-0.936814652613817,1.16012029433585,0.175018552247898,1.30787143187069,0.102825644139183,-0.0177462832428156,0.149695925673219,-0.0966024680642115,-0.369114567720136,-0.0192440931269227,-0.20831909164279,1.0,1.0
65422.0,1.10938685887766,0.299858942809987,-0.2825550672381,1.01964923630293,0.466846277065876,-0.145583606448961,0.482727388048091,-0.0954574294558647,-0.693399680474252,0.182393491344715,1.36828219499796,1.22456378869682,0.645804032815533,0.640921376913513,0.149717301217781,-0.200556372451925,-0.456720275709583,-0.298098089719269,-0.273563025308558,-0.0162126260815111,0.0993392261348407,0.253366870844122,-0.220388469606747,-0.267130039807995,0.790863095798853,-0.255876270328007,-0.00256980052666937,0.0047468352398935,53.9,0.0
70828.0,0.196706751987779,1.18975728641634,0.704882217511495,2.89138777331251,0.0455553693851548,1.24573045976205,-1.19871420021049,-2.42161641083942,-1.23208864617238,0.324238886093679,-1.27393508028395,-0.868686295319925,-1.18194465496857,1.0275841718551,1.68813234484864,0.256215978185418,0.120608339589106,-0.0523460171330233,0.329826631850516,0.646616407050903,-1.32813178943378,0.189310618105111,-0.00552418359572104,-0.814707739467747,0.400924279960331,0.286281378755055,0.135214945600326,0.257314769060283,0.76,1.0
60353.0,-3.97521647515777,0.581573270980264,-1.88037210743636,4.31924127992395,-3.02432976021596,1.24079277107972,-1.90955892631241,0.660717557074542,-2.7526105653686,-3.55038539904852,4.83896418696128,-6.04023537903875,-0.374460483695606,-6.22194535944177,0.958758443736388,-5.07364263456328,-10.441008666182,-3.75552460094433,0.606452965011177,-0.656511434265513,0.578984295739867,1.39731081981072,1.04532195036713,-0.303999869268857,0.00529495925073387,0.235435243641064,0.962014797484666,-0.67355739317081,454.82,1.0
74688.0,-1.18182256507809,0.747699786101994,-0.561271069590917,0.625009157482249,0.570489924613036,0.787652635953429,-0.17904339934432,1.03474071769769,-0.91111383359265,-0.375707429860497,-0.419977602624162,0.388612414835794,0.292309144758232,1.05458592920134,0.681195482403758,0.421052161140435,-0.484913480141213,0.791621033718126,0.943611876434278,-0.249472395166147,0.178444440765947,0.310294215403652,0.0456626006140939,-1.69986292720706,0.0579813369320244,-0.210510415653169,-0.180831756694717,-0.323393343112543,25.1,0.0
94097.0,-1.33516791742282,-0.958287979548534,1.0540400453448,-0.727132191805776,-0.576133856569359,1.32943328135486,1.99827120383617,-0.11545289770264,1.57776562631639,-1.62319317769626,1.14598754359626,-2.14787035072394,1.54146439304358,1.14184709377331,-1.48134048415203,0.518218536994546,-0.529571259884568,1.32078101263236,-0.802095094075716,0.984251925067845,0.37930515475474,0.672791663369344,0.799489619726819,0.186989489931563,0.245058899710155,-0.409445489311245,-0.228084496157894,-0.0581611479047054,498.86,0.0
53658.0,-1.73934096431325,1.34452078912347,-0.534379047474665,3.19529149873811,-0.416196142475576,-1.26196066822182,-2.34099093949748,0.713003645507275,-1.41626499933122,-2.9966693020716,0.747478135782509,-4.59661151187479,-1.92775970193864,-4.75707449850737,-1.2478148188713,-2.53549425081321,-5.35646454386042,-1.97474852459452,-0.603726269220942,0.00274947845372853,0.38318010845642,-0.21395221812466,-0.336639824887574,0.23707630076775,0.246002931555889,-0.044227636498999,0.510729074882634,0.22095159365596,0.0,1.0
82978.0,1.36425428370169,-0.320347322174897,-1.52426474291499,-2.05489097569209,1.91270969979139,2.84243305796039,-0.491217638800673,0.691940472964213,0.990359624935062,-0.878759997314444,0.0619760693807308,0.439512701156112,-0.00881048797530707,0.529700445712497,1.82099258093841,-0.282560938476482,-0.711355536291581,0.519683416300686,0.859093580904015,0.00566919102823164,0.034465128083629,0.102245901881112,-0.193838965818131,1.03068578870674,0.960491101023278,-0.578627317922332,0.0496893929989947,0.0132771953098119,3.03,0.0
76826.0,-6.61629292560656,3.56342789803106,-7.05890129814843,4.28434595524384,-5.09629887292392,-1.76861780360559,-4.93755412732933,2.74845954534783,-3.79675959454545,-6.8254901042394,3.25959475409854,-6.94389061823948,0.43597516308899,-6.94701030902337,1.01100406527995,-6.16683742461485,-10.564346602529,-4.01018815310236,2.14350179519978,-0.54163415582255,1.21597610572025,0.0411777442210425,-1.05909770217904,0.275662062254882,0.057424927985318,-0.265838484019501,-0.514636936427821,0.388590269335523,254.76,1.0
107905.0,2.21143287983824,-0.559575498786205,-1.1792303684234,-0.690917935898197,-0.46087883152408,-1.18054133331991,-0.436533942462936,-0.449363790883053,0.699346271916504,0.498386603736538,0.648735892306098,-2.99352467705501,1.90107452304566,1.4505559866677,-0.405561515070856,0.767825655071472,0.983198886693005,-1.12559784463657,0.0937322123202009,-0.0500495372662179,0.302247295860132,1.10579127280828,0.0770949087975167,1.1486687705548,0.154407745730351,-0.0292115476603846,-0.0697561047961726,-0.0608465548949437,15.0,0.0
43369.0,-3.36531852073793,2.42650326490524,-3.75222652688429,0.27601659835291,-2.30587029698066,-1.9615783188747,-3.029283444673,-1.67446174770883,0.183961286375875,-4.98092843827312,3.65788166668826,-6.40982235504524,-1.0873102947816,-8.50943318717532,1.43257178733402,-5.36989001074152,-9.06907940021057,-2.81980659631422,0.874542948076265,-0.0368373256714411,2.07000816413804,-0.512625728150551,-0.248501692422131,0.126549624264963,0.104166256940212,-1.05599732614735,-1.20016496678239,-1.01206584314534,88.0,1.0
32996.0,-0.631160287663724,0.337275025320732,0.5173894241054,-2.51038949064412,1.22311322368454,1.75536537386473,0.261324408833684,0.616631265296943,0.975208448459879,-1.480962199197,0.920010826524742,0.933251394025752,-0.752606496964185,0.302630502220287,0.675677051849527,-1.35873180347334,0.274601727493202,-1.27481887508136,-0.727032839978743,-0.355155872208025,0.017035449404485,0.174877344016855,-0.163225788031835,-2.20960513732903,-0.0974474252260066,-0.863284726184553,-0.130908885139081,0.0052824188163873,1.0,0.0
69808.0,-0.365258590957261,-0.245872535282418,0.330455630899531,-1.46306986769409,1.74133927075481,3.96491351982434,-0.419080572160283,1.0985925893259,0.552934285601863,-0.807385393479172,-0.800754003627733,0.0896073629981986,-0.151297176721091,-0.470818741648074,-0.425746078585371,0.0925177504467589,-0.377141858864925,0.0299313646240866,0.958207389982592,0.248122046723816,-0.0925638687965637,-0.314779893557763,0.21009833964249,1.06378845247309,-0.780744238505941,0.804389851596197,0.115380684110058,0.17993836634232,72.91,0.0
36829.0,-0.917716556190243,1.08284022088734,1.76716481595845,-0.0722340638760149,0.10866844791624,-0.941623405584201,0.75478862598309,-0.104347801960875,-0.481150853091247,-0.291644317289087,-0.438625693700558,-0.238388600194427,-0.243313266477821,0.1894448359381,0.852543356073426,0.0681770390815129,-0.293806097772626,-0.32038716840915,0.124250406613454,0.0829669207052969,-0.192007358976499,-0.540569493373024,-0.233614953352335,0.381520315279365,0.261168012441487,0.213230921029417,0.132210708489495,0.112544905551842,7.81,0.0
24445.0,1.071064067211,-0.0187229858043785,1.28244035556989,0.887333308330217,-1.0098363890502,-0.754686376536727,-0.389797940029988,-0.220969790277821,1.56361480283613,-0.541029335589666,1.11881037691124,-1.53225336270312,3.04119074200674,1.19458573059511,0.510934465921689,0.482837348339702,0.210014588310385,0.028063999992443,-0.73004157408219,0.0851808685411842,-0.0774829285350263,-0.0513299482248246,0.0394713380476078,0.712062254873486,0.101850591972186,0.321692155163118,-0.0374557673990571,0.0377891539306556,73.61,0.0
26556.0,-19.1798264145873,11.8179219897853,-21.9191735807843,6.0862356342864,-14.7088447898427,-4.30888760741835,-15.3579518065836,12.8571650181242,-3.99986076978115,-8.9286556608751,5.8492930661792,-8.26164983722413,0.153829148314596,-8.82935922766409,0.00887883882572681,-7.0709530089254,-13.6297209427085,-4.9588298158479,1.27209136353211,1.572949614923,1.74680154191934,-1.35314876613352,-0.762965072731218,0.117027851903743,1.29799375563032,-0.224825057048525,1.62105238966989,0.4846144027264,99.99,1.0
59669.0,0.326006629816884,1.28663756547088,-2.00718128715265,2.41967479633278,-1.53290169734535,-1.43280331503216,-2.45952963994058,0.617737791926574,-1.12586103037287,-3.23678401592309,3.5617949640183,-3.91467935228848,-2.12495645598654,-4.45889502952153,0.578201875425492,-2.3433041192933,-5.07145010804216,-0.749172320846648,0.22842274838649,0.222666683155765,0.556894674408544,0.169775528574355,-0.174357059251063,0.308061323046213,0.710996128051644,-0.23102981819073,0.580495233837149,0.30098403791885,6.27,1.0
34521.0,1.08123377540659,0.416413936043849,0.862918740651629,2.52086280678918,-0.00502050005851413,0.563341022808024,-0.123372251574041,0.223121852791809,-0.673597550149872,0.644549730341658,1.1205051770709,1.23777331256672,0.342362114422749,0.0383719793321978,-1.19450308848281,0.0854063439558358,-0.219143226460215,-0.694259215394403,-0.655269928208246,-0.16524877677618,-0.159387123973102,-0.305154013019185,0.0536197364326817,0.0117614442207135,0.375145782072105,-0.106298753298543,0.0210082653765087,0.0105592082435436,1.52,1.0
25426.0,1.12533553530785,1.13014648418496,-0.962975334759173,2.67568785863118,0.990074518469203,-0.243317741184431,0.316192138064781,0.122960131988498,-1.1433427947576,-0.369908966047961,1.83449419801385,-0.491243315415958,-1.12990700459946,-2.23862224442526,0.27846874170613,1.47792560308038,1.77645429510255,1.14928218583042,-1.30699464468423,-0.138813697509247,-0.166736918429935,-0.52193383894905,-0.112376257435029,-0.592076750460089,0.520791314299405,0.0433535805717847,0.0151590212632604,0.0636117222853327,3.76,1.0
110288.0,-0.710237222572919,1.09354607772638,2.42863725089767,-0.244842652596681,0.23641300805735,-0.186467865601855,0.816787539092656,-0.55011752335911,1.78938141256734,-0.547378135080187,0.571376074720929,-2.23692040279013,2.45168460518898,0.774537207873632,0.608453089930127,-0.485960177208117,0.186050253385928,0.278357576076392,0.440770250147854,0.272196658643121,-0.364586217200806,-0.334640522039416,-0.328667750445252,-0.0985152692066874,0.290979818781647,-0.763710104140373,-0.258471513607051,-0.314763505614246,6.95,0.0
79516.0,1.13106651089469,0.21875751859838,0.457257006110809,0.952147783752747,-0.129000804194205,-0.0897784824445692,-0.0535701735568282,0.0905564927785858,-0.225878052457565,0.114474656022014,1.56940348288096,1.05388624489414,0.0481241145045966,0.535506545718002,0.562244069271852,0.0743429722584956,-0.455132320853435,-0.130897002608349,-0.443680438330709,-0.135836970938204,0.031456671917515,0.102703184565319,-0.0112430387140735,0.0153059629710667,0.440300812411988,-0.427848333961001,0.0342057154453693,0.0137637982770077,12.58,0.0
34801.0,0.102612598840494,0.142919822876372,-0.846556372091278,-2.64374780351786,-0.307852057327982,0.276134025100418,-1.26674757106041,-3.38128751666469,-2.24286566611474,1.55311011127122,-0.123588731040982,-0.164723463935773,0.885814624350632,0.0933987663602411,-1.14696525136825,0.101571644751787,-0.23547478243127,0.609190999754463,-0.297512283572217,-1.03765431619072,2.92917724919469,-1.00955153931431,0.142054294569031,-1.07509667232738,0.458960050043228,-0.236819696927932,0.351321611488976,0.293551689898673,15.0,0.0
45463.0,-1.47689343619361,2.12231379246165,-1.22946956041319,1.20184879823143,-0.343264387787516,-1.31770390932283,-1.52814215893659,-0.620953383361586,-1.21304032250238,-2.97526724837752,3.53221960237349,-3.68263987014104,-1.15477748628793,-5.16522922685485,-0.240091425455286,-2.40492728839102,-5.67173864053893,-0.99429395124741,-0.289935891439032,0.276893466308702,1.18603560532412,-0.0402148700651311,-0.238930086824211,0.110144325976026,0.0454183699836296,-0.56923231725429,0.481018701576887,-0.0475554426964208,1.0,1.0
64785.0,-8.7444146436792,-3.4204679837707,-4.85057473189452,6.60684578567387,-2.80054617200457,0.105511583647205,-3.26980129883546,0.940377922978903,-2.55869060182863,-3.62477471396623,5.26786160380362,-5.58369692598496,0.173895592410693,-6.67997675520914,2.08419914311417,-4.3488914455328,-8.76078602293495,-3.40754854415232,1.33293006548133,-1.81831542477292,0.102912553839685,0.311626102287519,-4.12919549979785,0.0346387321763146,-1.13363123097119,0.272265246225774,1.84130726881613,-1.79636258672205,720.38,1.0
86444.0,1.99128255997607,0.232966560376527,-1.51855286048552,1.28630630519606,0.48759155544464,-0.864960442376476,0.565007404731622,-0.301136738473584,-0.128716458838053,0.416781029075435,0.875734500358854,1.2713857669184,0.0703977812170255,0.647782153923838,-1.27364999026231,-0.588723721268388,-0.371698356916975,-0.247171169561968,0.0329961487105828,-0.277408642561739,0.108684301968219,0.5408789853141,-0.00397392796523743,0.0350735775413559,0.433505980849151,-0.513001224704212,-0.0144362447103221,-0.0714163937663723,2.83,0.0
76876.0,-1.29835900258265,1.07967115744319,-0.180677930886891,1.28783908383189,1.85827347944352,-2.22369500209375,0.525166986044906,-0.0968743110676978,-0.168893374133313,-2.544410418956,0.706999574201444,-0.835695915134352,-1.02211731659325,-4.99399178918475,-0.455706843211384,1.31536513941655,3.63919954823548,1.62342609471098,-1.53933883157799,-0.18757199362802,-0.332983053581271,-0.851270427572191,-0.370799798865314,0.29824168728035,0.442929877216587,-0.522832450531743,1.04856507220322E-4,0.135698346061769,1.0,1.0
42014.0,-1.98695127003207,-1.82603719583336,2.09849347448027,0.581047316817254,1.91615718925494,-0.518088012280775,-1.61539779541169,0.821863164090344,0.509441353427978,-0.392565643697724,0.876980863129424,0.299525149301118,-1.73665158380559,0.310785126082249,-0.0821434389671463,0.0643720753271093,-0.267055903332443,0.0281442101056732,-1.38941813017258,0.201185096585156,0.408247619239364,0.603357991531085,0.466355472951006,-0.347134696879258,-0.843728960393686,-0.636322846016135,0.173857294855994,0.229460012378554,5.93,0.0
102625.0,-4.22122078925031,2.87112058054735,-5.8887158872207,6.89095207502484,-3.40489435037622,-1.15439396843915,-7.73992801001653,2.85136330092288,-2.50756869395709,-5.11072764247853,5.35088988417692,-9.29980722738699,2.79314035729228,-6.10655192524523,-2.10694702580884,-6.25062921491661,-13.5663252216994,-4.19278019670633,0.510570181831806,-0.227881506131312,1.62059124560534,1.56794700869044,-0.578007459600926,-0.0590448081819941,-1.82916881940751,-0.0724287202294822,0.136734308772186,-0.599847542493268,7.59,1.0
41720.0,1.03549096541244,-0.493469631672352,0.444623224530196,0.0519595789233845,-0.997226283321248,-1.00736941683631,-0.095208962793477,-0.152146798876355,0.50933612483231,-0.247106234351639,-0.368023471777337,-0.223354841752238,-0.700237338879881,0.328665554761508,1.36040200363833,0.461930714194196,-0.310356894410002,-0.289393828641667,-0.00744889713897009,0.139742444823814,-0.0661463167480841,-0.50900775993848,-0.00562613915788741,0.418700867033006,0.0413011757009268,0.894140958420857,-0.100365528140713,0.029763278064721,130.0,0.0
41313.0,-13.8972058704019,6.34428045616839,-14.2816664432471,5.58100899740718,-12.8871331616131,-3.1461763671985,-15.450467216827,9.06028147442157,-5.48612077680694,-14.6764702497464,5.1483517210937,-10.7495919949504,1.58548896754337,-9.79801207658904,0.733276999106463,-12.675268899047,-20.7406637223494,-8.15366802624724,5.2283417900513,-1.02522792390103,3.05808183846397,0.941180290424241,-0.232710298333368,0.763508019302571,0.0754562386388435,-0.453839571774416,-1.50896825698328,-0.686835738780169,9.99,1.0
37019.0,-3.62405339411255,-0.790503101365816,0.436466189306799,-1.31926667289821,-2.44531719936398,-0.0054163257236616,-0.865606884171102,1.48796712904811,-0.78604201029263,-0.0828162963653271,0.0730722331645683,-0.395260679616656,-0.90307939076702,0.374741153640759,-0.672513314757337,2.21373733010433,0.243189315222212,-0.0807149725762098,0.274707552237778,0.00865481306320261,0.309317989204327,0.727804236146589,-0.510205922538929,0.05762431919452,0.626406483184139,-0.0960491318543406,0.46842539747303,-0.413976364535888,226.5,0.0
32829.0,0.0225009165396877,-0.487874736398268,2.25633871487856,-1.35200302367072,-1.61917789140974,-0.143108112856967,-0.902242916176322,0.0225053408694377,-1.84201311410138,0.992482453752566,-0.830553895156602,-0.361052126203208,1.60507211484094,-1.23359618083101,-0.27394948279941,-0.912856255084521,0.898152428020523,0.172488577548352,0.711185881219954,-0.133633739568825,-0.0974656207972057,0.366102221855883,0.0132871590368461,0.421699559319878,-0.689057301903531,-0.211768780475777,0.2512746884543,0.181934051973858,11.0,0.0
87893.0,1.8500685678203,-0.894178951201765,0.625743816060771,1.52562643574143,-1.0749300082882,1.60228679772549,-1.73768658052194,0.741237381662357,2.41738489480046,0.0312433808206396,-0.874710943801366,0.474380368742791,-1.65771356943224,-0.792126226156121,-2.05776993498684,0.201304969411363,-0.388807049422514,1.04740863660313,0.33282701768354,-0.340330051843768,0.111274659330358,0.77872077082805,0.115581385977913,0.261692271973226,-0.13157104615527,-0.493781531236273,0.116755943637607,-0.0298760488905733,1.0,0.0
73990.0,-2.01265937815158,-0.195137514156132,2.00258939967122,-0.536759317742436,-0.299436244716163,-0.102073225077317,-1.21442116291194,-2.37312595885451,0.437248540163304,-1.48002731605371,-0.179692314934587,1.48460665602638,0.770097870194073,-0.563119125768985,-0.927529156861925,-0.173100585704346,0.349503294822788,-1.29290101372727,-0.937610884162523,0.515302833629728,-1.48063485822081,0.423519328348344,0.985501301267935,0.661671609293726,0.0372457562100733,0.817614048733474,0.332701440087807,9.68557823635613E-4,30.0,0.0
26899.0,-21.8854339051741,12.9305051249875,-24.098871851647,6.20331419234722,-16.4660991227874,-4.45984212550286,-16.519835984614,14.5355647151916,-3.89702188761405,-8.6507583293562,5.3754339072439,-7.56721354069937,0.461807829323489,-7.82789139878016,-0.0228148529460228,-6.57804150255676,-13.0024594617382,-4.88446723880536,1.10435473489394,1.6119982189969,1.76223176917351,-1.57905510076487,-0.951042744820554,0.13456529188962,1.50711039768212,-0.222670856855594,1.52765527810284,0.453698638993223,99.99,1.0
8648.0,-1.02927618440551,0.295549902724921,2.18549137271305,0.867381532866088,1.28857164658729,-0.667581562090632,0.313418124429211,-0.482577683823564,0.933248015231059,-0.344488566347471,1.22095805868784,-2.80547713461701,1.66468909355174,0.734641639329643,1.15031412917227,-0.504926612298742,1.22304043345912,-0.227887528302073,0.480786817941452,0.140575877679853,-0.456996129172784,-0.751362564868196,-0.231853915291104,-0.00901261953235673,-0.168404693787449,0.202767629308402,-0.373322683101421,-0.347008051331392,1.79,0.0
34983.0,-1.93807434104609,1.96241144444968,-0.433377178652745,-1.13543048912005,-0.091262059252716,0.230303389605724,-0.437551770875251,1.46937874317512,-0.373477869430025,-0.563784833587686,-0.842699390439807,1.12266051416809,0.99342811611456,0.646408473488155,-1.0403464922815,0.980098627304562,-0.723446611730529,0.46608111121584,0.638744202309337,0.0554177191642082,-0.179542001182187,-0.60237309433801,-0.143665038741751,-1.35818198942191,0.181337889586074,0.395955727676947,0.135048966021531,0.0874990052583975,1.0,0.0
58822.0,-4.38422089880268,3.26466481012305,-3.07715801666012,3.40359359659281,-1.93807528041028,-1.2210812776781,-3.3103166090276,-1.11197501012863,-1.97759328056305,-3.28820356526528,2.88609147657536,-6.84897793447677,-1.02923459062256,-7.46010298330266,0.0559060176229105,-4.33478342671028,-9.87456039324105,-3.54190332932228,-0.531558760456647,-0.141533268810834,2.07638272101207,-0.990302787008607,-0.330358452316133,0.158377625833497,0.0063514462492984,-0.493860013315231,-1.53765237842389,-0.994022490842227,45.64,1.0
85285.0,-7.03030814445441,3.42199090467553,-9.52507177254752,5.27089100906596,-4.02463027558805,-2.86568161775739,-6.98919473439446,3.79155093755913,-4.62273033596451,-8.40966487562735,6.30904400603177,-8.57676143258937,0.246746716929862,-11.5340460181508,-0.3642651387587,-5.45249465771382,-11.8875700201872,-3.56358481007011,0.876018768156628,0.545698040621445,1.10339774484256,-0.541854751589521,0.0369432219896495,-0.355519004066217,0.353634382097,1.04245799282131,1.35951563156376,-0.272188101257294,0.0,1.0
32809.0,1.21755845294523,0.436370462900401,0.174607146197641,2.20094469403612,0.210521617480391,0.13565099117163,-0.00457520739490954,0.133708839596239,-0.744382038293487,0.92726034274087,0.111932327099856,-0.615815334748504,-1.63835369868726,0.821941580422487,-0.0150279230694047,1.10940596718041,-1.0463521630409,0.68483073490114,-0.391469276886707,-0.230848957816467,-0.0143930314151423,-0.176199283975192,-0.149933385048955,-0.552474762224176,0.590063470008914,0.076581333614786,-0.0330960666519744,-0.00332067609521324,2.24,0.0
76845.0,1.141572041228,1.29119504187036,-1.43290045302393,2.05820222243243,0.940823737515849,-0.958273875563986,0.391154204412105,-0.0925192025989645,-0.0328285936060586,-2.15530254380865,1.0804386160969,0.0444153214634158,0.441176590070526,-5.05382476474338,0.315185256694669,0.821195361600931,4.02736603913411,1.07797898032715,-1.10727585500251,-0.00591257660665234,-0.366507064917023,-0.714464900739845,-0.14391066716844,-0.305177619493244,0.697514060032721,-0.312544722619217,0.106247471401345,0.125059863331359,1.0,1.0
93962.0,1.99512249195722,-0.190732645736591,-0.136524337392021,0.608352203218795,-0.566277510382449,-0.592263502208926,-0.537978686318106,-0.202823226830129,2.25601463918005,-0.384952837428631,0.140569810616137,-1.74993485865405,2.54405018095792,1.17837616416117,-0.285137845033284,0.413982303885236,0.110455977601888,-0.168836331601572,-0.265482349645227,-0.172661233241499,-0.359263013211179,-0.646707566499949,0.395719636786361,-0.161964779314382,-0.593891515438609,0.124583839269078,-0.0491414823108781,-0.0459401963527381,14.94,0.0
59777.0,-8.25711081724667,-4.81446073955621,-5.36530689032661,1.20422986423394,-3.3474200965739,-1.33160147516446,-1.96789279857039,1.29543781710486,-1.67441524280437,-3.42605225253339,0.144562690111297,-4.28352931016896,-0.24089504151477,-3.65749040377527,0.923104767832095,0.844221069436753,-3.94831185243281,-1.8075159915996,0.105878827218844,-1.23398725720348,0.436390207477188,-0.077552722802211,-3.09162435615504,-0.390200885685448,-0.288688941339997,-0.340004217403437,0.0398191045440342,-1.00790031022705,319.2,1.0
114356.0,0.0186915573117941,0.800662757596371,0.173847336028697,-0.786544316619698,0.647280632244883,-0.52450109326716,0.891079780756322,-0.0125875983902999,-0.279455169624626,-0.250091186022087,0.523940814744766,0.722515207333197,-0.0487664487082327,0.300189531326943,-1.02948448816956,0.141907095838765,-0.720930500976546,-0.231410939733671,0.25757349855583,-0.0255962658521779,-0.225080724938857,-0.497739480364013,0.023577926674716,-0.403217353341448,-0.491604055827751,0.146404722534421,0.245974464826857,0.0832083704639766,3.57,0.0
14152.0,-4.71052878230567,8.63621438967976,-15.4962220036783,10.3133493732845,-4.35134098287048,-3.32268873543923,-10.7883728387388,5.06038112024979,-5.68931118776998,-11.7121866242875,11.1524905985837,-16.5581971409376,0.302644522406362,-17.4759212828566,-0.412393267331071,-10.222203169604,-13.7991476446987,-5.00858517858957,1.16202614780693,1.43423977941906,1.9905453513529,0.223785002572736,0.554408428563337,-1.20404159623154,-0.450684594730258,0.641836059375492,1.60595762479265,0.721643614506061,1.0,1.0
100223.0,-19.6418567335974,14.7063346696674,-22.8012376947782,12.1146718424589,-14.898112530969,0.840777704221173,-28.0112929096778,-11.9196388199434,-8.9609216998511,-18.9132433348732,4.971248707036,-12.6863075224956,-1.07144311342478,-7.38337003956967,-2.99243029925503,-8.58230865037102,-13.8065681285297,-6.00035879778826,1.42263161326029,3.83464904792346,-8.22887409813848,3.31817776987025,2.58521234602075,0.195008569338351,-1.19480304002391,0.0384229399473607,-4.12674625203028,-0.645329219040983,2.28,1.0
11042.0,1.26212372348653,0.0028231710597685,0.521793885048534,0.133635555985723,-0.323831489046551,-0.312819747978105,-0.332638436939119,-0.230924676390662,1.58709259491604,-0.569292620310954,0.121142131111998,-1.92625526519291,3.28965699993991,1.16145835670835,0.496580309872518,0.671937532096202,-0.0873127512130632,0.268735227142322,-0.103363184599622,0.079823447399744,-0.0922663033698153,0.0123013700069744,-0.15525817231217,-0.387790149075805,0.3562797983059,1.07576168583063,-0.0861189874951433,0.00432531886932225,39.0,0.0
110127.0,-0.344507111069628,1.07782115400968,-0.99585375672383,-0.967873775177147,1.30847450312027,-0.788362806642319,1.43289596866736,-0.569834412097278,1.63683227011628,0.204065681638351,1.65142437920957,-2.26347336947215,0.479081701023134,1.88624256922826,-1.93013663142288,-0.807471965162702,0.190915356307545,0.211042720095961,-0.0585903066245693,-0.0482326499944511,0.0522583987472572,0.716715629911248,-0.143566487121675,0.67747173889982,-0.332283589736879,-0.0425625176237526,-0.195199050817269,0.0474903200540181,20.0,0.0
121155.0,2.01448280986164,0.0491679162449218,-1.74150778514639,1.21334078984555,0.482370747341111,-0.682360889352901,0.40376550063221,-0.145207555266931,0.24592736216493,0.483607628590816,0.116161504244199,-0.0822051037341247,-2.1460337372024,1.07907297583189,-0.992035050894637,-0.360667178854038,-0.390897301318385,0.168805613292315,0.203347863906782,-0.406277412712632,0.0565377927246629,0.276236172301362,-0.0294410665099055,-0.440940456130996,0.410348615268558,-0.4799619424519,-0.0303518674731333,-0.080141306378385,5.0,0.0
65803.0,1.17802072706002,0.0621298959652555,0.0395418662289133,0.120770940359279,-0.324985680665265,-1.27540981698276,0.459103432961253,-0.380491682720366,-0.201097588393367,-0.189838339192766,-0.00629143025306865,0.713953279322181,0.865255296478499,0.274047985781684,0.768175835695501,0.0864189456402335,-0.247469510545936,-1.09896641282052,0.253797503991936,0.108642008798253,-0.395807849721293,-1.29791454615822,0.143111184999364,0.432055201589898,0.105089813727082,0.612432870518371,-0.107658188818702,0.0166696876498706,70.99,0.0
37167.0,-7.92389070083426,-5.19836019923329,-3.00002392240282,4.42066620155728,2.27219396451756,-3.39448342909715,-5.28343533467969,0.131618922476372,0.658176428693037,-0.794993881662565,3.26606601582438,-2.71918495125522,-0.124103963275087,-5.274865818881,0.638575002552638,-2.99583037811248,-4.69843344927136,-1.71187122467509,3.02526099185501,-2.16981089222224,-0.734307916555449,-0.59992625988411,-4.90830117586834,0.410170234644792,-1.16766024989313,0.520507647303451,1.93742140287106,-1.55259283870249,12.31,1.0
94952.0,0.842025258809961,-0.365518405631879,-2.46406333105633,4.82088596439253,0.775505434320733,-0.614784604613805,1.36802439952459,-0.526261741999926,-0.121356446796038,-0.357616193093852,0.637766685379952,-2.81888227036892,2.36059541417279,-1.10869894034456,-1.44995109474769,1.57373987380152,2.20265154365361,0.800471466568041,-2.10358290329291,0.944915098074741,-0.110621878759425,-1.25780002613606,-0.324418362936717,-0.420020001036393,-0.219501077925226,-0.268872635957687,-0.144582319033867,0.104464060190998,571.48,1.0
76424.0,-0.638837655213196,0.734292087926061,2.72065062318909,0.0207804422879895,-0.23978076913477,-0.722918956021596,0.624373859307349,-0.243907508848764,-0.354006712179119,-0.46232182501919,0.0338940908474524,0.215390642101553,0.659672813181186,-0.355059855739787,1.10342947828884,0.228077893293464,-0.498501820626974,-0.154931295987629,-0.196437234247398,0.161593243539971,-0.0425970919643759,-0.0173190703565334,-0.174338135758086,0.733449523599457,0.0300792221918682,0.195359266304289,-0.132379086438276,-0.141444173792227,14.48,0.0
102489.0,-2.29698749921502,4.06404334190313,-5.95770634516933,4.68000806392241,-2.08093759960382,-1.46327216002463,-4.49084686931735,1.02924628254192,-1.59324925133839,-8.99381088354112,7.86446740028511,-10.6498396512844,1.82659101647783,-12.9136317373077,-0.766330314740752,-7.95409770929125,-7.80963509977466,-1.71851117214548,3.83298514230067,1.26495379665956,1.08908418394041,0.975397809530551,-0.62553033358642,-0.535180928107126,0.247435028956319,0.160399507909509,0.969581605226584,0.335041293733825,104.0,1.0
8415.0,-0.25147096006823,4.31352332575143,-6.89143771650147,6.79679668055103,0.616296505250374,-2.96632654187403,-2.43665252687714,0.489327898838014,-3.37163857159343,-6.81081309938215,7.62008905836908,-10.2852825163315,-0.342444334069655,-11.5434979157865,-1.3349879032835,-2.68928420445067,-3.20438340295762,0.0865218956911394,-1.31449509665307,0.632709963789826,0.536892074447128,-0.546126023729244,-0.605239547613772,-0.263743459593593,1.53991583077868,0.523573696680871,0.891024688365269,0.572740666549584,1.0,1.0
32638.0,1.17866315130513,0.221102095314778,0.623176052906543,0.649663412767051,-0.415958806682417,-0.694814184556605,0.0362825724171761,-0.118776189689332,-0.0585609952609673,-0.128973478759616,0.38386035130215,0.831414501029369,0.744931789555351,0.18850758462076,1.20546830482391,-0.107549821914342,-0.0545256832683149,-1.15816701708878,-0.606441138867977,-0.0865319754226949,-0.197561696387789,-0.532801680984494,0.193081324345317,0.409225676668886,0.115127200836421,0.10147348528121,-0.0103902210760768,0.0214328967995141,9.99,0.0
26909.0,-0.437256253635726,-3.45990299033801,-0.851069643638906,0.173763694466831,-1.71080141852805,-0.0771364773743627,0.748273875978742,-0.216580782445011,-1.07400824592376,0.348818200297137,1.25367476193688,0.464241089829487,-0.542197973463239,0.603250930577468,-0.314975331302256,-1.80023660660964,0.483163742109751,0.847312467670648,-0.891812282539436,1.26301276954842,0.181535289137765,-0.956747296827332,-0.748690044188375,0.310493333715533,-0.0515741822547405,0.997378717279275,-0.230926984363767,0.142009891633502,908.6,0.0
35942.0,-4.19407367570647,4.38289736244467,-5.11836337307965,4.45522984017686,-4.81262068168969,-1.22464470658392,-7.28132786701771,3.33224979453268,-3.6796585127756,-7.52436833681058,2.95434436554049,-7.09982534281257,1.52036890797685,-7.68780276684597,-0.225002021021292,-8.52085016639749,-13.2772997431934,-5.25370461976771,3.62333181402755,0.579098497681141,1.55047296606276,0.614572855219804,0.0285207917962781,0.0137043244720008,-0.149512012856955,-0.131686656095248,0.473934221832509,0.47375748155095,14.46,1.0
117322.0,1.76570752061425,-0.475534484421645,-1.84261521396425,0.390741325446872,1.57307537446182E-5,-0.714711809513433,0.0537893051847191,-0.0406594834129255,1.00502363138824,-0.684228944566568,0.712270075285126,0.107698078512565,-1.67740254788973,-0.933917257219212,-0.579828951877596,0.296922649438338,0.858456781904597,0.734159474993428,0.438021679876644,-0.031209209732555,-0.157154502506683,-0.551458382259311,0.0557469431345211,-0.546553545720493,-0.159926605711928,-0.0899816933306008,-0.0396776854389565,-0.0182267890443128,126.44,0.0
50955.0,-3.57205563365642,2.84616689002086,-1.52729337647279,-1.66496200613651,-1.29159174782968,-0.236684667880838,-1.38535014930617,2.17516044180342,0.0561087517159964,0.0844684547196001,-0.0455228521680427,0.93838974276742,-0.322064266468601,1.45608985790849,-0.0248178882840663,1.13624089538674,-0.114984804019129,0.0518231000449743,-0.546422140103479,-0.288773802410147,0.191820722634766,-0.267697575037056,0.203904440776529,-0.835254368993779,-0.0277305505331503,0.768067819840946,-1.09249641293621,-0.0549626394052034,2.99,0.0
121615.0,1.1282018126257,-2.60798112345669,-0.931230663016799,-0.552346682453602,-1.5432304882379,-0.122004464384939,-0.394816455037895,-0.124844142570786,-0.253344838985008,0.613385761622865,0.800939192522304,0.589106460139934,0.991786438574486,-0.340746951218634,-0.453925275367123,1.61250745002985,-0.281735669971417,-0.816832747696647,0.820803171845654,1.09072034497251,0.356165361733186,-0.124654258220848,-0.15131346428022,-0.310992429991666,-0.64414099108356,-0.501532579039711,-0.0804421962022946,0.0395209572843756,530.71,0.0
67150.0,-1.82429505976067,0.403326526860602,-1.99412200641801,2.75655816357726,-3.13906432572579,0.408185014718199,-1.20904511871624,1.09563435393431,-1.44722489217345,-3.95100289197434,2.56070020158284,-3.4119829114195,-0.781669619949492,-4.7327675351632,-0.433973654922625,-3.30608841178359,-4.23102187544855,-0.750809770409941,2.69080834203374,1.50368830479002,0.838760421033887,0.341727095787049,0.947506491293615,-0.145493002452622,0.0493257725258454,0.831065451615044,0.33242130393302,0.252712728641008,489.71,1.0
53658.0,-1.73934096431325,1.34452078912347,-0.534379047474665,3.19529149873811,-0.416196142475576,-1.26196066822182,-2.34099093949748,0.713003645507275,-1.41626499933122,-2.9966693020716,0.747478135782509,-4.59661151187479,-1.92775970193864,-4.75707449850737,-1.2478148188713,-2.53549425081321,-5.35646454386042,-1.97474852459452,-0.603726269220942,0.00274947845372853,0.38318010845642,-0.21395221812466,-0.336639824887574,0.23707630076775,0.246002931555889,-0.044227636498999,0.510729074882634,0.22095159365596,0.0,1.0
77627.0,-7.13906006793885,2.77308160372497,-6.75784506920828,4.44645597412376,-5.46442818500108,-1.7134014508064,-6.48536540922127,3.40939479860676,-3.05349271362056,-6.26070551479114,2.39416766551329,-6.16353737959229,0.60285052085239,-5.60634642932959,0.206621733749977,-6.52508103976033,-11.4083675448063,-4.69397773642436,2.43127449162965,-0.616949301183343,1.30325030896469,-0.0161181523663711,-0.876669888453567,0.382229800649027,-1.05462388774771,-0.614606036944453,-0.766848111948171,0.409423944116944,106.9,1.0
93860.0,-10.8502815883108,6.72746568826853,-16.760583409542,8.42583167857118,-10.2526968683093,-4.19217104406337,-14.0770860104531,7.16828793346092,-3.68324217370244,-15.2399619587112,8.03070840755191,-16.0603057628826,0.270529742348469,-14.9529810390579,-0.241094883743813,-11.866730636746,-15.4869899240937,-5.74865155747378,4.1300314273319,-0.646818272966729,2.5416369467068,0.135534921100722,-1.02396689219897,0.40626452579196,0.106592778669641,-0.0262323892202069,-1.46463002356247,-0.411681819907858,78.0,1.0
67768.0,1.21443899836303,0.220895196517035,0.302129604806936,0.587632209041651,-0.417102615549788,-0.775303078440298,-0.0976731847525056,0.0108542662566074,-0.0478613993493831,-0.0786591639838487,1.42848317572622,0.293836797879386,-1.0408901821312,0.144041449764501,0.5233112392383,0.731083118002914,-0.189457131056448,0.341955222978476,0.100400735743879,-0.147172232171485,-0.250220426646313,-0.8143154928057,0.131558871775246,0.256776768257117,0.146666154155413,0.0811781481046393,-0.0344552306993255,0.0179222497667574,0.89,0.0
47601.0,-1.38009246315115,1.75411556086053,0.117067681045453,-0.281538927586779,-0.149735296818508,-0.499612345895018,0.336158818735146,0.205777512697632,0.190281827859487,0.610047006491522,-1.08359902322907,0.351075598765423,1.11885147049339,-0.0647139129256124,0.785235346014015,0.482559539108987,-0.674480124238813,-0.223197601318118,0.191850161446006,0.153979704310359,-0.226416226534053,-0.644314310585245,0.165498408613007,-0.46544619017575,-0.284882474337334,0.0180461705649211,-0.165142048982882,0.15817114588913,20.0,0.0
25095.0,1.19239598990768,1.33897371069007,-0.678876186687009,3.1236723071222,0.643244863589275,-1.18432299431215,0.397585526006899,-0.253498538261658,0.41113497684127,-0.859862301810301,1.124059382453,-3.76387384832398,0.367975966769142,-0.971757538368114,-0.0138825132357776,1.45757852763076,2.61145033447876,1.2919552295122,-1.56381522671193,-0.185454650142832,-0.377503243008699,-0.889596747960403,-0.0742075893964193,0.0354455164139561,0.550577974200231,-0.0271712789934873,-0.0249206212266212,0.0736053986634045,3.12,1.0
119123.0,1.91347863995771,0.375181637544803,-0.42150049110832,3.85083958567337,0.50768527397423,0.887901420005819,-0.180526073298589,0.0980276527906866,-0.393725333432381,1.2477839594597,-1.78087958377078,0.418268005004889,0.956172896206335,-0.558326807679092,-1.95303314783664,0.387332891922075,-0.528937540934465,-0.551003251141887,-1.21219170072082,-0.224754773844217,0.0745317591909338,0.525513552143757,0.0709681281695922,0.447800200031068,0.184555880889629,0.119720717057171,0.00163374073051517,-0.0414816900293486,1.51,0.0
74159.0,-1.54878809850026,1.80869795041448,-0.953509033832342,2.21308539346999,-2.01572779170327,-0.913456844516923,-2.35601298316433,1.19716896702387,-1.67837405659509,-3.53865023182429,3.1020899271543,-3.99337305447702,-1.93741062327519,-3.82289410599595,0.830970110708369,-2.47535885382925,-5.21187516766885,-0.413871678166879,0.933262164554872,0.390785963777347,0.855138263312025,0.77474482148342,0.0590371520063436,0.343199807900813,-0.468937928609185,-0.278337986906642,0.625922215184372,0.395573378256676,76.94,1.0
93879.0,-13.0865194204794,7.35214833905529,-18.256576111808,10.6485054461688,-11.7314764509112,-3.65916740569145,-14.8736579646075,8.81047267511276,-5.4182040716445,-13.2025771482197,6.35722736343626,-15.5316111795156,0.659694875353275,-11.4123295951252,-2.44757607431839,-9.83374302098841,-18.1746174349071,-7.269904593126,0.623796611777714,-1.37629840858733,2.7611570593153,-0.266161809571132,-0.412860724865388,0.519952215674181,-0.743908960008006,-0.167808225140728,-2.498300252188,-0.711066151912636,30.31,1.0
120143.0,1.6757934355529,-1.86012682329105,-1.29573421680406,-0.946578881413488,-0.616007250887935,0.576580634077288,-0.675766471745923,0.0983862860298303,-0.0540010293572374,0.688676790682963,-0.117371534743645,-0.00764394786113595,0.11291691422488,-0.30939744766485,-0.999560941001373,1.479531592208,-0.249430544908783,-0.923800098074347,1.51540652932924,0.560130499156814,-0.0723390141635779,-0.814287794302798,0.0878315181407534,-0.324884402362246,-0.458445107108017,-0.590986560025821,-0.0528133870905746,-0.0100238158257383,279.6,0.0
39620.0,-0.384134455228755,1.17962431289951,1.44226940032426,0.137240922073475,-0.050069288341473,-1.14411531060445,0.801894889952356,-0.151759401706983,-0.569515106527969,-0.546304854196586,0.249469654404502,0.555683672648742,1.05513879991024,-0.606011170421456,0.762008342753636,0.241956626526736,0.0700216972075619,-0.363722835087633,-0.222374066197172,0.185644579925268,-0.225683506284398,-0.549095556722819,0.0326411068396442,0.686670721345383,-0.167078448233012,0.0481121510751876,0.249641803077488,0.10450582875679,10.27,0.0
41791.0,-7.22273130585545,6.15577293013926,-10.8264598371575,4.1807791786876,-6.12355510135628,-3.11413648152623,-6.89511228298774,5.16151637665229,-2.51647653288733,-6.40337055173194,3.18605794805635,-6.85557098142662,-0.837722614772195,-8.03661487513855,0.956969643768367,-4.55719345408278,-7.65470424350142,-2.58841864362628,0.718555009324824,0.818859416826789,0.91270032192132,-0.630358133073199,0.190886662173033,-0.0612634320139128,0.379774656663009,-0.266845465234688,1.19369457713473,0.257468457389868,99.99,1.0
21491.0,-0.974738080654612,-0.0448047890468373,1.92749756491014,-0.938338343697944,0.414367825061466,0.702548201928279,-0.089291528796688,-0.062558482962444,2.73506368426859,-1.31779121781111,-0.538106162550793,-2.92308271354334,1.31303609652437,1.00054826506479,1.43491813390649,-0.906838394374315,0.669738435597199,0.796468954184818,1.77268159624806,-0.0345086645092234,-0.241008428466157,0.0612734994878842,-0.10085299661261,-1.37419243144138,0.40941435156523,-0.463534959614825,-0.245810922016241,-0.13407317140511,11.85,0.0
40892.0,-2.14051149219032,4.10487145129475,-8.99685940156949,4.02839095079544,-5.13135934640223,-4.15356844523859,-9.36009513383968,1.92207487977653,-4.02618037499445,-13.6913151328525,9.09528815249629,-14.1681208819376,-0.140455389751523,-17.6206343516773,1.48274041096936,-13.2568330912778,-21.675483501012,-7.82346881553754,2.9951111673215,1.72557761649372,1.85426666080646,-0.165533725878965,-0.339938978813788,0.296313762529247,1.36422533027428,-0.518995630979066,2.35233346525926,1.13062483533989,0.76,1.0
1372.0,-0.96174708451517,1.07403318432515,1.46595282290359,1.11482598593975,-0.00126230836093672,0.375769927056921,0.382776157380295,0.314896836912117,-7.7674390776547E-4,0.504837831161553,0.742312986332445,-0.457154819005895,-2.59838702511921,0.505083981293643,-0.137611930590365,-0.983663298955755,0.485137725293212,0.0687131995632955,1.07257978410601,-9.88474701036871E-4,-0.0665587460587495,0.137917568707866,-0.256307968299714,-0.0208980148842461,0.0170823323332439,-0.263690253254776,-0.345546224689617,-0.358687741791875,6.4,0.0
47175.0,0.702628672076958,-0.652233859913122,0.686110593179111,1.33106179568933,-0.0805859344533774,1.8419814883719,-0.465339282650373,0.571878842728552,0.803516449504644,-0.497747902262355,0.0271146784666934,1.05529623554812,0.07822489203572,-0.259257080512735,0.517590329707855,-1.65616291364789,1.23591420038402,-2.22724864706161,-1.57915557818376,0.0173861427386639,0.166109588099593,0.618483591451384,-0.117029457859988,-0.91512197547529,0.31713235559199,-0.164298879642114,0.104194138300624,0.0383651010991598,153.2,0.0
68207.0,-13.1926709562391,12.785970638298,-9.90665002092758,3.32033688288942,-4.80117593230105,5.76005855618556,-18.7508891580107,-37.3534426378925,-0.391539743919107,-5.05250236713858,4.40680552357904,-4.61075647740608,-1.90948796970811,-9.07271093398351,-0.226074450896345,-6.21155748212485,-6.24814535335983,-3.14924669470095,0.0515761185277783,-3.49304991519446,27.2028391573154,-8.88701714094871,5.30360690376998,-0.639434802306313,0.263203123457008,-0.108876929971315,1.26956635541013,0.939407362758877,1.0,1.0
57041.0,-0.964170178670624,1.30163673330844,1.35363747927572,1.64077169533971,1.52080730184498,1.12747121551928,1.07835277574865,0.0415805570257723,-1.36406300459925,0.630748836536312,0.644904375644425,-0.0704245171686936,-0.284245794159944,0.262043164677759,1.09826457408927,-1.28118516802512,0.744041324079639,-2.41356170264369,-2.34924952454635,-0.236195683187304,0.221949332501969,0.770916815687872,-0.0894829121789286,-0.642522733295625,-0.286127481629308,0.050574682977601,-0.444342658373831,-0.0836786607242872,1.74,0.0
20011.0,-14.7246270119253,7.87515679273047,-21.8723173644566,11.9061699078901,-8.34873369160876,-2.26284641969245,-15.8334427819606,0.0778736741759969,-6.35683349086288,-13.2616517082667,10.0637897462894,-14.3947668016721,0.654888723464231,-14.2483158270781,-0.305360761401071,-8.16163244506225,-12.2809648581754,-4.81858639342974,0.719787682108791,0.996468755724792,-2.36234492751884,1.09955729576975,1.03719942301307,-1.03635934178889,-0.254776514154375,0.642343201018144,2.16112922373151,-1.40128201963858,1.0,1.0
49924.0,1.20100737532429,-0.0370059390281544,0.842594876801772,0.94299162319336,-0.279412218162643,0.803543282940045,-0.635321650162469,0.264231317521461,0.584378140317224,-0.053910151527972,0.00973129929862542,1.23680413627433,0.998879044591577,-0.402336748466309,-0.531078984064259,0.573809572140156,-0.971052991767644,0.708036174512246,0.513314789755159,-0.0403310375311981,-0.0802402068145655,-0.00302160983846952,-0.167854763457351,-0.817098726885785,0.570502473064241,-0.356082299535297,0.0735812856614751,0.0172549247410928,4.99,0.0
102114.0,-28.2550528932108,21.4672029942752,-26.8713387797136,11.7374361361796,-17.9996302850189,6.0659013519233,-41.5067960832574,-38.9872627434095,-13.4340663182301,-24.4031849699728,3.40932261990014,-9.60826735632918,-3.07631796817408,0.240060357919937,-2.83667693195872,-6.594756991638,-12.9575309948449,-5.61352195004329,-0.248828402209821,10.4407179813405,-21.4537362781468,8.36198519168435,4.90911112135878,0.0983279449493119,-1.50873912052995,0.00871129047841733,-5.4078236392388,-0.183811044930697,0.0,1.0
406.0,-2.3122265423263,1.95199201064158,-1.60985073229769,3.9979055875468,-0.522187864667764,-1.42654531920595,-2.53738730624579,1.39165724829804,-2.77008927719433,-2.77227214465915,3.20203320709635,-2.89990738849473,-0.595221881324605,-4.28925378244217,0.389724120274487,-1.14074717980657,-2.83005567450437,-0.0168224681808257,0.416955705037907,0.126910559061474,0.517232370861764,-0.0350493686052974,-0.465211076182388,0.320198198514526,0.0445191674731724,0.177839798284401,0.261145002567677,-0.143275874698919,0.0,1.0
67713.0,-0.832724143684778,-0.435004913218967,2.87556432232125,-1.57234554712284,-1.24886790409157,1.08795745088133,-1.09176634213257,0.83459262197853,0.35038778141585,-0.115585098506558,-0.235868280141335,-1.30804955012767,-3.09478217684193,-0.791939360582746,-2.05165648141303,0.835631801276003,0.749837758393726,-0.769157331911311,0.539437981458563,-0.0247056705219909,0.162495621377919,0.712674282643472,-0.40147636689404,-0.318269814650337,0.39261546556585,-0.0703943949494993,0.340785577234903,0.106516574025693,1.0,0.0
41743.0,-2.14441147422114,1.0734990949761,-2.77366294436956,1.38439373061694,-4.01547712730958,0.747235431622141,1.52563753547227,0.192987836205386,-2.43186196584916,-4.15583783449678,4.35477463025116,-2.87240010922107,0.468875462284219,-4.55566674751092,0.699671492981511,-2.90114077639634,-4.67466711122835,-2.21362325223921,1.29616504982889,0.668123787084126,0.14465327974064,-0.885681640451265,0.625098628062992,0.0965268919194303,-0.189454895625625,0.532908314019749,0.423044721673666,-0.210266310409715,802.52,1.0
59777.0,-8.25711081724667,-4.81446073955621,-5.36530689032661,1.20422986423394,-3.3474200965739,-1.33160147516446,-1.96789279857039,1.29543781710486,-1.67441524280437,-3.42605225253339,0.144562690111297,-4.28352931016896,-0.24089504151477,-3.65749040377527,0.923104767832095,0.844221069436753,-3.94831185243281,-1.8075159915996,0.105878827218844,-1.23398725720348,0.436390207477188,-0.077552722802211,-3.09162435615504,-0.390200885685448,-0.288688941339997,-0.340004217403437,0.0398191045440342,-1.00790031022705,319.2,1.0
93853.0,-6.18585747765758,7.10298492227346,-13.0304552638937,8.01082339822486,-7.88523736131971,-3.97454999359808,-12.2296077786617,4.9712317023058,-4.24830701294998,-12.9654812039222,8.68830799242781,-17.1829184301947,0.0695769150313325,-14.1161560074304,0.959031717400206,-12.3753337375636,-18.716764511809,-6.52201457322122,3.51795494036344,0.483930108481186,2.50277241039945,0.481691289576756,0.480957977547458,0.360318638811951,-0.293354295977635,-0.199193157971208,-0.203917328209747,0.398927185850218,44.9,1.0
37167.0,-7.92389070083426,-5.19836019923329,-3.00002392240282,4.42066620155728,2.27219396451756,-3.39448342909715,-5.28343533467969,0.131618922476372,0.658176428693037,-0.794993881662565,3.26606601582438,-2.71918495125522,-0.124103963275087,-5.274865818881,0.638575002552638,-2.99583037811248,-4.69843344927136,-1.71187122467509,3.02526099185501,-2.16981089222224,-0.734307916555449,-0.59992625988411,-4.90830117586834,0.410170234644792,-1.16766024989313,0.520507647303451,1.93742140287106,-1.55259283870249,12.31,1.0
119826.0,1.97408102679281,-0.0313200694238491,-1.23543432362013,0.362322904755195,0.0522545545603257,-0.508196458615904,-0.229170917020574,0.061783518862401,0.535391450874387,-0.272171824846867,1.23320275922946,0.485472073011395,-0.852842555245327,-0.699877269343364,-0.162970129281949,0.832642410127893,0.299468518394285,0.242828553643625,0.260853364315376,-0.178378835443582,-0.511549227825278,-1.51366807517296,0.547201453146127,0.592388897938952,-0.70119136815496,-0.125105137513742,-0.051098881944175,-0.0241477422064018,9.39,0.0
72327.0,-4.19873460983989,0.194120636801706,-3.91758567828042,3.92074784640417,-1.87548574659158,-2.11893292738694,-3.61444510993627,1.68788446543007,-2.18987113590881,-4.68423332514029,4.37690666362302,-5.00744082816051,-1.30474507803596,-6.19247526385522,1.00240426741391,-3.31693430074553,-6.18883415213498,-1.04041264854272,1.23304434947994,1.0033504305956,0.801312235949018,-0.183000576489906,-0.440386862411508,0.292539411877521,-0.144967421927777,-0.251743981877142,1.24941367428483,-0.131524643545312,238.9,1.0
36966.0,-1.47784028521208,0.0619161523654914,1.55558937649287,-1.69719909596166,-0.336813079887387,-0.830462769511508,-0.352217663785822,0.542404081379401,-1.48249793085418,-0.239142730134051,-0.316725177272221,-0.591791400266482,0.0936973894342679,0.043771628490322,0.480018173843217,1.21107178260752,0.457413258589759,-1.88343706855955,-0.29000755228761,0.26713181836841,0.0327193526828811,-0.32515853695699,-0.0546007004914749,0.048281700504365,0.254741327628431,-0.522189612223823,0.166624682592782,-0.027859067825658,21.68,0.0
113020.0,2.11929881325221,-0.143897129281424,-1.76108205014769,0.0295292091117424,0.449121211540455,-0.480476284403641,0.0521564196609865,-0.154921935274406,0.984515534351026,-0.0702173286082607,-1.50999005195867,-0.570612490077717,-1.06768129387637,0.686521613584029,1.13332294467701,-0.0676911608363883,-0.669701210840692,0.396703341302742,0.00823319056497405,-0.29042965863539,0.211492946952113,0.707355497587234,-0.0486191413717738,0.0146687952273296,0.385904966266744,-0.402864678079287,-0.00221500182779613,-0.0569966854338993,1.0,0.0
72256.0,0.964633201853944,-1.23518065665495,-0.0538732210837555,-0.338503294328142,-1.29016301863586,-0.823816637247347,-0.173381856148487,-0.11757895906717,-0.840851728683375,0.749128162936619,0.857557473688836,-0.164649543930822,-1.6159184186986,0.608267114594351,-0.549242880829326,-1.55528004408726,0.239360081838958,1.27072249147626,-0.302261007246266,-0.200319094697665,-0.283593162278572,-0.778958411824034,-0.146311526044487,0.559330147725563,0.246841425325083,1.04595721384015,-0.120776089348783,0.0208186759167283,204.9,0.0
17838.0,-5.18787810836635,6.96770866359565,-13.510931139095,8.61789514115238,-11.2144223939458,0.6722478387604,-9.46253281088355,5.32870420774381,-4.89700552817542,-11.7868116556041,9.36907905765884,-15.0941631493865,1.25637700700759,-11.8521613037824,0.274429814172421,-10.6882417917386,-18.3888105354245,-6.89884013301839,2.38280793552097,-0.623737291574186,2.08608300107406,0.760190240866359,0.716805785858217,-0.646743429628277,-1.61704292571624,0.172346889503238,0.626646780979254,-0.169726031129409,766.36,1.0
29531.0,-1.06067628419757,2.60857946990866,-2.97167900258071,4.36008935234848,3.73885304346426,-2.72839507263672,1.98761635466291,-0.357344707416169,-2.75753451251209,-2.33593332652232,2.11151686706104,-2.59194964968951,-1.9505893546741,-7.31157981735935,0.0777527657738322,2.29060783198994,6.50927165018434,2.56997142628646,-3.28615008214787,-0.0890615369649179,-0.0631678773494982,-0.207385284031508,-0.183260817119722,-0.103679373403096,0.896178353364318,0.407386872028391,-0.130918311231478,0.192177382137495,0.68,1.0
35953.0,-4.84437152213983,5.64943864783758,-6.73039574613665,5.25284201867297,-4.4095661499774,-1.74076745609347,-6.31169852901067,3.44916731253577,-5.41628435913526,-7.8335555711125,3.6573495649865,-7.7814479532704,1.50772042676786,-8.60475886835984,0.0105926875670707,-6.55397325691037,-12.6243936527694,-4.98990973846596,1.64541389333247,0.284555090358885,1.19488835625662,-0.845752531858704,0.190673885417928,-0.216443252531192,-0.325033100382822,-0.270327592956951,0.210214051535782,0.391854886292055,111.7,1.0
82746.0,1.21487241060553,0.307969625075775,0.278628885051056,0.64298127751791,-0.185160761562376,-0.603602499369191,0.00688125118991253,-0.064238913970223,0.030872046281597,-0.325988092857232,0.152765124678328,0.313114992639154,0.192869623565531,-0.256773923609088,1.34720879876393,0.18660663416342,0.2737765011319,-0.746653387998993,-0.556363655876373,-0.115172395569298,-0.260681520410401,-0.71614803185825,0.159803767026284,0.0335164612831878,0.14316968939337,0.124258956919504,-0.00650605259837868,0.027226191624611,0.89,0.0
119234.0,2.14192040986222,-0.897790852797705,-0.788483038956456,-0.9602893343318,-0.771184210544866,-0.497805772714538,-0.794670895052414,-0.112962161844137,-0.396405330956508,0.897007467969279,0.758228076135088,0.526277448973177,0.889004350947124,-0.319542064954275,-0.73656969606171,1.25473182678358,-0.194412907951853,-0.890310068245464,0.976155218718163,0.0471006260454366,0.246821372263076,0.766797470507808,0.106229338282629,-0.290906549809146,-0.106031879020662,-0.182482422757284,-0.00497928818818041,-0.0619086071341491,21.0,0.0
102625.0,-4.22122078925031,2.87112058054735,-5.8887158872207,6.89095207502484,-3.40489435037622,-1.15439396843915,-7.73992801001653,2.85136330092288,-2.50756869395709,-5.11072764247853,5.35088988417692,-9.29980722738699,2.79314035729228,-6.10655192524523,-2.10694702580884,-6.25062921491661,-13.5663252216994,-4.19278019670633,0.510570181831806,-0.227881506131312,1.62059124560534,1.56794700869044,-0.578007459600926,-0.0590448081819941,-1.82916881940751,-0.0724287202294822,0.136734308772186,-0.599847542493268,7.59,1.0
36595.0,0.972702609687428,-0.0865807514163554,0.616958923572497,1.0580435288652,-0.488848688245913,-0.157863458566449,-0.111253459839242,0.176391130937585,-0.0137246684528783,0.088862065276344,1.59291596888869,0.521312113464226,-1.22304328129602,0.782190138104211,0.74813546845141,0.202331270800901,-0.332441894263445,-0.210395262211474,-0.444187701520672,-0.0837047283765672,-0.152906975057008,-0.688756832148776,0.136949311004767,0.148405894361755,0.0896449761578873,-0.698049514310319,0.0207073345843932,0.0321826664371312,80.1,0.0
117566.0,-0.663380623978278,-0.82365809171591,1.26478050200651,-1.75700566984662,-0.868517704122283,-0.53974037882771,-0.423730098805891,-0.237137107112161,-2.06424567350412,1.21073512599438,-0.911516889128676,-0.859815973533752,1.13812209250608,-0.767731735140278,0.245220557706402,-0.996041878084027,0.803069660511332,0.123304554293205,0.795603758375867,-0.217880092218809,-0.0576462523631656,0.332217780210131,-0.0726542644164645,0.00714858166307252,-0.237937908876791,-0.00705785546865106,-0.123024291786766,0.305306843790112,68.0,0.0
28143.0,-27.1436784229495,15.3658043803315,-28.4074244550982,6.37089534679314,-20.0878775718571,-4.66631306343841,-18.7094788213717,17.9035743750222,-3.72227873753244,-8.12096173759343,4.41994345577668,-6.21094112120869,1.06383739513242,-5.84352838067721,-0.108836449172905,-5.60659732565665,-11.7562556050179,-4.71494676131661,0.783577593799492,1.70388764553958,1.79682638880552,-1.96097371657716,-0.90224745220798,0.144011442167384,2.02438803943008,-0.204214065769385,1.33215305903359,0.385890728011147,99.99,1.0
2109.0,-0.642573526838039,0.951355044126709,1.13579559124531,-2.07760771058269,0.273932785444282,-1.20371882177662,1.1876011795054,-0.392513567665631,0.788436722127194,-0.927561717376146,0.429261621631239,1.15878089758126,1.08306677831996,-0.2165123432113,0.974799388380425,-1.05481472444311,-0.260696383611069,-0.697926648255301,-0.622677249396272,0.206585336319054,0.0963578644125784,0.820139640378076,-0.230828968652741,0.439424497967668,0.0547224198559457,-0.830115751740161,0.369634741527672,0.0492351446637539,1.0,0.0
71814.0,-0.475070901899751,0.919571791261475,1.78166518875615,-0.103786332620993,0.35306255885209,-0.581485948402227,0.891295921899195,-0.188782808131595,-0.761440252955533,-0.413976829947215,1.54581827518683,0.464015220171034,-0.00141283006012234,-0.378905008411866,0.232838318559908,0.461201394118776,-0.317867953269023,0.364378349113147,0.312695690537859,0.111316438904648,-0.19801277394374,-0.512277560556864,-0.122695554831364,0.285474361424861,-0.229085515771956,0.0266413482603998,-0.11573350827702,-0.117929968219907,9.99,0.0
45165.0,1.16075725636218,-0.123077193942123,0.761916690608331,0.410580727190357,-0.528660475757974,0.23057529697754,-0.601159536946146,0.303201192823812,0.30371209550622,0.0734951637837505,1.12452318356905,0.309977865573662,-0.95753457971787,0.477046791236595,1.00598667569101,0.625474498772734,-0.572826071542397,0.156413581276249,-0.262036400840971,-0.166469738212055,-0.0413019441094226,-0.167630974361836,0.0824037499184713,-0.31853244090082,0.0648018160092816,0.249452005352509,-0.00130645889244211,0.00732488998885282,5.99,0.0
64585.0,1.08043336974687,0.962830680816555,-0.27806547765439,2.74331806279958,0.412364075681078,-0.320778352962878,0.0412895489552235,0.176170299597767,-0.966951551053629,-0.194120466505581,2.14005681553663,-0.276308752749667,-1.19130573752489,-1.88027540328199,0.398271956336376,1.36743302249318,1.52266169956075,1.02631748255981,-1.57707047840184,-0.172658644566365,-0.00899617409257402,-0.0570361435998535,-0.0536915092211487,-0.0263732767799466,0.40029973123052,0.0728277709127376,0.0270429343018625,0.0632375727147923,0.0,1.0
63819.0,-2.79432939007948,-0.439195038823551,2.04606105132273,1.49402660796937,-0.728956627490813,1.0963715051123,-1.7259092699226,1.54969341730989,0.792889439466102,-0.638957715857447,-0.684470012878963,1.79152891949259,1.1734127243901,-0.750854097238782,-1.9136966323768,-0.149018848723977,0.282464326197732,1.03020116478944,1.4877528259031,0.430472720151417,0.216280372576299,0.778598306135918,-0.526165454912382,-0.379253081548897,0.672280930777384,0.0600225873750597,0.356631076416882,-0.192505733219937,11.83,0.0
36809.0,0.953972982766204,-0.598073110892949,1.48291872968968,1.34162397019044,-1.11231749375923,1.10828160204108,-1.20458700292781,0.622889742563193,1.22561411094512,-0.0356843408418825,0.370803139288939,0.204114321568621,-1.67404806240292,-0.104022812815658,-0.079419727150519,0.338661605147174,-0.30220173455426,0.713564725772093,-0.388517514736117,-0.14286578681194,0.243951490871099,0.781425546836355,-0.158660522392342,-0.306767934528023,0.328463717426941,-0.141621283705524,0.0884661495520717,0.0314927587260514,61.5,0.0
77156.0,-2.06100547207603,-1.31914215088363,2.0166766086369,2.72325298404877,2.96375000012974,-1.75152637557953,-0.740852139668668,0.0692032446074897,-1.50779446841093,1.01204852487031,1.22432115915111,0.433261112877529,-0.0783713441909706,0.487463052347094,-0.00572343449261332,0.351711577080736,-0.62539808914421,-0.0159040297867996,0.408563063319865,0.731162322436772,-0.173314644158439,-1.2417606228178,0.563574685858238,0.2424351779397,-0.540247080245687,-0.501407045534692,-0.145868031245688,-0.0360504866279498,0.0,0.0
60533.0,1.00711971798342,-0.0182453349897784,0.11975404413986,0.93586772100586,0.399183058888581,1.04701609782171,-0.171006889972416,0.432649004727831,0.156908170638836,-0.150411578806424,0.346417312259349,-0.121161051264096,-1.36057009919936,0.771753531012536,2.15349112616443,-1.15366777393611,0.852491186027643,-1.93300885085218,-1.92138520627685,-0.311024247114467,0.147882686045765,0.50365455971545,0.0214658622332267,-0.98387311671635,0.319837898354102,-0.198260310112842,0.0719000675376551,0.00731206145269728,30.0,0.0
18762.0,0.815057016242138,-1.1955834644944,-0.595538981800211,-0.520689494991524,1.17912986645983,3.88062811876532,-1.03334771935169,0.875669082964253,2.03119522841321,-0.684874597616057,0.607647261353547,-2.35427875904487,1.78461213725672,1.27875789580592,0.174581746805468,0.693227715569264,-0.0150280113105569,0.650352772436814,0.0339592288228632,0.51350971513865,0.0142860978648347,-0.254115855500974,-0.265041207074993,1.04728506572299,0.260911860484167,1.05947333594822,-0.105566808651371,0.0442053849957986,249.3,0.0
21353.0,-0.692230827403195,-0.48639959089501,2.74775073347959,0.306193635326018,-0.965255215433467,1.86911769516438,-0.689968902177981,0.793481220640877,2.71913461133146,-1.41337134159661,1.26206181617837,-1.59425277052981,0.458304612643354,0.433905861474294,-2.93689779312965,-0.502380844858475,1.11540625246371,-0.0348521206121236,-1.05904703911383,-0.0792446179490219,0.170300078001768,0.979363336121053,0.174250728589395,-0.301700853285698,-0.415779413946026,0.395311497328649,0.0583400218771105,0.0347484739960531,119.0,0.0
70536.0,-2.27175453696818,-0.457654560738072,-2.58905463865543,2.23077826688105,-4.27898250263823,0.388610079538804,0.102485457456358,0.813127838070308,-1.0929208385062,-5.03202838566819,3.51034756034463,-2.22739840581069,0.656823927974733,-5.19918574342056,-0.128311029598493,-3.94352099869908,-3.82052232662867,-0.570821093891663,2.78338340771804,2.28575790271371,1.09634200952947,0.658398654570846,1.71167573455248,0.333540036403021,0.538591373646869,-0.193528512332835,0.258194100840055,0.247269213953463,824.83,1.0
64443.0,1.07952397806913,0.872988038728802,-0.303850487243895,2.75536885087579,0.301687623167546,-0.350283737195093,-0.0428479677130716,0.246624608381391,-0.779175595769242,-0.157696445821874,1.92856763203456,-0.935863286411531,-2.43144644518658,-1.63347202401986,0.534336652706283,1.42560550367097,1.59352878606579,1.17846784575361,-1.56869755794851,-0.252115099030468,-0.023254784527163,-0.158600833910515,-0.0388061577093773,-0.0603272546840962,0.358338898397498,0.0769835703935526,0.0189358319830432,0.0605741494833015,0.0,1.0
121492.0,2.08779716586328,-0.11873409327024,-1.52463311999715,0.258800203344676,0.109718395976559,-0.958206010527092,0.0938637586150338,-0.218924008897296,0.822764780640102,0.0538561158682446,-1.02174685392396,-0.586551862202692,-1.45810769821568,0.778863571876802,0.95883576992546,-0.101830644026549,-0.45652901590703,0.177864840412584,-0.190443679005358,-0.314244688991881,0.217782159200138,0.682838098548137,0.0488068477858543,0.726495144344129,0.241339656687259,-0.136513640810118,-0.0346831953025236,-0.0555327601982522,0.99,0.0
118603.0,-6.67721162487866,5.52929920087665,-7.19327456474359,6.08132107951892,-1.63607097105033,0.500609583298219,-4.64077020758754,-4.33983969614375,-0.950036405131991,0.566679814004086,4.3150759158968,-4.93828359985114,-1.10570973729343,-8.49081262174082,1.00362574598099,-1.94912326096651,-3.09301268981888,0.124087074705575,0.886746966076448,-1.11868675540655,5.56330066446813,-1.60827196122017,0.965321595694456,0.16371797930961,0.0475308707267175,0.466164782963216,0.278546743051982,1.47198811731278,105.89,1.0
85285.0,-7.03030814445441,3.42199090467553,-9.52507177254752,5.27089100906596,-4.02463027558805,-2.86568161775739,-6.98919473439446,3.79155093755913,-4.62273033596451,-8.40966487562735,6.30904400603177,-8.57676143258937,0.246746716929862,-11.5340460181508,-0.3642651387587,-5.45249465771382,-11.8875700201872,-3.56358481007011,0.876018768156628,0.545698040621445,1.10339774484256,-0.541854751589521,0.0369432219896495,-0.355519004066217,0.353634382097,1.04245799282131,1.35951563156376,-0.272188101257294,0.0,1.0
62539.0,-0.508524456459442,0.987690328741199,1.65390497527853,-0.154930718226639,0.110258370802743,-0.212882215699263,0.548712654789364,0.185560035558185,-0.728247032101806,-0.196874501695294,1.76616207597635,0.988719794698908,0.26079076861966,0.305340141164348,0.34374686274924,0.0251834119585963,-0.312455610414429,-0.418751831416465,-0.133908130107552,0.0886108316278389,-0.132292285354031,-0.2996787581455,0.010935046905759,0.215288381963919,-0.312570120843706,0.0696450138397131,0.281400922621648,0.110087975047317,0.89,0.0
17838.0,-5.18787810836635,6.96770866359565,-13.510931139095,8.61789514115238,-11.2144223939458,0.6722478387604,-9.46253281088355,5.32870420774381,-4.89700552817542,-11.7868116556041,9.36907905765884,-15.0941631493865,1.25637700700759,-11.8521613037824,0.274429814172421,-10.6882417917386,-18.3888105354245,-6.89884013301839,2.38280793552097,-0.623737291574186,2.08608300107406,0.760190240866359,0.716805785858217,-0.646743429628277,-1.61704292571624,0.172346889503238,0.626646780979254,-0.169726031129409,766.36,1.0
42010.0,1.10107174695794,0.0992792058110304,0.507688487255555,1.49540049751086,-0.394914912441547,-0.384315448819579,0.0555098925265541,-0.00287764727739693,0.373767661456483,-0.113829570978399,-0.364671094165717,0.261570639768848,-0.894845072118929,0.231586083431038,-0.0381888637219305,-0.782907789574263,0.423995732765496,-0.994142803615173,-0.492884889678955,-0.20472822829276,-0.0758462660107157,-0.0642230552500218,-0.0319567919668105,0.389900998644158,0.587654527915501,-0.332263714755377,0.0318475570314789,0.0213028337462067,29.09,0.0
65184.0,-3.7582244207866,3.0373932351662,-0.809188956687074,1.13654763001072,-1.65151612646508,1.57644064951729,-2.23348147733943,3.19880970472355,0.194991538089087,-0.113842121751733,-1.2516518698809,2.48825487189967,1.44542481351275,0.622950392550802,-2.23297671004177,-0.478100333762601,1.3177955237679,-0.125172566708022,1.90971699793749,0.23887941054816,-0.298685644153729,-0.70715266218661,0.031787830446547,-1.32879991532368,0.526737356076297,-0.27292879018068,0.226378707074883,0.0747561264623731,4.16,0.0
50808.0,-9.16978982388629,7.09219680097303,-12.3540368689178,4.24306897383907,-7.1764377547738,-3.38661804868541,-8.05801194656602,6.44290866379074,-2.41298660229065,-6.13490688724113,2.82667122820047,-6.30984277729399,-0.623002385785158,-7.27986921938704,0.924233225976226,-4.21553713481175,-7.17167241498026,-2.55033668458713,0.596364320528384,0.816651661759946,0.926156961108813,-0.817706132334589,-0.150434415715838,-0.039383059739641,0.485639753958673,-0.264324608977439,1.1596904600617,0.232758088392131,99.99,1.0
59552.0,-2.20605732047036,1.24105324240719,0.891369553619299,1.49959095413613,-0.393038326977982,-0.297873394954449,-0.331537603358705,0.876785409918214,-0.90678596824554,0.525990062445647,0.477061419458816,0.300273980776818,-0.492767438748584,0.618252544249714,-0.613740178861397,1.52586839937351,-1.0398675550763,0.785278102900581,-1.47781688016086,-0.786914852326983,0.314083634177443,0.912485322037958,0.307161065803625,0.305128765433371,-0.646267048015101,-0.279310888627068,-0.931673546868062,-0.526703904017177,10.62,0.0
110087.0,1.93494645561548,0.650677737498259,-0.286957048622899,3.98782809057201,0.316051835129206,-0.0994493763543019,-0.0214831582313935,-0.172327298889228,0.508730034701461,1.07295520625891,-0.427567391481657,-2.777649223895,1.63714014878874,1.5710801214626,-1.44536681818908,0.908649625166723,-0.122016068028642,-0.104109917156777,-1.6840216339214,-0.344452123814994,-0.173601631022283,-0.190973581696087,0.219975571293889,-0.216596550704603,-0.136691885594352,-0.129953649978571,-0.0500768352982461,-0.0510818960798855,1.0,1.0
92326.0,-1.33357606898765,-1.46391222866149,1.10193229779824,-1.20209722795011,1.13182928227117,0.495008327584196,-0.802171486363194,-0.00397759510449661,0.509185994607272,0.588116001675729,1.02115851128307,-3.04851168984699,2.48032391043848,0.730071972657183,-0.304718301372036,1.29440455108527,0.302606302971934,0.369204421658791,1.80394540874632,0.609575225425556,0.227617301165816,0.996049375620182,-0.220785075746886,-0.459188488006684,0.0281454946968805,0.0889738734954867,0.0577029250099133,0.139920762860396,117.0,0.0
65853.0,-1.23821221404414,1.74020912776324,1.08674072968386,1.11224000593071,-0.369088839462942,-0.357129528627111,0.312764305664214,0.358434657564067,-0.588816027988809,0.303808984419221,0.0848798089492626,0.637380090246454,0.859328057108119,0.330665121609069,1.42337308766554,-0.624432768409864,0.368479019645955,-0.533384170092756,0.146699546944589,0.159634657574048,0.110158880501731,0.397183079655617,-0.0150291068874317,0.405749150585804,-0.27142885674777,-0.347514639561593,0.157537140992965,0.205387556378687,20.0,0.0
102480.0,-1.92959692675373,4.0664132778545,-4.86518400996861,5.89860229319899,-0.552492585328532,-1.55596245330906,-3.83362344068736,0.679511648528001,-3.46376549143694,-6.68368922880726,7.02127774818005,-11.1024933822497,1.71175507363653,-10.447632938235,-2.79907615915518,-6.26174085045904,-11.6471577741668,-3.45143614190286,-0.507536514254236,0.942488941965831,1.13721164676769,0.674245235425331,-0.531765489027487,-0.433409350510738,0.378658562357166,0.198107291025294,0.869694411928137,0.228047851815119,0.0,1.0
38808.0,-0.484614314587211,0.218408760801921,1.28682224188165,-1.63245000724457,-0.479588436497476,-1.41262579777719,0.815900476034479,-0.302854678908063,-1.62000886447929,-0.0452725989574283,-0.477414424119321,-0.350486344861481,0.0534648929561666,0.123064498242463,-0.0659980754409742,-1.34549579354559,-0.138100003802435,0.714044859848239,-1.48474235342201,-0.433254787677978,-0.294443590053409,-0.533305770928695,0.0397111153041235,0.717816060685359,-0.229074230372799,0.786027443508457,-0.0072968233598075,0.111194253201736,51.0,0.0
107506.0,-2.43117564410233,0.390241501915703,-1.43645055644719,-2.42897302325825,0.743692478341257,5.88849224153972,-7.06531979917159,-9.56403351427504,0.542657871801161,-1.93060516334388,0.183223401046158,-1.51979231952629,1.12501973101854,2.46416174928943,-0.231922925843437,0.236417901337806,0.617482053660331,1.60743104090654,-2.72561962419825,1.17212465021297,-5.5138699103106,0.804441192644886,-3.99055642860989,0.90309796944509,-2.30049226294619,0.957801166443549,0.359177132722904,-0.00171057105165687,514.9,0.0
18088.0,-12.2240206243564,3.85415032971366,-12.4667657248211,9.64831072711484,-2.72696132147655,-4.44561038185083,-21.9228110340575,0.320792273696859,-4.43316165783721,-11.2014000859835,9.32879925655782,-13.1049334662012,0.88848078772943,-10.140200337183,0.713465392614318,-10.0986706554809,-17.5066115481045,-8.06120798966267,1.60687003263877,-2.14718143950284,-1.1598299509044,-1.50411888189644,-19.2543276173719,0.54486672601225,-4.78160552206407,-0.00777228109993075,3.05235768679424,-0.775035651186717,1218.89,1.0
101597.0,0.91311613528992,1.1453810871791,-4.60287793273505,2.09180337375362,-0.473223859280585,-2.0854358325571,-1.67124403232231,0.0943965856348779,0.337798765397573,-4.4318096317282,4.87197985976052,-5.39522117678937,1.33250215621937,-4.60379669207464,-0.77731354811867,-2.57189156103509,-3.00361530529652,-0.225441388417525,0.252273565031692,0.50898474829098,0.40141574109896,-0.0849334160429759,-0.197684434494785,-0.283271078982557,0.387597335722074,-0.553526986386025,0.516274456782261,0.270828187083758,147.87,1.0
26931.0,-22.5616992591298,13.2089042844176,-24.6438187771226,6.23253182330679,-16.905611362323,-4.49743871970001,-16.8101841919321,14.9551067734604,-3.87129682308601,-8.58126551626339,5.25698760960799,-7.39361499215009,0.538800829120431,-7.57755201800709,-0.030725531904052,-6.45478323655342,-12.8456565242928,-4.86591773720169,1.06244185030067,1.62144422472126,1.76598663639159,-1.6355166467436,-0.998316503452087,0.138972227361725,1.55935014018173,-0.22212451669,1.5044246600224,0.445919826109776,99.99,1.0
28242.0,-2.78724793061533,-0.0713403777285035,-1.50528777523306,3.36177713733967,-3.35742166883665,0.565834734346537,0.303653111125521,0.966914484943676,-2.24588195188782,-3.65142656863483,0.987277021963291,-3.83478156926117,-0.961354142524746,-3.18216808481143,-1.1260022842247,-2.95430081252595,-5.84121800175148,-2.91043029785417,-1.15585017273094,1.60739677185147,0.882940442444742,-0.246201930041865,1.75222678458672,0.219924964544368,0.15628169505776,-0.265894317684036,0.220694023253282,0.256076869786525,730.86,1.0
115126.0,1.60512592795764,-1.8797282564491,-0.307162022759096,-0.647109800118222,-0.832038972738546,1.70853353034663,-1.36603998492425,0.558206340860955,0.617562850661256,0.270278857652113,-0.218457030269285,0.318390197154816,0.254511705523786,-0.832756237415528,0.136540489073379,-0.409011797410399,1.68583216844686,-3.52696630069161,-0.671254118214224,0.169930897635689,0.180290131999491,0.523002898320692,0.287866531450558,-1.35308653208952,-0.758663572211244,-0.255054068512859,0.0794539474374764,-0.0247279044513816,181.5,0.0
76345.0,-0.628998305465978,-0.432100717089436,1.81087513153807,-2.64606597640619,-0.363351749970588,-0.0989825963367459,-0.415614085675498,0.182496815671616,-2.72456059930894,0.817941163291952,0.89510490933672,-0.649653683499912,0.101478720922102,-0.200288535732591,-0.392297603812964,-0.261544381495107,0.229344703203268,0.237388149185657,-0.644112086198527,-0.31333421856942,-0.100543971796716,-0.0379809479080033,-0.267169103923427,-0.335224929933199,0.335863906273956,-0.252061130520991,0.0543302803323098,0.0471223809689897,1.0,0.0
118747.0,1.96014891991754,-0.230477767127848,-1.12535404508871,0.450494781475602,-0.181596221037627,-1.11751553116321,0.217609497050676,-0.307884686162616,0.57105426316997,0.0494840691039247,-0.731323723876728,0.331552425649523,-0.173870208683435,0.340276107782311,0.120069691010432,-0.146048999250513,-0.216396945267649,-0.9189273407762,0.0604780183895712,-0.148075542811645,-0.256971366655121,-0.720767883641045,0.307372128203254,-0.0173893859268448,-0.339351639469325,0.196734525104648,-0.0782516457966475,-0.0526259615177087,49.99,0.0
93853.0,-6.18585747765758,7.10298492227346,-13.0304552638937,8.01082339822486,-7.88523736131971,-3.97454999359808,-12.2296077786617,4.9712317023058,-4.24830701294998,-12.9654812039222,8.68830799242781,-17.1829184301947,0.0695769150313325,-14.1161560074304,0.959031717400206,-12.3753337375636,-18.716764511809,-6.52201457322122,3.51795494036344,0.483930108481186,2.50277241039945,0.481691289576756,0.480957977547458,0.360318638811951,-0.293354295977635,-0.199193157971208,-0.203917328209747,0.398927185850218,44.9,1.0
115843.0,-0.878313560109225,0.0645561336723089,0.981360130949161,-0.604049314995691,0.715906583413762,-0.065561451329606,0.739262519195824,0.153725777173119,-0.442068718733797,-0.680923047728252,0.643296227310339,0.434764790396937,-0.42209644072849,0.304397564735543,-0.705604658450873,0.232597355768433,-0.682115428459876,0.281807542345376,-0.0332802703114534,0.207939675583041,0.166039711921582,0.167922525755442,0.0957681624287781,0.705123988243798,-0.0510884351870355,0.17434569965946,0.0187282170387049,0.135180941841748,100.9,0.0
76876.0,-1.29835900258265,1.07967115744319,-0.180677930886891,1.28783908383189,1.85827347944352,-2.22369500209375,0.525166986044906,-0.0968743110676978,-0.168893374133313,-2.544410418956,0.706999574201444,-0.835695915134352,-1.02211731659325,-4.99399178918475,-0.455706843211384,1.31536513941655,3.63919954823548,1.62342609471098,-1.53933883157799,-0.18757199362802,-0.332983053581271,-0.851270427572191,-0.370799798865314,0.29824168728035,0.442929877216587,-0.522832450531743,1.04856507220322E-4,0.135698346061769,1.0,1.0
31072.0,1.21267507582193,0.50190606391293,-0.367135741471998,0.868797602867608,0.00997243115831407,-1.14778648397697,0.270265203058326,-0.15368266920537,-0.0620036131803758,-0.617775952124582,0.486716158604389,-0.317012881951535,-0.941122843252204,-0.805457719049884,1.25402439845257,0.108631943222287,1.25852393593604,-0.317292256468424,-0.799566844897856,-0.171692179545081,-0.0983549303356263,-0.233892137573686,4.68471962523706E-4,0.291125242298658,0.427457694141529,0.380912949578904,-0.0223856742733752,0.0347959533798156,0.76,0.0
61140.0,1.33412539523075,-0.0908351441251159,0.0158707331054923,-0.0725326447966409,-0.348890045600348,-0.650480487383459,-0.144698505805897,-0.0871968725209114,0.490215449931542,-0.0930773129381859,-1.25609231827536,-0.857527176267265,-1.20870767620141,0.450382184936976,1.27664226322993,0.596656017158024,-0.534260002499572,-0.0238022914808714,0.32487160851673,-0.125142270766843,-0.160712338653651,-0.522025871792367,-0.0575982922021182,-0.434891289504301,0.316530951658317,1.00418016285875,-0.0919666300132215,-0.00590421115004097,10.0,0.0
93642.0,1.93026097501766,0.876209827650057,-0.678997191878293,4.00481904324359,0.712333492885003,-0.429857872070541,0.50783246715118,-0.403679885346437,-0.0327977069378306,1.05369723650413,0.00459639007620047,-1.96403591263567,2.92409400029877,1.54490113076623,-1.88210963757228,0.508586209618213,-0.0028070431338183,-0.686104327563282,-1.56030032192913,-0.245438692465713,-0.275063091830764,-0.466318254388187,0.22528554629135,-0.0316600962821337,-0.0194539200006399,-0.222258322869128,-0.0701348727426373,-0.0528944628705709,14.14,0.0
53271.0,1.14758799682759,0.148476118072189,0.2232816675819,1.1428321398855,-0.170405976112352,-0.254443129732293,0.0341956513866227,0.113213054315204,0.0629618966930387,0.108296034921711,1.22554317818893,0.397150509112356,-1.73992799595813,0.78192845262877,-0.274779159695111,-0.506009072425124,0.0886224045089383,-0.271959681489485,-0.21068090909143,-0.293054683154728,0.0401243166321696,0.215655402719815,-0.0877684489649831,0.201106871529738,0.666935927389401,-0.2716217816085,0.0145816730722407,-0.00153155387414508,0.76,0.0
8808.0,-4.61721720415581,1.69569365346656,-3.11437220079491,4.32819855298178,-1.87325699086527,-0.989908135538263,-4.57726462658038,0.4722161584519,0.472016953377646,-5.57602263642415,4.80232276125089,-10.833164469314,0.104303875698575,-9.40542306160986,-0.80747786866047,-7.55234220350747,-9.8025617903912,-4.12062883466552,1.74050729036196,-0.0390459343384186,0.481829697240067,0.146023056445948,0.117038527549065,-0.21756459883966,-0.138776043706563,-0.424452881068275,-1.00204142597227,0.890780287970655,1.1,1.0
3746.0,-1.84371753514963,-1.54748452413208,0.677809432357218,-2.95719558292414,3.74881331212203,2.12370346267997,-1.31458352160821,0.954961156021399,-0.0720104656256844,-0.638978115053879,0.659618729095617,-3.37192282029903,1.62634154828912,1.27461607344407,-0.847394834180239,2.02936345368634,-0.1150291895082,-0.841304510018869,-0.710647731973559,0.483555256578246,-0.114014314965508,-1.01286977405932,0.118880962411028,0.885743639674477,0.587884233816855,-0.747109057216188,-0.090823712492044,0.0743529714392897,15.96,0.0
8461.0,1.15170011149208,-0.0119320169987585,1.1705281906858,1.13488939474779,-0.70780827769076,-0.00269067219276482,-0.506229978775662,0.00253498219159722,2.14161305183478,-0.752777135123339,0.594903990087636,-1.36195976846769,2.1114181572563,0.864435891249312,-1.47767576927063,-0.930954514204398,1.35022083237725,-1.00428622519052,-0.326022097305229,-0.182625478427028,-0.243019720693059,-0.0342435050130241,0.0169807894753756,0.427332209964337,0.397987085997744,0.497480357883862,-0.00902732070651733,0.00688783050635757,0.01,0.0
79540.0,-0.114360703589856,1.03612940153875,1.98440526119199,3.12824327369048,-0.740343559582751,1.54861869623,-1.70128395465886,-2.20384174839674,-1.24226477538834,0.269561809170344,1.29341829662131,0.933215784460268,-0.135325960632637,0.521483689902165,0.386884188055331,0.0598689535627266,0.306339379229928,0.265051988857439,0.223718288348024,0.732852498432027,-1.03293465200213,1.19642831010463,-0.112856718234204,0.254718993156121,0.69666788609654,0.482370416673402,0.129969314476127,0.223924333790406,0.2,1.0
53255.0,-1.99508430120066,-1.65814211815159,1.31514856695342,-0.498607223014443,1.88121170952736,-2.70725445722953,-0.611569645654866,0.105211958914449,0.0703421041418301,-0.61114248612754,-0.93221762755768,-1.46228644009458,-2.87423903842021,0.87191837706045,0.748929617244413,0.252150183272576,-0.192062488418766,-0.136733581325108,-0.292801857185642,0.34531856954003,0.100851407133007,-0.590937285556498,0.181445503168484,0.365413470838648,0.505228885137398,0.979832023531821,-0.25450784990592,-0.0133667332001728,20.86,0.0
68509.0,-0.362965486684375,0.466234412550012,1.4797415175573,-1.06529771251099,-0.0208913219392878,-0.515729992701579,0.392539446529754,0.106653516673161,-0.312167497878386,-0.577664481981158,0.864046394255045,0.329935674348117,-0.373917869397406,0.22527432057019,-0.057028427564533,0.926042174991676,-0.985243610296042,0.321283685332992,-0.180562339769833,-0.064443936563234,-0.0130200485161191,-0.198262241249665,-0.0418190464280341,0.0347426261139457,-0.346126042158161,0.70606334133808,-0.0583499554240531,0.0147614817953068,16.0,0.0
75033.0,-0.430330205681344,0.985632693552081,0.645789437298841,0.317131047127407,0.616332206255463,-1.34746245720975,1.0782335690849,-0.161518267508932,-0.492855874580938,-1.03963769713185,-0.39560772252726,-0.664683930228673,-0.985700496668287,-0.660967626671015,0.344105202877093,0.530852433867815,0.278141865207384,0.355529916892446,-1.08122326117298,-0.115281935429531,-0.0163780179250957,-0.207609058231514,-0.164119225784612,0.255280162145255,0.454797817761532,-0.505032215885219,-0.0394559687978208,-0.00635758223393408,30.14,1.0
11635.0,0.919136507326981,4.19963266902077,-7.53560659365729,7.42694037455047,1.11821533001319,-2.88672235145027,-1.34103599607144,0.363933268353337,-2.20322443100109,-4.13784019622865,4.57011280759332,-7.62916958856017,1.73391746350254,-9.44037499459843,-0.0233533498971062,-1.23395828198259,1.63200885764087,1.3157345644727,-0.287188855297045,0.535434663150233,0.316093599204254,0.0551792270194195,0.21069215028398,-0.417917881438145,-0.91118827562932,0.466523924588163,0.627393270472548,0.157851282541588,1.0,1.0
11629.0,-3.89119195123086,7.09891625215749,-11.4264670967961,8.60755678650129,-2.06570621026229,-2.98528802203595,-8.13858941693861,2.97392807853452,-6.27279046836547,-13.1934150665232,11.6197234753825,-17.6316063138707,-0.355194389515515,-18.8220867423816,-1.2831290856146,-10.0310966568698,-15.2270075099256,-5.32200898058982,-0.501750653452579,1.38261899967275,1.75708522742867,-0.18970915318715,-0.508629244173448,-1.18930816877394,1.18853649934791,0.605241885913626,1.8815287524148,0.875260407222375,1.0,1.0
12597.0,-2.58961719821269,7.01671438495857,-13.7054072869097,10.3432280604117,-2.95446103475574,-3.05511578527804,-9.3012886151434,3.34957336071614,-5.65421202641103,-11.853866972601,11.6692047358121,-17.2286622386187,0.0555715664836118,-18.4937733551053,-0.304172113519045,-10.6294973901353,-14.4412111342765,-5.10548646597228,1.2702262705049,1.48885519236896,1.88773772551451,0.333998184533223,0.28765904061745,-1.18640640906644,-0.690272670076388,0.631703772210546,1.93422076005943,0.789687172212655,1.0,1.0
62467.0,-5.34466537543542,-0.285760408166142,-3.83561578178611,5.33704802681048,-7.60990870021268,3.8746680317393,1.28962992438915,0.201741916806601,-3.00353243733788,-3.9905513318108,4.98601380361468,-6.11638322304304,0.0423244061770454,-6.04339314434942,1.82140103177852,-4.7454624675489,-10.0756455907271,-3.6045960155148,1.43529381015392,-1.56216235780532,0.276010822180054,1.34204455689584,-1.01657869464831,-0.0713612973880671,-0.335869334726878,0.441044176004645,1.52061262049821,-1.11593680318009,1402.16,1.0
28242.0,-2.78724793061533,-0.0713403777285035,-1.50528777523306,3.36177713733967,-3.35742166883665,0.565834734346537,0.303653111125521,0.966914484943676,-2.24588195188782,-3.65142656863483,0.987277021963291,-3.83478156926117,-0.961354142524746,-3.18216808481143,-1.1260022842247,-2.95430081252595,-5.84121800175148,-2.91043029785417,-1.15585017273094,1.60739677185147,0.882940442444742,-0.246201930041865,1.75222678458672,0.219924964544368,0.15628169505776,-0.265894317684036,0.220694023253282,0.256076869786525,730.86,1.0
77240.0,1.23867271258434,-0.569451421844185,0.143424762822241,-0.650661488609957,-0.857255451916072,-0.421187122656474,-0.729261910556796,0.160398463832918,-0.844596701727396,0.371070031331545,1.7597771331758,-0.722945232460483,-1.44704718120758,-0.587312877720855,0.597808619072813,1.50624641450486,1.07292423896565,-0.935872103568323,0.405852566600224,0.0566257241138224,-0.0638650541505144,-0.450599793264391,0.120378507209829,-0.127795034452972,0.0660629502719574,-0.465803829668142,0.0180240042988306,0.0332060280137426,46.48,0.0
11131.0,-1.42662331260887,4.14198623236944,-9.80410344235714,6.66627300324451,-4.74952679326515,-2.07312900595144,-10.0899311630826,2.79134529885187,-3.2495156171301,-11.4204509744097,10.8530116481991,-15.969207520809,0.546690084634152,-14.690729133641,0.91233739988339,-12.2271892780267,-18.5873662058916,-6.92076186060174,3.16699890688552,1.41067765264616,1.86567876848945,0.407809281593599,0.605809354312964,-0.769348118123441,-1.7463368287861,0.502039516709683,1.9772583297728,0.711606531209485,1.0,1.0
53612.0,1.12965117446715,-0.304281879502278,0.215599845063012,0.716332789834244,-0.41637680280625,-0.16638758275965,-0.108031978582419,0.00473249762309748,0.75863507161218,-0.20958423192683,-1.60144569742502,-0.412066961817974,-1.05075692443468,0.0867933628750339,0.0627577991192785,0.124770248242096,-0.237606439566035,-0.289673328293079,0.52032305663019,-0.00712920434906107,-0.320109402157194,-0.985771217995181,-0.0812309605123486,-0.454620535409286,0.38036134584524,0.228008080368834,-0.0389652334029235,0.0197713385876327,84.98,0.0
77249.0,-0.355946795247358,0.984527509146728,0.639497932253937,0.0291404589018028,-0.236715849726325,-0.641365902508704,0.354191017392698,0.303578151093511,-0.506069863315572,-0.636648414400973,-1.02302565460395,0.0794701016342582,0.460746451657775,0.382717131096135,0.751154080071686,0.472525186192228,-0.467827534956852,-0.00972665632734308,0.0474383494812756,-0.0947035093805248,0.0289363584538364,-0.0944524388112859,0.0667956074266778,-0.105570230983213,-0.338782307858676,0.184323812107437,-0.111151599604727,-0.0271173833324079,35.0,0.0
62341.0,-5.26775974325256,2.50671895922695,-5.29092481764433,4.8861341982102,-3.34318841087649,-1.10008548506579,-5.81050918581537,1.72634335514407,-0.749277159995058,-4.83482799462627,3.54601225001006,-7.75128547808951,-1.19569394502348,-10.0185024459282,0.29639612212368,-7.47716172698803,-9.78580026201852,-4.24397714797126,2.68112678165858,-0.286043269744833,0.764265624858483,0.473261684078133,0.54848172305712,-0.15685005182413,-0.71018694460215,-0.366422677340972,-1.48676592030738,0.677664104601632,1.1,1.0
43494.0,-1.27813773524814,0.716241580332591,-1.14327922918382,0.217804800631468,-1.29389046969973,-1.16895152511977,-2.56418198278833,0.204532467641239,-1.61115462297744,-1.25028553742691,3.36736102310858,-4.58309584545642,-0.806939683730076,-5.20830522179452,0.525823682164556,-1.81591431259746,-5.24911146794949,-2.19669120679566,2.10905264474381,0.817203155491914,0.490182667533974,0.470427403079725,-0.126261344339209,-0.126644458784455,-0.661907559467122,-0.349792996571914,0.454851068382725,0.137843477172283,24.9,1.0
26899.0,-21.8854339051741,12.9305051249875,-24.098871851647,6.20331419234722,-16.4660991227874,-4.45984212550286,-16.519835984614,14.5355647151916,-3.89702188761405,-8.6507583293562,5.3754339072439,-7.56721354069937,0.461807829323489,-7.82789139878016,-0.0228148529460228,-6.57804150255676,-13.0024594617382,-4.88446723880536,1.10435473489394,1.6119982189969,1.76223176917351,-1.57905510076487,-0.951042744820554,0.13456529188962,1.50711039768212,-0.222670856855594,1.52765527810284,0.453698638993223,99.99,1.0
90676.0,-2.40558049004183,3.73823496480673,-2.31784304058402,1.36744244056479,0.39400112765787,1.91993798476143,-3.10694204753682,-10.7644025337266,3.3535248599039,0.369936028027435,0.382172176843061,-2.26293253493218,1.21060458321664,-1.88061870491121,-0.934160416330735,0.235476804417352,3.32156931100987,1.90627082950488,-0.581355690647057,-2.14087382269319,10.0059980130045,-2.45496409501601,1.68495694696092,0.118263083149952,-1.53138011163519,-0.695307571119466,-0.152501562016877,-0.138866256312262,6.99,1.0
8497.0,1.09699608166768,0.771740349758459,1.66412993519969,3.89572360708456,-0.377315140642571,0.177857725048184,-0.412868716387304,0.016289258343052,0.289017098189894,0.777942501596911,0.309236656650135,-2.55684143589004,2.28688814441604,1.29852893588598,-0.255930897425984,1.42933053313291,-0.271552474612687,0.249017061620606,-1.94605301415208,-0.156061427789829,-0.135157643178646,-0.216630206622672,0.0840547981079316,0.294983048220062,0.178040991970486,-0.12098385033442,-7.04000536512412E-4,0.0367165871294424,9.73,0.0
68207.0,-13.1926709562391,12.785970638298,-9.90665002092758,3.32033688288942,-4.80117593230105,5.76005855618556,-18.7508891580107,-37.3534426378925,-0.391539743919107,-5.05250236713858,4.40680552357904,-4.61075647740608,-1.90948796970811,-9.07271093398351,-0.226074450896345,-6.21155748212485,-6.24814535335983,-3.14924669470095,0.0515761185277783,-3.49304991519446,27.2028391573154,-8.88701714094871,5.30360690376998,-0.639434802306313,0.263203123457008,-0.108876929971315,1.26956635541013,0.939407362758877,1.0,1.0
17230.0,-0.469326705102944,1.11145278248281,2.04100272504592,1.73159516277684,0.135146841769907,-0.0936251754891053,0.266155169970928,0.0829882363836626,0.58025540346041,-0.164562674892883,0.500376369958899,-3.0217601822032,0.924213260310925,1.50079377517002,-0.400282644242405,0.706047712602575,0.115114264650572,-0.0467958788933584,-2.54852159198286,-0.358708665630957,0.159387389394564,0.592669568808717,-0.0535961838321624,0.320747502076217,-0.36912075429213,-0.136604684929151,-0.100845186803931,0.03934714768212,3.93,1.0
46128.0,-1.42349855192107,-0.148879548004552,1.15259490391042,0.18068469847431,0.772196612300254,-0.634485191435147,0.199372007638062,0.262285013767862,-0.322053647293391,-0.188635629734533,1.5059034909738,0.0215434601641089,-1.21186493045763,-0.0100477270744234,0.662958773006202,0.380140727845693,0.0727711076942486,0.0935482949919848,-0.0562482652168175,-0.154696757503072,-0.256034740013424,-0.480082029880355,0.929968986067635,-0.086820517466149,-0.0884650066865489,0.115293886389783,0.250902533549546,-0.0256706502566468,3.58,0.0
36122.0,-1.56698295807585,0.0737658879559005,2.39931707251458,0.431354313049905,0.0541124218866133,2.02633838392052,-0.411201396538576,0.697581353120562,1.14047818189864,-0.597155714965276,-0.0724959968835304,1.34243683952098,0.245386684426853,-1.17698451402951,-0.896760122594207,-2.19894612562416,1.78715828417612,-2.78264384075255,-0.863209979078473,-0.282945069573797,-0.144547366488021,0.359666599742055,-0.0840257166319601,-0.54912106646607,-0.491289126806211,0.345686798407393,0.138532618849188,0.20404781991378,60.0,0.0
53856.0,-1.75214913547212,-1.56942213211275,2.20527798010768,0.97847907114582,1.40205096705026,-1.36952286945226,-0.780256352571189,-0.0553273308383603,-1.6451582980678,0.891232505667964,-0.134891639347769,-0.379080349019606,0.1451711886281,0.0986181378685901,1.53820086954603,-2.3559155045763,0.537420831384895,1.07750759644988,-0.512289414709305,0.289149134266167,-0.0540329282117439,-0.0936305326268397,0.190572028328256,0.354969093717487,0.301130028262071,-0.117430630743895,-0.11886818611562,-0.0977714548037942,42.91,0.0
73408.0,-2.86979494599423,1.33566696241079,-1.00953019777159,1.69388472852407,-0.741479894623347,-0.796772696354505,-2.61424187718441,1.06663646767929,-1.13549652218517,-3.9433368210052,2.57283021584331,-2.28866350030302,0.562084177710423,-5.33871420959882,-1.85325189141529,-2.619233053885,-5.23142512742468,-1.23485373672039,0.397308037124058,0.0115572104606548,0.528421372720921,0.228027080989586,-0.749297963439339,-0.0671789627433331,0.215792485177395,-0.453651011768872,0.349191042793996,0.198862268219404,16.48,1.0
102318.0,-1.02063166582361,1.49695912243222,-4.49093711758335,1.83672705849852,0.627318467501556,-2.73556861001066,-1.54627364241291,0.459821576439238,-0.68274140597399,-4.36310219273296,4.28702087961434,-5.40376835689762,1.26026230900043,-3.08774290682652,-1.31748806297981,-3.53705628406879,-3.17202752176385,-0.52988508450368,1.01162645030639,0.443488532055906,0.773630966413973,0.86061818130652,-0.304666447555476,-0.155499583027691,0.41216629075428,-0.220079647308722,0.392337584118175,-0.0200894870934853,22.04,1.0
110547.0,-1.53281036094493,2.23275183861699,-5.92310007493809,3.38670841159996,-0.15344334000728,-1.41974768064009,-3.8785763388613,1.44465586239817,-1.46554214173397,-5.20833459337633,4.54630106888309,-7.76119403219115,1.15954032168956,-5.23161145654992,-0.171642119460071,-4.71982949844975,-4.84799196061678,-1.13432874514983,3.52773827223549,0.520839865969216,0.632504705856676,-0.070837950713368,-0.490291315112446,-0.359983126080465,0.0506775325943162,1.09567132878655,0.471741401676933,-0.106667140739625,0.76,1.0
41233.0,-10.6457996485752,5.9183066586857,-11.6710425949575,8.80736917876038,-7.97550136587277,-3.58680634405361,-13.6167970541448,6.42816934590602,-7.36845129274034,-12.8881582878915,6.85495311388866,-13.2116950297251,1.03561234332246,-13.7789556397675,1.04044835530024,-11.2903278082585,-20.5780220491922,-7.54782411219534,3.11847976563045,-0.0461701790327979,2.57196959291347,0.206809359357246,-1.66780140024191,0.558418754024331,-0.0278978765982558,0.354253781525514,0.273328726801416,-0.152908080809092,0.0,1.0
472.0,-3.0435406239976,-3.15730712090228,1.08846277997285,2.2886436183814,1.35980512966107,-1.06482252298131,0.325574266158614,-0.0677936531906277,-0.270952836226548,-0.838586564582682,-0.414575448285725,-0.503140859566824,0.676501544635863,-1.69202893305906,2.00063483909015,0.666779695901966,0.599717413841732,1.72532100745514,0.283344830149495,2.10233879259444,0.661695924845707,0.435477208966341,1.37596574254306,-0.293803152734021,0.279798031841214,-0.145361714815161,-0.252773122530705,0.0357642251788156,529.0,1.0
43494.0,-1.27813773524814,0.716241580332591,-1.14327922918382,0.217804800631468,-1.29389046969973,-1.16895152511977,-2.56418198278833,0.204532467641239,-1.61115462297744,-1.25028553742691,3.36736102310858,-4.58309584545642,-0.806939683730076,-5.20830522179452,0.525823682164556,-1.81591431259746,-5.24911146794949,-2.19669120679566,2.10905264474381,0.817203155491914,0.490182667533974,0.470427403079725,-0.126261344339209,-0.126644458784455,-0.661907559467122,-0.349792996571914,0.454851068382725,0.137843477172283,24.9,1.0
78725.0,-4.31247908052279,1.88647569827836,-2.33863356144698,-0.475242891532036,-1.18544386151204,-2.1120788975769,-2.12279296550593,0.272565132222544,0.290273064048255,-3.8337413849476,2.50978140392157,-3.61123136485112,-1.02429952994167,-5.29192495475268,1.6498073488757,-3.26265841898301,-4.33311795972043,-1.86304896791862,-0.00953360656837195,-0.718705614884897,0.550540662080627,-0.0678702198276179,-1.11469186343039,0.269069433187685,-0.0205724593187757,-0.963488862263668,-0.918888353795928,0.00145356217673386,60.0,1.0
72945.0,1.24467539210751,0.163376077096091,0.180264974755884,0.31902055799843,0.0105825534645422,-0.176888496545149,-0.00202226554004215,-0.0392116431357905,-0.238378323498144,0.081589952128448,0.832108132512627,1.06145508081662,0.896345480429619,0.286832104808024,0.33701073657283,0.718113330593829,-1.00340030699112,0.162463191448654,0.473483156826365,0.0107929061297942,-0.244317467256083,-0.750282993095725,0.00135013412736603,-0.487206636956147,0.309255552685367,0.12493548112372,-0.0336307811423438,0.00439140892703838,17.99,0.0
59011.0,-2.3269223698887,-3.34843873033788,-3.51340796089061,3.17505971028128,-2.81513703435586,-0.203362788049123,-0.892144430418318,0.333225702638422,-0.8020052289805,-4.35068531246963,3.06424584128211,-2.71873063246571,0.0687877027069899,-5.58687312563725,-0.966076477695954,-2.50204941657576,-4.46049463214891,-0.870525745045081,0.595629103995644,3.20917094389277,1.22664839880046,-0.695902072928095,-1.47849021051453,-0.0615525997443275,0.236155012156618,0.531910616094765,0.302324354380578,0.536375347733134,1389.56,1.0
50808.0,-9.16978982388629,7.09219680097303,-12.3540368689178,4.24306897383907,-7.1764377547738,-3.38661804868541,-8.05801194656602,6.44290866379074,-2.41298660229065,-6.13490688724113,2.82667122820047,-6.30984277729399,-0.623002385785158,-7.27986921938704,0.924233225976226,-4.21553713481175,-7.17167241498026,-2.55033668458713,0.596364320528384,0.816651661759946,0.926156961108813,-0.817706132334589,-0.150434415715838,-0.039383059739641,0.485639753958673,-0.264324608977439,1.1596904600617,0.232758088392131,99.99,1.0
59669.0,0.326006629816884,1.28663756547088,-2.00718128715265,2.41967479633278,-1.53290169734535,-1.43280331503216,-2.45952963994058,0.617737791926574,-1.12586103037287,-3.23678401592309,3.5617949640183,-3.91467935228848,-2.12495645598654,-4.45889502952153,0.578201875425492,-2.3433041192933,-5.07145010804216,-0.749172320846648,0.22842274838649,0.222666683155765,0.556894674408544,0.169775528574355,-0.174357059251063,0.308061323046213,0.710996128051644,-0.23102981819073,0.580495233837149,0.30098403791885,6.27,1.0
41851.0,-19.1397328634111,9.28684735978866,-20.134992104854,7.81867331002574,-15.6522076772063,-1.66834770694329,-21.3404780994803,0.6418997011947,-8.55011032700099,-16.6496281595399,4.81815244707108,-9.44531478308794,1.31705629332341,-7.24346097400378,0.830910291033798,-9.53325705039319,-18.7506411474674,-8.09264877340557,3.32675827497024,0.42720343146936,-2.18269194560955,0.520543072366642,-0.760556415188733,0.662766638397236,-0.948454306235033,0.121795925829793,-3.3818429293561,-1.25652362136258,139.9,1.0
95628.0,-17.5189091261484,12.5721178535385,-19.0385383213549,11.1908946558522,-13.5547207079601,-0.41192361337145,-23.189396512394,-5.30141221815132,-8.63039030596902,-16.2556117491401,5.70211147983179,-13.8124040899594,-0.306815322507812,-7.01360737195925,-1.18229035380557,-9.3601791927531,-16.6683693822389,-7.14746777723207,2.16209864550609,2.52851232971436,-4.96947772242457,0.976124822110751,1.8412479337881,0.334417748210128,-0.720128461316563,-0.232603423065217,-3.02199247294556,-0.478158234859683,1.63,1.0
10279.0,-0.413300057350037,0.83071910588299,1.1965474884431,-0.458942291309023,0.0567898873793316,-1.23701998008577,0.683134775014081,-0.286237428987463,1.05685581486019,-0.826365350755443,0.302159947795456,-3.4402729574224,0.0730003140003514,1.97653981891672,0.117374049169857,-0.0746174335065152,0.646105287806815,-0.0104846298715467,0.141213965114185,-0.183494395734072,-0.159846388822061,-0.328701264311812,-0.101538181162956,0.350639416313096,-0.113206796967737,0.955686413906486,-0.216373440301272,0.0193510965708393,1.23,0.0
93897.0,-10.3008197578448,6.48309458751086,-15.0763627200288,6.55419115286706,-8.88025172157215,-4.47167242014489,-14.900688599735,3.84017023811699,-4.35844142237671,-14.5331616869738,7.58874088021049,-15.8357188077344,0.135035383391472,-11.5670059165135,-0.077026912374336,-11.4674297370042,-19.1729963590355,-6.96985638421183,2.21175583268581,0.113244363257218,1.50874842459643,1.04164209875775,-0.682789602968657,0.573543946252624,-1.6023889741646,-0.393520821299559,-0.468892515546761,0.105920160381125,1.0,1.0
49985.0,-1.55421636788274,1.69422928947167,-0.903333638062708,2.42543608490852,-2.89978748492542,0.133028430446298,-0.286225919411127,0.555944559014401,-1.39491838156524,-2.89261176082088,1.96223597455109,-2.38526266137636,0.458337202321203,-3.72454345377605,1.84397832505056,-2.01392370780293,-2.81560029569659,-1.09229027232613,0.139687230416985,-0.0323343863075664,0.493436338989664,0.733393182273647,0.202349959595007,0.492053700892718,-0.183790909215829,-0.19991711985608,0.395200622125666,0.0276930320930062,360.0,1.0
61531.0,-0.184205590328847,1.28423626631777,-0.498612040308222,0.750054076471678,0.655752369550997,-0.257425511258337,0.557939693914773,0.351171047497707,-0.644113935378363,-0.0640851368737675,-1.20751564897019,-0.0539982328847793,0.188298587046227,0.786868868203871,0.939774033089631,-0.4826799668562,-0.00559822619453657,-0.258174335958036,0.333692073573011,-0.0401926740750011,0.15648063863579,0.555699616016794,0.00674718946541647,-0.751408684266671,-0.645739793213071,-0.332068799933456,0.328985538727176,0.149308558449315,9.03,0.0
29531.0,-1.06067628419757,2.60857946990866,-2.97167900258071,4.36008935234848,3.73885304346426,-2.72839507263672,1.98761635466291,-0.357344707416169,-2.75753451251209,-2.33593332652232,2.11151686706104,-2.59194964968951,-1.9505893546741,-7.31157981735935,0.0777527657738322,2.29060783198994,6.50927165018434,2.56997142628646,-3.28615008214787,-0.0890615369649179,-0.0631678773494982,-0.207385284031508,-0.183260817119722,-0.103679373403096,0.896178353364318,0.407386872028391,-0.130918311231478,0.192177382137495,0.68,1.0
59300.0,1.23868166006151,0.457397410180003,0.322995549478376,1.1078593812632,-0.147882347060193,-0.933149216147316,0.319196838187795,-0.314815113796681,-0.232476467455145,-0.0282295621502971,-0.150817075591986,0.942754031470416,1.41562405475672,0.107888724161713,0.764422507271502,-0.0174313595524572,-0.506655857112237,-0.325307937368592,-0.38166968658183,-0.0461646056702494,0.0459175084885599,0.241119289999046,-0.118927840700194,0.43694609795525,0.734242193823708,-0.333558061417137,0.0223598793157226,0.0240140051601338,7.8,0.0
37425.0,-1.78010572936786,1.61125159160253,0.569264122305758,-0.572271742783058,0.404643392310408,0.142051570117912,0.477075868707047,0.422000363414519,-0.0382973486094871,0.741960024684097,0.362248962200666,-0.790733358452026,-2.25215863102354,0.77392897724025,0.560709624539047,0.0665239543816184,-0.339123768417463,0.237986942938854,0.314008299101454,0.163266062038295,-0.0703039787962908,-0.209801095813488,-0.389634044108815,-0.848240766494575,0.530613256297488,0.432049116207328,-0.264566385254889,-0.0707551193986383,1.05,0.0
46310.0,-1.22066260774848,1.57561177061036,0.691715460660041,-0.166000823317716,-0.213736851682074,-0.277532286793595,0.130765167685199,0.695067354349019,-0.343637654466199,0.0226032761083127,1.48910217434368,0.509765691317378,-0.6020608654963,0.103812521562415,0.512165495195717,0.402352078618491,0.223019262673156,-0.0024428721395771,-0.217967749332105,0.183427315257455,-0.215137282556065,-0.570308372321189,0.0998992607783673,-0.060375617618589,-0.15544274723472,0.0992773616350881,0.348790568784142,0.135323394345247,8.99,0.0
41607.0,-18.2475132286673,8.71325017095966,-17.8801268207974,9.24945923683651,-14.5412125237225,-1.91156359308197,-18.0146601306809,5.52216218981207,-9.28392451240577,-14.5571590528859,4.39243558567834,-10.3800731219167,1.61182090128819,-6.91763950579126,0.158841037400664,-10.3282423879882,-20.2545556896053,-8.53452256380618,3.25653448060821,-0.526368288315335,0.598842606268504,0.615318868165234,-0.486498927270445,0.739268468431111,-0.236844752247958,-0.0460816699541002,-3.01147328474912,-1.02214746628442,53.95,1.0
93853.0,-6.18585747765758,7.10298492227346,-13.0304552638937,8.01082339822486,-7.88523736131971,-3.97454999359808,-12.2296077786617,4.9712317023058,-4.24830701294998,-12.9654812039222,8.68830799242781,-17.1829184301947,0.0695769150313325,-14.1161560074304,0.959031717400206,-12.3753337375636,-18.716764511809,-6.52201457322122,3.51795494036344,0.483930108481186,2.50277241039945,0.481691289576756,0.480957977547458,0.360318638811951,-0.293354295977635,-0.199193157971208,-0.203917328209747,0.398927185850218,44.9,1.0
102671.0,-4.99175779387947,5.2133398229232,-9.11132629809104,8.43198635177602,-3.4355156720863,-1.8275651016855,-7.11430284412379,3.43120663145462,-3.87564287029742,-6.86850850672582,7.15062516950116,-10.2629840447185,2.73308493575221,-10.1275247811671,-0.262783621001749,-5.19027103814098,-8.6557110398096,-2.02444347438745,1.5604792800844,0.0981321924634143,1.18942283937597,0.247858476295777,0.294448330047117,-0.548503502162266,-0.174616566570794,0.406702503092405,-0.40233927269736,-0.882885795448957,0.0,1.0
34634.0,0.333499490680108,1.69987344643198,-2.59656116696059,3.64394526899047,-0.585067615145778,-0.65465853161144,-2.27578851019488,0.675228968561644,-2.04241592376479,-2.83487115980611,2.80200512615164,-4.39273243849001,-1.36967144973756,-5.32728665168661,0.16315896154,-1.35938947657172,-5.09518287931609,-0.338012656200231,-0.124137989024621,0.32934171405761,0.469211944535006,-0.144362651206432,-0.317980934036568,-0.769644309522666,0.807854587509663,0.228164299217237,0.551001873896763,0.305473419992231,18.96,1.0
87918.0,-1.42770039903438,1.40269578437293,0.201632719684298,-2.57980818483021,0.347561267014577,-1.3942861237151,1.07083083222327,0.0243166485836527,0.519304546173151,-0.506948635165961,-0.60358777224854,0.0885318491492381,-0.504655887626454,0.177582659052297,-0.412648468786233,0.175691523982456,-0.604497179925113,-0.933101996418227,-1.00237449982672,0.0923309077019577,-0.319382939225819,-0.788307797716137,0.0121924268843281,1.13536222157525,-0.0412680855286141,0.284116214240607,0.0082529909238258,0.00894041711041745,1.0,0.0
67105.0,-0.729163691922689,0.0703775841105397,0.545346586879834,0.205244574268075,0.41456660774822,-0.481723563303115,1.26163706153035,0.0175028164561596,-0.692539024743879,-0.437862777088462,1.30386598669071,0.587961180191214,-0.682264230757374,0.719924043661814,-0.440104461973309,-0.0367614012153641,-0.567734399833613,-0.0875893928283577,-1.10064023249538,0.162288303907726,0.374658060248695,0.676599842973784,0.512852257699331,0.172168326570411,-0.836401329152233,-0.714406439004989,0.159466637614535,0.238949230036969,173.6,0.0
93853.0,-5.83919161928092,7.1515323543223,-12.8167600806187,7.03111476501099,-9.6512721679897,-2.93842725771624,-11.5432071690832,4.84362653179436,-3.49427572506535,-13.3207888671784,8.46024444901677,-17.003289445516,0.101556614891384,-14.094451660329,0.747030766392512,-12.6616957230679,-18.9124938172188,-6.62697484523061,4.00892074227194,0.0556838813863639,2.46205591127559,1.05486518382957,0.530480596078193,0.472669814042592,-0.275997967880675,0.282435024801752,0.104886020210564,0.254417096767513,316.06,1.0
40881.0,-3.91433659483498,-4.85023293020977,2.12889520638776,2.15674002147455,4.6445966332022,-3.68213435363677,-2.81426053964464,0.207724645312726,0.303834590419006,0.228768547226977,-0.706978086457753,0.228896704149292,-0.201241399745597,-0.0404692627431645,0.465147587170841,-0.923222283099707,0.442516228210257,-0.255641184823031,1.39195732308772,1.60199725409895,0.20767498311583,-0.705914251250862,0.853027991009328,0.396493152448539,0.524547534152496,0.426234341267591,-0.391503745214393,-0.134303316177884,47.51,0.0
32745.0,-2.17913506011513,0.0202179180614602,-2.18273279614299,2.57204626116115,-3.6637331119316,0.0815679330899005,0.268048730691862,0.660437428502318,-2.37402736257173,-3.58281002008802,1.97582106179607,-3.50054226479879,0.170681027067223,-2.73594037401519,1.67025110352247,-4.04629299726117,-5.07947908460579,-2.58685704537203,1.66926055335833,1.95796029993605,1.02642111100453,0.299613501640326,1.65680000734873,0.328432501784239,0.106456827905221,0.691774505774569,0.196778974067123,0.241085157494976,717.15,1.0
18690.0,-15.3988450085358,7.47232389650112,-19.0269123426632,11.165525840514,-6.89385628014845,-2.12093657486019,-14.9133299850456,-0.721214094320184,-7.1750966153358,-14.166794659606,10.2777688628065,-14.9854337328686,0.345179234077653,-14.6663889726541,-0.346352541965346,-8.33324249555463,-12.6025964553952,-4.87668342078337,0.604625910708604,1.11150221461014,-2.44488368228,0.727495341024629,-0.345078151264077,-0.981748551471828,0.995271346300177,0.816761717958274,2.26294237384391,-1.17806316323334,1.0,1.0
114679.0,2.04305363711978,-1.02712617141842,-0.944469247996021,-0.921295044000756,-0.737077376000296,-0.534151548510269,-0.625422679140915,-0.163438925329565,-0.490646903425549,0.87306345479161,0.794732473718087,0.604258241499105,1.01225997233422,-0.282162190108246,-0.801596284430695,1.19618133920448,-0.170427128354096,-0.978774470763599,1.00280779729853,0.163938605454256,0.245741553934496,0.64046900211937,0.0643430230770222,-0.287991139859171,-0.107923270670245,-0.212373492688817,-0.0200622796344304,-0.0538199793196978,75.5,0.0
44168.0,-1.13168921556658,0.999841436921393,2.57106282544098,1.5135122714049,-0.380096567699728,0.654783229997495,-0.114874789761616,-1.57717409243471,0.249166019272945,-0.194205949008554,-0.318773011368497,0.529674592945097,-0.248468148358369,-0.57853352045168,-0.340047369741386,-1.53381470363563,1.06282295660396,-0.789390309852633,0.718034618202548,-0.321442566336105,1.45697061342959,-0.104156240107762,-0.142052174455095,0.623764576018854,0.341820078063037,-0.122225009378255,0.102076932795289,-0.145636037715297,29.9,0.0
48884.0,-2.13905055735992,1.39436766175691,-0.612034894995233,1.04932705568948,-1.1621019076536,-0.768219363115428,-1.99723740081007,0.574996543366778,-0.98083177624058,-2.49561924548174,2.5555891530874,-3.53043627008024,-1.01623381526368,-3.45519657744236,-0.0563633864076254,-2.46773703008032,-7.14032596614864,-1.27128002161365,-0.00172192354163427,0.0254265126136498,0.696954881120808,0.740003045389771,-0.15511524943514,-0.0506074460808317,0.268368293338874,-0.469432841163864,-0.405813768055179,-0.152170846988601,19.73,1.0
94362.0,-26.4577446501446,16.497471901867,-30.1773174564996,8.90415677106517,-17.8925996927224,-1.22790388102871,-31.1973285494605,-11.43892041491,-9.46257260540015,-22.1870885620007,4.41999660154863,-10.5923050053728,-0.703795803703315,-3.92620731586873,-2.40024649210124,-6.80988994039049,-12.4623149481086,-5.50105078380738,-0.567939572890149,2.81224110932946,-8.75569832116533,3.46089334478551,0.896537503959012,0.254835536763482,-0.738096558530353,-0.966564233789852,-7.26348214633855,-1.32488430656137,1.0,1.0
34916.0,-0.271554902993335,0.0891737855999966,1.61487855701493,0.12096479845544,-0.54087027990793,0.635274724849685,0.0301462497592552,0.143242647882721,-1.46991296246056,0.543991308110907,0.183107750729264,0.645119089463995,1.29215104161931,-0.333228402691055,-0.347041951959596,-1.45917585008934,-0.384367825341297,2.31603358640829,0.214539107243784,-0.155537081911471,-0.0532545016524622,0.387015726247548,-0.0519816880013886,-0.342995395653738,-0.294542984537996,-0.209295644672252,0.214592740644179,0.167850787620559,79.0,0.0
30566.0,0.672347445324891,-0.259209612839475,-0.328579868056225,2.52713924625409,0.0651231963727397,-0.254537335222279,0.763200085316321,-0.135297497781838,-1.18466596056751,0.804262972911181,0.715223886077658,-0.0205510596338368,-0.9370365521615,0.942933865206253,-0.334395173452747,0.701985620194387,-0.787268716801107,0.272214172487086,-0.554734736321159,0.362321612909513,0.172537577533296,-0.233349836588061,-0.392075239121479,-0.0145846660303522,0.610877868616103,0.0454445616931807,-0.102458673125803,0.0428641183456315,280.87,0.0
114052.0,0.157748490622625,1.0646826324213,-0.441630409797734,-0.572088101047263,0.993068145599151,-0.766735452627016,0.997038583081285,-0.123886107569685,-0.0925483501468436,-0.844036159665142,-0.730461474604504,0.0294319983110565,0.371317682863568,-1.09283566327568,-0.269299576188333,0.34756624402038,0.306257721291217,-0.222658373328062,-0.189391355027413,0.0424723451676849,-0.345579045535696,-0.826567841619464,0.0757028591725283,0.48244925816488,-0.394911044113136,0.117897962108404,0.224791574962404,0.0838851299898178,2.58,0.0
93879.0,-12.8336314219519,7.50878980635543,-20.4919522106577,7.46577999198461,-11.5753037055975,-5.14099947650773,-14.0205637048257,8.33212047126021,-4.33771253089739,-15.5637913387301,7.61081978841573,-15.5923232225286,0.504789055226229,-13.2478885958622,-0.796526030140245,-10.3423283585648,-16.0445243414767,-5.8821359384126,1.57369789640089,-1.37892322363159,2.96684240389381,0.615344322057327,-0.766494757432984,0.431261005079751,-0.104974994617143,-0.0100913270781415,-2.4008113496639,-0.720556600051925,104.03,1.0
97235.0,-17.5375916846763,12.3525186682391,-20.1346128135864,11.1227714331133,-14.5710801396343,-0.381622313270995,-23.9286610291615,-4.72492103304407,-8.6030380974132,-15.2318333653018,4.41705461009659,-12.8935202086054,-0.10962845638889,-3.54722989444144,-2.17782399757845,-10.4020683266181,-18.3720191223339,-8.31409231206699,2.43582348553379,1.9251025961188,-4.35221313065903,2.38904092140055,2.01912792631133,0.627191869568278,-1.08599721239039,-0.0718032360759346,-3.83819790404877,-0.802564460951448,9.82,1.0
103808.0,-4.51734375344642,2.50022390414582,-4.01392753708116,1.18945163355882,-2.48686063585833,-1.41347553285281,-4.24570662259591,1.26508694822894,1.16882778968781,-4.51390660472333,3.69471123994721,-6.11044323287235,-0.110521636054475,-4.18455528093394,-0.93103463417672,-1.61471832598223,-3.35318018239636,0.236762036968587,0.0038960221310578,-1.05616226010439,1.32694422202396,0.102998961106284,0.508166904438541,-0.278017536127694,0.139721094971637,0.0646100247346309,-0.972358289293076,0.351359561196795,2.27,1.0
65491.0,-2.16819124785496,0.980227545987381,-0.10581281757025,-4.2075149649972,-1.188388502382,-0.588132680869625,-0.904251523868315,1.36780724647414,-0.345572385700446,-0.964838982774792,-0.286520861660252,1.33481982276,1.41534070591228,0.500818340442745,-0.224011106187929,-0.432565950875586,-0.878918244492528,2.37559146595238,-1.1689557565734,-0.443620835828439,-0.1275132840835,-0.0251598483379425,-0.279552300598422,-0.823629873312141,0.549843222947831,-0.143347589090712,0.176557535476203,0.056941097892591,15.13,0.0
94364.0,-15.1920640113629,10.4325276778611,-19.6295152518171,8.04607504591293,-12.8381666152727,-1.87585874614533,-21.3597382791388,-3.71784952676935,-5.96978174909567,-17.1415136412892,5.90239975502551,-13.5801472568557,-0.45140689941267,-8.33476258691073,-2.02514468652193,-10.1963336944105,-17.2709851692259,-7.07909577930568,1.51769533116994,1.65747618417276,-3.47409650326971,1.76544551266317,1.70125678162665,0.381586805077026,-1.41341748729956,-1.0230778939005,-2.63476129227348,-0.463930546269812,1.0,1.0
53451.0,0.385108461103674,1.2176203228402,-1.95387216540948,2.08707599095328,-1.14422540643716,-0.57688799482478,-2.58286504391682,0.643229999334504,-1.19123269237613,-3.09509360697848,2.82114488798301,-3.1005456578695,0.146199374342408,-4.51012391529804,0.574490022660784,-2.12346278453199,-6.05331938825344,-0.70637615273475,0.572791028207014,0.380545212283106,0.594623132460925,0.372143665842342,-0.310455791389476,-0.624065148802846,0.840216130296559,-0.159451766672991,0.599482364663208,0.288915549852885,8.0,1.0
60368.0,-0.0951273048665738,-0.0544374543674914,1.82679314140076,-0.968619576556479,-0.623825555886628,0.769517352362191,-0.632425669585958,0.292181109745401,-1.06984510551173,0.465255168687837,0.068422520331103,-0.421115931779102,0.505594443182059,-0.608722563332681,0.0246614237619051,1.23950925390457,0.00836552627388234,-0.0289854019216116,2.40102063838848,0.331503060380167,0.24856888095099,0.747243499803657,-0.261775069998521,-0.787264900544329,-0.292770730129199,-0.0662049453601678,0.181479684047102,0.126626205754376,17.05,0.0
18399.0,-14.4744374924863,6.50318451651946,-17.7126323688621,11.2703523334822,-4.15014206409808,-3.3720982088695,-16.5358068114174,-1.4439469925952,-6.81527289964437,-13.6705451263516,10.5452629545898,-15.0226996343749,0.171633085144947,-15.0663743633461,-0.259575939555838,-8.6687392723375,-12.8041408991277,-5.11662049533788,0.579200358016368,1.10124987016838,-2.47596222945688,0.342390706034285,-3.56450803816097,-0.81814019000188,0.153407682695978,0.755079460824454,2.70656616161759,-0.992916047059418,1.0,1.0
73600.0,-1.22941039755691,1.01086529114532,0.731287785841792,-0.549590683493876,0.261692046897751,-0.754916011550851,1.18323075433694,0.0485382112033307,-0.584233890808675,-0.510105254778175,-0.249768456360278,0.222715776100775,0.0707827385736325,0.392877104703067,0.371843753176712,-0.0699618571603582,-0.183038149028553,-1.24444378869217,-0.813439097510481,-0.0617613152763364,-0.301793386583236,-0.822941205674157,0.00634523352271674,0.07396766293777,-0.309299652972976,-0.0371029519546722,-0.0609306987890431,-0.19670373610247,79.95,0.0
4462.0,-2.30334956758553,1.759247460267,-0.359744743330052,2.33024305053917,-0.821628328375422,-0.0757875706194599,0.562319782266954,-0.399146578487216,-0.238253367661746,-1.52541162656194,2.03291215755072,-6.56012429505962,0.0229373234890961,-1.47010153611197,-0.698826068579047,-2.28219382856251,-4.78183085597533,-2.61566494476124,-1.33444106667307,-0.430021867171611,-0.294166317554753,-0.932391057274991,0.172726295799422,-0.0873295379700724,-0.156114264651172,-0.542627889040196,0.0395659889264757,-0.153028796529788,239.93,1.0
35926.0,-3.89658259167336,4.51835470349753,-4.45402724041253,5.54745334718879,-4.12145857265685,-1.16340665785105,-6.80505305303552,2.92835625399971,-4.91712959933528,-6.60046062150676,3.36784560815482,-7.88897751950988,1.68260346667335,-7.62865191597326,0.779245995683184,-7.53340432942796,-14.0646239413114,-4.96010863308331,2.52578492424474,0.757286726552078,1.69104203001122,0.920020577187708,-0.151103893232396,0.0110068782298363,0.0803032669086078,0.412191351423526,0.635788870982512,0.501049550484962,4.56,1.0
64272.0,1.30185394634524,1.3525417576552,-1.91707219270432,1.44180889312388,1.34411324611674,-1.32337870623411,0.840086086735012,-0.398838444962527,-0.562811759756394,-1.58401489861226,0.266328912039535,-0.149352173011397,1.1524367128979,-3.65560347701671,1.00721301685547,1.22696735740619,2.33735827877028,1.46710966590129,-0.530409755552834,0.0699494467769091,-0.250629703794706,-0.567628919402126,-0.328470152494963,-0.74899208304238,1.00709304292156,-0.246346533538551,0.0457746364788712,0.0914342450005892,3.99,0.0
117883.0,-0.825062543522541,-1.42736681199471,0.142493663747757,1.48721755350557,0.290338055425628,0.679330557013166,-0.226878038042108,0.0661303773513315,-1.42322957428198,1.39775201547007,0.0823007695826805,0.206172054576882,0.841020130548961,0.129239615741482,0.693030846251915,-2.03854607185518,0.0770108158709241,2.53747831286896,1.90050840562973,0.0381095893502169,-0.0736984045565099,0.239811643378332,0.510072025510186,0.167255422844175,-1.27496456857108,-0.436144427769522,0.221842867997771,0.514940443471503,235.0,0.0
77202.0,-0.356326154090313,1.43530513012275,-0.813563965472736,1.99311717679272,2.0558775401316,-0.54357866590526,0.487691066602944,0.0854488054265826,-0.536351998021526,-2.23120932812687,0.273983570211148,-0.535839387011391,0.595677221650834,-5.14182349291966,0.732366764261792,0.623912780633594,4.09098324669186,1.63408402811385,0.26084733041578,0.303261648412104,-0.312862941766726,-0.687873797330169,-0.267002508610821,-1.15848006325515,0.271459963711122,-0.155397186179697,0.114328416432227,0.101525594435204,1.0,1.0
40730.0,-1.31574434178685,0.240071267066497,1.66697853899394,-1.68519935436111,-1.38623475937172,-0.46196160931453,0.23155992847767,0.501931587319156,-1.43713050868174,-0.366117943283201,-0.107433480206453,-0.779938455921848,-0.315930916819356,0.0479755835978584,0.574372175247607,1.23948256451021,0.529658702142636,-1.75394731016695,-0.519911873281032,0.351041290897025,0.160534473369629,0.0093396078477116,0.262022212693727,0.341476995434088,0.269897759655808,-0.46866215699467,0.11730520139361,0.0736391400969552,150.0,0.0
32975.0,1.2926418646549,-0.750342838906137,0.851628337315777,-0.870103243249263,-1.05946351870433,0.272220639829209,-1.15653294986431,0.2039186558885,-0.736198103193097,0.710134789078106,1.41612524624254,0.369387978260475,0.903898489868518,-0.367775111410488,0.621431830370473,1.4501316880393,-0.0717433534059944,-0.776196076870101,0.270309237049253,0.141922809944817,0.452566834152106,1.27014067830952,-0.142053678256281,-0.234376088894419,0.385990403498512,-0.0203091630510733,0.0520072919561007,0.0121431667579197,22.0,0.0
90411.0,1.72856442057257,0.436782359269204,-0.458945022495712,3.82022081646685,0.556300850551847,0.280985048309735,0.169160683918736,-0.134009339001831,0.173060047592029,1.0149929613229,-0.0792438175635656,-2.48115755822669,2.39433823364095,1.64470463896947,-0.828725622443154,1.34031296533646,-0.416900129006222,-0.426223833017079,-1.64126867176518,-0.0287362208755803,-0.54064872389087,-1.69764154470376,0.487069924025586,0.39693589689256,-0.65101895588659,-0.713468988170168,-0.0731253969077677,-0.0107568035545242,114.33,0.0
7891.0,-1.58550536691994,3.26158454822833,-4.13742198305023,2.35709625199132,-1.40504331370135,-1.87943719306477,-3.51368687087654,1.51560674568816,-1.20716636120056,-6.23456133227108,5.45074606689486,-7.33371406736393,1.36119332407831,-6.60806825219469,-0.481069424899829,-2.60247787045261,-4.83511205239717,-0.553026089102902,0.351948943356815,0.315957258937511,0.501543149467536,-0.54686881157389,-0.0765836358993043,-0.425550366841581,0.123644186352002,0.321984539336613,0.264028160503965,0.132816719764592,1.0,1.0
68034.0,-0.606263842662989,1.0033674394235,2.24959228569016,0.830916827320927,-0.0763334981683763,-0.516097115024136,0.493119283098492,0.00531790660766267,-0.618817653445172,-0.411463325385163,-0.437169543078275,-0.186368298485517,-0.0493474385270356,0.199021397344935,1.41387154696697,-0.00377957237547917,-0.23772046942041,0.0863533166916739,0.528852350318293,0.0718417801655354,-0.128248006776745,-0.437343313897137,-0.153725687743781,0.346075139175167,0.125003992461233,-0.489535570068404,0.0915315620904884,0.0904884451975982,5.0,0.0
120183.0,-1.38062465994431,2.23427740095587,-1.63520708387439,-0.159199315592161,-0.726277891370554,1.06722461334067,-3.8769781646237,-10.6226352565429,-0.524326695670376,-3.50505031339813,-0.840280121422608,1.0439872198052,-1.30039671028894,0.202482544320173,-0.617369199935327,0.787589966858672,1.55904093799098,0.0572114121708319,-1.06017085670653,2.29676805058437,-5.3643894628687,0.818423164085026,0.302246930453711,-0.18649478160062,0.869310191031925,-0.0356207554628378,-0.0822267397763338,0.190907096198305,90.76,0.0
76558.0,0.913063152716756,-0.399726698958586,1.43061094420858,1.38373907385164,-1.2609793216767,0.00445280547788254,-0.753447352375894,0.253977591353408,0.767215708704266,-0.0610582458547149,-0.163412978263207,-0.207893324883838,-0.891944715753199,0.112159440881647,1.89777791431021,0.479464755263197,-0.321483679879169,0.187778338549119,-1.34695689059109,-0.0285510697920019,0.344773365322221,0.82465683859398,-0.0661995045207408,0.395492223161842,0.176380490631996,-0.235754769674944,0.0677772902489371,0.0575273694921189,100.82,0.0
52934.0,1.03663855772541,0.407227280182074,0.75770616494457,3.16182144737059,-0.568122226356034,0.202180695126505,-0.68980405626803,0.41137993906161,0.336769232300548,-0.283731283967387,0.90311745288141,-0.158825775049249,-1.93070901899978,-2.37665364067708,-1.8101724846962,0.935791272330693,1.59150614830401,1.25947071382768,-0.666806394320072,-0.219461074162075,-0.0501076222906236,0.123760575662397,-0.132567901550036,0.350230553629671,0.507701400813083,0.189620904934317,0.0610156660255082,0.0631412801847289,0.76,1.0
114695.0,-1.79154852100486,2.51018935283565,-0.860080437455258,-0.933404290391002,0.355510685969187,-1.26904176292584,1.22205084711556,-0.440947329518257,1.72411496950962,2.66834899112318,-0.46542491227683,0.357149414122019,0.705691191832994,-0.556151170977316,0.581187455125431,-0.814709675154162,-0.640599149578359,-0.190465368307563,-0.309946006766268,1.26459611265429,0.0709481209857134,1.25558619476615,-0.0638080834054797,0.0096501259065558,-0.34354041893694,-0.207637816504537,1.2955954633184,0.647555549195907,1.14,0.0
29785.0,0.92376442016477,0.34404807190464,-2.88000365579163,1.72168007534123,-3.01956477860235,-0.639736122583852,-3.8013245024591,1.29909588513018,0.864065471140902,-2.89525166830126,3.02816223099618,-2.54917730779636,-1.56043182473423,-2.97131675769274,1.07889539651163,-4.70201182527384,-4.90809850732764,-1.5088732903485,3.0016850593747,0.170871765618069,0.8999311755668,1.48127100376248,0.725265549161058,0.176959582872624,-1.81563797523647,-0.536517111308732,0.489035020411905,-0.0497285787992942,30.3,1.0
53658.0,-1.73934096431325,1.34452078912347,-0.534379047474665,3.19529149873811,-0.416196142475576,-1.26196066822182,-2.34099093949748,0.713003645507275,-1.41626499933122,-2.9966693020716,0.747478135782509,-4.59661151187479,-1.92775970193864,-4.75707449850737,-1.2478148188713,-2.53549425081321,-5.35646454386042,-1.97474852459452,-0.603726269220942,0.00274947845372853,0.38318010845642,-0.21395221812466,-0.336639824887574,0.23707630076775,0.246002931555889,-0.044227636498999,0.510729074882634,0.22095159365596,0.0,1.0
34023.0,-1.23259758577507,0.101337902576967,2.21534906409136,2.57355729854759,1.1217703519942,0.82569807643356,0.250151831790492,-0.171272722348903,-0.925359058984547,1.47801954120668,0.156402760377698,-0.872717526354457,-0.506585666624067,-0.15617054964128,1.17971295860612,0.621605751968005,-0.973142150402531,1.38586702256287,1.47214282233918,-0.00484484707171709,-0.0143807760372594,0.549279894958614,0.0561886545772786,-0.842150394512143,0.325183086173526,0.391926664393735,-0.368061369549358,-0.405528385015259,10.62,0.0
58822.0,-4.38422089880268,3.26466481012305,-3.07715801666012,3.40359359659281,-1.93807528041028,-1.2210812776781,-3.3103166090276,-1.11197501012863,-1.97759328056305,-3.28820356526528,2.88609147657536,-6.84897793447677,-1.02923459062256,-7.46010298330266,0.0559060176229105,-4.33478342671028,-9.87456039324105,-3.54190332932228,-0.531558760456647,-0.141533268810834,2.07638272101207,-0.990302787008607,-0.330358452316133,0.158377625833497,0.0063514462492984,-0.493860013315231,-1.53765237842389,-0.994022490842227,45.64,1.0
71428.0,1.14806081983463,-0.988415870825017,1.01834966930993,-0.494228038054578,-1.48963431183429,0.141840956199699,-1.09881672515165,0.225829458429682,-0.49147686051705,0.667160900283943,1.27549396292982,0.772492514858385,0.138821520234618,-0.163610239878906,0.0159746907236029,-1.38688431819499,0.155586969707296,1.19942123602426,-0.958765741892638,-0.404341106524995,-0.137165132184348,0.118285697091659,0.0092886570009146,0.281142828999166,0.0447209866221303,1.16002152090543,-0.0151709601585984,0.0127735316884575,57.77,0.0
41305.0,-12.9809425647533,6.72050777097643,-13.4556359425571,8.69861009281133,-11.4795517833437,-2.68151865053833,-14.0192907576919,8.21819051252864,-7.93089996826719,-12.6959474039839,5.58936163192341,-11.9608660326622,1.53867076186333,-9.88721406724695,0.6339792179337,-11.3502438549644,-21.7101876525534,-8.85945192496352,3.62971365041526,-0.84330261969681,2.54962823474498,-0.532227763596568,-0.235096473604284,0.673209169467055,0.22659797207791,-0.00616785819002466,-1.18569550568181,-0.747361321404312,59.68,1.0
76857.0,1.14020795371139,1.15643107873873,-1.47157796740819,2.07627840454674,0.774809058745551,-1.00253195191231,0.264947929409663,0.0131622605764724,0.248835339320523,-2.10066651278309,0.763204840843787,-0.94491647902938,-1.41903447142202,-4.68361969585018,0.51928230124953,0.908454083367609,4.13366666889167,1.30620452511785,-1.09471647432252,-0.125097258302807,-0.387894980568907,-0.866811936205838,-0.121582639900783,-0.356108586349469,0.634572810783188,-0.306311023397994,0.0940868179231164,0.121064728484123,1.0,1.0
57418.0,1.20001461119558,-0.198203462033351,-0.254408026102713,-0.946028976276676,-0.444459945984647,-1.25354632385316,0.244578327906493,-0.209906152165143,0.774121442896754,-0.745803615825689,1.42895341071702,0.915382377182918,-0.85293111839045,0.88296490474997,0.813391974615802,-0.549335338107109,-0.320704197832787,0.420546581058517,0.901019070890845,-0.0751210614729376,0.0551197807977062,0.129313238257406,-0.180476034078067,0.342872968338061,0.772418545229143,-0.651129781715307,0.0122987679539797,0.0104077532153556,46.21,0.0
53658.0,-1.73934096431325,1.34452078912347,-0.534379047474665,3.19529149873811,-0.416196142475576,-1.26196066822182,-2.34099093949748,0.713003645507275,-1.41626499933122,-2.9966693020716,0.747478135782509,-4.59661151187479,-1.92775970193864,-4.75707449850737,-1.2478148188713,-2.53549425081321,-5.35646454386042,-1.97474852459452,-0.603726269220942,0.00274947845372853,0.38318010845642,-0.21395221812466,-0.336639824887574,0.23707630076775,0.246002931555889,-0.044227636498999,0.510729074882634,0.22095159365596,0.0,1.0
11137.0,1.20191241607189,0.0373059641167434,0.936912755549363,0.221366547481515,-0.808740376126824,-0.82302786416744,-0.374642759497115,-0.134744724117469,1.66413700783208,-0.62423476674571,1.39221357821857,-2.10661151993463,1.496869453981,1.65715754398862,0.744183496639887,-0.0638099929734146,0.850137447778417,-0.749047999180162,-0.733704732655394,-0.164714084046932,-0.222479138261187,-0.359795780891391,0.204074972750526,0.59108705383307,-0.0558453053769865,0.863413501238985,-0.0815836031004644,0.00487480150770385,4.0,0.0
67665.0,1.22846129167745,-1.18021769970696,1.62768962907847,-0.335551149863583,-1.78555502405721,0.901651410748022,-1.7863221661367,0.547646798668845,0.554463406786026,0.407591760858591,0.636279870131971,0.303857862010742,-0.792256549537135,-1.02934235748123,-1.74354292528513,0.496561685655395,0.95885873979039,-1.23077787752142,0.92670841070096,-0.0401287620313669,0.209043893810687,0.934033238206799,-0.0637735181470629,0.0814901908435992,0.354544554674425,-0.0309646545906447,0.0946430309105026,0.0118280569624043,2.0,0.0
30173.0,-2.31631687503048,1.45481131202853,0.991197217917902,-0.120972013025984,-0.0360841255975878,-1.40508737119525,1.01045950301394,-0.156352355087415,0.313074124399081,1.20261017414506,-0.0806424389850698,-0.245029203616252,-0.500583239544492,-0.00226041602744981,0.810539100418462,-0.269712496617357,-0.155977439020797,-0.45281461703283,-0.106572179358826,0.472347246483291,-0.294179944006747,-0.10322249199342,0.0410752542111711,0.715697293939979,0.845314761272277,0.440696486608342,0.769818317832693,0.610953600969454,21.0,0.0
40666.0,0.880571878874767,-0.609355593353839,0.0866676982865642,0.271345649749973,-0.796613437387461,-1.09143147600455,0.311155137966978,-0.273226495698538,0.179838450035276,-0.223666278638677,-0.297501285507558,-0.0150322000041643,-0.348185237874225,0.410833191958967,1.08124303152564,0.301679246590592,-0.252601644927748,-0.559772840951222,0.033518675300847,0.329722297234714,-0.106007117214761,-0.817019061613197,-0.0722873515803101,0.416419234050095,0.0808741671820184,0.794393173260458,-0.128540370498127,0.0412229522201397,216.82,0.0
8808.0,-4.61721720415581,1.69569365346656,-3.11437220079491,4.32819855298178,-1.87325699086527,-0.989908135538263,-4.57726462658038,0.4722161584519,0.472016953377646,-5.57602263642415,4.80232276125089,-10.833164469314,0.104303875698575,-9.40542306160986,-0.80747786866047,-7.55234220350747,-9.8025617903912,-4.12062883466552,1.74050729036196,-0.0390459343384186,0.481829697240067,0.146023056445948,0.117038527549065,-0.21756459883966,-0.138776043706563,-0.424452881068275,-1.00204142597227,0.890780287970655,1.1,1.0
59777.0,-8.25711081724667,-4.81446073955621,-5.36530689032661,1.20422986423394,-3.3474200965739,-1.33160147516446,-1.96789279857039,1.29543781710486,-1.67441524280437,-3.42605225253339,0.144562690111297,-4.28352931016896,-0.24089504151477,-3.65749040377527,0.923104767832095,0.844221069436753,-3.94831185243281,-1.8075159915996,0.105878827218844,-1.23398725720348,0.436390207477188,-0.077552722802211,-3.09162435615504,-0.390200885685448,-0.288688941339997,-0.340004217403437,0.0398191045440342,-1.00790031022705,319.2,1.0
53727.0,-1.64927881611351,1.26397355628777,-1.05082567399718,2.23799063903423,-2.52788923751396,-0.889939993137591,-2.35525367110661,0.85465864123984,-1.28124261677782,-2.70501138232752,1.17447506014201,-4.38191956749248,-1.22666589816604,-2.95382425341893,1.99416119386347,-3.30425391022094,-5.58579436647491,-1.64370403169872,2.11863332532912,0.0874063699474628,0.679176431149171,0.731907051356776,0.333045475501739,0.392505235969248,-0.274197297543759,0.802348667525187,0.390808552793314,0.11214553148245,112.45,1.0
66041.0,-0.300972369290447,1.0429219409276,0.824351840004152,-0.327096955856662,0.6459948579498,0.00564760751834821,0.574548859445155,0.155475072649598,-0.556647093507104,-0.337063708217068,0.422657230977768,0.161292501354129,0.119183202589247,-0.279252433594894,0.291698047010943,0.924891776168797,-0.659962589060783,0.751969333478607,0.639464974442271,0.153893808327968,-0.290529593135526,-0.801420088108433,-0.171511548740062,-0.89227242507686,-0.0391088040866238,0.127251763058886,0.239717035954894,0.0759754056128089,2.69,0.0
81079.0,1.11805516563075,-0.114411386247389,0.519357355896051,1.10210567816128,-0.344508469599501,0.385339049410218,-0.389015230483074,0.36114464779434,0.607521373011779,0.0210507150612419,0.516437606195169,-0.0561286553997466,-2.44387562040829,0.607242614824251,-0.32481923037302,-0.159663805817522,-0.032877715177522,-0.107343539364726,0.118951933913861,-0.300695323110039,-0.235219436661846,-0.625904634800775,0.041126124365308,-0.381279197152939,0.35654659916078,-0.505419798331561,0.0359604755921822,0.00723264826882685,12.99,0.0
93834.0,-3.7656801220835,5.8907352377921,-10.2022676310229,10.2590359766218,-5.61144841660942,-3.23537557925717,-10.6326834778618,3.27271632618119,-5.26890524285018,-11.1821254546586,8.87947566765026,-18.4311310279993,-0.232822027713119,-15.0216572999306,0.141186252914787,-12.1863624982841,-20.1655673800665,-7.05165135326307,2.50082720798487,1.19413732146866,2.24560593428534,0.546320674537693,0.381853427747185,0.382024544024505,-0.82103649456311,0.394355120127285,1.4129609931535,0.782407053763083,0.01,1.0
58925.0,1.15611925200144,0.185016342821096,0.362065421964642,0.58526735553708,-0.320642205158901,-0.419882460783341,-0.162783400354632,0.129687854808651,-0.0830768212450949,-0.126633998727431,1.85316822111985,0.507856478359749,-0.982005531100574,0.161987042217919,0.747677141419164,0.373341558743294,0.157121225176542,-0.188035590699872,-0.336372696696883,-0.177432267795274,-0.207515991322513,-0.652878923287733,0.184766787532623,0.154724247097626,0.0501290096867501,0.0976983317691399,-0.0170286013174663,0.0169119549867434,1.29,0.0
93879.0,-13.0865194204794,7.35214833905529,-18.256576111808,10.6485054461688,-11.7314764509112,-3.65916740569145,-14.8736579646075,8.81047267511276,-5.4182040716445,-13.2025771482197,6.35722736343626,-15.5316111795156,0.659694875353275,-11.4123295951252,-2.44757607431839,-9.83374302098841,-18.1746174349071,-7.269904593126,0.623796611777714,-1.37629840858733,2.7611570593153,-0.266161809571132,-0.412860724865388,0.519952215674181,-0.743908960008006,-0.167808225140728,-2.498300252188,-0.711066151912636,30.31,1.0
28658.0,-28.5242675938406,15.8769229879536,-29.4687320925264,6.44759140152748,-20.7860000418837,-4.86561341755669,-19.5010840750712,18.7488719520883,-3.64298981925263,-7.93964241937325,4.18467368942509,-5.83507521523889,1.21595964527928,-5.33014378246253,-0.118631138153322,-5.36777527618834,-11.4317569116986,-4.69692444373293,0.69268841200477,1.7068890619925,1.80576978392608,-2.11937616760819,-1.31744962200248,0.169845630469178,2.05168733506275,-0.210502000459411,1.30173396497076,0.380246181418509,99.99,1.0
81186.0,-1.36371999208193,-0.790316652941945,-0.272433357654689,-1.62375541692891,-0.544214850786504,-0.714045725791345,0.490843984431016,0.0726468009617892,-1.12655833404199,-0.167299116860193,-1.9181039589901,-0.572499028126499,0.00542184430617069,0.197163553718248,-0.583045602715867,-1.15099822142443,-0.0673924513271,0.973262687751368,-0.589890819900437,-0.657456282125732,-0.340211765531164,-0.618873688708117,-0.21678590024642,-0.354850696422092,-0.688472439569232,1.2393861082682,0.0499658407742987,-0.209971132813713,204.0,0.0
58067.0,-0.264868683737295,3.38613996883911,-3.4549969895002,4.36762905773351,3.33606042827178,-2.05391842272465,0.256890458421417,-2.95723544083265,-2.8557972336327,-2.8084555425423,1.84750351109611,-2.4148223375383,-2.57322454244165,-6.5991261303635,0.123470382678038,2.57237180761341,6.60936580903842,2.53066979960508,-3.60265725092653,0.482513022122587,-1.39450379366468,-0.166029306744804,-1.45208118338289,-0.251814670710545,1.24346054282121,0.45278677690471,0.13221807596169,0.42459946550375,1.0,1.0
64562.0,1.40046179986188,-1.56277182196894,0.698660162756956,-1.18076737912335,-1.73646850023792,0.534850248475612,-1.67913209295469,0.415379106522219,-0.829010318119521,1.38921788168347,0.0217066591702233,-1.25890323425229,-2.46344066571666,-0.291245352608482,-1.46521139981764,-1.00872814508393,1.21112845302778,0.154992838353449,0.359093580368763,-0.548880078704259,-0.264212382400397,-0.177799255688957,-0.0242544653276725,-0.365317788427739,0.37819325063116,-0.048057722291545,0.0598512511660744,-0.0024012303784858,12.0,0.0
427.0,1.03107626224942,-0.45523299223766,1.56188449130624,1.56247853472831,-0.930127019563563,1.40787753385868,-1.14856327671676,0.626702330029719,1.46547994515549,-0.245997989205042,0.0966038756055349,1.19562969931102,-0.7688749958127,-0.728777169552417,-2.02792763163268,-0.554018199053438,0.283586474241672,-0.121894808446609,0.295542908989298,-0.211591353858796,-0.0804143589051935,0.240504443844683,-0.0878261244179269,-0.275648307325644,0.470777617608566,-0.244789345259783,0.111875400142171,0.0198055490440139,10.0,0.0
101597.0,0.91311613528992,1.1453810871791,-4.60287793273505,2.09180337375362,-0.473223859280585,-2.0854358325571,-1.67124403232231,0.0943965856348779,0.337798765397573,-4.4318096317282,4.87197985976052,-5.39522117678937,1.33250215621937,-4.60379669207464,-0.77731354811867,-2.57189156103509,-3.00361530529652,-0.225441388417525,0.252273565031692,0.50898474829098,0.40141574109896,-0.0849334160429759,-0.197684434494785,-0.283271078982557,0.387597335722074,-0.553526986386025,0.516274456782261,0.270828187083758,147.87,1.0
79477.0,1.14504685862354,-0.58359482429232,0.947785420896444,-0.82423991526196,-1.23848428062981,-0.192751825765501,-0.881412703131936,0.350335949845737,1.83955826046293,-0.898075386111857,1.33043913692439,0.544145773991431,-2.13267903416605,0.476731068256406,1.02288932752421,-0.506254550765343,0.0681499440490693,0.407300711449059,0.423738503193978,-0.278046786085799,0.0579035987498609,0.318751174725733,0.0299471141023025,0.194706743210629,0.304107839124515,-0.680398852211613,0.0938218689488915,0.0195751416683545,1.0,0.0
58217.0,-0.443793956538852,1.27139528958141,1.20617786290079,0.790371244425149,0.418935334538855,-0.848375714713356,0.917690595034239,-0.235511404707869,-0.285692136421657,-0.867899742347565,0.614977120327696,-0.657947690982211,-0.948412031653891,-1.63514452424164,1.26320316314475,0.0685328870737372,1.32579410174258,0.376383480838994,-1.09619645414336,-0.0672050359210024,0.119278777095323,0.513479449681292,-0.264243409026182,0.443311288026016,0.0295163920697956,-0.335141048988331,-0.188814985117408,-0.123391459240302,5.09,1.0
43221.0,-0.377458100767195,0.769844815461534,-1.3161355759464,0.0733953353106148,2.98912005230846,3.14624980507643,0.423189325680211,0.644791521986973,-0.667628287714162,0.59826651042128,-0.28847563505188,-0.290351163519939,-0.056023727624155,0.595388691478746,1.03074068195363,-0.33581472513772,-0.559811626232789,0.358800816058638,1.08410825780341,0.0941687510499633,0.0919081621649059,0.37954078167704,0.145930526784018,1.01284756381193,-0.629993189226583,-0.354121134844234,0.285738490340916,0.283550198821748,20.87,0.0
85573.0,-1.7567118508365,3.26657425418237,-4.15338789695403,3.92452561357555,-1.7537718434176,-1.0057867792296,-4.31321717578502,1.56071190324579,-3.29567366751075,-6.2133552491157,4.52299197543382,-6.6528440527591,-0.12468523386066,-8.60448620191387,0.110359314846888,-5.94548061159606,-9.33893779428438,-2.39019258818085,3.18415235636348,0.874720103498016,0.911427441871296,0.0530612807310541,-0.367700953962814,-0.776337755840596,0.292093831084717,0.025999713844171,1.0629681996854,0.501148168228208,1.0,1.0
47982.0,-1.23280412810524,2.24411874456383,-1.70382579275654,1.49253586483501,-1.19298516971563,-1.68611021267902,-1.86461150490967,0.856122313785725,-1.97353527775248,-3.94238290411726,2.40165068027699,-3.39426561777896,-0.145161724970334,-4.32979551307589,0.758760885824274,-3.19904647594093,-4.48018356526203,-2.48566878350317,-0.0958074336903356,0.207889301735382,0.560475065574211,0.165681717805126,-0.0137535165177887,0.474935180269258,-0.218725074414735,0.302809125708237,0.46603094153746,0.250133538809307,0.76,1.0
52934.0,1.03663855772541,0.407227280182074,0.75770616494457,3.16182144737059,-0.568122226356034,0.202180695126505,-0.68980405626803,0.41137993906161,0.336769232300548,-0.283731283967387,0.90311745288141,-0.158825775049249,-1.93070901899978,-2.37665364067708,-1.8101724846962,0.935791272330693,1.59150614830401,1.25947071382768,-0.666806394320072,-0.219461074162075,-0.0501076222906236,0.123760575662397,-0.132567901550036,0.350230553629671,0.507701400813083,0.189620904934317,0.0610156660255082,0.0631412801847289,0.76,1.0
77182.0,-1.41085190223088,2.26827061391536,-2.29755364869312,1.87133052690782,0.248957097554545,-1.20879869131782,-1.35864849113679,1.10291613180529,-1.31736377078276,-4.62691916410905,3.35763973653551,-2.99881490434833,-1.95678634545881,-6.76663337149207,-0.869899592420961,-0.868576751992314,-0.370333268936992,0.419265507331837,-0.894893657235367,0.0580625903425241,0.155380926745126,-0.614880421672272,-0.196125537805858,-0.464375543427361,0.118473100986687,-0.484537034984231,0.373595915880442,0.187657248903867,1.0,1.0
64090.0,-0.858591049290352,1.39471479282683,1.35911717864745,-0.142842888848025,-0.161532971078457,-0.93620988554831,0.67784269814499,-0.0428541737637911,-0.0107330226789118,0.305664031939761,-0.357589421450899,-0.0440420882082458,0.0046785885465804,0.00662409854698859,0.88023765626789,0.156667543057216,-0.408804499238854,-0.382240981321771,-0.0465389403563677,0.349376154503144,-0.288588131596133,-0.64011379606168,2.13169552461895E-4,0.357666612664145,-0.0923014032709623,0.080469415898743,0.476205930556964,0.243186196136026,1.78,0.0
120010.0,0.232010368663659,-0.795545355318618,0.477942480221908,-2.59295661102345,-0.878583530780236,-0.0933010787299413,-0.0640044142888671,-0.0612181469894658,-2.1721029525959,0.945684340015583,0.173884806159096,-0.203243038067964,1.08952526888099,-0.588449949930513,-1.31562081320473,-0.161954442814507,-0.11727022357799,0.679551325972516,0.0587142502052762,-0.136938411551712,-0.00259342406385374,0.309541452703065,0.143073516839945,-0.50996911231414,-0.405216538488577,-0.247321152479004,0.063948385005998,0.040585347798825,102.81,0.0
27796.0,0.716163624763784,-0.704195034030965,2.10102245234348,2.94531305682148,-1.11229939399626,2.26387402057044,-1.40239969245143,0.884478309419413,0.963104452238084,0.288315720263524,0.397883866171204,1.05427830164483,-0.771599622001581,-0.895969973197153,-2.02465396193892,-0.243362859828662,0.433057507557386,-0.405856805322195,-1.00905295573031,-0.0589713666466944,0.226098937341199,0.908369513759389,-0.149718800777479,-0.228733485651366,0.237238961950293,0.28283232515344,0.10051827323296,0.0395049391508981,106.49,0.0
45264.0,1.20801865812465,0.30645976775935,0.277457172343619,0.644566608461455,-0.17641386563509,-0.599028602465512,0.021006995300804,-0.0730015644611078,0.00958402111076285,-0.331711956432376,0.176315500571341,0.386547109106011,0.331304867359926,-0.283381495650255,1.33254337720842,0.18061784548369,0.266009109954884,-0.762821389744378,-0.558443785229457,-0.0990126436452183,-0.256915879332947,-0.706763103301611,0.154976800875293,0.0374738504134417,0.146510172436404,0.123413253187688,-0.00628547247282278,0.0281489513878936,4.49,0.0
48533.0,1.24384844934819,0.524525772902587,-0.538883626044331,1.20919597418592,0.479537596763788,-0.19742873374782,0.0491662598481355,0.0377916321310988,0.128118590882765,-0.552902906422504,-0.668358831257417,-0.818803693746743,-0.883832091051869,-0.994580854433906,1.50684875024006,0.62400331534091,0.705794271683871,0.524181774270524,-0.73174984602915,-0.171540654731681,-0.0516598862539047,-0.0840894090242923,-0.192846388954053,-0.917391985542652,0.681952813037122,-0.194418574345634,0.0459171449577401,0.0401359980627264,1.0,1.0
48303.0,-1.73645069286464,-0.481610243703929,1.78157150319685,-0.0404509217718582,-0.751637250740893,1.08546155786147,1.00425295026038,0.244060648482366,-0.423600073657797,-0.611391050202893,1.59018820235724,0.124180428671423,-0.943253809084253,0.354114401622164,1.20288284021731,0.238922688633205,-0.153048065768945,-0.236198510754574,-0.463855842288201,-0.164006549245415,0.0147851584273247,0.0656949018440792,0.0115062480831024,-0.271434870057961,-0.140061921116152,0.399017171302242,0.170624252880124,-0.0792285047591361,364.43,0.0
43369.0,-3.36531852073793,2.42650326490524,-3.75222652688429,0.27601659835291,-2.30587029698066,-1.9615783188747,-3.029283444673,-1.67446174770883,0.183961286375875,-4.98092843827312,3.65788166668826,-6.40982235504524,-1.0873102947816,-8.50943318717532,1.43257178733402,-5.36989001074152,-9.06907940021057,-2.81980659631422,0.874542948076265,-0.0368373256714411,2.07000816413804,-0.512625728150551,-0.248501692422131,0.126549624264963,0.104166256940212,-1.05599732614735,-1.20016496678239,-1.01206584314534,88.0,1.0
93965.0,-11.3977267217611,7.76395304621262,-18.572307456296,6.71185525207739,-10.1742155991554,-4.39591833120843,-15.8937882429266,2.08301258152135,-4.9888371802491,-15.3460988468775,7.09318207259894,-14.9797547574476,-0.148288045224015,-9.93567958156078,-1.16199939019334,-11.6468338293624,-18.3838524599849,-7.40273080415809,1.94169681013401,0.208879130047717,0.339007373241803,1.34292261443867,0.239217367154604,0.534644166424257,-0.174964905765612,-0.500240426616998,-1.72206026726614,-0.574339363297002,11.4,1.0
79159.0,-1.03932912383659,1.63486796806354,1.5171057051122,2.64611259370887,0.308058676153293,1.6965283107718,0.0103920112700229,0.950830159103523,-1.67254891919452,0.509995125442792,0.724841932181229,0.476032089943446,0.584054796121053,0.582752502153167,2.26336793717549,-1.24890766271571,1.4308774287624,-2.18577353543709,-0.831066170653776,0.0339829887225812,0.0105884273759068,0.107255181080689,0.229848563154812,-0.666402524507944,-0.740114321586743,0.0561242305758884,0.204038305640987,0.120180665910927,26.0,0.0
56178.0,-0.974182918889073,0.62735902608482,1.11561122924222,0.219972954992411,-0.472153650930552,-0.0318033221161554,0.0659108737937574,0.76302945710992,-0.211731034219429,-0.513106284916103,0.920827202766253,0.46830679200469,-1.51529434770635,0.614760067517017,-0.763717055438652,-0.33848388961608,0.38710653112717,-0.351815374041765,0.165957529098793,-9.80075492712652E-4,-0.0460188124043097,-0.209670306828201,0.113340226645505,0.215707336584144,-0.0705052876927741,0.246157441530472,0.111433771909045,-0.0195363541946767,54.87,0.0
19762.0,-14.1791651073631,7.42136996239257,-21.405835744128,11.927511869244,-7.97428068736155,-2.20271027666529,-15.4716122801735,-0.356594909586509,-6.38012489838839,-13.3482776536659,10.1875873241664,-14.5639797552132,0.59375935763569,-14.4915983463022,-0.281392503951236,-8.2641288443605,-12.4398049728466,-4.83707902601307,0.753149847889189,1.00276434172175,-2.36683606243662,1.13095519799655,0.991153238179024,-1.03313210707298,-0.327179344936207,0.634692903522304,2.17190494464567,-1.39528768393339,1.0,1.0
35585.0,-2.01900071938148,1.49126972926361,0.00522181572867197,0.817253270463702,0.973252233873376,-0.639268312778292,-0.974072997078786,-3.14692889107659,-0.00315907368902013,-0.121653217684609,0.0243696057661544,-1.07381224038496,-2.00276910919169,-0.895433620751722,1.74893630108012,-0.103527023620705,2.03119574973193,0.31759835677742,0.38676063692414,-1.02996468249782,2.83959610796444,-1.18544284096841,-0.142811875801854,-0.0861029384113329,-0.329113253522425,0.523601226377288,0.626282771397878,0.152439938058669,0.76,1.0
85573.0,-1.7567118508365,3.26657425418237,-4.15338789695403,3.92452561357555,-1.7537718434176,-1.0057867792296,-4.31321717578502,1.56071190324579,-3.29567366751075,-6.2133552491157,4.52299197543382,-6.6528440527591,-0.12468523386066,-8.60448620191387,0.110359314846888,-5.94548061159606,-9.33893779428438,-2.39019258818085,3.18415235636348,0.874720103498016,0.911427441871296,0.0530612807310541,-0.367700953962814,-0.776337755840596,0.292093831084717,0.025999713844171,1.0629681996854,0.501148168228208,1.0,1.0
64785.0,-8.7444146436792,-3.4204679837707,-4.85057473189452,6.60684578567387,-2.80054617200457,0.105511583647205,-3.26980129883546,0.940377922978903,-2.55869060182863,-3.62477471396623,5.26786160380362,-5.58369692598496,0.173895592410693,-6.67997675520914,2.08419914311417,-4.3488914455328,-8.76078602293495,-3.40754854415232,1.33293006548133,-1.81831542477292,0.102912553839685,0.311626102287519,-4.12919549979785,0.0346387321763146,-1.13363123097119,0.272265246225774,1.84130726881613,-1.79636258672205,720.38,1.0
25198.0,-15.9036352020113,10.3939171427504,-19.1336024646827,6.18596883540498,-12.5380209157442,-4.02703044708406,-13.8978265981985,10.6622517826007,-2.84495398482036,-9.66878891236125,7.39441941053863,-11.6356300484755,1.42327692545531,-8.64045910049478,-0.674719538892936,-7.69556878829619,-13.6841395944616,-4.77740603940726,1.26834277321029,1.50156541071894,1.57754822493456,-1.28013712313136,-0.601294526869194,0.0404039214626868,0.99550197117886,-0.273742711729157,1.688135896398,0.527830799573719,99.99,1.0
110617.0,-1.10103546371767,-1.67492805871463,-0.573388195590639,5.6175556662941,0.765556412634615,0.440607080848915,1.93474047501363,-1.01978754945585,-0.19324423129657,1.7837390603636,0.606910821999133,-2.85427542751023,2.37947304553589,1.26814661675691,-0.28361908940932,-0.482192055998123,0.8110054093379,-0.357910684579857,0.752760921550722,-0.0383141473363703,-0.412525822025647,-0.208823118913215,0.344832725150856,1.09143473162108,-0.686512742633337,0.0758089204336296,0.0338647378770195,-0.83285502022751,635.1,1.0
39648.0,1.17946726252648,-0.421955569105851,-0.0107361984013195,-1.45454361347595,-0.869898478949548,-1.48897696898848,0.0680530322644885,-0.121946738570283,1.04294523659162,-0.843970753816799,1.60261020190179,0.422525626778953,-2.10028387536175,1.10847089385654,1.12649685664759,-0.299016205344506,-0.14692125212364,-0.0272639951496063,1.21132348099713,-0.108035892999126,-0.406440406399872,-1.38736419060671,0.201886543230844,0.456084204115877,0.0845560293029908,-0.510912639997816,-0.0380706759468657,0.0136791681816257,55.0,0.0
74190.0,1.27102800517288,-0.476849567699445,-0.0672602390018705,-0.546508033886851,-0.649537686618517,-0.533639627485638,-0.459172339160783,-0.0786868305499882,-0.964781190340726,0.251128710149211,1.36465671910065,0.314759538193902,0.656473002853948,-1.29622939454801,-0.67856910161751,1.38002612836655,0.901901648491922,-0.716167307009518,1.06172558443719,0.255178678188652,-0.012722083808685,-0.13201300965804,-0.117259554259757,-0.0438289091650244,0.494085869655024,-0.305860623221299,0.0122855644730653,0.0348354399207562,63.14,0.0
48884.0,-2.13905055735992,1.39436766175691,-0.612034894995233,1.04932705568948,-1.1621019076536,-0.768219363115428,-1.99723740081007,0.574996543366778,-0.98083177624058,-2.49561924548174,2.5555891530874,-3.53043627008024,-1.01623381526368,-3.45519657744236,-0.0563633864076254,-2.46773703008032,-7.14032596614864,-1.27128002161365,-0.00172192354163427,0.0254265126136498,0.696954881120808,0.740003045389771,-0.15511524943514,-0.0506074460808317,0.268368293338874,-0.469432841163864,-0.405813768055179,-0.152170846988601,19.73,1.0
18399.0,-14.4744374924863,6.50318451651946,-17.7126323688621,11.2703523334822,-4.15014206409808,-3.3720982088695,-16.5358068114174,-1.4439469925952,-6.81527289964437,-13.6705451263516,10.5452629545898,-15.0226996343749,0.171633085144947,-15.0663743633461,-0.259575939555838,-8.6687392723375,-12.8041408991277,-5.11662049533788,0.579200358016368,1.10124987016838,-2.47596222945688,0.342390706034285,-3.56450803816097,-0.81814019000188,0.153407682695978,0.755079460824454,2.70656616161759,-0.992916047059418,1.0,1.0
83934.0,-0.433222446537596,2.42837911824053,-3.99645439738162,4.87129854095106,-1.7963078560437,-0.586867589935922,-4.65454261848565,1.28522967071729,-2.74353881589949,-5.63894131284807,4.3437434980468,-6.65573446968769,-0.293108662762872,-9.50514082568186,-1.39614905931922,-4.85032315924603,-10.0062528282393,-2.78959811229388,0.98258385892977,0.745029329890697,0.713558821786954,-0.408953595906886,-0.320889532152165,-0.804230275167984,0.962851575679124,0.199558010666927,1.09453318209808,0.541147567735467,1.0,1.0
43779.0,-0.745676966491461,0.0952674127742197,2.81297487840546,0.156398434212588,-1.04095658950232,0.38166977321197,0.0414664364852795,0.352213606012186,1.15080137098776,-1.24561398541771,-1.6488982875618,0.158623503859029,-0.939229652688882,-1.08397642625094,-2.15529307676461,-0.351036072145268,0.259703671312601,-0.429408815226787,-0.0533621171601262,-0.0564417764689344,-0.155238367399477,-0.198386268202629,-0.136470682934302,0.412851488656445,0.473370234253035,0.30726752867113,-0.0317173365310181,-0.0196837732933666,68.0,0.0
1162.0,-0.744503252404298,0.986799798588858,2.28137071938004,2.60976859648554,0.0914010487366191,0.71091758595762,0.0141753756785986,0.182283438740005,-0.681031009819303,0.521527419226252,-0.70405429543424,0.286121523207144,0.831432640576005,-0.560590517061911,0.0635548705336722,-0.395568947530112,0.230269452251971,-0.41045752649258,-0.09123041931432,-0.0305734430376692,0.240347973395086,0.895750270689155,-0.21149500815111,0.144960470517871,-0.360355751191747,0.223012393298809,-0.0545536100183476,0.167833113654749,9.75,0.0
31789.0,1.17502373360503,0.651358666655771,-0.480341460791592,1.1038805357436,0.531030739898199,-0.250063169170629,0.155885220259308,0.0348461235775071,-0.402279764338864,-0.57001802614532,1.82988870892643,0.797247268245299,0.35877294027517,-1.22359393081205,0.613855136033005,0.574283797825264,0.776037140242142,0.689057844721168,-0.573656393649555,-0.078243070593653,-0.00465484580173022,0.0824530371276171,-0.152700696196527,-0.428869430751061,0.64777308121901,-0.296340478372129,0.0505238719549713,0.0415796779864788,1.0,0.0
35906.0,-3.51902954497457,4.14086717613266,-3.62820236883577,5.50567203744754,-4.05746250583351,-0.905945282755562,-6.65203112089008,2.63452416520597,-4.67940204045465,-6.54624181523522,3.53820204012168,-8.04228514248667,1.69750938374612,-8.05104890186539,1.07045739646232,-7.39595692479141,-14.3296261567476,-4.86801023649552,2.46384303909831,0.898723234092648,1.58255593340505,0.778710245469243,-0.13570727840987,-0.00427780027496027,0.0327061591060809,0.362014053476722,0.900925137512513,0.554897499272323,9.13,1.0
96135.0,-1.95293262584861,3.54138524292281,-1.31056140773257,5.95566359407,-1.00399266347247,0.983049267722507,-4.58723460197373,-4.89218360319852,-2.51675203271071,-2.85032390160027,2.02467408050134,-6.48774641306604,2.37646259977422,-2.24151634571345,-0.566869734947616,-3.93685691797738,-6.12719357199364,-2.32855196140235,1.56212955232854,1.96502978343686,-1.99809122812016,1.13370623369264,-0.041460872197789,-0.215378738296157,-0.865598577097396,0.212544577403768,0.532896738259478,0.357891632792824,18.96,1.0
56650.0,-8.7620833940977,2.79103028235041,-7.68276685719257,6.99121396498416,-5.23069545140333,-0.357387950702527,-9.68562145610769,1.74933494530821,-4.49567886484426,-7.86450647898838,4.77414774007074,-8.24589788162945,-1.33349186005079,-7.97425052332349,-0.39879894749855,-7.24434047432354,-12.7600939511044,-4.82474022298701,2.83699299496563,-0.460389538640294,-0.0905267878788197,0.34858962816605,0.0511323900482543,-0.41542987238242,0.219665266254896,0.330020364891881,-0.0282517554687547,-0.156270272972183,7.52,1.0
54429.0,0.500324318515565,-1.16120088279714,-0.805991536673291,1.15703298641537,-0.139869428067537,-0.0423616367665662,0.674075310802003,-0.179270638263855,0.233749661316342,-0.145778970218602,-1.87134966064393,-0.980879163769885,-1.04362576519371,0.67529790917898,1.22636139955746,0.578404069957218,-0.843925846236724,0.561336462190305,0.0268178021321439,0.701112006542518,0.183745062961987,-0.472645861096865,-0.639554566191614,-1.01941225662187,0.668310468780922,-0.283498665224738,-0.0793180744573058,0.079090388301952,439.98,0.0
49886.0,-0.428100523222403,-0.00263207628904141,1.4416993175094,-1.04094385841498,-1.04909060444626,-0.91846524294984,0.887088436849143,-0.307758323406483,-1.75400196492208,0.0585897211608612,-0.136647454475219,0.246634509692348,1.33031542406907,-0.16379524527743,0.505547410496909,-1.47490035269199,0.0388051222048516,0.675976014845818,-0.666314475462864,-0.0392343434343005,-0.390991683465332,-0.914342641237303,0.403095759139211,0.712568547430902,-0.350239518922846,0.746873022196421,-0.0508282480771264,0.06686777737066,150.35,0.0
43369.0,-3.36531852073793,2.42650326490524,-3.75222652688429,0.27601659835291,-2.30587029698066,-1.9615783188747,-3.029283444673,-1.67446174770883,0.183961286375875,-4.98092843827312,3.65788166668826,-6.40982235504524,-1.0873102947816,-8.50943318717532,1.43257178733402,-5.36989001074152,-9.06907940021057,-2.81980659631422,0.874542948076265,-0.0368373256714411,2.07000816413804,-0.512625728150551,-0.248501692422131,0.126549624264963,0.104166256940212,-1.05599732614735,-1.20016496678239,-1.01206584314534,88.0,1.0
72709.0,1.22371822352915,-0.817202631561224,0.361810802148917,-0.709238747839559,-1.13833613444959,-0.490804157487911,-0.593540492564373,0.0225071358426644,-0.875000983421038,0.816309272146161,0.77238577541413,-0.107435409401534,-0.841070686251009,0.478349555826535,0.431856317825718,-0.74199904812605,-0.381314284971861,1.43155792059399,-0.262596481302669,-0.380757358114812,-0.635467672523813,-1.65462636107991,0.190118006516528,-0.0427987031700601,-0.175189784940242,0.675772053415355,-0.0745314956923442,0.0136156402765345,78.48,0.0
28770.0,1.05079264184304,-0.306533620637174,1.24269323245255,0.676053243545309,-1.12756151092378,-0.180003778904937,-0.624260393351806,0.123654695218879,0.459095778282538,-0.0615900479848609,1.36102439692398,1.40786569131518,0.629065421035645,-0.218388280934678,-0.12790613359587,0.446207247750288,-0.530435277251013,0.371310268662435,-0.0348352391698883,0.0525245693664872,0.193725115305429,0.606869403059405,-0.0894126557829273,0.616999882858862,0.274842315915222,0.535775040167929,-0.00310878088805434,0.025043665550864,55.0,0.0
43369.0,-3.36531852073793,2.42650326490524,-3.75222652688429,0.27601659835291,-2.30587029698066,-1.9615783188747,-3.029283444673,-1.67446174770883,0.183961286375875,-4.98092843827312,3.65788166668826,-6.40982235504524,-1.0873102947816,-8.50943318717532,1.43257178733402,-5.36989001074152,-9.06907940021057,-2.81980659631422,0.874542948076265,-0.0368373256714411,2.07000816413804,-0.512625728150551,-0.248501692422131,0.126549624264963,0.104166256940212,-1.05599732614735,-1.20016496678239,-1.01206584314534,88.0,1.0
75885.0,-0.776148964568161,-0.170046212139175,1.13618267832036,-2.19062076139229,-1.40029395819729,-1.33713782426929,-0.494276521310707,0.167476817303247,-2.44062672450666,0.719789206110508,-0.600921550173711,-0.882150606670555,0.378585978783463,-0.123031118549749,-0.152223833334531,-0.237384044545751,0.531065951259494,-0.0106997312373726,-0.888129944840776,-0.518220374829876,-0.0169809850055154,0.10796617214091,-0.00691067337184824,0.683369855009002,-0.463558479713748,-0.457514201966918,-0.0617049953759368,0.0375059078507938,30.0,0.0
25231.0,-16.5986647432584,10.5417508026636,-19.8189818085279,6.0172946473619,-13.0259010501237,-4.12877900260013,-14.1188648469369,11.1611439952369,-4.09955143059712,-9.22282550730978,6.32936467621872,-8.95219071159749,-0.138363691274054,-9.82505442102721,0.0572235922374037,-7.54168742379503,-14.2595985921417,-5.03505152375192,1.43226792970939,1.53491982113512,1.72585282658181,-1.15160577552799,-0.680051901875725,0.108175914514646,1.06687834149611,-0.233720431391328,1.70752055210726,0.51142316911239,99.99,1.0
110087.0,1.93494645561548,0.650677737498259,-0.286957048622899,3.98782809057201,0.316051835129206,-0.0994493763543019,-0.0214831582313935,-0.172327298889228,0.508730034701461,1.07295520625891,-0.427567391481657,-2.777649223895,1.63714014878874,1.5710801214626,-1.44536681818908,0.908649625166723,-0.122016068028642,-0.104109917156777,-1.6840216339214,-0.344452123814994,-0.173601631022283,-0.190973581696087,0.219975571293889,-0.216596550704603,-0.136691885594352,-0.129953649978571,-0.0500768352982461,-0.0510818960798855,1.0,1.0
58199.0,0.340390790889508,2.01523346310003,-2.77732956104823,3.81202413104427,-0.461729071578821,-1.1520219714746,-2.00195866818811,0.548681056661142,-2.34404166261939,-3.07669858515182,3.55473755027372,-3.96968929955842,-0.932183689489454,-5.87606732124924,-0.0667394504128529,-1.49528077472825,-4.42475717388751,-0.619323237398381,-0.231198386269899,0.326772803133095,0.29976881646527,-0.583282924090166,-0.187696049565752,-0.329255753153177,0.732328138266652,0.0580797142765515,0.55314334331356,0.318832445723953,1.75,1.0
74262.0,-2.25053480921229,2.36575487772312,-2.95549117924385,0.0897905975142065,-2.83074456678034,-0.844461639207772,-0.174061560679368,-0.407138137833787,0.174216293591102,-2.9989262562074,2.60516857519668,-3.67771661422902,-0.961254636207547,-4.62948099682303,1.94218161282,-4.18037888438458,-4.60568646763486,-2.55718413666009,1.58958220191211,-0.48653714178381,0.256559618287662,-0.466245243122949,0.291104927494009,0.242566552797207,-1.27909371150404,-1.12353433717278,-0.630976512544474,0.326839204012689,311.28,1.0
29673.0,1.36615641100146,-0.824018745894655,0.490397056168089,-1.06108700414937,-0.742684218387036,0.716030115919167,-1.25606643311648,0.31826511955418,-0.51669581556042,0.746432831747048,0.485419324505901,-0.471871920043374,-0.0135928696516335,-0.208146775342813,0.797469382451741,1.74286461487173,-0.315543792126837,-0.374671720762768,0.595746874690872,0.0841504142534716,0.38049845535703,1.0340363099053,-0.226535183294053,-1.11721291633157,0.464497284225845,0.0367207496073704,0.0455669584712397,-1.63199356660429E-4,14.0,0.0
60171.0,-1.05660826644572,-3.97000157169796,-0.532448585928079,0.427336258942571,-1.72553810299291,0.700708086213182,0.827484956146225,0.0415398191577528,0.222853612307318,-0.702793532028437,1.88755298922952,0.878609213984876,-0.230873115226576,0.633169271956181,1.40978637686527,0.34555789017465,-0.0213434386238572,-0.51279974949248,-0.734882693298202,2.19707747620929,0.641203892643532,-0.737850350271145,-0.804526267068094,-0.171234840930192,-0.657768413676649,1.05698054533331,-0.269812419485652,0.191271339492687,1144.93,0.0
54605.0,1.16977911885897,0.263911700171566,-0.284587065287034,0.867360022365702,0.690687431051827,0.307005366918717,0.377050478764378,-0.0692446252188829,-0.257727558636841,-0.0655811445882905,-1.12311119933991,0.43971750605219,1.19611079304185,0.239059394235692,1.12888576585789,0.250958452660423,-0.710197274835541,-0.796250782639752,-0.015672858095217,0.0557469689183365,-0.486261825914055,-1.51302201956435,0.0183401604417562,-1.38639375584672,0.37065430480847,-0.731793697487126,0.0195240978735525,0.0247360709585989,67.0,0.0
70945.0,1.35972844093181,-0.978586765191599,-0.772944307028454,-1.7039077871759,1.04008575191645,3.5024535413691,-1.38964790920252,0.881542821544018,-0.665643341324008,0.697657387846744,-0.328307386295109,-0.294785005593841,0.47406480376199,-0.0413979647089227,1.35134270375075,-0.631917057085814,-0.69462592902203,1.74421705188419,-0.628180793905575,-0.267806105515229,-0.275989145509568,-0.497640704171399,-0.0179662964250992,1.04710078404077,0.276393316963669,1.12023239269581,-0.0326775035404094,0.015495253188609,38.94,0.0
80732.0,-1.4743184918919,0.325640416571646,0.223649346422369,-3.08093728205874,1.44437854387546,3.5117319348085,-0.733069060905677,0.974244675080143,-0.345707877688494,1.19342025917755,-0.216511619430186,-1.08549574061159,0.191375938006889,-0.808686529504964,0.743748629375087,1.8569608449782,-0.771136308867901,-0.39635199128885,-0.016413231330293,0.532530679042315,0.250586911656077,0.885425163603924,-0.359208560343205,1.03025179081492,0.341825597867657,-0.238124191191985,-0.152670340485849,-0.192833498731477,24.99,0.0
60974.0,0.66410987666735,-1.86640020137395,-0.752423272576545,-0.367034840181056,-0.925876575496691,-0.482148772647046,0.217852045205457,-0.306245691881269,-0.628590258929327,0.409351054044076,-1.37389322964139,-1.17710917629206,-0.576197263978477,0.00559156059994024,-0.0292706606533567,0.86272631792337,0.374976504703878,-1.20449529691817,1.00082443824409,0.885575418925341,0.343008722999763,0.0454887681809735,-0.632125162655642,-0.391215432293347,0.717978782726955,-0.0560071414151464,-0.095849592520387,0.0676339297316181,435.0,0.0
94141.0,-13.5120737201635,8.21517673687939,-16.5826057272747,6.20736889019759,-11.3184715177058,-2.99720698778128,-17.6404704062016,0.0403490750758574,-5.62023218946632,-15.1237521803455,5.93465734341534,-14.1750301634055,-0.169044491655796,-6.55255368427192,-1.57000723316824,-12.1725530183154,-20.1645422294456,-8.66881519685045,2.55087034384644,0.694574465326517,-0.907905601256761,1.5140282763652,-0.141879203311202,0.789185965955202,-0.0313427677694401,-0.255056581600699,-1.86583088908172,-0.442204311521227,45.48,1.0
116067.0,0.949240654782111,1.33351901279168,-4.85540201400676,1.83500588341825,-1.05324529225553,-2.56282606985029,-2.2869856262026,0.260906489976679,-0.895365545923127,-4.54261203828437,2.45371037821171,-4.92519869522976,-1.20041197086128,-6.42437211273331,1.01489749133407,-3.12942132163446,-5.14703878335167,-1.81543652928925,0.520496923051347,0.424608328846183,0.306598169644708,-0.854626651528392,0.101176995923819,-0.281497410249515,0.0244439388949186,-0.107944111820021,0.625288550407281,0.315677390712111,65.0,1.0
26523.0,-18.474867903441,11.5863805198184,-21.4029168131391,6.03851541556808,-14.4511581398683,-4.14652350569915,-14.856123673178,12.4311404723263,-4.05335328722588,-9.04039624894471,5.96620250720685,-8.46396612952571,0.0786921317878341,-9.09253265181295,0.0108220973904713,-7.1863755078292,-13.7974745003699,-4.95849390971089,1.32116655982617,1.5779244011474,1.74113559593371,-1.25113794883836,-0.396219126116475,0.0957055555718895,1.32275094272025,-0.217954564863573,1.62879253147016,0.482248274865402,99.99,1.0
84259.0,-6.26438096285893,-7.71549245714726,-3.15060089343836,1.26575405445637,-8.98234649710941,5.57793774006952,10.9496960165103,-0.133414987245225,-1.42555210614776,-3.68354079616786,1.0432896080432,0.117842031624994,-0.224964791285814,0.722647902364431,-0.637946921312833,0.281392555854327,0.102075033051389,0.29003711544787,-1.3114937817777,6.73297348912715,1.75912056417765,-0.403892079747993,7.4524095264929,-0.650343232043118,0.95877287924033,0.236174199091351,-0.898557336293856,0.326831873689086,3164.76,0.0
93904.0,-11.3206331107815,7.1919501426236,-13.1790825454686,9.09955188204157,-10.094748875094,-2.44011507020033,-14.1843372950953,4.45250293397358,-6.24196000276902,-12.618162687238,6.05731930477932,-15.7176066468772,0.117817409556609,-8.65374335706751,-2.50255377627617,-11.2313644545234,-21.5851521412337,-9.09089206099764,1.17118873250237,-0.180934725269677,1.08223532776525,-0.350562500439559,0.483043945803059,0.661132920850802,-0.396521511995203,-0.413315388408682,-0.997547797965388,-0.235035882545031,37.93,1.0
54846.0,-2.98646550822273,-8.91229481688474E-4,0.605886830263541,0.338337780759695,0.685448451171472,-1.58195443740193,0.504206377175919,-0.233402618007887,0.636767742518801,1.01029102209398,0.00451796796642434,0.0443966388940644,0.420853062352676,-0.931614224984722,1.14797368277192,0.48306309357216,-0.152470829644753,-0.285666258848129,0.0725498490088206,-0.764274258309323,-0.875146363670133,-0.509848660993286,1.31391790371009,0.355064731381086,0.448551563224067,0.193489780350156,1.21458768687535,-0.0139228973515758,1.79,1.0
8614.0,-2.16992897559082,3.6396539992044,-4.50849778617728,2.73066814884895,-2.12269287053048,-2.34101682766366,-4.23525308290613,1.70353765763508,-1.30527913344307,-6.7167200227127,6.35361231915591,-8.60164826276464,0.449930038237225,-7.50616937408145,-0.438081781812467,-3.69451599830956,-6.30475338603049,-1.26758712788115,0.357987030484253,0.5007790539507,0.645103275621378,-0.503529448911197,-5.22821818299227E-4,0.0716957787676742,0.0920074334247208,0.308497931577036,0.552590914653841,0.298954478709399,1.0,1.0
94192.0,-0.364411721061152,0.838834919769881,3.61192269564729,5.06991151559774,-0.479390464275042,2.27141408060512,-0.688659565782671,0.251998172172036,1.01833962291363,0.872471400240563,-0.505604307269693,-2.10631762663142,2.95626426370779,-0.318715071442158,-1.98268748787623,-0.663082015899037,1.31809425189393,0.455699875895138,1.1739289240111,0.256160272302374,9.75775953681174E-5,0.93998355881953,-0.176581643358516,1.17118498137973,-0.577269496510036,0.402184729619369,-0.00565457604942259,-0.051759816066792,37.83,0.0
41147.0,-5.31417320646342,4.14594361146639,-8.53252245892907,8.34439167363678,-5.71800820787464,-3.04353608094129,-10.9891846672722,3.40412865609659,-6.16723364181153,-11.435623996076,7.67453383416429,-14.2960914258331,0.526938923712363,-15.4450258118019,0.991651201275811,-12.3913460034009,-22.5416517287861,-7.98672065349455,2.99255446334225,1.15001731865814,2.33146580801509,0.862996305559532,-0.614453237551036,0.523647877136623,-0.712593271662611,0.324637964828057,2.24509146635599,0.497320848969724,88.23,1.0
56887.0,-0.0754834663888726,1.81235458422751,-2.56698081016962,4.12754860722303,-1.62853157024518,-0.805895445766318,-3.39013454458215,1.01935326231828,-2.45125125188341,-3.55583492739064,4.31571103012142,-5.47980167679906,-2.11550315600957,-5.5887855765974,0.280108069299552,-3.50723062361012,-7.45709493793125,-2.32549168188332,-0.440434552920779,0.338598140549314,0.794372451897782,0.270471232297866,-0.143624140755259,0.0135659145316466,0.634203128800614,0.213693187250942,0.773625466697089,0.387434054572014,5.0,1.0
43213.0,-1.48235523015495,-0.297768470634446,0.792770088611767,-1.77030668014887,-0.602852071086305,-0.755699499623172,0.0665043827031901,0.675947841036761,1.10493581120338,-1.58181157476365,0.204948776155407,0.102189244466811,-2.24262465840094,0.808410097950154,-0.10552891062162,0.00202517591230627,-0.401354789239234,1.06895172852174,0.406116482614342,0.164693899761769,0.229236926481319,0.292423634407011,0.075588110198699,-0.044071002739685,0.0513799191535427,-0.821840737928174,0.251314379214075,0.052141399262596,122.19,0.0
81502.0,-0.798571137497438,0.60123475563403,1.45208756767161,-0.463584361302764,0.582378545545042,-0.573041228748782,0.811679547186813,0.0894596914706476,-0.915115626622403,-0.604122587790886,1.54571522021513,0.590543143188247,-0.517721690439892,0.550262062003399,-0.187878228261062,0.0349451452046932,-0.384930544401131,-0.380148657174639,-0.782375510622274,-0.0530018849577212,0.0942652606138726,0.0777576941261182,-0.197049148988744,0.23391221088359,0.525874911768313,0.291413675107277,-0.106922841315532,-0.047228232366789,25.99,0.0
87006.0,-0.154934615427713,1.18306960926834,-0.43415458050083,-0.692948540410046,0.939159310843452,-0.487177183912856,0.925657334560036,0.0191359219209085,-0.23684174415249,-0.391776208074373,1.3132807998848,1.02032736244188,0.617688431128849,-1.02234659558858,-0.963182814986559,0.382905943556133,0.164300188367887,0.0478474889122308,-0.0909721090447743,0.190027250091936,-0.300316519071725,-0.63710213469803,0.128366147027352,0.616808620585465,-0.401259993561116,0.0954316996378145,0.338189144827267,0.132979920170337,9.88,0.0
53658.0,-1.73934096431325,1.34452078912347,-0.534379047474665,3.19529149873811,-0.416196142475576,-1.26196066822182,-2.34099093949748,0.713003645507275,-1.41626499933122,-2.9966693020716,0.747478135782509,-4.59661151187479,-1.92775970193864,-4.75707449850737,-1.2478148188713,-2.53549425081321,-5.35646454386042,-1.97474852459452,-0.603726269220942,0.00274947845372853,0.38318010845642,-0.21395221812466,-0.336639824887574,0.23707630076775,0.246002931555889,-0.044227636498999,0.510729074882634,0.22095159365596,0.0,1.0
81372.0,-0.88525408859895,1.79064923163963,-0.945148961205205,3.85343274655953,-1.54351007486649,0.188582114329739,-2.98838275644296,1.34405855095688,-2.29453470924744,-1.88617599041763,1.90428359307622,-4.00241403073237,-0.936955588407958,-2.80191542309724,0.798328052783254,-2.34873992555213,-6.42673430721498,-0.827308425201024,1.73238175785046,0.370040520565647,0.746159905151139,0.550802011985416,-0.0348823420887786,-0.56760840448119,-0.528317952733951,0.258782456503747,0.506892694941992,0.176735548819463,7.57,1.0
34687.0,-0.860826892469905,3.13178963278262,-5.05296813449749,5.42094070941518,-2.49414141557203,-1.81128662834635,-5.47911745062699,1.18947198655298,-3.90820579292615,-7.06074618169306,4.72997415443333,-8.62905440849263,1.17879796289388,-11.1820634139742,0.445243112696547,-6.53298227788478,-13.3892507167674,-4.48041256680694,0.432054206519352,1.0857595200589,1.19269353963797,0.09035581053399,-0.341880850908644,-0.215924151333767,1.05303194615504,0.271139003495332,1.37329957704625,0.691195095871691,19.02,1.0
35771.0,-3.21895201068387,2.70853541135777,-3.26304158740062,1.36186594394607,-1.64577567536596,-1.85298187130258,-3.06995821412732,-1.79687585578416,-0.213356097435365,-3.55198400939375,3.77974953895486,-6.98477147722078,-1.14097718858781,-9.37787845231763,0.921463506707037,-4.65207119462111,-9.09423129737693,-3.08254995409724,0.132330776389272,0.571654488206511,1.80787725006384,-0.890421395077162,-0.325814386573867,0.123039596922715,-0.0930137472776971,0.232105969675678,-0.310518998304807,-0.745294626799623,60.6,1.0
94362.0,-26.4577446501446,16.497471901867,-30.1773174564996,8.90415677106517,-17.8925996927224,-1.22790388102871,-31.1973285494605,-11.43892041491,-9.46257260540015,-22.1870885620007,4.41999660154863,-10.5923050053728,-0.703795803703315,-3.92620731586873,-2.40024649210124,-6.80988994039049,-12.4623149481086,-5.50105078380738,-0.567939572890149,2.81224110932946,-8.75569832116533,3.46089334478551,0.896537503959012,0.254835536763482,-0.738096558530353,-0.966564233789852,-7.26348214633855,-1.32488430656137,1.0,1.0
52774.0,1.12987002584433,-0.193463496872982,0.57462040385191,0.628044971339153,-0.862324853258371,-0.851985359580079,-0.198193892214088,-0.10159589292546,0.444957027118006,-0.0638143061151158,-0.524136997526863,-0.340682069684742,-0.785572952686159,0.312676006119995,1.29396313700935,0.440658535052828,-0.410661601216674,0.104556732589809,-0.361763837096117,-0.0247371419389656,0.156800865605931,0.323292016637567,-0.126076061407596,0.420400243560066,0.38128355142163,0.583863120343347,-0.0437132043809473,0.0238555732720994,66.13,0.0
58765.0,-0.59516903848045,0.911313632728297,1.05474901212992,0.4011396239769,0.396594873532052,-0.534363663015288,1.49792465098465,-0.217794987102439,-0.901286135089755,-0.589787776744682,-0.848252761072864,-0.0429890431033394,0.325527626896952,0.350665085713051,0.560372132245361,0.00971788268301372,-0.53219792394651,-0.331226725585068,0.266827872270762,0.202795659594458,-0.256683609453205,-0.987819569583528,0.158082096320916,-0.187769896902143,-0.0146264814396325,-0.763470808781967,0.0657023290737613,0.128271854219934,110.45,0.0
110747.0,2.07750399641463,0.0612573469114818,-0.983246836787442,0.584661399967725,0.00317950733470074,-1.08288702260157,0.0874818208325237,-0.405783724291096,1.83697203349245,-0.296585971961438,0.0741766685856292,-2.11795584109652,1.72779823929379,1.70136361224137,-0.686585774476235,-0.0914647439343164,0.390686624333942,-0.548094332861233,-0.00119438994442909,-0.2648510686383,-0.450037708352136,-0.912162291243267,0.3345666763712,-0.171492379573146,-0.301541690178005,0.166587499341097,-0.0974995531880164,-0.0680076061383079,0.89,0.0
110087.0,1.93494645561548,0.650677737498259,-0.286957048622899,3.98782809057201,0.316051835129206,-0.0994493763543019,-0.0214831582313935,-0.172327298889228,0.508730034701461,1.07295520625891,-0.427567391481657,-2.777649223895,1.63714014878874,1.5710801214626,-1.44536681818908,0.908649625166723,-0.122016068028642,-0.104109917156777,-1.6840216339214,-0.344452123814994,-0.173601631022283,-0.190973581696087,0.219975571293889,-0.216596550704603,-0.136691885594352,-0.129953649978571,-0.0500768352982461,-0.0510818960798855,1.0,1.0
102676.0,-5.55212217135236,5.67813391258695,-9.77552798040134,8.41629539413803,-4.40984381923171,-1.50623535484733,-6.89983879692634,3.75044289681131,-3.8797925578861,-6.86416435989436,7.05106508958574,-10.1375291936462,2.81543981456255,-9.90916805374299,-0.262229551498562,-5.02255717747726,-8.52297487191683,-2.01293906157489,1.52573244095261,-0.0647801372282915,1.12847223060537,0.228484046768752,0.286257667302864,-0.536294098099933,-0.104924889157331,0.420919229293903,-0.297556884880609,-0.946184387308798,119.74,1.0
20121.0,1.23573165600165,0.485679284955189,0.438125132913619,1.32253653214955,-0.165727756306343,-0.906460369528127,0.160127460370694,-0.337091217442132,1.20888993454539,-0.369823535862889,0.615699644979874,-2.11512631983648,2.02419713493902,1.74839724318845,0.141045012395642,0.00376341221455366,0.282743494791536,0.0771871906668798,-0.576762245299453,-0.149473328657458,-0.115054154983551,-0.0322606652455853,-0.0980223125069042,0.342237982425754,0.675847805150632,-0.368663536156722,-0.011683096788101,0.0158349500045068,10.72,0.0
13366.0,1.31155467617924,-1.15501596963122,0.685252900659245,-1.09866936221778,-0.746300069706579,1.45859358629326,-1.46820388604905,0.327240842641537,-0.192635427717172,0.686713292608887,1.12195283737578,-2.27290597258304,2.78866509077983,0.616951610605023,-0.557826155493662,-2.32087440109386,2.8681672344605,-2.0633370334987,-1.61365905741427,-0.485031802276426,-0.280586620570493,0.258843708261046,0.0954650668237494,-0.990063879034019,0.235921601549762,-0.0135878963615541,0.0991956146000295,-0.00193673977497375,10.0,0.0
75147.0,1.38045068354155,-0.489382357344473,-0.209575431725941,-0.65999006572382,-0.660003174665456,-0.957742588741921,-0.123898267073679,-0.313264145057849,-1.00129556026989,0.693364428363046,-0.958553142567017,-0.39274219281878,0.216008118783957,0.244474169663324,0.75864810360684,-1.30504011081419,-0.118908936700185,0.90477126479335,-0.493496517820689,-0.400514847014121,-0.456152630557218,-0.916591861274484,-0.0426121944032595,-0.090514671954166,0.364267888546053,1.03817294465655,-0.0844625891208508,0.00219772918370107,44.94,0.0
66493.0,-3.35579530887731,-0.942618406515805,1.86622480386464,-0.57975469953379,1.58837491863677,-2.25356170691435,0.309049793868082,-0.569243582347346,0.487822508269702,0.165796199603034,-0.115619736175025,-0.139192451204328,-0.503611457174568,-0.349944306813432,0.211234531268837,0.78339340090313,-1.0696671479611,-0.773080015664455,-1.5258902717577,-1.32327604811421,-0.647176825771252,-0.711370576848409,7.54888373690143E-4,0.735854318452078,0.417176816522419,-0.174535306598109,-0.258481121651052,0.10497760069242,0.89,0.0
53727.0,-1.64927881611351,1.26397355628777,-1.05082567399718,2.23799063903423,-2.52788923751396,-0.889939993137591,-2.35525367110661,0.85465864123984,-1.28124261677782,-2.70501138232752,1.17447506014201,-4.38191956749248,-1.22666589816604,-2.95382425341893,1.99416119386347,-3.30425391022094,-5.58579436647491,-1.64370403169872,2.11863332532912,0.0874063699474628,0.679176431149171,0.731907051356776,0.333045475501739,0.392505235969248,-0.274197297543759,0.802348667525187,0.390808552793314,0.11214553148245,112.45,1.0
86145.0,1.0034189497258,-1.46246701867678,0.508758749458118,-0.622204704042047,-1.45235128547531,0.0369278375159484,-1.00236256156528,0.171618797108964,-0.0812654869496144,0.537631829903279,-0.886860664303159,-1.78705451199565,-1.62012017591376,-0.00292170768042118,1.64865226064683,1.45130531514534,0.275510634934808,-0.853037154080372,0.00607513815717092,0.325186717272869,0.466362612923813,0.815397502483375,-0.275237990449744,-0.429022877821565,0.28310199440366,-0.00161095504506747,0.0047998464649363,0.0455529808905216,199.0,0.0
55849.0,0.409257972365302,-2.09302589499904,0.996587431532812,1.34504862147742,-1.8138804906019,0.891232303463721,-0.627932811078115,0.111745274818783,0.344772806839041,0.194477479612114,-1.91949688966457,0.911862320871119,1.24773926146426,-1.2767790054265,-1.88183349516399,-1.97405587346877,0.401992190775284,1.03753910090633,-0.432280258498894,0.385895701900459,-0.304925186847896,-0.853129453489204,-0.423364771569247,-0.0810087226562572,0.369878925640695,-0.338976045890516,0.0484836185851853,0.114028963097769,443.43,0.0
28490.0,-0.97212586578821,-0.381710557028632,1.47653749336398,0.942543207328522,0.724787665124574,-0.645232341859683,-0.0144966932214062,-0.114779963817106,-0.393539591952042,0.566827687597545,0.943221668040298,-0.453331502870999,-1.35659062368546,0.544260893043502,1.33991332962842,-0.196360041687504,-0.163071422235671,0.775107108882549,2.07936724334616,0.222814240253263,0.0128765895856693,0.0362510521381399,-0.0645395749699803,0.0287057248876112,-0.517908812713065,0.550587150303919,-0.199127365356203,0.0148931819202605,49.99,0.0
25095.0,1.19239598990768,1.33897371069007,-0.678876186687009,3.1236723071222,0.643244863589275,-1.18432299431215,0.397585526006899,-0.253498538261658,0.41113497684127,-0.859862301810301,1.124059382453,-3.76387384832398,0.367975966769142,-0.971757538368114,-0.0138825132357776,1.45757852763076,2.61145033447876,1.2919552295122,-1.56381522671193,-0.185454650142832,-0.377503243008699,-0.889596747960403,-0.0742075893964193,0.0354455164139561,0.550577974200231,-0.0271712789934873,-0.0249206212266212,0.0736053986634045,3.12,1.0
42394.0,-1.66533279079111,1.8124536879363,-1.20811387495852,0.266424401974149,1.74668267572847,4.20538480783956,-1.84135471494056,-0.797058541903036,-0.930101846409676,-0.8116559840606,-0.999233468197936,0.454865057736721,-0.308787603084947,1.13933651817399,0.00828265515113852,-0.201569359005486,0.324007964947473,0.322339017999999,1.2872373871679,0.649255295914572,-1.27846260318126,0.219447998284641,0.0548946824260935,0.997222976803086,0.0928102576131746,-0.262529765414134,0.0166023666240941,0.0812988535187313,1.0,0.0
67012.0,-0.810284620420936,0.986393333747255,1.0069687785629,-1.03068223784383,-0.685310630345725,-1.4809989261463,0.615651126556808,0.100877074694305,-0.402477626805176,-0.968797980338046,-0.044255321337915,0.771930948811813,0.834548871566782,0.225422879402279,0.150405465743834,0.422266101026381,-0.369722465465882,-0.661612953836415,-0.885926672647647,-0.23226245582136,0.12316518405844,0.183189190838537,0.204729232066857,0.98210292835028,-0.892100299610363,0.585869827208412,-0.158758431408222,0.102601886071406,44.55,0.0
73081.0,1.40075250715229,-0.671380992821957,-1.13553466550996,-1.68453008105698,1.37027355092149,3.24526514729397,-1.30556113242957,0.867588848290927,-0.756760905326088,0.263907990276135,0.28854526828766,-0.873452887669565,0.245728082779248,-1.13546294622195,1.25444881209097,2.01964055271115,0.357409820172024,-0.41207695748956,0.664849330904107,0.273873347438617,-0.010800784560248,-0.302947033442447,-0.00546745857774068,0.922709796854237,0.414834073362247,-0.320571122079441,0.0370335660951486,0.0436577529571659,28.19,0.0
48309.0,-1.45800947235117,-0.337966763266736,1.96893683665711,-1.5288216441289,-1.3083008226401,0.147881190670078,-0.63057693902162,0.841090137389155,-0.675463984953429,-0.299287214915553,0.0445362385157605,-0.45153843344513,-1.20881978128741,-0.346273075641222,-1.82321705755884,1.36776418221131,0.338718507363544,-0.629519228566867,0.779304454933394,0.317055268845463,0.141211910105963,0.118859104316111,-0.0649733212077858,-0.0229850764079844,0.490526136875401,-0.307178282166422,0.150381841257661,0.008983662317612,100.0,0.0
50706.0,-8.46184470133154,6.86619841481805,-11.8382692206767,4.19421096699453,-6.92309709702798,-3.22114664850055,-7.55349651116055,6.015618186942,-2.4661434402463,-6.24624318477127,2.94398521977131,-6.51238933713471,-0.698175946764313,-7.54364593187217,0.92645528395257,-4.3302948063467,-7.33969796421674,-2.55090085394741,0.645904895509124,0.814710155897088,0.918244480856236,-0.715366336614015,0.210747336284603,-0.0602114737129364,0.509534595479059,-0.257283692851139,1.17002651560613,0.229300914797861,99.99,1.0
93879.0,-12.8336314219519,7.50878980635543,-20.4919522106577,7.46577999198461,-11.5753037055975,-5.14099947650773,-14.0205637048257,8.33212047126021,-4.33771253089739,-15.5637913387301,7.61081978841573,-15.5923232225286,0.504789055226229,-13.2478885958622,-0.796526030140245,-10.3423283585648,-16.0445243414767,-5.8821359384126,1.57369789640089,-1.37892322363159,2.96684240389381,0.615344322057327,-0.766494757432984,0.431261005079751,-0.104974994617143,-0.0100913270781415,-2.4008113496639,-0.720556600051925,104.03,1.0
41305.0,-12.9809425647533,6.72050777097643,-13.4556359425571,8.69861009281133,-11.4795517833437,-2.68151865053833,-14.0192907576919,8.21819051252864,-7.93089996826719,-12.6959474039839,5.58936163192341,-11.9608660326622,1.53867076186333,-9.88721406724695,0.6339792179337,-11.3502438549644,-21.7101876525534,-8.85945192496352,3.62971365041526,-0.84330261969681,2.54962823474498,-0.532227763596568,-0.235096473604284,0.673209169467055,0.22659797207791,-0.00616785819002466,-1.18569550568181,-0.747361321404312,59.68,1.0
57047.0,-1.12879051496481,0.856030186934551,0.494688138923017,-0.78901098758064,1.16685295959228,0.00739077022898035,0.237704230530273,0.553034215639838,-0.929266057652138,-1.04625769048254,-0.215249242911953,0.550170935765991,0.969237710517722,-0.108345773627975,-0.211953946965987,1.42685318198507,-0.986987501864329,0.833579252091469,0.191934843788802,0.017232679018282,-0.178715362635255,-0.879301274241329,-0.280893896284859,-1.43116170044747,0.0821916229336801,0.0269870053300008,-0.074952750153254,-0.0405906350338803,0.89,0.0
79540.0,-0.114360703589856,1.03612940153875,1.98440526119199,3.12824327369048,-0.740343559582751,1.54861869623,-1.70128395465886,-2.20384174839674,-1.24226477538834,0.269561809170344,1.29341829662131,0.933215784460268,-0.135325960632637,0.521483689902165,0.386884188055331,0.0598689535627266,0.306339379229928,0.265051988857439,0.223718288348024,0.732852498432027,-1.03293465200213,1.19642831010463,-0.112856718234204,0.254718993156121,0.69666788609654,0.482370416673402,0.129969314476127,0.223924333790406,0.2,1.0
34256.0,0.539275913891047,1.5548897630737,-2.06618033324968,3.24161746276725,0.184735711234243,0.0283295594064726,-1.51552137985061,0.537035374444064,-1.99984603560986,-2.13317644293659,2.75617194535395,-2.24286436771513,0.615204246860345,-4.65280380668112,0.222163815521883,-0.775666019840941,-3.21861825150599,-0.370992501046414,-0.686196723569762,0.302734578907132,0.371773459120687,0.111954592156869,-0.305225078771695,-1.05383526243402,0.77117490696746,0.240878213732036,0.418434531995645,0.232169715166482,19.02,1.0
94362.0,-26.4577446501446,16.497471901867,-30.1773174564996,8.90415677106517,-17.8925996927224,-1.22790388102871,-31.1973285494605,-11.43892041491,-9.46257260540015,-22.1870885620007,4.41999660154863,-10.5923050053728,-0.703795803703315,-3.92620731586873,-2.40024649210124,-6.80988994039049,-12.4623149481086,-5.50105078380738,-0.567939572890149,2.81224110932946,-8.75569832116533,3.46089334478551,0.896537503959012,0.254835536763482,-0.738096558530353,-0.966564233789852,-7.26348214633855,-1.32488430656137,1.0,1.0
41138.0,-4.59561704249556,5.08369023030901,-7.58101461744265,7.54603279503791,-6.94916456384443,-1.72918492987346,-8.19019171984817,2.71466961013434,-7.08316933143187,-11.1412776902967,7.38185937432083,-14.4686550955305,0.299659909360646,-13.602211465597,0.516112699650764,-13.5632729563133,-23.8156358284126,-9.17055721888169,3.66952343976659,1.68216030642087,2.24897122592187,0.566843572297808,0.0337440528595468,0.591783408003629,0.334228764687698,0.386801106292112,2.16389776726335,0.983103834042297,340.11,1.0
48380.0,-2.79077103894771,-1.46426898705405,1.03116500769674,1.9213560843992,-0.0900138203463016,-0.483871347899329,0.780731181206493,-0.348775795673106,0.609133451935087,0.225933803313285,-1.06453419450651,-0.787372737955552,-1.57646958451914,-0.126756361711439,0.367012281940972,-0.635321654596588,0.327006411459276,0.0438160872305435,1.40357376229763,-1.37672077946455,-0.392667221970544,0.440019838749267,0.777659196131864,0.418551935584405,0.244563185949918,-0.159360689127314,0.0605395343366452,0.356958362771354,208.58,1.0
80874.0,1.19992719263851,0.244116791326371,0.393452834186998,0.633665728082011,-0.495350580215898,-0.887205227589049,-0.0762518817418415,-0.0165065715715851,-0.0996830420180956,-0.0863192952105403,1.65511903280409,0.494208687092866,-0.827971872131797,0.106869401741442,0.480950532379753,0.659363867766774,-0.128821633517681,0.244247370180031,0.02107688894135,-0.137690016328626,-0.233758368486979,-0.756056438374334,0.153937472786818,0.469835571411548,0.127571905015755,0.0675635655251001,-0.0325766779515993,0.020562641908032,0.99,0.0
77688.0,1.14955283663694,0.270870581308504,0.294781245877244,1.12563121759908,-0.306517473456685,-1.02830113166998,0.357977486278727,-0.212630836235784,-0.0584596541101331,-0.028268500054137,-0.333725832448383,0.044952877224396,-0.526078279479834,0.59133752693448,0.976246136238607,0.161566513097844,-0.380619066477674,-0.615620507887584,-0.115106128314725,-0.0851952191543518,-0.448241334725649,-1.47605333510451,0.192286170096017,0.299788021996572,0.219298666828973,-0.857976862015322,-3.74621388241997E-4,0.0362556412733142,50.45,0.0
97235.0,-17.5375916846763,12.3525186682391,-20.1346128135864,11.1227714331133,-14.5710801396343,-0.381622313270995,-23.9286610291615,-4.72492103304407,-8.6030380974132,-15.2318333653018,4.41705461009659,-12.8935202086054,-0.10962845638889,-3.54722989444144,-2.17782399757845,-10.4020683266181,-18.3720191223339,-8.31409231206699,2.43582348553379,1.9251025961188,-4.35221313065903,2.38904092140055,2.01912792631133,0.627191869568278,-1.08599721239039,-0.0718032360759346,-3.83819790404877,-0.802564460951448,9.82,1.0
36420.0,0.877474452201724,-0.239634714877154,0.288939830530498,1.38037499539796,-0.209275165661424,0.185830315187696,0.140565084119003,0.0920678249378476,0.00219556701569626,-0.0174248959331267,1.17902640226523,1.27446842706517,-0.0977991465742077,0.27215606820152,-0.789669216410622,-0.514501663294125,0.010938740461269,-0.468709946675101,-0.118780189556541,0.0840729973636328,0.027627888353237,-0.00214483322267473,-0.187935647696363,0.0350793973479264,0.589783423263947,-0.343337187941727,0.0128709002017017,0.0279465727097875,134.9,0.0
57263.0,1.29696898085291,0.0642961526913148,-0.218772055674562,0.221104105710723,-0.181009051264543,-0.993970183772525,0.229300008828447,-0.229494488078749,0.208517581270015,-0.0804697037896381,-0.92183196057895,-0.583206522190276,-1.06425149705888,0.614903532841454,1.02100130095535,0.176795169451459,-0.353979388404224,-0.224071824192515,0.210846150399713,-0.119710612915654,-0.101918623457167,-0.353949339477111,-0.114719156858356,-0.0953848225104584,0.541407746349475,0.633688093507882,-0.0813029359103354,-0.00245022294706391,23.0,0.0
56358.0,1.3490602968465,-1.14770722432017,0.481910158885196,-1.4121956727274,-1.42917598673178,-0.329820209022529,-1.03049932121231,0.00716082847354337,-2.14433424975303,1.54504545020603,1.64385923674043,0.023513205200567,0.476639539440867,-0.0844822160721609,0.0962878375096494,-0.557073213395373,0.60489731099431,-0.0678539179228591,-0.402370668824186,-0.274373110441311,-0.098415155297275,0.0305332062915932,0.0439761493800885,0.218685863279006,0.247991317219237,-0.211391892004499,0.0367027661925206,0.0161332273217351,50.0,0.0
41986.0,1.4440288584894,-1.50373150483123,0.816689657622003,-1.32692389109289,-1.69037431373063,0.549652090027619,-1.74836344270828,0.298322402993246,-0.748857697605111,1.24881797704395,-1.67645372997846,-1.65400715186485,-0.958425794539378,-0.677537488682512,0.248294111978799,-0.458917262441666,0.790026492270183,0.0632456644297332,-0.117480690165399,-0.416315664535376,-0.280191774225641,-0.296225678762438,-2.25644600567853E-5,-0.819663773774918,0.230678360577539,-0.109416749452062,0.0823259115031232,0.0194046645077142,25.0,0.0
61952.0,-0.401678866295211,0.661352683369877,0.782249003358749,0.344925264297145,1.22523818477036,0.2743882420376,0.390470670903835,0.0722507765616374,-0.683690365967764,-0.499224431515561,-1.05469407935563,-0.0243877111138373,1.33186852619787,-0.51564600901379,1.65995358426544,0.0582427048659393,0.0840717113771503,-0.0786062307997359,1.08192501561881,0.292650502084843,-0.184344550095024,-0.56258906871234,-0.0274400839832447,-1.33926160359761,-0.489728512165095,0.269697361130711,0.133586395953765,0.156138537573422,17.99,0.0
79378.0,1.17971797972381,-0.337021413255396,0.84596124271407,0.701724524840129,-0.786519353602663,0.161580021510994,-0.652728872311856,0.160864315174763,1.10133754177367,-0.230658599943383,-1.61239979977896,-0.243254888363663,-0.573638951073462,-0.296773941520821,0.348701289058365,0.446939117572537,-0.433619713239735,0.13773808593575,0.270417690516668,-0.0599600661020215,-0.13679870513235,-0.302965055683128,-0.0907504114845891,-0.438731557227513,0.328506865938584,0.368260525593439,0.00497605696337141,0.0224627151557765,39.99,0.0
48533.0,1.24384844934819,0.524525772902587,-0.538883626044331,1.20919597418592,0.479537596763788,-0.19742873374782,0.0491662598481355,0.0377916321310988,0.128118590882765,-0.552902906422504,-0.668358831257417,-0.818803693746743,-0.883832091051869,-0.994580854433906,1.50684875024006,0.62400331534091,0.705794271683871,0.524181774270524,-0.73174984602915,-0.171540654731681,-0.0516598862539047,-0.0840894090242923,-0.192846388954053,-0.917391985542652,0.681952813037122,-0.194418574345634,0.0459171449577401,0.0401359980627264,1.0,1.0
40993.0,-0.597559232843764,-4.12938032966596,-2.70894526581908,-0.827210689415187,0.623755075666455,3.55056332899623,0.576783146767294,0.422229313008437,-1.02239184832921,0.140337310061605,-0.243650253781255,-0.598987919006536,0.188763872636914,0.176921711494787,0.0864782917097527,0.990663924511642,0.151555609420388,-1.00326422244166,0.843129595833661,2.36295118571356,0.749401886737139,-0.37948533247883,-1.14860106019377,1.11167700884195,0.554589836212502,-0.164709309461279,-0.209970303758608,0.184537623436676,1086.5,0.0
56806.0,0.0168278084833761,2.40082554709233,-4.220359820602,3.46221746352071,-0.624142188342754,-1.29430258598001,-2.98602831443748,0.751882724799937,-1.60667229891344,-5.97492543825504,3.26492215161104,-5.09503162409832,0.307807541258315,-10.0181060613614,0.273282636641356,-3.56253351747421,-4.37710568381017,-1.79263494349375,0.0802807729992116,0.590418382570863,0.285831617664336,-0.771508088806938,-0.265199774294598,-0.873077150100989,0.939776315964547,-0.219084743497804,0.874493632152321,0.470434221788752,1.0,1.0
85218.0,-1.62915290185545,0.300866963082324,0.622989848059121,0.567467939644045,0.641690903513932,-0.960183513589975,-0.329045400802106,0.452075313494637,-0.777520366175748,-0.19182072971116,1.14954033185537,0.937424947541338,0.683398255224628,0.0692346587648348,0.529187959235914,0.526904224551571,0.0155529019624051,0.527452475847327,0.996995825345858,0.0662013034372448,-0.13377872201672,-0.510668779370438,-0.345254084533117,0.0212451888292954,-0.731108881325899,0.0906729772243755,0.327664666736247,-0.150443238221489,2.28,0.0
49802.0,1.13877227132764,-0.120878336354196,-0.136838994758725,1.05067581062852,0.267502593257647,0.770063027908533,-0.147838495949298,0.307674261904054,0.404076782614773,0.0881911510931473,-0.214551880272229,-0.206289528222892,-1.9645414457261,0.589879784875361,-0.490886764468307,-0.0907473310272965,-0.297957295341979,0.144205885428277,0.364041126944981,-0.200335390514927,-0.129279916808262,-0.335521317253543,-0.224814516367137,-1.19270402275351,0.710109000516913,-0.254232959514381,0.0155956807912247,-0.00457116045279859,41.33,0.0
32835.0,1.33327670858324,-0.448324278462046,0.333581282815666,-0.552703430450172,-1.04915820906772,-1.32769993378824,-0.252298469003402,-0.367436447658904,-1.05265182927263,0.61461754347634,0.184023931943147,-0.0603519779114282,0.962729238660025,-0.211222840114475,0.54270732470303,0.859817712108013,0.362506914771355,-1.5921255632594,0.378737240198698,0.187006477590942,0.265560734628291,0.660686079104755,-0.115711329307306,0.784574632405039,0.603363558018359,-0.143906825430582,-0.00688423758186653,0.0221201258702621,47.8,0.0
77607.0,1.15397469128063,-0.195781769228885,-1.22606976888982,0.310936482096597,2.13063298048057,3.62721747705502,-0.36399937757311,0.834466469156621,0.165791500403961,-0.0446348238012968,-0.541523145494968,0.238460033093691,-0.212727564117409,0.204296320231093,-0.144038522408074,-0.0938337371971548,-0.509154194193694,-0.0647311964197466,0.345493059429386,0.0764821859133674,-0.149136632021462,-0.510686548212814,-0.17649185586256,1.01278132273658,0.872422287785781,-0.332665374894472,0.0146450530861861,0.0223128537434949,65.0,0.0
19910.0,1.14491406442584,0.699570345004291,0.58489558380539,3.11015165923014,-0.0917335672269452,-0.287541611299171,-0.112955843686605,-0.0736304411421083,1.10917804537152,-0.298567625129598,0.193654460188071,-2.77768141359706,1.02782863503021,0.205758151225752,-1.47196600947447,0.447832045261021,1.47805474737694,0.298354714601728,-0.985565916427051,-0.207716761299996,-0.294944200023357,-0.427777750361555,-0.0827669698510331,0.242581883472848,0.587132642138407,0.0402879291193911,-0.00804551646703814,0.0383631534371683,7.6,0.0
41313.0,-13.8972058704019,6.34428045616839,-14.2816664432471,5.58100899740718,-12.8871331616131,-3.1461763671985,-15.450467216827,9.06028147442157,-5.48612077680694,-14.6764702497464,5.1483517210937,-10.7495919949504,1.58548896754337,-9.79801207658904,0.733276999106463,-12.675268899047,-20.7406637223494,-8.15366802624724,5.2283417900513,-1.02522792390103,3.05808183846397,0.941180290424241,-0.232710298333368,0.763508019302571,0.0754562386388435,-0.453839571774416,-1.50896825698328,-0.686835738780169,9.99,1.0
50808.0,-9.16978982388629,7.09219680097303,-12.3540368689178,4.24306897383907,-7.1764377547738,-3.38661804868541,-8.05801194656602,6.44290866379074,-2.41298660229065,-6.13490688724113,2.82667122820047,-6.30984277729399,-0.623002385785158,-7.27986921938704,0.924233225976226,-4.21553713481175,-7.17167241498026,-2.55033668458713,0.596364320528384,0.816651661759946,0.926156961108813,-0.817706132334589,-0.150434415715838,-0.039383059739641,0.485639753958673,-0.264324608977439,1.1596904600617,0.232758088392131,99.99,1.0
83934.0,-0.433222446537596,2.42837911824053,-3.99645439738162,4.87129854095106,-1.7963078560437,-0.586867589935922,-4.65454261848565,1.28522967071729,-2.74353881589949,-5.63894131284807,4.3437434980468,-6.65573446968769,-0.293108662762872,-9.50514082568186,-1.39614905931922,-4.85032315924603,-10.0062528282393,-2.78959811229388,0.98258385892977,0.745029329890697,0.713558821786954,-0.408953595906886,-0.320889532152165,-0.804230275167984,0.962851575679124,0.199558010666927,1.09453318209808,0.541147567735467,1.0,1.0
28143.0,-27.1436784229495,15.3658043803315,-28.4074244550982,6.37089534679314,-20.0878775718571,-4.66631306343841,-18.7094788213717,17.9035743750222,-3.72227873753244,-8.12096173759343,4.41994345577668,-6.21094112120869,1.06383739513242,-5.84352838067721,-0.108836449172905,-5.60659732565665,-11.7562556050179,-4.71494676131661,0.783577593799492,1.70388764553958,1.79682638880552,-1.96097371657716,-0.90224745220798,0.144011442167384,2.02438803943008,-0.204214065769385,1.33215305903359,0.385890728011147,99.99,1.0
68091.0,1.20035806150262,0.342984251442988,0.421766452027592,0.620519655835934,-0.372672618063528,-0.854313507257875,0.01763234215191,-0.0948670030500046,-0.308358328179018,-0.126930158484036,1.89011131261691,1.22705941444438,0.550015733478309,-0.167288656411929,0.329805276249951,0.594767345930903,-0.207553946616683,0.0752528772562262,0.0116778269216873,-0.0487941288420981,-0.217733688751672,-0.643365118893051,0.137133773478858,0.507577607270493,0.174084899964986,0.0629140148602543,-0.0236254705713261,0.0235742363748555,1.29,0.0
59669.0,0.326006629816884,1.28663756547088,-2.00718128715265,2.41967479633278,-1.53290169734535,-1.43280331503216,-2.45952963994058,0.617737791926574,-1.12586103037287,-3.23678401592309,3.5617949640183,-3.91467935228848,-2.12495645598654,-4.45889502952153,0.578201875425492,-2.3433041192933,-5.07145010804216,-0.749172320846648,0.22842274838649,0.222666683155765,0.556894674408544,0.169775528574355,-0.174357059251063,0.308061323046213,0.710996128051644,-0.23102981819073,0.580495233837149,0.30098403791885,6.27,1.0
71910.0,1.21717126254147,0.203856297134585,0.534455838722141,0.5042128878266,-0.416042559408066,-0.665627039295461,-0.0362557158679924,-0.0622780223536893,-0.22472827643488,0.101090555791782,1.49289426011819,1.09315038278751,0.297838157342849,0.422485430230202,0.324163584831696,0.496542035531393,-0.678149865382103,-0.054654042835439,0.170673571704925,-0.0774524179211378,-0.204958088790911,-0.626836128823519,0.122868904732692,0.32596376513509,0.189757604038842,0.0769899684733324,-0.032473588210452,0.00900211817680897,1.98,0.0
42911.0,1.25083562396888,0.080003627204539,0.176533536878653,1.04933404081456,-0.386962030372447,-0.645051845405894,-0.0941287917919767,-0.0176304035124989,0.517114170113254,0.076357722783539,-1.30595876836881,-1.31894306471175,-2.39462283171201,0.766557036785561,1.28676350243249,0.382495675458353,-0.498342682210474,0.477666585506457,-0.247250120600023,-0.267879354859949,0.059780495755227,0.102275196963206,-0.175429773558148,-0.17092272941921,0.680085963702692,-0.213533972990358,0.00420277194102016,0.0131220034035049,13.0,0.0
35866.0,-2.04448868873478,3.36830621710984,-3.93711139061868,5.62311973109633,-3.0792320390481,-1.25347411822809,-5.77887959312275,1.70742815771205,-4.46710312294842,-6.0677981503786,3.83978771072745,-8.27784094846266,1.49391490811495,-8.41668121212274,0.792297928201949,-7.86265882647354,-14.5708366290177,-5.18538553288232,2.41438956859515,1.11202761894884,1.48359421639379,0.834310712862216,-0.148485620188757,0.00166885452328186,-0.0389957310939217,0.389526401954901,1.30023645611458,0.549940374167289,7.61,1.0
25770.0,-1.41164663420525,1.67762866970184,0.192594652302522,0.881381389000878,0.458719834169216,0.787077628293209,0.243002378358013,0.529616835599385,0.0922908391806611,0.500578252692428,-1.88011028489513,0.108258760585732,0.601017614780843,-0.0530706234238146,0.288264339276494,-0.765374983187433,0.230822453930631,-0.294201820913216,1.19277057410178,0.271180332633264,-0.123716097441245,-0.0135529720923127,-0.297361061310409,-1.30749837539794,0.205462670202133,-0.151779073888325,0.263935807480856,0.249095502009302,18.41,0.0
115691.0,-1.55027271502021,1.08868850191044,-2.39338766218981,1.00873271714408,-1.0875618874048,-1.10460238189499,-2.67050327670088,0.147654676391109,-0.978625549290056,-3.51413330486723,3.58604242366444,-4.05335784837839,0.862426024955809,-5.76582302154173,-0.507511029549388,-4.92186514350783,-9.56726769048681,-2.77297411117016,1.71709526842855,0.327490457262181,0.802316031461701,1.03710478869922,0.0958154204904633,-0.320190913384423,-0.0807306312824349,0.0910116872058309,0.0249284934943241,-0.0778199786198624,17.06,1.0
120527.0,-5.98474538042933,-7.32180137060434,2.28361530609436,-1.45951697973074,4.2681238106604,-3.72563403554895,-5.26186743603057,0.563978344331754,-0.655254063553696,1.95156122756714,0.231920875750417,-0.936036435077289,-0.555674820601604,-0.533304810699441,0.456766031450043,0.952312398694826,-0.475276948073542,1.41399785473322,-0.704175685492088,-0.897717288652727,-0.252641301921204,0.175790000481851,-0.992292904548511,-0.276259316135247,0.280501947301699,0.0225883696719308,1.26229319856323,-0.0172815150683718,152.65,0.0
94625.0,1.70785693746472,0.0248807914815549,-0.488140038578959,3.78754815533943,1.13945148482475,2.91467262159314,-0.743357877946301,0.699135879021363,1.0084706473096,0.912806096143303,0.7653541419638,-2.04386838674929,1.00154733873148,1.32288725448265,-2.72007696175136,-0.153429555378718,0.752610596119435,-0.755785824269169,-1.91256263382671,-0.368014254987192,0.0108651916304298,0.548257831746395,0.0912182952145324,-1.00795946020642,-0.0821828177765288,0.179709188704528,0.0077377190320074,-0.0688413102470406,33.76,1.0
57163.0,-10.3630494651588,4.54367201286394,-9.79589773551539,5.50800333404763,-6.03715599427489,-0.133492972364907,-11.7243461176622,-3.19834557193323,-4.76784222430147,-9.33212806886128,5.2241240042156,-7.74312234505579,-1.56034320038539,-7.14041803349475,1.18597782557697,-6.59870406570123,-12.1205390025684,-3.90409153348034,2.51343040062446,0.924396179705582,-2.45714487251707,1.68725664165106,0.977178353536712,-0.543368976583511,-0.289124786926125,-0.107586425389056,0.330641897772597,0.163577149556086,1.0,1.0
26863.0,-21.2091195927913,12.6521968313004,-23.5539329441267,6.17407791004356,-16.026658125511,-4.42219459449987,-16.2294437253382,14.1160019049786,-3.92274144947115,-8.72024451506225,5.49388683652872,-7.7408158639401,0.384814230466723,-8.078240669038,-0.0148996037313368,-6.7012888702885,-13.1592668578419,-4.90303149501704,1.1462752482696,1.60243883702914,1.75844007534189,-1.52258816196329,-0.903860197993699,0.130166452450156,1.45485651906738,-0.223214403323927,1.55092845004664,0.461459566763514,99.99,1.0
45568.0,-0.764879990481322,0.912576073986964,1.14516104997408,-0.0442540152191167,-0.397204118742598,-0.251839479677434,0.239770624714999,0.629075570320603,-0.750852300582201,-0.564432745036672,1.27529709274856,0.26218458966505,-1.31698121624404,1.01392581149141,0.409273191241189,0.218675730384607,-0.0731935871997898,-0.137948408261962,-0.109717174671402,-0.199659292110453,0.00987906597119131,-0.268086509939047,0.251581007232278,0.169429746775742,-0.824243701706058,-0.0132647049356746,-0.0176778104358339,0.0868222441078422,40.4,0.0
121597.0,-3.55550327022913,-1.4300270980285,-0.345408317185435,-3.47347168461498,-0.173365589679643,1.37335593233426,-0.293448313028914,-1.81461439266671,1.30216120772045,-3.35203413536857,0.485156653273909,1.28384463775961,-1.51832277661178,1.05235643094728,0.124139859904798,-0.60220264690312,0.254457412883891,-0.803409537432493,-0.572494785959188,0.295526243069029,-1.61736769686688,-0.515278669504258,-0.364977754560924,-1.65362624323253,0.468056416588013,-1.18917919882054,0.663315568044965,-0.521270382465004,387.79,0.0
103841.0,1.87967657079425,0.432232146978358,0.368847689034652,4.06169141885335,-0.135254691088003,0.373438393577877,-0.567944634051652,0.0165289089062638,0.938442270613237,0.992182789508472,-0.401061230796291,-2.50140216578852,2.11564995895968,1.1104869821291,-1.35003931307312,1.05857388501989,-0.156549686661597,0.199144419617374,-1.99307440232453,-0.31764289793125,0.0584031359407597,0.582218911489068,0.165532505592632,-0.150069664225056,-0.19110234560487,0.0414876965849109,-0.00698900507242359,-0.04085000422801,0.0,0.0
85864.0,-3.36526491864606,2.92854110729003,-5.66099919906905,3.89115992835328,-1.84037510965314,-1.80088720390662,-5.55867935318221,2.40232168278639,-2.84892272106495,-5.99567612703198,4.22130410784879,-6.11966735264192,0.0230135705891201,-8.14932178394224,-0.301351931335019,-5.37528289323615,-9.31500138499105,-2.48756256913711,2.35591891159776,0.57637946532203,0.875260063301294,-0.102501391250503,-0.606282749133978,-0.743164794295893,0.096318936065612,-0.135060497401362,1.23869473001415,0.0998237563444676,1.0,1.0
61646.0,-1.52230450950001,1.50515204317029,0.372364350808073,2.28686855813503,-0.526518744404641,0.998593092488712,-1.0875560400314,-0.027248402908359,-0.533001251290556,0.169572797878818,2.79039639060721,-2.31695189213093,-0.78253178710191,-3.43173796295146,-0.527701760836688,-3.2935576903327,-3.90149898369755,-2.52544048175208,0.79514422023384,0.412800620721233,0.332216175668172,0.493980864616249,-0.0801982925908616,-0.253327337787628,-0.477799682605952,0.991739677999628,-0.952553959120801,-0.39036399798095,19.04,1.0
94362.0,-26.4577446501446,16.497471901867,-30.1773174564996,8.90415677106517,-17.8925996927224,-1.22790388102871,-31.1973285494605,-11.43892041491,-9.46257260540015,-22.1870885620007,4.41999660154863,-10.5923050053728,-0.703795803703315,-3.92620731586873,-2.40024649210124,-6.80988994039049,-12.4623149481086,-5.50105078380738,-0.567939572890149,2.81224110932946,-8.75569832116533,3.46089334478551,0.896537503959012,0.254835536763482,-0.738096558530353,-0.966564233789852,-7.26348214633855,-1.32488430656137,1.0,1.0
56887.0,-0.0754834663888726,1.81235458422751,-2.56698081016962,4.12754860722303,-1.62853157024518,-0.805895445766318,-3.39013454458215,1.01935326231828,-2.45125125188341,-3.55583492739064,4.31571103012142,-5.47980167679906,-2.11550315600957,-5.5887855765974,0.280108069299552,-3.50723062361012,-7.45709493793125,-2.32549168188332,-0.440434552920779,0.338598140549314,0.794372451897782,0.270471232297866,-0.143624140755259,0.0135659145316466,0.634203128800614,0.213693187250942,0.773625466697089,0.387434054572014,5.0,1.0
79880.0,1.3482079493844,-0.605918066519995,0.196845836603991,-0.917662403424577,-0.731641852464357,-0.362644151213414,-0.574239456789185,-0.0153698950466562,-0.997968267719124,0.774367510226539,0.868452716454624,-0.223786898757177,-0.0797883379936137,0.105585064472002,0.161934736078508,1.61433251191705,-0.244738939428684,-0.893669507775532,1.18840761465764,0.152884328528206,-0.113494862135655,-0.583610380577536,0.0279114665953238,-0.382705885165069,0.262081658389075,-0.494604871232763,-0.00702080654816202,0.0102944794715676,44.0,0.0
41313.0,-13.8972058704019,6.34428045616839,-14.2816664432471,5.58100899740718,-12.8871331616131,-3.1461763671985,-15.450467216827,9.06028147442157,-5.48612077680694,-14.6764702497464,5.1483517210937,-10.7495919949504,1.58548896754337,-9.79801207658904,0.733276999106463,-12.675268899047,-20.7406637223494,-8.15366802624724,5.2283417900513,-1.02522792390103,3.05808183846397,0.941180290424241,-0.232710298333368,0.763508019302571,0.0754562386388435,-0.453839571774416,-1.50896825698328,-0.686835738780169,9.99,1.0
68661.0,1.15172397899555,0.167592199860854,0.133041116937212,0.958717368884916,-0.112911212971711,-0.447805882081551,0.140872277177249,-0.0603587976063787,-0.220054917971879,0.174404455480701,0.968875227270731,0.633590755854418,-0.280389237077034,0.625839665048977,0.276055500320223,0.357866847480608,-0.78010348378002,0.48974137545679,0.0320715528339619,-0.0622293967243661,0.0774473785776687,0.137894702012359,-0.181966091136901,0.0105389755946303,0.678764889922609,-0.328676166217675,7.10845774308816E-4,0.0128518795400774,41.94,0.0
12597.0,-2.58961719821269,7.01671438495857,-13.7054072869097,10.3432280604117,-2.95446103475574,-3.05511578527804,-9.3012886151434,3.34957336071614,-5.65421202641103,-11.853866972601,11.6692047358121,-17.2286622386187,0.0555715664836118,-18.4937733551053,-0.304172113519045,-10.6294973901353,-14.4412111342765,-5.10548646597228,1.2702262705049,1.48885519236896,1.88773772551451,0.333998184533223,0.28765904061745,-1.18640640906644,-0.690272670076388,0.631703772210546,1.93422076005943,0.789687172212655,1.0,1.0
72412.0,-0.656465644067715,0.899229187021255,1.6912096904527,2.61541527708759,0.842474321706789,2.71610262021259,0.0762011753415308,0.811435387561242,-1.20879300434883,0.617494292614845,1.28448471349821,0.126586088115001,-1.21602213259366,0.43083892103733,0.562506433889368,-1.49050928829385,1.31207499580617,-1.50478018504895,0.0956274303239524,-0.101503885229723,0.0254569076633792,0.268971684560603,-0.0317121583046641,-1.35817047725022,-0.561498658264754,0.242939136998637,0.0900736142844901,0.0878083924521352,35.64,0.0
77182.0,-1.41085190223088,2.26827061391536,-2.29755364869312,1.87133052690782,0.248957097554545,-1.20879869131782,-1.35864849113679,1.10291613180529,-1.31736377078276,-4.62691916410905,3.35763973653551,-2.99881490434833,-1.95678634545881,-6.76663337149207,-0.869899592420961,-0.868576751992314,-0.370333268936992,0.419265507331837,-0.894893657235367,0.0580625903425241,0.155380926745126,-0.614880421672272,-0.196125537805858,-0.464375543427361,0.118473100986687,-0.484537034984231,0.373595915880442,0.187657248903867,1.0,1.0
29526.0,1.10280432542075,2.82916799881581,-3.93287026485548,4.70769143992869,2.93796685530025,-1.80090371765217,1.672734122106,-0.300240348680253,-2.78301108805298,-1.88484243991678,3.79256535985687,-1.46047112296734,-1.31277627644381,-7.07736060637589,-0.299466316598551,2.4932276042067,6.24498710234308,2.97174936407353,-2.67995024218857,-0.0308799718381793,-0.106994395673876,-0.250050303584088,-0.52162653336055,-0.448949514169716,1.29164648168516,0.516326673768638,0.00914628141124173,0.15331763551135,0.68,1.0
46925.0,-0.481531150954278,1.05954227713479,0.647117402910268,0.905586233912649,0.81936824001549,-0.0911835663506086,0.504134851323607,0.161064336313081,-0.765053776949662,-0.55054534794377,1.48028602025778,-0.105359122514952,-0.804841454759319,-0.819901849432008,0.916881766469427,0.201150538864914,0.874890632270019,0.941476678511478,0.272698476205832,-0.0425151328862889,0.0706328691882125,0.192490772493404,-0.174659253437827,-0.438908072947488,0.239258996609831,-0.217823405004998,-0.0728522476980958,0.0104633125817071,1.0,1.0
102480.0,-1.92959692675373,4.0664132778545,-4.86518400996861,5.89860229319899,-0.552492585328532,-1.55596245330906,-3.83362344068736,0.679511648528001,-3.46376549143694,-6.68368922880726,7.02127774818005,-11.1024933822497,1.71175507363653,-10.447632938235,-2.79907615915518,-6.26174085045904,-11.6471577741668,-3.45143614190286,-0.507536514254236,0.942488941965831,1.13721164676769,0.674245235425331,-0.531765489027487,-0.433409350510738,0.378658562357166,0.198107291025294,0.869694411928137,0.228047851815119,0.0,1.0
38023.0,-0.393893729562142,0.220968075385272,1.22179057149224,-0.487204268927598,0.128806634052415,0.046670731879881,0.621300650708586,0.0989650256984645,0.598315193691137,-0.197979182163815,-0.212495128410379,-0.574924191960171,-2.37196528635092,0.00379288604316991,-1.43425717150812,0.243045823168691,-0.657187423446618,0.46546533818299,0.141360496331838,0.0418626084066317,-0.0874013166161229,-0.00952008584292571,-0.154370189168363,-0.362852693552592,-0.00961130364040713,0.362064167684444,0.0612871922172243,-0.13678562516501,49.9,0.0
11131.0,-1.42662331260887,4.14198623236944,-9.80410344235714,6.66627300324451,-4.74952679326515,-2.07312900595144,-10.0899311630826,2.79134529885187,-3.2495156171301,-11.4204509744097,10.8530116481991,-15.969207520809,0.546690084634152,-14.690729133641,0.91233739988339,-12.2271892780267,-18.5873662058916,-6.92076186060174,3.16699890688552,1.41067765264616,1.86567876848945,0.407809281593599,0.605809354312964,-0.769348118123441,-1.7463368287861,0.502039516709683,1.9772583297728,0.711606531209485,1.0,1.0
44930.0,1.31777255335037,0.396451197221995,-0.0269437314920922,0.487278326500058,0.114175301462779,-0.572829063841205,0.125311685861966,-0.19811265019935,-0.0385424659636722,-0.305985363565123,-0.672114468627987,0.409853949767594,1.22266911489464,-0.507206101195729,1.06198236565699,0.683396613513399,-0.359080439976435,-0.129722779410952,0.112577080373901,-9.22834477259215E-4,-0.333578014190436,-0.914461055867584,0.016155636567442,-0.472466091711924,0.357228510461122,0.143726426042828,-0.0184482273897904,0.0239777352203218,0.89,0.0
54277.0,1.51711551880686,-1.0688965779124,-0.128919072503714,-1.8048362416864,-0.612452935668638,0.554044199609956,-1.07953020994895,0.0939298398138131,-2.0849837846157,1.55145187046674,0.304171315157504,-0.311708067274668,1.08477395878701,-0.252438158523951,0.168626972989588,-0.121788133715738,0.016957151246539,0.393400017061162,0.193634080746216,-0.263604305820497,-0.215312349397973,-0.212481326685059,-0.127493738856801,-1.35235269951237,0.478707489403751,-0.111796658571237,0.0426395252441701,-0.00433713341778296,20.0,0.0
1028.0,-2.87164532740211,1.73880949784859,-1.081046805179,-2.87521916308169,-0.0343191540663179,-0.677806633951368,-0.206394306683287,-1.10462100332237,1.83339254550502,0.716049273309136,0.089358268710829,0.172941746534004,-1.45085041184887,0.686804172322787,0.623120422658083,-0.0912963929749264,-0.538465152547144,0.828660092738893,1.19467527576991,0.0268731914386556,1.26754938628214,-0.517542354130673,0.266402090991357,-0.868791999814342,0.44820683383554,-0.0117510740506281,0.988382120928246,0.58500119524217,1.0,0.0
48380.0,-2.79077103894771,-1.46426898705405,1.03116500769674,1.9213560843992,-0.0900138203463016,-0.483871347899329,0.780731181206493,-0.348775795673106,0.609133451935087,0.225933803313285,-1.06453419450651,-0.787372737955552,-1.57646958451914,-0.126756361711439,0.367012281940972,-0.635321654596588,0.327006411459276,0.0438160872305435,1.40357376229763,-1.37672077946455,-0.392667221970544,0.440019838749267,0.777659196131864,0.418551935584405,0.244563185949918,-0.159360689127314,0.0605395343366452,0.356958362771354,208.58,1.0
120286.0,2.17935651640994,-0.6781538543157,-2.23165708852093,-1.06703901740312,0.100907416471504,-1.20750959244483,0.176502501840809,-0.425407609064956,-1.14144809850055,1.09135695030047,0.72749282265814,-0.321111876422127,-0.454098023469856,0.657373190800058,-0.641463002514219,0.71039465171774,0.0478054164864312,-1.10992431157468,1.01186077646781,0.00554518279202318,0.395839148811951,1.02595811774892,-0.149889460131786,-0.412214801364934,0.427680193352861,0.0877740439680622,-0.0901783010532499,-0.0903383824598488,49.9,0.0
53937.0,-2.04260819938332,1.57357807373238,-2.37265243271278,-0.572676430720841,-2.09735276458226,-0.174142123011242,-3.03951978687359,-1.63423295064356,-0.594808638750073,-5.45960189444545,2.37853722491518,-2.33027064686235,-0.24623272486659,-4.05852343611281,-0.316983146603949,-2.52266081131673,-5.60340034818128,-0.778439963776289,0.860211793588662,0.825565985313424,-0.723326195587733,0.501221637302624,-0.696892260580304,-0.600513726439022,0.127547028812739,-0.786072220292301,0.606097322391548,0.171696507911815,261.87,1.0
51935.0,1.15431185784297,-0.409229356212733,1.07064674868352,0.69600093377669,-1.09477335929651,0.154841461737235,-0.89943982997246,0.382117329402178,1.0697006956228,7.05358540858692E-4,0.244164156785052,-0.301766813103027,-2.46532275304182,0.264576816745949,-0.203252246689427,0.573547621624877,-0.404410658363646,0.673860888446757,0.390648596103097,-0.231471679128716,-0.0887251786457347,-0.224314050904803,0.00504248858046664,-0.021617765791972,0.183738748039232,0.327627666257573,-0.00419068919969452,0.00897387681090726,12.0,0.0
59190.0,1.07297554472719,-1.68279639218726,-0.0229710778520775,-1.092003307495,-1.63651508976476,-0.77750457944729,-0.546173892714552,-0.198158296133086,-2.02017545632541,1.47891584001166,1.06257163007159,-0.33298853051437,-0.370021148153084,0.0194848124007177,-1.00932258054504,-0.78820335183202,0.740594169161595,0.223422914884109,0.203092500398101,0.034613443463281,-0.0261243958502473,-0.0927714990814722,-0.247307794467578,0.551453632776181,0.524381032857114,-0.114361067331039,-0.0303833879445629,0.0359578192750449,221.0,0.0
101313.0,-25.825982149082,19.1672390103062,-25.3902293121699,11.1254347149714,-16.6826439195391,3.93369943022963,-37.0603114554112,-28.7597989339836,-11.1266235224579,-23.2282548357516,3.7859770496129,-10.5224940129243,-2.65749636392801,-3.79279543594993,-4.49894467676621,-6.55787310177539,-12.8672447953713,-5.80459047549908,-1.25446534452587,7.90737812724062,-16.9220157786505,5.70368400806478,3.51001884069223,0.0543302268964685,-0.671983312405663,-0.209431359115655,-4.95002186384908,-0.448412770754799,2.28,1.0
51089.0,-1.03399894886203,0.940653687214596,1.731250438064,0.0298803004893852,0.02227518858747,-0.188353810614866,1.01042541975987,0.0626291649383279,-0.323486816242738,-0.527132525217919,-0.314818469659952,-0.0248690706600689,-0.237719313932277,0.0830168322236713,0.662008656244174,0.292491052758973,-0.518883013839939,-0.743676383705498,-1.39669052130795,-0.0880952370692481,-0.270115308474001,-0.777631341756632,-0.0522834820206851,0.00777570559153261,0.363072425260509,-0.738933752339832,0.154438667426809,0.0106137777973553,93.34,0.0
86684.0,2.011106862051,-0.881398584733497,-0.554045120323908,-1.33549859061134,-1.12651688295195,-1.00991040205537,-0.696767131765054,-0.110602478382611,2.45483982919036,-0.966120593238668,-0.807645899845441,0.567537034927897,-0.3583370728697,-0.0756456284851581,1.12997313585361,-0.527839410563602,-0.1753705716538,0.258486947995516,0.495566548997067,-0.196216308535873,0.258312745660123,1.04232587842968,0.0607491308442009,0.0453789551816487,-0.0579376058201638,-0.060832953692839,0.0362014439303193,-0.0431317400429398,22.78,0.0
58559.0,-5.06953143924531,-2.8862562339614,0.0737052054658712,0.141575823741352,2.23052051976077,-1.69579872888143,-1.82421078422364,1.0154751622842,-0.229869111688196,-0.547825438706962,1.10699540300566,0.992255448862177,-0.876637971335716,1.10059804145795,-0.234538750734174,-0.0598570323670883,0.566659621991566,-1.03777498701288,-0.49151667226292,-1.03046878429633,-0.138230544650682,-0.243977748941635,-2.18003935053445,0.00292805661696798,-0.0133575301720708,1.04752846087124,0.654480309654396,-1.23988645510219,29.5,0.0
26899.0,-21.8854339051741,12.9305051249875,-24.098871851647,6.20331419234722,-16.4660991227874,-4.45984212550286,-16.519835984614,14.5355647151916,-3.89702188761405,-8.6507583293562,5.3754339072439,-7.56721354069937,0.461807829323489,-7.82789139878016,-0.0228148529460228,-6.57804150255676,-13.0024594617382,-4.88446723880536,1.10435473489394,1.6119982189969,1.76223176917351,-1.57905510076487,-0.951042744820554,0.13456529188962,1.50711039768212,-0.222670856855594,1.52765527810284,0.453698638993223,99.99,1.0
14073.0,-4.15301449873357,8.20479650456012,-15.0317142097481,10.330099825448,-3.99442609736294,-3.25001318447365,-10.4156978119079,4.62080391044331,-5.71124797098224,-11.7971810675777,11.2779207278067,-16.7283393320915,0.2413676825577,-17.7216383537133,-0.387299923381284,-10.3220166783853,-13.9590853730538,-5.03071003831832,1.19726633504633,1.41262488019492,1.97698839609887,0.25651048717528,0.485908106513804,-1.19882131436036,-0.526567394687845,0.634873502483478,1.62720907623952,0.723235068518316,1.0,1.0
72291.0,1.31405185019337,-0.0358117138357328,-1.09076922243096,-0.556518773027783,2.02924082726909,3.26838153318724,-0.534064940704383,0.808068410649827,-0.052806488603683,8.22719779300607E-4,-0.0285989009523819,0.0736853471246106,0.0414096302165569,0.425658962602943,1.24536458962151,0.64045983868924,-0.910215750490802,-0.0685546785149438,0.255044101292512,0.0183776763699275,-0.312883293848244,-1.06930382968551,0.103179626359991,0.992161633371857,0.369141137218278,0.11029889197392,-0.0284343292959639,0.0119581891119162,2.68,0.0
90676.0,-2.40558049004183,3.73823496480673,-2.31784304058402,1.36744244056479,0.39400112765787,1.91993798476143,-3.10694204753682,-10.7644025337266,3.3535248599039,0.369936028027435,0.382172176843061,-2.26293253493218,1.21060458321664,-1.88061870491121,-0.934160416330735,0.235476804417352,3.32156931100987,1.90627082950488,-0.581355690647057,-2.14087382269319,10.0059980130045,-2.45496409501601,1.68495694696092,0.118263083149952,-1.53138011163519,-0.695307571119466,-0.152501562016877,-0.138866256312262,6.99,1.0
54693.0,-4.15232959304184,2.94549068980715,0.389691885572988,-1.96143037698922,-0.262340501005876,-1.4695607342317,0.527751101416876,-0.399257472305639,3.26420000556667,4.58335846476182,0.0913112620691012,-0.0256805037579078,0.0341310331915266,-1.5711635376685,0.948216178695273,0.0630180957819627,-0.962003841680512,-0.682720557155245,-0.896617814212474,1.75775455688562,-0.727683836642006,-0.455594072362684,-0.267097287481207,0.412266103028993,0.259867661413815,0.753076379051601,1.55523856713534,0.603436873541698,7.68,0.0
63578.0,-0.639191253440691,-0.0855947885921835,1.26545195854416,1.40116573166082,-0.260542078671007,1.00979457835355,1.30199897093176,-0.135257522932592,-0.431520921685507,-0.0913533730643921,-0.921051995675577,-0.61381552858098,0.198913055533638,0.0160870050482155,2.20626377523102,-0.527140627794259,-0.0572786796405291,0.448655661077036,1.16443546519237,0.861306751100051,0.340330752683629,0.76016976216338,0.353376975218638,-0.778892742566353,-0.0706811598435952,-0.0333546437243291,-0.0619624216383359,-0.0626865318467909,290.18,1.0
81435.0,1.26435726326053,-0.542316228178121,-0.465114118392203,-2.29848858079561,-0.203519719530473,-0.497678128529216,0.00528732831292142,-0.143584796406394,1.65495206535248,-1.47608343601604,0.606804817106207,1.84357734372786,0.968177083074769,0.161797224774123,0.544648566031198,-0.769730967713955,-0.523476166649501,0.507791284861019,2.07560113326891,0.100482153004696,-0.169209962218919,-0.319201421459261,-0.264291286856728,-0.793849797857629,0.839067543762696,-0.848724363237709,0.0568748718104554,0.0105605014675687,57.01,0.0
8415.0,-0.25147096006823,4.31352332575143,-6.89143771650147,6.79679668055103,0.616296505250374,-2.96632654187403,-2.43665252687714,0.489327898838014,-3.37163857159343,-6.81081309938215,7.62008905836908,-10.2852825163315,-0.342444334069655,-11.5434979157865,-1.3349879032835,-2.68928420445067,-3.20438340295762,0.0865218956911394,-1.31449509665307,0.632709963789826,0.536892074447128,-0.546126023729244,-0.605239547613772,-0.263743459593593,1.53991583077868,0.523573696680871,0.891024688365269,0.572740666549584,1.0,1.0
8757.0,-1.86375555343732,3.44264397684973,-4.46825973145511,2.80533625940251,-2.1184124774924,-2.33228488731467,-4.2612371974404,1.70168184397858,-1.43939587542941,-6.99990663386522,6.31620967716699,-8.67081800476226,0.316023991908777,-7.41771206475053,-0.436537471366146,-3.65280196004741,-6.29314531907376,-1.24324829133852,0.364810482193887,0.36092400372093,0.66792657242141,-0.516242362128804,-0.012217811746839,0.070613703103445,0.0585044669560628,0.304882839588584,0.418012467185258,0.208858278145839,1.0,1.0
76575.0,-5.62246941906299,3.48062317879011,-6.20067659397487,4.31123366835313,-5.22628632428769,-1.34176357284987,-5.22094094197327,2.68284353707778,-2.92148438224053,-6.56125741097377,3.21126387844398,-6.86166051434144,0.326461834627394,-7.7552536640417,0.50465219263742,-6.27661678567251,-10.6117146970978,-4.14677374512684,2.19728771323892,-0.156288522686099,0.949568986169808,-0.428985749759671,-0.35067550041691,0.197549503550848,0.15923422951036,-0.377790861014248,-0.213561786254573,0.459528918054306,219.8,1.0
117183.0,-0.479767625359206,0.820191946016953,-0.511850155285437,0.0373401430240422,1.70610432716202,5.23031174102778,-1.67784285624574,-2.06072394953281,0.353052284107722,0.0116446783392144,-0.326048530071487,0.307187205656498,-0.219162113822757,0.261963769794533,1.01279193905878,-0.168542126444331,-0.10903465882525,0.322088930240215,0.00784238178811741,-0.663264649402004,3.23525282678485,-0.394507534932514,-0.186144119361803,0.693571229936446,1.04590925712941,-0.154460852566492,0.428349679145675,0.233743876286978,74.0,0.0
31245.0,-1.06032343341539,1.33307458025521,1.01836129878298,1.25532480685346,-0.523596219255387,0.416770431076272,-0.0933480107758136,-0.0419186621665255,-0.422166246110467,-0.0608260340057546,0.817959007681476,0.223864592169901,-1.92664801622501,0.901308601634758,-0.365235249975219,-0.864145964045167,0.777710583386229,0.00898869119940122,0.924612689625501,-0.25871372400539,0.808512114659763,0.0133499012023703,0.0543905938394122,0.176129292342409,-0.160120486507541,-0.237856527891876,0.342828726669977,0.127583232304077,38.03,0.0
117317.0,1.99367893014763,0.224901817093638,-2.79732183154879,0.75449746713867,2.07771331282302,0.918359019953743,0.699588764797631,0.0618685042778782,-0.501369969090504,0.430959357078463,0.7811284292528,0.731966286074496,-0.368892784890181,1.1552555283391,-0.174901999691129,-1.30529871216943,0.0913959317635559,-1.04454437551667,-0.79381147049296,-0.349885663496116,0.381810834898257,1.34077913329177,-0.19885165438682,-0.898293220709143,0.743960519474437,-0.113162396652592,-0.0140296188451574,-0.100191085919142,1.0,0.0
54846.0,-2.98646550822273,-8.91229481688474E-4,0.605886830263541,0.338337780759695,0.685448451171472,-1.58195443740193,0.504206377175919,-0.233402618007887,0.636767742518801,1.01029102209398,0.00451796796642434,0.0443966388940644,0.420853062352676,-0.931614224984722,1.14797368277192,0.48306309357216,-0.152470829644753,-0.285666258848129,0.0725498490088206,-0.764274258309323,-0.875146363670133,-0.509848660993286,1.31391790371009,0.355064731381086,0.448551563224067,0.193489780350156,1.21458768687535,-0.0139228973515758,1.79,1.0
47422.0,1.20145965989291,-0.212999602894983,1.0811904622682,0.786143228918088,-0.961599215693348,-0.108018785794291,-0.662235779589408,0.123360810187161,1.02893043640046,-0.226517977833177,-1.13703788257806,0.0628093806778933,-0.379899696789909,-0.330963601996904,0.279986100207674,0.290908677948462,-0.277094809684603,-0.0581647460572619,0.0974901998959221,-0.114831841271367,-0.119464545198925,-0.177753170136062,-0.00921170480856806,0.0605705224742685,0.285008420199851,0.340045761039361,0.0127388448432642,0.0230915304320322,11.5,0.0
81034.0,1.00953691283298,0.0728424420946562,1.71480236818089,2.42210245089723,-0.888183075550988,0.694163890298669,-0.957749751724921,0.491993437120219,-0.206729405713001,0.781318532658109,1.29035737222668,0.196416980152785,-0.868662900203134,0.212834212867585,0.743377327901604,1.19750781233536,-0.777036367683592,0.56500582112572,-1.56310117632379,-0.197202114349335,0.318224334114617,0.851491360258565,0.0224578252246471,0.210403584425553,0.0845711999644616,0.11232398007736,0.0513555311170987,0.0297778415720737,12.16,0.0
93860.0,-10.6323749061596,7.25193622855414,-17.6810718207918,8.20414440620562,-10.1665907519072,-4.51034377036334,-12.9816061559658,6.78358879797499,-4.65932958355558,-14.9246547735487,8.38914233451929,-16.4655039422141,0.33851695978655,-14.224403603167,0.556584472572111,-11.683998043525,-15.8416159780561,-5.75319975278369,3.81304079276336,-0.810146481561289,2.71535704420309,0.695602689761576,-1.13812206664164,0.459442241911828,0.386337323495895,0.522438449202614,-1.41660373652915,-0.488307035713995,188.52,1.0
86899.0,0.274997138181425,-0.652957492759905,0.205251643302956,-2.85227091781655,0.175326005396187,1.16705726729695,-0.439446181668108,0.343790153919848,-2.24995114955902,0.916308129596375,0.652518838881105,-0.097314224217436,0.828804654252988,-0.377842423170412,-0.622340571568142,-1.12732674190438,0.723510912753769,-0.730135943140189,-0.872399917536304,-0.435391261430863,0.00405764833650931,0.577729297705314,-0.0219192622744678,-1.63990099890963,-0.556327918187669,-0.124848115662504,0.130478881729817,0.0166676658602942,15.0,0.0
41646.0,-3.24018658731411,2.978121790406,-4.16231393691373,3.86912437879902,-3.64525645477793,-0.12627056104764,-4.74472973694714,-0.06533104369042,-2.16836609501902,-4.75830407509117,3.47109784646449,-6.5331067689397,-0.983468669556775,-6.07398900285949,1.12540670902583,-7.71804240456347,-9.85592743669396,-5.19390789281555,2.04269768780688,-0.224043462894117,2.60144102940002,0.23191011639882,-0.036489849092758,0.0426396452203885,-0.438330345949387,-0.125821080392006,0.421299802439127,0.00314587612156787,172.32,1.0
41397.0,-14.9703456545046,8.40142101040258,-16.8672384869515,8.25233430637468,-13.5651304873758,-2.78243755853826,-14.2637353490007,9.64341914576661,-7.70149868394332,-14.2266980575287,5.61099879659254,-11.7939788348294,1.59838653001563,-11.6069703760766,-0.0441804437896824,-9.28695473739369,-19.8997264249367,-7.518050849236,1.24351749943488,-1.61466005601289,2.71404480183882,-0.101355310559619,-0.439665974014017,0.519513861479409,0.789327982433797,0.0643574266343142,-1.62138568643941,-1.10481920857705,273.01,1.0
35733.0,1.18881228143143,0.12860942542788,0.126827059807158,0.466936968196025,-0.106855064012029,-0.126305800951738,-0.203854784974048,0.190557306216733,0.0261363308670798,-0.112743597602464,1.29550535041882,0.0759393450667943,-1.37096093623707,0.226629736984877,0.839764583339678,0.551290511037689,-0.00847824037123478,0.0450425265899269,-0.133501530152685,-0.186496096481466,-0.246636003852973,-0.791478163854257,0.122849230954625,-0.390732800530003,0.103909712503864,0.132035444099528,-0.0213081364681938,0.0108805167753525,3.56,0.0
62859.0,0.918101478986256,-1.4819516390282,-1.52982116484068,-2.91787565468701,1.20541915604068,3.00688215753671,-0.558221049911228,0.727178693374913,2.04201141186292,-1.65203396239254,-0.0383275151483164,0.85014747451971,-0.0167079030945807,0.228400275783503,1.64713022604552,-0.746737432909899,-0.385056121009379,0.568263790332658,1.48672594140435,0.488462857242956,0.0915995395674601,-0.104304517958619,-0.367093854166465,1.05690447597702,0.808969400847993,-0.744378422812983,0.0422701407967625,0.0584524316278166,235.0,0.0
51628.0,-0.805642574215651,0.78514173707024,2.39439403871313,1.26607145186474,0.365965716676667,0.800985129085077,0.174693748549208,0.41657487137622,-0.824085358165091,-0.00159040029277657,-0.119279727891229,0.168839575498664,-0.0244654014992723,-0.256892275360651,-1.14798119479715,1.39383858961725,-1.35763715009131,0.783758317575808,-0.918252903868681,-0.0557771770445595,0.0585894592412355,0.0633048855459281,-0.217540140612823,-0.528860424469237,-0.00409539247463253,-0.167039609567816,0.0869624077140413,0.106227674781741,22.3,0.0
55122.0,1.19451111313551,0.682440135226175,-0.371643546512965,1.30083937672528,0.277928393404627,-0.772296287298214,0.239283713873834,-0.111047514021455,-0.105762607501899,-0.727846523376209,0.358203562329581,0.00855917067146908,-0.00602824212059259,-1.32247674630441,1.33329143035763,0.300442605646401,1.16860872961066,0.134587321883898,-0.984346748382398,-0.125080949918347,-0.0392625876885539,-0.00161554327053512,-0.0949445055532194,-0.0573004635851915,0.62078029295653,-0.297937150188841,0.0522104194160632,0.0542471443856283,1.0,0.0
52319.0,0.935705333523597,-1.97795797421143,-0.0705703025724843,-1.48259456319962,-1.2883534422019,0.213209729295451,-0.701024326943601,-0.109695704651988,-2.14958485235947,1.40105071824949,0.450149381528587,0.153604603695892,1.98300867396953,-0.436931487345387,0.0381267921718731,0.329247643278531,-0.312885878075418,0.699104619420204,0.38082884771982,0.446081988625667,-0.18886370961439,-0.873301893323643,-0.269690513220904,-0.845093406538008,0.184743292890041,-0.39261946390373,-0.0132196027055063,0.0651780853746688,327.2,0.0
56098.0,-1.22966891678814,1.95609915073809,-0.851197959645561,2.79698655025108,-1.91397684079333,-0.0449344462262948,-1.34073935355915,-0.5555479867039,-1.18446766006311,-3.24510859732028,2.33832327000211,-2.82004218823068,0.763325773164453,-5.41958986916794,0.0414327925041231,-4.18075778829053,-4.2850705920981,-2.53645157282245,0.93023918577297,0.270459255150975,1.20805425987967,0.277611797272191,0.0192658003152734,0.508528831195383,-0.201182897226566,-0.249600419347595,0.562238742839488,0.0753085014191344,170.92,1.0
8415.0,-0.25147096006823,4.31352332575143,-6.89143771650147,6.79679668055103,0.616296505250374,-2.96632654187403,-2.43665252687714,0.489327898838014,-3.37163857159343,-6.81081309938215,7.62008905836908,-10.2852825163315,-0.342444334069655,-11.5434979157865,-1.3349879032835,-2.68928420445067,-3.20438340295762,0.0865218956911394,-1.31449509665307,0.632709963789826,0.536892074447128,-0.546126023729244,-0.605239547613772,-0.263743459593593,1.53991583077868,0.523573696680871,0.891024688365269,0.572740666549584,1.0,1.0
34684.0,-2.43923696855219,2.59145816263611,-2.84012564998452,1.28624391005241,-1.7770161908324,-1.4361387710222,-2.20605624197635,-2.28272485775905,-0.292885036315821,-3.71744992918956,3.90739912775712,-7.22000368560677,-1.21173934568755,-9.6576265944335,0.927517899548728,-4.73866234284944,-9.27663556929158,-3.08196108095709,0.17774563450317,0.513529864634298,1.77446009213068,-0.771389807551225,0.0657267026225069,0.103915744896627,-0.0575779255552146,0.24265246086543,-0.268649222026483,-0.743712586038479,125.3,1.0
85691.0,0.995988229507293,-0.0106033374572155,0.529312760722269,1.66584879542373,-0.3630743317024,-0.0558652534599225,-0.0974813802680023,0.147968284132071,-0.720729547490579,0.698886139011428,1.44637941663588,0.130526150682075,-1.13863137218609,0.687310284539469,0.237496053105941,0.611493021316433,-0.343217476071793,-0.289827754157156,-0.920650291108395,-0.0547831226969408,0.139486593245095,0.158690453902133,-0.03507763766128,0.246957765787079,0.164901804734171,0.995849291955623,-0.0902053872035424,0.00498700321643475,75.63,0.0
26863.0,-21.2091195927913,12.6521968313004,-23.5539329441267,6.17407791004356,-16.026658125511,-4.42219459449987,-16.2294437253382,14.1160019049786,-3.92274144947115,-8.72024451506225,5.49388683652872,-7.7408158639401,0.384814230466723,-8.078240669038,-0.0148996037313368,-6.7012888702885,-13.1592668578419,-4.90303149501704,1.1462752482696,1.60243883702914,1.75844007534189,-1.52258816196329,-0.903860197993699,0.130166452450156,1.45485651906738,-0.223214403323927,1.55092845004664,0.461459566763514,99.99,1.0
34634.0,0.333499490680108,1.69987344643198,-2.59656116696059,3.64394526899047,-0.585067615145778,-0.65465853161144,-2.27578851019488,0.675228968561644,-2.04241592376479,-2.83487115980611,2.80200512615164,-4.39273243849001,-1.36967144973756,-5.32728665168661,0.16315896154,-1.35938947657172,-5.09518287931609,-0.338012656200231,-0.124137989024621,0.32934171405761,0.469211944535006,-0.144362651206432,-0.317980934036568,-0.769644309522666,0.807854587509663,0.228164299217237,0.551001873896763,0.305473419992231,18.96,1.0
87796.0,-2.92069015021357,2.69392988993125,-1.22654266859098,-3.04420522061624,0.310513330132016,-0.884984632584327,0.585618420762345,0.65227230845793,0.999549597525204,0.555070003400811,-1.40275686826065,0.809427522330656,1.28835715093389,-0.0784102924457529,-0.485780746257355,0.474357678238467,-0.883495727670473,-0.795089310587492,-0.740007677951765,0.592700298560278,-0.433469066946665,-0.946238746075059,-0.0229395491494919,0.0953418446667025,0.363911740365868,0.325174902099472,-0.122837573773862,-0.100504909582175,1.0,0.0
53329.0,0.255993423732939,-1.85984083063231,0.649274529955299,0.546569493387433,-1.21482631257926,1.05144843711125,-0.378498023779279,0.406584975244063,0.899748765500331,-0.490590341605239,1.25245744256122,1.14522958552547,-0.618840730816449,-0.0976941370876197,-0.428006018547306,-0.39491998422499,0.480528080477078,-0.894142505094503,-0.170318937890692,0.69260228149097,0.125423157331905,-0.337647743978737,-0.238445839806757,-0.209975145856326,-0.211988553172032,0.909253725234698,-0.0856769465811916,0.070785391927087,432.08,0.0
40918.0,-3.14025953779538,3.36734230912012,-2.77893140701488,3.85970067435928,-1.15951836286203,-0.721552487906327,-4.19534154281433,-0.59834584749232,-2.87014477203106,-5.29061006200618,3.82376208408163,-7.49227616878309,-1.52436747989794,-8.52767862203589,-0.391214524543396,-6.18087991000233,-9.6988394108884,-4.81823334077503,-0.871581688476025,0.0777814455070256,2.45233850455703,-0.292962575086153,-0.189330326319261,-0.166482104307702,0.0380396237066075,-0.0154765350217125,0.776691265853111,0.397557490298277,0.76,1.0
67489.0,1.16540109081243,0.0259853653656225,-0.284825908499983,0.1496462472029,-0.18412274807896,-1.36242545665391,0.612300783836636,-0.475423275723004,-0.310010292754238,-0.149134302963172,-0.0652966789083928,0.699871455340775,1.04154993061369,0.295929767926639,0.658523590769507,-0.12922780214858,-0.213810097943963,-0.799127879574274,0.0861809047435798,0.154344899607779,0.0130001899025426,-0.0742277205119785,-0.169316966720444,0.512414726081459,0.554848314143773,1.05796058332807,-0.122499092084144,0.00743264697413147,89.0,0.0
46149.0,-1.34650881762975,2.13243062687771,-1.85435531823997,2.11699770636107,-1.07037837875552,-1.09267135682306,-2.23098606430574,1.03642490791919,-1.89551573571367,-3.36401057980002,2.88704787664695,-3.78445965821089,-1.28890425847532,-3.98562600822203,0.531838297985603,-2.60370264991872,-5.15759639749234,-0.696010004579956,1.28596139472532,0.221918669151309,0.609508181503446,0.202874284952422,-0.0607913872259794,-0.186733353366053,-0.0174012274970924,-0.283751034119116,0.395451049081013,0.233138575967241,1.0,1.0
81056.0,-1.06627046453014,0.875438965911453,1.06762362983401,1.44667091593039,0.22097050261785,-0.204483214651501,0.0707135550994199,0.53202772274266,-0.519510722880868,-0.326598164172684,-0.683192799502493,0.634190983243452,0.459914843999331,0.252771713647419,0.139377844836089,-1.12285557101662,0.777302594966349,-0.695641331631089,0.709098640766987,0.187044613591767,0.0529890664021671,0.260903004361367,-0.11207324194606,0.116829664513359,-0.0543718549957448,-0.227716353449745,0.316994356080619,0.0708703652481328,8.59,0.0
54098.0,-1.89051796193539,1.50545017527399,1.02809965273786,-1.43894664579841,-0.531685823067976,-1.1400423116336,0.520612960820241,0.154333303186704,0.666119009592361,0.475864955725905,-0.363432042457143,0.308761776566356,0.509976721634455,-0.324065979075076,0.526521446983937,0.553739618148704,-0.679829660864911,-0.459357027534745,-0.804726230557092,0.491752042397743,-0.228557717747968,-0.224880805099989,3.53772651105033E-4,0.432429100123805,-0.11057122617523,0.710489148157394,0.389879311291271,0.193016457479011,24.38,0.0
57007.0,-1.27124419171437,2.46267526851135,-2.85139500331783,2.3244800653478,-1.37224488981369,-0.948195686538643,-3.06523436172054,1.16692694787211,-2.26877058844813,-4.88114292689057,2.25514748870463,-4.68638689759229,0.652374668512965,-6.17428834800643,0.594379608016446,-4.84969238709652,-6.53652073527011,-3.11909388163881,1.71549441975915,0.560478075726644,0.652941051330455,0.0819309763507574,-0.221347831198339,-0.523582159233306,0.224228161862968,0.756334522703558,0.632800477330469,0.250187092757197,0.01,1.0
21419.0,-17.4677100117887,10.1148157246654,-24.2021422329158,11.8054692105913,-10.1980458075926,-2.5799380080012,-17.6567879964837,2.25690247596699,-6.24214930949065,-12.8306571996417,9.44266526535108,-13.5474858999444,0.960728558325579,-13.0287170264518,-0.426674498701321,-7.65266166506753,-11.4853277896478,-4.72136957553102,0.550519004149565,1.00151850195952,-2.32802441621057,0.940830319350178,1.29681706144136,-1.05510390359967,0.11179202805362,0.679694612203418,2.09354057112569,-1.42549145377361,1.0,1.0
70071.0,-0.440095203221886,1.13723897606434,-3.22707975693117,3.24229293383089,-2.03399815309639,-1.61841464754635,-3.02801259904704,0.764554819893569,-1.8019372093973,-4.7117686842189,4.66325458481107,-5.17173460782892,-1.62407024790733,-6.71387819491558,0.607986267670607,-3.27520749888835,-6.8238312134789,-1.35530868624906,0.291250739005026,0.895840844006848,0.764186724577691,-0.275577693085964,-0.343571526478397,0.233084829252444,0.606433640125543,-0.315433462199896,0.768290751269875,0.459623327730251,227.3,1.0
12788.0,0.0850495848219148,0.822352619250223,1.08267887823356,1.43225596765586,0.428160479071594,0.0314251253261247,0.773793990552412,-0.373022808479417,1.29547626884087,-0.248538386023302,0.463807272531233,-1.90905181255423,2.27965429877381,1.05577516796799,-0.898724771607308,-1.20530234465191,1.00151607465579,-0.577410757850531,0.104344496927527,-0.081771354996973,-0.107358282081331,0.42302505110425,0.149357327777217,0.0527408409346707,-0.975818605879566,-0.528422938700687,-0.0563917171597547,-0.0694336266750541,29.7,0.0
76876.0,-1.29835900258265,1.07967115744319,-0.180677930886891,1.28783908383189,1.85827347944352,-2.22369500209375,0.525166986044906,-0.0968743110676978,-0.168893374133313,-2.544410418956,0.706999574201444,-0.835695915134352,-1.02211731659325,-4.99399178918475,-0.455706843211384,1.31536513941655,3.63919954823548,1.62342609471098,-1.53933883157799,-0.18757199362802,-0.332983053581271,-0.851270427572191,-0.370799798865314,0.29824168728035,0.442929877216587,-0.522832450531743,1.04856507220322E-4,0.135698346061769,1.0,1.0
12093.0,-4.69679522444504,2.69386747884008,-4.47513271259153,5.4676845487781,-1.55675807549758,-1.54942028904253,-4.10421487278526,0.553934075416293,-1.49846813107494,-4.59495176285009,5.27550585077254,-11.3490285500915,0.374549235103921,-8.13869488434773,0.548570894168134,-6.65359434741365,-10.2467554066001,-4.19106626655491,0.991486122257293,-0.158970548660611,0.573898081112651,-0.0801627753981571,0.318407817148194,-0.245862202650853,0.338238431564141,0.0322706213908033,-1.50845793363219,0.608074682590101,0.0,1.0
21046.0,-16.9174682656955,9.66990017304097,-23.7364434105216,11.8249902296814,-9.83054822917941,-2.51482887310345,-17.2906566748216,1.8204078670595,-6.26490348784789,-12.9166361091709,9.56711029521397,-13.7170673789468,0.899540705915631,-13.2729650621928,-0.402260044266312,-7.75409405936683,-11.6446032058862,-4.74130270962407,0.58462597267458,0.996745095162688,-2.33611095619483,0.972754726208974,1.24186581168063,-1.05108624820763,0.0380090796054737,0.672317065099677,2.10847085205046,-1.42124325273233,1.0,1.0
28726.0,-29.8763655139763,16.4345245512223,-30.5586968214292,6.50586178736296,-21.6656542956569,-4.94035632949796,-20.0813910746494,19.5877726234404,-3.59149104711596,-7.80059820772759,3.94783971729026,-5.4879114860488,1.36994034924206,-4.82955244300835,-0.134412095441135,-5.12116240451142,-11.1181904509172,-4.65995586983801,0.608930080519071,1.72477883837961,1.81295397464878,-2.23225158753151,-1.41280344282556,0.178731069561437,2.15604185816706,-0.20938462411377,1.25564890085966,0.364530452975509,99.99,1.0
93853.0,-5.83919161928092,7.1515323543223,-12.8167600806187,7.03111476501099,-9.6512721679897,-2.93842725771624,-11.5432071690832,4.84362653179436,-3.49427572506535,-13.3207888671784,8.46024444901677,-17.003289445516,0.101556614891384,-14.094451660329,0.747030766392512,-12.6616957230679,-18.9124938172188,-6.62697484523061,4.00892074227194,0.0556838813863639,2.46205591127559,1.05486518382957,0.530480596078193,0.472669814042592,-0.275997967880675,0.282435024801752,0.104886020210564,0.254417096767513,316.06,1.0
30852.0,-2.83098405592803,0.885657038258755,1.19993009832405,2.86129223993172,0.321668777779154,0.289966026429405,1.7677604489638,-2.45104966190813,0.0697358066743391,3.24508640095346,0.675287853392807,-0.677096334427304,-0.222741128141729,-0.913786970583513,1.60333192308268,-1.0245020918608,0.0220452070437295,-0.940684674142594,0.484758940230455,-1.01692314354721,0.546589339675499,0.334970736976198,0.172105676221893,0.623590288019672,-0.527114316331261,-0.079214654387473,-2.53244529803097,0.311176714703215,104.81,1.0
120329.0,-2.62721968838367,-0.561335740427646,-0.301502073090592,-1.19251734229537,0.613447717347857,-0.409532821035268,-0.416634711745098,0.944525925718504,0.263903118504578,-1.09517643548896,-0.120210752946609,1.09811520910663,0.369486051940351,0.552866933880683,-0.807307808161238,1.42957029984046,-1.41363759211601,0.689475831571105,-0.992597577028145,-0.517737820981457,0.103733123142572,-0.143514141423942,0.397730075410475,0.150405839748377,-0.843214734784098,-1.00802342133343,-0.539170752481844,0.315141965492453,1.18,0.0
70270.0,-1.51251575792702,1.13313858781029,-1.60105247993576,2.81340096831714,-2.66450340578315,-0.310371093924795,-1.52089516380539,0.852995775116439,-1.49649450564954,-4.05629261571005,1.55375586796783,-2.74355135914945,1.50454067059684,-5.42878849870488,-0.0160171233729703,-3.72718761269833,-3.94629958919926,-1.68028644319238,2.30361261010114,1.24958556268985,0.729827756052255,0.48528591471162,0.567005413227757,0.323585691602658,0.0408708540928058,0.825813553299941,0.41448227186994,0.267265082454707,318.11,1.0
41646.0,-3.24018658731411,2.978121790406,-4.16231393691373,3.86912437879902,-3.64525645477793,-0.12627056104764,-4.74472973694714,-0.06533104369042,-2.16836609501902,-4.75830407509117,3.47109784646449,-6.5331067689397,-0.983468669556775,-6.07398900285949,1.12540670902583,-7.71804240456347,-9.85592743669396,-5.19390789281555,2.04269768780688,-0.224043462894117,2.60144102940002,0.23191011639882,-0.036489849092758,0.0426396452203885,-0.438330345949387,-0.125821080392006,0.421299802439127,0.00314587612156787,172.32,1.0
50886.0,0.762697910417033,-1.31736887361885,0.127127578997877,-0.113707763222454,-0.385764139757611,1.47425376398151,-0.553487381401032,0.398085604238321,1.06917915187649,-0.433936566233275,-0.457904518947364,0.657418395967515,-0.0336882216020146,-0.327308984836676,-0.566865459751562,0.331757680969186,-0.433508538762378,0.0521572055228211,0.969346750401199,0.451225517747297,-0.119136605160828,-0.655641927737081,-0.334428377295092,-1.63048100526244,0.163176658194044,1.03627053674056,-0.0722078752585335,0.0262622890038501,259.04,0.0
119945.0,1.87870478538329,-0.450458237236559,-3.11462910094148,-0.609587651233391,2.47153020832256,3.23925564497567,-0.443843231199059,0.815260273857509,0.873161809034951,-0.848497575295222,0.270021944973517,0.293636447933129,-0.358624436445876,-1.22050972117679,0.303083768893061,-0.0833730690773113,1.00071250945415,-0.0894515368510595,-0.0216315832093698,0.0236553318708341,-0.208871343078057,-0.608044993982437,0.167955312816521,0.587698472205762,-0.053771504867475,-0.0747181320597739,-4.48293748441214E-4,-0.0163239193913241,76.48,0.0
74155.0,1.10301936888856,-0.0685357619468615,0.276348869949645,0.544962398964402,-0.383753613258295,-0.589189704266196,0.0738481017717888,-0.0702699880050143,0.125007324841018,-0.117569335876375,-0.135357242723952,-0.00555365765595593,-0.540575936964949,0.479137508921044,1.3378094960775,-0.00962276392819357,-0.0546396702090132,-0.891229536103052,-0.461146363553079,-0.0429470390335082,-0.153257371840396,-0.587469612267598,0.0748210040288905,0.0667232536012701,0.158831740735402,0.2935157866659,-0.043784525377071,0.0202318880518426,66.8,0.0
41138.0,-4.59561704249556,5.08369023030901,-7.58101461744265,7.54603279503791,-6.94916456384443,-1.72918492987346,-8.19019171984817,2.71466961013434,-7.08316933143187,-11.1412776902967,7.38185937432083,-14.4686550955305,0.299659909360646,-13.602211465597,0.516112699650764,-13.5632729563133,-23.8156358284126,-9.17055721888169,3.66952343976659,1.68216030642087,2.24897122592187,0.566843572297808,0.0337440528595468,0.591783408003629,0.334228764687698,0.386801106292112,2.16389776726335,0.983103834042297,340.11,1.0
36012.0,0.519832135654062,-1.02276188739741,0.954574048452663,1.54757156310332,-0.799463969307062,1.24742952219138,-0.467276387614355,0.48972274581194,0.707561714979138,-0.235079556118761,1.13189705243963,1.22854606241125,-0.560017200843739,-0.0738225003996281,-0.576367580678481,-0.503866784967703,0.300946603661897,-0.626984015258453,-0.545623277312868,0.28917915803218,0.0785234510305215,-0.0709213900427453,-0.154039416601431,-0.29077725496426,0.14645334703012,-0.424487649824945,0.0499377903249846,0.0628198483910442,264.14,0.0
35771.0,-3.21895201068387,2.70853541135777,-3.26304158740062,1.36186594394607,-1.64577567536596,-1.85298187130258,-3.06995821412732,-1.79687585578416,-0.213356097435365,-3.55198400939375,3.77974953895486,-6.98477147722078,-1.14097718858781,-9.37787845231763,0.921463506707037,-4.65207119462111,-9.09423129737693,-3.08254995409724,0.132330776389272,0.571654488206511,1.80787725006384,-0.890421395077162,-0.325814386573867,0.123039596922715,-0.0930137472776971,0.232105969675678,-0.310518998304807,-0.745294626799623,60.6,1.0
41116.0,-3.60054350412378,4.51904694695796,-6.34088353532231,6.21476727765717,-5.829557636648,-2.4780949557906,-9.93841155861772,2.83008605053969,-5.65916161145799,-11.2981564915382,7.2529532268294,-14.2750918465127,0.18890328374228,-14.5559572107641,-0.338288547453357,-12.1465401437589,-25.1627993693248,-9.04284515066473,0.787578807808201,1.38474276211824,2.26377035551642,0.620749345000528,-0.094068667085379,0.536719087381271,0.398142307216228,0.00827658674987802,2.05352425334029,0.835749002954128,3.79,1.0
53727.0,-1.64927881611351,1.26397355628777,-1.05082567399718,2.23799063903423,-2.52788923751396,-0.889939993137591,-2.35525367110661,0.85465864123984,-1.28124261677782,-2.70501138232752,1.17447506014201,-4.38191956749248,-1.22666589816604,-2.95382425341893,1.99416119386347,-3.30425391022094,-5.58579436647491,-1.64370403169872,2.11863332532912,0.0874063699474628,0.679176431149171,0.731907051356776,0.333045475501739,0.392505235969248,-0.274197297543759,0.802348667525187,0.390808552793314,0.11214553148245,112.45,1.0
93879.0,-13.0865194204794,7.35214833905529,-18.256576111808,10.6485054461688,-11.7314764509112,-3.65916740569145,-14.8736579646075,8.81047267511276,-5.4182040716445,-13.2025771482197,6.35722736343626,-15.5316111795156,0.659694875353275,-11.4123295951252,-2.44757607431839,-9.83374302098841,-18.1746174349071,-7.269904593126,0.623796611777714,-1.37629840858733,2.7611570593153,-0.266161809571132,-0.412860724865388,0.519952215674181,-0.743908960008006,-0.167808225140728,-2.498300252188,-0.711066151912636,30.31,1.0
47545.0,1.17671575912859,0.557090903443645,-0.490799622910899,0.756424293386678,0.2491915585394,-0.781870546568533,0.228750322026116,-0.0408400791377636,-0.432110564245139,-0.585778431385528,2.28193937592012,0.654566719272309,-0.310379432324912,-1.04370522504569,0.513750399321109,0.399177755263914,1.14313007770305,0.256013886486252,-0.511210088142662,-0.10277180482264,-0.0621660000083396,-0.128168129786567,-0.0401759895545737,0.110040347467026,0.437891432381746,0.368808854483266,-0.0182873480981415,0.0311734033163997,0.76,1.0
3747.0,1.28550624290052,-0.526669394360713,0.671278693950929,-0.608256818755545,-0.873990171945467,-0.209522288440361,-0.83830886100227,0.0423480228038013,0.341824548134571,0.374228240018399,2.5747909878482,-2.61837776502149,1.07391267030351,1.63947433551597,-0.297061381296338,1.14479711153121,1.0140375602919,-1.17594602841499,0.335614740673748,0.00308626894259756,-0.162337633067632,-0.420349940735664,0.15456110990148,-0.0737669252126301,0.0751798233134018,-0.507727831802968,-0.0119039364831909,0.00475496727292465,28.5,0.0
21419.0,-17.4677100117887,10.1148157246654,-24.2021422329158,11.8054692105913,-10.1980458075926,-2.5799380080012,-17.6567879964837,2.25690247596699,-6.24214930949065,-12.8306571996417,9.44266526535108,-13.5474858999444,0.960728558325579,-13.0287170264518,-0.426674498701321,-7.65266166506753,-11.4853277896478,-4.72136957553102,0.550519004149565,1.00151850195952,-2.32802441621057,0.940830319350178,1.29681706144136,-1.05510390359967,0.11179202805362,0.679694612203418,2.09354057112569,-1.42549145377361,1.0,1.0
110617.0,-1.10103546371767,-1.67492805871463,-0.573388195590639,5.6175556662941,0.765556412634615,0.440607080848915,1.93474047501363,-1.01978754945585,-0.19324423129657,1.7837390603636,0.606910821999133,-2.85427542751023,2.37947304553589,1.26814661675691,-0.28361908940932,-0.482192055998123,0.8110054093379,-0.357910684579857,0.752760921550722,-0.0383141473363703,-0.412525822025647,-0.208823118913215,0.344832725150856,1.09143473162108,-0.686512742633337,0.0758089204336296,0.0338647378770195,-0.83285502022751,635.1,1.0
8886.0,-2.53585211738111,5.79364414692454,-7.61846283574893,6.39582974649419,-0.0652101046678037,-3.13637196409103,-3.10455736262141,1.82323263760971,-3.87865758023391,-7.29780335001461,7.07166913682445,-10.001046368327,-0.207934540884304,-10.8606980453666,-1.69082504118249,-2.36085672411086,-2.76009701528795,0.29810341564323,-1.38555780172735,0.408704184487524,0.716719907055995,-0.448059938458541,-0.402406878680357,-0.288835222564699,1.01175223958707,0.425964621387216,0.413139555823146,0.308204656968305,1.0,1.0
112296.0,-0.0248777677951723,0.693327367581847,0.321843352321945,-0.671247505986521,0.351493381561944,-0.811286972114917,0.784967894860062,0.0409920609985153,-0.0988493361630176,-0.20693778037676,0.66061827806054,0.136546849907889,-1.48291380608021,0.596923538129533,-0.909440919877737,0.0844729616330525,-0.492426807324593,-0.198986957645557,0.111818923054587,-0.123990686670053,-0.212716241396179,-0.534581967041388,0.0913003819392687,-0.0269389991145792,-0.59249118996859,0.125434539837054,0.237384328177818,0.0848120397581386,1.78,0.0
83934.0,-0.433222446537596,2.42837911824053,-3.99645439738162,4.87129854095106,-1.7963078560437,-0.586867589935922,-4.65454261848565,1.28522967071729,-2.74353881589949,-5.63894131284807,4.3437434980468,-6.65573446968769,-0.293108662762872,-9.50514082568186,-1.39614905931922,-4.85032315924603,-10.0062528282393,-2.78959811229388,0.98258385892977,0.745029329890697,0.713558821786954,-0.408953595906886,-0.320889532152165,-0.804230275167984,0.962851575679124,0.199558010666927,1.09453318209808,0.541147567735467,1.0,1.0
36315.0,-0.447470628723922,0.0748099131603892,2.12366930806806,-0.366388249728386,-0.925784923567059,-0.26625034870981,0.173254195641596,0.0946198603300693,0.479335238728207,-0.885673917435358,-0.765393262083563,0.246747934242153,0.221885308604689,-0.594257051252767,0.0688549065706621,0.0764985953454135,-0.0773619574301189,-0.218230548278395,0.352790995082861,0.191207673572938,0.00764179468923981,0.0277414364122118,0.120257133805589,0.462472393071926,-0.280619437887001,0.946903757184264,-0.0372033964158232,0.0291708466616114,84.95,0.0
13447.0,0.856832426405303,0.735190289005943,0.590383533683224,3.05063847610212,0.119472003721069,0.0147521825579647,0.0946226407096239,-0.0128326229359817,1.18434603262823,0.281792318391725,1.62370679073779,-3.10792511934295,-0.542604899523191,0.362084420766595,-1.98373527012375,0.438425277850853,1.32333543999454,1.13091949750102,-0.224029794253383,-0.217121720080289,-0.197677812618698,-0.0417485794351606,0.191979570647725,0.115364627076805,-0.893302359253714,-0.124343798241701,-0.212396151503174,-0.342222330790602,10.6,0.0
66037.0,0.286302363835244,1.39934474808556,-1.68250270884931,3.86437703955242,-1.18537340204974,-0.341732013808781,-2.53938012266357,0.768378375007388,-1.54788162780199,-2.65971794652165,2.6215881261205,-3.46236188507757,-1.05430017332918,-4.95582330430277,-1.40027445820489,-2.33994291742419,-5.19779447735003,-1.34281449785555,0.288846910516582,0.270360155086889,0.352456413618901,-0.243677652080658,-0.194078546536702,-0.172201087463232,0.742237197555102,0.127789797006944,0.569730790365159,0.291205858831994,7.53,1.0
96804.0,-1.56710316358276,0.865865407498253,0.0611381404253159,-1.04301923015875,1.21989114276437,-0.0926295843778235,0.727241784524429,-0.241530487546986,2.41484708559632,0.491045472723723,1.16901569733682,-1.84194644927352,1.53317084368718,0.954445293604349,-2.13274196366138,-0.524405742308519,-0.0466431629545097,0.524129396543412,0.2915059944304,0.292856691171207,-0.240204923554272,0.512943039096822,-0.638512778252454,0.301181688634122,-0.0122770326935097,-0.0198503578106033,0.040781812706661,-0.432848677576186,9.8,0.0
86315.0,-1.04136523099543,0.922810082472137,1.13561310960209,-1.01090324682065,0.227679649353775,-1.40105136431512,1.07193760132548,-0.16071703584638,-0.267235536900325,-0.305902246892995,-0.427235647098211,-0.253235789470438,-0.54751865575516,0.276484707892286,0.330580886123338,0.247615651203135,-0.413116083841837,-0.868272770156527,-0.247214800528339,0.182003078472492,-0.440429478678106,-1.25375989267905,0.0909991397157377,0.376309820522735,-0.159475486334103,0.504430163668791,0.308925716655266,0.246516283258938,32.45,0.0
86299.0,-0.963941997017368,1.11123647914523,1.01790078563808,0.658307269611583,0.17016251366665,-0.0218435283617003,0.510661021380954,0.0837072762381942,-0.28870567574327,0.596198138858161,1.18591275493903,-0.152112431895253,-1.57893481220578,0.687749587254519,0.779230490569133,-0.396368002844091,-0.108978896143284,0.298230500734568,0.359877873703715,-0.0964637343973282,0.220567264791206,0.585180445154131,-0.131520693295678,-0.00617049225650086,-0.395732397688591,-0.350676003637303,-0.12388454077593,0.256425146918354,22.21,0.0
67150.0,-1.82429505976067,0.403326526860602,-1.99412200641801,2.75655816357726,-3.13906432572579,0.408185014718199,-1.20904511871624,1.09563435393431,-1.44722489217345,-3.95100289197434,2.56070020158284,-3.4119829114195,-0.781669619949492,-4.7327675351632,-0.433973654922625,-3.30608841178359,-4.23102187544855,-0.750809770409941,2.69080834203374,1.50368830479002,0.838760421033887,0.341727095787049,0.947506491293615,-0.145493002452622,0.0493257725258454,0.831065451615044,0.33242130393302,0.252712728641008,489.71,1.0
44569.0,0.666663339717127,-2.36973425138526,0.137785002872875,-1.18941572548604,-1.88537982669374,-0.247458460320473,-0.602640450792871,-0.138198875874653,-2.07802411237555,1.37674529795429,1.03845126282802,-0.0636758534136327,0.921638974625915,-0.176326642815712,0.093317988785207,0.144109628019916,0.0470074173591691,0.563828922962339,0.0380693963453406,0.580124515138132,-0.0790172246245094,-0.853480002146981,-0.250981396486668,-0.0296117839114844,0.00194977176588429,-0.452791245634213,-0.0387366990144485,0.090522619762201,435.7,0.0
33571.0,1.32859640160197,-0.0938085851643811,0.110989544783282,0.0132125710193493,-0.523996611277604,-0.851955277315344,-0.174488748836138,-0.103148783736866,0.520721631537952,-0.0681035001133728,-1.0377117824658,-0.921098865787408,-1.52016433338713,0.506890190611011,1.26784550479231,0.464757349096126,-0.39395465442922,0.0478444934263851,0.124532822081178,-0.16781827247879,0.00861789470388493,4.94856466016389E-4,-0.111302052624925,-0.0742565838030557,0.413152916072983,1.15185949988171,-0.0928452138985369,-0.00781003264884881,2.36,0.0
13126.0,-2.88004235163471,5.22544230971559,-11.0633302799459,6.68995065770063,-5.7599239886738,-2.24403079081521,-11.1999752166959,4.01472180864313,-3.42930426351801,-11.5619497720699,10.446846814514,-15.4790524832016,0.734441608104148,-13.8837785491112,0.821439545395249,-11.911483017197,-18.1030037037729,-6.83783453880068,3.12692935212663,1.19144396640797,2.00288287701632,0.351102064721284,0.79525514045211,-0.778379381413672,-1.64681511254223,0.487538823287331,1.42771309550336,0.583172486219188,1.0,1.0
44581.0,1.21273812875881,-0.0389604334993606,-1.22331412536251,0.0961101546984642,2.15667306572529,3.39743007082902,-0.396565224228883,0.789201236041402,-0.151610337740452,0.107330360529366,-0.190175569757739,0.00149581981884471,0.00971581667262007,0.475885420735628,1.12860254704026,0.480665550762327,-0.971925076500456,0.382360387011026,-0.115132182459095,0.0638306458380146,0.0411712797183985,-0.0719866424509329,-0.179933761778559,1.00961857961161,0.818939770752975,-0.269654152935565,0.0131531416250964,0.0221999237761308,43.99,0.0
72822.0,0.435820008634783,-1.18585868463113,-0.548104662328898,0.377722811004287,-0.485086576166902,-0.751168499617189,0.900140231927965,-0.330076962741118,-0.193293412395019,-0.367447976031286,0.0766698134765899,0.388622541790097,0.131395564327105,0.581899165643578,1.0837154190739,-0.211121674835065,0.11765542288907,-1.3680149196057,-0.218492349543164,0.771230516181034,-0.0935172229489949,-1.24787056457567,-0.200171017800274,0.132461228995091,-0.019857844314717,0.687559281299918,-0.171887929639182,0.0714310469145733,437.2,0.0
67023.0,-0.798690033238441,0.909980426334172,1.75556945973011,0.254834313435956,0.478194814094603,-0.528945235749518,0.609107305552576,-0.181733512508517,-0.826954236046677,-0.341934826391183,-0.529877574630523,0.429983182356343,1.53465931431846,-0.105822848398639,1.19993793712624,0.00867066832314082,-0.370966809711516,-0.272819717510571,0.969768771138316,0.124873414358748,-0.217202485985419,-0.622493104408524,-0.265018028450852,-0.0725369178103439,0.126746690216488,0.244911099993017,-0.0509226333284999,0.048926446840526,16.74,0.0
55614.0,-7.34795494690262,2.39704134824746,-7.57235581757844,5.17781925521834,-2.85483828261718,-1.79523877381611,-8.78323473517424,0.437156561210431,-3.74059750992972,-8.33286306292127,5.76318940883843,-8.70787929219866,-1.71694948774786,-9.57719439289905,0.146369002626258,-7.58649078643175,-12.5039309695675,-4.37563101237668,2.46519487038601,0.0731637913502985,-0.175273369741836,0.543325051876651,-0.547955067054245,-0.503721690122004,-0.31093277648824,-0.16398601754964,1.19789504657005,0.378186688214491,0.83,1.0
66328.0,1.23837764438358,0.0320699758234199,0.0993574652950983,0.562501691233806,-0.315484329200482,-0.737540325307199,0.0480414836531191,-0.160258333006123,0.229333532355738,-0.0218832682101146,-0.915071252031253,-0.395543818404779,-0.580847282040239,0.405434862408304,1.11662529880443,0.375346190648975,-0.522654095446629,0.0221619783672713,-0.067780615325576,-0.0711812968481971,0.0205296420583841,-0.00278291324574372,-0.157949509285884,-0.089646565325547,0.549779237629946,0.459239213700406,-0.047306223715366,0.00990712427068714,36.29,0.0
45501.0,1.00199171536791,0.047938380305255,-0.349001552412107,1.49395843665091,0.186938875230095,0.190965634380865,-0.00111210422593577,0.147140194715723,0.580415339651519,-0.792937990748917,-0.984171728067149,-0.567380064895921,-1.10559224967424,-1.38121354248053,0.405490421163411,0.279890165223202,1.1321602098483,0.0929929763441439,-0.298920455435975,0.016003673251105,-0.334417439439,-1.01431467260935,-0.128427315817252,-0.946241837638308,0.456090274720588,-0.453205972393371,0.0466270924243456,0.0646983543716214,105.99,1.0
14152.0,-4.71052878230567,8.63621438967976,-15.4962220036783,10.3133493732845,-4.35134098287048,-3.32268873543923,-10.7883728387388,5.06038112024979,-5.68931118776998,-11.7121866242875,11.1524905985837,-16.5581971409376,0.302644522406362,-17.4759212828566,-0.412393267331071,-10.222203169604,-13.7991476446987,-5.00858517858957,1.16202614780693,1.43423977941906,1.9905453513529,0.223785002572736,0.554408428563337,-1.20404159623154,-0.450684594730258,0.641836059375492,1.60595762479265,0.721643614506061,1.0,1.0
102625.0,-4.22122078925031,2.87112058054735,-5.8887158872207,6.89095207502484,-3.40489435037622,-1.15439396843915,-7.73992801001653,2.85136330092288,-2.50756869395709,-5.11072764247853,5.35088988417692,-9.29980722738699,2.79314035729228,-6.10655192524523,-2.10694702580884,-6.25062921491661,-13.5663252216994,-4.19278019670633,0.510570181831806,-0.227881506131312,1.62059124560534,1.56794700869044,-0.578007459600926,-0.0590448081819941,-1.82916881940751,-0.0724287202294822,0.136734308772186,-0.599847542493268,7.59,1.0
87039.0,-1.07961076764633,3.37278729500686,-1.5617499068906,4.40904022396899,1.00582194587438,0.219497881647895,0.395516238791566,-0.680764895596714,-0.424172925670227,2.84013694351104,-0.664183764765125,-1.29465122347517,-0.149512712016672,-2.98811773268095,0.825115569368104,0.640131605566092,2.12323190673427,0.895786023295412,0.759292374050404,0.943789056196865,0.0765898826976433,-1.4207268808486,0.26185371062304,-1.05989052820128,-0.349907671089599,0.0749362653770878,0.519271258003832,-0.0600241869182718,0.91,0.0
53031.0,0.206075454303215,1.38735982061524,-1.045286987034,4.22868619369076,-1.64754917421782,-0.180896946218666,-2.94367757476862,0.859155533266087,-1.18174300683428,-3.09650359868717,3.20091235546057,-2.45083242908802,0.316619878616412,-6.39717031528651,-2.12972836543767,-2.42737307534442,-4.44847225233098,-1.21222044988735,0.0346554556282822,0.351484399563241,0.46919942584802,0.344930464195865,-0.203799378001586,0.376640378487856,0.715485489514387,0.226002880910544,0.628544616302757,0.319917987612491,0.76,1.0
26585.0,-19.8563223334433,12.0958932259299,-22.4640827464876,6.11554110191771,-15.1480215209615,-4.34672408349599,-15.6485074722661,13.2768048056341,-3.97416161954102,-8.85919405880884,5.73081553744459,-8.08803351213651,0.230824969324902,-8.57897327333454,9.46636693186079E-4,-6.94774606726094,-13.4728970076501,-4.94021082886802,1.23014255193802,1.58292955492187,1.75072984045421,-1.40963570908141,-0.809809278333882,0.121396659905885,1.35030007077468,-0.224291873525585,1.59762136835254,0.476919818025438,99.99,1.0
54325.0,-2.89727290604991,-0.577521511073127,0.135409250170967,-1.21468526387354,0.462875123531973,-1.61552736525507,-1.31814811505678,-2.87037909924739,-1.52195659593816,0.0109467615145857,-0.639928366705317,-0.773361016374479,-0.64209224450387,0.527073674147993,-0.020647585465601,1.18257762489147,0.39431252812586,-1.48352063134569,0.0773374018689023,0.0221720442486687,-1.13734263187525,0.85118902613848,-1.09501662670573,0.48373179658165,0.0884251619143203,-0.307998352520022,-0.270973235915334,-0.552685068983044,12.0,0.0
79306.0,1.23792868353027,0.303710103501296,0.189629702202661,0.497696335256615,-0.141581556736619,-0.555083312395628,-0.0171724835664049,-0.0409220248568957,-0.219470207477278,-0.116042535146718,1.35107559751988,0.866883333950077,0.300137696381652,-0.131057953870252,0.40681579616084,0.767537404308669,-0.383152403908777,0.292682127156145,0.216429555246426,-0.0534265265868095,-0.257001346345315,-0.770444142868363,0.0748687406843197,-0.0397593113768216,0.234125974494005,0.0973730616230216,-0.0265778895552128,0.0173887721030394,1.29,0.0
44393.0,-4.61746102917986,3.66339525318756,-5.29744641020372,3.88095965427288,-3.26355091342907,-0.918546733700683,-5.7152620778107,0.831039550183167,-2.45703377841015,-5.72681709632961,3.52572598717089,-6.48911156043177,-1.01279063167124,-7.05231095228929,0.78444540329242,-6.77397674966222,-8.58807007314333,-4.51089174541971,1.14787783834912,-0.34645583270524,2.69817489528664,-0.0270808907137453,0.366775230313112,-0.123011441662663,-0.300456526768528,-0.239996239629945,-0.183463054061235,-0.0733597031884566,1.0,1.0
81602.0,-0.75903490259598,0.425889794308882,2.55400790544145,-0.050660441390214,-0.302054426887017,0.845732083822038,-0.145554306439031,0.547207428847406,0.116345349802997,-0.653299416121425,0.533809403399809,0.054511873049613,-1.35672479404119,-0.0459254753903341,-0.230559307942243,0.086005246485633,-0.12900590783269,0.260518513112911,0.275565802170433,-0.0727181749460403,0.00942414373549433,0.0850603765466969,-0.250860563242683,-0.29702563684828,0.067787192664861,0.386007471973353,0.0572268912973961,0.0560746003202157,12.99,0.0
109391.0,2.04398538510575,-0.189467462869562,-0.469374096772208,0.363799734695874,-0.264214548925956,-0.283714217719003,-0.58442815507107,-0.0948753018824446,2.70567359305188,-0.594900225441537,-0.453411120943925,-2.39249233056585,1.55731646726573,1.52770137527506,0.463105197918497,0.369107826274983,-0.127474010441905,0.480820079646354,-0.133553164085517,-0.288521377183418,-0.316057213489988,-0.528107063634226,0.280806331706893,-0.903767636910814,-0.31428171001425,-0.91151712754537,0.0327171312567569,-0.0420508885868892,2.12,0.0
102480.0,-1.92959692675373,4.0664132778545,-4.86518400996861,5.89860229319899,-0.552492585328532,-1.55596245330906,-3.83362344068736,0.679511648528001,-3.46376549143694,-6.68368922880726,7.02127774818005,-11.1024933822497,1.71175507363653,-10.447632938235,-2.79907615915518,-6.26174085045904,-11.6471577741668,-3.45143614190286,-0.507536514254236,0.942488941965831,1.13721164676769,0.674245235425331,-0.531765489027487,-0.433409350510738,0.378658562357166,0.198107291025294,0.869694411928137,0.228047851815119,0.0,1.0
11080.0,-2.12548982597957,5.97355569173344,-11.0347272274446,9.00714687170235,-1.68945053397167,-2.85441528535313,-7.81044074525876,2.03086994595841,-5.90282812214984,-12.8409338181318,12.0189131816199,-17.7691434633638,-0.431035658230095,-19.2143254902614,-0.962464574748091,-10.2666091836641,-15.5033921000669,-5.49492764246329,-0.410480977392724,1.49377464554928,1.6465182926595,-0.278484510810644,-0.664841293974353,-1.16455536944202,1.70179641354046,0.69080561470369,2.11974873337031,1.10893340333617,1.0,1.0
13471.0,-0.820119617212783,0.678824006511419,0.481690174968034,0.783833016941024,1.75621866248996,4.62786037735626,-0.959223991651337,1.52826120617602,1.61831746673986,-0.970172825757093,-0.407382493744329,-2.04724667643763,1.30970797576125,1.09019432967496,-2.21559620510277,-0.924831892579484,1.2635881093036,0.158283939976358,1.82606557411258,-0.0575531241097514,-0.478488671975477,-1.00569899504884,-0.0450420757580024,0.945810899304457,-0.181905975724406,-0.501477689971577,-0.0418573003714244,0.0524633706406756,18.27,0.0
45501.0,1.00199171536791,0.047938380305255,-0.349001552412107,1.49395843665091,0.186938875230095,0.190965634380865,-0.00111210422593577,0.147140194715723,0.580415339651519,-0.792937990748917,-0.984171728067149,-0.567380064895921,-1.10559224967424,-1.38121354248053,0.405490421163411,0.279890165223202,1.1321602098483,0.0929929763441439,-0.298920455435975,0.016003673251105,-0.334417439439,-1.01431467260935,-0.128427315817252,-0.946241837638308,0.456090274720588,-0.453205972393371,0.0466270924243456,0.0646983543716214,105.99,1.0
51850.0,1.07806903658593,-0.92173224617415,1.644743899366,0.524302201260736,-1.61598011948903,0.964015835843725,-1.5348920988409,0.723310680388216,2.07111620308947,-0.356883024849137,0.103626806400946,0.00902567955580462,-3.13728132993064,-0.384252585593896,-1.62074576745091,-0.402429987107135,0.673424377538769,-0.141841141375816,0.557763703382005,-0.320396308424938,-0.0802903950955235,0.142562138847327,0.0240766498560391,0.0565795329729057,0.0679648252331941,1.14955783717937,0.001455039058656,-0.00344607270163061,1.0,0.0
75365.0,1.11369286607272,0.199021101440753,0.350801742959967,1.01636329930453,-0.169088161053721,-0.29111743207902,0.0407337981457518,0.0536601932838095,-0.24770589619002,0.141688573241316,1.65380334596375,0.8584775115759,-0.462425939259858,0.694038635821342,0.493524771149721,-0.0893607101736376,-0.30553381458732,-0.129015002451731,-0.519048063779173,-0.160265062009891,0.125895866140125,0.35640926735666,-0.0665677479816324,0.22853686485197,0.54092355931658,-0.329352734406157,0.0216282554115241,0.0108502801300002,19.9,0.0
50808.0,-9.16978982388629,7.09219680097303,-12.3540368689178,4.24306897383907,-7.1764377547738,-3.38661804868541,-8.05801194656602,6.44290866379074,-2.41298660229065,-6.13490688724113,2.82667122820047,-6.30984277729399,-0.623002385785158,-7.27986921938704,0.924233225976226,-4.21553713481175,-7.17167241498026,-2.55033668458713,0.596364320528384,0.816651661759946,0.926156961108813,-0.817706132334589,-0.150434415715838,-0.039383059739641,0.485639753958673,-0.264324608977439,1.1596904600617,0.232758088392131,99.99,1.0
39551.0,0.820142308138309,-0.569282316536307,1.12095454383179,1.69889679585224,-0.765593276573048,0.958109060942668,-0.488376119240875,0.402283736287507,0.9822418450177,-0.299275395517011,0.588007257767479,1.66373300814336,-0.354251059472786,-0.515923386015563,-2.38828496688639,-0.934364112868644,0.528106721847244,-0.83282344454728,0.428777081671891,0.0285144814834359,-0.296165033805317,-0.667300442538666,-0.0272912493661665,0.0178157096802194,0.353679168527813,-0.538320220454167,0.066245621118883,0.0379082858931319,122.77,0.0
76575.0,-5.62246941906299,3.48062317879011,-6.20067659397487,4.31123366835313,-5.22628632428769,-1.34176357284987,-5.22094094197327,2.68284353707778,-2.92148438224053,-6.56125741097377,3.21126387844398,-6.86166051434144,0.326461834627394,-7.7552536640417,0.50465219263742,-6.27661678567251,-10.6117146970978,-4.14677374512684,2.19728771323892,-0.156288522686099,0.949568986169808,-0.428985749759671,-0.35067550041691,0.197549503550848,0.15923422951036,-0.377790861014248,-0.213561786254573,0.459528918054306,219.8,1.0
57163.0,-10.3630494651588,4.54367201286394,-9.79589773551539,5.50800333404763,-6.03715599427489,-0.133492972364907,-11.7243461176622,-3.19834557193323,-4.76784222430147,-9.33212806886128,5.2241240042156,-7.74312234505579,-1.56034320038539,-7.14041803349475,1.18597782557697,-6.59870406570123,-12.1205390025684,-3.90409153348034,2.51343040062446,0.924396179705582,-2.45714487251707,1.68725664165106,0.977178353536712,-0.543368976583511,-0.289124786926125,-0.107586425389056,0.330641897772597,0.163577149556086,1.0,1.0
46777.0,-1.9708154631575,-1.7443123033708,1.58342081468378,-1.39310546926544,-1.23427450950962,-0.11468419188565,0.882985463434563,0.133704369368662,-1.07252264791475,-0.311004531580521,-0.447919450649472,-1.44087556920339,-0.766780985000306,-0.226202846913299,0.835733350455003,1.3247026583228,0.213687271805843,-1.08176779496968,-0.658082607066293,1.28781437770993,0.6355228657643,0.796493382934658,0.83619594287331,0.024746558124614,0.633470556273097,-0.152291425964382,0.116725492582746,0.165382062393591,447.0,0.0
59846.0,-0.410498387887834,1.07391883789145,1.46769176753238,0.224218190227007,0.858634034465959,-0.270949274669339,1.0561194779393,-0.39841913964019,-0.542289520860825,-0.188760789694461,-0.871826405676497,0.490579854178658,1.79633656560981,-0.375752428197164,0.704643038418695,0.169748530195017,-0.980227989752281,-0.117696750798787,0.207392165458497,0.117841741876734,-0.188825547031927,-0.375501702193645,-0.163919670488564,-0.462514717384524,-0.19618910969297,-0.702888241336298,-0.148354027560772,-0.068484221409538,4.99,0.0
41204.0,-8.44028396323147,6.14765332384605,-11.6837061588856,6.70277957100753,-8.15583929706995,-3.71626415558662,-12.4073130564101,5.62657129554302,-6.23216089363823,-13.3866834395246,7.60555947435276,-13.351815018081,0.827049642773684,-14.9794773489142,1.53281308437662,-11.7714969677127,-20.2992165093576,-7.60911006016911,3.80913643570604,0.520732330180873,2.19285541971989,-0.282596814624446,0.00806849811246454,0.403858336982018,-0.0187883930291726,0.522721636106603,0.792690689790115,0.0677895462043786,30.26,1.0
32686.0,0.287952771527529,1.72873464521162,-1.65217304572257,3.81354418795523,-1.09092715391318,-0.984744665624589,-2.20231792699069,0.555087932252191,-2.03389204830362,-2.73415555507211,2.36843367282003,-3.65680265130054,-0.169534683304731,-4.74441333023745,0.765192829294304,-2.47951355643698,-4.93111196829858,-2.54740252736051,-0.90268980289448,0.265250210286539,0.262201510185118,-0.633527564205563,0.0928910102678184,0.187612655556196,0.368708354409639,-0.132474029018571,0.57656075692479,0.309842705461879,0.0,1.0
110087.0,1.93494645561548,0.650677737498259,-0.286957048622899,3.98782809057201,0.316051835129206,-0.0994493763543019,-0.0214831582313935,-0.172327298889228,0.508730034701461,1.07295520625891,-0.427567391481657,-2.777649223895,1.63714014878874,1.5710801214626,-1.44536681818908,0.908649625166723,-0.122016068028642,-0.104109917156777,-1.6840216339214,-0.344452123814994,-0.173601631022283,-0.190973581696087,0.219975571293889,-0.216596550704603,-0.136691885594352,-0.129953649978571,-0.0500768352982461,-0.0510818960798855,1.0,1.0
121038.0,-0.495510592114453,0.217203845271688,1.61223949500469,-0.236247820620996,0.0369146098090143,-0.35589239344665,0.449113114958174,-0.122343373057143,0.778414932583601,-0.447004867725658,-1.01538708988597,0.0341904361034765,0.106896443415817,-0.495565025675042,0.420022280938873,-0.319302865242732,-0.445854296814617,0.368405641297318,0.0337495727207485,0.285061779947045,0.291191146971198,1.22015620373797,-0.162785402075422,0.0229174215628232,-0.230060154873204,-0.132643177500512,0.271782967734041,0.0253812404913538,49.0,0.0
34256.0,0.539275913891047,1.5548897630737,-2.06618033324968,3.24161746276725,0.184735711234243,0.0283295594064726,-1.51552137985061,0.537035374444064,-1.99984603560986,-2.13317644293659,2.75617194535395,-2.24286436771513,0.615204246860345,-4.65280380668112,0.222163815521883,-0.775666019840941,-3.21861825150599,-0.370992501046414,-0.686196723569762,0.302734578907132,0.371773459120687,0.111954592156869,-0.305225078771695,-1.05383526243402,0.77117490696746,0.240878213732036,0.418434531995645,0.232169715166482,19.02,1.0
39447.0,-2.71373404127423,-4.37786727566009,-0.865568876701795,-0.504253649859168,-4.9795444593268,1.25033341921356,6.24387891712954,-1.00381691127503,-1.92786106256746,-1.1451636945464,-0.21874987171461,-0.401651874219484,1.05024102986467,-0.155261586719491,0.208242416634164,-0.926244333032676,-0.47266812374037,1.21354672916793,-1.86029185044269,3.16264865302848,0.476820745588804,-0.947954998844888,3.98138740660407,0.510592260370184,0.0584294852420594,0.521808697373851,-0.761159101790547,-0.0686540106181309,1644.95,0.0
113478.0,-3.9506076638139,4.17769241850837,-3.02921331230875,-1.72867070035366,-0.298613056409049,-1.9151825669654,0.68019255710686,0.785120063005436,1.84825101374906,3.2687830915569,-0.691315237309619,0.262255128349443,-0.52365951077252,0.528929572965105,-0.00577925100317739,-0.774548678600578,-0.0191176119080758,-0.559308007995677,-0.663492327439019,1.39730498554982,-0.0994521076697004,0.659190912143156,0.102996653601928,1.1311004138175,0.335692507370059,0.0132592248183468,0.754172779481428,0.143826371386089,1.46,0.0
51155.0,-11.2054613927303,7.91463349246877,-13.9877516388388,4.33334117975523,-8.48496952268505,-3.50656117309394,-8.93524303241605,7.70444915069923,-2.33658417970129,-5.92735916911943,2.47040101557896,-5.7885170305197,-0.391939257057427,-6.52746224116063,0.899859362283244,-3.84729284231041,-6.70063744821132,-2.49261610727828,0.469554313978012,0.860911741764656,0.942593331002491,-0.987848114682141,-0.279446305433771,-0.0272992246723051,0.644344195524188,-0.263077923082484,1.08402252771111,0.211933356664813,99.99,1.0
32137.0,0.57715044793948,-1.32914857929864,0.835681001514518,0.411531476279953,-1.05087268124341,0.991624161906143,-0.599095324335259,0.449733211856789,0.919329535041023,-0.413161745058122,1.25007569778638,1.13838237265191,-0.648479098524505,-0.135330210650048,-0.448918920091596,-0.416846132370986,0.475599547230375,-0.928202964537806,-0.11722350465769,0.354061125669428,0.0246932142517061,-0.249908256079256,-0.0919219866848247,-0.218505332101229,-0.150949301922154,0.926983601460123,-0.0542664055679562,0.0418400595372759,265.84,0.0
84789.0,-1.43086372778891,-0.802528699267131,1.12332029999445,0.389760264731692,-0.281213534404278,-0.055123492429819,1.32623248909333,0.195699815379613,-0.546889550453909,-0.71347376073502,1.27462907751277,0.0236821347785728,-1.52169610821701,0.727242085814848,0.166504662441577,0.348037591565135,-0.5663900830288,0.216016101767291,-1.14037564250718,0.634184289933654,0.325575470468413,0.0140018451191784,0.844946015847872,0.114962884542335,0.156364810543393,-0.619437446641754,-0.120351072821334,0.0355941733717493,354.33,1.0
117523.0,2.05718575494573,0.145597016884913,-1.69495699076348,0.430253818309742,0.406381257458099,-0.892995446772265,0.208375311184365,-0.250273505686877,0.465497215009394,-0.386904365764524,-0.510056406996258,0.246619206204175,0.227238791606414,-0.873888363392149,0.185510152922723,0.300143017907101,0.476012377037495,-0.33716951592141,0.0368866636630227,-0.129791009619723,-0.355646784107866,-0.929245904490075,0.334679970044893,0.573074628944792,-0.259775983971987,0.168209920566754,-0.0630933505469034,-0.0283508190952612,9.87,0.0
95559.0,-16.308650062507,11.6148005425867,-19.7393862972953,10.4638662754002,-12.599145656022,-1.2023933184963,-23.3805078207357,-5.78113300512982,-7.81102238181602,-16.3035376590131,5.57362527301538,-13.6352161247268,-0.483236243869236,-7.35279224297253,-2.39268418895092,-8.72814239367754,-17.5988535455879,-7.45595632935304,0.169740705598221,2.10603387120175,-4.88498262418118,1.14091043558273,1.39295263139548,0.348996604820014,-2.16750975079914,-0.798753537981903,-2.94277507305079,-0.462679619023024,1.63,1.0
31649.0,-1.36038957284506,0.607326220877682,2.34158069818716,1.74069565736001,-0.676902932033326,0.789235357574148,0.0892752994708621,-0.820022963418856,1.1506941303123,0.233405253158944,-0.657391314196247,0.454457899415378,-0.877064212972742,-1.04090320893197,-1.2906382413868,-1.88189176447942,1.24425069674486,-1.21959596585598,1.12957895730388,-0.346297369439639,0.363666561049808,-0.488756584023772,0.261245790307186,0.597615944610159,-0.499761186809747,-0.574414293901568,-0.715919713544471,-0.500763367787316,49.24,0.0
121260.0,-0.853665565315827,1.52465106557742,-0.554472673800715,-0.00627616361937504,0.087725708673073,-1.96476113532455,0.875196326248377,-0.279467646794734,0.230357006845405,-0.154369289034037,0.392420014943531,0.497198950695524,0.563693287883372,-0.997903015220771,0.588449768449296,-0.275246409899064,0.753114409126336,0.279470417078173,-0.554410943441874,0.0369853716478075,0.321157859996581,1.21693189635802,-0.0854391644415055,0.885305945337727,-0.408047835272965,-0.258759684755004,-0.189499442866107,-9.36863705796889E-4,10.98,0.0
38252.0,0.949413099570769,0.36385658840329,0.675398145299225,2.14425531645707,0.671748147003969,1.83629736777609,-0.295001163189551,0.632917411145298,-1.04969660884812,0.64002869935897,2.21132464413144,1.14057605326549,0.123709305590807,0.557315521640424,0.92389508905551,-0.304410952341204,0.289978720653172,-1.94781502872243,-2.18484074904414,-0.255724083463354,-0.0732847144586591,-0.171435868521807,0.254570453828763,-1.05819626491313,-0.0893132173341442,-0.156092247850119,0.0617302274145271,0.00490454856892638,6.53,0.0
56650.0,-8.7620833940977,2.79103028235041,-7.68276685719257,6.99121396498416,-5.23069545140333,-0.357387950702527,-9.68562145610769,1.74933494530821,-4.49567886484426,-7.86450647898838,4.77414774007074,-8.24589788162945,-1.33349186005079,-7.97425052332349,-0.39879894749855,-7.24434047432354,-12.7600939511044,-4.82474022298701,2.83699299496563,-0.460389538640294,-0.0905267878788197,0.34858962816605,0.0511323900482543,-0.41542987238242,0.219665266254896,0.330020364891881,-0.0282517554687547,-0.156270272972183,7.52,1.0
87883.0,-1.36029263351035,-0.45806896998712,-0.700403917726715,2.73722917151503,-1.00510597388675,2.89139936351597,5.80253735302589,-1.93319735249124,-1.01771714252211,1.987861862693,0.504116141204789,-0.863430853145281,-0.184450076491427,-1.01691553500414,-1.55941019827384,1.15431268558106,-2.04385766822656,-0.151698807119589,-0.94351353548825,-1.49340137472525,-0.936989532415364,-0.0538115862306455,0.580105893889531,0.216927302487974,0.151642929701357,-0.33211456915886,-0.469800301881959,-1.495005896766,829.41,1.0
50706.0,-8.46184470133154,6.86619841481805,-11.8382692206767,4.19421096699453,-6.92309709702798,-3.22114664850055,-7.55349651116055,6.015618186942,-2.4661434402463,-6.24624318477127,2.94398521977131,-6.51238933713471,-0.698175946764313,-7.54364593187217,0.92645528395257,-4.3302948063467,-7.33969796421674,-2.55090085394741,0.645904895509124,0.814710155897088,0.918244480856236,-0.715366336614015,0.210747336284603,-0.0602114737129364,0.509534595479059,-0.257283692851139,1.17002651560613,0.229300914797861,99.99,1.0
71735.0,1.17764027675905,0.192837828284644,0.141660788513032,0.459468787769028,-0.00590111197692577,-0.0929336036060441,-0.115928895242311,0.122662790280259,-0.151693402783497,-0.150151872193989,1.490498138446,0.69766751778418,-0.196881884885189,-0.00548209262683783,0.712394869621223,0.498782031961297,-0.0772752078008125,-0.0956157908959476,-0.141377097157403,-0.0981337491094765,-0.229629875233512,-0.699912461501627,0.102429119482281,-0.363871271409417,0.141943018262493,0.127766337399187,-0.0148689401697042,0.0144608343754615,9.99,0.0
32659.0,-0.594980129947071,1.32886431155781,1.37366762840841,0.0952078005622712,-0.0887163105261548,-1.14084334091105,0.758915016549017,-0.211940830440963,-0.401467938031939,-0.315690352828697,0.229440661897529,0.444362743929772,0.849984283951079,-0.637170333188199,0.797898635622923,0.224509453477305,0.0688553364457005,-0.35668129087464,-0.213570862272841,0.125858112814184,-0.196748707665823,-0.565935815289744,0.0330776545727416,0.680057483183919,-0.20012857310208,0.0230500004493296,-0.0250017971993219,0.103575430008917,2.69,0.0
105569.0,0.468634631510404,0.00413848781371777,-0.164106576006628,-2.52477548518437,0.531507743770487,-0.803077443079968,0.762980223907734,-0.539012397754322,0.297547212326014,-0.240617743448446,1.81470273043205,-1.8518468440489,2.17538135330852,1.55129661407815,-1.45334941799448,-2.01412066278566,0.326225157461395,1.62420857319606,-0.387243614048477,-0.455594732780043,-0.373575072590066,-0.137380316460136,-0.0879214986547555,0.742700453102369,-0.233342471189796,0.392478916767083,-0.224455563511448,-0.250016136830074,14.07,0.0
79745.0,-0.862004696438636,0.59721291635315,0.673461246626027,0.994229279999176,0.51413772259341,-0.446063666460025,0.00648627653352857,0.47065922948521,-0.712975987493158,-0.44280372694983,-0.756052274001122,0.0113925312802314,0.068589972830236,0.689933478436458,1.32527351775789,-0.347821876937715,0.146181769460379,-0.178772285377166,0.156954572301622,0.0258227724883038,0.21850161209117,0.36581492161476,-0.145999849834833,-0.270424769485385,-0.00288671790540329,-0.248140753080226,-0.0183192217738908,-0.109014679109385,7.47,0.0
75047.0,-0.860541026982334,0.852047264834133,1.38032253006308,-0.630814648532978,0.706654161812588,-0.17085790240422,0.575692965442542,0.189347616767956,-0.618533391113296,-0.723549035189212,1.2107010216353,0.27063526090237,-0.580590339639099,-0.127517412008537,0.106109891211202,0.646460405863567,-0.312789248325941,0.0213397337996067,-0.669515426032292,-0.144237024941064,-0.129492519446092,-0.565038830904806,-0.0887478664360704,-0.376849003039315,-0.242822338251796,-0.0370672100267133,-0.0963144069247881,0.12435004537201,0.99,0.0
68637.0,-0.587869669272819,1.28698463095313,1.32153598759626,0.0871778465920627,-0.202069906613141,-1.20246573429858,0.67314056697841,-0.0608598060424496,-0.167652746823595,-0.190622997793371,0.0371697260649216,-0.166414035847937,-0.325231935105074,-0.403349638079148,0.927236176873911,0.283994889417066,0.140490136687606,-0.214786097192928,-0.241065910628929,0.202040123594613,-0.277918563507143,-0.682837295795658,0.0354892297027025,0.646271997478593,-0.166895627328553,0.0576250153873768,0.350794645459219,0.160670578348054,1.78,0.0
81886.0,1.27578013086681,0.176530746729917,0.13297300866767,0.374736526138033,0.111706914654098,-0.0437291226877242,-0.0357497814450782,-0.011488004337492,0.103738492014696,-0.107726441510504,-0.750005320775431,0.160302860464721,0.409171225196794,0.223953169699123,1.34871286264748,0.256389707883095,-0.447500441484456,-0.713682585344316,-0.161180420607628,-0.0995873779787897,-0.285198868224921,-0.787201090352511,0.0625967069267497,-0.772668141537921,0.255322706652723,0.176373233538506,-0.0139230609399452,0.00706797216775594,1.98,0.0
82289.0,-1.46489654758402,1.97552752738073,-1.07714453940265,2.81919063998449,0.069850228405671,-0.789043629709432,-1.19610144945515,0.673654375004339,-1.36372387646135,-2.9328952580311,0.301368829965399,-3.24614143685335,-0.465640147552938,-5.42936187944371,-1.30498291640657,-0.953623442669269,-2.72734300093373,-0.63643691865914,-0.927124072666602,0.048968800272123,0.174099465690177,-0.272505290211891,-0.0315494503920774,-0.406165929676999,0.157768979757404,-0.104392920359594,0.0737955599806211,-0.0415702518454821,1.0,1.0
21419.0,-17.4677100117887,10.1148157246654,-24.2021422329158,11.8054692105913,-10.1980458075926,-2.5799380080012,-17.6567879964837,2.25690247596699,-6.24214930949065,-12.8306571996417,9.44266526535108,-13.5474858999444,0.960728558325579,-13.0287170264518,-0.426674498701321,-7.65266166506753,-11.4853277896478,-4.72136957553102,0.550519004149565,1.00151850195952,-2.32802441621057,0.940830319350178,1.29681706144136,-1.05510390359967,0.11179202805362,0.679694612203418,2.09354057112569,-1.42549145377361,1.0,1.0
45463.0,-1.47689343619361,2.12231379246165,-1.22946956041319,1.20184879823143,-0.343264387787516,-1.31770390932283,-1.52814215893659,-0.620953383361586,-1.21304032250238,-2.97526724837752,3.53221960237349,-3.68263987014104,-1.15477748628793,-5.16522922685485,-0.240091425455286,-2.40492728839102,-5.67173864053893,-0.99429395124741,-0.289935891439032,0.276893466308702,1.18603560532412,-0.0402148700651311,-0.238930086824211,0.110144325976026,0.0454183699836296,-0.56923231725429,0.481018701576887,-0.0475554426964208,1.0,1.0
65803.0,-1.28658437842587,-1.23570267822063,1.99443933618659,-2.15763683393151,0.372444378256184,0.500444308735535,-0.244746573258012,0.233643356439376,-0.970844928738069,0.0426820599915663,0.27067124539681,-1.00079985312611,-0.425266572195751,-0.490739873396638,0.126060893836701,1.95067228610443,-0.73521470567196,-0.241868454266638,-0.228013681354253,0.57100186845218,0.506316310504028,1.00795474664401,-0.130005111072264,-1.14525666550236,0.56945472394785,-0.128408438427094,-0.183105434036319,-0.162763571599505,134.99,0.0
67290.0,0.15438246229864,-0.549083079218585,-1.0855948869641,-3.57216639349024,2.20060018908369,2.72911885652972,-0.137248958688616,0.445638174792421,-2.36205006346846,1.48568851911282,-0.474882418519258,-1.38572531789379,0.198018761343529,-0.244149021741637,-0.339874389266147,-0.378200325952832,-0.280746780187361,0.264205391978725,-0.447910094758063,-0.0718720977177658,-0.128127166764064,0.12418343251601,-8.62703018214062E-4,0.982089802962469,-0.608916760579573,-0.435265372899441,0.289674396938212,0.0549312590624111,15.0,0.0
26899.0,-21.8854339051741,12.9305051249875,-24.098871851647,6.20331419234722,-16.4660991227874,-4.45984212550286,-16.519835984614,14.5355647151916,-3.89702188761405,-8.6507583293562,5.3754339072439,-7.56721354069937,0.461807829323489,-7.82789139878016,-0.0228148529460228,-6.57804150255676,-13.0024594617382,-4.88446723880536,1.10435473489394,1.6119982189969,1.76223176917351,-1.57905510076487,-0.951042744820554,0.13456529188962,1.50711039768212,-0.222670856855594,1.52765527810284,0.453698638993223,99.99,1.0
93965.0,-11.3977267217611,7.76395304621262,-18.572307456296,6.71185525207739,-10.1742155991554,-4.39591833120843,-15.8937882429266,2.08301258152135,-4.9888371802491,-15.3460988468775,7.09318207259894,-14.9797547574476,-0.148288045224015,-9.93567958156078,-1.16199939019334,-11.6468338293624,-18.3838524599849,-7.40273080415809,1.94169681013401,0.208879130047717,0.339007373241803,1.34292261443867,0.239217367154604,0.534644166424257,-0.174964905765612,-0.500240426616998,-1.72206026726614,-0.574339363297002,11.4,1.0
68357.0,1.23260446981971,-0.548931183157109,1.08787266901823,0.894081819978967,-1.43305489904701,-0.356797142170886,-0.717492197160233,0.00316653108995309,-0.100396732730679,0.54318725600578,-1.03941706835478,0.285261608751792,-0.206006567752438,-0.498521775750102,-1.06410845071827,-2.1560365431533,0.564761098405632,0.837856659648528,-0.728989760343786,-0.576274061414969,-0.448670516618872,-0.517567967949267,0.0128333352729761,0.699216728009832,0.527257980520248,-0.322606503047991,0.080805437438631,0.0354271820131481,19.59,1.0
93860.0,-10.8502815883108,6.72746568826853,-16.760583409542,8.42583167857118,-10.2526968683093,-4.19217104406337,-14.0770860104531,7.16828793346092,-3.68324217370244,-15.2399619587112,8.03070840755191,-16.0603057628826,0.270529742348469,-14.9529810390579,-0.241094883743813,-11.866730636746,-15.4869899240937,-5.74865155747378,4.1300314273319,-0.646818272966729,2.5416369467068,0.135534921100722,-1.02396689219897,0.40626452579196,0.106592778669641,-0.0262323892202069,-1.46463002356247,-0.411681819907858,78.0,1.0
94213.0,1.92932783760785,-0.230009306680616,-0.722491948520004,1.37937021597284,0.327867478400161,0.869604748837744,-0.45995775718235,0.156941118447227,2.3482047021916,-0.219169438220405,0.0973555861802093,-1.7098519980583,1.22476300972212,1.36509598167201,-2.46374142103753,0.103726802333119,0.0110517110997822,0.293583502872719,0.738815222700973,-0.256199595244543,-0.695468462395647,-1.55590480416274,0.25446673038989,-1.59984060642066,-0.225789820590203,-1.07450475432819,0.0180820071102605,-0.0572999028784184,34.99,0.0
118414.0,-1.49042710078104,-0.320933658401971,-0.647754166653652,-2.50023676116372,1.29355419387524,-0.645485906459353,0.395299284976736,0.622673405866711,0.881324041876381,-1.89960593295396,-0.576144367393843,0.344510677074133,-0.95957050464303,0.981638513373752,0.978504381435192,-1.11286401139917,0.163765263626016,-1.03896156023012,-2.19977501924325,-0.0970410642585955,0.599520217912756,1.50498235553977,-0.0652696632407068,-1.04104246959498,-0.234518233533435,-0.974644075890273,0.386371818390828,0.0556426838548604,56.23,0.0
93026.0,-0.771636507482891,0.762829206548415,-2.37525841849889,-2.05375522320675,-3.45129154410492,1.1730921843811,2.96917664137922,-4.53116338606789,-1.34675768784037,0.748700144245674,-0.181392901012266,-4.11668166791224,1.35157332313455,1.66114016731916,-1.457771507415,-1.22301213308561,1.71229337722959,0.145670188352361,0.0438471804897626,-1.96489751035409,2.74830069360577,-0.112467166816646,-0.118522522628653,-0.0113588394504388,0.36745126394231,0.317870125286065,0.661517258255951,-0.268519623521927,714.0,0.0
5532.0,1.08260401669477,0.00804931434786307,1.52500478439773,1.57893720281673,-0.910053145963816,0.124775951181384,-0.740159033994219,0.145165539869823,2.1973969702109,-0.609459521359164,0.616815497439985,-1.99812651576229,1.28451373921695,1.18587543888601,-0.29624884918748,-0.323630830182006,0.899003389480568,-0.305263658907556,-0.894836219782724,-0.23222578350818,-0.16527894037226,-0.0127121533466735,0.0779061246841782,0.341297297694499,0.263660603997535,-0.43767887583717,0.0599225134193235,0.0317775539838169,12.99,0.0
44761.0,1.19510497306004,-1.02154926159557,0.675673105228899,-0.602624271743588,-1.45839333292302,-0.386504586062148,-0.870453596960152,-0.011784227869444,-0.337320616824179,0.610646943850586,-1.11914584189405,-0.687338775573537,-0.148583105601448,-0.0708126475344574,1.43056375367943,-0.608788384634933,-0.398243644140844,1.50961719397928,-0.789830468321287,-0.279159889794736,-0.369132064958224,-0.849189809954701,0.0215966164095123,-0.14562163813966,-0.0667773622467479,0.953747547372327,-0.0466075411850387,0.0337716322735265,108.9,0.0
72824.0,-1.11149523246612,-0.257575207100777,2.25020963478583,1.15267090326627,0.432904474488939,1.25412602800986,-0.58416279009186,-0.609681605347911,1.01460246273104,0.334532824069685,0.82637484441332,0.196886900487791,-1.88599349809323,-0.472025637126337,-0.578141395688259,-1.24300710102788,0.570459827436018,-0.159056766164096,0.407187527410462,-0.510613591931657,0.862912790109336,0.927825035064447,-0.343058085886885,-0.256268230425974,-0.600742165862083,-0.18033128765631,0.0267622260788268,-0.358335321215398,45.03,1.0
41243.0,-10.9407391093978,6.26158585106885,-14.1823387841287,7.18360208606589,-9.95136334372547,-3.86082033664669,-13.5473021949163,7.09647164642187,-6.29402944276594,-13.6081431627279,7.12716532148781,-12.6110036871047,1.21455639781013,-13.9062968240505,1.51406990634864,-11.1257390593549,-19.7162573051191,-7.5527890897252,3.65678707068496,-0.0883420818722748,2.26744826134981,-0.492029167950335,-0.239302865923644,0.454368210214217,-0.101611062526814,0.446996732737119,0.062292646721181,-0.439769899530758,45.49,1.0
65728.0,1.22761441351286,-0.668973794096954,-0.271784826118016,-0.589439741635524,-0.604795004349645,-0.350284967097775,-0.486364540645055,-0.0108086285956747,-0.794944156080669,0.264544748886681,0.881268050432366,-0.324703760782435,-0.263263800489225,-1.11273543930467,-0.540849503339651,1.53341124817574,0.831442610720144,-0.473346676550517,1.19012126352217,0.273799209937263,-0.0260547222626376,-0.295254768133076,-0.180458520061445,-0.436538663158256,0.494649059264358,-0.28373826696629,-0.00112827864271304,0.0350745013143425,98.01,1.0
45541.0,-1.51924353075082,2.30849245367643,-1.50359931953802,2.06410058377601,-1.00084505842829,-1.01689703316417,-2.05973051990126,-0.275166374590629,-1.56220609694371,-2.75579692797163,3.43824825990431,-3.52152936013651,-0.918761288376486,-4.45210024854037,0.499313753853031,-2.90790343439971,-5.24864639527919,-0.936814652613817,1.16012029433585,0.175018552247898,1.30787143187069,0.102825644139183,-0.0177462832428156,0.149695925673219,-0.0966024680642115,-0.369114567720136,-0.0192440931269227,-0.20831909164279,1.0,1.0
11080.0,-2.12548982597957,5.97355569173344,-11.0347272274446,9.00714687170235,-1.68945053397167,-2.85441528535313,-7.81044074525876,2.03086994595841,-5.90282812214984,-12.8409338181318,12.0189131816199,-17.7691434633638,-0.431035658230095,-19.2143254902614,-0.962464574748091,-10.2666091836641,-15.5033921000669,-5.49492764246329,-0.410480977392724,1.49377464554928,1.6465182926595,-0.278484510810644,-0.664841293974353,-1.16455536944202,1.70179641354046,0.69080561470369,2.11974873337031,1.10893340333617,1.0,1.0
18399.0,-14.4744374924863,6.50318451651946,-17.7126323688621,11.2703523334822,-4.15014206409808,-3.3720982088695,-16.5358068114174,-1.4439469925952,-6.81527289964437,-13.6705451263516,10.5452629545898,-15.0226996343749,0.171633085144947,-15.0663743633461,-0.259575939555838,-8.6687392723375,-12.8041408991277,-5.11662049533788,0.579200358016368,1.10124987016838,-2.47596222945688,0.342390706034285,-3.56450803816097,-0.81814019000188,0.153407682695978,0.755079460824454,2.70656616161759,-0.992916047059418,1.0,1.0
41646.0,-3.24018658731411,2.978121790406,-4.16231393691373,3.86912437879902,-3.64525645477793,-0.12627056104764,-4.74472973694714,-0.06533104369042,-2.16836609501902,-4.75830407509117,3.47109784646449,-6.5331067689397,-0.983468669556775,-6.07398900285949,1.12540670902583,-7.71804240456347,-9.85592743669396,-5.19390789281555,2.04269768780688,-0.224043462894117,2.60144102940002,0.23191011639882,-0.036489849092758,0.0426396452203885,-0.438330345949387,-0.125821080392006,0.421299802439127,0.00314587612156787,172.32,1.0
41646.0,-3.24018658731411,2.978121790406,-4.16231393691373,3.86912437879902,-3.64525645477793,-0.12627056104764,-4.74472973694714,-0.06533104369042,-2.16836609501902,-4.75830407509117,3.47109784646449,-6.5331067689397,-0.983468669556775,-6.07398900285949,1.12540670902583,-7.71804240456347,-9.85592743669396,-5.19390789281555,2.04269768780688,-0.224043462894117,2.60144102940002,0.23191011639882,-0.036489849092758,0.0426396452203885,-0.438330345949387,-0.125821080392006,0.421299802439127,0.00314587612156787,172.32,1.0
85871.0,-1.68364832573065,0.46852247266942,1.30316705841745,-1.66136428212693,-1.38475741906835,-0.7021543984748,-0.669815504023521,0.623234104343115,-0.781139227296195,0.14258761639844,-0.436639279132472,-1.34659934916889,-1.53600433032335,0.201408789900379,0.723474141600431,1.3796879739709,0.555518091265299,-1.50590075532465,-0.550328545312674,-0.482486825200569,0.251517580057174,0.419846800239925,0.179747544954449,0.341862633595831,-0.444169836928102,-0.565482748148306,-0.749463402380718,-0.277159809535724,25.35,0.0
20931.0,-16.3679230107968,9.22369194937548,-23.2706305232856,11.8447765860728,-9.46203714585895,-2.45044437416398,-16.9251520440555,1.38420847895884,-6.28773594816964,-13.0027093010697,9.69146098207319,-13.8865951585248,0.838361375836116,-13.5170724083842,-0.377910607106286,-7.85568149439455,-11.8038151924676,-4.76102594206856,0.618624412799665,0.993584598744375,-2.34367359429797,1.00460241382139,1.18821215709493,-1.04718376839983,-0.0355727659827232,0.664899774367373,2.12279575423083,-1.41674061492574,1.0,1.0
12095.0,-4.72771265581559,3.04446910225824,-5.59835426695611,5.92819080241929,-2.19076972938784,-1.52932296564747,-4.48742195988547,0.916391814103266,-1.3070104231933,-4.13889121357616,5.14940878300581,-11.1240186070579,0.543067765541171,-7.84094220494304,0.743633944785042,-6.77706923974191,-9.93176515376766,-4.09302112201074,1.50492485905709,-0.207759445103882,0.650988236282379,0.254983288954681,0.628843468802127,-0.23812845429317,-0.671332331960485,-0.0335900627800998,-1.33177732223058,0.705697590023144,30.39,1.0
65936.0,-3.5934760029271,0.78144226309285,-1.82244751422669,0.605760683474701,-1.19465586719981,-0.517194856719497,-1.72252312325165,0.128889523769538,0.0149633080909052,-2.85611682977408,1.61826162043188,-3.58137450130299,0.623706919914784,-6.16045662030601,0.494733399107095,-2.54310504010287,-5.30127339068683,-2.19271270602319,-0.09472379272847,-0.478219313417121,0.351792125839819,0.391248950287018,-0.252874890557857,-0.498042480147132,0.0101721931231225,0.909928721553306,-1.47876724603751,0.722673039450917,101.5,1.0
28143.0,-27.1436784229495,15.3658043803315,-28.4074244550982,6.37089534679314,-20.0878775718571,-4.66631306343841,-18.7094788213717,17.9035743750222,-3.72227873753244,-8.12096173759343,4.41994345577668,-6.21094112120869,1.06383739513242,-5.84352838067721,-0.108836449172905,-5.60659732565665,-11.7562556050179,-4.71494676131661,0.783577593799492,1.70388764553958,1.79682638880552,-1.96097371657716,-0.90224745220798,0.144011442167384,2.02438803943008,-0.204214065769385,1.33215305903359,0.385890728011147,99.99,1.0
26419.0,-1.49814446876401,0.525659286299492,0.718741096342131,-0.400216811468999,0.104152589135528,-1.27530961379663,0.767595028723201,0.389616878336267,-0.976880139737756,-0.618958623553116,1.18711852010329,0.666536686615727,-0.632565180978545,0.981524761564275,-0.563266197833722,0.463583310111814,-0.477578178742354,-0.209891293167803,-0.269437504485441,0.22163785710357,-0.128616681117885,-0.897174097281864,0.268489641364178,0.487738367257856,-0.237493321995462,-0.0609235702286896,0.120606617832246,0.0252957017377535,92.9,0.0
8169.0,0.857321003765953,4.09391182702914,-7.42389358948559,7.38024451788662,0.973366022888688,-2.73076151658057,-1.49649705633444,0.543015172692922,-2.35119015933267,-3.94423849794435,6.35507773663404,-7.30974798382371,0.7484505505775,-9.05799252943745,-0.648944909074786,-1.07311652692728,1.52450091526025,1.83136353283608,-0.0897244112241547,0.483302650495284,0.375026285129017,0.145399853347782,0.240603265009756,-0.234649222710157,-1.00488094720044,0.435831916241838,0.618323805168482,0.148468944379397,1.0,1.0
52830.0,-2.92629364164217,-2.91090618826212,-1.24530565174082,-0.450137800222804,-3.59043788600102,0.35239819203655,1.57584642313765,0.133981158327635,-2.72427224615986,0.335608869263526,-0.556202692595199,-0.694341587706306,0.570336103403888,0.30155747348472,0.0852036895436856,-1.09021590279169,1.71403506671151,-0.440724831843435,0.254538866426944,-0.347890129117166,0.0437315616304927,0.357601647129474,0.0594526432945865,0.50850545047656,-0.716717096672094,-0.130095363887907,0.506230438805689,-0.671499910635023,827.2,0.0
91502.0,0.0073790751145725,2.36518252886777,-2.60028738169342,1.11160176466249,3.2764413263667,-1.7761407852846,2.11453088108345,-0.830084106599812,0.900489974281822,-3.37617706712688,2.05681205985716,-3.9842567303491,1.02196791340796,-5.96790496861639,-1.15160831490592,1.67973960141233,5.58611468683053,2.78913115591619,-2.24107485298106,-0.00638849728163087,-0.563944162060269,-0.902099515410175,-0.404382448597275,-0.0129439005065412,0.589836154947909,-0.734449052212668,-0.447529183217452,-0.362374775122343,1.0,1.0
41986.0,-0.749287123004149,-0.30484220951863,2.3231390031389,-1.78490511457714,-0.610935053441018,-0.143020046467723,-0.464868139213726,0.306914018381109,-1.2414688521684,0.0241713348362433,1.5145520591357,-0.139718694815378,-0.0495636968672563,-0.320491715626634,0.0247544531224939,1.47936108617019,-0.0808814769037526,-0.750218231018574,-0.459219240510324,0.144297785173927,0.587309391053355,1.45979970523448,-0.163151774896158,0.261565532782947,-0.0460608029310612,-0.20154366943415,0.0996242363457789,0.103575425327289,29.95,0.0
110617.0,-1.10103546371767,-1.67492805871463,-0.573388195590639,5.6175556662941,0.765556412634615,0.440607080848915,1.93474047501363,-1.01978754945585,-0.19324423129657,1.7837390603636,0.606910821999133,-2.85427542751023,2.37947304553589,1.26814661675691,-0.28361908940932,-0.482192055998123,0.8110054093379,-0.357910684579857,0.752760921550722,-0.0383141473363703,-0.412525822025647,-0.208823118913215,0.344832725150856,1.09143473162108,-0.686512742633337,0.0758089204336296,0.0338647378770195,-0.83285502022751,635.1,1.0
7526.0,0.00843036489558254,4.13783683497998,-6.24069657194744,6.6757321631344,0.768307024571449,-3.35305954788994,-1.63173467271809,0.15461244822474,-2.79589246446281,-6.18789062970647,5.66439470857116,-9.85448482287037,-0.306166658250084,-10.6911962118171,-0.638498192673322,-2.04197379107768,-1.12905587703585,0.116452521226364,-1.93466573889727,0.488378221134715,0.36451420978479,-0.608057133838703,-0.539527941820093,0.128939982991813,1.48848121006868,0.50796267782385,0.735821636119662,0.513573740679437,1.0,1.0
21662.0,-18.0185611876771,10.5586001882538,-24.6677412485732,11.7861803616399,-10.564656569212,-2.64568119936245,-18.02346767268,2.69365540308048,-6.21946362785238,-12.7447607871859,9.31813768535999,-13.3778574339457,1.02192386777466,-12.7843458873548,-0.451145843251939,-7.55136493140559,-11.3259968724596,-4.70125277749548,0.516317073274611,1.00770320533757,-2.31947946208034,0.908838783150801,1.35290370698024,-1.05922233762791,0.185750941504222,0.687037383632165,2.07808058379956,-1.42951702264525,1.0,1.0
29611.0,1.0504349847584,-0.0142805256031288,0.0482546842809069,0.47451137305536,-0.167086718706167,-0.574135785110918,0.296898968808504,-0.0353393663527726,-0.380875991378933,0.0552534073554113,1.79290289251493,0.805185554356185,-0.705351279887929,0.854903934662894,0.371786897040001,-0.0916602469035247,-0.110745890882216,-0.813675994117064,-0.0550128498931673,-0.030473194594118,-0.256643789961122,-0.961988462561801,0.136101785740204,0.19850160677765,0.109994504540379,0.132955662428528,-0.0678248372880817,0.00851003211361639,74.9,0.0
91524.0,1.95485173775774,1.63005630331209,-4.33719968092597,2.37836729179698,2.11334786136033,-1.58385066673113,0.65374545254113,-0.192892012453504,1.21760825458778,-2.8290982053899,3.50456779253823,-3.9181998797616,-1.01579192974001,-4.7045087050312,-0.968553075532043,1.85477191713001,6.02439676670687,3.53125033477791,-1.1962847755939,-0.230640095367639,-0.474437304644058,-0.974624666273666,-0.0481545042172499,-0.0235242678879109,0.362192024107476,-0.570709266940076,0.0256187202949634,0.0818803891570235,1.0,1.0
27219.0,-25.2663550194138,14.3232538097233,-26.8236729135114,6.34924780743689,-18.664250613469,-4.64740304866878,-17.9712120192706,16.6331030618556,-3.76835097141465,-8.303239351259,4.78325736701241,-6.6992520739678,0.846767864669643,-6.57627643636006,-0.0623303798952992,-5.96165987257541,-12.2184817176797,-4.79184198325342,0.894853521838799,1.65828884445902,1.78070097046593,-1.86131814726914,-1.18816729293127,0.156667050663465,1.76819198236914,-0.219916008250323,1.41185477685432,0.414656383638367,99.99,1.0
73091.0,-1.01229864988297,0.995240749619925,0.35330323235214,0.735962119448451,-0.20785309009478,-0.124633934642972,0.98321385997796,0.0440602271760157,-0.16153911327045,0.159069818178552,-1.52133215868137,-1.10734750093676,-1.16914346203832,0.56242102436163,1.28306422461192,0.0610079766245188,-0.388288636461305,0.549184444436769,0.733150842086114,-0.0886299190311806,0.0143575293581776,0.23147084787243,-0.179128198737666,-0.467340113772789,-0.138021152972061,-0.306287860886206,-0.050976012687533,-0.125858874766098,130.0,0.0
65703.0,1.52477849035071,-1.07077932411436,-0.215033305897925,-1.71843352878003,-0.900678327883325,-0.2330935743773,-0.863533272343937,-0.00152487191126967,-2.01853718175464,1.63288325764481,0.064164195622602,-1.28186411221386,-0.937339699301838,0.296843782250719,0.0487939101027102,0.177476626432261,-0.0259506445140467,0.482475018554591,0.756540444269571,-0.339502455400162,-0.675614929403084,-1.79631427087244,0.134246599464429,-0.972094904469658,0.153096677147112,-0.583598439238152,-0.00148193740471765,0.00306722104878408,34.9,0.0
25847.0,-0.453762960756098,0.557825942543515,1.59497459200501,0.586771121975331,-0.976497288739651,0.15237970784617,-0.0996505084056259,-0.834966132339347,-1.50174086787305,0.80339663157892,-0.00176031422354531,0.202041348334588,0.952082778977781,-0.0848241092443297,1.4685245383424,-1.90724962372755,0.446376080474142,0.784673524869049,-0.634953260908705,-0.642318532579124,0.328269185407351,-0.925017671542034,0.311592139220789,0.319705741482676,-0.558644055413068,-0.513093181315281,0.0979454474611638,0.0121961787826412,79.5,0.0
79540.0,-0.114360703589856,1.03612940153875,1.98440526119199,3.12824327369048,-0.740343559582751,1.54861869623,-1.70128395465886,-2.20384174839674,-1.24226477538834,0.269561809170344,1.29341829662131,0.933215784460268,-0.135325960632637,0.521483689902165,0.386884188055331,0.0598689535627266,0.306339379229928,0.265051988857439,0.223718288348024,0.732852498432027,-1.03293465200213,1.19642831010463,-0.112856718234204,0.254718993156121,0.69666788609654,0.482370416673402,0.129969314476127,0.223924333790406,0.2,1.0
54846.0,-2.98646550822273,-8.91229481688474E-4,0.605886830263541,0.338337780759695,0.685448451171472,-1.58195443740193,0.504206377175919,-0.233402618007887,0.636767742518801,1.01029102209398,0.00451796796642434,0.0443966388940644,0.420853062352676,-0.931614224984722,1.14797368277192,0.48306309357216,-0.152470829644753,-0.285666258848129,0.0725498490088206,-0.764274258309323,-0.875146363670133,-0.509848660993286,1.31391790371009,0.355064731381086,0.448551563224067,0.193489780350156,1.21458768687535,-0.0139228973515758,1.79,1.0
43369.0,-3.36531852073793,2.42650326490524,-3.75222652688429,0.27601659835291,-2.30587029698066,-1.9615783188747,-3.029283444673,-1.67446174770883,0.183961286375875,-4.98092843827312,3.65788166668826,-6.40982235504524,-1.0873102947816,-8.50943318717532,1.43257178733402,-5.36989001074152,-9.06907940021057,-2.81980659631422,0.874542948076265,-0.0368373256714411,2.07000816413804,-0.512625728150551,-0.248501692422131,0.126549624264963,0.104166256940212,-1.05599732614735,-1.20016496678239,-1.01206584314534,88.0,1.0
71936.0,-1.29640905145712,0.529821807381961,1.04893272860823,-0.497460176486376,0.64782446211338,0.0472726528502042,0.358534704726577,0.504135781441124,-0.400758047826261,-0.560708678676647,1.06197727178348,0.201284222345178,-1.71940426366196,0.685250012477915,-0.574391475413292,-0.496641069037027,0.2218005954428,-0.75804604023378,-0.767371191103087,-0.276000490403666,0.134278133206496,0.34013325722885,-0.273765862445156,-0.269606336468947,0.0207645714104578,0.413249599670977,-0.389039677564903,-0.230834216767695,0.0,0.0
8757.0,-1.86375555343732,3.44264397684973,-4.46825973145511,2.80533625940251,-2.1184124774924,-2.33228488731467,-4.2612371974404,1.70168184397858,-1.43939587542941,-6.99990663386522,6.31620967716699,-8.67081800476226,0.316023991908777,-7.41771206475053,-0.436537471366146,-3.65280196004741,-6.29314531907376,-1.24324829133852,0.364810482193887,0.36092400372093,0.66792657242141,-0.516242362128804,-0.012217811746839,0.070613703103445,0.0585044669560628,0.304882839588584,0.418012467185258,0.208858278145839,1.0,1.0
41233.0,-10.6457996485752,5.9183066586857,-11.6710425949575,8.80736917876038,-7.97550136587277,-3.58680634405361,-13.6167970541448,6.42816934590602,-7.36845129274034,-12.8881582878915,6.85495311388866,-13.2116950297251,1.03561234332246,-13.7789556397675,1.04044835530024,-11.2903278082585,-20.5780220491922,-7.54782411219534,3.11847976563045,-0.0461701790327979,2.57196959291347,0.206809359357246,-1.66780140024191,0.558418754024331,-0.0278978765982558,0.354253781525514,0.273328726801416,-0.152908080809092,0.0,1.0
65728.0,1.22761441351286,-0.668973794096954,-0.271784826118016,-0.589439741635524,-0.604795004349645,-0.350284967097775,-0.486364540645055,-0.0108086285956747,-0.794944156080669,0.264544748886681,0.881268050432366,-0.324703760782435,-0.263263800489225,-1.11273543930467,-0.540849503339651,1.53341124817574,0.831442610720144,-0.473346676550517,1.19012126352217,0.273799209937263,-0.0260547222626376,-0.295254768133076,-0.180458520061445,-0.436538663158256,0.494649059264358,-0.28373826696629,-0.00112827864271304,0.0350745013143425,98.01,1.0
57326.0,1.2496367095392,-1.16024102820918,1.59334718982017,-0.145321307331585,-2.02560815801382,0.117028407429739,-1.52576240561822,0.230248177795891,0.753622183126888,0.257581484819975,-1.22051236572905,-0.287796631020257,-0.349830019911854,-1.30596613488087,-1.33511456246919,0.57344687796759,0.918183384472346,-1.32668340582345,0.988810433336029,0.070774565653123,0.146406910062266,0.692873390253365,-0.111196297559192,0.458984754639821,0.454624524051116,-0.0547867838328834,0.0770230974786886,0.0319364929669285,35.99,0.0
93853.0,-5.83919161928092,7.1515323543223,-12.8167600806187,7.03111476501099,-9.6512721679897,-2.93842725771624,-11.5432071690832,4.84362653179436,-3.49427572506535,-13.3207888671784,8.46024444901677,-17.003289445516,0.101556614891384,-14.094451660329,0.747030766392512,-12.6616957230679,-18.9124938172188,-6.62697484523061,4.00892074227194,0.0556838813863639,2.46205591127559,1.05486518382957,0.530480596078193,0.472669814042592,-0.275997967880675,0.282435024801752,0.104886020210564,0.254417096767513,316.06,1.0
8886.0,-2.53585211738111,5.79364414692454,-7.61846283574893,6.39582974649419,-0.0652101046678037,-3.13637196409103,-3.10455736262141,1.82323263760971,-3.87865758023391,-7.29780335001461,7.07166913682445,-10.001046368327,-0.207934540884304,-10.8606980453666,-1.69082504118249,-2.36085672411086,-2.76009701528795,0.29810341564323,-1.38555780172735,0.408704184487524,0.716719907055995,-0.448059938458541,-0.402406878680357,-0.288835222564699,1.01175223958707,0.425964621387216,0.413139555823146,0.308204656968305,1.0,1.0
97058.0,-1.28806709909231,-0.272400458104034,-0.174889867219819,-0.558688660578159,0.90359763316749,-0.110687967908804,0.27104536385027,0.469983527211184,1.28351532518966,-1.45331690706602,0.562222038898798,-2.10967465362514,0.784267191829159,2.0865679965351,-2.15610104281635,-0.163562936267528,0.349603098778846,0.906330613144231,0.438226534652842,0.170177755709719,0.218733211496643,0.403151867358765,-0.0168524627509726,0.168416570095518,-0.069857779241756,0.052737663177846,-0.0392640935948456,-0.0327808364613315,116.85,0.0
41991.0,-4.56634156694274,3.35345148012501,-4.57202780762531,3.61611930403552,-2.49313810882875,-1.0899997127127,-5.55143306976649,0.44778308394893,-2.42441402571208,-5.69992228265959,3.58682418337431,-6.63622904939297,-1.1281764439465,-7.24554959537009,0.638325536245456,-6.85681003898144,-8.85187850534679,-4.5918832274368,0.936939858866071,-0.249127726683026,2.67446587862872,-0.0208799797343963,-0.302447083877198,-0.0863964000107124,-0.516059779833395,-0.295102234035121,0.195985145691014,0.141115102721758,1.0,1.0
8169.0,0.857321003765953,4.09391182702914,-7.42389358948559,7.38024451788662,0.973366022888688,-2.73076151658057,-1.49649705633444,0.543015172692922,-2.35119015933267,-3.94423849794435,6.35507773663404,-7.30974798382371,0.7484505505775,-9.05799252943745,-0.648944909074786,-1.07311652692728,1.52450091526025,1.83136353283608,-0.0897244112241547,0.483302650495284,0.375026285129017,0.145399853347782,0.240603265009756,-0.234649222710157,-1.00488094720044,0.435831916241838,0.618323805168482,0.148468944379397,1.0,1.0
55496.0,-0.239067628804057,0.614346484833846,0.954286139237121,-0.299441691936205,0.0778844188331925,-1.11068546037572,0.481650261074598,0.106201894824454,-0.189168292823922,-0.501995043759642,1.07783772165018,-0.457796278931875,-2.34141506987994,0.284175938828372,-0.164859139865681,0.862369192381616,-0.362762443050949,0.531571136396049,-0.570796041594939,-0.287174379014506,-0.0519259350244667,-0.357226036805643,0.278960262698867,0.417412465004658,-1.42638509586123,-0.27497461791192,0.172849789699081,0.235916178316231,1.79,0.0
47982.0,-1.23280412810524,2.24411874456383,-1.70382579275654,1.49253586483501,-1.19298516971563,-1.68611021267902,-1.86461150490967,0.856122313785725,-1.97353527775248,-3.94238290411726,2.40165068027699,-3.39426561777896,-0.145161724970334,-4.32979551307589,0.758760885824274,-3.19904647594093,-4.48018356526203,-2.48566878350317,-0.0958074336903356,0.207889301735382,0.560475065574211,0.165681717805126,-0.0137535165177887,0.474935180269258,-0.218725074414735,0.302809125708237,0.46603094153746,0.250133538809307,0.76,1.0
41305.0,-12.9809425647533,6.72050777097643,-13.4556359425571,8.69861009281133,-11.4795517833437,-2.68151865053833,-14.0192907576919,8.21819051252864,-7.93089996826719,-12.6959474039839,5.58936163192341,-11.9608660326622,1.53867076186333,-9.88721406724695,0.6339792179337,-11.3502438549644,-21.7101876525534,-8.85945192496352,3.62971365041526,-0.84330261969681,2.54962823474498,-0.532227763596568,-0.235096473604284,0.673209169467055,0.22659797207791,-0.00616785819002466,-1.18569550568181,-0.747361321404312,59.68,1.0
93888.0,-10.0406314557065,6.1391827154247,-12.9729718943545,7.74055544506762,-8.68470452840193,-3.83742916671056,-11.9077019040753,5.83327300056002,-5.73105424359056,-12.4389449056023,6.98988561330738,-16.218610393127,0.25330336584704,-8.72864506518152,-0.147529091109699,-14.1298545174931,-20.6850275533272,-8.48444905730181,4.85125513655685,-0.0822752254211996,2.82343143164188,1.15300501339169,-0.567342849673059,0.843011621641402,0.549937644887907,0.113891875585392,-0.30737499959267,0.0616306406149363,1.0,1.0
27187.0,-24.5902447690465,14.0445667815106,-26.2787005866145,6.32008926518927,-18.2245126736673,-4.60996782569686,-17.6810033715155,16.2136267471409,-3.79409346877414,-8.37275316035861,4.90168265513877,-6.87283866404082,0.769776762734501,-6.82658448658054,-0.0544341798176028,-6.08495266503583,-12.375270529796,-4.81034474126699,0.936742237936608,1.64920202229571,1.77706277243531,-1.80487368611576,-1.14060456917063,0.152234466415679,1.71599702403257,-0.22047119903665,1.43495058143483,0.422491857762666,99.99,1.0
59293.0,-2.60180874029015,0.978051778359305,0.84149476860853,-0.299431311508813,-0.0148463285509453,-1.0805892546159,-0.425907459844676,-0.0869026560214552,-1.05780346628168,-0.742982955290861,1.15338834466363,1.30733441975582,0.444464156780977,0.908457638430246,-0.417599833868169,0.67859461258429,-0.383689074898527,0.166812182782413,-0.481458017914031,-0.677945844871697,0.930979582857139,-0.111948730910669,-0.654528801568998,0.614825313547764,0.426790103940678,0.262966520175064,-0.284725941353228,-0.356030678845366,1.5,0.0
39692.0,1.1563549817085,0.237250895715122,0.379549547269521,1.07007252724392,-0.374100857449137,-0.773297487718849,0.110140479955894,-0.0788393446914613,-0.222502683889072,0.190065155931719,1.41010360384322,0.699546035145389,-0.584245150559927,0.694135717232002,0.256148469946257,0.208794320459993,-0.574885927929964,0.336092640441743,-0.160482012565881,-0.138055698584885,0.0968793032074828,0.231755396435583,-0.0949324127352465,0.52340709587371,0.608427751109097,-0.358034446597708,0.00430802707532364,0.0138507961959288,19.95,0.0
61108.0,-2.7560071191969,0.68382137690334,-1.39016888269883,1.50188726081003,-1.165614355805,-0.13120694925796,-1.47874061646082,-0.246921578045176,-0.100522731731488,-2.30110989675506,1.91445404493049,-3.8309980112302,0.719488566785256,-6.35301985790071,1.43871619241123,-3.29723907467834,-4.86297149937169,-2.00235399924327,1.54523326964355,-0.106944639579729,0.320473875601072,0.61102668559867,0.174863684107414,-0.502151101117601,-0.174712784335661,1.17924208342707,-1.16631532833921,0.821214803121569,101.5,1.0
26556.0,-19.1798264145873,11.8179219897853,-21.9191735807843,6.0862356342864,-14.7088447898427,-4.30888760741835,-15.3579518065836,12.8571650181242,-3.99986076978115,-8.9286556608751,5.8492930661792,-8.26164983722413,0.153829148314596,-8.82935922766409,0.00887883882572681,-7.0709530089254,-13.6297209427085,-4.9588298158479,1.27209136353211,1.572949614923,1.74680154191934,-1.35314876613352,-0.762965072731218,0.117027851903743,1.29799375563032,-0.224825057048525,1.62105238966989,0.4846144027264,99.99,1.0
64785.0,-8.7444146436792,-3.4204679837707,-4.85057473189452,6.60684578567387,-2.80054617200457,0.105511583647205,-3.26980129883546,0.940377922978903,-2.55869060182863,-3.62477471396623,5.26786160380362,-5.58369692598496,0.173895592410693,-6.67997675520914,2.08419914311417,-4.3488914455328,-8.76078602293495,-3.40754854415232,1.33293006548133,-1.81831542477292,0.102912553839685,0.311626102287519,-4.12919549979785,0.0346387321763146,-1.13363123097119,0.272265246225774,1.84130726881613,-1.79636258672205,720.38,1.0
72050.0,-0.967476988067235,-1.25714409976287,1.02821701420321,-1.14115924090883,-2.62731573614093,0.330174236261214,-0.140123854184608,0.490687685087365,-2.36050784037719,0.734497161326566,-0.819705483806576,-1.97997571799751,-0.938097889194862,0.191056321933506,1.55941194756163,-0.663585784128222,1.25655753223985,0.535679208123546,0.246774232265103,0.375581516717021,0.31063206732553,0.528564176732253,0.795499936145962,0.00134923636921971,-0.442517924773024,-0.00620754132600659,-0.0345667867853299,0.0901432478661286,345.0,0.0
83147.0,-0.360445099027815,1.1482333964217,1.43243942002723,0.137361661166615,-0.13016735657168,-1.16864502008674,0.72148608399824,-0.0959319725882081,-0.421755745196054,-0.512639396667788,0.085141474565655,0.043232069615029,0.0884176907343052,-0.415522479266662,0.866715306725382,0.285993397677158,0.125452678957533,-0.248910497928437,-0.214096641146203,0.102586847573674,-0.242688987735502,-0.626560264776196,0.0228854043277094,0.661247160134982,-0.203622459667528,0.0515848438574109,0.246618988433939,0.101536549033093,2.58,0.0
52833.0,1.37542150503549,-0.433732785892296,0.476549718934289,-0.862047867979889,-0.808327097669954,-0.490603465432259,-0.578629611325378,-0.0880630397796508,-1.16888894991741,0.739887227101514,1.39959421513415,0.636442358977331,1.26658740872266,-0.207933699545101,-0.0135420278475,1.46616088820719,-0.20730816355249,-1.11696789441577,1.02347570502434,0.173583405066756,-0.0509137120455296,-0.258182384032953,0.0622009438207524,0.0151231525268916,0.282120869101989,-0.481312305863165,0.0124720587436595,0.0126327154674479,15.0,0.0
41851.0,-19.1397328634111,9.28684735978866,-20.134992104854,7.81867331002574,-15.6522076772063,-1.66834770694329,-21.3404780994803,0.6418997011947,-8.55011032700099,-16.6496281595399,4.81815244707108,-9.44531478308794,1.31705629332341,-7.24346097400378,0.830910291033798,-9.53325705039319,-18.7506411474674,-8.09264877340557,3.32675827497024,0.42720343146936,-2.18269194560955,0.520543072366642,-0.760556415188733,0.662766638397236,-0.948454306235033,0.121795925829793,-3.3818429293561,-1.25652362136258,139.9,1.0
33809.0,-0.424339937700095,0.741963829054655,-0.525609408544639,0.633735118359022,0.718138211005852,0.958972727696435,0.306901756586514,0.714035712406177,-0.404026638865902,-0.0805997997261737,-0.648635432122138,0.048770220118869,-0.583070052899615,0.751694950526359,-0.187600924372028,-0.162884636813243,-0.300699660299737,0.569329671850436,1.13772889667483,0.124296602004987,0.101360104821014,0.275753696537828,-0.0490585187819327,-1.71416668646465,-0.119070682862118,-0.200439096577523,0.227405318441193,0.0268694115906678,72.91,0.0
58267.0,-0.379739779810777,1.05213867058215,1.08694036666446,1.31370619481166,1.1132040459047,-0.305564947153163,1.48002596934611,-0.284149001774493,-1.65221485589979,0.484777156427726,0.784314329061735,0.292826455950722,0.146759227863572,0.271702249512093,-1.10871507516853,0.699329176382468,-1.2259747681378,0.134773959675925,-1.03801283433377,0.0282481018077989,0.0848350454963659,0.203792810564379,-0.203262737070466,0.00319873686374637,0.242864091438229,-0.135579749205747,-0.196042948509923,-0.20039732631122,46.3,0.0
32273.0,1.33372821176024,0.23242604372679,-1.70841019607569,-0.0707802386916246,2.55694930516962,3.06256928120513,-0.0340067052805875,0.647466297286808,-0.400591304917214,0.108192797428768,-0.146368709649241,0.0069311860709114,-0.117308976884451,0.718184468742767,0.876809829856485,0.112249272217167,-0.808421161964054,0.0825675424789473,0.120006832133949,-0.0370687986575172,-0.0514753255912899,-0.243130210200454,-0.179703941792762,1.00998992961986,1.0099818031798,-0.280482126586666,-0.00586204101831615,0.00383799995460028,0.89,0.0
52543.0,0.947089063995128,-0.845089345633799,0.74865987390717,0.526485709804273,-1.06921272461586,0.272805204282276,-0.655599485273928,0.168022952461652,-1.05793476417174,0.899068993151341,1.24963352584143,0.652745987698891,0.332643710863863,0.217528577939878,0.635740424056222,-1.1252375428734,-0.326287400211582,1.61363308707401,-1.50009850929022,-0.260754681889156,-0.0793994278870313,-0.0408832929903627,-0.0938947051526096,-0.0197182227899846,0.233466463707122,-0.301774453976489,0.0554505821508939,0.0486577530904417,150.0,0.0
94362.0,-26.4577446501446,16.497471901867,-30.1773174564996,8.90415677106517,-17.8925996927224,-1.22790388102871,-31.1973285494605,-11.43892041491,-9.46257260540015,-22.1870885620007,4.41999660154863,-10.5923050053728,-0.703795803703315,-3.92620731586873,-2.40024649210124,-6.80988994039049,-12.4623149481086,-5.50105078380738,-0.567939572890149,2.81224110932946,-8.75569832116533,3.46089334478551,0.896537503959012,0.254835536763482,-0.738096558530353,-0.966564233789852,-7.26348214633855,-1.32488430656137,1.0,1.0
64953.0,1.30775389603725,-0.0462186961465351,-1.09442469101423,-0.553870650218769,2.02602566342071,3.26955469931554,-0.529738983053923,0.807222265008842,-0.0531904714519906,-6.95670648656599E-4,-0.0285521944559552,0.0738196223530021,0.0419908445977423,0.426397013612408,1.24577469584766,0.640889814886039,-0.910119100957691,-0.0678867460210485,0.254002889115301,0.0250165368606531,-0.310907959305165,-1.0710244187769,0.100306263985246,0.992328912048219,0.367944145164172,0.109951205517622,-0.029050296353851,0.0125258129304363,5.94,0.0
84694.0,-4.86810843844627,1.26441977404559,-5.16788542660662,3.19364784504611,-3.04562137708228,-2.09616609885545,-6.44561018266068,2.4225355920307,-3.2140554159387,-8.74597261185534,5.41604190908794,-8.16412507731485,-0.165010607208302,-10.1935303551514,-1.89521031032574,-7.36047460938421,-14.6687710766351,-4.87711900477519,1.38560952778492,0.66730977994879,1.26920538901712,0.0576572516592633,0.629307399675982,-0.168431773502721,0.443743902404587,0.276539471570389,1.44127396787951,-0.127943726430018,12.31,1.0
67150.0,-1.82429505976067,0.403326526860602,-1.99412200641801,2.75655816357726,-3.13906432572579,0.408185014718199,-1.20904511871624,1.09563435393431,-1.44722489217345,-3.95100289197434,2.56070020158284,-3.4119829114195,-0.781669619949492,-4.7327675351632,-0.433973654922625,-3.30608841178359,-4.23102187544855,-0.750809770409941,2.69080834203374,1.50368830479002,0.838760421033887,0.341727095787049,0.947506491293615,-0.145493002452622,0.0493257725258454,0.831065451615044,0.33242130393302,0.252712728641008,489.71,1.0
47318.0,-1.51499177182839,-1.49151002080223,1.08155932821781,-1.45931326357049,-0.00713382372970147,0.0941149578419693,0.995407372587157,-1.04888123389785,-2.43271523620985,2.44868991649284,1.63600906122824,-0.632275766532959,0.84613333253441,-0.850901955627051,0.465115327523806,-1.26024065538567,0.485908576819824,-0.315288598687227,1.45426578602086,-1.03211739092471,-0.843309761559017,-0.398325840098627,0.710119996426927,-0.300778399583836,-0.0861915303712789,-0.349149788495339,-0.343836508057434,-0.842466898839462,154.64,0.0
82973.0,-0.749004245937821,0.00608745227841832,1.28724130821002,0.302141830263721,-0.865061189861024,0.553886610116188,-0.582473688435411,0.763309026277995,-1.71392985986521,0.467918311605444,0.611225271698083,0.0242956251206066,-0.210421266978736,0.557101827348227,0.852500130308347,-1.2078765112576,0.00645527059328157,2.08511774977241,-0.585483617436262,-0.313687517393432,-0.0106941455647831,0.0840745242643688,0.124792633104789,-0.379554877852833,-0.150490252200206,-0.206227066649297,-0.0370638179929336,-0.0799175446847303,87.0,0.0
34684.0,-2.43923696855219,2.59145816263611,-2.84012564998452,1.28624391005241,-1.7770161908324,-1.4361387710222,-2.20605624197635,-2.28272485775905,-0.292885036315821,-3.71744992918956,3.90739912775712,-7.22000368560677,-1.21173934568755,-9.6576265944335,0.927517899548728,-4.73866234284944,-9.27663556929158,-3.08196108095709,0.17774563450317,0.513529864634298,1.77446009213068,-0.771389807551225,0.0657267026225069,0.103915744896627,-0.0575779255552146,0.24265246086543,-0.268649222026483,-0.743712586038479,125.3,1.0
68207.0,-13.1926709562391,12.785970638298,-9.90665002092758,3.32033688288942,-4.80117593230105,5.76005855618556,-18.7508891580107,-37.3534426378925,-0.391539743919107,-5.05250236713858,4.40680552357904,-4.61075647740608,-1.90948796970811,-9.07271093398351,-0.226074450896345,-6.21155748212485,-6.24814535335983,-3.14924669470095,0.0515761185277783,-3.49304991519446,27.2028391573154,-8.88701714094871,5.30360690376998,-0.639434802306313,0.263203123457008,-0.108876929971315,1.26956635541013,0.939407362758877,1.0,1.0
55760.0,-6.00342167645829,-3.93073139597263,-0.00704545511728066,1.71466918264498,3.41466660221529,-2.32958262254194,-1.9015116901208,-2.74611109114189,0.887673207764977,-0.0492328559624844,-0.153131026660117,-0.814309846145704,-1.89479558623308,-0.83148260879597,1.38728869521525,1.18890675852063,0.536817322665437,-0.0514032140040002,-1.23138550165184,-4.12818582871798,1.10167131666753,-0.992493706726384,-0.698258928361953,0.139897673540465,-0.205150795631722,-0.472412262665941,1.77537805651063,-0.104284625925588,311.91,1.0
77202.0,-0.356326154090313,1.43530513012275,-0.813563965472736,1.99311717679272,2.0558775401316,-0.54357866590526,0.487691066602944,0.0854488054265826,-0.536351998021526,-2.23120932812687,0.273983570211148,-0.535839387011391,0.595677221650834,-5.14182349291966,0.732366764261792,0.623912780633594,4.09098324669186,1.63408402811385,0.26084733041578,0.303261648412104,-0.312862941766726,-0.687873797330169,-0.267002508610821,-1.15848006325515,0.271459963711122,-0.155397186179697,0.114328416432227,0.101525594435204,1.0,1.0
101597.0,0.91311613528992,1.1453810871791,-4.60287793273505,2.09180337375362,-0.473223859280585,-2.0854358325571,-1.67124403232231,0.0943965856348779,0.337798765397573,-4.4318096317282,4.87197985976052,-5.39522117678937,1.33250215621937,-4.60379669207464,-0.77731354811867,-2.57189156103509,-3.00361530529652,-0.225441388417525,0.252273565031692,0.50898474829098,0.40141574109896,-0.0849334160429759,-0.197684434494785,-0.283271078982557,0.387597335722074,-0.553526986386025,0.516274456782261,0.270828187083758,147.87,1.0
72824.0,-1.11149523246612,-0.257575207100777,2.25020963478583,1.15267090326627,0.432904474488939,1.25412602800986,-0.58416279009186,-0.609681605347911,1.01460246273104,0.334532824069685,0.82637484441332,0.196886900487791,-1.88599349809323,-0.472025637126337,-0.578141395688259,-1.24300710102788,0.570459827436018,-0.159056766164096,0.407187527410462,-0.510613591931657,0.862912790109336,0.927825035064447,-0.343058085886885,-0.256268230425974,-0.600742165862083,-0.18033128765631,0.0267622260788268,-0.358335321215398,45.03,1.0
64412.0,-1.34804164426498,2.52282067569291,-0.782432259389823,4.08304665188122,-0.662280329645865,-0.598775712530929,-1.94355185121781,-0.329578950885032,-1.85327422572214,-3.16213595485783,1.53319383793753,-4.63512694781183,-1.11357273401976,-6.4358707376348,-0.293191947937035,-2.84993079536978,-3.65425828769231,-1.18303413658687,0.831623853010765,0.348896285038196,1.07987140816824,-0.352026410347836,-0.218357652796912,0.125865683985355,-0.0741801756408069,0.17911552652805,0.612579819202836,0.234206089600607,1.0,1.0
37167.0,-7.92389070083426,-5.19836019923329,-3.00002392240282,4.42066620155728,2.27219396451756,-3.39448342909715,-5.28343533467969,0.131618922476372,0.658176428693037,-0.794993881662565,3.26606601582438,-2.71918495125522,-0.124103963275087,-5.274865818881,0.638575002552638,-2.99583037811248,-4.69843344927136,-1.71187122467509,3.02526099185501,-2.16981089222224,-0.734307916555449,-0.59992625988411,-4.90830117586834,0.410170234644792,-1.16766024989313,0.520507647303451,1.93742140287106,-1.55259283870249,12.31,1.0
64262.0,-2.01330525708857,-1.23296470298128,2.09954949515938,1.21282552088819,2.25761278537342,-1.25752406041067,-0.39561722214344,0.0776110026617837,-0.0423622174910991,-0.286050544379487,-0.748541808128021,-0.219460397274097,-1.00246590231284,0.0131224906572258,-0.0445009782738141,-0.951390064196146,0.309493226741624,-0.65910388417835,-0.0910483161533511,0.47757467681101,0.0614589895743141,-0.124024756880813,0.0262322554941986,0.0490798372857399,0.612347251175521,-0.304722998276834,-0.165579155305152,-0.120215706355004,16.99,0.0
48828.0,-1.79658465649134,2.50436841080054,0.147825195827573,2.38547526165136,-0.380902301636672,0.63395976301181,-0.64358825107212,1.55338498725558,-1.74631099372182,0.963119132714396,-0.224136411157578,0.357110256529359,0.414501683545044,1.20557782679668,0.585840355283134,0.883591140045868,-0.207637421513346,0.856989837574471,1.50566527532348,0.243555055490938,-0.154653093649004,-0.664897765014006,0.0133824879230116,-0.878561044168889,-0.116272113644864,0.0301262000449797,0.214239358422482,0.105937874800358,6.52,0.0
13126.0,-2.88004235163471,5.22544230971559,-11.0633302799459,6.68995065770063,-5.7599239886738,-2.24403079081521,-11.1999752166959,4.01472180864313,-3.42930426351801,-11.5619497720699,10.446846814514,-15.4790524832016,0.734441608104148,-13.8837785491112,0.821439545395249,-11.911483017197,-18.1030037037729,-6.83783453880068,3.12692935212663,1.19144396640797,2.00288287701632,0.351102064721284,0.79525514045211,-0.778379381413672,-1.64681511254223,0.487538823287331,1.42771309550336,0.583172486219188,1.0,1.0
84204.0,-0.937843305478391,3.46288948991687,-6.44510395393435,4.9321986662268,-2.23398306982245,-2.29156112129773,-5.69559392853253,1.33882463362261,-4.32237655329329,-8.0991193981365,7.18296700883659,-9.44594338249901,-0.314619967520224,-12.9914655817567,-0.136358931959623,-6.36752437517144,-12.7343938853776,-3.84512965889743,1.00766725992114,1.12953228130351,1.06655024941577,-0.521657289347299,-0.319917292909547,-0.405859088093617,0.906802159957716,1.16578389011737,1.37449533233535,0.729889341911333,0.0,1.0
48533.0,1.24384844934819,0.524525772902587,-0.538883626044331,1.20919597418592,0.479537596763788,-0.19742873374782,0.0491662598481355,0.0377916321310988,0.128118590882765,-0.552902906422504,-0.668358831257417,-0.818803693746743,-0.883832091051869,-0.994580854433906,1.50684875024006,0.62400331534091,0.705794271683871,0.524181774270524,-0.73174984602915,-0.171540654731681,-0.0516598862539047,-0.0840894090242923,-0.192846388954053,-0.917391985542652,0.681952813037122,-0.194418574345634,0.0459171449577401,0.0401359980627264,1.0,1.0
41285.0,-12.8357595817777,6.57461542943546,-12.7884624825347,8.7862568391843,-10.7231209172666,-2.81353585641993,-14.2488465310891,7.96052082227957,-7.71875064933864,-13.0740681657723,5.97513066688423,-12.375374654316,1.47220511856229,-11.4706925061593,0.993143253686908,-10.9738046181506,-21.047629901985,-7.99078328442082,3.33103902941017,-0.617296150458597,2.67949007049737,-0.0473351062766089,-0.836982346024597,0.625349328179101,0.125864937720446,0.177623612238763,-0.817680255865793,-0.521029795905738,37.32,1.0
79631.0,-1.37359029280456,1.68005878032952,1.38293285020665,-0.0994678381027411,0.0643046771831591,-0.926732192810394,0.941021266276921,0.0787344794879924,-0.735124873528491,-0.0715512324329019,0.446222623260982,0.634457221593703,0.560028568423355,0.269286611490182,0.779308210823812,-0.58041197356763,0.274779293328623,-1.40564863850205,-0.293814533676232,0.199726315734772,-0.341175851457345,-0.834565497526074,-0.00863823886212728,0.593897247051304,0.179358308840832,0.0258723091509661,-0.0731149000264259,-0.0930937756487478,2.98,0.0
8757.0,-1.86375555343732,3.44264397684973,-4.46825973145511,2.80533625940251,-2.1184124774924,-2.33228488731467,-4.2612371974404,1.70168184397858,-1.43939587542941,-6.99990663386522,6.31620967716699,-8.67081800476226,0.316023991908777,-7.41771206475053,-0.436537471366146,-3.65280196004741,-6.29314531907376,-1.24324829133852,0.364810482193887,0.36092400372093,0.66792657242141,-0.516242362128804,-0.012217811746839,0.070613703103445,0.0585044669560628,0.304882839588584,0.418012467185258,0.208858278145839,1.0,1.0
26702.0,-0.229443031280652,0.466118788800613,0.982035173770869,-1.2066527069584,-0.140370445919016,-0.760411000811446,0.476461600998904,-0.0738724570192806,-1.63472412047941,-0.280699671662747,0.207590558281398,-0.999117782879802,-0.156177534445389,-0.972706658980163,0.801269232645801,0.990822500627122,1.34339770925138,-1.7563689502405,0.445858233096867,0.167434017731923,-0.217248871951721,-0.833732533908046,0.145819839004239,-0.072410109111689,-0.331909891625771,-0.653872986003129,0.0615770516666797,0.0780819700327596,35.85,0.0
79524.0,-0.564542833549437,-0.103672878710542,1.10613733651597,-1.85970540746386,0.216140707398223,-0.878154391627861,0.205278499971353,-0.0693595369253615,-1.22979171019706,-0.00183864761925229,-1.45712901238645,-1.80990490767759,-0.993649637635375,-0.0111222270445111,0.207421908694927,1.43718771278335,-0.188700710827459,-0.861498069931299,0.306227613308776,0.104196120841005,0.259654555177588,0.447930961706635,-0.313747009869487,-0.467749812438607,0.347547023937278,-0.214556599051411,0.037763889456436,0.0912479759558673,20.9,0.0
48884.0,-2.13905055735992,1.39436766175691,-0.612034894995233,1.04932705568948,-1.1621019076536,-0.768219363115428,-1.99723740081007,0.574996543366778,-0.98083177624058,-2.49561924548174,2.5555891530874,-3.53043627008024,-1.01623381526368,-3.45519657744236,-0.0563633864076254,-2.46773703008032,-7.14032596614864,-1.27128002161365,-0.00172192354163427,0.0254265126136498,0.696954881120808,0.740003045389771,-0.15511524943514,-0.0506074460808317,0.268368293338874,-0.469432841163864,-0.405813768055179,-0.152170846988601,19.73,1.0
84204.0,-1.92745281973369,1.82762056700016,-7.01949468454197,5.34830323951426,-2.73918788004738,-2.10721929638307,-5.01584797563431,1.20586815982046,-4.38271250852199,-8.33770697381781,7.19030608944843,-9.42484446049178,-0.223292646427513,-12.8754942229841,-0.071918160688794,-6.2999613976222,-12.719207160428,-3.74017615583058,0.844059610296466,2.17270905626492,1.37693832294098,-0.792016725563067,-0.771414187530036,-0.379574271539528,0.718716522008066,1.11115125599517,1.27770725705846,0.819081152045361,512.25,1.0
48255.0,1.2013030942569,-0.309688497795528,-0.314366977873429,0.167426349301875,1.54030598375009,4.0597298274912,-1.13682401661343,1.09007482290003,0.760974379779644,-0.14271639294081,-0.565511000594625,0.302266329300853,-0.0243974081377976,-0.215350858608129,0.367708480104498,0.405276795975914,-0.747008184544252,0.384613150651079,0.159927690559513,-0.00353737856832722,-0.113604355420239,-0.280918145444092,-0.0431468596072224,1.00121651642722,0.572591729944968,-0.393930586707449,0.0740814294687628,0.0320891709399406,12.99,0.0
41204.0,-8.44028396323147,6.14765332384605,-11.6837061588856,6.70277957100753,-8.15583929706995,-3.71626415558662,-12.4073130564101,5.62657129554302,-6.23216089363823,-13.3866834395246,7.60555947435276,-13.351815018081,0.827049642773684,-14.9794773489142,1.53281308437662,-11.7714969677127,-20.2992165093576,-7.60911006016911,3.80913643570604,0.520732330180873,2.19285541971989,-0.282596814624446,0.00806849811246454,0.403858336982018,-0.0187883930291726,0.522721636106603,0.792690689790115,0.0677895462043786,30.26,1.0
64427.0,-4.69787900189931,3.08177849908155,-0.708411451116156,-0.185563130356093,0.250447807777889,0.992784343213091,0.795383943869353,-1.21384075663199,4.62912147950146,7.32707626167077,0.402615344815047,-1.64585364486434,-3.4204387542769,-1.58259330168727,1.0291219360879,-0.822413926995347,-0.808401103050894,0.237467931893973,0.857174843704113,2.08351696237541,-0.481297432782749,-1.03735539291089,0.156035278374391,-1.53523720106842,0.810737315958067,-0.328295058941837,1.39066235532966,0.766730235983873,18.59,0.0
59669.0,0.326006629816884,1.28663756547088,-2.00718128715265,2.41967479633278,-1.53290169734535,-1.43280331503216,-2.45952963994058,0.617737791926574,-1.12586103037287,-3.23678401592309,3.5617949640183,-3.91467935228848,-2.12495645598654,-4.45889502952153,0.578201875425492,-2.3433041192933,-5.07145010804216,-0.749172320846648,0.22842274838649,0.222666683155765,0.556894674408544,0.169775528574355,-0.174357059251063,0.308061323046213,0.710996128051644,-0.23102981819073,0.580495233837149,0.30098403791885,6.27,1.0
65253.0,0.881554340898626,-1.90090837828634,-0.389561452784891,-2.20509480024491,-0.922556845078081,0.551803147634985,-0.582855293053788,0.118304272269507,0.433443407797325,-0.327970443895593,0.131973518979128,0.739880323333702,0.341792690564023,0.0453076404303101,0.648842666083446,-1.82662555959204,-0.146875062214063,1.75933542516526,0.43899632759249,0.0805475319696437,-0.232897908164218,-0.582953994393844,-0.381188818712414,-1.27533358610417,0.398111981132505,0.0866128047495796,0.00719120780964099,0.0423756857513444,280.38,0.0
40775.0,-1.51986502860708,-0.0452187678251093,1.68424106951894,-2.2467192059562,-0.886742638199573,-0.989330145127624,-0.0779451147310017,0.47668460600223,1.2666742645485,-2.1022144613905,-0.725405897554612,1.25398509349466,0.906367528957603,-0.365622894934239,0.0431045268132746,-0.285616004440877,-0.108583164220847,-0.0505017981501999,0.132033103839245,0.265476574029013,0.0902903806367976,0.209176797164183,-0.0392952114127235,0.457891285887352,0.264792998900684,-0.192009011393437,0.208268957729268,0.0329137924247783,78.0,0.0
68325.0,-1.24659689812606,-4.86655759097708,-1.67987967776946,0.0864030999982256,-2.08699856619961,-0.324730495459897,1.47911933484965,-0.407375664238286,-1.32559690663793,0.224842004298639,1.40555205924759,-0.143444484593748,-1.26773801431501,1.17806871895359,0.528478608502471,-1.47419732382287,0.383168468200485,1.02377715564302,-1.08509255290832,2.13691688896686,0.462251147555111,-1.31664779105485,-1.10785499138424,0.307067979998776,-0.322988667538315,1.31495331836599,-0.368545160861087,0.208533124663111,1351.05,0.0
53451.0,0.385108461103674,1.2176203228402,-1.95387216540948,2.08707599095328,-1.14422540643716,-0.57688799482478,-2.58286504391682,0.643229999334504,-1.19123269237613,-3.09509360697848,2.82114488798301,-3.1005456578695,0.146199374342408,-4.51012391529804,0.574490022660784,-2.12346278453199,-6.05331938825344,-0.70637615273475,0.572791028207014,0.380545212283106,0.594623132460925,0.372143665842342,-0.310455791389476,-0.624065148802846,0.840216130296559,-0.159451766672991,0.599482364663208,0.288915549852885,8.0,1.0
62059.0,-1.64440309669641,3.1298519330804,-2.57697682172296,3.41557336328899,-0.448525407316687,-1.24189285626533,-1.9916521878557,1.00266488963021,-2.8090712430123,-4.15369240632128,1.39818511854919,-5.65326970240352,-1.23369413839885,-6.332512814541,0.458714800173025,-1.98360960777769,-4.92916202340023,-1.03848208531443,-0.133819199948815,0.290186829391141,0.417762091477206,-0.648575871519649,-0.318617393380036,-0.680412931832076,0.389868676205949,0.0557502963989842,0.394681955439504,0.298820725838569,6.62,1.0
9737.0,-1.72586103776181,2.11863950594519,0.21719419746976,0.816576229756007,0.114470327475153,1.2481095113901,-2.27992267835132,-4.72113027508509,-0.1731896353426,-1.65406435727871,0.780306624623804,-1.67758870248866,1.38964708513455,2.98782272170728,-0.396490313019492,0.768845429396146,0.282371395625715,1.36788886276404,0.646022195277336,1.12151413651238,-2.59552109284462,0.686506528835278,0.131048106416181,-0.933203562484202,-0.275153403818571,-0.431128869431683,-0.0243638571096799,0.079783347953851,2.99,0.0
64515.0,-0.488771509141884,0.913086167735175,1.62082971172249,-0.333067083875181,0.270637294861919,-0.321348679609489,0.996287389258365,-0.294684613163098,-0.0387066093703768,0.600818374654906,1.08101671012057,-0.0407780651244241,-0.787102213770506,-0.0220691038144187,0.331820567743532,0.346484288242005,-0.941063026519338,0.273144368917474,0.410268586999505,0.340968822774376,-0.342222185994898,-0.573854381854352,-0.126186036478528,-0.0445359924163849,-0.204611121532694,0.0250553780298624,0.0441317023636155,-0.284699497809763,20.0,0.0
90083.0,-0.34845852404331,0.641846570534045,0.845792663484361,-0.101879305926864,0.890991753172252,-1.03923713706982,1.10378864101905,-0.609932661474657,1.11635455558764,-0.590724253394984,0.172977120615185,-2.38194975035115,1.9613499025803,1.34739596644021,-0.859528336831061,-0.461200974584832,0.393725402567523,-0.436472898695673,0.349636881792621,-0.11113200114954,-0.377946826785306,-0.514976921837887,0.292789998937715,-0.0037322761638624,-0.763450748049755,0.112489993842542,-0.148372988161565,-0.0793869167683443,1.98,0.0
118603.0,-6.67721162487866,5.52929920087665,-7.19327456474359,6.08132107951892,-1.63607097105033,0.500609583298219,-4.64077020758754,-4.33983969614375,-0.950036405131991,0.566679814004086,4.3150759158968,-4.93828359985114,-1.10570973729343,-8.49081262174082,1.00362574598099,-1.94912326096651,-3.09301268981888,0.124087074705575,0.886746966076448,-1.11868675540655,5.56330066446813,-1.60827196122017,0.965321595694456,0.16371797930961,0.0475308707267175,0.466164782963216,0.278546743051982,1.47198811731278,105.89,1.0
35668.0,-1.04677818408626,1.28956461590219,1.55547071329933,0.0261303006564217,-0.148992189112407,-0.233488538643655,0.31527156852778,0.447733754413275,-0.396967032102119,-0.83247698509804,-1.19718581737948,0.665164505486496,1.0503604419386,-0.165030698620646,-0.391661688232182,-0.112447662105348,-0.00973016303859058,-0.475125809658552,0.617910225621687,0.0941472350223488,-0.27312391614407,-0.639217355764509,-0.238292612676949,-0.0754859573205601,0.435202788271802,0.261308980183347,0.149267041779759,0.0586279379645936,3.91,0.0
29753.0,0.269614090485094,3.54975512877325,-5.81035344453706,5.80936957402456,1.53880793351049,-2.26921913566818,-0.824203333436328,0.351069915343584,-3.75905945636624,-4.59238980599474,5.47939151009669,-5.65785754091816,-2.6480760898503,-10.3848897408947,-0.225946407826958,-0.701882908954806,0.409735840500415,0.939603694029483,-1.95429995537505,0.310524633435283,0.371121111209288,-0.322289520392532,-0.549855883222537,-0.520628958812409,1.37821038664663,0.564714292689441,0.553254713878568,0.40240000915925,0.68,1.0
12597.0,-2.58961719821269,7.01671438495857,-13.7054072869097,10.3432280604117,-2.95446103475574,-3.05511578527804,-9.3012886151434,3.34957336071614,-5.65421202641103,-11.853866972601,11.6692047358121,-17.2286622386187,0.0555715664836118,-18.4937733551053,-0.304172113519045,-10.6294973901353,-14.4412111342765,-5.10548646597228,1.2702262705049,1.48885519236896,1.88773772551451,0.333998184533223,0.28765904061745,-1.18640640906644,-0.690272670076388,0.631703772210546,1.93422076005943,0.789687172212655,1.0,1.0
62341.0,-5.26775974325256,2.50671895922695,-5.29092481764433,4.8861341982102,-3.34318841087649,-1.10008548506579,-5.81050918581537,1.72634335514407,-0.749277159995058,-4.83482799462627,3.54601225001006,-7.75128547808951,-1.19569394502348,-10.0185024459282,0.29639612212368,-7.47716172698803,-9.78580026201852,-4.24397714797126,2.68112678165858,-0.286043269744833,0.764265624858483,0.473261684078133,0.54848172305712,-0.15685005182413,-0.71018694460215,-0.366422677340972,-1.48676592030738,0.677664104601632,1.1,1.0
8808.0,-4.61721720415581,1.69569365346656,-3.11437220079491,4.32819855298178,-1.87325699086527,-0.989908135538263,-4.57726462658038,0.4722161584519,0.472016953377646,-5.57602263642415,4.80232276125089,-10.833164469314,0.104303875698575,-9.40542306160986,-0.80747786866047,-7.55234220350747,-9.8025617903912,-4.12062883466552,1.74050729036196,-0.0390459343384186,0.481829697240067,0.146023056445948,0.117038527549065,-0.21756459883966,-0.138776043706563,-0.424452881068275,-1.00204142597227,0.890780287970655,1.1,1.0
118603.0,-6.67721162487866,5.52929920087665,-7.19327456474359,6.08132107951892,-1.63607097105033,0.500609583298219,-4.64077020758754,-4.33983969614375,-0.950036405131991,0.566679814004086,4.3150759158968,-4.93828359985114,-1.10570973729343,-8.49081262174082,1.00362574598099,-1.94912326096651,-3.09301268981888,0.124087074705575,0.886746966076448,-1.11868675540655,5.56330066446813,-1.60827196122017,0.965321595694456,0.16371797930961,0.0475308707267175,0.466164782963216,0.278546743051982,1.47198811731278,105.89,1.0
66037.0,0.286302363835244,1.39934474808556,-1.68250270884931,3.86437703955242,-1.18537340204974,-0.341732013808781,-2.53938012266357,0.768378375007388,-1.54788162780199,-2.65971794652165,2.6215881261205,-3.46236188507757,-1.05430017332918,-4.95582330430277,-1.40027445820489,-2.33994291742419,-5.19779447735003,-1.34281449785555,0.288846910516582,0.270360155086889,0.352456413618901,-0.243677652080658,-0.194078546536702,-0.172201087463232,0.742237197555102,0.127789797006944,0.569730790365159,0.291205858831994,7.53,1.0
102471.0,2.13058727031511,0.148943802709506,-1.36605652648437,0.315355271411694,0.698282547680139,-0.279892806495889,0.12431113040538,-0.360375344993394,1.62742274044532,-0.349599763417685,-0.213791550712215,-1.52222747410487,3.42675467133196,1.33757626400065,-0.770676087435829,0.037999765436148,0.0576406781772539,-0.508247321842037,0.226898008025386,-0.113091128628124,-0.477119742086779,-0.951454709067363,0.276799339129689,0.0126045974602861,-0.149326099081065,0.164392402271839,-0.0930681775993079,-0.0636191025976036,1.29,0.0
86376.0,-0.670238130057305,0.94520635153406,0.610050626297701,2.64006508673377,-2.70777462644103,1.95261056051566,-1.62460819938343,-5.22990786160988,0.21020202822781,-2.06990438955593,-0.529805728295342,0.999716276092526,-0.0861120244186652,-1.50855714024168,-0.450669492347937,-0.328387382736473,2.27027117814029,0.709666017682026,0.913175997078955,1.4749287568126,-2.50445018690737,1.43647237841825,0.351542386126581,0.648466904268149,0.579681417358758,0.0757375933335965,0.346717084034013,0.282208626038179,323.77,1.0
7672.0,0.702709900098753,2.42643280600508,-5.23451329584052,4.41666124290876,-2.17080621591773,-2.66755356121463,-3.87808845483572,0.911337122229195,-0.166199039175942,-5.00924850212751,4.67572941865677,-8.16718805173089,0.638559282180499,-6.76333439062322,1.29686025605627,-3.81175840977789,-3.75412806618729,-1.04917740227906,1.55419726345897,0.422743129198702,0.551179689117248,-0.00980235731325313,0.721698230069415,0.473245751402033,-1.9593037711687,0.31947554010746,0.600484916486359,0.129305225096566,1.0,1.0
39436.0,1.47256625615096,-1.21354510399722,0.683120919154401,-1.49467878340775,-1.71941737729795,-0.322327019106559,-1.42504482457365,0.080646840840057,-1.68479990913724,1.62408834633441,0.724297505255692,-0.846660421606167,-0.419746662770958,-0.125265310213464,0.270723993773789,0.187944027588218,0.0604019879691921,1.02926244015908,-0.0233249767084844,-0.355350821678734,-0.0398896548380775,0.212190554630155,-0.0443114459132817,-0.0314874652685702,0.319655988123381,-0.0972827814147037,0.0407915893354512,0.0121159998645057,15.0,0.0
19906.0,1.28491453117078,-0.596896953228107,0.711887658206066,-0.258452725159339,-0.91218377560321,-0.048687646116285,-0.85922648075624,0.0629228093280636,0.96073258896057,0.0602598005293363,0.93317616488961,-3.08208881118378,0.596292410957267,1.24124435233369,-0.636619138376202,-0.093798034675974,2.15182764100894,-2.38892743327781,-0.105854841226799,-0.135848026857184,-0.105374469073945,0.057377758040853,0.0912989212211367,0.0342215584432448,0.30918788505547,-0.240497649821661,0.0143493823920172,0.00123793304198261,10.0,0.0
41791.0,-7.22273130585545,6.15577293013926,-10.8264598371575,4.1807791786876,-6.12355510135628,-3.11413648152623,-6.89511228298774,5.16151637665229,-2.51647653288733,-6.40337055173194,3.18605794805635,-6.85557098142662,-0.837722614772195,-8.03661487513855,0.956969643768367,-4.55719345408278,-7.65470424350142,-2.58841864362628,0.718555009324824,0.818859416826789,0.91270032192132,-0.630358133073199,0.190886662173033,-0.0612634320139128,0.379774656663009,-0.266845465234688,1.19369457713473,0.257468457389868,99.99,1.0
70270.0,-1.51251575792702,1.13313858781029,-1.60105247993576,2.81340096831714,-2.66450340578315,-0.310371093924795,-1.52089516380539,0.852995775116439,-1.49649450564954,-4.05629261571005,1.55375586796783,-2.74355135914945,1.50454067059684,-5.42878849870488,-0.0160171233729703,-3.72718761269833,-3.94629958919926,-1.68028644319238,2.30361261010114,1.24958556268985,0.729827756052255,0.48528591471162,0.567005413227757,0.323585691602658,0.0408708540928058,0.825813553299941,0.41448227186994,0.267265082454707,318.11,1.0
77154.0,-0.715413746430203,0.608590312773943,1.15550089022062,-0.267565092666965,-0.563747540811752,-0.618897959603515,0.698307698659261,0.0698369023541396,-0.133341030527008,-1.02533539256113,1.50062918076179,-0.417898026653376,-1.59029515148629,-1.07499904137371,0.288234297659522,1.37776850908719,0.22388685433899,1.31107267514226,-0.896071786353489,-0.186977992930248,0.130748607589043,0.239389294462508,-0.0902274074581911,0.411572390517299,-0.216125965872995,0.353896329216255,-0.0623612631790606,0.00843300173166346,129.0,1.0
56098.0,-1.22966891678814,1.95609915073809,-0.851197959645561,2.79698655025108,-1.91397684079333,-0.0449344462262948,-1.34073935355915,-0.5555479867039,-1.18446766006311,-3.24510859732028,2.33832327000211,-2.82004218823068,0.763325773164453,-5.41958986916794,0.0414327925041231,-4.18075778829053,-4.2850705920981,-2.53645157282245,0.93023918577297,0.270459255150975,1.20805425987967,0.277611797272191,0.0192658003152734,0.508528831195383,-0.201182897226566,-0.249600419347595,0.562238742839488,0.0753085014191344,170.92,1.0
37905.0,-0.0353354046676777,-0.891967484734696,1.96575716242577,-2.02046074872341,-1.25708715680134,0.482399068592306,-1.59544390151969,-0.451564001333951,-1.4848212482285,0.77060046242762,0.550286818561747,-0.185673043288161,-0.770883602810822,-0.634578423745387,-2.13970025850395,-0.926591940157972,1.04281254752245,-0.263806642619333,-0.529999322318855,-0.625495616141005,0.48924641849842,-0.530198987539447,-0.674160227344697,0.0321967851118114,1.3801033023662,-0.0481338728509099,0.133463035261313,0.131400258107216,5.0,0.0
62315.0,-0.641730120964369,0.771239072144431,1.45851199714605,-0.36228451629613,0.775028967337881,1.45870372163901,0.249770098764006,0.694105261224575,-0.635536073802919,-0.3271934862108,2.21436751135913,0.882066954027688,-0.373084627687576,0.507782670311509,1.26397048881454,-0.859251408639512,0.573354862636565,-1.77067431798246,-1.24520959286516,-0.0449105483040469,-0.0597454346976281,-0.0067001588387389,0.0953085603825271,-1.04445429191972,-0.547048594298481,0.18330239542642,0.331381684705313,0.0954876421878276,2.69,0.0
43894.0,-3.19688836969121,-3.44857254164253,2.44735987372249,2.08104206530709,-0.44693366092162,1.76633931900613,0.134041292393417,0.806247353725289,0.57416233573257,-1.12748291089102,0.613588583919055,1.30908606797402,-0.088350605099624,-0.760748004204485,-1.41576906284136,-1.25712223261707,0.92737736804628,-0.061730551374096,0.548062468541102,1.85050774227866,0.631540605009743,0.660638276207531,1.51631022718252,-0.304278323483788,0.560679701423436,-0.0818396722172205,-0.088784887942398,0.160837961141252,628.74,0.0
60415.0,1.35655365030069,-0.287122525836883,-1.49285779527216,-2.05321224237602,1.93593131393159,2.82376637718693,-0.436355267398453,0.695996188481135,0.935716846134482,-0.892250658380168,0.118990834590227,0.502586983944847,-0.0244657887477176,0.561233036461384,1.76957480292689,-0.249760779417722,-0.690145801667849,0.241403106669648,0.996181945055609,0.00894393350819105,-0.211513488276151,-0.657084674177456,-0.0366012286712595,0.990027074882113,0.746189725236837,-0.810336195709451,0.0466509179770361,0.0176157281013903,5.3,0.0
76876.0,-1.29835900258265,1.07967115744319,-0.180677930886891,1.28783908383189,1.85827347944352,-2.22369500209375,0.525166986044906,-0.0968743110676978,-0.168893374133313,-2.544410418956,0.706999574201444,-0.835695915134352,-1.02211731659325,-4.99399178918475,-0.455706843211384,1.31536513941655,3.63919954823548,1.62342609471098,-1.53933883157799,-0.18757199362802,-0.332983053581271,-0.851270427572191,-0.370799798865314,0.29824168728035,0.442929877216587,-0.522832450531743,1.04856507220322E-4,0.135698346061769,1.0,1.0
55297.0,-1.21768913114851,0.637586463062716,1.56764699705393,-0.406727044850037,-0.553962714779817,-0.390038763846783,-0.0718793031490489,0.673074335858918,-0.135258332297283,-0.698815111905329,0.610709414279851,0.64717590119558,-0.515154601013526,0.267579575588734,-0.846380224850772,0.622409179748682,-0.543001003254896,0.568125620005816,-0.428127731382691,0.0168917551868731,0.262042918022319,0.655568315046745,-0.133967473890963,0.368225130090739,-0.0336451181190804,0.430151051578871,0.184073705507526,0.0772650504339692,36.75,0.0
84143.0,1.06723423455898,0.138850664245873,0.242331251239904,0.987539046083291,-0.0423684687839465,-0.146426084316921,0.122409169288062,0.0218575949616256,-0.335257599404924,0.10818459778245,1.58036671293268,1.13576448352009,0.226000271674271,0.560185831705783,0.441629533272344,-0.0554474827751307,-0.416405354460297,-0.134657619219724,-0.455959874798161,-0.0473989780237898,0.139060887136446,0.354666049992284,-0.12781352473702,0.0416372471021884,0.578609956683841,-0.322141770524691,0.0195774244025982,0.0156878272038726,51.7,0.0
54778.0,1.31804779537737,-0.292873697178935,-0.161474349233329,-0.615663270046985,0.139045930439618,0.710576768418069,-0.541969355214335,0.327049970502981,0.511313114870083,-0.0346046053204645,-0.144867798770305,-0.488336088019044,-1.39514438815769,0.594088681252043,1.11768969851148,0.894082959062753,-0.865364928454641,0.401713228344369,0.622162440481174,-0.141562640389191,-0.188135933044114,-0.604234517198482,-0.0789231293749997,-1.7078310701972,0.186702021196591,1.03017893238541,-0.0714507121292327,-0.0255359226183913,1.89,0.0
60427.0,0.465171895407534,-1.20606889707142,0.212445440442265,1.1976210208179,-0.411185770838186,1.00272058308841,-0.0817324752895886,0.13108137463571,0.446495237457816,-0.241030095839504,-1.3753029323109,0.144182096807777,1.08096565917363,-0.136906177683686,1.75794475551095,0.829464360299194,-0.969691235513794,0.374151316294107,-0.680680220469266,0.741680706053066,0.302800365622966,0.0852725571212133,-0.512819711684436,-1.30191511524378,0.330487590922461,-0.274699585174324,0.00754967499514821,0.0935278011809058,402.5,0.0
28692.0,-29.2003285905744,16.1557014298057,-30.0137124857248,6.47673117996833,-21.2258096535165,-4.90299739658728,-19.791248405247,19.1683273897301,-3.61724178604255,-7.87012194292549,4.06625507293473,-5.66149242261771,1.29295014454242,-5.07984568135779,-0.126522740416921,-5.24447151974264,-11.2749725851252,-4.67843652929376,0.650807370688892,1.71586182428358,1.8093709332884,-2.17581520342142,-1.3651041075509,0.174286359566544,2.10386807204715,-0.209943999130567,1.27868097084218,0.372392714338541,99.99,1.0
77046.0,1.26240570738428,-0.233351333059364,-1.07529376746705,-0.326424665280823,1.9525965850544,3.5501600335326,-0.590611307223909,0.864649749946949,0.343158782156867,-0.136773226642486,-0.450226629694666,0.25688696530057,-0.164976879316099,0.0912381581749225,-0.0123623655027605,0.0492738339034997,-0.462488719847841,-0.255927242064633,0.587336695968078,0.0250626523497602,-0.278424226372456,-0.803875473449613,-0.0331014166851211,1.03385949855433,0.60590586526746,0.283316802090661,-0.0229838782894149,0.00819489471597555,19.8,0.0
116233.0,-2.27045588224801,1.64249029120897,2.6772769880365,4.87383759610681,-1.40038442595992,1.84607676927369,-1.48632060449018,1.2938500917379,-0.3201351483802,1.33651532122928,-2.01337039345946,0.696458937739209,1.51429943339648,-1.1735837583788,-1.19177600779665,-0.280398424775431,0.926318389404832,0.305704226155232,1.54811340096114,0.0541684112808879,0.110037582412492,0.871491348876268,-0.0161059635144457,0.122772526162702,0.337157317489936,0.643449658848364,-0.170542594844061,0.12979866457179,10.86,0.0
55618.0,-7.4279242314783,2.94820920837905,-8.67855038407896,5.18530347959595,-4.76108997261691,-0.95709501604379,-7.77337978477431,0.717309273781191,-3.68235923846278,-8.40315026242229,5.70520550718269,-8.6407464115182,-1.60292501896209,-9.46613912320431,0.137324186945341,-7.30324272860725,-12.4480392359586,-4.33283424125087,2.35202964025176,-0.123085015912889,-0.299847070706951,0.610478813685703,0.789022761446755,-0.564511939509452,0.201195825477742,-0.111225430586455,1.14459850910478,0.102279545438297,130.44,1.0
13126.0,-2.88004235163471,5.22544230971559,-11.0633302799459,6.68995065770063,-5.7599239886738,-2.24403079081521,-11.1999752166959,4.01472180864313,-3.42930426351801,-11.5619497720699,10.446846814514,-15.4790524832016,0.734441608104148,-13.8837785491112,0.821439545395249,-11.911483017197,-18.1030037037729,-6.83783453880068,3.12692935212663,1.19144396640797,2.00288287701632,0.351102064721284,0.79525514045211,-0.778379381413672,-1.64681511254223,0.487538823287331,1.42771309550336,0.583172486219188,1.0,1.0
72327.0,-4.19873460983989,0.194120636801706,-3.91758567828042,3.92074784640417,-1.87548574659158,-2.11893292738694,-3.61444510993627,1.68788446543007,-2.18987113590881,-4.68423332514029,4.37690666362302,-5.00744082816051,-1.30474507803596,-6.19247526385522,1.00240426741391,-3.31693430074553,-6.18883415213498,-1.04041264854272,1.23304434947994,1.0033504305956,0.801312235949018,-0.183000576489906,-0.440386862411508,0.292539411877521,-0.144967421927777,-0.251743981877142,1.24941367428483,-0.131524643545312,238.9,1.0
43028.0,-1.10964552515211,0.811069300236989,-1.13813532731484,0.935264670223385,-2.33024787785051,-0.11610605479739,-1.62198623466478,0.458027900124116,-0.912189159098001,-2.96199570179906,2.77896789639267,-2.37959961108923,0.918962784041379,-4.01578678027745,-0.530009790602772,-2.81588776765893,-6.6493577879714,-1.74611328389964,1.08340676372199,0.168890572541282,0.641593528333926,0.841754904759402,0.176727750810022,0.0810041184974676,-0.258898742565752,0.707654245320429,0.418648658517389,0.0807557537005394,204.27,1.0
96291.0,-3.55217282034342,5.42646054559111,-3.73181031980956,6.67906180701896,-2.18754337884152,2.43394023761172,-8.74811035885579,-12.1082840970182,-2.8563585144669,-5.66586179854092,2.54083553206878,-6.14705358343033,1.79689064160126,-4.32898899462283,-0.150037374792615,-1.83900466547168,-3.35463814070962,-0.282307261175205,0.148592393859995,3.79266672675409,-5.68899027177143,2.51097955615894,0.953932861684676,-0.542506228224687,-0.620152015985956,0.406012866709306,0.0230251633862463,0.164740605977244,33.59,1.0
95559.0,-16.308650062507,11.6148005425867,-19.7393862972953,10.4638662754002,-12.599145656022,-1.2023933184963,-23.3805078207357,-5.78113300512982,-7.81102238181602,-16.3035376590131,5.57362527301538,-13.6352161247268,-0.483236243869236,-7.35279224297253,-2.39268418895092,-8.72814239367754,-17.5988535455879,-7.45595632935304,0.169740705598221,2.10603387120175,-4.88498262418118,1.14091043558273,1.39295263139548,0.348996604820014,-2.16750975079914,-0.798753537981903,-2.94277507305079,-0.462679619023024,1.63,1.0
77667.0,1.14740935722316,-0.260685312048976,0.619347275509343,1.41003668605396,-0.0625862911660417,1.39433732269645,-0.554511166766086,0.379268526313802,1.37460189016479,-0.416270095886307,-2.39062158265543,0.420170786497509,-0.210840993796449,-0.784544268172983,-1.57924624287445,-0.728053839307272,0.277663763218912,-0.871329311227459,0.697813605630397,-0.14425443262004,-0.500042865247821,-1.00009081881802,-0.100659493168299,-1.33795456811577,0.599927951067953,-0.423367720817534,0.0853280448384834,0.0167817009837699,26.45,0.0
93920.0,-12.3810482122443,8.21302215295327,-16.9625296493409,7.11609059812684,-9.77282635905051,-3.66683564785878,-16.1473633736285,2.07870595319163,-4.25065683444105,-16.7460441053944,7.42580096307482,-15.5648376012203,-0.426338420425742,-14.0295376738875,-1.68188923012087,-11.1337609764854,-15.8335888785336,-5.74853293843859,2.27108150670047,0.53779490001906,0.1677033350947,1.5034133341063,-0.767755381526479,0.371951476263823,-1.41563947948017,-0.517022160118675,-0.434620522533755,0.292721057342818,97.0,1.0
79591.0,1.17288000878574,0.278695076351632,0.280763838351427,0.99462098117095,0.111918470795788,0.117039633105649,-0.0296690079865724,0.084050383581638,-0.317679846208977,0.178994532936773,1.27863520093645,1.0565383864285,0.411108928337488,0.449418020953486,0.466529714034089,0.129572926466582,-0.588530666356796,0.0325374475645147,-0.422467407321151,-0.126303024416367,0.132315780676841,0.453947346992624,-0.136783933131013,-0.28034953622654,0.629193730921978,-0.249760339926235,0.0333408684395691,0.00596409672478261,3.5,0.0
78938.0,-3.62101662664694,-4.36509195706651,3.07816606625518,-0.297913336546633,1.69811279176346,-2.50546166319735,-2.92918869517562,0.633964055493544,0.299901393778294,0.0241076130423331,-1.0737969655497,-0.634647491115205,-0.878693549408899,-0.999910801283907,-1.1594705865806,0.800657376119784,0.717007055596409,-1.02020558316037,0.187666249274487,1.35427865192741,0.559818085948206,0.536085802482122,0.64831732447766,0.705882639954443,0.647178044173306,-0.157885812683773,0.157730985109823,0.215979853760226,110.0,0.0
97235.0,-17.5375916846763,12.3525186682391,-20.1346128135864,11.1227714331133,-14.5710801396343,-0.381622313270995,-23.9286610291615,-4.72492103304407,-8.6030380974132,-15.2318333653018,4.41705461009659,-12.8935202086054,-0.10962845638889,-3.54722989444144,-2.17782399757845,-10.4020683266181,-18.3720191223339,-8.31409231206699,2.43582348553379,1.9251025961188,-4.35221313065903,2.38904092140055,2.01912792631133,0.627191869568278,-1.08599721239039,-0.0718032360759346,-3.83819790404877,-0.802564460951448,9.82,1.0
115843.0,-0.878313560109225,0.0645561336723089,0.981360130949161,-0.604049314995691,0.715906583413762,-0.065561451329606,0.739262519195824,0.153725777173119,-0.442068718733797,-0.680923047728252,0.643296227310339,0.434764790396937,-0.42209644072849,0.304397564735543,-0.705604658450873,0.232597355768433,-0.682115428459876,0.281807542345376,-0.0332802703114534,0.207939675583041,0.166039711921582,0.167922525755442,0.0957681624287781,0.705123988243798,-0.0510884351870355,0.17434569965946,0.0187282170387049,0.135180941841748,100.9,0.0
76845.0,1.141572041228,1.29119504187036,-1.43290045302393,2.05820222243243,0.940823737515849,-0.958273875563986,0.391154204412105,-0.0925192025989645,-0.0328285936060586,-2.15530254380865,1.0804386160969,0.0444153214634158,0.441176590070526,-5.05382476474338,0.315185256694669,0.821195361600931,4.02736603913411,1.07797898032715,-1.10727585500251,-0.00591257660665234,-0.366507064917023,-0.714464900739845,-0.14391066716844,-0.305177619493244,0.697514060032721,-0.312544722619217,0.106247471401345,0.125059863331359,1.0,1.0
76866.0,1.16507658601521,0.182247967721363,0.586473517865719,0.782722074113256,-0.692985744640317,-1.32430615014204,0.197113893372918,-0.284982036404839,-0.0514290892887386,-0.0781149285269991,0.253929958966992,0.602210665149762,0.328343111160253,0.279946727403564,0.875264209037706,0.044215831043126,-0.189097336441973,-0.722351684797982,-0.319737140573986,-0.0376121521302893,-0.145847499787198,-0.475484058608575,0.11470211980732,0.931588644571373,0.242458970470537,0.136184571284838,-0.0392593855522008,0.0268108328291561,35.37,0.0
77154.0,-0.715413746430203,0.608590312773943,1.15550089022062,-0.267565092666965,-0.563747540811752,-0.618897959603515,0.698307698659261,0.0698369023541396,-0.133341030527008,-1.02533539256113,1.50062918076179,-0.417898026653376,-1.59029515148629,-1.07499904137371,0.288234297659522,1.37776850908719,0.22388685433899,1.31107267514226,-0.896071786353489,-0.186977992930248,0.130748607589043,0.239389294462508,-0.0902274074581911,0.411572390517299,-0.216125965872995,0.353896329216255,-0.0623612631790606,0.00843300173166346,129.0,1.0
40495.0,-0.624852236489873,1.01231542518281,1.19105561583855,-0.429559815371276,1.19073856797603,0.683068874508448,0.785693592693021,0.238579409930102,-0.816029353791772,-0.576026723717543,0.12089318781737,0.323845646516143,0.231304099031059,0.280665771996586,-0.148773381745184,0.621168270975804,-1.21678845478105,0.452088412677981,-0.707297514286742,-0.144796402366245,0.140348431480737,0.38672875208189,-0.506974626912711,-1.2695420009549,0.473989583961589,-0.347492423504332,0.0850188846743916,0.0698788031821212,0.23,0.0
41164.0,-5.93277795485543,4.57174320411303,-9.42724692838332,6.57705643811276,-6.11521812544893,-3.66179789602346,-10.8940785545016,3.70921000751656,-5.85952387304171,-12.981619145004,8.26529460055417,-14.1541653609607,0.479842781966758,-16.3375959447735,1.64604527960375,-12.3753974432385,-21.090612716108,-7.7245457358645,3.85637474254372,1.19107830456005,2.01427156558263,-0.167416617986259,0.0499675298711021,0.384429719031746,-0.0778835668224832,0.56549290579318,1.79201191700266,0.371007021212136,5.3,1.0
12093.0,-4.69679522444504,2.69386747884008,-4.47513271259153,5.4676845487781,-1.55675807549758,-1.54942028904253,-4.10421487278526,0.553934075416293,-1.49846813107494,-4.59495176285009,5.27550585077254,-11.3490285500915,0.374549235103921,-8.13869488434773,0.548570894168134,-6.65359434741365,-10.2467554066001,-4.19106626655491,0.991486122257293,-0.158970548660611,0.573898081112651,-0.0801627753981571,0.318407817148194,-0.245862202650853,0.338238431564141,0.0322706213908033,-1.50845793363219,0.608074682590101,0.0,1.0
67476.0,-0.726315705561193,0.659343266995682,2.12562083214967,-1.16573162362362,0.567579777431457,-0.7463238818422,1.59063930524077,-0.729089831180797,0.277832277337132,-0.208913430426768,0.093245576138109,-0.353022174434923,-0.789877779285329,-0.46999704222549,0.18243871287122,0.231347606020066,-0.956554425731458,-1.12758896276364,-2.14038394011337,-0.194229941733701,-0.254192450667911,-0.389974675428337,-0.0210852945714636,0.350643845851813,-0.452910721416685,-0.349398394728282,-0.689383490406194,-0.571579363547372,24.99,0.0
68495.0,1.13385208688405,-0.266809308351975,0.330638476955103,0.524354708165112,-0.405753179884706,0.0398646336535628,-0.235190315408968,0.128875621252043,0.467356014482723,-0.0498605867642511,0.28926858336605,0.464204012294355,-0.902375153144039,0.227613344229039,-0.673030430346359,0.266579406944817,-0.435132079445754,0.0926527969475108,0.792603685451173,-0.0353129076199157,-0.276088403397412,-0.82128681051547,-0.0495357588311303,-0.357199198723925,0.325621456828213,0.30945931799766,-0.0436438000466709,0.0051439266794451,57.49,0.0
66128.0,1.25000993948289,-0.823642739611949,0.132047593230791,-0.648777326365568,-0.704642972283213,0.0950693347114777,-0.617828752773771,0.118454001075857,-0.667031554780919,0.630594539529544,0.909957746199702,-0.027012299452528,-0.64929165405981,-0.0715167237838243,-0.917684088363025,0.504825569140308,0.664736327278488,-1.51493992255947,0.980721753048997,0.0879839878233692,0.131551079713345,0.35108339173078,-0.16115141320441,-0.266743288461637,0.58983052179184,-0.116485593059763,0.00519176996568709,-0.00150386473652548,56.96,0.0
3254.0,-0.965352508340714,2.0382951602638,1.07283673911965,2.76986918996084,-0.0485941102495438,-0.219931799277188,1.05504827747938,0.051954678838942,-2.21997992479377,0.545165575332462,-0.434034385796558,0.188880643181542,1.26168677519868,0.531910976497089,0.854871260287398,-0.351606362340323,0.26601437286371,-0.241992503777755,0.957426167859115,0.0475096705347353,0.121956457129948,0.228293429068733,-0.294687260397362,0.449396976730458,0.474091136827065,0.327527467869856,-0.302131111488207,-0.0107664959271841,67.46,0.0
77171.0,1.11855963468941,1.29185826269199,-1.29880532614411,2.13577170090141,0.77220369761071,-1.14729144173341,0.390577698285265,-0.107072317539989,-0.0383392686455211,-2.15251889070952,1.35275258963919,0.092848590126307,0.273152694590986,-5.01220235869184,0.303552415334761,0.731437272149243,4.15208557256771,0.985358288437165,-1.22925431837217,-0.0235757902669068,-0.346373779572415,-0.663587986293548,-0.102325808556082,0.0179105750224893,0.650301613577378,-0.332365629546077,0.105948676665863,0.12812372864866,1.0,1.0
110552.0,-2.45036662540267,2.10772866087808,-5.14066303982343,1.41130357398271,-1.69077950338918,-0.736427202926685,-3.65794634761755,1.94490590423047,-0.788387529063343,-5.62467713431414,3.51964234486905,-7.221590004268,1.20172802326675,-3.8114281425371,-1.70142802210083,-3.57140837935336,-7.31140729142311,-1.75435460658485,0.795448867520342,-0.130438203342561,0.800538093373868,0.364616671021501,0.233607611774679,-0.282077578211224,-0.320310972669244,0.49291998915127,0.35997644954193,-0.115471009476069,80.22,1.0
26703.0,-5.81395361296379,2.32093522455802,-4.19638323702896,1.2596486685943,-2.81049333015377,-0.811380181354562,-1.58510258780386,3.34051070114098,-0.358766602375756,0.791938889841848,0.150539263938443,1.15549016642799,-1.25608798603436,3.05961358706468,0.418589820546839,0.503051976891496,1.19865227509237,0.287336674437902,0.119596169830715,-0.616661744898843,0.0996134241547109,0.340697058390563,0.0984234561784513,0.0397999022975043,-0.389200050434667,-0.364226435392853,0.322639079940741,-0.0674010448730054,99.99,0.0
33957.0,1.29655016802428,0.203805764280177,0.295132643723077,0.508195563646059,-0.281091827438409,-0.719992044267707,0.0167487948759733,-0.145465710423689,0.154029175527404,-0.0501085478663321,-0.745565167319693,-0.0577104918343517,-0.0915569283369154,0.307502246688782,1.12234078833257,0.471116171842635,-0.575899175002869,-0.319415233348837,0.0724088963731279,-0.110393025071839,-0.296355338664601,-0.876161521546879,0.0815327920512996,-0.13348697085835,0.26752433111061,0.127229797929948,-0.0327856866860358,0.0127671622028223,0.99,0.0
26865.0,1.40647417717534,-0.446569431862324,-0.344429824736581,-0.832404035194016,-0.505808712031087,-0.904665020904086,-0.183896238459932,-0.193612296306109,-1.25481663084528,0.87696739776527,1.02278506549271,-0.515174577008732,-0.806867673766945,0.473460902804781,-0.153111449769834,1.06271555521384,0.0893306856863999,-0.885728505740685,1.05106603758765,0.0522824756963995,0.216934386611534,0.456179456870813,-0.216121127076462,0.0345425092362348,0.772233596642914,-0.0806742903743561,-0.041178016087607,-0.0114409045649171,25.0,0.0
64412.0,-1.34804164426498,2.52282067569291,-0.782432259389823,4.08304665188122,-0.662280329645865,-0.598775712530929,-1.94355185121781,-0.329578950885032,-1.85327422572214,-3.16213595485783,1.53319383793753,-4.63512694781183,-1.11357273401976,-6.4358707376348,-0.293191947937035,-2.84993079536978,-3.65425828769231,-1.18303413658687,0.831623853010765,0.348896285038196,1.07987140816824,-0.352026410347836,-0.218357652796912,0.125865683985355,-0.0741801756408069,0.17911552652805,0.612579819202836,0.234206089600607,1.0,1.0
58199.0,0.340390790889508,2.01523346310003,-2.77732956104823,3.81202413104427,-0.461729071578821,-1.1520219714746,-2.00195866818811,0.548681056661142,-2.34404166261939,-3.07669858515182,3.55473755027372,-3.96968929955842,-0.932183689489454,-5.87606732124924,-0.0667394504128529,-1.49528077472825,-4.42475717388751,-0.619323237398381,-0.231198386269899,0.326772803133095,0.29976881646527,-0.583282924090166,-0.187696049565752,-0.329255753153177,0.732328138266652,0.0580797142765515,0.55314334331356,0.318832445723953,1.75,1.0
18088.0,-12.2240206243564,3.85415032971366,-12.4667657248211,9.64831072711484,-2.72696132147655,-4.44561038185083,-21.9228110340575,0.320792273696859,-4.43316165783721,-11.2014000859835,9.32879925655782,-13.1049334662012,0.88848078772943,-10.140200337183,0.713465392614318,-10.0986706554809,-17.5066115481045,-8.06120798966267,1.60687003263877,-2.14718143950284,-1.1598299509044,-1.50411888189644,-19.2543276173719,0.54486672601225,-4.78160552206407,-0.00777228109993075,3.05235768679424,-0.775035651186717,1218.89,1.0
74689.0,0.710989247245546,-1.13282084935551,1.00120604159159,0.527044551625814,-1.59869075541385,-0.483062318719457,-0.315563222232126,-0.0322762442099219,1.15007579063625,-0.56839564571492,-0.494217343384651,0.707655650916448,-0.012189339209574,-0.485180657425183,-0.298477964703882,-0.184026899401769,0.269049213047931,-0.698275168702906,0.263629328813145,0.416863613348898,-0.0623906463297598,-0.480936195640808,-0.0973631001153816,0.811903500823381,0.00299604360173659,0.895480371887882,-0.0798327294287001,0.0608210431734432,255.7,0.0
41170.0,-6.49808616880785,4.75051466030858,-8.96655783136602,7.09885431317009,-6.9583762227814,-2.82212618665779,-10.3334056561063,4.03190730189525,-6.64877821018697,-11.6344144245911,6.87757089846463,-13.6976856184689,0.463040401836978,-13.0441824003561,-0.309229265664683,-12.3175797238757,-24.0190985475902,-9.33519307905321,1.95189049542104,0.568338010653019,2.15814308370257,0.1115103626317,0.216413836254987,0.584661255488016,0.760359507805524,0.0819723426822078,1.41506751068321,0.0351241448009389,83.38,1.0
35792.0,-6.66224668723566,-6.35445670577314,1.65617596310196,-0.282485205461044,1.47005799689017,-0.893399346918333,0.810015442565015,-1.41495044912074,1.56046142833899,2.66961174336108,1.21512811878211,-0.564413192982021,-0.0580077050704396,-2.64650160386543,-0.980980852029091,1.38949336350556,-0.793824054834827,-1.18917365508208,1.46713189353806,-2.876446348096,-1.74819179440042,0.823130152541361,2.35757119658929,0.124794145566541,1.5072472228461,-0.188296092707228,0.78388790654018,-0.251105736410257,283.32,0.0
41233.0,-10.6457996485752,5.9183066586857,-11.6710425949575,8.80736917876038,-7.97550136587277,-3.58680634405361,-13.6167970541448,6.42816934590602,-7.36845129274034,-12.8881582878915,6.85495311388866,-13.2116950297251,1.03561234332246,-13.7789556397675,1.04044835530024,-11.2903278082585,-20.5780220491922,-7.54782411219534,3.11847976563045,-0.0461701790327979,2.57196959291347,0.206809359357246,-1.66780140024191,0.558418754024331,-0.0278978765982558,0.354253781525514,0.273328726801416,-0.152908080809092,0.0,1.0
80110.0,-1.6427277886723,1.70223589189162,0.39577171568942,-0.062509526266317,-0.426024438613897,-0.301609161309057,-0.133271632473011,0.952316544718512,0.132948504172235,-0.283426025994358,-1.92887909301598,-0.108587566322289,-0.448957496425801,0.367759530688955,-0.344844693615009,0.0528369500719266,0.106095865010238,-0.146348079902163,0.641939672108285,0.0943421900771143,-0.231555275845649,-0.53835288704087,-0.109865197781945,-0.455054864783783,0.23067458904005,0.309040049662814,0.284087998759486,0.153540095837722,2.65,0.0
55614.0,-7.34795494690262,2.39704134824746,-7.57235581757844,5.17781925521834,-2.85483828261718,-1.79523877381611,-8.78323473517424,0.437156561210431,-3.74059750992972,-8.33286306292127,5.76318940883843,-8.70787929219866,-1.71694948774786,-9.57719439289905,0.146369002626258,-7.58649078643175,-12.5039309695675,-4.37563101237668,2.46519487038601,0.0731637913502985,-0.175273369741836,0.543325051876651,-0.547955067054245,-0.503721690122004,-0.31093277648824,-0.16398601754964,1.19789504657005,0.378186688214491,0.83,1.0
61033.0,1.13881401367183,-0.39095779476998,1.01056653846459,0.372995819391107,-1.10415302807249,-0.264513397543952,-0.639146148763482,0.140501451638666,1.00541625238063,-0.322099311529592,-0.323110453741274,0.155760068405375,-0.832933108779412,-0.160666031465319,0.444701879017887,-0.323775685123427,0.408035896178146,-0.783489351864099,-0.339752370174936,-0.141545261726205,0.0822454597499157,0.426696681989654,-0.00560318723593273,0.496324517843093,0.205330516850551,1.16206544123984,-0.0348656617355532,0.00939308453100128,20.51,0.0
28726.0,-29.8763655139763,16.4345245512223,-30.5586968214292,6.50586178736296,-21.6656542956569,-4.94035632949796,-20.0813910746494,19.5877726234404,-3.59149104711596,-7.80059820772759,3.94783971729026,-5.4879114860488,1.36994034924206,-4.82955244300835,-0.134412095441135,-5.12116240451142,-11.1181904509172,-4.65995586983801,0.608930080519071,1.72477883837961,1.81295397464878,-2.23225158753151,-1.41280344282556,0.178731069561437,2.15604185816706,-0.20938462411377,1.25564890085966,0.364530452975509,99.99,1.0
39121.0,-0.15127992963636,1.86477523492166,-1.07699042169077,0.469994798334192,1.91435673493438,-1.63036135495085,1.75852496472158,-0.632625781135402,-0.639428759230311,-1.74017663845653,0.290162962410283,-0.450819090452656,0.738970834778834,-3.94810687010983,0.20418730678004,1.20898087543326,2.02149301944853,1.45145296221006,-1.3169360410126,0.00423730124690279,-0.0770996484133947,0.0175921077891488,-0.223450199833412,-0.428389474411988,-0.583583035243565,-0.665304694031456,-0.0382022382167807,0.0919349100978477,8.99,0.0
77172.0,-0.406568532586372,0.997393614460677,1.63563241196505,0.483179716294377,0.176311212957826,-0.882882832392114,0.589757165612461,-0.129003142802908,-0.789458750658327,-0.6158951747646,-0.00824246358500361,0.228567552270727,0.870337534263138,-0.493452262546903,1.26189177799135,0.102425845530263,0.250083859355371,-0.137543558836011,0.629206648220472,0.166617708676579,-0.22985288589756,-0.707568598287707,-0.106155014936832,0.365526900069771,0.140644955280979,0.228734270111471,-0.0327094731329851,9.97586948642826E-4,1.98,0.0
69762.0,1.17720107068974,0.263677040314758,0.163263513817159,0.940874230223267,-0.0325530222299017,-0.43441709708537,0.175171595195112,-0.100065963508626,-0.333287449313412,0.158153686490481,1.09793379700342,1.03612052526618,0.475174631318283,0.472094869126382,0.191282039557854,0.320615558320209,-0.823793595294313,0.394117552191414,0.0310749021879523,-0.039943012076509,0.0783444659887358,0.206770478794237,-0.179692641269765,0.0306266977996678,0.709144184748028,-0.32984000695097,0.00810260173876414,0.0122334082793563,29.04,0.0
34256.0,0.539275913891047,1.5548897630737,-2.06618033324968,3.24161746276725,0.184735711234243,0.0283295594064726,-1.51552137985061,0.537035374444064,-1.99984603560986,-2.13317644293659,2.75617194535395,-2.24286436771513,0.615204246860345,-4.65280380668112,0.222163815521883,-0.775666019840941,-3.21861825150599,-0.370992501046414,-0.686196723569762,0.302734578907132,0.371773459120687,0.111954592156869,-0.305225078771695,-1.05383526243402,0.77117490696746,0.240878213732036,0.418434531995645,0.232169715166482,19.02,1.0
28143.0,-27.1436784229495,15.3658043803315,-28.4074244550982,6.37089534679314,-20.0878775718571,-4.66631306343841,-18.7094788213717,17.9035743750222,-3.72227873753244,-8.12096173759343,4.41994345577668,-6.21094112120869,1.06383739513242,-5.84352838067721,-0.108836449172905,-5.60659732565665,-11.7562556050179,-4.71494676131661,0.783577593799492,1.70388764553958,1.79682638880552,-1.96097371657716,-0.90224745220798,0.144011442167384,2.02438803943008,-0.204214065769385,1.33215305903359,0.385890728011147,99.99,1.0
62341.0,-5.26775974325256,2.50671895922695,-5.29092481764433,4.8861341982102,-3.34318841087649,-1.10008548506579,-5.81050918581537,1.72634335514407,-0.749277159995058,-4.83482799462627,3.54601225001006,-7.75128547808951,-1.19569394502348,-10.0185024459282,0.29639612212368,-7.47716172698803,-9.78580026201852,-4.24397714797126,2.68112678165858,-0.286043269744833,0.764265624858483,0.473261684078133,0.54848172305712,-0.15685005182413,-0.71018694460215,-0.366422677340972,-1.48676592030738,0.677664104601632,1.1,1.0
73459.0,1.05580906123954,0.0732497778285332,0.528066086482597,1.21760085209786,-0.448633888315602,-0.513050899352119,0.109157692518394,-0.052354144031716,-0.0604788201156642,0.039260374727496,1.3304871527382,1.28347393832389,0.0684647897021892,0.315294853111106,-0.553889655981205,-0.0778907466513458,-0.364125256784922,-0.0457056358894022,0.120768691171241,-0.0215613289979455,-0.0723452328313016,-0.227431766664951,-0.0538878815477666,0.54383612281781,0.526699047651265,-0.502500460810959,0.0133867923431744,0.0253376847244221,60.54,0.0
120424.0,1.98210977312521,-1.34838080152056,-0.0824337982425115,-0.913818745599704,-1.40861320603256,-0.005624999971221,-1.39530966387301,0.12836866479484,0.141454176080144,0.823368872388025,0.60158963893615,0.32536278262093,0.695504152608628,-0.604253910676779,-0.20883644580862,1.82282430958,-0.437418860102621,-0.38388492306121,0.742969364843186,0.164510119746392,0.332061635134709,0.860241247143397,0.138455634334485,-0.380190687420477,-0.43977337042309,-0.235273262002753,0.0257974447065976,-0.035673737135107,78.85,0.0
28211.0,-0.00137702613011498,1.12614815518224,0.311638787743351,0.863816257444649,0.256075354231744,-0.951499269267099,0.853053287598038,-0.13208239895938,-0.631402698654775,0.50563408560614,1.24157695311432,0.366643070344576,-0.807125199366169,0.799474248332551,0.0306486366914983,-0.402248088060325,-0.29186779135377,0.380688770192477,0.603678991698915,-0.00678809711768921,0.209271093285384,0.705146700997303,0.0467666765022743,0.532623048161667,-0.801437688290549,-0.456106908965496,0.295212517197228,0.219706025651771,0.89,0.0
101313.0,-25.825982149082,19.1672390103062,-25.3902293121699,11.1254347149714,-16.6826439195391,3.93369943022963,-37.0603114554112,-28.7597989339836,-11.1266235224579,-23.2282548357516,3.7859770496129,-10.5224940129243,-2.65749636392801,-3.79279543594993,-4.49894467676621,-6.55787310177539,-12.8672447953713,-5.80459047549908,-1.25446534452587,7.90737812724062,-16.9220157786505,5.70368400806478,3.51001884069223,0.0543302268964685,-0.671983312405663,-0.209431359115655,-4.95002186384908,-0.448412770754799,2.28,1.0
72327.0,-4.19873460983989,0.194120636801706,-3.91758567828042,3.92074784640417,-1.87548574659158,-2.11893292738694,-3.61444510993627,1.68788446543007,-2.18987113590881,-4.68423332514029,4.37690666362302,-5.00744082816051,-1.30474507803596,-6.19247526385522,1.00240426741391,-3.31693430074553,-6.18883415213498,-1.04041264854272,1.23304434947994,1.0033504305956,0.801312235949018,-0.183000576489906,-0.440386862411508,0.292539411877521,-0.144967421927777,-0.251743981877142,1.24941367428483,-0.131524643545312,238.9,1.0
62080.0,-1.59945740179415,2.60772002929222,-2.98719294171061,3.06415614684784,-2.49791431686821,-0.54110279282052,-2.2777862276701,1.26816610842127,-1.99733105335741,-3.83477508791878,1.11335409263987,-4.97692104108215,-0.795530934675206,-4.54955674371782,1.81376325403563,-3.17746049642958,-5.36934877847861,-1.1214541569793,2.03059193793375,0.22533293042937,0.662933039629134,0.184086858369512,-0.0894518031771282,-0.505999935132595,-0.0622588885489331,-0.0527144132804191,0.322854004983613,0.135267636745646,180.0,1.0
60570.0,-0.792942625270027,1.26645914226035,1.1888396232916,0.0205690166713341,-0.37516351573233,-0.927808213875341,0.421571102567858,0.33121619865181,-0.637755610679617,-0.561940379959949,-0.468048710544426,0.352403733376813,0.554354656157866,0.369856540422508,0.760556065460121,0.301858580944962,-0.251245040524893,-0.363949134222561,0.00129403318401142,0.0582447846191788,-0.168918332770893,-0.571112574495262,0.0655741088926727,0.376193095069951,-0.148182563006546,0.0713409106752309,0.137812192732817,0.0568467615785715,19.48,0.0
58060.0,-2.63059770314604,5.12575923008793,-6.09225454651378,5.52739306209755,1.60514485494011,-2.31988352953118,-3.20707570564086,-1.48258321071708,-5.07487063178104,-6.77833138248069,5.72525459149638,-6.94917182528041,-3.12779501198771,-11.090424813263,-0.800272569362332,-1.70750085360527,-1.68547301699574,0.274890838662414,-2.02888535240153,0.948863770149954,-0.527474204141788,0.220546094514546,-1.37110989476897,-0.504898994517705,0.382306792598482,0.395527722278956,0.782035950782542,0.62852786395406,1.0,1.0
43860.0,1.25001647670609,-0.984604627254174,0.36481057581443,-1.07649598941328,-1.13582110704732,-0.0142034502630634,-0.938767376233972,0.194806257724084,-0.63291638093051,0.776272259464641,0.862917310387074,-0.32718000479329,-1.14260483567642,0.436016002172746,0.871217532917577,-0.982998477590424,-0.100758911737574,1.46532292754575,-0.772442380432712,-0.464383024202363,-0.194127908150628,-0.225214353508187,-0.00861599941193028,-0.269757704247984,0.00693801880056643,1.54439386161494,-0.0774862881322753,-0.00679966990874959,51.0,0.0
25231.0,-16.5986647432584,10.5417508026636,-19.8189818085279,6.0172946473619,-13.0259010501237,-4.12877900260013,-14.1188648469369,11.1611439952369,-4.09955143059712,-9.22282550730978,6.32936467621872,-8.95219071159749,-0.138363691274054,-9.82505442102721,0.0572235922374037,-7.54168742379503,-14.2595985921417,-5.03505152375192,1.43226792970939,1.53491982113512,1.72585282658181,-1.15160577552799,-0.680051901875725,0.108175914514646,1.06687834149611,-0.233720431391328,1.70752055210726,0.51142316911239,99.99,1.0
63578.0,-0.639191253440691,-0.0855947885921835,1.26545195854416,1.40116573166082,-0.260542078671007,1.00979457835355,1.30199897093176,-0.135257522932592,-0.431520921685507,-0.0913533730643921,-0.921051995675577,-0.61381552858098,0.198913055533638,0.0160870050482155,2.20626377523102,-0.527140627794259,-0.0572786796405291,0.448655661077036,1.16443546519237,0.861306751100051,0.340330752683629,0.76016976216338,0.353376975218638,-0.778892742566353,-0.0706811598435952,-0.0333546437243291,-0.0619624216383359,-0.0626865318467909,290.18,1.0
50706.0,-8.46184470133154,6.86619841481805,-11.8382692206767,4.19421096699453,-6.92309709702798,-3.22114664850055,-7.55349651116055,6.015618186942,-2.4661434402463,-6.24624318477127,2.94398521977131,-6.51238933713471,-0.698175946764313,-7.54364593187217,0.92645528395257,-4.3302948063467,-7.33969796421674,-2.55090085394741,0.645904895509124,0.814710155897088,0.918244480856236,-0.715366336614015,0.210747336284603,-0.0602114737129364,0.509534595479059,-0.257283692851139,1.17002651560613,0.229300914797861,99.99,1.0
62087.0,-1.76113242207587,-1.52262955292667,0.707951094410839,-2.14255056899869,-0.078296709966059,-1.3023350728535,-0.548271129248915,0.369807996529847,-3.11873014690103,0.656596334579075,0.663266290915864,-0.189743432150043,0.596070126480543,0.318663806861377,-0.920121778618125,-0.0158787235801822,0.204836802933871,0.221655984273265,-0.0679300664112881,0.175303075982276,-0.229888824508589,-1.20909833236116,0.221615174019907,-0.0828100835950484,-0.0720611817128698,-0.682587723026649,-0.0568725983776467,-0.181462736876482,102.98,0.0
51135.0,-10.5273044341626,7.63974510878724,-13.4431145027514,4.30340291762786,-8.04820986720506,-3.46699653575204,-8.64319279153494,7.28410530047069,-2.36209663777244,-5.99659592015915,2.5891035399443,-5.9622614216576,-0.468955402702701,-6.77818372152522,0.907946622048306,-3.97013003226966,-6.85761265464239,-2.51173568202806,0.511761951503497,0.847085223070639,0.937415595523653,-0.931178206442092,-0.235696693319785,-0.0313933540844794,0.591558276561224,-0.263516323288921,1.10889729755393,0.219021143211497,99.99,1.0
3585.0,-0.456682291524724,0.916440862871903,1.25124072767429,0.0476622478882481,0.23083848960342,-0.595780949859074,0.51400814494029,0.120227324814299,-0.266848673041425,-0.523598766555781,-0.131052454285299,-0.423270313644898,-0.720019448025842,-0.23293894243618,1.23968344448373,0.126355154907486,0.335655382142793,-0.483508197877414,-0.443512041689845,0.0583202695903923,-0.236611615546192,-0.648138539692399,0.0467999881355085,-2.12669597147008E-4,-0.256358511005955,0.104312467164802,0.25272603563423,0.0952140484606771,4.49,0.0
91502.0,0.0073790751145725,2.36518252886777,-2.60028738169342,1.11160176466249,3.2764413263667,-1.7761407852846,2.11453088108345,-0.830084106599812,0.900489974281822,-3.37617706712688,2.05681205985716,-3.9842567303491,1.02196791340796,-5.96790496861639,-1.15160831490592,1.67973960141233,5.58611468683053,2.78913115591619,-2.24107485298106,-0.00638849728163087,-0.563944162060269,-0.902099515410175,-0.404382448597275,-0.0129439005065412,0.589836154947909,-0.734449052212668,-0.447529183217452,-0.362374775122343,1.0,1.0
68207.0,-13.1926709562391,12.785970638298,-9.90665002092758,3.32033688288942,-4.80117593230105,5.76005855618556,-18.7508891580107,-37.3534426378925,-0.391539743919107,-5.05250236713858,4.40680552357904,-4.61075647740608,-1.90948796970811,-9.07271093398351,-0.226074450896345,-6.21155748212485,-6.24814535335983,-3.14924669470095,0.0515761185277783,-3.49304991519446,27.2028391573154,-8.88701714094871,5.30360690376998,-0.639434802306313,0.263203123457008,-0.108876929971315,1.26956635541013,0.939407362758877,1.0,1.0
93824.0,-3.63280894927825,5.43726336227612,-9.13652148062595,10.3072263079132,-5.42183029451154,-2.86481514933136,-10.6340876212042,3.01812657999175,-4.89164032107494,-11.2350479111446,8.78878366710272,-18.5536970096458,-0.339533407676443,-15.6231873302985,-0.188978574214972,-12.4279613630565,-20.1590474539227,-6.88889109280947,2.58609321670737,1.35406479520345,2.30988016889674,0.978660126299279,-0.0961301444473713,0.432376722544823,-0.435627929953396,0.65089278643537,1.69360750804844,0.857685371687245,8.54,1.0
113319.0,-0.426013986756855,1.56124020320609,0.950692541935136,2.40049683950132,1.4453843216563,0.37845724145414,1.16795581584193,0.0794898559123878,-2.36148836003218,0.864289945359922,0.423783208648464,0.0152383383647674,0.112805914801709,0.460622621668846,-1.45010549503235,1.08294494802377,-1.28931460151674,0.425560116882601,-1.58182319711906,-0.145883096500297,0.365381575555759,0.906711548145189,-0.312305110717386,0.760921025545945,0.0134032736812287,0.0322554503090433,0.0912212230571071,0.151395609181595,5.15,0.0
75061.0,-0.346013223505722,1.14834048837801,0.57018043652918,0.820223690662413,-0.0659658745134687,-0.267348470160445,0.416765965032085,0.368452561599654,-1.07992508617373,-0.250948826083478,0.911367982640088,1.11331597705956,0.948324825207495,0.631114238022588,0.209436992570301,0.109090887909396,-0.462766889640598,0.627098970855046,0.741940622017349,0.00796591569964036,0.232576489338454,0.542332504418291,-0.0449337547023558,0.0337162498417801,-0.0777985684730554,-0.328970102356021,-0.0532763602452014,-0.0275321347038588,41.0,0.0
74055.0,-0.835979775688676,0.447044230747735,2.57893627211661,0.569043488726041,-0.0850013527451919,0.757287742988304,0.11448032264507,0.515220329048802,0.441904230630805,-0.934983629516853,0.480543885623709,1.32014864894316,-0.753490113039741,-0.623233406682465,-3.04736657951487,-0.849036211866995,0.36258495957125,-0.799472129456198,-0.150351409851573,-0.228153478979777,-0.260438462476299,-0.414687131261259,-0.0800814787778922,0.200221942672348,-0.0474211490922808,-0.698726452596709,0.156696313769652,0.110551783976886,5.18,0.0
93879.0,-12.8336314219519,7.50878980635543,-20.4919522106577,7.46577999198461,-11.5753037055975,-5.14099947650773,-14.0205637048257,8.33212047126021,-4.33771253089739,-15.5637913387301,7.61081978841573,-15.5923232225286,0.504789055226229,-13.2478885958622,-0.796526030140245,-10.3423283585648,-16.0445243414767,-5.8821359384126,1.57369789640089,-1.37892322363159,2.96684240389381,0.615344322057327,-0.766494757432984,0.431261005079751,-0.104974994617143,-0.0100913270781415,-2.4008113496639,-0.720556600051925,104.03,1.0
56624.0,-7.90142134976781,2.72047248689249,-7.88593567244075,6.34833355148109,-5.48011903551053,-0.333059239585013,-8.68237644547782,1.16443107786426,-4.54244738562489,-7.74848004950582,5.26658587269696,-8.67967880327782,-1.1663656781569,-8.10797466085831,0.701364761025326,-6.28830575777651,-13.7531307979331,-4.32923927421315,1.50425021091709,-0.614719344485925,0.0777390506575033,1.0924365947863,0.320132727437797,-0.434642552856739,-0.380687072327338,0.213630359032603,0.423620329379796,-0.105168533503988,153.46,1.0
73484.0,-1.95177246064857,-5.78629332674116,-0.431588538361338,2.10071878530125,-3.02450904592133,0.793470290149229,1.1502608784647,-0.214946361169106,-0.257401019545302,-0.257303743769023,-0.63973099396085,0.538341825034996,0.395094585719729,-0.19274862646224,-0.134544464862218,-1.87925523199012,0.675251017668846,0.816604242922629,-1.7396117347972,2.71478945903096,0.49435102475321,-1.5015413550741,-1.26634645865564,0.447542873508839,-0.386864862747798,-0.619203924124692,-0.192050714546048,0.324209380695072,1636.92,0.0
10853.0,1.26079099764933,-0.148177463832958,0.186361262738152,-0.0472178366202144,0.149949128329167,0.753439245300974,-0.464551666336771,0.120211130983569,1.81291391063851,-0.618929947854268,1.20111862555645,-1.39215338372647,2.14473262654956,1.26752497428454,-1.45452492003547,-0.173569730878911,0.500379725873844,-0.073699295663555,0.624090879348565,-0.0854919097326059,-0.257834066619155,-0.219318972225633,-0.180152197955835,-1.09612676311431,0.48845700907346,1.15645381250678,-0.0794295757238496,-0.0309822804535556,6.03,0.0
68207.0,-13.1926709562391,12.785970638298,-9.90665002092758,3.32033688288942,-4.80117593230105,5.76005855618556,-18.7508891580107,-37.3534426378925,-0.391539743919107,-5.05250236713858,4.40680552357904,-4.61075647740608,-1.90948796970811,-9.07271093398351,-0.226074450896345,-6.21155748212485,-6.24814535335983,-3.14924669470095,0.0515761185277783,-3.49304991519446,27.2028391573154,-8.88701714094871,5.30360690376998,-0.639434802306313,0.263203123457008,-0.108876929971315,1.26956635541013,0.939407362758877,1.0,1.0
91407.0,-3.95120850670532,2.88180518239049,-6.42149029451106,2.43418142416554,-1.32732453838007,-2.12210598673342,-3.2275333300383,-0.68556047558208,0.775985124963588,-4.72309174576035,4.921657447038,-8.75277008726404,1.52019774197935,-8.5520227319441,0.351975957711389,-4.5340297530839,-6.46540863418339,-1.89030997911689,0.174840185624481,-0.669351428982036,1.41047856462921,0.279402820830601,0.570821171370176,0.65627101478476,-0.298600548903483,-0.407571358894306,-1.37870253026193,1.37913029153249,52.69,1.0
48753.0,1.2411964915808,-0.0244467051245606,0.494476912917125,0.197135993220685,-0.844306646011614,-1.29746850907475,-0.0573158661350938,-0.218925501849166,0.275380779776734,-0.113964333686861,-0.0727282461484486,-0.027927463713977,-0.521841654390674,0.347101438311404,1.12707266987268,0.214844102383509,-0.173197283070232,-0.430093300627224,-0.16925369689885,-0.0911961772782439,0.00346267857158674,-0.0186092952224764,0.023281062033707,0.768296862246678,0.250140661474488,1.00268998783547,-0.0864795882514951,0.00765988722097765,17.0,0.0
47586.0,1.20525037907236,-0.708291087138036,-0.466713808527876,-0.986842312136408,1.26440296909883,3.80861033973649,-1.22550190661913,1.03310885121858,0.955246155493671,-0.344668626971021,-0.418411058431141,0.285972812713382,0.0318010270111324,-0.300922145865362,0.487625970556736,0.492472313728677,-0.573478931259157,0.0611234862169228,0.593339938610449,0.131287340241899,-0.15028983250679,-0.469714651223684,-0.00586736672257769,1.0814248675692,0.258948780749288,1.00179762774201,-0.038304058830436,0.0156761471747736,43.48,0.0
40918.0,-3.14025953779538,3.36734230912012,-2.77893140701488,3.85970067435928,-1.15951836286203,-0.721552487906327,-4.19534154281433,-0.59834584749232,-2.87014477203106,-5.29061006200618,3.82376208408163,-7.49227616878309,-1.52436747989794,-8.52767862203589,-0.391214524543396,-6.18087991000233,-9.6988394108884,-4.81823334077503,-0.871581688476025,0.0777814455070256,2.45233850455703,-0.292962575086153,-0.189330326319261,-0.166482104307702,0.0380396237066075,-0.0154765350217125,0.776691265853111,0.397557490298277,0.76,1.0
28242.0,-2.78724793061533,-0.0713403777285035,-1.50528777523306,3.36177713733967,-3.35742166883665,0.565834734346537,0.303653111125521,0.966914484943676,-2.24588195188782,-3.65142656863483,0.987277021963291,-3.83478156926117,-0.961354142524746,-3.18216808481143,-1.1260022842247,-2.95430081252595,-5.84121800175148,-2.91043029785417,-1.15585017273094,1.60739677185147,0.882940442444742,-0.246201930041865,1.75222678458672,0.219924964544368,0.15628169505776,-0.265894317684036,0.220694023253282,0.256076869786525,730.86,1.0
77182.0,-1.41085190223088,2.26827061391536,-2.29755364869312,1.87133052690782,0.248957097554545,-1.20879869131782,-1.35864849113679,1.10291613180529,-1.31736377078276,-4.62691916410905,3.35763973653551,-2.99881490434833,-1.95678634545881,-6.76663337149207,-0.869899592420961,-0.868576751992314,-0.370333268936992,0.419265507331837,-0.894893657235367,0.0580625903425241,0.155380926745126,-0.614880421672272,-0.196125537805858,-0.464375543427361,0.118473100986687,-0.484537034984231,0.373595915880442,0.187657248903867,1.0,1.0
649.0,1.2958412913201,-0.165525755657903,-0.867118203130414,-0.524866675338844,1.81571287719259,3.4505547386172,-0.794597890988502,0.880087219524329,0.169386326776217,-0.00535578949259895,-0.125748167096541,0.0292567155411342,0.102450318842268,0.250416721977867,1.34557363114851,0.739336604633591,-0.975516779758231,0.322807405459444,0.0586618878740689,0.0294225921298505,-0.0448365889252324,-0.2425322204295,-0.03772334164267,1.03354078569195,0.497012260167182,0.362128699779599,-0.0134524005549288,0.0131303470412389,4.52,0.0
66952.0,-0.887890646921208,1.47528318412226,0.395788676469524,-0.170735645469157,0.204616939240743,-0.491858379200944,0.328176817521652,0.41044651256538,-0.339805120127812,-0.432115256031519,-1.1889486413322,-0.0937232682170684,0.630266384781757,-0.295526054420922,0.919431420787916,0.769372780701667,-0.213195040144882,0.177480877880019,0.251877822275779,0.17708657895837,-0.317090756522911,-0.892223853691173,-0.101939883271867,-0.66811839614914,0.0521449905289291,0.140161608199734,0.243287618733764,0.0642941529506064,8.99,0.0
121349.0,1.87855456876868,-0.449882507139099,-1.91358616052812,0.332288908260337,0.276673338370785,-0.792253234935712,0.476363614223114,-0.267426008764633,0.272784680575446,0.256711102915179,0.240765074235256,0.421095523096841,-0.976200130358167,0.776687061969346,-1.00471911793959,-0.180009353435971,-0.441729932591261,-0.0698668561037966,0.63998321174013,-0.0567582847439317,0.0380693763924046,0.0149018265391971,-0.0749147755897021,-0.44947080467467,0.144695264605248,0.562626319783678,-0.126409677351399,-0.0755643875714063,108.69,0.0
93823.0,-3.82193880087939,5.66724730913206,-9.24496345774236,8.24614693395311,-4.36828608664298,-3.45073451820581,-8.42737802930292,2.30560850484611,-5.33807918394682,-12.0111608836062,8.62125508140256,-18.6837146333443,-0.962073428413392,-15.2976561861343,-2.41413212341002,-12.105602245184,-21.3381950868483,-8.04543571561822,0.15601503277122,1.11524688892983,1.99051970513882,0.0833533215963405,-0.0622635530228708,0.390187802079359,0.329883884451897,0.0980170825531413,1.86957016296191,1.00084956292018,75.86,1.0
102622.0,-2.87717642607719,4.56964856472544,-9.55306876711684,4.44107935434428,-3.65396138652409,-1.87798085259887,-3.5143534876061,1.5476079597065,-2.50330396990855,-7.57563437993936,7.00213577397937,-9.95919399367656,2.12207206066581,-8.88487177224851,-1.64485747819635,-7.18992618738758,-10.4451050316273,-3.2719075376306,1.48227743472618,0.105615110186545,1.27289634389685,1.30026844858483,-0.00395013351868523,-0.36084777781177,-0.597525997544942,-0.390901228489311,0.592196918920005,-0.241010152850381,346.94,1.0
82343.0,1.03396672834952,-0.208079445345637,1.20285565333897,1.73638460846496,-0.693587941754403,0.621206858727701,-0.475716283393498,0.256848813326558,1.19047322670739,-0.439242243745439,-1.04594095453849,1.18668406597356,0.124252341299679,-0.814248320520188,-1.74263048173963,-1.15995775645612,0.751087158412611,-1.39446768264779,0.166263727298941,-0.135074770267094,-0.396893789944239,-0.701574665755806,0.05808450195892,0.0878178687064011,0.43080134772798,-0.513236111495087,0.0892792158476908,0.0337198019025931,34.69,0.0
45501.0,1.00199171536791,0.047938380305255,-0.349001552412107,1.49395843665091,0.186938875230095,0.190965634380865,-0.00111210422593577,0.147140194715723,0.580415339651519,-0.792937990748917,-0.984171728067149,-0.567380064895921,-1.10559224967424,-1.38121354248053,0.405490421163411,0.279890165223202,1.1321602098483,0.0929929763441439,-0.298920455435975,0.016003673251105,-0.334417439439,-1.01431467260935,-0.128427315817252,-0.946241837638308,0.456090274720588,-0.453205972393371,0.0466270924243456,0.0646983543716214,105.99,1.0
102813.0,-0.387358136574294,1.08172330171695,0.279021324787341,3.230559686009,1.74593183577303,-0.641485066703744,1.38974928938246,-0.357371680929733,-0.661472736117907,0.440592305707488,-0.504843409492797,-2.57302856531984,2.2239010793515,1.63897796042519,-2.7412718343464,0.190546022352829,0.0509564401223216,-0.420931475113147,-1.64304928393327,-0.0335370641378072,0.0817412992115458,0.349351592845096,0.186421820638342,-0.0203881423823405,-0.790368087560677,-0.224510402201642,0.152494503407823,0.263528732889963,64.44,0.0
69270.0,0.8877589788379,-0.840821928746376,1.09577258112739,0.296215023465259,-1.38269365903116,-0.136955146772944,-0.568479937578081,0.151948207015046,0.919077217853487,-0.34685989205437,1.08638287498078,1.32705586038736,-0.143287738177,-0.310856977248167,-0.999388829488758,0.0351299761126912,-0.0259305047625602,-0.180477895316301,0.633988293492114,0.205460174639264,-0.0854094051283063,-0.335962294492995,-0.0284925206828015,0.61619757524138,0.0273031610280531,0.898016535420925,-0.0633594207963485,0.0301291570450791,146.3,0.0
110832.0,-0.502653549723152,0.526850953864872,0.92748526434282,-1.25589236703202,2.65733514463416,4.17653918852914,-0.122877436911139,0.844716462097661,1.36221233774092,-1.11955031375216,1.02198923631891,-2.59904066720787,1.48684939716077,1.44982073390744,1.0214539554629,-0.346785746655275,0.211773054758363,0.400959410358061,0.417281911150327,0.137858345116428,-0.31204933550602,-0.562018465713935,-0.265568736706293,0.597592714256993,0.301318469701514,-0.707000696459844,-0.0605825007163248,-0.152386109750044,2.12,0.0
12393.0,-4.06400473842815,3.10093489093256,-1.18849800365476,3.26463274045175,-1.90356235801726,0.3203505872957,-0.954940039087007,-3.27753491983773,2.82082866173719,1.01511287978593,3.18718689736493,-7.00432728360605,0.872710605485111,-6.22060535304292,-0.904444629573358,-3.07509188469837,-5.04473569177435,-1.71808268516882,-0.662462068430895,-0.531897693292296,1.68866543097474,-0.0788446980063478,0.19373092657711,0.479495953884992,-0.50660305739906,-0.409862744197452,-3.03627132936069,-0.630605198840545,179.66,1.0
64827.0,-1.27532229547876,0.10348861298519,2.03849426683857,-0.0711755930386068,0.31275033178043,0.910609454390706,0.547737253298033,0.417980966091988,-0.530877642072402,-0.748527005949112,0.480581122361485,0.29719021626065,0.0339497481082476,0.0973757926245799,0.415614056914881,0.933714997496437,-1.16961427554601,0.702089430211766,-0.864294784537687,0.303710746556991,0.212314296697625,0.181256199351182,0.0307778305525744,-0.899726396612796,0.419501435904995,-0.441363720269707,0.0208622564112831,0.074839141623742,154.73,0.0
46149.0,-1.34650881762975,2.13243062687771,-1.85435531823997,2.11699770636107,-1.07037837875552,-1.09267135682306,-2.23098606430574,1.03642490791919,-1.89551573571367,-3.36401057980002,2.88704787664695,-3.78445965821089,-1.28890425847532,-3.98562600822203,0.531838297985603,-2.60370264991872,-5.15759639749234,-0.696010004579956,1.28596139472532,0.221918669151309,0.609508181503446,0.202874284952422,-0.0607913872259794,-0.186733353366053,-0.0174012274970924,-0.283751034119116,0.395451049081013,0.233138575967241,1.0,1.0
66746.0,-0.550750896505679,0.156776356762423,2.64460298922707,1.78674194843361,-0.0368848763656904,0.489841797800973,-0.0112897843673139,0.148484854250736,0.690510389533405,-0.351949453219738,-0.825779694973987,0.656102067430473,-0.336669810393304,-0.936427796521533,-1.38431671198568,-1.82393928711997,1.16309749225768,-1.17479146469216,1.18305102825963,0.122305970576066,-0.303058763098033,-0.303129933080454,0.0563769596693105,0.414208953419942,-0.444798556979622,-0.486674397067705,0.0628727194471888,-0.0577280106214074,9.47,0.0
112485.0,-0.383464781785505,1.36525660795926,-0.969003314981515,-0.568115640033524,0.944266452628519,-0.792309530657982,0.799157089192325,0.242428312907938,-0.399619605890153,-1.25537996712688,-1.09063898820846,-0.558971536658956,-0.723953156599872,-0.637716360742727,-0.198424266571914,0.347989390987102,0.788657029681578,0.0318954229693416,-0.155922355988212,-0.268539289713558,-0.13315456221735,-0.550105108067366,-0.0667836073675662,0.305796340012849,-0.158972969345031,0.299122157677531,-0.266797677286197,4.23366089379387E-6,2.32,0.0
41203.0,-8.42681446458936,6.24165891255794,-9.94646974501132,8.19961393161759,-8.21309336768256,-2.52204605104398,-11.6430282742756,5.33950009801351,-7.05101582770698,-12.2653238444006,7.04773274001302,-13.7429528415799,0.821627223133927,-14.1074642630375,1.02047093981622,-11.8478871921138,-21.6739867132891,-7.78404247450965,3.20430921695579,0.563869352833826,2.42746037443776,0.692666548056743,0.0203051671536146,0.499809093124917,0.467593621860553,0.483161969665241,1.19567086957704,0.198294350072086,88.23,1.0
41233.0,-10.6457996485752,5.9183066586857,-11.6710425949575,8.80736917876038,-7.97550136587277,-3.58680634405361,-13.6167970541448,6.42816934590602,-7.36845129274034,-12.8881582878915,6.85495311388866,-13.2116950297251,1.03561234332246,-13.7789556397675,1.04044835530024,-11.2903278082585,-20.5780220491922,-7.54782411219534,3.11847976563045,-0.0461701790327979,2.57196959291347,0.206809359357246,-1.66780140024191,0.558418754024331,-0.0278978765982558,0.354253781525514,0.273328726801416,-0.152908080809092,0.0,1.0
30852.0,-2.83098405592803,0.885657038258755,1.19993009832405,2.86129223993172,0.321668777779154,0.289966026429405,1.7677604489638,-2.45104966190813,0.0697358066743391,3.24508640095346,0.675287853392807,-0.677096334427304,-0.222741128141729,-0.913786970583513,1.60333192308268,-1.0245020918608,0.0220452070437295,-0.940684674142594,0.484758940230455,-1.01692314354721,0.546589339675499,0.334970736976198,0.172105676221893,0.623590288019672,-0.527114316331261,-0.079214654387473,-2.53244529803097,0.311176714703215,104.81,1.0
113724.0,2.08872160268608,0.0609692801745088,-1.46216214315408,0.15051182167573,0.353958417239601,-0.841671272534172,0.248102640080966,-0.359710168905094,0.569082073889238,-0.135670350714761,-0.611824287111191,0.926336539344297,1.32206621671376,0.22077547174774,0.770049726840282,-0.296780854648013,-0.655195464735896,-0.0109155954313859,-0.157597382500368,-0.143715300871525,0.27276120377633,0.995476524075855,-0.01275352179471,0.720463737038479,0.406941127110326,-0.452679043774321,0.0116475380114723,-0.0451482523005917,1.0,0.0
41456.0,-0.0639797497805606,-2.19334263412501,-0.58046654868109,0.303796076948358,-1.01898450952083,-0.428468104630274,0.879492529738847,-0.275882739525592,-0.144875934128972,-0.361130883327922,1.24734619049139,0.963955163763384,0.37933649079391,0.564282747294539,0.435179678532866,0.586917497106293,-0.625949122863549,0.0561508718291237,0.357528674794915,1.38013257601965,0.222997866638181,-0.962467847775814,-0.558864443955084,0.0812051542650162,-0.0634871720548859,0.775591551398619,-0.22169315966409,0.112236612774229,699.0,0.0
94952.0,0.842025258809961,-0.365518405631879,-2.46406333105633,4.82088596439253,0.775505434320733,-0.614784604613805,1.36802439952459,-0.526261741999926,-0.121356446796038,-0.357616193093852,0.637766685379952,-2.81888227036892,2.36059541417279,-1.10869894034456,-1.44995109474769,1.57373987380152,2.20265154365361,0.800471466568041,-2.10358290329291,0.944915098074741,-0.110621878759425,-1.25780002613606,-0.324418362936717,-0.420020001036393,-0.219501077925226,-0.268872635957687,-0.144582319033867,0.104464060190998,571.48,1.0
40025.0,-1.10333234785362,1.0631795039841,0.79649463207787,-0.934388287020315,-0.378848131980785,-1.21002255613063,1.09653090128118,0.213990121912929,-0.720047856672215,-0.932644249021293,-0.558614678426359,0.0122204489907506,-0.206880058832245,0.613909505272766,0.234392200323385,0.38716282055317,-0.257045474651726,-0.817440886775437,-0.248495809556288,0.135097471744241,-0.314201716730477,-1.21632181337355,0.283427366951989,0.356553317012461,-0.158172699811155,0.497952058822492,0.0526110155713889,0.0947298771100162,99.98,0.0
85573.0,-1.7567118508365,3.26657425418237,-4.15338789695403,3.92452561357555,-1.7537718434176,-1.0057867792296,-4.31321717578502,1.56071190324579,-3.29567366751075,-6.2133552491157,4.52299197543382,-6.6528440527591,-0.12468523386066,-8.60448620191387,0.110359314846888,-5.94548061159606,-9.33893779428438,-2.39019258818085,3.18415235636348,0.874720103498016,0.911427441871296,0.0530612807310541,-0.367700953962814,-0.776337755840596,0.292093831084717,0.025999713844171,1.0629681996854,0.501148168228208,1.0,1.0
49232.0,-5.87799573248052,5.13902246982203,-1.41657100088253,-3.08114226958246,-0.614229097897929,-0.447248544256051,0.451676396670638,0.187155060903279,4.79842883069891,7.57946612843722,1.02689841917054,0.889620672832167,0.981481681324638,-2.19162466875637,0.209200084671533,0.474365920402779,-1.77606759366207,-0.0429173545217724,-0.798749300654337,3.51983031747615,-0.947001880074058,-0.76896394932494,0.070908664462188,-0.880467928558551,1.1343957777679,0.802918054111657,2.16663806325154,0.823444323903551,0.77,0.0
41607.0,-18.2475132286673,8.71325017095966,-17.8801268207974,9.24945923683651,-14.5412125237225,-1.91156359308197,-18.0146601306809,5.52216218981207,-9.28392451240577,-14.5571590528859,4.39243558567834,-10.3800731219167,1.61182090128819,-6.91763950579126,0.158841037400664,-10.3282423879882,-20.2545556896053,-8.53452256380618,3.25653448060821,-0.526368288315335,0.598842606268504,0.615318868165234,-0.486498927270445,0.739268468431111,-0.236844752247958,-0.0460816699541002,-3.01147328474912,-1.02214746628442,53.95,1.0
102619.0,-2.48836288474016,4.35901910783724,-7.77640985018266,5.36402677044258,-1.82387723220959,-2.44514013600669,-4.96422092061784,1.48489015991725,-2.94789885841072,-7.17534972178322,7.34365210856032,-10.178995535122,2.14215063066493,-8.98305216762269,-0.473746033414928,-8.14334226244301,-9.78567719982127,-3.08651950539248,3.37971333584943,0.792274684105994,1.32567239039937,1.02122620503862,-0.266476205063069,-0.370880444896658,0.365535186093547,0.081372023747405,0.184983040876449,-0.211582455539506,1.0,1.0
74375.0,-0.0513152356511631,0.412391482536132,0.855791256842936,-1.25368124721317,-0.194075917228374,-1.24096871801412,0.705877627232731,-0.36817348260166,-1.80962164151416,0.225998395970475,-0.277230532518024,-0.599014160468722,0.669113046503,-0.122805668642456,0.143160111966965,0.610943274763475,0.384406781089549,-1.50638094943339,0.76915091202767,0.184089982789892,0.275940442961891,0.703861253976858,-0.261395911960833,0.447724704810086,0.387900029620666,-0.127292314260746,-0.00459429657325384,0.00878103125496273,25.0,0.0
21662.0,-18.0185611876771,10.5586001882538,-24.6677412485732,11.7861803616399,-10.564656569212,-2.64568119936245,-18.02346767268,2.69365540308048,-6.21946362785238,-12.7447607871859,9.31813768535999,-13.3778574339457,1.02192386777466,-12.7843458873548,-0.451145843251939,-7.55136493140559,-11.3259968724596,-4.70125277749548,0.516317073274611,1.00770320533757,-2.31947946208034,0.908838783150801,1.35290370698024,-1.05922233762791,0.185750941504222,0.687037383632165,2.07808058379956,-1.42951702264525,1.0,1.0
63206.0,1.0355520929593,-1.34972149485273,1.52063124152622,-0.24891485227842,-2.01115026454025,0.200908554651914,-1.36471845999443,0.242262742504825,0.122778273140824,0.433863358225346,0.990317978983004,0.7947841053779,0.437466308681727,-1.04823056170081,-1.55991241212977,0.913925113694547,0.502374394553294,-0.864341188594188,0.995367338805232,0.319122584961122,0.314669277805401,0.890288922147492,-0.173731974343708,0.614046876049008,0.352038686993328,-0.116080816737509,0.0539116247672451,0.0415011162609538,124.89,0.0
18364.0,-1.15149956596164,1.63062258580375,0.220619321691688,2.09948517205688,0.571847048666879,6.32236084622733,-1.95264881630278,-3.80031097692557,0.83671494019837,0.559872524449031,0.467778164664819,-2.55887796492947,1.67606286826034,1.53253735859449,0.480715263487753,0.594620877549274,0.635445426065497,1.05638577467303,0.608464995231468,-0.999312827456441,4.3425702591102,-1.77408331893422,-0.220741978983085,0.942634222202187,1.28348212499255,0.519697345500079,0.517700851781854,0.112261452033389,232.54,0.0
87202.0,-0.41982017420894,-1.15597800832635,-2.09251550244986,2.78675032975706,0.736296592040403,-0.167291965690249,1.60002746290919,-0.117426851332358,-0.796953814299879,-0.133950251206468,1.03303201224459,-0.284367998317494,-1.20827980965211,-0.429211904447448,0.248945360461687,-0.928921529997167,1.67998551904683,1.31533886586358,2.22616065557659,1.27535802653094,0.48063971759843,0.533516931196614,1.28464540597639,0.516131270391061,-0.60294109971583,-0.305023689896282,-0.0213631449369425,0.129096385608294,451.27,1.0
83343.0,1.25599502723125,0.362632740632578,0.308457677233305,0.692508757640917,-0.361240019364542,-1.07042505116927,0.095257273218083,-0.210794120240327,0.0141021027603916,-0.286320801209931,-0.0452641489042964,0.299524453693579,0.347151100936102,-0.311576873624474,1.08065705096818,0.472812276595964,-0.0121251480988193,-0.314085633816478,-0.199358022669527,-0.0725994643228613,-0.286081653705272,-0.820059172354982,0.127749306973457,0.348699109940712,0.220102210809735,0.0939759439962453,-0.0223167654933899,0.0311189021985815,1.98,0.0
18088.0,-12.2240206243564,3.85415032971366,-12.4667657248211,9.64831072711484,-2.72696132147655,-4.44561038185083,-21.9228110340575,0.320792273696859,-4.43316165783721,-11.2014000859835,9.32879925655782,-13.1049334662012,0.88848078772943,-10.140200337183,0.713465392614318,-10.0986706554809,-17.5066115481045,-8.06120798966267,1.60687003263877,-2.14718143950284,-1.1598299509044,-1.50411888189644,-19.2543276173719,0.54486672601225,-4.78160552206407,-0.00777228109993075,3.05235768679424,-0.775035651186717,1218.89,1.0
92387.0,-0.154010735516024,0.681630322470157,1.53570965381519,-0.23017363216756,-0.0600930885889411,-0.796088847867758,0.330483079518352,-0.205578746799172,1.66841830448945,-1.23600325657164,0.335371901460473,-1.61909893585836,2.88400012409981,1.01643931869718,-0.751015023958445,-0.13118997069217,0.131636797260236,0.449843864092753,-0.83329932031014,-0.141546818521723,0.311791359113573,1.38746305926688,-0.106275310196195,0.469598539116377,-0.762994788658649,-0.350279103578319,0.242308924239764,0.2358419962611,4.3,0.0
70823.0,0.805519833913869,-0.373494399864915,0.213206534679937,1.25830531698809,-0.489089166076773,-0.3179991946745,0.173467429124538,0.176973989378593,-0.0264980417152121,0.160630485685806,1.32470692018438,-0.416936979909692,-3.07976996055986,1.31989947343373,0.70924365800178,0.160094718435501,-0.135669699978579,-0.328284819976116,-0.323474220795525,-0.0211710343618822,-0.312921160229915,-1.48395736660118,0.156994500059797,0.0776232159006812,-0.0411553762119883,-0.845212176758869,-0.0272045833782421,0.0409125626367964,172.89,0.0
58067.0,-0.264868683737295,3.38613996883911,-3.4549969895002,4.36762905773351,3.33606042827178,-2.05391842272465,0.256890458421417,-2.95723544083265,-2.8557972336327,-2.8084555425423,1.84750351109611,-2.4148223375383,-2.57322454244165,-6.5991261303635,0.123470382678038,2.57237180761341,6.60936580903842,2.53066979960508,-3.60265725092653,0.482513022122587,-1.39450379366468,-0.166029306744804,-1.45208118338289,-0.251814670710545,1.24346054282121,0.45278677690471,0.13221807596169,0.42459946550375,1.0,1.0
8090.0,-1.78322883722709,3.40279371307631,-3.82274226552205,2.62536815276644,-1.97641541136284,-2.73168901231308,-3.43055914949085,1.41320351399318,-0.776941494554916,-6.19988176274188,4.36671348631445,-8.24326243368313,0.345761165232579,-6.59055029705192,0.265576095932165,-3.02845238846152,-4.21448627485607,-1.21360784773725,-0.265421595374812,0.364089115014408,0.454031931736316,-0.577525824201459,0.0459665375362652,0.461700017592254,0.044146161217817,0.305704433918549,0.530980986346765,0.243745598122111,1.0,1.0
116053.0,2.03103482855366,-0.222732823518957,-1.96213023443508,0.354601290978525,0.404321022665326,-1.00286668737727,0.534988170303706,-0.408985173475051,0.497333903215539,0.100079637328352,-1.58827646456326,-0.145186482010331,-0.495263107614804,0.483068135101189,-0.334970954838339,-0.337380528549822,-0.291581285025631,-0.550142008774793,0.444588411276607,-0.136595892055267,-0.0530782337466472,-0.0813584194872385,-0.0505009575511742,-0.603979526118726,0.233825003038698,0.597389082849747,-0.111262956779709,-0.0752648586060801,59.95,0.0
25198.0,-15.9036352020113,10.3939171427504,-19.1336024646827,6.18596883540498,-12.5380209157442,-4.02703044708406,-13.8978265981985,10.6622517826007,-2.84495398482036,-9.66878891236125,7.39441941053863,-11.6356300484755,1.42327692545531,-8.64045910049478,-0.674719538892936,-7.69556878829619,-13.6841395944616,-4.77740603940726,1.26834277321029,1.50156541071894,1.57754822493456,-1.28013712313136,-0.601294526869194,0.0404039214626868,0.99550197117886,-0.273742711729157,1.688135896398,0.527830799573719,99.99,1.0
38320.0,-1.46499365250873,-0.815483004099316,0.371510922597821,0.934992400857157,0.16076975081475,-1.03800287291516,1.01107986312555,-0.39357888632853,0.0334002201597789,0.00889476235913712,-0.735942858273494,-0.37769299523816,-0.648841327134948,0.108349878147221,0.356708142933817,-0.47865208372593,0.129089964652654,-0.300071340432247,1.01935262636889,-0.781007103552718,-0.186788288666468,0.472984132467898,1.15946137727422,0.441049920088743,-0.162852995227634,0.561739339623236,0.245614775159259,-0.195721400653514,138.0,0.0
67425.0,1.20240882540992,0.04522897538332,0.560869895056794,0.649400297973177,-0.811397511024765,-1.21048819616178,-0.0328629883200862,-0.162664605823284,0.26929711829454,-0.0374551587267844,-0.187539037006035,-0.286849100094978,-1.08766098760029,0.5043660980627,1.17023664745366,0.250669476211173,-0.216669401641771,-0.337332712353583,-0.289548960679108,-0.141619950543986,-0.0860830250247861,-0.336418758330342,0.0758078112620848,0.7035883285748,0.237061394991889,0.348730665219965,-0.0494621171673445,0.0184603346243182,23.0,0.0
91407.0,-3.95120850670532,2.88180518239049,-6.42149029451106,2.43418142416554,-1.32732453838007,-2.12210598673342,-3.2275333300383,-0.68556047558208,0.775985124963588,-4.72309174576035,4.921657447038,-8.75277008726404,1.52019774197935,-8.5520227319441,0.351975957711389,-4.5340297530839,-6.46540863418339,-1.89030997911689,0.174840185624481,-0.669351428982036,1.41047856462921,0.279402820830601,0.570821171370176,0.65627101478476,-0.298600548903483,-0.407571358894306,-1.37870253026193,1.37913029153249,52.69,1.0
86376.0,-0.670238130057305,0.94520635153406,0.610050626297701,2.64006508673377,-2.70777462644103,1.95261056051566,-1.62460819938343,-5.22990786160988,0.21020202822781,-2.06990438955593,-0.529805728295342,0.999716276092526,-0.0861120244186652,-1.50855714024168,-0.450669492347937,-0.328387382736473,2.27027117814029,0.709666017682026,0.913175997078955,1.4749287568126,-2.50445018690737,1.43647237841825,0.351542386126581,0.648466904268149,0.579681417358758,0.0757375933335965,0.346717084034013,0.282208626038179,323.77,1.0
55301.0,-0.388917797093684,1.02315231335827,1.17252837757591,-0.120383340069279,0.269556267884264,-0.49090418420051,0.577139846445164,0.102752621370154,-0.616338807549155,-0.33790119150477,1.17356553029599,0.454940238983104,0.00488795931289326,-0.23338498782949,0.228903599075241,0.679795587804313,-0.357922550369828,0.478069348364195,0.324577215922138,0.143392930122921,-0.230979493650774,-0.647676070130562,-0.0563034896517862,-0.0563593321672437,-0.146871865636035,0.0753567723154539,0.238893846523284,0.085399462612386,4.99,0.0
84204.0,-0.937843305478391,3.46288948991687,-6.44510395393435,4.9321986662268,-2.23398306982245,-2.29156112129773,-5.69559392853253,1.33882463362261,-4.32237655329329,-8.0991193981365,7.18296700883659,-9.44594338249901,-0.314619967520224,-12.9914655817567,-0.136358931959623,-6.36752437517144,-12.7343938853776,-3.84512965889743,1.00766725992114,1.12953228130351,1.06655024941577,-0.521657289347299,-0.319917292909547,-0.405859088093617,0.906802159957716,1.16578389011737,1.37449533233535,0.729889341911333,0.0,1.0
76826.0,-6.61629292560656,3.56342789803106,-7.05890129814843,4.28434595524384,-5.09629887292392,-1.76861780360559,-4.93755412732933,2.74845954534783,-3.79675959454545,-6.8254901042394,3.25959475409854,-6.94389061823948,0.43597516308899,-6.94701030902337,1.01100406527995,-6.16683742461485,-10.564346602529,-4.01018815310236,2.14350179519978,-0.54163415582255,1.21597610572025,0.0411777442210425,-1.05909770217904,0.275662062254882,0.057424927985318,-0.265838484019501,-0.514636936427821,0.388590269335523,254.76,1.0
70229.0,0.315641749332386,1.63677796226183,-1.51964988293973,4.02857099852445,-1.18679426720391,-0.789813099852487,-2.27980740468004,0.472987926704315,-1.65763500271185,-2.89499040084744,1.60198538284757,-2.82494562476694,1.26920363552044,-5.59136368933409,-0.974827287131074,-2.73779549628906,-4.9615343155062,-2.22479740778771,-0.136117269757132,0.388884849068478,0.345920750226663,-0.1080015945344,-0.165441941824109,0.279894580016653,0.808783092569154,0.117362632970147,0.58959490284462,0.30906407378289,3.79,1.0
20451.0,-15.8191787207718,8.7759971528627,-22.8046864614815,11.8648680803607,-9.09236053189517,-2.38689320657655,-16.5603681078199,0.948348594786058,-6.31065843275059,-13.0888909176936,9.81570317447819,-14.0560611837648,0.777191846436601,-13.7610179615936,-0.353635939812489,-7.95744722625995,-11.9629542349435,-4.7805077876172,0.652498045264831,0.992278949261366,-2.35063374523783,1.03636187430048,1.13605073696052,-1.0434137405139,-0.10892334328198,0.657436778462222,2.13642447085514,-1.41194537483904,1.0,1.0
56310.0,-1.3353012079793,0.440887964542516,1.93233480740159,0.891971967679569,-1.04289594358754,1.29172428087641,0.326275086473555,0.809265709858984,-0.618073852315407,-0.834226239192199,0.79598276827382,0.932782684296025,0.447238230343588,0.177854582513068,0.36633550729842,0.0411241780397023,-0.0600574793035295,0.570364224039473,0.524751635337322,0.424476510282688,0.280082196009201,0.438070792340465,0.248749796045021,-0.312525896201458,0.281685012067755,-0.239745585635287,-0.0578308059376458,0.0301488424358436,221.63,0.0
64093.0,-6.13398694801985,2.94149944882418,-5.59398556768425,3.25884522291112,-5.31551221858167,-0.637327763117765,-4.47648804491816,1.69599358704814,-1.60674315131804,-5.11725920989043,3.97722223959189,-8.06609609331146,-0.760887591756867,-8.66077095912039,2.22023798968633,-6.23759654204862,-11.0463816554829,-4.15587936834903,1.76361087438004,-0.815086315781228,0.86833985051032,0.793736498280638,0.217346586657621,-0.0219850652442062,0.145881913923651,0.665087660642875,-1.68418604869422,0.31019546302906,294.9,1.0
75180.0,-0.470851365377768,0.208196967604746,2.38163041617756,1.48731426777117,0.22032991853025,1.2778636880373,-0.0205896872751257,0.320234664373306,0.450302493716286,-0.200319041097508,0.304178706521513,1.16529887193429,-0.220948476367322,-0.80162247637681,-2.05091779616314,-1.43693407003262,0.666793464309157,-0.47844173997769,1.71626850538707,0.139330898139039,-0.300406311766885,-0.296850992927793,-0.0496899899851344,-0.291922899620162,-0.387887517485567,-0.464067383598945,0.0614149262314815,-0.0764274249993215,14.49,0.0
32330.0,-0.297457894984738,0.713413070429069,1.83313597332655,0.752329718791864,0.0606451952983182,0.13294069544129,0.751241084365258,0.00100244037660633,-0.582657028931302,0.0470469752104739,1.62316544351742,0.372206235722287,-0.733453571396143,0.405476306240833,0.775820062872857,-0.293701442320306,-0.221295549587781,-0.0424291601820183,0.382372630568418,0.0900280733274818,-0.0927902151119439,-0.200227222908027,0.18097645153151,0.15949005264081,-0.819337174061761,-0.726673330820696,0.0218198332283167,-0.0564251956006725,46.84,0.0
69605.0,-0.526763828165667,0.786621664134456,2.02504271471366,0.31894884762418,0.260890377660877,-0.0749592025288251,0.696243315722297,0.0550160581047541,-0.492432169066922,-0.129875287490186,1.37836902193684,-0.253776314327933,-1.86652020225709,0.589048335884551,0.591550973342379,-0.0971158480183287,-0.350365565220434,0.172296946285587,-0.28403370761323,-0.116439372041424,0.033453755624036,0.159709939782629,-0.200003307748568,0.154083338026909,-0.091953685568801,-0.50617327883079,-0.0584299441250494,-0.12832033324013,2.95,0.0
94362.0,-26.4577446501446,16.497471901867,-30.1773174564996,8.90415677106517,-17.8925996927224,-1.22790388102871,-31.1973285494605,-11.43892041491,-9.46257260540015,-22.1870885620007,4.41999660154863,-10.5923050053728,-0.703795803703315,-3.92620731586873,-2.40024649210124,-6.80988994039049,-12.4623149481086,-5.50105078380738,-0.567939572890149,2.81224110932946,-8.75569832116533,3.46089334478551,0.896537503959012,0.254835536763482,-0.738096558530353,-0.966564233789852,-7.26348214633855,-1.32488430656137,1.0,1.0
40919.0,-2.74048250153169,3.65809481979987,-4.11063552027473,5.34024166876747,-2.66677476000958,-0.0927818149405728,-4.38869880914515,-0.280132705503576,-2.82189458229917,-4.46628416302479,3.96979981229186,-7.34671678644283,-1.16331176961366,-8.22556891234807,0.82500183194645,-6.77286703365235,-8.81578542555918,-4.56885928410549,1.12659865645629,0.185325269832133,2.41749541196206,-0.0977119508973041,0.382154506973307,-0.154756519767143,-0.40395592644091,0.277894930235294,0.830061638644528,0.218690442242457,112.33,1.0
94141.0,-13.5120737201635,8.21517673687939,-16.5826057272747,6.20736889019759,-11.3184715177058,-2.99720698778128,-17.6404704062016,0.0403490750758574,-5.62023218946632,-15.1237521803455,5.93465734341534,-14.1750301634055,-0.169044491655796,-6.55255368427192,-1.57000723316824,-12.1725530183154,-20.1645422294456,-8.66881519685045,2.55087034384644,0.694574465326517,-0.907905601256761,1.5140282763652,-0.141879203311202,0.789185965955202,-0.0313427677694401,-0.255056581600699,-1.86583088908172,-0.442204311521227,45.48,1.0
46472.0,-2.54303474656473,2.17398835899194,1.0694618237663,-2.03659990389788,0.111463315900278,-0.658269781719491,1.33273613282681,-0.912707753652194,3.02446757534282,3.86213257879252,0.447124716033317,-0.357002321080289,-0.308299797027809,-1.87736913934799,1.11072173562481,-0.29165246529978,-1.02970910803721,-1.12542329497361,-1.42534981634224,1.70041373506464,-0.658132237130881,-0.265079280928026,-0.0384102282942768,0.0663943832638003,0.0977328825351312,0.648558295216165,0.378469434581584,-0.33366748204421,4.84,0.0
110725.0,2.05796133712307,0.0288515776616151,-0.930962679680097,0.6155223620496,-0.0709718465812856,-1.09142957395337,0.0503463658862731,-0.36785706056438,1.88266034391592,-0.294174153362003,0.192029006578742,-2.25067633603311,1.31939691257755,1.79123609665212,-0.608447781290058,-0.175312955731667,0.522335952115238,-0.638698644462323,-0.126132839776508,-0.300161412920501,-0.438809195083411,-0.892377199511016,0.364071851953951,-0.0847084032485392,-0.349105082529011,0.163834102371182,-0.0966078895380232,-0.067884323126788,0.89,0.0
54507.0,0.985289512836718,0.270383863386666,0.653422864943428,2.30999450516762,0.10111501910629,0.740772644481948,-0.164246783201623,0.355125812848755,-0.864658161600575,0.769875975696439,1.49091783143478,0.363307900634881,-0.843057250026281,0.682073822049004,0.455488440570425,0.389514116231666,-0.294072614931613,-0.613474628786768,-1.44622231786091,-0.178741318266988,0.0310255282218353,-0.0461279676814788,0.0645768607361102,-0.324748855685198,0.17437046333078,-0.0565806602542449,0.0104017860048676,0.0134616997808852,40.28,0.0
70242.0,1.21933644024101,0.231972989206992,0.542728437673451,0.500061262160296,-0.384322716263064,-0.657787367472373,-0.0141978945257632,-0.081591705343647,-0.276771655725587,0.0914338785641365,1.55162707166075,1.2763191986382,0.64214518349508,0.3537048039357,0.286243294378741,0.480252437388502,-0.697864517814142,-0.0971208710068806,0.168663956803914,-0.0573972762404945,-0.201597235203212,-0.59810120466414,0.119606670374752,0.335344626311383,0.201776894658856,0.0759411654929973,-0.030034557863344,0.00956958140494923,0.99,0.0
66991.0,1.24567381944824,0.166975019545401,0.488305742562781,0.6353219207244,-0.562776680773863,-1.01107261632698,0.0149526614685896,-0.160210863301812,0.17036185217373,-0.0445745893804268,-0.35674901847752,-0.0734595173503765,-0.517759694198053,0.406968934383731,1.12414692288685,0.342469754110769,-0.374656440051376,-0.438992432436683,-0.116090785002835,-0.132079724302295,-0.262580846041176,-0.816263763157847,0.140304302014326,0.357827249299806,0.186422945723389,0.0965444707905616,-0.035866315294695,0.0184945729704665,8.99,0.0
95952.0,1.88481001012096,-0.0384306241814615,-0.194907029040248,1.37265368802629,-0.156979549451495,0.0741078070287316,-0.472598460908334,-3.55891685579895E-5,1.80350807692209,-0.0739032530891579,1.61509615208382,-1.15022857006611,2.30958152374607,1.52222707482707,-1.02013048103866,0.514962156468447,-0.262496271184757,0.493185910861999,-0.293279003086344,-0.200516498153721,-0.309635100914528,-0.572236777943848,0.32658666817556,-0.518408229623106,-0.396220373051641,-1.01795108696523,0.0255412816986513,-0.0401691479483169,28.92,0.0
69373.0,-1.1281097282111,0.911132693287143,1.43654058936601,-0.758614973774056,0.441023739553676,-0.330232063747261,1.00047415500975,-0.635725146625567,1.03742881188795,0.459925682208615,-1.11777875560465,0.154299650719695,0.4670771094183,-1.20357844664371,-0.851417733521239,-0.438029609763896,-0.595620195518965,-0.520000241080976,0.0793042571806779,0.144072603362082,-0.143064337735923,0.248504527737021,-0.401561992430691,-0.0601293058883622,-0.163916916404044,0.35342897372656,-1.14182334078422,-0.751792426614044,1.0,0.0
1858.0,-0.948693128709214,0.545138703718054,2.12288473556003,-0.11724499575316,0.475689097138444,0.581636112095372,0.705228067295822,-0.192507989141735,0.285409408881646,0.13692795371014,0.723200669555349,0.0115882822819538,-1.31430683921204,-0.396912304341331,-0.76191520480008,-0.651858944863301,-0.105263328162005,-0.174258680683557,0.526157264837285,-0.0270090919804307,-0.050315127044952,0.218778802641588,-0.417297478550491,-0.279093742699083,0.327001952095166,0.413414809757415,-0.718627860200396,-0.365487813292004,6.97,0.0
62467.0,-5.34466537543542,-0.285760408166142,-3.83561578178611,5.33704802681048,-7.60990870021268,3.8746680317393,1.28962992438915,0.201741916806601,-3.00353243733788,-3.9905513318108,4.98601380361468,-6.11638322304304,0.0423244061770454,-6.04339314434942,1.82140103177852,-4.7454624675489,-10.0756455907271,-3.6045960155148,1.43529381015392,-1.56216235780532,0.276010822180054,1.34204455689584,-1.01657869464831,-0.0713612973880671,-0.335869334726878,0.441044176004645,1.52061262049821,-1.11593680318009,1402.16,1.0
47190.0,-5.63693051756647,-3.23170811446431,0.750231745354268,-0.531569199913187,-0.530130023531804,-1.3899228605928,-1.97509528957297,0.45030992568837,-0.257395303494034,0.689695521126258,0.972990512940318,0.232490216042897,-0.104154683322175,-0.23106102689992,-0.435997581627035,2.05960114204484,0.155066015867657,-0.661702339024234,0.368968094003738,-1.9797238360913,0.0056289546164149,0.742944958558471,-2.52857649910878,0.834544579986783,-0.0395652300572082,-0.259034653732488,-0.557062264148362,-0.142223085162493,106.5,0.0
51015.0,-0.513329575740782,0.680203082455064,1.41871093859054,0.241127753157364,0.26916900100747,0.0212506031117077,0.825088994725208,0.191039908182279,-0.386720020060967,-0.62538906035039,1.0544190524648,0.935454017224702,-0.558439616748406,0.145037131678497,-1.54219247746571,-0.326162301127634,-0.234602781956971,-0.452066154009189,-0.912001484586345,-0.18930017299681,0.0673218230680723,0.245090323497582,-0.0686715261016721,0.217033794787916,0.102730548123893,-0.554508885128911,0.0487327222424419,0.0316523777943169,41.64,0.0
64412.0,-1.34804164426498,2.52282067569291,-0.782432259389823,4.08304665188122,-0.662280329645865,-0.598775712530929,-1.94355185121781,-0.329578950885032,-1.85327422572214,-3.16213595485783,1.53319383793753,-4.63512694781183,-1.11357273401976,-6.4358707376348,-0.293191947937035,-2.84993079536978,-3.65425828769231,-1.18303413658687,0.831623853010765,0.348896285038196,1.07987140816824,-0.352026410347836,-0.218357652796912,0.125865683985355,-0.0741801756408069,0.17911552652805,0.612579819202836,0.234206089600607,1.0,1.0
79265.0,-0.763385939550642,0.463342904165818,2.39425120782645,-2.15186193275772,-0.223897666242433,-0.217291879825375,0.412447291216934,0.0249480961735966,1.0901604412183,-1.30955486808728,0.943830373512138,1.19166033398559,0.296359144785621,-0.472618773780437,-0.0206584110197783,-0.110044629750818,-0.87447376049635,0.77771255248772,0.422684066256535,0.146212864875625,-0.0273274320979808,0.354889735832358,-0.461087767381957,0.0289616822329972,0.577310756876459,-0.784465161306707,0.189811381263161,-0.0974689087104432,1.0,0.0
26899.0,-21.8854339051741,12.9305051249875,-24.098871851647,6.20331419234722,-16.4660991227874,-4.45984212550286,-16.519835984614,14.5355647151916,-3.89702188761405,-8.6507583293562,5.3754339072439,-7.56721354069937,0.461807829323489,-7.82789139878016,-0.0228148529460228,-6.57804150255676,-13.0024594617382,-4.88446723880536,1.10435473489394,1.6119982189969,1.76223176917351,-1.57905510076487,-0.951042744820554,0.13456529188962,1.50711039768212,-0.222670856855594,1.52765527810284,0.453698638993223,99.99,1.0
61288.0,1.12122934760412,0.151463450743058,0.513328510621354,1.3255931533988,-0.229150390382645,0.00603574387424711,-0.0719207278153501,0.146456745897543,0.0913412386081145,0.0616100205801164,1.26274963275853,1.02961800530843,-0.735531715428675,0.369182540319977,-0.758177252776183,-0.565113127623743,0.114846251466549,-0.492439117931864,-0.149723797443469,-0.232301433048893,-0.0466105265294813,0.059128028357197,-0.0375259458152625,0.21862634325977,0.591916799449377,-0.339889831048212,0.0346636094066776,0.00547957277392429,1.0,0.0
62059.0,-1.64440309669641,3.1298519330804,-2.57697682172296,3.41557336328899,-0.448525407316687,-1.24189285626533,-1.9916521878557,1.00266488963021,-2.8090712430123,-4.15369240632128,1.39818511854919,-5.65326970240352,-1.23369413839885,-6.332512814541,0.458714800173025,-1.98360960777769,-4.92916202340023,-1.03848208531443,-0.133819199948815,0.290186829391141,0.417762091477206,-0.648575871519649,-0.318617393380036,-0.680412931832076,0.389868676205949,0.0557502963989842,0.394681955439504,0.298820725838569,6.62,1.0
18577.0,1.05154808360584,-0.115011046979949,0.75493808600655,0.0068236164373931,-0.0289603536099074,0.890010091141667,-0.5762153789799,0.298827618813042,1.55780396872612,-0.796944038322075,2.06249167339877,-1.51750513773574,2.17400226844744,1.60116250257574,1.52299535444673,-1.00765396495155,1.66077648844598,-2.25891725531992,-1.85642562092398,-0.194716502662753,-0.129284821156026,0.0332644029179767,0.258760426213781,-0.619295088438573,-0.250530257722931,0.970955416544207,-0.0246360991730133,-0.00495684228316005,15.43,0.0
84204.0,-1.92745281973369,1.82762056700016,-7.01949468454197,5.34830323951426,-2.73918788004738,-2.10721929638307,-5.01584797563431,1.20586815982046,-4.38271250852199,-8.33770697381781,7.19030608944843,-9.42484446049178,-0.223292646427513,-12.8754942229841,-0.071918160688794,-6.2999613976222,-12.719207160428,-3.74017615583058,0.844059610296466,2.17270905626492,1.37693832294098,-0.792016725563067,-0.771414187530036,-0.379574271539528,0.718716522008066,1.11115125599517,1.27770725705846,0.819081152045361,512.25,1.0
97121.0,-17.9762660516057,12.864988563015,-19.5750661905691,11.3451198184298,-13.9986456031027,-0.35489996091484,-23.7834698823143,-4.87235340557097,-8.50428479375643,-16.6011969664137,5.56925817499418,-13.9322487527403,-0.204854827407058,-7.58102324741972,-1.01361239001659,-9.01481328062598,-16.0920320589503,-6.05014766257303,1.66102935873752,2.41992113013135,-4.30043186631826,2.8657718597682,1.48930201538756,0.386039288843108,-0.232391836340479,0.413826703027495,-3.25598090607432,-0.538963227046118,8.64,1.0
64443.0,1.07952397806913,0.872988038728802,-0.303850487243895,2.75536885087579,0.301687623167546,-0.350283737195093,-0.0428479677130716,0.246624608381391,-0.779175595769242,-0.157696445821874,1.92856763203456,-0.935863286411531,-2.43144644518658,-1.63347202401986,0.534336652706283,1.42560550367097,1.59352878606579,1.17846784575361,-1.56869755794851,-0.252115099030468,-0.023254784527163,-0.158600833910515,-0.0388061577093773,-0.0603272546840962,0.358338898397498,0.0769835703935526,0.0189358319830432,0.0605741494833015,0.0,1.0
75851.0,-4.79366743133161,3.41891065333381,-5.07444453285381,4.03598694267746,-3.52787459906065,-1.92324150219959,-5.06598083804842,1.99688475994042,-3.09737916358313,-6.44720227383046,3.77557843937585,-7.49878345527601,0.231306922054262,-8.65826843157538,1.34330765668858,-6.17333085967808,-10.7080182544535,-3.50489419159365,1.88404425730219,0.342122343012083,1.16861781897539,0.289530903898366,-0.371888203724815,0.144761276597316,0.0847348250689305,-0.19743147093529,0.328671522253493,0.835394921353057,99.85,1.0
101051.0,-1.46531575579616,-1.09337687781209,-0.0597678482279439,1.06478463530602,11.0950886001596,-5.43097128323669,-9.37802517086658,-0.446456139679101,1.99210961400888,1.78592177154007,1.36858453419511,-1.47169658834377,-0.72475884619705,3.44242199594215,-0.957403224855046,-1.62612941891216,1.41821495932655,-1.41791682839858,-1.65176618071699,-1.4576102135585,1.16062328833533,-1.2596968082996,-15.9816491909559,-0.883669935248733,-3.53671623161143,-0.59296488849027,0.675524833181225,0.424849351792902,0.92,1.0
40086.0,1.08369268125484,1.17950120574809,-1.34615039129229,1.99882440095464,0.818034176163642,-0.771419407716543,0.230307373480955,0.0936831311994367,-0.167594341704434,-1.95980925751416,2.80433477984687,0.312424168769405,-0.595976467281167,-4.66257695501824,-0.299515020029103,1.00141391934549,3.90282478361756,1.61960922680862,-0.888087464222472,-0.0601585380014646,-0.311999618117422,-0.639699711353317,-0.120249014807271,-0.180217694458199,0.609282565276013,-0.339524442352566,0.0967012906089022,0.114971915513805,1.0,1.0
92640.0,-1.4271924508117,0.297085702932434,1.80853245442424,-0.0157287926788954,1.64266497791156,-0.214459752914327,0.718222699456355,-0.160263997212404,1.84326051281309,-1.28602535232485,-0.989725676465253,-2.9037289243435,0.0555665401474381,0.966537883152834,-3.19370196709791,-0.437997446698151,0.341637160654413,-0.451981154062591,-0.964967330327409,-0.440726315228224,-0.592498285943165,-1.14658001705407,-0.528223047957686,0.548682929355811,0.930837367854005,-0.975511540521684,-0.206401286613739,-0.219473456433518,15.0,0.0
103808.0,-4.51734375344642,2.50022390414582,-4.01392753708116,1.18945163355882,-2.48686063585833,-1.41347553285281,-4.24570662259591,1.26508694822894,1.16882778968781,-4.51390660472333,3.69471123994721,-6.11044323287235,-0.110521636054475,-4.18455528093394,-0.93103463417672,-1.61471832598223,-3.35318018239636,0.236762036968587,0.0038960221310578,-1.05616226010439,1.32694422202396,0.102998961106284,0.508166904438541,-0.278017536127694,0.139721094971637,0.0646100247346309,-0.972358289293076,0.351359561196795,2.27,1.0
84213.0,1.1371264371655,0.179669464294545,0.680631210608201,1.33110066056282,-0.434387007361896,-0.517041126208317,0.0956973277946093,-0.164999071930313,0.28657530026527,-0.218198937433233,-0.498312380004678,1.188961414829,1.20237077368773,-0.298169808086515,-0.307193567601664,-0.345498164050212,-0.138422910236426,-0.694883223600753,0.0310479540800229,-0.00953796091039913,-0.222206526360585,-0.46682223292745,-0.0142070974000093,0.415487301489007,0.552945433229218,-0.533993510866111,0.0410069283563031,0.0353528400300223,38.11,0.0
57017.0,-0.311158760494595,1.57201766923729,0.297297417184244,3.01253876053878,-0.256207255495723,-0.786471103364645,0.73126436045526,0.230860143727204,-1.5936699267909,0.879532764047516,-0.596884824543787,-0.555700029844965,-0.657088102800017,1.01233932802629,0.76235518755652,-0.343245680894418,0.385081988101273,-0.0832274263301428,0.623736816071435,0.123827978826276,0.223880096878193,0.584348306334209,0.277947608950192,0.694747454042461,-1.03986129890232,0.0810473129680073,0.343116736326708,0.253088169350898,57.63,0.0
100855.0,1.96931469775812,-0.42846822903272,0.0875657405078836,0.441327144592403,-0.695351762468249,0.0763453426041334,-1.02397132571777,0.0511300192417701,2.6201835937358,-0.414582910131419,0.0956897821361793,-2.06360356946474,2.12075160338249,1.04669448679423,0.0969553296296277,0.606655016560267,0.0952675815681714,0.232435197352673,-0.556780497637067,-0.164740901741922,-0.11347904548046,0.0437765976839176,0.358315984603225,0.645782242104778,-0.603966638851312,0.41377366677874,-0.040294332744876,-0.0365197640708567,15.95,0.0
49934.0,0.0128531717224908,0.365179440422312,2.12599651772815,1.14105990237565,-0.730385803061636,0.976724074538989,-0.826021213416755,-0.350562886424548,0.262738910905153,-0.210507864889621,1.06324820584097,0.84366856960335,-0.656731428842363,0.0804503895029108,0.100614807135475,-0.244795962929647,0.117416037847149,0.164006255105001,0.325724945783398,-0.192113960449032,0.759013332550034,-0.121610173754286,-0.186547730423728,0.00489370254939547,0.872487347513897,-0.196471695949404,0.205183035154313,0.187805075879811,9.99,0.0
50248.0,1.17019100316839,0.223751357744642,0.393297193638523,0.873765037768393,0.136048449217078,0.232372613467865,-0.0310267413305122,-0.0098030180556352,0.00889846367313987,-0.138524438726473,-0.602064843142175,0.897059357126262,1.75139072321303,-0.091565344197443,1.3176556841539,0.257722964282861,-0.661703192463099,-0.550534824897176,-0.4304158472068,0.0226960488534201,-0.183558293781378,-0.488025593488419,-0.00656379869252305,-0.772909826633495,0.378441096174939,-0.549474496243692,0.0568438462382861,0.0312038220188509,34.99,0.0
25426.0,1.12533553530785,1.13014648418496,-0.962975334759173,2.67568785863118,0.990074518469203,-0.243317741184431,0.316192138064781,0.122960131988498,-1.1433427947576,-0.369908966047961,1.83449419801385,-0.491243315415958,-1.12990700459946,-2.23862224442526,0.27846874170613,1.47792560308038,1.77645429510255,1.14928218583042,-1.30699464468423,-0.138813697509247,-0.166736918429935,-0.52193383894905,-0.112376257435029,-0.592076750460089,0.520791314299405,0.0433535805717847,0.0151590212632604,0.0636117222853327,3.76,1.0
85181.0,-3.00345942213401,2.09615030972986,-0.487030347865578,3.06945315960973,-1.77432868427117,0.251804209642436,-4.32877649482139,-2.42547814428288,-0.985222033510513,-3.99521073403213,1.8806015528528,-2.32517912777326,0.636458662971611,-5.41749934539643,-0.262909464785021,-3.81808566437699,-3.70070702592749,-1.99141207812339,0.779950535234061,0.692537380835205,0.163966694003732,1.24564832133152,-0.269241340185825,0.537102119409512,-0.220756683145222,-0.0595547732936557,0.460709677482052,-0.0335506071081744,2.0,1.0
43494.0,-1.27813773524814,0.716241580332591,-1.14327922918382,0.217804800631468,-1.29389046969973,-1.16895152511977,-2.56418198278833,0.204532467641239,-1.61115462297744,-1.25028553742691,3.36736102310858,-4.58309584545642,-0.806939683730076,-5.20830522179452,0.525823682164556,-1.81591431259746,-5.24911146794949,-2.19669120679566,2.10905264474381,0.817203155491914,0.490182667533974,0.470427403079725,-0.126261344339209,-0.126644458784455,-0.661907559467122,-0.349792996571914,0.454851068382725,0.137843477172283,24.9,1.0
54506.0,-1.55918233262334,0.930161063908061,1.26529487783289,-0.151863464835237,-1.14455445907115,-0.839866365195662,-0.200038656072493,0.778757923150302,-1.54715418351467,-0.345765792980916,-1.40228523962195,-0.420499121570341,-1.11845024677236,0.604517442155941,-0.990212003334153,-1.60506365357855,0.568527964687984,1.02812054085923,-1.31721952373274,-0.887014238079271,-0.339564488410801,-0.772490801801253,-0.19243258400043,0.64914484312845,0.56768793835834,-0.439125310747804,-0.292073023608351,-0.102651470411498,25.08,0.0
7535.0,0.0267792264491516,4.13246389713003,-6.56059996809658,6.34855667313983,1.32966566904142,-2.51347884762413,-1.68910220031328,0.303252800547589,-3.13940905736457,-6.04546779778801,6.75462544809695,-8.94817857893317,0.702724998099873,-10.7338541032306,-1.37951985681718,-1.63896011485587,-1.74635013628103,0.776744097926754,-1.32735663549015,0.587743219006407,0.370508651493253,-0.57675247317433,-0.669605371766238,-0.759907529538618,1.60505555017462,0.540675396428899,0.737040381683977,0.496699108168337,1.0,1.0
35899.0,-2.85716975415491,4.04560138120513,-4.19729878550198,5.48719863078843,-3.07077616787415,-1.42268633776286,-5.65131373987331,2.01965739455388,-5.01549098658195,-6.31970750896333,3.77960220775921,-8.07709364590223,1.4408888557809,-7.89190877856627,0.530452788364339,-7.9540700449952,-14.2650559534715,-5.7710644259128,2.8921696850147,0.981608721582294,1.08032273397717,-0.561384150324839,0.102678427260093,-0.0671947227831213,-0.476931194262915,-0.103716356143308,1.16696149168342,0.663632066947765,1.0,1.0
64047.0,1.11546774429115,-0.0326414305913873,0.604252400003863,1.72681960310694,-0.382510971246351,0.160649010145897,-0.209580969905497,0.0142652973636357,-2.31746748272583,1.58093841129866,1.52081754110829,1.05955214375106,1.36952787868528,0.192033545603213,-0.302229701711428,-1.11698489803951,-0.302513023584063,0.898289203103455,-1.93498721293702,-0.409894232221084,-0.216533150171871,-0.236356410022716,0.00921440026954877,0.220131408306431,0.34911131137583,0.0282015186548227,0.0198732676114853,0.0238451273219529,54.2,0.0
90254.0,1.67691412647709,-2.01611344684291,-3.12291377720762,-1.27698142193845,0.0683598413178696,-0.822407836075692,0.593400549845472,-0.882204540745788,-1.09394213569159,1.13186152311072,-0.382710801014292,-2.8326474748182,3.77139455477388,1.41232443179881,-1.47098552866213,-1.25974936145703,1.16121687641929,0.00287376559038903,-0.0648354887581336,0.481950123873753,0.180428693437029,0.442217516319851,-0.577018501834804,0.0984938344627758,0.656736259309611,0.223525357951376,-0.168883438475005,-0.0194928879641592,425.5,0.0
79393.0,1.24590198410101,-0.438714526892262,0.884923875909002,-0.712872587823921,-1.32144242733991,-0.855017040409999,-0.657007791733544,0.0374319648326039,2.00984243952236,-1.04327591454668,-0.650248912414734,0.0792918993508162,-1.28592236176561,0.0989900310988168,1.40869648403697,-0.384252208575372,-0.0735574631928288,0.340278881803967,0.564229692217686,-0.20551887249351,-0.0266251710824953,0.112437719857969,-0.0206734529907262,0.375441875703798,0.45801628966915,-0.682431505663795,0.0855113161557815,0.0326261719413951,1.0,0.0
70536.0,-2.27175453696818,-0.457654560738072,-2.58905463865543,2.23077826688105,-4.27898250263823,0.388610079538804,0.102485457456358,0.813127838070308,-1.0929208385062,-5.03202838566819,3.51034756034463,-2.22739840581069,0.656823927974733,-5.19918574342056,-0.128311029598493,-3.94352099869908,-3.82052232662867,-0.570821093891663,2.78338340771804,2.28575790271371,1.09634200952947,0.658398654570846,1.71167573455248,0.333540036403021,0.538591373646869,-0.193528512332835,0.258194100840055,0.247269213953463,824.83,1.0
43494.0,-1.27813773524814,0.716241580332591,-1.14327922918382,0.217804800631468,-1.29389046969973,-1.16895152511977,-2.56418198278833,0.204532467641239,-1.61115462297744,-1.25028553742691,3.36736102310858,-4.58309584545642,-0.806939683730076,-5.20830522179452,0.525823682164556,-1.81591431259746,-5.24911146794949,-2.19669120679566,2.10905264474381,0.817203155491914,0.490182667533974,0.470427403079725,-0.126261344339209,-0.126644458784455,-0.661907559467122,-0.349792996571914,0.454851068382725,0.137843477172283,24.9,1.0
26931.0,-22.5616992591298,13.2089042844176,-24.6438187771226,6.23253182330679,-16.905611362323,-4.49743871970001,-16.8101841919321,14.9551067734604,-3.87129682308601,-8.58126551626339,5.25698760960799,-7.39361499215009,0.538800829120431,-7.57755201800709,-0.030725531904052,-6.45478323655342,-12.8456565242928,-4.86591773720169,1.06244185030067,1.62144422472126,1.76598663639159,-1.6355166467436,-0.998316503452087,0.138972227361725,1.55935014018173,-0.22212451669,1.5044246600224,0.445919826109776,99.99,1.0
102619.0,-2.48836288474016,4.35901910783724,-7.77640985018266,5.36402677044258,-1.82387723220959,-2.44514013600669,-4.96422092061784,1.48489015991725,-2.94789885841072,-7.17534972178322,7.34365210856032,-10.178995535122,2.14215063066493,-8.98305216762269,-0.473746033414928,-8.14334226244301,-9.78567719982127,-3.08651950539248,3.37971333584943,0.792274684105994,1.32567239039937,1.02122620503862,-0.266476205063069,-0.370880444896658,0.365535186093547,0.081372023747405,0.184983040876449,-0.211582455539506,1.0,1.0
17187.0,1.08837493830851,0.898474023721059,0.394684329076182,3.17025757451452,0.17573879687403,-0.221980885195245,-0.0229887284923858,-0.0108735366656839,0.860043617194172,-0.592472935320844,1.07272839973578,-2.54755681422931,1.23595005675711,-0.330305803751441,-1.02235437464957,0.335642172519614,2.29899822072815,-0.1620962094812,-1.53270721248432,-0.217358192249005,-0.423553904215867,-0.800852284805578,0.0776144554303444,0.167608452574198,0.350181817443194,-0.118940929478619,0.0129477659306532,0.0542542721018558,3.79,1.0
5351.0,-2.90539035137035,1.44503694575955,0.457825144061656,0.0800028105312255,-0.361364242008244,-0.36347407814902,-0.432972703067159,0.817428357844178,1.18914161018293,0.223633261446197,2.11276529256899,-1.91817006523511,0.844011707628078,2.29339953918496,-0.188923888477068,0.301969706998373,0.6839033396859,0.0705964900259863,-0.231434153508572,-0.358854037488982,-0.294964261924869,-0.65434447763514,0.0743636470506617,-0.0672244945948383,-0.376682145551071,-0.0117633511850832,-0.347972606857974,0.238471722706314,14.37,0.0
33010.0,-8.82769804558761,5.65548514098642,-1.21953095524388,-0.632479502087111,-3.58809447235923,1.05723981593617,-1.95480649869676,2.16340310137502,4.74687858325624,9.09145931520648,0.674472710863442,2.04425881462703,1.08408053305943,-2.52795835641601,-1.5333223993125,-2.99371472384905,1.14160155222303,0.826360165475323,-0.305625722215328,3.07434274679944,-1.34720088177436,-0.623429187062715,0.0782381211768937,-0.0498870324925597,1.72880509550825,-0.0438826962697429,2.13687657230232,1.02430979743257,20.0,0.0
20451.0,-15.8191787207718,8.7759971528627,-22.8046864614815,11.8648680803607,-9.09236053189517,-2.38689320657655,-16.5603681078199,0.948348594786058,-6.31065843275059,-13.0888909176936,9.81570317447819,-14.0560611837648,0.777191846436601,-13.7610179615936,-0.353635939812489,-7.95744722625995,-11.9629542349435,-4.7805077876172,0.652498045264831,0.992278949261366,-2.35063374523783,1.03636187430048,1.13605073696052,-1.0434137405139,-0.10892334328198,0.657436778462222,2.13642447085514,-1.41194537483904,1.0,1.0
76857.0,1.14020795371139,1.15643107873873,-1.47157796740819,2.07627840454674,0.774809058745551,-1.00253195191231,0.264947929409663,0.0131622605764724,0.248835339320523,-2.10066651278309,0.763204840843787,-0.94491647902938,-1.41903447142202,-4.68361969585018,0.51928230124953,0.908454083367609,4.13366666889167,1.30620452511785,-1.09471647432252,-0.125097258302807,-0.387894980568907,-0.866811936205838,-0.121582639900783,-0.356108586349469,0.634572810783188,-0.306311023397994,0.0940868179231164,0.121064728484123,1.0,1.0
9064.0,-3.49910753739178,0.258555160773118,-4.48955807274398,4.85389435139681,-6.97452154477167,3.62838209065084,5.43127092073166,-1.94673371078472,-0.775680092900109,-1.9877731876087,4.69039566550924,-6.9980424321007,1.45401198637847,-3.73802333366749,0.31774206255503,-2.01354268083989,-5.1361351026702,-1.18382211654359,1.66339401354543,-3.04262575715977,-1.05236825623151,0.204816873569406,-2.11900744010783,0.170278608305444,-0.393844118118335,0.296367194488607,1.98591321801306,-0.900451638402827,1809.68,1.0
65194.0,-2.31267478111924,0.591230631388535,0.535928641408778,-0.338779722738614,0.474842344788171,4.94485240999259,-1.61187201499909,1.85046173204819,0.521624821763505,1.70272676971225,-1.49330910735067,0.117655127775669,0.0947323335449755,-1.16166458393783,-1.13151345985056,-2.19818152730457,0.62726719813001,1.69149811641579,0.864038929689498,0.338320201997963,-0.695104650688466,-0.763842553440803,-0.227351143280607,0.99208777775134,0.737792066179927,-0.0385699238183336,0.813484061758003,0.567337378467892,50.0,0.0
86814.0,2.19706302495974,-0.738473482335433,-2.58772044437471,-0.984887493818701,0.149594969156758,-1.39379733442159,0.297399713404304,-0.428452700544223,-0.999236686690044,1.14519800962127,0.406039546127876,-1.12288619773951,-2.11098999240554,1.02397316908527,-0.950968750328062,0.385415134828623,0.356014011454153,-1.00466191863966,1.09203284139482,-0.113604120203644,0.512991477441399,1.36901057363877,-0.283569478699887,-0.343837225746068,0.68342247983346,0.308868188493952,-0.116166955304909,-0.104985654164188,48.0,0.0
97018.0,-0.605519049232224,1.0959946133275,0.317432817867863,-0.870912525206215,0.29491612181374,0.196857679816172,-0.27030182140553,0.764635873018972,1.68150231812348,-1.7078784259848,1.06783296327766,-2.85099088497223,0.0574157666963078,0.755800268926929,-0.787098208882314,1.20384520048217,0.845987982846261,1.63136378775984,-0.0148940916943783,-0.168379070994026,-0.405029929779427,-1.01008049172923,-0.029252510617881,-0.153779733381628,-0.149366306292435,-0.298630307718411,0.115749032358872,0.0256300304097138,0.77,0.0
50558.0,1.06349781083984,-0.923147708247413,1.72901675702045,0.573601930672361,-1.72487291852876,0.843881759939418,-1.53697502632553,0.715546439276569,2.07146632661473,-0.354378796159081,0.271514235346954,0.0261838572133962,-3.26886437849927,-0.352890778978991,-1.6253233052634,-0.458003404247779,0.753742212174885,-0.197305493125011,0.480797606840352,-0.333188975960542,-0.0678496551410523,0.172661558109994,0.0506782106821383,0.260201544350664,0.0372515067431463,1.13710830857322,0.00110051363507073,-0.0015629321204555,1.0,0.0
59385.0,-7.62692409246447,-6.97642000754641,-2.07791115073952,3.41675415987856,4.45875840248762,-5.08040779918275,-6.57894786782983,1.76034141396682,-0.599508728352202,-4.00174208524931,2.61176184321338,-2.21069105518154,0.145323220628924,-5.28167813117348,-1.44622731547596,-2.34217826208892,-4.44208205885268,-0.812202197039381,0.254771833248553,2.87526030369363,1.22479498325958,-0.656639147267532,-0.330810728527997,-0.0789460153087798,0.270305924800976,0.431119110160139,0.821381426988655,-1.05608777393768,18.98,1.0
38668.0,1.14238336461292,-0.21493572440214,-1.23279762517805,0.315810327757358,2.12471550100503,3.62937667851815,-0.356037492326864,0.832909145891003,0.165084783505236,-0.0474294074110339,-0.541437182618109,0.238707165415885,-0.211657844397436,0.205654696322133,-0.143283725672837,-0.0930423699637817,-0.508976311617417,-0.0635018728113502,0.343576717998936,0.0887009475527397,-0.14550104697285,-0.513853276601872,-0.181780252871292,1.01308919760105,0.870219234925463,-0.333305288617718,0.0135113713845535,0.0233575601579491,71.0,0.0
37123.0,-0.753527250080338,0.88849846801362,0.719021106575566,1.4991775665538,-0.249897927872016,0.145341131729188,0.123541579669567,0.573558128566729,-0.0491183546660125,-1.36472302968401,-0.489044936421606,0.583607354150756,0.598975156381021,-1.69311570021399,-0.230681064168401,-0.474487321475164,1.8213165842884,0.176720135251522,0.168958934051024,0.108677245352466,0.168275283033697,0.59060068520305,0.144645334770028,-0.00187279647669839,-0.593882237584695,-0.316765723082179,0.153244379796213,0.160496021600574,85.15,0.0
41870.0,-20.9069081014654,9.84315322329519,-19.947726046163,6.15578864849515,-15.142013159868,-2.239565648142,-21.2344631540976,1.15179506554623,-8.73967037069304,-18.2711681738888,4.67734929657245,-9.58356643737056,1.03516582361622,-8.19969002891841,-0.32651888245129,-8.37643882097816,-18.4854603221489,-7.58997395860914,1.1266403652792,0.396654845079575,-1.97719619445615,0.652931885295435,-0.519776859411322,0.541701730134149,-0.0538607606750096,0.112670774311131,-3.76537100922261,-1.07123831223447,1.0,1.0
47923.0,0.364376991240021,1.44352346510311,-2.2209073739296,2.03698508634993,-1.23705503097364,-1.72816100636381,-2.05858236489925,0.358895084111675,-1.39330570864802,-3.50579032571994,2.81431415481622,-3.34217599575955,-0.150269366634614,-4.82032224395007,1.10260955786246,-3.15703267184314,-4.40585022452865,-2.55882785118576,-0.208809536741974,0.310979602822284,0.402729680639885,-0.132128891527171,-0.0329771760409112,0.460860836846427,0.560403798330262,0.409366102366135,0.539668285308506,0.296918378210685,0.76,1.0
26899.0,-21.8854339051741,12.9305051249875,-24.098871851647,6.20331419234722,-16.4660991227874,-4.45984212550286,-16.519835984614,14.5355647151916,-3.89702188761405,-8.6507583293562,5.3754339072439,-7.56721354069937,0.461807829323489,-7.82789139878016,-0.0228148529460228,-6.57804150255676,-13.0024594617382,-4.88446723880536,1.10435473489394,1.6119982189969,1.76223176917351,-1.57905510076487,-0.951042744820554,0.13456529188962,1.50711039768212,-0.222670856855594,1.52765527810284,0.453698638993223,99.99,1.0
45434.0,-1.14987510429922,0.824840764755113,2.34826042157378,1.08933310396791,-1.09239375674132,0.408256080467335,0.0498746912863499,0.654608711402562,-0.364835103523175,-0.903116196314951,-0.30920792493048,0.514164490053864,0.443000192776539,-2.55808589066691E-4,1.00618997906287,-0.372439361025519,0.434985622271576,-0.189803612288684,0.0167295245020591,0.144374473320556,0.204445479766944,0.457811118325611,0.0719498168555859,0.410984046352863,0.178962227543185,-0.25935372628391,-0.0129421713238023,0.038724691961497,107.02,0.0
74938.0,-0.603274905167358,1.24652328510076,1.2009426403082,-0.10930921949331,0.00271453428465678,-0.665997082860709,0.604217985330493,0.0931657266527668,-0.435724869762688,-0.0320719301403306,1.47400455063425,0.509783372083419,-0.166747268874733,-0.26392705212986,0.23045510527695,0.569364702148962,-0.241149540961443,0.36596779057135,0.170094431585802,0.237504684422492,-0.245649767919762,-0.614725773383769,-0.0133136114730302,0.268783107466966,-0.145532224455196,0.0599603465372228,0.348612114073655,0.146253343064668,6.45,0.0
44390.0,1.26896536982,-0.55491660308307,-0.286250057045198,-1.74054038017918,-0.38807909091712,-0.297219338070365,-0.37104359066321,0.181757765173372,1.41332243645566,-0.837397237689214,0.678929746236391,-0.253644908489019,-2.50321664329526,1.02905682556546,1.64587602971178,-0.19620805651781,-0.283222910184662,0.447451499632071,0.989236428552723,-0.211755107929472,-0.0784608846759906,-0.273311577964446,-0.0845085020825841,-0.843215974027375,0.396241798579169,-0.0211508318476758,-0.00748891025687247,-0.0101819239759064,19.0,0.0
40919.0,-2.74048250153169,3.65809481979987,-4.11063552027473,5.34024166876747,-2.66677476000958,-0.0927818149405728,-4.38869880914515,-0.280132705503576,-2.82189458229917,-4.46628416302479,3.96979981229186,-7.34671678644283,-1.16331176961366,-8.22556891234807,0.82500183194645,-6.77286703365235,-8.81578542555918,-4.56885928410549,1.12659865645629,0.185325269832133,2.41749541196206,-0.0977119508973041,0.382154506973307,-0.154756519767143,-0.40395592644091,0.277894930235294,0.830061638644528,0.218690442242457,112.33,1.0
65936.0,-3.5934760029271,0.78144226309285,-1.82244751422669,0.605760683474701,-1.19465586719981,-0.517194856719497,-1.72252312325165,0.128889523769538,0.0149633080909052,-2.85611682977408,1.61826162043188,-3.58137450130299,0.623706919914784,-6.16045662030601,0.494733399107095,-2.54310504010287,-5.30127339068683,-2.19271270602319,-0.09472379272847,-0.478219313417121,0.351792125839819,0.391248950287018,-0.252874890557857,-0.498042480147132,0.0101721931231225,0.909928721553306,-1.47876724603751,0.722673039450917,101.5,1.0
66365.0,1.19236988171934,0.183565879227811,0.142923733957228,0.458958639907468,-0.0438098763537275,-0.110482510541353,-0.15920834993984,0.151826118685776,-0.0779975421742487,-0.132243257631738,1.4129767043624,0.442293452256319,-0.682275569284608,0.0891590428019417,0.763974322216118,0.518764072567464,-0.0478956863968953,-0.0398091748457298,-0.13764851605007,-0.145571229010888,-0.239671924341002,-0.734219430761438,0.115972202438162,-0.371950553186453,0.127801423553204,0.129895177223974,-0.0165056545540865,0.0120850903259299,1.98,0.0
109844.0,0.236304916840813,0.948340606984458,0.242224216548442,-0.701985948502964,1.24789050869601,-0.664121665789632,1.32113871390679,-0.785933551590759,1.67676456539787,-0.425015346300834,0.354443324607239,-2.03129484689509,2.88514938372686,1.02272343237534,-0.342354772060012,-0.475037802480703,-0.265368723149063,0.306315905698715,-0.609962304976542,0.116142632790874,0.0559504455890036,0.960795264252669,-0.335951175147749,0.651285480553098,0.161850647334189,-0.617224764468586,-0.192195382582807,-0.385945095383312,1.0,0.0
34125.0,-0.796384628951815,-0.331395642083457,0.317831890218549,1.83645485991645,-0.856175642867848,0.0517283666893758,-0.221156387921775,-2.93109306636973,-0.879903367100668,-0.721845267083067,-0.352659771868142,0.612435762235184,0.567674132217573,0.816531432172102,1.28475371811722,-0.0241726694697639,-0.0313858073828776,0.126498262720984,0.085466402062317,1.64974275788513,-0.876836129768446,0.525368222024798,-0.515472754400813,0.444263627916638,0.622700833004241,-0.174397254960216,0.0435348338243207,0.340930471378703,468.07,0.0
48380.0,-2.79077103894771,-1.46426898705405,1.03116500769674,1.9213560843992,-0.0900138203463016,-0.483871347899329,0.780731181206493,-0.348775795673106,0.609133451935087,0.225933803313285,-1.06453419450651,-0.787372737955552,-1.57646958451914,-0.126756361711439,0.367012281940972,-0.635321654596588,0.327006411459276,0.0438160872305435,1.40357376229763,-1.37672077946455,-0.392667221970544,0.440019838749267,0.777659196131864,0.418551935584405,0.244563185949918,-0.159360689127314,0.0605395343366452,0.356958362771354,208.58,1.0
115051.0,2.10328203270597,0.0862711578138688,-2.09386039681612,0.0689616829563362,0.957517583937034,0.00858371054334084,0.0623025059336853,-0.0276626741634256,0.297731723385438,-0.208293060090024,0.25340746867409,0.52476073162335,0.180564894249423,-0.712821575860418,-0.426327419917827,0.799068371081835,-0.137507579409866,0.505859661375262,0.714269707454423,-0.112874727904145,-0.377981365636448,-1.01106785085668,0.205855506640342,-0.505031032618078,-0.155296923758151,0.215361448925312,-0.067458168548261,-0.0507241723086773,0.89,0.0
58642.0,-0.451382569628168,2.22514650025341,-4.95305045271638,4.34222824814605,-3.65619018970243,-0.0201214656089607,-5.40755361778584,-0.748436141338482,-1.36219775131112,-4.17062288702767,3.76230638231684,-4.22622469486547,-2.04669403006077,-4.71049793587464,0.217572360008267,-4.73908378383857,-6.13188675183675,-2.42587063860491,2.31416486951171,0.724381267691587,-0.575924092076688,0.495889440695266,1.15412793921228,-0.0161857864909953,-2.07992826296301,-0.554376906341192,0.455179270612071,0.00132065645985432,113.92,1.0
59011.0,-2.3269223698887,-3.34843873033788,-3.51340796089061,3.17505971028128,-2.81513703435586,-0.203362788049123,-0.892144430418318,0.333225702638422,-0.8020052289805,-4.35068531246963,3.06424584128211,-2.71873063246571,0.0687877027069899,-5.58687312563725,-0.966076477695954,-2.50204941657576,-4.46049463214891,-0.870525745045081,0.595629103995644,3.20917094389277,1.22664839880046,-0.695902072928095,-1.47849021051453,-0.0615525997443275,0.236155012156618,0.531910616094765,0.302324354380578,0.536375347733134,1389.56,1.0
40919.0,-2.74048250153169,3.65809481979987,-4.11063552027473,5.34024166876747,-2.66677476000958,-0.0927818149405728,-4.38869880914515,-0.280132705503576,-2.82189458229917,-4.46628416302479,3.96979981229186,-7.34671678644283,-1.16331176961366,-8.22556891234807,0.82500183194645,-6.77286703365235,-8.81578542555918,-4.56885928410549,1.12659865645629,0.185325269832133,2.41749541196206,-0.0977119508973041,0.382154506973307,-0.154756519767143,-0.40395592644091,0.277894930235294,0.830061638644528,0.218690442242457,112.33,1.0
11629.0,-3.89119195123086,7.09891625215749,-11.4264670967961,8.60755678650129,-2.06570621026229,-2.98528802203595,-8.13858941693861,2.97392807853452,-6.27279046836547,-13.1934150665232,11.6197234753825,-17.6316063138707,-0.355194389515515,-18.8220867423816,-1.2831290856146,-10.0310966568698,-15.2270075099256,-5.32200898058982,-0.501750653452579,1.38261899967275,1.75708522742867,-0.18970915318715,-0.508629244173448,-1.18930816877394,1.18853649934791,0.605241885913626,1.8815287524148,0.875260407222375,1.0,1.0
82011.0,-0.326125448901208,1.60426646785577,0.70183025947409,1.73815866904895,0.639051160182577,-0.615573170416374,0.68277024805817,-0.185203235555954,-0.933761881619674,-0.661167532898844,-0.0235917996646628,-0.323586864556197,0.825814082810991,-1.85221229126865,1.80626695496362,0.0959328011822016,1.5096476884874,1.19259675711293,1.16906861260487,0.227553635039522,0.0652019040105816,0.294964546451115,-0.348105934092827,-0.0886349740936604,-0.0133065361497142,-0.0688524958041857,0.0638623346013838,0.175446675839268,1.0,0.0
66485.0,-1.75320233865883,-0.916360741422859,0.437462432009096,-1.13419431449357,-1.41163997051648,-0.538546265331794,-1.00146555819868,0.881251888441411,-3.14580996475652,1.00412144550526,1.2358087759565,-0.409219927003535,-0.334081713104951,0.858092260744062,0.390891578649899,-0.741868073326289,1.41049091022788,-0.102002384212383,1.02860742578471,-0.394892597255001,-0.351937132864096,-1.07894836550156,0.606284581308644,0.140468403263804,-0.79179160967636,-0.570329408386161,-0.0562640922077723,-0.31009440015648,60.02,0.0
120351.0,-0.888328974881669,-0.607338077051293,-1.74515350967555,-0.022169870243348,1.62574924685741,0.16938828270293,-0.161925879275749,0.84450054223012,0.596593735191606,-1.57593230317934,-0.615681705089505,-0.466023883507821,-1.75608568493236,-0.808036440545034,0.510322106637721,-0.852479088324975,2.26711006753161,-0.759954751506482,-0.826418047088552,0.0592892663661159,0.243589834488812,0.330080442905028,0.670915880222941,-0.519050578886895,-2.24625373512464,-0.310018399555025,0.298417507306148,0.156138074671991,90.12,0.0
55614.0,-7.34795494690262,2.39704134824746,-7.57235581757844,5.17781925521834,-2.85483828261718,-1.79523877381611,-8.78323473517424,0.437156561210431,-3.74059750992972,-8.33286306292127,5.76318940883843,-8.70787929219866,-1.71694948774786,-9.57719439289905,0.146369002626258,-7.58649078643175,-12.5039309695675,-4.37563101237668,2.46519487038601,0.0731637913502985,-0.175273369741836,0.543325051876651,-0.547955067054245,-0.503721690122004,-0.31093277648824,-0.16398601754964,1.19789504657005,0.378186688214491,0.83,1.0
93853.0,-6.18585747765758,7.10298492227346,-13.0304552638937,8.01082339822486,-7.88523736131971,-3.97454999359808,-12.2296077786617,4.9712317023058,-4.24830701294998,-12.9654812039222,8.68830799242781,-17.1829184301947,0.0695769150313325,-14.1161560074304,0.959031717400206,-12.3753337375636,-18.716764511809,-6.52201457322122,3.51795494036344,0.483930108481186,2.50277241039945,0.481691289576756,0.480957977547458,0.360318638811951,-0.293354295977635,-0.199193157971208,-0.203917328209747,0.398927185850218,44.9,1.0
7891.0,-1.58550536691994,3.26158454822833,-4.13742198305023,2.35709625199132,-1.40504331370135,-1.87943719306477,-3.51368687087654,1.51560674568816,-1.20716636120056,-6.23456133227108,5.45074606689486,-7.33371406736393,1.36119332407831,-6.60806825219469,-0.481069424899829,-2.60247787045261,-4.83511205239717,-0.553026089102902,0.351948943356815,0.315957258937511,0.501543149467536,-0.54686881157389,-0.0765836358993043,-0.425550366841581,0.123644186352002,0.321984539336613,0.264028160503965,0.132816719764592,1.0,1.0
28726.0,-29.8763655139763,16.4345245512223,-30.5586968214292,6.50586178736296,-21.6656542956569,-4.94035632949796,-20.0813910746494,19.5877726234404,-3.59149104711596,-7.80059820772759,3.94783971729026,-5.4879114860488,1.36994034924206,-4.82955244300835,-0.134412095441135,-5.12116240451142,-11.1181904509172,-4.65995586983801,0.608930080519071,1.72477883837961,1.81295397464878,-2.23225158753151,-1.41280344282556,0.178731069561437,2.15604185816706,-0.20938462411377,1.25564890085966,0.364530452975509,99.99,1.0
84204.0,-0.937843305478391,3.46288948991687,-6.44510395393435,4.9321986662268,-2.23398306982245,-2.29156112129773,-5.69559392853253,1.33882463362261,-4.32237655329329,-8.0991193981365,7.18296700883659,-9.44594338249901,-0.314619967520224,-12.9914655817567,-0.136358931959623,-6.36752437517144,-12.7343938853776,-3.84512965889743,1.00766725992114,1.12953228130351,1.06655024941577,-0.521657289347299,-0.319917292909547,-0.405859088093617,0.906802159957716,1.16578389011737,1.37449533233535,0.729889341911333,0.0,1.0
118884.0,1.0417610049048,-2.1502930404151,-1.14438660850393,0.316097573231999,-0.875445904121764,0.482014792710597,-0.181723899517914,0.0956862327537082,1.29187718134057,-0.262690923732937,0.251707910966941,0.741217931754995,-0.258953370528679,0.142709295218595,-0.00629598096433984,0.53496454321435,-0.851071159549848,0.954116345884901,0.190326424596206,0.818717908469363,0.488414357986654,0.45141554213424,-0.323341371429206,0.334980347404301,-0.318097562595205,0.0484406478380635,-0.0891806203676205,0.0351027772916946,500.0,0.0
93860.0,-10.8502815883108,6.72746568826853,-16.760583409542,8.42583167857118,-10.2526968683093,-4.19217104406337,-14.0770860104531,7.16828793346092,-3.68324217370244,-15.2399619587112,8.03070840755191,-16.0603057628826,0.270529742348469,-14.9529810390579,-0.241094883743813,-11.866730636746,-15.4869899240937,-5.74865155747378,4.1300314273319,-0.646818272966729,2.5416369467068,0.135534921100722,-1.02396689219897,0.40626452579196,0.106592778669641,-0.0262323892202069,-1.46463002356247,-0.411681819907858,78.0,1.0
31897.0,1.28949139648065,-0.498421407983543,0.161498342672787,-0.701686099097562,-0.893858473539925,-1.09893120294305,-0.210961557940707,-0.187588998944114,-1.29448712763344,0.793583837053429,1.67620707515088,0.0431642515148936,-0.379834885087461,0.359250466251622,-0.155319676788654,1.09311713639032,0.213038066463353,-1.43429481571808,0.997642255350511,0.130572316246958,-0.11738285444974,-0.62995827676883,0.108638745769862,0.495688900561896,0.260856279936987,-0.562899949800615,-0.0303624861745332,0.0127554418301218,55.0,0.0
29785.0,0.92376442016477,0.34404807190464,-2.88000365579163,1.72168007534123,-3.01956477860235,-0.639736122583852,-3.8013245024591,1.29909588513018,0.864065471140902,-2.89525166830126,3.02816223099618,-2.54917730779636,-1.56043182473423,-2.97131675769274,1.07889539651163,-4.70201182527384,-4.90809850732764,-1.5088732903485,3.0016850593747,0.170871765618069,0.8999311755668,1.48127100376248,0.725265549161058,0.176959582872624,-1.81563797523647,-0.536517111308732,0.489035020411905,-0.0497285787992942,30.3,1.0
66037.0,0.286302363835244,1.39934474808556,-1.68250270884931,3.86437703955242,-1.18537340204974,-0.341732013808781,-2.53938012266357,0.768378375007388,-1.54788162780199,-2.65971794652165,2.6215881261205,-3.46236188507757,-1.05430017332918,-4.95582330430277,-1.40027445820489,-2.33994291742419,-5.19779447735003,-1.34281449785555,0.288846910516582,0.270360155086889,0.352456413618901,-0.243677652080658,-0.194078546536702,-0.172201087463232,0.742237197555102,0.127789797006944,0.569730790365159,0.291205858831994,7.53,1.0
41147.0,-5.31417320646342,4.14594361146639,-8.53252245892907,8.34439167363678,-5.71800820787464,-3.04353608094129,-10.9891846672722,3.40412865609659,-6.16723364181153,-11.435623996076,7.67453383416429,-14.2960914258331,0.526938923712363,-15.4450258118019,0.991651201275811,-12.3913460034009,-22.5416517287861,-7.98672065349455,2.99255446334225,1.15001731865814,2.33146580801509,0.862996305559532,-0.614453237551036,0.523647877136623,-0.712593271662611,0.324637964828057,2.24509146635599,0.497320848969724,88.23,1.0
63578.0,-0.639191253440691,-0.0855947885921835,1.26545195854416,1.40116573166082,-0.260542078671007,1.00979457835355,1.30199897093176,-0.135257522932592,-0.431520921685507,-0.0913533730643921,-0.921051995675577,-0.61381552858098,0.198913055533638,0.0160870050482155,2.20626377523102,-0.527140627794259,-0.0572786796405291,0.448655661077036,1.16443546519237,0.861306751100051,0.340330752683629,0.76016976216338,0.353376975218638,-0.778892742566353,-0.0706811598435952,-0.0333546437243291,-0.0619624216383359,-0.0626865318467909,290.18,1.0
58391.0,1.01979597966951,-2.08125048283138,1.33514896524846,-0.70833811390062,-2.47075412244526,0.356973610258595,-1.5618624798732,0.22852340272955,-0.72340179171905,1.10417005888393,0.427649488383787,0.543323356368803,0.160728557783142,-1.2691578019554,-2.88235928170427,-1.16369757607752,1.23709504880546,-0.046790598438634,0.72530981415934,-0.0132255056299103,-0.295400558533887,-0.436909193161488,-0.0809795615636052,0.552533153175084,0.243769865009126,-0.2594956042649,0.0612636360848181,0.0513148009273398,187.5,0.0
26833.0,-20.5327510764355,12.3739891389716,-23.0090029136283,6.14482097803751,-15.5872960035928,-4.38449066917613,-15.9390026942523,13.696416119399,-3.94845491908543,-8.78972336330438,5.61234710799626,-7.91442236630349,0.307819968365149,-8.32860088836825,-0.00697929458963793,-6.82452417207669,-13.3160791903173,-4.9216120866876,1.18820420779718,1.59275393136331,1.75460760918813,-1.46611525253641,-0.85677863566488,0.125776576475404,1.40258698975375,-0.223754856770293,1.57424873519633,0.469200693158523,99.99,1.0
60022.0,-1.50945618981797,-1.02614858341562,1.63606563712055,-1.53202213781057,-1.5520923029617,0.373172578605281,0.621948049694345,-0.114328530905899,-0.470175338933969,-0.181399756419729,-0.529693349149143,-0.631133238869361,0.337589157535245,-1.00015547993696,-0.116419388354758,1.28640295881552,0.130663139153108,-1.43233142456953,-0.661856243540852,-0.412269399009325,0.309385781992685,1.36626672128003,0.174911943957224,0.155541634704177,-0.12506648453958,-0.251972748243157,0.185561943479257,0.0497983062827967,304.55,0.0
43028.0,-1.10964552515211,0.811069300236989,-1.13813532731484,0.935264670223385,-2.33024787785051,-0.11610605479739,-1.62198623466478,0.458027900124116,-0.912189159098001,-2.96199570179906,2.77896789639267,-2.37959961108923,0.918962784041379,-4.01578678027745,-0.530009790602772,-2.81588776765893,-6.6493577879714,-1.74611328389964,1.08340676372199,0.168890572541282,0.641593528333926,0.841754904759402,0.176727750810022,0.0810041184974676,-0.258898742565752,0.707654245320429,0.418648658517389,0.0807557537005394,204.27,1.0
106421.0,-0.506541743844719,0.6675973066763,2.35411040741646,-0.0826837213292166,-0.0907443731032455,-0.395798397591861,0.429905936338125,-0.166491759041639,1.81250466595903,-1.08589304127881,-0.0718036423464904,-3.66090052919544,-0.32533326106792,1.64662654242567,0.817845052719883,-0.183200223629832,0.413807125087037,0.764707675396951,0.549305642592148,-0.0475081977704723,-0.32654396361297,-0.595883036449099,-0.258603455075903,-0.112613089374595,0.199963203893958,-0.724088455756056,-0.0958424211322552,-0.149270659422711,11.27,0.0
85413.0,-0.732291084270787,0.428799558443957,1.3523016852283,1.96816218884941,0.0427048123896231,-0.187738859547634,0.372123469809229,0.0659346535650124,-0.172563692893708,0.250372046026434,-0.244110717778439,0.134333702299623,-0.358679888046893,0.0473027542268088,0.692953607019809,-1.49088917108433,0.98536479678192,-0.694962466766063,1.24279893379433,0.130812260258435,-0.0627001273362821,0.248215069533092,0.277901891495077,0.415807965475166,0.128268140515827,-0.0994480201449408,0.253579710196409,0.0660616915758336,42.46,0.0
34521.0,1.08123377540659,0.416413936043849,0.862918740651629,2.52086280678918,-0.00502050005851413,0.563341022808024,-0.123372251574041,0.223121852791809,-0.673597550149872,0.644549730341658,1.1205051770709,1.23777331256672,0.342362114422749,0.0383719793321978,-1.19450308848281,0.0854063439558358,-0.219143226460215,-0.694259215394403,-0.655269928208246,-0.16524877677618,-0.159387123973102,-0.305154013019185,0.0536197364326817,0.0117614442207135,0.375145782072105,-0.106298753298543,0.0210082653765087,0.0105592082435436,1.52,1.0
93965.0,-11.3977267217611,7.76395304621262,-18.572307456296,6.71185525207739,-10.1742155991554,-4.39591833120843,-15.8937882429266,2.08301258152135,-4.9888371802491,-15.3460988468775,7.09318207259894,-14.9797547574476,-0.148288045224015,-9.93567958156078,-1.16199939019334,-11.6468338293624,-18.3838524599849,-7.40273080415809,1.94169681013401,0.208879130047717,0.339007373241803,1.34292261443867,0.239217367154604,0.534644166424257,-0.174964905765612,-0.500240426616998,-1.72206026726614,-0.574339363297002,11.4,1.0
27252.0,-25.9424344479142,14.6019980426299,-27.3686502881266,6.37839460769688,-19.1040334039646,-4.68480620428185,-18.2613929340355,17.0525663121462,-3.74260500983864,-8.233721369876,4.6648362538527,-6.52566786025865,0.92375858946558,-6.32597461208273,-0.0702237027595964,-5.83836021908828,-12.0616957125199,-4.77334851403019,0.852969608454831,1.66730429040185,1.78431598423494,-1.91775921336107,-1.23578743924962,0.161104731783341,1.82037804128869,-0.2193590586868,1.38878576213598,0.406809649908512,99.99,1.0
65203.0,0.0880963310506784,-3.47442621940904,0.383326750153796,-0.665527310328221,-2.56284223094616,0.281355965999183,-0.68974735433561,-0.0758552396490679,-1.3077290582992,0.935892435133308,-0.476850633035883,-0.390112392675772,1.12048366416729,-0.778833042231663,0.492148152077036,-0.54498053850687,0.839273774882902,-0.0492607950832146,-0.884556542773064,1.07735320376256,0.398172908199054,0.178292768365699,-0.607427282651755,0.144338326137694,0.0359381048227254,-0.0909253496373044,-0.0352645428229586,0.148624482920327,702.68,0.0
78725.0,-4.31247908052279,1.88647569827836,-2.33863356144698,-0.475242891532036,-1.18544386151204,-2.1120788975769,-2.12279296550593,0.272565132222544,0.290273064048255,-3.8337413849476,2.50978140392157,-3.61123136485112,-1.02429952994167,-5.29192495475268,1.6498073488757,-3.26265841898301,-4.33311795972043,-1.86304896791862,-0.00953360656837195,-0.718705614884897,0.550540662080627,-0.0678702198276179,-1.11469186343039,0.269069433187685,-0.0205724593187757,-0.963488862263668,-0.918888353795928,0.00145356217673386,60.0,1.0
62467.0,-5.34466537543542,-0.285760408166142,-3.83561578178611,5.33704802681048,-7.60990870021268,3.8746680317393,1.28962992438915,0.201741916806601,-3.00353243733788,-3.9905513318108,4.98601380361468,-6.11638322304304,0.0423244061770454,-6.04339314434942,1.82140103177852,-4.7454624675489,-10.0756455907271,-3.6045960155148,1.43529381015392,-1.56216235780532,0.276010822180054,1.34204455689584,-1.01657869464831,-0.0713612973880671,-0.335869334726878,0.441044176004645,1.52061262049821,-1.11593680318009,1402.16,1.0
67719.0,1.12393056121955,0.138090756002132,0.28370444648148,1.20532078590964,0.0908885181737051,0.344998915426196,-0.00384422417262055,0.13063415039508,3.20345576357444E-4,0.0293954293956877,0.927214843296808,1.29329336100389,0.187759851517882,0.17667882869187,-0.806750416650078,-0.445596385750489,-0.125910391297948,-0.415594963188034,0.0397803369784447,-0.123996702529016,-0.0610702597375106,0.0179286046001445,-0.128864517747622,-0.27744746048682,0.684541499376521,-0.312229768266126,0.0357926304080412,0.00519250859457545,19.43,0.0
47923.0,0.364376991240021,1.44352346510311,-2.2209073739296,2.03698508634993,-1.23705503097364,-1.72816100636381,-2.05858236489925,0.358895084111675,-1.39330570864802,-3.50579032571994,2.81431415481622,-3.34217599575955,-0.150269366634614,-4.82032224395007,1.10260955786246,-3.15703267184314,-4.40585022452865,-2.55882785118576,-0.208809536741974,0.310979602822284,0.402729680639885,-0.132128891527171,-0.0329771760409112,0.460860836846427,0.560403798330262,0.409366102366135,0.539668285308506,0.296918378210685,0.76,1.0
41607.0,-18.2475132286673,8.71325017095966,-17.8801268207974,9.24945923683651,-14.5412125237225,-1.91156359308197,-18.0146601306809,5.52216218981207,-9.28392451240577,-14.5571590528859,4.39243558567834,-10.3800731219167,1.61182090128819,-6.91763950579126,0.158841037400664,-10.3282423879882,-20.2545556896053,-8.53452256380618,3.25653448060821,-0.526368288315335,0.598842606268504,0.615318868165234,-0.486498927270445,0.739268468431111,-0.236844752247958,-0.0460816699541002,-3.01147328474912,-1.02214746628442,53.95,1.0
8614.0,-2.16992897559082,3.6396539992044,-4.50849778617728,2.73066814884895,-2.12269287053048,-2.34101682766366,-4.23525308290613,1.70353765763508,-1.30527913344307,-6.7167200227127,6.35361231915591,-8.60164826276464,0.449930038237225,-7.50616937408145,-0.438081781812467,-3.69451599830956,-6.30475338603049,-1.26758712788115,0.357987030484253,0.5007790539507,0.645103275621378,-0.503529448911197,-5.22821818299227E-4,0.0716957787676742,0.0920074334247208,0.308497931577036,0.552590914653841,0.298954478709399,1.0,1.0
42137.0,1.15410420405426,0.103748261222035,1.41912173412975,1.3347316983302,-1.04530681547347,-0.475116610564638,-0.48746869493765,3.87116188248731E-4,0.617578560304086,-0.169351435492476,-0.231471882006382,0.926318953169086,0.835863803783784,-0.384152951565264,0.51071743860221,0.13785020800402,-0.332309606855341,-0.134037274378969,-0.490719508250182,-0.101388821299462,0.0204599386632006,0.261875030537357,0.0318797373320902,0.727676182735891,0.376055574033155,-0.421992361982272,0.0762438263965741,0.042756895471513,1.18,0.0
33453.0,-0.444144290305138,0.429527283735297,1.72307973232655,0.165355276529373,-0.300814955772329,0.203441537027238,0.445887378777476,0.301776273053085,-0.163231055149173,-0.526844173701528,1.11808126573777,0.453966042862767,-1.2814830769633,0.220566759376735,-0.695370636800455,-0.371156826071449,0.168956318653749,-0.431141682317834,0.210850502619272,-0.0511050030042527,-0.117125110833004,-0.351449938076752,0.108891387396287,0.211137375920171,-0.244465225405025,0.14194942325069,-0.00114922280664885,0.0123147914740131,55.95,0.0
79429.0,1.00799603843041,0.128931619367704,0.411964821755416,0.989933079529964,0.328113304889604,0.949795809919809,-0.155394424663403,0.343526031539039,-0.0584095380611402,-0.2001597179445,0.922610228794636,0.912914811060095,0.353708099298647,0.385216684688954,1.99324841623896,-1.27401107843428,0.840097983104849,-2.16582150187689,-2.10156742588936,-0.23776143327625,0.223975903339892,0.849146375607798,0.0409167874353919,-0.618386594634571,0.332996505425207,-0.190556132786561,0.0925489088902047,0.0132304390166624,14.9,0.0
83934.0,-0.433222446537596,2.42837911824053,-3.99645439738162,4.87129854095106,-1.7963078560437,-0.586867589935922,-4.65454261848565,1.28522967071729,-2.74353881589949,-5.63894131284807,4.3437434980468,-6.65573446968769,-0.293108662762872,-9.50514082568186,-1.39614905931922,-4.85032315924603,-10.0062528282393,-2.78959811229388,0.98258385892977,0.745029329890697,0.713558821786954,-0.408953595906886,-0.320889532152165,-0.804230275167984,0.962851575679124,0.199558010666927,1.09453318209808,0.541147567735467,1.0,1.0
25468.0,1.10826758591265,0.575114565704089,0.168782646781157,2.38181771376515,0.278054049920105,-0.174329454340501,0.355225555195448,0.0282871354690878,-1.22554742139177,0.877582378237152,1.44713238734027,0.340979901964601,-0.888578575482001,0.900940149709951,-0.177416471532534,0.208734976866497,-0.334493980552006,-0.431273797494161,-1.03082524394778,-0.217217444480265,0.0757000226641879,0.136880321099388,-0.0625572269328431,0.216621894209507,0.57214663419375,0.0690967614426008,-0.0334858632300572,-0.00108099368692096,13.54,0.0
77503.0,1.11909537278667,0.128306093305793,0.506477199108981,1.32908341391475,-0.254731404187133,-1.61141266834647E-4,-0.0892909728672635,0.161853705082968,0.132951442521524,0.0692384834637619,1.21576636357088,0.883091519881717,-1.0109402527335,0.424254131726735,-0.727814854126997,-0.55205401504534,0.130624140008158,-0.458423038842953,-0.148182538692249,-0.247921962656576,-0.0491731757846214,0.0360303091122071,-0.0350994894252132,0.211132327314037,0.582224994454208,-0.339072972339683,0.0326730841633345,0.00506181868044651,2.0,0.0
102572.0,-28.7092292541793,22.0577289904909,-27.8558111336212,11.8450129100508,-18.9838125824286,6.47411462748849,-43.5572415712451,-41.0442609210741,-13.3201546920984,-24.5882624372475,3.48195180343701,-9.12834128617468,-3.00825547830858,0.796579962453559,-2.1022985205307,-5.66036644069929,-13.0327849564566,-5.39234917412895,-0.901040817847599,11.0590042933942,-22.7976039055519,8.31627543891357,5.46622995370963,0.0238542303884927,-1.52714472319428,-0.145225187134896,-5.68233823990698,-0.439133675051458,0.01,1.0
62641.0,-0.412845765929259,1.01867572497163,1.31010119681858,-0.0406650597071128,0.101280822882256,-0.690587050395141,0.56273196104231,0.0927664400545011,-0.610622555960771,-0.331114451859355,1.43892954363254,0.468995914340921,-0.233876976611505,-0.177540582496038,0.224565015723179,0.591208271446589,-0.226982849089506,0.391631633478182,0.20144265979471,0.118568039958621,-0.211904938295548,-0.60164515193898,-0.0163284877845747,0.270567769906574,-0.197678906809665,0.0554814154976178,0.23857565201399,0.0883400404882861,3.27,0.0
84204.0,-0.937843305478391,3.46288948991687,-6.44510395393435,4.9321986662268,-2.23398306982245,-2.29156112129773,-5.69559392853253,1.33882463362261,-4.32237655329329,-8.0991193981365,7.18296700883659,-9.44594338249901,-0.314619967520224,-12.9914655817567,-0.136358931959623,-6.36752437517144,-12.7343938853776,-3.84512965889743,1.00766725992114,1.12953228130351,1.06655024941577,-0.521657289347299,-0.319917292909547,-0.405859088093617,0.906802159957716,1.16578389011737,1.37449533233535,0.729889341911333,0.0,1.0
110617.0,-1.10103546371767,-1.67492805871463,-0.573388195590639,5.6175556662941,0.765556412634615,0.440607080848915,1.93474047501363,-1.01978754945585,-0.19324423129657,1.7837390603636,0.606910821999133,-2.85427542751023,2.37947304553589,1.26814661675691,-0.28361908940932,-0.482192055998123,0.8110054093379,-0.357910684579857,0.752760921550722,-0.0383141473363703,-0.412525822025647,-0.208823118913215,0.344832725150856,1.09143473162108,-0.686512742633337,0.0758089204336296,0.0338647378770195,-0.83285502022751,635.1,1.0
28658.0,-28.5242675938406,15.8769229879536,-29.4687320925264,6.44759140152748,-20.7860000418837,-4.86561341755669,-19.5010840750712,18.7488719520883,-3.64298981925263,-7.93964241937325,4.18467368942509,-5.83507521523889,1.21595964527928,-5.33014378246253,-0.118631138153322,-5.36777527618834,-11.4317569116986,-4.69692444373293,0.69268841200477,1.7068890619925,1.80576978392608,-2.11937616760819,-1.31744962200248,0.169845630469178,2.05168733506275,-0.210502000459411,1.30173396497076,0.380246181418509,99.99,1.0
41243.0,1.26346015366783,-0.0242011306727059,-1.11667613404289,-0.0319400259987534,2.08163960238029,3.43272814536563,-0.540777396314845,0.820894808820905,0.00730843352805574,0.0590997396782662,-0.216046608924039,0.0126779435735228,0.0263311440121533,0.400083397987935,1.1915686772822,0.471917559967944,-0.979574382506973,0.525615018310434,-0.120428904888864,0.0120461678023386,0.11911409050254,0.243531502448452,-0.206283607919145,1.02415486767189,0.876836424142589,-0.194398076838583,0.0261586495986091,0.0178717239585763,16.54,0.0
55279.0,-5.75385192191905,0.577609830544052,-6.31278151817008,5.15940136394611,-1.69831984974091,-2.68328644007023,-7.93438913772177,2.37354992013064,-3.07307886895315,-7.14513662527302,6.25006758982915,-9.15082268467043,-1.37614146959781,-9.98258470738767,1.2022169675584,-7.56504249195105,-13.691474448179,-4.36686728138342,2.18142273556017,0.0175000205275833,1.17785240817647,0.175331359039045,-1.21112332108691,-0.446891081681294,-0.405520352964176,-0.165797490498776,1.50551591304239,0.359492050360598,1.0,1.0
35866.0,-2.04448868873478,3.36830621710984,-3.93711139061868,5.62311973109633,-3.0792320390481,-1.25347411822809,-5.77887959312275,1.70742815771205,-4.46710312294842,-6.0677981503786,3.83978771072745,-8.27784094846266,1.49391490811495,-8.41668121212274,0.792297928201949,-7.86265882647354,-14.5708366290177,-5.18538553288232,2.41438956859515,1.11202761894884,1.48359421639379,0.834310712862216,-0.148485620188757,0.00166885452328186,-0.0389957310939217,0.389526401954901,1.30023645611458,0.549940374167289,7.61,1.0
41870.0,-20.9069081014654,9.84315322329519,-19.947726046163,6.15578864849515,-15.142013159868,-2.239565648142,-21.2344631540976,1.15179506554623,-8.73967037069304,-18.2711681738888,4.67734929657245,-9.58356643737056,1.03516582361622,-8.19969002891841,-0.32651888245129,-8.37643882097816,-18.4854603221489,-7.58997395860914,1.1266403652792,0.396654845079575,-1.97719619445615,0.652931885295435,-0.519776859411322,0.541701730134149,-0.0538607606750096,0.112670774311131,-3.76537100922261,-1.07123831223447,1.0,1.0
68207.0,-13.1926709562391,12.785970638298,-9.90665002092758,3.32033688288942,-4.80117593230105,5.76005855618556,-18.7508891580107,-37.3534426378925,-0.391539743919107,-5.05250236713858,4.40680552357904,-4.61075647740608,-1.90948796970811,-9.07271093398351,-0.226074450896345,-6.21155748212485,-6.24814535335983,-3.14924669470095,0.0515761185277783,-3.49304991519446,27.2028391573154,-8.88701714094871,5.30360690376998,-0.639434802306313,0.263203123457008,-0.108876929971315,1.26956635541013,0.939407362758877,1.0,1.0
71834.0,-0.886345794514029,1.09811789818698,1.31206281677427,-0.313555376954045,0.369178761484614,0.0920999221103514,0.525771094015381,0.0963966195021834,-0.503283945577438,0.13312311582465,1.33989884181731,0.883367248177804,0.503338819829809,0.134299010112671,0.396256765611324,0.142600364626161,-0.537689188777767,-0.285344478967186,0.0843550081484474,0.029892043178613,-0.127373422410786,-0.3780067763851,0.0311211309325787,-0.315426927066339,-0.253188847298364,0.06778615184414,-0.104150153856511,0.0830980081233541,2.68,0.0
37232.0,-0.501446754575817,0.712650508622784,1.16911628700661,-1.22525349829422,0.971811677690749,-0.819340906040627,1.35777455210004,-0.444223132678444,-0.575279726993463,-0.664729382328187,-0.919955931508363,0.0387417814942944,0.836863340690203,-0.12947996016032,0.212334794055951,0.393466394361818,-0.903002062720915,-0.756723280546489,0.0561496687607015,0.137069800519576,-0.435153225332167,-1.24306896191691,-0.0824683008786415,-0.426979635078511,-0.134261538414601,0.490712364274703,-0.206172925010965,-0.13814277823533,25.45,0.0
21419.0,-0.580095954979127,0.238576219375973,2.68876538732243,1.73978889946717,0.049079908168532,1.30278313542476,0.29223813958668,-0.0869014745791023,1.94429000699225,-0.269828880314699,1.63541847342056,-1.39969629937358,1.23691031410574,0.41834609047734,-2.74390379935962,-1.61756638480668,1.40136911184436,-0.341074242170258,1.4044120622817,0.0203357504777291,-0.508286666648229,-0.404467355847903,-0.0948854737650674,-0.0181842316862283,-0.508967502755377,-0.559648987756553,-0.186688680713506,-0.341932370707664,71.4,0.0
47923.0,0.364376991240021,1.44352346510311,-2.2209073739296,2.03698508634993,-1.23705503097364,-1.72816100636381,-2.05858236489925,0.358895084111675,-1.39330570864802,-3.50579032571994,2.81431415481622,-3.34217599575955,-0.150269366634614,-4.82032224395007,1.10260955786246,-3.15703267184314,-4.40585022452865,-2.55882785118576,-0.208809536741974,0.310979602822284,0.402729680639885,-0.132128891527171,-0.0329771760409112,0.460860836846427,0.560403798330262,0.409366102366135,0.539668285308506,0.296918378210685,0.76,1.0
11629.0,-3.89119195123086,7.09891625215749,-11.4264670967961,8.60755678650129,-2.06570621026229,-2.98528802203595,-8.13858941693861,2.97392807853452,-6.27279046836547,-13.1934150665232,11.6197234753825,-17.6316063138707,-0.355194389515515,-18.8220867423816,-1.2831290856146,-10.0310966568698,-15.2270075099256,-5.32200898058982,-0.501750653452579,1.38261899967275,1.75708522742867,-0.18970915318715,-0.508629244173448,-1.18930816877394,1.18853649934791,0.605241885913626,1.8815287524148,0.875260407222375,1.0,1.0
61369.0,0.929268200240629,-1.03473725382246,0.488414002499484,0.108486446805113,-0.801020604271632,0.678226486629831,-0.627603654400158,0.28865630278925,1.45100907093388,-0.530375942086118,-1.69342851074591,-0.361996095490264,-1.15450127151953,-0.289608793751091,0.186001615376134,-0.0373145442394598,0.137736216583124,-0.566944648217162,0.443884622324968,0.163883956510401,-0.190567631784588,-0.67431985036874,-0.140016405404849,-0.887910062774998,0.0942916665466736,1.02220174055149,-0.0572485590843053,0.0256808817709803,168.31,0.0
97121.0,-17.9762660516057,12.864988563015,-19.5750661905691,11.3451198184298,-13.9986456031027,-0.35489996091484,-23.7834698823143,-4.87235340557097,-8.50428479375643,-16.6011969664137,5.56925817499418,-13.9322487527403,-0.204854827407058,-7.58102324741972,-1.01361239001659,-9.01481328062598,-16.0920320589503,-6.05014766257303,1.66102935873752,2.41992113013135,-4.30043186631826,2.8657718597682,1.48930201538756,0.386039288843108,-0.232391836340479,0.413826703027495,-3.25598090607432,-0.538963227046118,8.64,1.0
59669.0,0.326006629816884,1.28663756547088,-2.00718128715265,2.41967479633278,-1.53290169734535,-1.43280331503216,-2.45952963994058,0.617737791926574,-1.12586103037287,-3.23678401592309,3.5617949640183,-3.91467935228848,-2.12495645598654,-4.45889502952153,0.578201875425492,-2.3433041192933,-5.07145010804216,-0.749172320846648,0.22842274838649,0.222666683155765,0.556894674408544,0.169775528574355,-0.174357059251063,0.308061323046213,0.710996128051644,-0.23102981819073,0.580495233837149,0.30098403791885,6.27,1.0
51883.0,-0.627081977054531,-0.416874835544545,2.25614110718899,-1.93950449800553,-0.208386326271826,0.192200101188252,-0.271106458291561,0.121766724202605,-1.05791121588986,0.235441138081849,1.12904011937819,-0.407437844853053,0.0140957731621145,-0.559583081954944,0.0946616086374908,1.5519394141393,-0.377579321875543,-0.602521739659558,-0.25557584599595,0.240432302945278,0.50286668608931,1.38728920847256,-0.260167762378022,-0.271080581795355,-3.16775056707685E-4,-0.197098785976517,-0.0658460505506037,-0.124521681054844,33.0,0.0
908.0,1.16178929710163,-0.31788333248525,0.742029928528298,0.43275412641237,-0.29268824411123,1.15422532351944,-0.820857393541089,0.431601086641813,0.751147040389159,-0.116457403477458,0.139246506212655,0.814614733049926,0.115251435976065,-0.244027604640797,-0.159853572136978,0.409062226402515,-0.56849864378164,0.195982188860698,0.327844116434342,-0.0694142303186097,-0.0845217595174952,-0.0639241187222789,-0.102929426808316,-1.11340310469049,0.302930049136913,0.400860817703593,0.0263928120906269,0.00312339429367655,16.99,0.0
44393.0,-4.61746102917986,3.66339525318756,-5.29744641020372,3.88095965427288,-3.26355091342907,-0.918546733700683,-5.7152620778107,0.831039550183167,-2.45703377841015,-5.72681709632961,3.52572598717089,-6.48911156043177,-1.01279063167124,-7.05231095228929,0.78444540329242,-6.77397674966222,-8.58807007314333,-4.51089174541971,1.14787783834912,-0.34645583270524,2.69817489528664,-0.0270808907137453,0.366775230313112,-0.123011441662663,-0.300456526768528,-0.239996239629945,-0.183463054061235,-0.0733597031884566,1.0,1.0
34365.0,-1.21219452821826,1.17114599222514,2.35249760562678,1.42225301983217,0.729226705240496,-0.336550946550738,0.748441328421334,0.0401971676139855,-1.43867659195277,-0.0292130233001024,-0.0669634996480941,0.174680098403454,0.486026724903624,0.0258734951791267,0.164956391467228,0.500816169402121,-0.509703056175757,-1.02751383912601,-1.88148895405417,-0.208832227499709,-0.142706923502032,-0.546057149079565,-0.158168797425174,0.37110476761045,0.14039290811384,-0.353068016688009,-0.0546288773820341,0.0495527471165479,11.05,0.0
20011.0,-14.7246270119253,7.87515679273047,-21.8723173644566,11.9061699078901,-8.34873369160876,-2.26284641969245,-15.8334427819606,0.0778736741759969,-6.35683349086288,-13.2616517082667,10.0637897462894,-14.3947668016721,0.654888723464231,-14.2483158270781,-0.305360761401071,-8.16163244506225,-12.2809648581754,-4.81858639342974,0.719787682108791,0.996468755724792,-2.36234492751884,1.09955729576975,1.03719942301307,-1.03635934178889,-0.254776514154375,0.642343201018144,2.16112922373151,-1.40128201963858,1.0,1.0
71051.0,0.8091993250659,-1.44229400429821,-0.126420473205498,-0.277393834543585,-1.31351221773985,-0.786853171669713,-0.0186027266580792,-0.179505873982892,-0.954540243628076,0.691492007743491,0.977547973987421,0.206358201455258,-0.912913469708332,0.489687404908305,-0.615627779825301,-1.57781068675979,0.203210568646846,1.20164610763381,-0.333281491962407,0.00733268956502388,-0.226663486300383,-0.763784444970341,-0.226139053674324,0.569614503977118,0.240080436605949,1.03562126640488,-0.131401930845433,0.036209522402249,285.48,0.0
7551.0,0.316459000444982,3.80907594667829,-5.61515901119457,6.04744510216478,1.55402595692572,-2.6513531120137,-0.746579273100222,0.0555863112529252,-2.6786785422399,-4.95949291161496,6.43905335158373,-7.52011739288703,0.38635166741077,-9.25230724747513,-1.36518841502051,-0.502362190618164,0.784426598154274,1.49430460743838,-1.80801215867357,0.388307428238927,0.208828369001674,-0.511746619200722,-0.583813220813723,-0.219845029091423,1.47475258440688,0.491191925656006,0.518868284577287,0.40252806767232,1.0,1.0
48380.0,-2.79077103894771,-1.46426898705405,1.03116500769674,1.9213560843992,-0.0900138203463016,-0.483871347899329,0.780731181206493,-0.348775795673106,0.609133451935087,0.225933803313285,-1.06453419450651,-0.787372737955552,-1.57646958451914,-0.126756361711439,0.367012281940972,-0.635321654596588,0.327006411459276,0.0438160872305435,1.40357376229763,-1.37672077946455,-0.392667221970544,0.440019838749267,0.777659196131864,0.418551935584405,0.244563185949918,-0.159360689127314,0.0605395343366452,0.356958362771354,208.58,1.0
62652.0,-0.781635880864613,0.759226343473487,-0.319500064414693,-2.48295981540003,2.15121001858311,3.13233681644288,-0.0565849936291116,0.97274240653085,0.356773055696383,0.0158114314013802,-0.188214100423967,-0.172651542113481,-0.0628822435011947,-0.0786916974091018,0.738675150623102,0.938851636391675,-1.21056440143028,0.0417982618790541,-0.448204371081787,0.379044378284072,-0.22384181787878,-0.610046028487632,-0.0417441284863228,1.02445222018777,0.00715139711519386,0.747981702896001,0.393802266150039,0.186233545024453,9.99,0.0
46149.0,-1.34650881762975,2.13243062687771,-1.85435531823997,2.11699770636107,-1.07037837875552,-1.09267135682306,-2.23098606430574,1.03642490791919,-1.89551573571367,-3.36401057980002,2.88704787664695,-3.78445965821089,-1.28890425847532,-3.98562600822203,0.531838297985603,-2.60370264991872,-5.15759639749234,-0.696010004579956,1.28596139472532,0.221918669151309,0.609508181503446,0.202874284952422,-0.0607913872259794,-0.186733353366053,-0.0174012274970924,-0.283751034119116,0.395451049081013,0.233138575967241,1.0,1.0
62707.0,-0.47121395277209,0.923642733657328,1.35210864405717,-0.0352353865464187,0.12062554235805,-0.352669417464734,0.444859299728908,0.258277543254076,-0.521052757895549,-0.355478234313597,1.72262892974102,0.242968049499661,-1.00172755272996,0.00486036666975997,0.539584497197934,0.272402262906324,0.166734903302557,-0.0367349977082482,-0.229832045406732,0.0358592665051625,-0.178607434851934,-0.507667224276179,0.0487323167602162,0.145768459585333,-0.321783497256051,0.0747888077381823,0.2504514146248,0.0855109871926392,4.07,0.0
51112.0,-9.84877583247984,7.36554648639464,-12.8985382309124,4.27332307326376,-7.61199101126967,-3.4270452374345,-8.35080815251842,6.86360392236365,-2.3875673251028,-6.06578236274727,2.70785640511515,-6.13603446645473,-0.545976095807375,-7.02898027290706,0.916068574603162,-4.09288449351717,-7.01462170672071,-2.5309672589153,0.554027499068527,0.832398066019608,0.931958309450931,-0.87446736131737,-0.192639469446569,-0.0354260265633338,0.538665050436448,-0.263933516556866,1.13409509350836,0.225973163975667,99.99,1.0
59525.0,-4.37075772287477,-5.0781571153678,2.35389221810342,-2.66746031868059,4.02288230719657,-2.88608800244113,-2.80752274656208,0.69439505545628,2.41224469317027,-1.80624158711734,1.39119253918886,1.29000863654636,-1.19357690372969,0.0452336697127221,0.620826817615002,-0.872803864511362,-0.254233054397327,0.21602023181931,-0.92227203681207,1.2298017242775,0.605599604666933,0.704966503835939,0.558765015200924,-0.310166376933624,0.876283870303602,-0.84876748416675,0.00642892363127287,-0.0192663464682669,58.9,0.0
52039.0,-0.455113942190842,0.14823652880838,1.25964782441526,-2.31444095830454,0.241328582284136,0.0277665457102875,0.108205406880767,0.200204578236839,0.567440408384826,-1.34264849986592,0.917543855243435,0.9460354232148,0.45560116895178,0.164965916653741,1.25371198041475,-0.246600201890064,-0.544700232349768,0.63362942907724,0.936015638593835,0.071730643869634,0.271104257402451,0.85731397990781,-0.28567950414003,-0.739283082489972,-0.149275189271441,0.121866390471363,0.138651602428164,0.115672360542531,9.99,0.0
80024.0,-1.17944443159767,-0.899726134554899,1.03890645105284,-1.83480066755382,-0.828750311061571,0.397165456435083,1.29886219465844,-0.0771410071288197,-1.36536591456723,-0.463565718580198,-1.75057167426397,-1.59925228538013,0.144244200781857,-0.36949637461854,0.469531006787614,1.89510074339354,-0.542141406723152,-0.588509777242848,0.455158804363032,0.952920271939525,0.287551102006408,-0.04641182907612,0.429103053214645,-1.06016314190323,0.705328828697005,-0.286314595227106,-0.102669023959841,0.0771275959203888,372.0,0.0
70243.0,-0.5328389780129,1.16168485173394,1.18902840292296,1.75065255488257,0.778386884233741,1.45812101408666,0.276248152626397,-0.487002634903538,-0.569086102288533,0.108022277505019,-2.24045511860409,-0.560553268341577,-0.178907553641437,-0.293690036642298,-0.746962803830669,0.145633905499281,-0.293604902544623,-0.308652863676827,-0.323410412630252,-0.288298273366578,0.685559949204979,-0.291522322949521,-0.241774418540564,-1.32833271873558,0.316644967947311,0.161106835277428,0.0937105556138241,0.00938048336829754,26.62,0.0
116702.0,2.15855941965928,-0.695979138144509,-1.32058200621838,-0.848686750028699,-0.553399806893728,-1.40565042342646,-0.169618819510239,-0.517606502471672,-0.729685945149431,0.826913445079717,-0.398160178171121,0.0616109103175016,1.47760813545998,-0.215567648542212,0.189409417195885,0.822421810061116,0.0806056475818004,-1.45617844760943,0.399869924384786,0.117777804364491,0.469205371032581,1.36168716966931,-0.0581875634397929,0.144604594192352,0.233148082482694,0.0580512798826394,-0.0372488512842737,-0.0566754195657842,48.81,0.0
41991.0,-4.56634156694274,3.35345148012501,-4.57202780762531,3.61611930403552,-2.49313810882875,-1.0899997127127,-5.55143306976649,0.44778308394893,-2.42441402571208,-5.69992228265959,3.58682418337431,-6.63622904939297,-1.1281764439465,-7.24554959537009,0.638325536245456,-6.85681003898144,-8.85187850534679,-4.5918832274368,0.936939858866071,-0.249127726683026,2.67446587862872,-0.0208799797343963,-0.302447083877198,-0.0863964000107124,-0.516059779833395,-0.295102234035121,0.195985145691014,0.141115102721758,1.0,1.0
48198.0,-0.429392677753981,1.22993204176446,0.0646500347106374,-0.0736528928047469,0.244800284669335,-0.575821588829446,0.77043625004521,0.0926618135577374,-0.802116434183862,-0.532697479832702,-1.12746963076233,0.578370587121547,1.64614700844499,0.237751081922069,0.39190811620211,0.230193971128502,-0.54386725160827,-0.195285224130591,0.266630767305858,-0.09935703379264,0.058443440956029,0.0947635205205486,-0.0877220487536085,-0.390649840880869,-0.0427424638082956,0.297798797212309,-0.229191148630026,-0.0567918512017939,42.81,0.0
35484.0,-0.309574472839766,-1.81477237946407,-0.654387238073977,3.05157497503096,-0.69092823608697,-0.389396479017577,1.41370070011788,-0.28867198486659,-1.25808512289087,0.579949357329424,1.17901462428195,0.103258047422479,-1.08231748293866,1.11330840345419,-0.297020998657666,0.61628714087168,-0.569624079967315,0.21407062294145,-0.912297175009898,1.33115022627311,0.502342266316864,-0.403666552182834,-0.754708510907936,0.544621256838861,0.355102067485498,-0.0395129144482653,-0.194986053935753,0.133094697309463,769.51,0.0
85181.0,-3.00345942213401,2.09615030972986,-0.487030347865578,3.06945315960973,-1.77432868427117,0.251804209642436,-4.32877649482139,-2.42547814428288,-0.985222033510513,-3.99521073403213,1.8806015528528,-2.32517912777326,0.636458662971611,-5.41749934539643,-0.262909464785021,-3.81808566437699,-3.70070702592749,-1.99141207812339,0.779950535234061,0.692537380835205,0.163966694003732,1.24564832133152,-0.269241340185825,0.537102119409512,-0.220756683145222,-0.0595547732936557,0.460709677482052,-0.0335506071081744,2.0,1.0
35866.0,-2.04448868873478,3.36830621710984,-3.93711139061868,5.62311973109633,-3.0792320390481,-1.25347411822809,-5.77887959312275,1.70742815771205,-4.46710312294842,-6.0677981503786,3.83978771072745,-8.27784094846266,1.49391490811495,-8.41668121212274,0.792297928201949,-7.86265882647354,-14.5708366290177,-5.18538553288232,2.41438956859515,1.11202761894884,1.48359421639379,0.834310712862216,-0.148485620188757,0.00166885452328186,-0.0389957310939217,0.389526401954901,1.30023645611458,0.549940374167289,7.61,1.0
64585.0,1.08043336974687,0.962830680816555,-0.27806547765439,2.74331806279958,0.412364075681078,-0.320778352962878,0.0412895489552235,0.176170299597767,-0.966951551053629,-0.194120466505581,2.14005681553663,-0.276308752749667,-1.19130573752489,-1.88027540328199,0.398271956336376,1.36743302249318,1.52266169956075,1.02631748255981,-1.57707047840184,-0.172658644566365,-0.00899617409257402,-0.0570361435998535,-0.0536915092211487,-0.0263732767799466,0.40029973123052,0.0728277709127376,0.0270429343018625,0.0632375727147923,0.0,1.0
4942.0,-0.885274429650143,1.21037114423322,2.37691215006214,1.25314719942732,0.798233283038881,-0.122111801805433,1.62476522175458,-1.37427926463532,2.56127261707066,1.96671625631543,1.44003313456714,-2.66436380375625,1.27123392555687,-0.0611008388428135,-0.308783587241185,-1.98557475302939,0.890694406543378,-0.82383880991618,0.268648063053648,0.781979414170706,-0.540565649213455,0.270835712758315,-0.320208678371451,0.552843665775657,-0.217304691226049,-0.476129355862387,-0.530057853924919,-0.899939330415034,9.68,0.0
7740.0,1.02387386852139,2.00148526626613,-4.76975183220974,3.81919458538265,-1.2717542273697,-1.7346624268403,-3.05924503160896,0.889804791975203,0.415382113237262,-3.95581234352737,3.57205481558784,-7.18645159050588,0.147242340802109,-5.24930454889762,1.67833367358535,-2.64147310915178,-1.31205856007348,-0.391716050952505,1.11826355175812,0.204137684042271,0.343282648722251,-0.0541956644068491,0.709653952497143,-0.372215866946976,-2.03206836614816,0.366777602071192,0.395170669257609,0.0202055389458413,1.0,1.0
116932.0,0.0423857656365874,0.819081394816454,0.28059574276017,-0.588586732428551,0.37713725645444,-1.05762467895265,0.946506699639625,-0.141957124540738,0.0598583352049014,-0.397432295689833,-0.994737595495452,-0.212074100314038,-0.689682612329322,0.255890959271248,-0.27998640573217,-0.119570653898122,-0.312394407382079,-0.753133156691381,-0.150592859712813,-0.0959584415373273,-0.264435429657739,-0.604195783520136,0.0783394878360494,-0.0388719059224217,-0.529024405706237,0.14581706309231,0.246792388395101,0.0950889635045808,0.89,0.0
93879.0,-12.8336314219519,7.50878980635543,-20.4919522106577,7.46577999198461,-11.5753037055975,-5.14099947650773,-14.0205637048257,8.33212047126021,-4.33771253089739,-15.5637913387301,7.61081978841573,-15.5923232225286,0.504789055226229,-13.2478885958622,-0.796526030140245,-10.3423283585648,-16.0445243414767,-5.8821359384126,1.57369789640089,-1.37892322363159,2.96684240389381,0.615344322057327,-0.766494757432984,0.431261005079751,-0.104974994617143,-0.0100913270781415,-2.4008113496639,-0.720556600051925,104.03,1.0
27163.0,-23.9141008948243,13.7659421584186,-25.7337337663194,6.2909179135006,-17.7848236618953,-4.57249762015164,-17.3907644695894,15.7941361803271,-3.81983218698836,-8.44226241787632,5.02011249777419,-7.0464278465108,0.692785249374773,-7.07689932873899,-0.0465348409616521,-6.20823797273981,-12.5320624040465,-4.82885763250639,0.978636193358608,1.64003733516462,1.77339928248294,-1.74842552125898,-1.09310448820022,0.147807442391992,1.66379235724108,-0.221024471156944,1.45807561131952,0.43031504868091,99.99,1.0
67154.0,1.13219440017488,-0.135169409640725,-0.119523157138676,-0.0489069421815657,-0.238402109928146,-0.789485326679128,0.276071489056807,-0.140113847808768,-0.238343671559592,0.0125334597786527,1.1718447056145,0.587128043067101,-0.490047010328332,0.718651892748398,0.239351163266313,0.442767241680885,-0.541229771573008,-0.330516504363474,0.671971229615413,0.0715569557137562,-0.373138751116236,-1.36175872471765,0.0945885281490711,0.0139939677361786,0.0690377298114323,0.61841713937048,-0.123057132026019,0.00256307052803102,83.97,0.0
45501.0,1.00199171536791,0.047938380305255,-0.349001552412107,1.49395843665091,0.186938875230095,0.190965634380865,-0.00111210422593577,0.147140194715723,0.580415339651519,-0.792937990748917,-0.984171728067149,-0.567380064895921,-1.10559224967424,-1.38121354248053,0.405490421163411,0.279890165223202,1.1321602098483,0.0929929763441439,-0.298920455435975,0.016003673251105,-0.334417439439,-1.01431467260935,-0.128427315817252,-0.946241837638308,0.456090274720588,-0.453205972393371,0.0466270924243456,0.0646983543716214,105.99,1.0
56887.0,-0.0754834663888726,1.81235458422751,-2.56698081016962,4.12754860722303,-1.62853157024518,-0.805895445766318,-3.39013454458215,1.01935326231828,-2.45125125188341,-3.55583492739064,4.31571103012142,-5.47980167679906,-2.11550315600957,-5.5887855765974,0.280108069299552,-3.50723062361012,-7.45709493793125,-2.32549168188332,-0.440434552920779,0.338598140549314,0.794372451897782,0.270471232297866,-0.143624140755259,0.0135659145316466,0.634203128800614,0.213693187250942,0.773625466697089,0.387434054572014,5.0,1.0
67919.0,1.30703866100536,-1.02012964354477,1.65414932391942,-0.174442631019288,-1.94726252804581,0.125367854660443,-1.529329615512,0.200844896338294,0.662404101809645,0.250910975941199,-1.10946113038846,0.0760073678127467,0.338408116895886,-1.45722144157221,-1.40774196848067,0.544898515842658,0.872746174599507,-1.40245466898046,0.987551370397913,0.0543025081618718,0.14408554935259,0.789767584881244,-0.0976940413652723,0.459131572735481,0.490459828269037,-0.0463726486761631,0.0879778289395544,0.0282091162793758,6.21,0.0
60353.0,-3.97521647515777,0.581573270980264,-1.88037210743636,4.31924127992395,-3.02432976021596,1.24079277107972,-1.90955892631241,0.660717557074542,-2.7526105653686,-3.55038539904852,4.83896418696128,-6.04023537903875,-0.374460483695606,-6.22194535944177,0.958758443736388,-5.07364263456328,-10.441008666182,-3.75552460094433,0.606452965011177,-0.656511434265513,0.578984295739867,1.39731081981072,1.04532195036713,-0.303999869268857,0.00529495925073387,0.235435243641064,0.962014797484666,-0.67355739317081,454.82,1.0
63145.0,1.10943136683379,0.230123488151891,0.534544240077866,1.31758898832483,-0.112715369076979,0.0412054217490219,0.0303632850131904,0.0664533383738968,-0.118079633880963,0.0180508715983482,1.49783260340643,1.76272945725986,0.643584444486002,0.0964575689426545,-0.90852619835031,-0.628874757028405,0.0363016044855195,-0.660136674448811,-0.161144599672256,-0.130514752032827,-0.0267503045678889,0.168478449388024,-0.0599089039674351,0.256693187100731,0.636105573630972,-0.345214490691083,0.0424187825917283,0.00959333250799703,7.63,0.0
54083.0,1.1774489802352,-0.0491516627234847,0.646573387089256,0.862318845531897,-0.70380880670796,-0.653337203455423,-0.108630597726232,-0.0810601975950738,0.588775399493071,-0.208200154380158,-0.720409156134427,0.281236173530524,-0.419185500412254,-0.0321074604231547,-0.0925270234331536,-0.163566977445447,0.0198454705236084,-0.670824213438443,0.217519262316787,-0.0962600404074221,-0.289340606296074,-0.73732088505307,0.0603693453191086,0.386916588693736,0.315390715299104,0.180067808707874,-0.0222359704565865,0.0202293230576215,29.99,0.0
91502.0,0.0073790751145725,2.36518252886777,-2.60028738169342,1.11160176466249,3.2764413263667,-1.7761407852846,2.11453088108345,-0.830084106599812,0.900489974281822,-3.37617706712688,2.05681205985716,-3.9842567303491,1.02196791340796,-5.96790496861639,-1.15160831490592,1.67973960141233,5.58611468683053,2.78913115591619,-2.24107485298106,-0.00638849728163087,-0.563944162060269,-0.902099515410175,-0.404382448597275,-0.0129439005065412,0.589836154947909,-0.734449052212668,-0.447529183217452,-0.362374775122343,1.0,1.0
109367.0,1.87436824962326,0.369078538869129,0.164148915159323,3.91219078882453,0.168605487054686,0.89103357056308,-0.621168813636946,0.103876131686112,0.938978717300945,0.969724339833112,-0.634760943230599,-2.50478150349424,2.43087800275558,1.00845771625335,-1.32293349292221,1.25456929637311,-0.354633678525323,0.37094452616004,-1.82579805701366,-0.217896914362056,0.0115126319980533,0.362260019724952,0.178066216700122,0.405486525660636,-0.183524492978681,-0.0307014889239234,-0.0139155887302057,-0.0296988582740017,18.92,0.0
99095.0,-0.849073909393198,0.178622726864388,-0.12777001725825,0.708988805385888,1.33250198283299,-0.315235201905014,0.112484741571503,-0.0864934256484995,2.87471752107772,0.649133640798267,0.258692736377774,-2.57984140720422,-0.813903580346333,1.30264672866984,-3.48226582294581,-0.604051918481686,0.26992041158811,0.235878744420575,0.157621407791781,-0.467436564220212,-0.518867986756447,-0.233951145487117,-0.0430022215746226,-0.669474327325752,-1.84134507422899,-1.19949542555162,0.769169708630034,0.224217680228722,23.8,0.0
41397.0,-14.9703456545046,8.40142101040258,-16.8672384869515,8.25233430637468,-13.5651304873758,-2.78243755853826,-14.2637353490007,9.64341914576661,-7.70149868394332,-14.2266980575287,5.61099879659254,-11.7939788348294,1.59838653001563,-11.6069703760766,-0.0441804437896824,-9.28695473739369,-19.8997264249367,-7.518050849236,1.24351749943488,-1.61466005601289,2.71404480183882,-0.101355310559619,-0.439665974014017,0.519513861479409,0.789327982433797,0.0643574266343142,-1.62138568643941,-1.10481920857705,273.01,1.0
62341.0,-5.26775974325256,2.50671895922695,-5.29092481764433,4.8861341982102,-3.34318841087649,-1.10008548506579,-5.81050918581537,1.72634335514407,-0.749277159995058,-4.83482799462627,3.54601225001006,-7.75128547808951,-1.19569394502348,-10.0185024459282,0.29639612212368,-7.47716172698803,-9.78580026201852,-4.24397714797126,2.68112678165858,-0.286043269744833,0.764265624858483,0.473261684078133,0.54848172305712,-0.15685005182413,-0.71018694460215,-0.366422677340972,-1.48676592030738,0.677664104601632,1.1,1.0
119870.0,-0.660416534563288,-0.230544401564398,1.49974451402477,-3.08979053826957,-0.622262211653392,-0.585398992754641,-0.0281664912110555,0.0585300443480217,-2.38106661659613,0.787858094945943,0.535785001423403,-0.790781824697047,-0.454141684303545,-0.247932920522578,-1.40790721547802,-0.336123059077773,0.181220245331237,0.375116357508922,-0.517102473902216,-0.259952596322961,-0.162765648322653,-0.0350297135597902,-0.387950240928636,-0.0206189940593433,0.698283208499156,-0.121197680808163,0.256136405922067,0.0940188440313297,10.0,0.0
11092.0,0.378274504006009,3.91479678866992,-5.72687201536627,6.09414095882864,1.69887526405022,-2.8073139468834,-0.591118212837213,-0.123495593086659,-2.53071281390832,-5.15309460989926,4.65408842254301,-7.83953899762349,1.37181858033581,-9.63468971263612,-0.739596855842826,-0.663203945673478,0.891934540534899,0.978675639075006,-2.00547660274646,0.440439440893876,0.149895683076911,-0.601967245529085,-0.613724335539499,-0.403113687819411,1.568445255978,0.52188393400233,0.527937749881352,0.411910405834512,1.0,1.0
74152.0,-4.00529128044864,2.37729899964737,-1.41062637751265,-0.355792963304846,-1.27646983504939,-1.09990579847125,-3.1770754955172,-3.80178930445929,-0.867860022595565,-1.62552586155884,-0.817613724736103,2.04320947182708,0.643610658345556,1.75275692996471,-0.980673076777883,0.455259371481499,0.834115640238013,-0.819001803135923,-0.884559975220532,0.835827953109595,-2.40935094287018,1.05048844874276,-0.0883313861701543,1.03827101023277,-0.64506129591875,0.762294336958998,0.0771610181965888,-0.108460132106734,2.0,0.0
78860.0,1.28513873505183,-1.21860398948967,1.2098082304265,-0.608191088761683,-1.75440466874156,0.61751685453257,-1.71654124046059,0.463756466731079,0.377646454723086,0.696111285524046,-0.378524926684686,-0.622587907442025,-1.6163853793185,-0.253061358179581,-0.0738412198272432,-0.546098574394697,-0.391529421644804,2.43217107275705,-0.225341817861556,-0.533105920962996,-0.247578484553663,-0.176593582834266,-0.0602855708581348,-0.493098027036373,0.0490680824823991,1.20825890249133,-0.00438114545146305,0.00597292741822677,22.64,0.0
120636.0,1.98350067586144,-0.137484735155265,-2.23733323519734,1.00922104225974,0.958020379045568,-0.0578971267645511,0.46734162789424,-0.103767136523871,0.280424185043681,0.453831953220834,-0.785865339238618,-0.317228743299803,-1.74830633277353,0.987800724002416,-0.930970048878519,-0.0573480620689621,-0.782088167977953,0.496894927348334,0.579742917382022,-0.248566643889308,0.0228798085095724,0.0712372214826886,-0.209376316241425,-1.48253622968832,0.53722843124831,-0.421429628195954,-0.0406550431147089,-0.0808741616240825,59.33,0.0
28143.0,-27.1436784229495,15.3658043803315,-28.4074244550982,6.37089534679314,-20.0878775718571,-4.66631306343841,-18.7094788213717,17.9035743750222,-3.72227873753244,-8.12096173759343,4.41994345577668,-6.21094112120869,1.06383739513242,-5.84352838067721,-0.108836449172905,-5.60659732565665,-11.7562556050179,-4.71494676131661,0.783577593799492,1.70388764553958,1.79682638880552,-1.96097371657716,-0.90224745220798,0.144011442167384,2.02438803943008,-0.204214065769385,1.33215305903359,0.385890728011147,99.99,1.0
53451.0,0.385108461103674,1.2176203228402,-1.95387216540948,2.08707599095328,-1.14422540643716,-0.57688799482478,-2.58286504391682,0.643229999334504,-1.19123269237613,-3.09509360697848,2.82114488798301,-3.1005456578695,0.146199374342408,-4.51012391529804,0.574490022660784,-2.12346278453199,-6.05331938825344,-0.70637615273475,0.572791028207014,0.380545212283106,0.594623132460925,0.372143665842342,-0.310455791389476,-0.624065148802846,0.840216130296559,-0.159451766672991,0.599482364663208,0.288915549852885,8.0,1.0
41870.0,-20.9069081014654,9.84315322329519,-19.947726046163,6.15578864849515,-15.142013159868,-2.239565648142,-21.2344631540976,1.15179506554623,-8.73967037069304,-18.2711681738888,4.67734929657245,-9.58356643737056,1.03516582361622,-8.19969002891841,-0.32651888245129,-8.37643882097816,-18.4854603221489,-7.58997395860914,1.1266403652792,0.396654845079575,-1.97719619445615,0.652931885295435,-0.519776859411322,0.541701730134149,-0.0538607606750096,0.112670774311131,-3.76537100922261,-1.07123831223447,1.0,1.0
50706.0,-8.46184470133154,6.86619841481805,-11.8382692206767,4.19421096699453,-6.92309709702798,-3.22114664850055,-7.55349651116055,6.015618186942,-2.4661434402463,-6.24624318477127,2.94398521977131,-6.51238933713471,-0.698175946764313,-7.54364593187217,0.92645528395257,-4.3302948063467,-7.33969796421674,-2.55090085394741,0.645904895509124,0.814710155897088,0.918244480856236,-0.715366336614015,0.210747336284603,-0.0602114737129364,0.509534595479059,-0.257283692851139,1.17002651560613,0.229300914797861,99.99,1.0
43225.0,1.0560587197142,0.268183110564558,0.997778353450625,2.47936648108206,-0.404962101945965,0.108075247775053,-0.262837727382654,0.189098033452791,-0.351818518137291,0.625516967071276,-0.503174811237676,-0.594803261224159,-1.08939563134197,0.394280308028629,1.10874161527175,0.725736007233364,-0.389765404595029,-0.533897381900604,-1.4075187045146,-0.183379530156508,-0.125402026835148,-0.522600344446144,0.148947599424205,0.00484111260398171,0.0635105580444437,-0.183811336307499,0.0135383517139811,0.0342992348665654,36.62,0.0
77983.0,1.17166213202812,-0.821406691936197,-0.263340838337969,-0.469719437834838,-0.683139102567143,-0.679154553238887,0.0267259922427195,-0.360289372656146,-0.944293477645286,0.526269400819695,-1.03067693736683,0.37722309377622,1.36607002907447,-0.198439481756357,-0.106551241633689,-1.67349785545828,0.0604309997018979,0.664540426745092,-0.313207790723483,-0.125302369497609,-0.386531572337364,-0.770305169236607,-0.208616588797616,-0.0560592514434636,0.490677272136684,1.10610944945304,-0.0890188695359982,0.0195435423759489,148.0,0.0
53173.0,0.54978524158858,-2.48017904419127,0.282145256013411,-2.43410762261796,-2.04583655676672,-0.120362950858803,-0.719792440932985,0.0829474170712058,1.14122831739203,-0.868502445035556,1.33462734369629,1.36473203863773,0.0943354768845631,0.0379346118913611,1.1304317807779,-2.40643551706074,0.297128406966255,1.90583306891241,0.0569832458525523,0.263873217334601,0.0995156881694289,0.181096611560036,-0.403970830949872,0.0566689452167002,0.317047478049395,-0.66763327663927,0.0687461050163676,0.0907947485082747,397.3,0.0
117852.0,-1.26013933036227,-0.657995536288037,0.958373913324398,-2.35587683821524,0.996650065997736,-0.763297811883114,0.325536335475506,-0.00266900937530033,-1.88093010595414,-0.14521594894546,0.974814131253947,-0.154397826886062,0.389304222468684,0.00590729260753664,-0.854956193632267,1.21889111108863,-0.303815436421693,-0.732549587216073,0.0647674994377124,0.461772700059173,0.60732624375124,1.21609701596415,-0.311313632687399,0.762154992672061,1.11268294020392,0.0614348277456021,-0.082406187287663,0.0482632953141966,79.8,0.0
63578.0,-0.639191253440691,-0.0855947885921835,1.26545195854416,1.40116573166082,-0.260542078671007,1.00979457835355,1.30199897093176,-0.135257522932592,-0.431520921685507,-0.0913533730643921,-0.921051995675577,-0.61381552858098,0.198913055533638,0.0160870050482155,2.20626377523102,-0.527140627794259,-0.0572786796405291,0.448655661077036,1.16443546519237,0.861306751100051,0.340330752683629,0.76016976216338,0.353376975218638,-0.778892742566353,-0.0706811598435952,-0.0333546437243291,-0.0619624216383359,-0.0626865318467909,290.18,1.0
41353.0,-15.0209806030789,8.07523975163174,-16.2980905380446,5.66482005292134,-11.9181533731348,-4.24695712395156,-14.7166675516611,9.43508432139337,-6.7953981269244,-15.1241628144947,6.03766622940467,-11.6767222367813,1.32697878633103,-12.3816058947985,-0.0716392778020956,-9.48414337021449,-19.6718814509262,-7.64327282087749,1.16906441801605,-0.995786857833133,2.52511546344786,-0.832074336953531,-0.186116823393738,0.429780833741005,0.697102812320081,0.0560310740941657,-1.31088762047629,-0.707402991270252,34.12,1.0
35685.0,-1.06748405274114,-0.114323840153932,2.29084784835426,0.65815918617915,-0.726937483898402,1.78107001407992,-0.130289548146223,0.702514589006039,1.23463705657018,-0.683274640318979,0.248937024342164,0.52561179220663,-2.06018269270434,-0.659163673357562,-2.30938966341879,-0.737627656138193,0.484191385641881,-0.56790339171487,-0.676378046428584,-0.491161408402696,-0.0241280908888445,0.349461361886431,0.0518095617568927,-0.30202382668533,-0.179286199497204,-0.46766465913715,-0.0634295076516399,0.0490271469411564,111.97,0.0
75851.0,-4.79366743133161,3.41891065333381,-5.07444453285381,4.03598694267746,-3.52787459906065,-1.92324150219959,-5.06598083804842,1.99688475994042,-3.09737916358313,-6.44720227383046,3.77557843937585,-7.49878345527601,0.231306922054262,-8.65826843157538,1.34330765668858,-6.17333085967808,-10.7080182544535,-3.50489419159365,1.88404425730219,0.342122343012083,1.16861781897539,0.289530903898366,-0.371888203724815,0.144761276597316,0.0847348250689305,-0.19743147093529,0.328671522253493,0.835394921353057,99.85,1.0
84694.0,-4.86810843844627,1.26441977404559,-5.16788542660662,3.19364784504611,-3.04562137708228,-2.09616609885545,-6.44561018266068,2.4225355920307,-3.2140554159387,-8.74597261185534,5.41604190908794,-8.16412507731485,-0.165010607208302,-10.1935303551514,-1.89521031032574,-7.36047460938421,-14.6687710766351,-4.87711900477519,1.38560952778492,0.66730977994879,1.26920538901712,0.0576572516592633,0.629307399675982,-0.168431773502721,0.443743902404587,0.276539471570389,1.44127396787951,-0.127943726430018,12.31,1.0
8090.0,-1.78322883722709,3.40279371307631,-3.82274226552205,2.62536815276644,-1.97641541136284,-2.73168901231308,-3.43055914949085,1.41320351399318,-0.776941494554916,-6.19988176274188,4.36671348631445,-8.24326243368313,0.345761165232579,-6.59055029705192,0.265576095932165,-3.02845238846152,-4.21448627485607,-1.21360784773725,-0.265421595374812,0.364089115014408,0.454031931736316,-0.577525824201459,0.0459665375362652,0.461700017592254,0.044146161217817,0.305704433918549,0.530980986346765,0.243745598122111,1.0,1.0
54846.0,-2.98646550822273,-8.91229481688474E-4,0.605886830263541,0.338337780759695,0.685448451171472,-1.58195443740193,0.504206377175919,-0.233402618007887,0.636767742518801,1.01029102209398,0.00451796796642434,0.0443966388940644,0.420853062352676,-0.931614224984722,1.14797368277192,0.48306309357216,-0.152470829644753,-0.285666258848129,0.0725498490088206,-0.764274258309323,-0.875146363670133,-0.509848660993286,1.31391790371009,0.355064731381086,0.448551563224067,0.193489780350156,1.21458768687535,-0.0139228973515758,1.79,1.0
45501.0,1.00199171536791,0.047938380305255,-0.349001552412107,1.49395843665091,0.186938875230095,0.190965634380865,-0.00111210422593577,0.147140194715723,0.580415339651519,-0.792937990748917,-0.984171728067149,-0.567380064895921,-1.10559224967424,-1.38121354248053,0.405490421163411,0.279890165223202,1.1321602098483,0.0929929763441439,-0.298920455435975,0.016003673251105,-0.334417439439,-1.01431467260935,-0.128427315817252,-0.946241837638308,0.456090274720588,-0.453205972393371,0.0466270924243456,0.0646983543716214,105.99,1.0
40919.0,-2.74048250153169,3.65809481979987,-4.11063552027473,5.34024166876747,-2.66677476000958,-0.0927818149405728,-4.38869880914515,-0.280132705503576,-2.82189458229917,-4.46628416302479,3.96979981229186,-7.34671678644283,-1.16331176961366,-8.22556891234807,0.82500183194645,-6.77286703365235,-8.81578542555918,-4.56885928410549,1.12659865645629,0.185325269832133,2.41749541196206,-0.0977119508973041,0.382154506973307,-0.154756519767143,-0.40395592644091,0.277894930235294,0.830061638644528,0.218690442242457,112.33,1.0
81994.0,-0.223891859542019,0.296563225329827,0.678220100645236,-2.04637388891995,-0.032163793416891,-0.862771769381806,0.794967791333463,-0.0949296081133676,0.546063614820097,-1.35508860140756,0.839618992599539,0.726465627441001,-0.733873451093903,0.438584151672378,-0.0948720188402024,-0.851967665988873,-0.0998458417082548,0.392125365239496,1.57961069677764,0.00400255733885101,0.0717316416462363,0.300538393023863,-0.287376283347535,0.067025854327842,0.390780279340513,0.0585268038352246,-0.00613935778255492,-0.00472882300421718,34.02,0.0
58642.0,-0.451382569628168,2.22514650025341,-4.95305045271638,4.34222824814605,-3.65619018970243,-0.0201214656089607,-5.40755361778584,-0.748436141338482,-1.36219775131112,-4.17062288702767,3.76230638231684,-4.22622469486547,-2.04669403006077,-4.71049793587464,0.217572360008267,-4.73908378383857,-6.13188675183675,-2.42587063860491,2.31416486951171,0.724381267691587,-0.575924092076688,0.495889440695266,1.15412793921228,-0.0161857864909953,-2.07992826296301,-0.554376906341192,0.455179270612071,0.00132065645985432,113.92,1.0
32354.0,-0.474873541360308,-0.141220286676086,1.71685850741339,-1.95259914671353,0.0813826116875015,-0.451695239318845,0.111908278143571,-0.334295872879517,-0.98802499210376,0.210511795677019,-0.887084514699045,-0.35695057522769,1.9387018305409,-1.1383021209444,0.223502216370137,1.67237285777301,-0.696236001609032,-0.93771747920862,-0.0780036771458909,0.249675943119481,0.292993496826763,0.884919382507793,-0.381329206464573,-0.39154240421387,0.377146815081713,-0.256536785647696,-0.287831387041352,-0.170289145289441,24.0,0.0
78234.0,0.806296350487169,-0.812526178255711,1.65285912183575,1.92557242875979,-1.5114511601037,0.549462722432547,-0.82329200544995,0.277019791569576,1.67797208663464,-0.459253764961044,-1.45396560153761,0.829040463997598,-0.0993232540951751,-1.07288262505606,-1.58881662780234,-0.50418615007385,0.313984354107876,-0.199768201659825,0.130038057465054,0.135072279280721,0.0213994026379174,0.242221923172333,-0.227341074471689,0.431532503793595,0.506384142051438,-0.240155574819974,0.0817943239455146,0.064434137293401,156.01,0.0
37561.0,-9.65722161902437,-8.0879591134827,0.304236620805402,-0.741918159340293,0.620248916080054,-0.355063054132493,3.72795105128075,-3.6169747008142,4.7757064779756,2.64731419859577,2.20569117649301,-0.320979163414083,-0.331273684450391,-3.2924146535607,1.69415596467789,0.566065071870943,-2.2969535987984,0.0748590957846107,1.70406351724695,-7.4182553631555,-2.90567670562408,1.60043485645325,1.20048246996139,0.388896272221167,1.27269358984708,-0.0935372752158873,-2.15951323725687,-0.0846881090632937,435.0,0.0
115691.0,-1.55027271502021,1.08868850191044,-2.39338766218981,1.00873271714408,-1.0875618874048,-1.10460238189499,-2.67050327670088,0.147654676391109,-0.978625549290056,-3.51413330486723,3.58604242366444,-4.05335784837839,0.862426024955809,-5.76582302154173,-0.507511029549388,-4.92186514350783,-9.56726769048681,-2.77297411117016,1.71709526842855,0.327490457262181,0.802316031461701,1.03710478869922,0.0958154204904633,-0.320190913384423,-0.0807306312824349,0.0910116872058309,0.0249284934943241,-0.0778199786198624,17.06,1.0
7610.0,0.725645739819857,2.30089443776603,-5.32997618300917,4.007682804682,-1.73041059025206,-1.73219256822244,-3.96859261813707,1.06372815344105,-0.486096552344833,-4.62498495406596,5.5887239146762,-7.14824263637845,1.68045074096412,-6.21025774661028,0.495282117814298,-3.5995402092184,-4.83032424210571,-0.649090120211694,2.2501232487881,0.504646226103286,0.589669127323198,0.109541319229913,0.601045276521079,-0.364700278220039,-1.84307769215194,0.351909298434892,0.594549978086464,0.0993722360416487,1.0,1.0
67857.0,-1.73933378422429,-1.30465465035444,0.314102907291187,0.0537401062585881,-0.0586957001779964,0.0712595573040713,0.694861852921962,-0.313269934817745,-0.649377114028123,0.517567879914365,-1.35655775612738,-0.238382663867126,0.0695790190825196,-0.431690053731737,-0.674723889299605,-1.65416180710569,-0.0539606012956825,0.520745840192804,-1.55456174696529,-1.46399432399357,-0.665172078751849,-0.632078028662709,-0.421175799634968,-0.400774352865197,-0.00164030189404302,-0.495162312868153,0.0316326197006312,0.0662796878513276,320.0,1.0
69654.0,1.46681568139627,-0.534753208569225,0.102770241425391,-0.983109477959942,-0.5108678321975,-0.146844572795142,-0.645609898103419,-0.100517789189128,-0.663996666763809,0.587840251532561,-1.36994051269327,-0.75769126805248,0.956011618334041,-0.402498905875603,0.959294597485624,1.70399849618871,-0.366314431110537,-1.02603605194702,1.04241640427937,0.182520275682266,-0.0861321078380995,-0.362631718152195,-0.0917130029537924,-1.0055074833541,0.440283650479057,-0.328094168590954,0.0159777937094255,0.0140560097835229,25.0,0.0
7891.0,-1.58550536691994,3.26158454822833,-4.13742198305023,2.35709625199132,-1.40504331370135,-1.87943719306477,-3.51368687087654,1.51560674568816,-1.20716636120056,-6.23456133227108,5.45074606689486,-7.33371406736393,1.36119332407831,-6.60806825219469,-0.481069424899829,-2.60247787045261,-4.83511205239717,-0.553026089102902,0.351948943356815,0.315957258937511,0.501543149467536,-0.54686881157389,-0.0765836358993043,-0.425550366841581,0.123644186352002,0.321984539336613,0.264028160503965,0.132816719764592,1.0,1.0
55311.0,-6.15960693036327,1.46871292315117,-6.85088814665684,5.17470627250374,-2.98670392387712,-1.795054145699,-6.54507152628193,2.62123613805269,-3.60587012643541,-8.12216107491307,6.02903256317613,-9.22585530778592,-1.54675863096913,-10.3093341893072,0.308062393533042,-7.78732622111619,-12.8221770045808,-4.36767713342358,2.64398422133793,-0.289829585956863,1.06131418230601,0.125737468595024,0.589592331660844,-0.568730604518481,0.582824720935876,-0.0425826450995479,0.951130233081124,0.158996023697089,0.83,1.0
77247.0,1.43928962274932,-0.48334393299853,0.123480656170407,-1.05301597813065,-0.450057252631004,-0.0350732075782115,-0.634063930875892,-0.00664196764242343,-1.03370316222121,0.757680944969171,0.567794241736957,0.0899730384491287,0.899472463447312,-0.156388298609682,0.102324380774645,1.73211473594866,-0.480399277570717,-0.783763308228843,1.3415092230605,0.161081589682124,-0.113258804338866,-0.450823002495042,-0.0326089453682149,-0.846830399769376,0.376676562862095,-0.42700426587052,0.00869272965039224,0.00243539640492011,12.0,0.0
81916.0,-0.360806255513672,1.06597981042951,1.17584606557737,-0.131012766423738,0.248104264277695,-0.474997285706403,0.588663111961003,0.100954201950225,-0.617691305397576,-0.33801117983552,1.17386417766457,0.453061770480586,0.00298855415857785,-0.235098438451935,0.227490006159113,0.679915716144731,-0.358262987986749,0.475869123057265,0.325103009504573,0.127768867333534,-0.235564902233629,-0.645500040799847,-0.0701672710713007,-0.0558539732685109,-0.149637221190886,0.0754495928357231,0.241188607674869,0.0845085398528592,1.78,0.0
93853.0,-6.18585747765758,7.10298492227346,-13.0304552638937,8.01082339822486,-7.88523736131971,-3.97454999359808,-12.2296077786617,4.9712317023058,-4.24830701294998,-12.9654812039222,8.68830799242781,-17.1829184301947,0.0695769150313325,-14.1161560074304,0.959031717400206,-12.3753337375636,-18.716764511809,-6.52201457322122,3.51795494036344,0.483930108481186,2.50277241039945,0.481691289576756,0.480957977547458,0.360318638811951,-0.293354295977635,-0.199193157971208,-0.203917328209747,0.398927185850218,44.9,1.0
84204.0,-0.937843305478391,3.46288948991687,-6.44510395393435,4.9321986662268,-2.23398306982245,-2.29156112129773,-5.69559392853253,1.33882463362261,-4.32237655329329,-8.0991193981365,7.18296700883659,-9.44594338249901,-0.314619967520224,-12.9914655817567,-0.136358931959623,-6.36752437517144,-12.7343938853776,-3.84512965889743,1.00766725992114,1.12953228130351,1.06655024941577,-0.521657289347299,-0.319917292909547,-0.405859088093617,0.906802159957716,1.16578389011737,1.37449533233535,0.729889341911333,0.0,1.0
41015.0,-1.09247916818732,0.66807518502676,0.281416406794769,-0.0291397796093243,-2.63309542134144,1.1154637685714,3.55447176612353,-0.597653012405567,-0.813010165637254,-0.366223523035336,1.47777770367387,0.851450487538669,0.855587930904264,0.0715445903751638,0.0201802671761598,0.50896164809071,-0.797535293631931,0.083525789224192,0.278704818397771,-0.189811781228325,-0.211338856150282,-0.0518418935943082,0.193156782893675,0.389580945003321,-0.441348886338649,0.0623079434157172,0.488428202219212,0.00297055082752954,641.17,0.0
91407.0,-3.95120850670532,2.88180518239049,-6.42149029451106,2.43418142416554,-1.32732453838007,-2.12210598673342,-3.2275333300383,-0.68556047558208,0.775985124963588,-4.72309174576035,4.921657447038,-8.75277008726404,1.52019774197935,-8.5520227319441,0.351975957711389,-4.5340297530839,-6.46540863418339,-1.89030997911689,0.174840185624481,-0.669351428982036,1.41047856462921,0.279402820830601,0.570821171370176,0.65627101478476,-0.298600548903483,-0.407571358894306,-1.37870253026193,1.37913029153249,52.69,1.0
53570.0,1.25097004764979,0.374639966118825,0.300661286115897,1.11630558843279,-0.270189911129974,-0.970058844769938,0.211866964232858,-0.230824902921549,-0.0125906173283272,0.0174835574379092,-0.397653456924257,0.172989128140516,-0.0324387313927645,0.394261603502683,0.922295378796313,0.049525143891191,-0.42418245095671,-0.149214951331493,-0.369694292838881,-0.152935743033047,0.0250954808672217,0.126274166831338,-0.0954711267147382,0.396978554514828,0.687825071395982,-0.327972661384914,0.0142072167034803,0.019703524502748,0.89,0.0
20931.0,-16.3679230107968,9.22369194937548,-23.2706305232856,11.8447765860728,-9.46203714585895,-2.45044437416398,-16.9251520440555,1.38420847895884,-6.28773594816964,-13.0027093010697,9.69146098207319,-13.8865951585248,0.838361375836116,-13.5170724083842,-0.377910607106286,-7.85568149439455,-11.8038151924676,-4.76102594206856,0.618624412799665,0.993584598744375,-2.34367359429797,1.00460241382139,1.18821215709493,-1.04718376839983,-0.0355727659827232,0.664899774367373,2.12279575423083,-1.41674061492574,1.0,1.0
47982.0,-1.23280412810524,2.24411874456383,-1.70382579275654,1.49253586483501,-1.19298516971563,-1.68611021267902,-1.86461150490967,0.856122313785725,-1.97353527775248,-3.94238290411726,2.40165068027699,-3.39426561777896,-0.145161724970334,-4.32979551307589,0.758760885824274,-3.19904647594093,-4.48018356526203,-2.48566878350317,-0.0958074336903356,0.207889301735382,0.560475065574211,0.165681717805126,-0.0137535165177887,0.474935180269258,-0.218725074414735,0.302809125708237,0.46603094153746,0.250133538809307,0.76,1.0
53076.0,1.29623080363477,0.417447287721689,0.193963067987499,0.901644194576026,0.13053136701763,-0.371634020776762,0.158125823740231,-0.202668656827626,-0.0795117562857989,-0.0450882478448673,-0.876737591678351,0.687487636238951,1.5747177026257,-0.00779123029058128,0.948315691837591,0.37715383740261,-0.868182736046053,-0.0671351121445059,-0.0644929660672327,-0.0295593500917474,-0.112113509551068,-0.2200020323662,-0.121021883862135,-0.440454448442227,0.671540040565908,-0.413518433654353,0.0328380408333744,0.0206001971066775,1.18,1.0
93860.0,-10.8502815883108,6.72746568826853,-16.760583409542,8.42583167857118,-10.2526968683093,-4.19217104406337,-14.0770860104531,7.16828793346092,-3.68324217370244,-15.2399619587112,8.03070840755191,-16.0603057628826,0.270529742348469,-14.9529810390579,-0.241094883743813,-11.866730636746,-15.4869899240937,-5.74865155747378,4.1300314273319,-0.646818272966729,2.5416369467068,0.135534921100722,-1.02396689219897,0.40626452579196,0.106592778669641,-0.0262323892202069,-1.46463002356247,-0.411681819907858,78.0,1.0
16853.0,-0.271128506012244,0.393045230214144,2.36593680841748,1.60922625310887,-0.74082362036814,0.534614695810926,0.18887620773424,-0.0945667494328927,1.81600937605222,-0.434438821623933,0.689720983423453,-2.34922392457807,1.44128164737596,0.848405326083117,0.0560055343253902,-0.818725746066938,1.11108389834264,-0.0761670670637904,0.134870768471443,0.00751651180104795,-0.117836197617324,0.282265122730662,0.0865930890902124,0.348234605591822,-0.453362773381298,-0.400634604929845,-0.169540679137265,-0.194172882991172,98.94,0.0
41164.0,-5.93277795485543,4.57174320411303,-9.42724692838332,6.57705643811276,-6.11521812544893,-3.66179789602346,-10.8940785545016,3.70921000751656,-5.85952387304171,-12.981619145004,8.26529460055417,-14.1541653609607,0.479842781966758,-16.3375959447735,1.64604527960375,-12.3753974432385,-21.090612716108,-7.7245457358645,3.85637474254372,1.19107830456005,2.01427156558263,-0.167416617986259,0.0499675298711021,0.384429719031746,-0.0778835668224832,0.56549290579318,1.79201191700266,0.371007021212136,5.3,1.0
109297.0,0.745153216872909,2.80929887414381,-5.82540635746786,5.83556642595055,0.512319881201007,-0.615622343185995,-2.91657564356736,0.776710041712962,-1.87883185000296,-4.54693575081085,4.69879549591235,-8.50778570734412,0.718249309268122,-7.62871014660448,-2.24957848303647,-2.55866861696795,-5.30462366328046,-0.956938449028105,-0.585321852047277,0.40283675391689,0.284840710005163,-0.874383479410998,-0.0839950451669313,-0.651441658316508,0.454593823671078,0.0503758982755266,0.756952562644727,0.383868938615243,0.0,1.0
48380.0,-2.79077103894771,-1.46426898705405,1.03116500769674,1.9213560843992,-0.0900138203463016,-0.483871347899329,0.780731181206493,-0.348775795673106,0.609133451935087,0.225933803313285,-1.06453419450651,-0.787372737955552,-1.57646958451914,-0.126756361711439,0.367012281940972,-0.635321654596588,0.327006411459276,0.0438160872305435,1.40357376229763,-1.37672077946455,-0.392667221970544,0.440019838749267,0.777659196131864,0.418551935584405,0.244563185949918,-0.159360689127314,0.0605395343366452,0.356958362771354,208.58,1.0
29501.0,-0.884419129475401,0.924632101456372,1.40701030395036,-0.986849044855321,1.14463070803972,0.622349231383747,0.674210002615545,0.198849189958946,-0.818307571589608,-0.613810615055295,0.372685243319599,0.649443365399147,0.853827091130486,0.0959525697675591,0.0707336987514181,0.700517263046404,-1.12943961646994,-0.0283526426561096,-0.136298710824644,-0.0205371752122626,-0.188705018029082,-0.687610896570239,-0.330241502104122,-1.3427017658362,0.308541110303775,0.0962128714097963,-0.143891215578772,0.0534245560109269,1.29,0.0
72824.0,-1.11149523246612,-0.257575207100777,2.25020963478583,1.15267090326627,0.432904474488939,1.25412602800986,-0.58416279009186,-0.609681605347911,1.01460246273104,0.334532824069685,0.82637484441332,0.196886900487791,-1.88599349809323,-0.472025637126337,-0.578141395688259,-1.24300710102788,0.570459827436018,-0.159056766164096,0.407187527410462,-0.510613591931657,0.862912790109336,0.927825035064447,-0.343058085886885,-0.256268230425974,-0.600742165862083,-0.18033128765631,0.0267622260788268,-0.358335321215398,45.03,1.0
8886.0,-2.53585211738111,5.79364414692454,-7.61846283574893,6.39582974649419,-0.0652101046678037,-3.13637196409103,-3.10455736262141,1.82323263760971,-3.87865758023391,-7.29780335001461,7.07166913682445,-10.001046368327,-0.207934540884304,-10.8606980453666,-1.69082504118249,-2.36085672411086,-2.76009701528795,0.29810341564323,-1.38555780172735,0.408704184487524,0.716719907055995,-0.448059938458541,-0.402406878680357,-0.288835222564699,1.01175223958707,0.425964621387216,0.413139555823146,0.308204656968305,1.0,1.0
72327.0,-4.19873460983989,0.194120636801706,-3.91758567828042,3.92074784640417,-1.87548574659158,-2.11893292738694,-3.61444510993627,1.68788446543007,-2.18987113590881,-4.68423332514029,4.37690666362302,-5.00744082816051,-1.30474507803596,-6.19247526385522,1.00240426741391,-3.31693430074553,-6.18883415213498,-1.04041264854272,1.23304434947994,1.0033504305956,0.801312235949018,-0.183000576489906,-0.440386862411508,0.292539411877521,-0.144967421927777,-0.251743981877142,1.24941367428483,-0.131524643545312,238.9,1.0
41227.0,-9.00135134450649,6.61328394324752,-12.4236347238918,7.51992923163014,-10.2662546389665,-2.11320754204122,-9.98428744767688,5.54194143253089,-7.38370453522347,-13.2151722995049,6.89518136811315,-13.2796997105282,0.755263578785977,-13.4170122721265,-0.210774362111057,-10.9226551270595,-21.90649321637,-8.82981976595275,1.85246698871594,-0.645393857931055,1.7758908996538,-1.22475761150578,0.0825935414630254,0.452088727391883,0.463827332847796,-0.296928065001458,0.526505578079938,-0.450890488772313,459.07,1.0
41237.0,-10.2817840384715,6.30238478416897,-13.271718028752,8.92511547634157,-9.97557831146449,-2.83251346361162,-12.7032526593299,6.70684583868978,-7.07842395823848,-12.8056831898117,6.78605830197451,-13.0642398936784,1.1795245105938,-13.694873039573,0.951479176238826,-10.9542857275047,-20.5835927904158,-7.51726213169106,2.87235363605874,-0.247647527731929,2.47941350799644,0.366932842343897,0.0428046480276363,0.478278891799746,0.157770817898023,0.329900959238367,0.163504340964582,-0.485552212695879,118.3,1.0
27163.0,-23.9141008948243,13.7659421584186,-25.7337337663194,6.2909179135006,-17.7848236618953,-4.57249762015164,-17.3907644695894,15.7941361803271,-3.81983218698836,-8.44226241787632,5.02011249777419,-7.0464278465108,0.692785249374773,-7.07689932873899,-0.0465348409616521,-6.20823797273981,-12.5320624040465,-4.82885763250639,0.978636193358608,1.64003733516462,1.77339928248294,-1.74842552125898,-1.09310448820022,0.147807442391992,1.66379235724108,-0.221024471156944,1.45807561131952,0.43031504868091,99.99,1.0
102480.0,-1.92959692675373,4.0664132778545,-4.86518400996861,5.89860229319899,-0.552492585328532,-1.55596245330906,-3.83362344068736,0.679511648528001,-3.46376549143694,-6.68368922880726,7.02127774818005,-11.1024933822497,1.71175507363653,-10.447632938235,-2.79907615915518,-6.26174085045904,-11.6471577741668,-3.45143614190286,-0.507536514254236,0.942488941965831,1.13721164676769,0.674245235425331,-0.531765489027487,-0.433409350510738,0.378658562357166,0.198107291025294,0.869694411928137,0.228047851815119,0.0,1.0
47545.0,1.17671575912859,0.557090903443645,-0.490799622910899,0.756424293386678,0.2491915585394,-0.781870546568533,0.228750322026116,-0.0408400791377636,-0.432110564245139,-0.585778431385528,2.28193937592012,0.654566719272309,-0.310379432324912,-1.04370522504569,0.513750399321109,0.399177755263914,1.14313007770305,0.256013886486252,-0.511210088142662,-0.10277180482264,-0.0621660000083396,-0.128168129786567,-0.0401759895545737,0.110040347467026,0.437891432381746,0.368808854483266,-0.0182873480981415,0.0311734033163997,0.76,1.0
48263.0,1.0647417765793,-0.768857577991847,0.89960520317577,0.0643662055363581,-1.04601725499674,0.556167296541197,-0.94393333665095,0.484141205787973,1.31710276881168,-0.277236972608667,0.430289846416916,-0.0125625699386724,-2.42581669951655,0.129235899337256,-0.462978963144534,-0.00421744581859536,0.189105412235263,-0.187358935473333,0.522933243949789,-0.152442164556541,-0.177581495391477,-0.462064495230382,0.0478994360831613,-0.283837840397738,-0.0182132677116392,0.978132612233331,-0.0449521741756011,-1.75570761039837E-4,50.99,0.0
64433.0,-1.0654689692528,0.790246463115485,1.46563036920991,-0.534056379209177,0.540748255535408,-1.23182913913739,1.08358413851395,-0.146636993905149,-0.267820343983695,-0.831182089371227,-0.884953176137208,-0.51627969194088,-1.05775882749513,0.309870597016593,-0.209553207490681,0.628467948704462,-1.02228081859528,-0.0718188407694323,-1.88927409190127,-0.408229702262385,0.0985461595544412,0.190981917248655,-0.0657620498796594,0.345278973774802,0.41108608761038,-0.650224357986026,-0.0460601251720084,0.0702130709835363,5.02,0.0
54940.0,-0.365647080773642,0.437717000052438,1.23743467618061,-1.48641731886259,0.984596191321096,0.828153439220984,0.59171477500751,0.0695147884105221,-0.392656692313968,-0.386430371419774,0.132467425957019,-0.0476271152926548,0.110686321941621,0.0270854599241775,0.704520424226542,0.636372928789248,-0.961705838637162,0.0245376668011548,1.01492827804034,0.173897799892855,-0.341896017884143,-0.930996449847171,-0.186537086334818,-1.6691663683736,-0.380638512342654,1.12340655370601,-0.184669118544965,-0.163510364338302,17.0,0.0
79772.0,-1.22105224886051,0.982042962706553,1.82689116706219,-0.422490784116854,0.659942399158567,-1.1919556286415,0.858656580507467,-0.365743206406587,-0.220812761346472,-0.361911522614637,-0.123836135839716,-0.0805219903518929,0.21892696693175,-0.774004896759685,0.616402165054644,0.490224805244941,-0.322483467013709,-0.285492326955508,-0.625329421213623,0.00139369688577293,-0.341950087676784,-0.787953110107,-0.339295060061189,0.353023043070041,0.210945493789997,-0.0115843873612008,-0.113999853795068,-0.12299850791827,2.69,0.0
77202.0,-0.356326154090313,1.43530513012275,-0.813563965472736,1.99311717679272,2.0558775401316,-0.54357866590526,0.487691066602944,0.0854488054265826,-0.536351998021526,-2.23120932812687,0.273983570211148,-0.535839387011391,0.595677221650834,-5.14182349291966,0.732366764261792,0.623912780633594,4.09098324669186,1.63408402811385,0.26084733041578,0.303261648412104,-0.312862941766726,-0.687873797330169,-0.267002508610821,-1.15848006325515,0.271459963711122,-0.155397186179697,0.114328416432227,0.101525594435204,1.0,1.0
62718.0,-1.07575830637229,0.688585378149276,1.47291151395814,0.724561174954396,0.294648213897653,2.2947428477786,-0.746743301223981,1.38937882594216,-0.0818066269961154,-0.455355504856598,1.15164437468829,0.815912965404218,-0.804882534910109,0.412892487121056,0.649664650176208,-1.30038744892128,1.11479205508148,-0.957876046294628,-0.578394589441821,-0.107849357920655,0.341841106391414,1.26621709599651,-0.127112208564329,-1.31978418909764,-0.345332406807355,-0.0346167882463963,0.380792434250068,0.0993599440470278,1.48,0.0
40919.0,-2.74048250153169,3.65809481979987,-4.11063552027473,5.34024166876747,-2.66677476000958,-0.0927818149405728,-4.38869880914515,-0.280132705503576,-2.82189458229917,-4.46628416302479,3.96979981229186,-7.34671678644283,-1.16331176961366,-8.22556891234807,0.82500183194645,-6.77286703365235,-8.81578542555918,-4.56885928410549,1.12659865645629,0.185325269832133,2.41749541196206,-0.0977119508973041,0.382154506973307,-0.154756519767143,-0.40395592644091,0.277894930235294,0.830061638644528,0.218690442242457,112.33,1.0
29697.0,1.0875029458491,-1.19076270614089,0.432455770216213,-0.384312318654118,-1.4380694850638,-0.466225715104272,-0.612869384199261,-0.075562300110481,-0.267207644348708,0.523892092714736,-1.22177219236317,-0.559539484875588,-0.464884333390505,-0.105165216329463,0.461189855822661,-1.20748299472311,0.0468672409076044,1.15618290891977,-0.54909069513839,-0.21116490701147,-0.37363452518593,-0.863057736978844,-0.0833289319446347,0.0426494099018759,0.115417785969579,1.02457252628885,-0.0672095366384744,0.034506620742211,161.28,0.0
83642.0,1.22036558734491,0.350386360889456,0.523750387395017,0.820501014905846,-0.656123924956934,-1.38488651221417,0.0771285110088262,-0.221086177769141,0.0403659306968583,-0.27445456661769,0.359673439744357,0.255145248698552,-0.159340293471478,-0.197705536070878,1.08698699978386,0.337032418485867,0.204691085720372,-0.437035610712213,-0.396558960478757,-0.118517829627223,-0.256544528095789,-0.75543499804045,0.199377343787128,0.869694388916467,0.135583194995132,0.0625143927030965,-0.0241153171964641,0.0354322158931829,0.89,0.0
81125.0,1.14179945546984,0.215339270513489,0.369188845588334,0.584157753644044,-0.260600693949807,-0.399080417430416,-0.101148276324658,0.0846338790277813,-0.198735747272252,-0.152479504777749,1.98252193006309,0.911234735411036,-0.222768958333349,0.0129060042078964,0.665495149447774,0.338807297084143,0.114041843840799,-0.279438736243087,-0.343948786254105,-0.113194801518906,-0.194136728577879,-0.594875580641619,0.168883407669779,0.175869006337342,0.0729444896917442,0.094337453919364,-0.0135291525286163,0.0198803090823151,8.99,0.0
6986.0,-4.39797444171999,1.35836702839758,-2.5928442182573,2.67978696694832,-1.12813094208956,-1.70653638774951,-3.49619729302467,-0.248777743025673,-0.24776789948008,-4.80163740602813,4.89584422347523,-10.9128193194019,0.184371685834387,-6.77109672468083,-0.00732618257771211,-7.35808322132346,-12.5984185405511,-5.13154862842983,0.308333945758691,-0.17160787864796,0.573574068424352,0.176967718048195,-0.436206883597401,-0.0535018648884285,0.252405261951833,-0.657487754764504,-0.827135714578603,0.849573379985768,59.0,1.0
35953.0,-4.84437152213983,5.64943864783758,-6.73039574613665,5.25284201867297,-4.4095661499774,-1.74076745609347,-6.31169852901067,3.44916731253577,-5.41628435913526,-7.8335555711125,3.6573495649865,-7.7814479532704,1.50772042676786,-8.60475886835984,0.0105926875670707,-6.55397325691037,-12.6243936527694,-4.98990973846596,1.64541389333247,0.284555090358885,1.19488835625662,-0.845752531858704,0.190673885417928,-0.216443252531192,-0.325033100382822,-0.270327592956951,0.210214051535782,0.391854886292055,111.7,1.0
57163.0,-10.3630494651588,4.54367201286394,-9.79589773551539,5.50800333404763,-6.03715599427489,-0.133492972364907,-11.7243461176622,-3.19834557193323,-4.76784222430147,-9.33212806886128,5.2241240042156,-7.74312234505579,-1.56034320038539,-7.14041803349475,1.18597782557697,-6.59870406570123,-12.1205390025684,-3.90409153348034,2.51343040062446,0.924396179705582,-2.45714487251707,1.68725664165106,0.977178353536712,-0.543368976583511,-0.289124786926125,-0.107586425389056,0.330641897772597,0.163577149556086,1.0,1.0
119714.0,-0.76100758995051,0.625417995714431,0.442121652919758,-0.576226793083231,0.50700078876352,-0.415418832604701,0.347487924793241,-0.0460665971640409,1.10596596674387,-0.101748592956069,-0.812061300363973,-0.629253165274982,-0.356693280514733,-1.83113609516534,0.427834551489039,0.727223614153515,0.0858691233257313,0.813094885890017,-0.698128183568796,0.254219415562939,0.0263278477035255,0.755588822356992,0.0507101589615421,0.601772507374347,-0.144805590779223,0.572540973636428,0.407666665626548,0.0416657463284209,10.46,0.0
68207.0,-13.1926709562391,12.785970638298,-9.90665002092758,3.32033688288942,-4.80117593230105,5.76005855618556,-18.7508891580107,-37.3534426378925,-0.391539743919107,-5.05250236713858,4.40680552357904,-4.61075647740608,-1.90948796970811,-9.07271093398351,-0.226074450896345,-6.21155748212485,-6.24814535335983,-3.14924669470095,0.0515761185277783,-3.49304991519446,27.2028391573154,-8.88701714094871,5.30360690376998,-0.639434802306313,0.263203123457008,-0.108876929971315,1.26956635541013,0.939407362758877,1.0,1.0
102671.0,-4.99175779387947,5.2133398229232,-9.11132629809104,8.43198635177602,-3.4355156720863,-1.8275651016855,-7.11430284412379,3.43120663145462,-3.87564287029742,-6.86850850672582,7.15062516950116,-10.2629840447185,2.73308493575221,-10.1275247811671,-0.262783621001749,-5.19027103814098,-8.6557110398096,-2.02444347438745,1.5604792800844,0.0981321924634143,1.18942283937597,0.247858476295777,0.294448330047117,-0.548503502162266,-0.174616566570794,0.406702503092405,-0.40233927269736,-0.882885795448957,0.0,1.0
47197.0,1.14706166464749,-1.06426208279358,0.278228919391031,-0.474685313487483,-1.18607113245854,-0.254894864533668,-0.70180941652447,0.191384644975598,-0.394291270286853,0.675283569862233,1.03474005401403,-0.948124264808657,-2.80355643066789,0.37943165020663,-0.726577620098245,0.450263325634848,0.97788451022671,-1.42909841078554,0.783167493021453,0.00493759008880995,0.162909166353387,0.263579262882949,-0.100249052125112,0.198015024969307,0.436364826018749,-0.145473916969259,-0.0137600055374877,0.00507291018320508,89.95,0.0
55775.0,-0.432372333578069,0.208230158930437,1.02929698510087,-1.43157673552245,-0.222868395566722,-0.62868770044941,0.515107445726671,-0.0765592971142332,1.40850585549519,-1.48377088205361,-1.36904636799584,-0.0221084709233842,-0.965598591752041,-0.0863740539174944,0.225321203778182,-1.09861737387333,0.133787243610033,0.209329621739025,1.34077020403593,-0.159972226901509,-0.0111651579631209,0.251107947589477,-0.221136803547213,-0.12906313213459,0.50416297082798,-0.621322489571828,-0.0174566021027667,-0.00535471863268291,29.0,0.0
26931.0,-22.5616992591298,13.2089042844176,-24.6438187771226,6.23253182330679,-16.905611362323,-4.49743871970001,-16.8101841919321,14.9551067734604,-3.87129682308601,-8.58126551626339,5.25698760960799,-7.39361499215009,0.538800829120431,-7.57755201800709,-0.030725531904052,-6.45478323655342,-12.8456565242928,-4.86591773720169,1.06244185030067,1.62144422472126,1.76598663639159,-1.6355166467436,-0.998316503452087,0.138972227361725,1.55935014018173,-0.22212451669,1.5044246600224,0.445919826109776,99.99,1.0
37310.0,-0.72146943205877,1.02520877975792,1.63305438085822,0.866196347995811,-0.00318266449300311,-0.384612535977811,0.764389393999082,0.0326102038841761,-0.148399665889532,-0.272058940460317,-0.197488160100319,0.394479578504238,-0.290566724365225,-0.0812078953390008,-0.327525329790919,-0.998201139970704,0.464238155730463,-0.993256574070315,-0.427114157876276,-0.0415497229321719,-0.0272318801533314,0.219719729941698,-0.0682248213423753,0.604148592156245,0.197285878294777,-0.378351700433075,0.216469478420135,0.109577687987352,16.18,0.0
73996.0,1.16847983417434,-0.455459694832432,0.863827017299672,0.183850545733811,-1.02090133087121,-0.226092277790855,-0.651365300071027,0.0568460427228013,0.986308680760691,-0.273031408028594,-1.07139727435999,-0.0233685062514147,-0.0915836060404675,-0.304173489277102,0.772220081277118,0.530831295198106,-0.414828798802687,0.0948937263223612,0.116849573575867,0.0293128684797127,0.0632099718795826,0.221807761340539,-0.126982400217531,-0.0291575688954524,0.251172185251978,1.13588287451272,-0.0470537917193266,0.0175687001818387,54.0,0.0
22474.0,1.17163506536121,-0.322738701064064,1.14468282268403,-0.579948610747197,-1.19597495886046,-0.568048577654118,-0.755987443000057,0.0228495647627187,2.84579757198459,-1.28411721316757,2.37383966487234,-1.05991735806327,1.38557457641098,1.51600870767074,-0.168872381154222,-0.328808274021239,0.41642559051696,0.903931281753118,0.562774588122041,-0.148508991569822,-0.092281357994537,0.16451214832837,-0.0196148241231457,0.496521593823129,0.412616218171008,-0.756093540714611,0.0606941482977174,0.0224531954062777,11.85,0.0
97235.0,-17.5375916846763,12.3525186682391,-20.1346128135864,11.1227714331133,-14.5710801396343,-0.381622313270995,-23.9286610291615,-4.72492103304407,-8.6030380974132,-15.2318333653018,4.41705461009659,-12.8935202086054,-0.10962845638889,-3.54722989444144,-2.17782399757845,-10.4020683266181,-18.3720191223339,-8.31409231206699,2.43582348553379,1.9251025961188,-4.35221313065903,2.38904092140055,2.01912792631133,0.627191869568278,-1.08599721239039,-0.0718032360759346,-3.83819790404877,-0.802564460951448,9.82,1.0
38925.0,1.25717646451841,0.34986167179621,0.304933879108201,0.693956730069297,-0.379005584643776,-1.07559092337624,0.0803187369700489,-0.19887264326751,0.0454793677511429,-0.27992875398086,-0.0805222318854812,0.189570277866216,0.140337965224689,-0.270599190331255,1.10324769873862,0.482416682893757,-3.34423510918772E-4,-0.28886861216581,-0.197742156662804,-0.087247364322073,-0.288876181058294,-0.836622446975351,0.13083836454809,0.34300470801394,0.213362089749835,0.0947421673212212,-0.0235375758175054,0.0305548570890041,1.29,0.0
47923.0,0.364376991240021,1.44352346510311,-2.2209073739296,2.03698508634993,-1.23705503097364,-1.72816100636381,-2.05858236489925,0.358895084111675,-1.39330570864802,-3.50579032571994,2.81431415481622,-3.34217599575955,-0.150269366634614,-4.82032224395007,1.10260955786246,-3.15703267184314,-4.40585022452865,-2.55882785118576,-0.208809536741974,0.310979602822284,0.402729680639885,-0.132128891527171,-0.0329771760409112,0.460860836846427,0.560403798330262,0.409366102366135,0.539668285308506,0.296918378210685,0.76,1.0
65795.0,1.20311570469075,-1.0163458950091,1.10226534289078,-0.559811121911471,-1.65238080390792,-0.167686837549844,-1.19878337075936,0.158239398791403,-0.310549708670905,0.660216382847314,1.07828989791978,0.0429575508615357,-0.179348948311102,-0.436002898426385,-0.297509697027852,1.40365546249439,0.08247467410068,-0.477060256168467,0.733243423693093,0.17951893465477,0.390097070857249,1.01815275608333,-0.1628042324271,0.375074137710046,0.393984291183357,-0.0685204106806517,0.0330694633802603,0.0246185179102008,67.5,0.0
50707.0,0.978700325051134,-0.0144929242297588,0.484560240296235,0.981173389611717,0.462377855389062,1.76309164149776,-0.372844195531254,0.607484844900988,0.0898202517402842,-0.187856961449393,1.99995754310156,1.78200630061237,0.176457313965198,0.21786593732392,0.11448239455969,-1.45487150942895,0.888666419692599,-2.0361124919122,-1.21482517215625,-0.258970725519407,-0.0285132194770187,0.251906524055009,0.089522150960426,-1.0015954958711,0.283970576316132,-0.346630385931712,0.103768575813928,-5.54964248356738E-4,5.0,0.0
56098.0,-1.22966891678814,1.95609915073809,-0.851197959645561,2.79698655025108,-1.91397684079333,-0.0449344462262948,-1.34073935355915,-0.5555479867039,-1.18446766006311,-3.24510859732028,2.33832327000211,-2.82004218823068,0.763325773164453,-5.41958986916794,0.0414327925041231,-4.18075778829053,-4.2850705920981,-2.53645157282245,0.93023918577297,0.270459255150975,1.20805425987967,0.277611797272191,0.0192658003152734,0.508528831195383,-0.201182897226566,-0.249600419347595,0.562238742839488,0.0753085014191344,170.92,1.0
120891.0,1.89486648643976,-0.337787223701075,-1.47405360824825,0.177862085047817,0.759443317053018,0.816095994593697,-0.0869786543629128,0.223845135298609,0.617936455941565,-0.092680172179718,-0.299171271473252,0.453233385333015,-0.3821100970488,0.390304057147174,0.687287633560512,-1.12761168669487,0.668031099328208,-2.22523390433418,-0.902623573790667,-0.273249899444751,-0.163616442637641,-0.293412416699166,0.383907586728939,-0.34189838053868,-0.415809786685188,0.342394434316458,-0.0317531097222367,-0.0651440489005779,26.57,0.0
43705.0,-0.562194505987304,-3.89465134951556,0.140923017819309,1.39275468828325,-1.81885050134119,2.36822122572189,-0.350602621631452,0.425704878164527,0.342927888825265,0.130322647796235,-0.985204521519279,0.713060646840734,0.0673918860889308,-0.774748605146824,-2.01337327722865,-1.65342279263181,0.189337485191534,1.71345554569536,-0.381071727494037,1.29966270629457,0.0505034381151168,-0.987086549350575,-0.942615379230265,-1.27472942385971,0.164183046588505,-0.279395350620802,-0.035758418350654,0.174812330851303,929.28,0.0
7587.0,-0.453836084031754,0.768604811393644,1.79275208204423,1.09876214415221,0.388613571438111,0.218205817144579,0.379396587649005,-0.030543124799124,0.917638214011905,0.0716987672560602,1.46872885251544,-2.86273359357066,0.636822502605622,1.77572878860877,0.186348431442433,0.203612759849576,0.0117088875365465,1.31414848090385,0.978050698228828,0.295365981096591,-0.192764621161531,-0.176221927928249,-0.0930509139920799,-0.477007196926877,-0.2921564003689,-0.418463222440553,0.19829823554521,-0.0295894292454938,36.0,0.0
81344.0,1.1891271750226,0.0573221090538096,-0.0410994279644446,0.49292673239925,0.00652885443670619,-0.477216706298175,0.240035287864723,-0.272368241839038,-0.0819775442082787,-0.103436607351389,-0.846779696787072,0.653151864121422,1.6653172253222,-0.0399841520625494,0.907193214030672,0.377325162354554,-0.769623426342754,-0.126446951786291,0.0332377047772557,0.1583205131149,0.0467005614802748,0.0927106049225423,-0.260245889577723,-0.368379872866927,0.654677116607266,0.468882774879797,-0.0408163624675959,0.0178818404878502,75.0,0.0
93879.0,-13.0865194204794,7.35214833905529,-18.256576111808,10.6485054461688,-11.7314764509112,-3.65916740569145,-14.8736579646075,8.81047267511276,-5.4182040716445,-13.2025771482197,6.35722736343626,-15.5316111795156,0.659694875353275,-11.4123295951252,-2.44757607431839,-9.83374302098841,-18.1746174349071,-7.269904593126,0.623796611777714,-1.37629840858733,2.7611570593153,-0.266161809571132,-0.412860724865388,0.519952215674181,-0.743908960008006,-0.167808225140728,-2.498300252188,-0.711066151912636,30.31,1.0
76610.0,0.896525977984457,-0.538680035433812,1.87079913392845,1.81677105966815,-1.16408624530783,1.27752318943912,-1.08629477457767,0.537650610190124,1.59653039514484,-0.513306986705472,-0.630648935952104,1.34439963925053,0.228272586351108,-1.11083534477121,-1.16506377741615,-1.22345271191411,0.967826604921131,-1.28353801828276,-0.693129792365004,-0.123256338350975,0.0452705088632764,0.638303743569275,-0.0409010624450186,0.154244440338193,0.368184409665237,-0.188736641316792,0.138340649420524,0.0439269419538613,51.9,0.0
59669.0,0.326006629816884,1.28663756547088,-2.00718128715265,2.41967479633278,-1.53290169734535,-1.43280331503216,-2.45952963994058,0.617737791926574,-1.12586103037287,-3.23678401592309,3.5617949640183,-3.91467935228848,-2.12495645598654,-4.45889502952153,0.578201875425492,-2.3433041192933,-5.07145010804216,-0.749172320846648,0.22842274838649,0.222666683155765,0.556894674408544,0.169775528574355,-0.174357059251063,0.308061323046213,0.710996128051644,-0.23102981819073,0.580495233837149,0.30098403791885,6.27,1.0
85576.0,-2.20763091845218,3.25907610397605,-5.43636546967173,3.68473739367705,-3.06640091036945,-0.671323195313701,-3.69617839443207,1.8222724578951,-3.04965272773018,-6.35388725151755,4.35148149710451,-6.4532473302497,-0.0614319367541572,-8.44287285721034,-0.328820639839654,-5.44079518325917,-9.5180378916264,-2.43806861829455,2.33675362049059,0.808336360421968,0.920899033968287,0.0376745089378149,0.026753977510545,-0.791488823729947,0.176492777047381,-0.136312279131778,1.08758482385547,0.373833528935625,240.77,1.0
114358.0,-0.853170886457349,0.526156387528597,1.53471007880043,-0.758450346784162,0.599408084024139,-0.0285013956503463,0.818267080807462,0.0724474352394519,-0.103174473860285,-0.284167133982075,0.50384182003586,-0.567653927868314,-2.05685470648224,0.343156563804693,-0.386313862669693,0.220742735710444,-0.659220102601551,0.498091298575083,0.202063768563672,0.168599898629586,-0.0793620443903449,-0.163040779653902,-0.313647942528772,0.730556808493621,0.563727887060257,0.300750272488496,0.032235049906202,-0.115270401124184,32.9,0.0
63372.0,1.0044831147764,-0.298622228215029,1.20916317672906,0.561569653147656,-0.396480914917324,1.43749107454659,-0.939765788361358,0.592545122172221,0.726027464442554,-0.391118297313332,0.69930565924306,1.03724363603181,0.430656134284403,-0.264406857366096,1.6655407157039,-1.05098186603388,0.97725758646045,-2.09777678029491,-1.90269293669704,-0.222590506077998,0.234347955360848,1.02731842843672,0.116265381597115,-0.562493569818798,-0.0119217217147199,0.680692150604929,0.0815234728140368,0.0117525858889553,0.01,0.0
28242.0,-2.78724793061533,-0.0713403777285035,-1.50528777523306,3.36177713733967,-3.35742166883665,0.565834734346537,0.303653111125521,0.966914484943676,-2.24588195188782,-3.65142656863483,0.987277021963291,-3.83478156926117,-0.961354142524746,-3.18216808481143,-1.1260022842247,-2.95430081252595,-5.84121800175148,-2.91043029785417,-1.15585017273094,1.60739677185147,0.882940442444742,-0.246201930041865,1.75222678458672,0.219924964544368,0.15628169505776,-0.265894317684036,0.220694023253282,0.256076869786525,730.86,1.0
65322.0,-1.18598225634876,0.127045826348655,-1.29407794123256,1.00328871743987,-3.00052147701423,2.64015964350362,4.21488490711324,-0.167387399252305,-0.979101780968261,-0.985523294572485,-1.43168278263112,-0.49863807015646,0.461498322691014,0.5509470441979,1.44220914789229,0.455412828996775,-0.426592594906391,-0.290070961654748,0.636079054832083,0.0177837576405973,-0.434432832697212,-1.23307460014449,0.951433045541489,-1.3894538158678,-0.291229145929002,-0.713561964391267,0.215977527725216,-0.265628280797407,928.0,0.0
93860.0,-10.6323749061596,7.25193622855414,-17.6810718207918,8.20414440620562,-10.1665907519072,-4.51034377036334,-12.9816061559658,6.78358879797499,-4.65932958355558,-14.9246547735487,8.38914233451929,-16.4655039422141,0.33851695978655,-14.224403603167,0.556584472572111,-11.683998043525,-15.8416159780561,-5.75319975278369,3.81304079276336,-0.810146481561289,2.71535704420309,0.695602689761576,-1.13812206664164,0.459442241911828,0.386337323495895,0.522438449202614,-1.41660373652915,-0.488307035713995,188.52,1.0
66290.0,-0.425456408971042,0.0857426110681152,1.46044131517022,0.722649838687798,-1.06885729404849,1.4014179843121,-0.699758166213202,0.848658941655292,1.20218738769164,-0.951926668850013,-2.88070348886954,0.18195199564681,0.196218987735684,-0.98769518214708,-1.36429961045907,-0.244439080195584,0.284796172146883,0.346415355340904,1.65566389818925,0.102347813232981,0.00133655570101586,0.246337977976172,0.0168140571879542,-0.928673970914242,-0.216314454832692,0.675320945936961,-0.0412911759166712,-0.0211489138830039,94.87,0.0
41791.0,-7.22273130585545,6.15577293013926,-10.8264598371575,4.1807791786876,-6.12355510135628,-3.11413648152623,-6.89511228298774,5.16151637665229,-2.51647653288733,-6.40337055173194,3.18605794805635,-6.85557098142662,-0.837722614772195,-8.03661487513855,0.956969643768367,-4.55719345408278,-7.65470424350142,-2.58841864362628,0.718555009324824,0.818859416826789,0.91270032192132,-0.630358133073199,0.190886662173033,-0.0612634320139128,0.379774656663009,-0.266845465234688,1.19369457713473,0.257468457389868,99.99,1.0
29786.0,1.20779504151381,-0.134224193137611,0.524718509288151,0.177575405011426,-0.525762759327721,-0.413177527757346,-0.172028922998986,-0.162454624809052,0.468513640552397,-0.335626630044817,-0.698882042879617,1.03908938118778,1.73300984518998,-0.467424853093203,0.359316843835823,0.15266215205418,-0.413868505298635,-0.420519983950492,0.280846070849569,0.115051227635115,-0.0540995400135609,-0.0186279334883452,-0.121645643559343,-4.07275603003317E-4,0.41776014980032,0.836278322808404,-0.0397300299150096,0.0162290379901337,45.13,0.0
93860.0,-10.8502815883108,6.72746568826853,-16.760583409542,8.42583167857118,-10.2526968683093,-4.19217104406337,-14.0770860104531,7.16828793346092,-3.68324217370244,-15.2399619587112,8.03070840755191,-16.0603057628826,0.270529742348469,-14.9529810390579,-0.241094883743813,-11.866730636746,-15.4869899240937,-5.74865155747378,4.1300314273319,-0.646818272966729,2.5416369467068,0.135534921100722,-1.02396689219897,0.40626452579196,0.106592778669641,-0.0262323892202069,-1.46463002356247,-0.411681819907858,78.0,1.0
41237.0,-10.2817840384715,6.30238478416897,-13.271718028752,8.92511547634157,-9.97557831146449,-2.83251346361162,-12.7032526593299,6.70684583868978,-7.07842395823848,-12.8056831898117,6.78605830197451,-13.0642398936784,1.1795245105938,-13.694873039573,0.951479176238826,-10.9542857275047,-20.5835927904158,-7.51726213169106,2.87235363605874,-0.247647527731929,2.47941350799644,0.366932842343897,0.0428046480276363,0.478278891799746,0.157770817898023,0.329900959238367,0.163504340964582,-0.485552212695879,118.3,1.0
44336.0,1.16248177812032,-0.246578186824282,0.806718119974896,0.0701032651466779,-1.02149198948229,-0.684784583695699,-0.47488223071403,0.0497662852038865,0.284029827289169,0.0342166572611698,1.45366387011863,0.517996749741168,-0.678365981624671,0.393210359789494,0.681846462447641,0.688618199703092,-0.573949531621787,0.400857205740437,0.0137689418729149,-0.0539586222152353,0.148155204654251,0.340238525984166,-0.0161452120236082,0.607423014469692,0.144497327095836,1.04030604875275,-0.0732170658792994,0.00479715055323349,27.99,0.0
102572.0,-28.7092292541793,22.0577289904909,-27.8558111336212,11.8450129100508,-18.9838125824286,6.47411462748849,-43.5572415712451,-41.0442609210741,-13.3201546920984,-24.5882624372475,3.48195180343701,-9.12834128617468,-3.00825547830858,0.796579962453559,-2.1022985205307,-5.66036644069929,-13.0327849564566,-5.39234917412895,-0.901040817847599,11.0590042933942,-22.7976039055519,8.31627543891357,5.46622995370963,0.0238542303884927,-1.52714472319428,-0.145225187134896,-5.68233823990698,-0.439133675051458,0.01,1.0
47923.0,0.364376991240021,1.44352346510311,-2.2209073739296,2.03698508634993,-1.23705503097364,-1.72816100636381,-2.05858236489925,0.358895084111675,-1.39330570864802,-3.50579032571994,2.81431415481622,-3.34217599575955,-0.150269366634614,-4.82032224395007,1.10260955786246,-3.15703267184314,-4.40585022452865,-2.55882785118576,-0.208809536741974,0.310979602822284,0.402729680639885,-0.132128891527171,-0.0329771760409112,0.460860836846427,0.560403798330262,0.409366102366135,0.539668285308506,0.296918378210685,0.76,1.0
55947.0,1.10871434644892,0.217193163024412,1.02745847724335,1.45385935621668,-0.484100449215667,-0.138723116092855,-0.128559265770096,0.0165676706084172,0.289098073442789,-0.212921892833922,0.0142547220966409,1.37032239465768,1.11688854437487,-0.316740088576662,-0.0276070827829577,-0.569971526006866,0.199916156802956,-1.27671845661668,-0.492348311992788,-0.10952840496146,-0.276900034421788,-0.552915054307263,0.165076108872136,0.394501745562163,0.288728162448301,-0.618789761903175,0.0707618642269328,0.0357649198947995,9.9,0.0
76262.0,0.862683474168469,-1.03951783097305,0.936794109034241,0.213978512168923,-1.27542738089129,0.408744918401786,-0.797981215419254,0.425928254137828,1.24850037363143,-0.327798653836072,0.762680517809995,0.222903016545194,-2.23281028388828,0.123313625317562,-0.500732105996531,-0.0978934256647725,0.29689119084594,-0.303228029790159,0.368986361316414,0.0409697370927017,-0.0972510435325418,-0.43195917710697,0.00354678710106939,0.0534443256754956,-0.0878474832632728,0.947258917786044,-0.0605351624994991,0.0197880013970351,143.8,0.0
116067.0,0.949240654782111,1.33351901279168,-4.85540201400676,1.83500588341825,-1.05324529225553,-2.56282606985029,-2.2869856262026,0.260906489976679,-0.895365545923127,-4.54261203828437,2.45371037821171,-4.92519869522976,-1.20041197086128,-6.42437211273331,1.01489749133407,-3.12942132163446,-5.14703878335167,-1.81543652928925,0.520496923051347,0.424608328846183,0.306598169644708,-0.854626651528392,0.101176995923819,-0.281497410249515,0.0244439388949186,-0.107944111820021,0.625288550407281,0.315677390712111,65.0,1.0
63076.0,-3.49582800886148,-4.35488171195593,0.365139293579281,-0.0891344707857024,-3.51511915323062,1.63330897206483,4.08645115446529,-0.178899990588054,0.187186954311893,-2.4581389767296,0.982215034749383,1.06990654620557,1.07591915167261,-0.0493085758303315,0.869679620087521,-0.321128530699953,-0.360888533772134,1.68929656811461,1.43718066255451,3.43235802595756,1.13232993873436,0.776851121166111,2.95923657171768,-0.086762994284668,1.10327725403934,-0.442224467811345,-0.362917872962959,0.19653657385694,1387.8,0.0
100924.0,-23.9847466495794,16.6978316913154,-22.209874815521,9.5849686202149,-16.2304387891461,2.59633265752887,-33.2393281671892,-21.5600394546929,-10.8425258685569,-19.836148851696,3.22323270290842,-10.8951335063028,-1.52345240330584,0.116303256118652,-3.09880532704263,-7.60642457511483,-18.1082610229766,-7.51186615794432,-1.24328515722898,5.80455066066397,-12.6150228644215,5.77408726884239,2.7502214496329,0.513411099654255,-1.60880380395117,-0.459624387540527,-4.62612660780224,-0.334560720645878,1.0,1.0
65728.0,1.22761441351286,-0.668973794096954,-0.271784826118016,-0.589439741635524,-0.604795004349645,-0.350284967097775,-0.486364540645055,-0.0108086285956747,-0.794944156080669,0.264544748886681,0.881268050432366,-0.324703760782435,-0.263263800489225,-1.11273543930467,-0.540849503339651,1.53341124817574,0.831442610720144,-0.473346676550517,1.19012126352217,0.273799209937263,-0.0260547222626376,-0.295254768133076,-0.180458520061445,-0.436538663158256,0.494649059264358,-0.28373826696629,-0.00112827864271304,0.0350745013143425,98.01,1.0
26523.0,-18.474867903441,11.5863805198184,-21.4029168131391,6.03851541556808,-14.4511581398683,-4.14652350569915,-14.856123673178,12.4311404723263,-4.05335328722588,-9.04039624894471,5.96620250720685,-8.46396612952571,0.0786921317878341,-9.09253265181295,0.0108220973904713,-7.1863755078292,-13.7974745003699,-4.95849390971089,1.32116655982617,1.5779244011474,1.74113559593371,-1.25113794883836,-0.396219126116475,0.0957055555718895,1.32275094272025,-0.217954564863573,1.62879253147016,0.482248274865402,99.99,1.0
93904.0,-11.3206331107815,7.1919501426236,-13.1790825454686,9.09955188204157,-10.094748875094,-2.44011507020033,-14.1843372950953,4.45250293397358,-6.24196000276902,-12.618162687238,6.05731930477932,-15.7176066468772,0.117817409556609,-8.65374335706751,-2.50255377627617,-11.2313644545234,-21.5851521412337,-9.09089206099764,1.17118873250237,-0.180934725269677,1.08223532776525,-0.350562500439559,0.483043945803059,0.661132920850802,-0.396521511995203,-0.413315388408682,-0.997547797965388,-0.235035882545031,37.93,1.0
8614.0,-2.16992897559082,3.6396539992044,-4.50849778617728,2.73066814884895,-2.12269287053048,-2.34101682766366,-4.23525308290613,1.70353765763508,-1.30527913344307,-6.7167200227127,6.35361231915591,-8.60164826276464,0.449930038237225,-7.50616937408145,-0.438081781812467,-3.69451599830956,-6.30475338603049,-1.26758712788115,0.357987030484253,0.5007790539507,0.645103275621378,-0.503529448911197,-5.22821818299227E-4,0.0716957787676742,0.0920074334247208,0.308497931577036,0.552590914653841,0.298954478709399,1.0,1.0
60807.0,-0.687764239330543,1.42938983088832,0.939714839031203,0.0970218881346272,-0.222332769630079,-1.00846724611836,0.426008079941509,0.305977622040446,-0.690107898505234,-0.763431106979594,-0.222131648663693,0.519668340559637,1.0106264007872,-0.278224224809267,0.764402032481118,0.467934164438771,0.12739361597196,-0.198699037190668,-0.100824847394131,0.069175813079498,-0.209116522594775,-0.633628461598053,0.042184979328993,0.349885778356438,-0.105525771963613,0.0717017325899458,0.123954702462578,0.0374503291164416,8.99,0.0
41194.0,-7.89688615307576,5.38101952251685,-8.45116161458266,7.96392808742307,-7.86241943013129,-2.37681997521459,-11.9497234569249,5.05135567269165,-6.91207600938549,-11.589748311433,6.64520072606617,-13.542095596465,0.888247918839909,-12.623316046432,1.00275519562895,-12.4322791426353,-23.2415971479491,-8.49529893803197,3.45394255518458,0.645974321869431,2.55794395644985,0.926277883497588,0.0327949396062788,0.638072585685807,0.361887213739485,0.444576520477986,1.10192314818996,0.205958012508108,1.52,1.0
41305.0,-12.9809425647533,6.72050777097643,-13.4556359425571,8.69861009281133,-11.4795517833437,-2.68151865053833,-14.0192907576919,8.21819051252864,-7.93089996826719,-12.6959474039839,5.58936163192341,-11.9608660326622,1.53867076186333,-9.88721406724695,0.6339792179337,-11.3502438549644,-21.7101876525534,-8.85945192496352,3.62971365041526,-0.84330261969681,2.54962823474498,-0.532227763596568,-0.235096473604284,0.673209169467055,0.22659797207791,-0.00616785819002466,-1.18569550568181,-0.747361321404312,59.68,1.0
50483.0,-1.39118329072085,-0.919157176269323,0.683104961408449,-2.14996388626222,-2.15137472194348,-0.317639901888713,0.823078344247583,0.262735134134332,-2.7156787158639,0.361653214300954,-0.281424522683826,-0.724798547190337,0.65448942281219,-0.0633068318912341,0.0292502655313807,-0.486902140709836,0.79410446158653,-0.537100602997858,-1.31957618914694,0.465928806185796,0.019322914304501,-0.285207627187196,0.963859864521768,0.314621575817445,-0.130240478316666,-0.511990834571455,0.128708850039938,0.139781290103971,378.2,0.0
68207.0,-13.1926709562391,12.785970638298,-9.90665002092758,3.32033688288942,-4.80117593230105,5.76005855618556,-18.7508891580107,-37.3534426378925,-0.391539743919107,-5.05250236713858,4.40680552357904,-4.61075647740608,-1.90948796970811,-9.07271093398351,-0.226074450896345,-6.21155748212485,-6.24814535335983,-3.14924669470095,0.0515761185277783,-3.49304991519446,27.2028391573154,-8.88701714094871,5.30360690376998,-0.639434802306313,0.263203123457008,-0.108876929971315,1.26956635541013,0.939407362758877,1.0,1.0
82610.0,-0.815277148144612,-1.23390123804295,0.741666281687968,-2.53397920188312,0.747871837361247,-0.838195980874621,-0.566758408682803,0.0319477773587002,-2.65369840191895,1.07070876327992,-0.153723221316735,-1.01709478622361,0.0653397365086285,-0.0261378174255802,-0.84695231086254,0.0319581259363432,-0.275060302663706,0.856969995128888,0.0527427436408399,-0.0778879903539939,-0.0475667293908395,-0.143776063043086,-0.104914993418588,-0.877576675402256,0.126458132882371,-0.276657009301268,0.0609140077888669,0.118792496602062,20.97,0.0
94364.0,-15.1920640113629,10.4325276778611,-19.6295152518171,8.04607504591293,-12.8381666152727,-1.87585874614533,-21.3597382791388,-3.71784952676935,-5.96978174909567,-17.1415136412892,5.90239975502551,-13.5801472568557,-0.45140689941267,-8.33476258691073,-2.02514468652193,-10.1963336944105,-17.2709851692259,-7.07909577930568,1.51769533116994,1.65747618417276,-3.47409650326971,1.76544551266317,1.70125678162665,0.381586805077026,-1.41341748729956,-1.0230778939005,-2.63476129227348,-0.463930546269812,1.0,1.0
70582.0,0.855452111117965,-0.282809330003175,0.360468840277369,1.43669719232579,-0.358709227882244,0.0571926187749143,0.115346146980123,0.10682800407361,0.0647018668815408,-0.00450265357450584,1.27647044715128,1.0719274917675,-0.642102770536085,0.386623333159943,-0.748426397446417,-0.550196243581593,0.114988631521101,-0.472699427801185,-0.194137056495863,0.0523297480176072,0.0375577022761558,-0.00785312657014734,-0.159633481188391,0.227573272257391,0.543724611232363,-0.354796063516939,0.00911490362250319,0.0295861411693791,138.6,0.0
81991.0,-0.665707326580284,0.880651097528291,1.6316598352744,1.49086776202028,-0.207651012259463,1.33335513225217,-0.246005740242573,0.777946776240512,0.274137780111232,-0.855527322941969,-1.93405972409815,1.01381608211829,0.924626947671953,-0.691531524997016,-1.48976915961537,-1.31550889280325,0.949006056166793,-0.856929469789283,1.60091415266363,-0.0313318083110839,-0.298048099830551,-0.452231830396789,-0.0503044997582029,-0.739411758969251,-0.217362287774432,-0.386622639539596,0.115281346609096,0.0870625305048073,19.78,0.0
75851.0,-4.79366743133161,3.41891065333381,-5.07444453285381,4.03598694267746,-3.52787459906065,-1.92324150219959,-5.06598083804842,1.99688475994042,-3.09737916358313,-6.44720227383046,3.77557843937585,-7.49878345527601,0.231306922054262,-8.65826843157538,1.34330765668858,-6.17333085967808,-10.7080182544535,-3.50489419159365,1.88404425730219,0.342122343012083,1.16861781897539,0.289530903898366,-0.371888203724815,0.144761276597316,0.0847348250689305,-0.19743147093529,0.328671522253493,0.835394921353057,99.85,1.0
49351.0,1.05600289709178,-0.766213545462761,0.0983218412354332,-0.391737198039763,-0.971160891019616,-1.00869250860462,0.0489719821997351,-0.339737713124201,-1.27741649487736,0.560537773469075,0.398932494730784,0.700849259949956,1.28313861956938,0.110813487440633,0.81192063714795,-1.9423137186957,0.466047270391079,-0.0113205284265903,-1.2834209834645,-0.164727065760451,-0.280661345173992,-0.567440377806765,0.0036950144626573,0.670357752106987,0.156275594991503,0.988199745556948,-0.078971787089716,0.0308129000318163,153.45,0.0
26863.0,-21.2091195927913,12.6521968313004,-23.5539329441267,6.17407791004356,-16.026658125511,-4.42219459449987,-16.2294437253382,14.1160019049786,-3.92274144947115,-8.72024451506225,5.49388683652872,-7.7408158639401,0.384814230466723,-8.078240669038,-0.0148996037313368,-6.7012888702885,-13.1592668578419,-4.90303149501704,1.1462752482696,1.60243883702914,1.75844007534189,-1.52258816196329,-0.903860197993699,0.130166452450156,1.45485651906738,-0.223214403323927,1.55092845004664,0.461459566763514,99.99,1.0
32640.0,1.15540591691184,0.208376469358812,0.368667269937708,0.582326068209865,-0.290391869416993,-0.411506587263576,-0.138748377509585,0.109987436541065,-0.135295701898985,-0.136984664218162,1.91192238011017,0.691086665403783,-0.637432857884549,0.0935437459860247,0.709944292155459,0.357248483463357,0.137450746917612,-0.230197136841896,-0.338858203053123,-0.15434280030752,-0.203252300781076,-0.624930403344971,0.180191267917514,0.164181563865262,0.0616012088464519,0.0964906168808652,-0.0148711019262636,0.0177388536411398,1.79,0.0
71301.0,1.43110432864177,-0.439030054942051,0.296154806142784,-0.780461672367264,-0.831696731866788,-0.806453919356164,-0.481372689553026,-0.187188972657179,-0.795557691388396,0.608963098802338,-0.606662550548639,-0.682422555167286,0.281656571644556,-0.148343585820357,0.809611018761416,1.34358745311634,0.0566570341275735,-1.49601791512493,0.833779969405525,0.0990781184915319,-0.165700090291323,-0.61965719955238,0.0837037114374372,-0.145826224150855,0.287304186135563,-0.486397099374089,0.00441514015131227,0.0181387741661279,16.4,0.0
46149.0,-1.34650881762975,2.13243062687771,-1.85435531823997,2.11699770636107,-1.07037837875552,-1.09267135682306,-2.23098606430574,1.03642490791919,-1.89551573571367,-3.36401057980002,2.88704787664695,-3.78445965821089,-1.28890425847532,-3.98562600822203,0.531838297985603,-2.60370264991872,-5.15759639749234,-0.696010004579956,1.28596139472532,0.221918669151309,0.609508181503446,0.202874284952422,-0.0607913872259794,-0.186733353366053,-0.0174012274970924,-0.283751034119116,0.395451049081013,0.233138575967241,1.0,1.0
60157.0,-0.594470068230851,-0.248971392627208,2.82099822716435,-1.50267922016664,-1.12051814561462,-0.299623396154555,-0.124762169171002,0.00704590294923565,-0.306976747292913,-0.0514586671573267,-1.32165163542504,-1.22750780078854,-1.56245789383292,-0.608963398692997,-0.257837464079291,-1.15385835090732,-0.0582608982156979,1.24327286995325,-1.07708668745652,-0.475214363151163,-0.493175418656989,-0.799171953751434,-0.150641444757015,0.366297094095555,-0.0634690246093139,0.852371664036788,-0.169453067618119,-0.162906285645931,19.9,0.0
91502.0,0.0073790751145725,2.36518252886777,-2.60028738169342,1.11160176466249,3.2764413263667,-1.7761407852846,2.11453088108345,-0.830084106599812,0.900489974281822,-3.37617706712688,2.05681205985716,-3.9842567303491,1.02196791340796,-5.96790496861639,-1.15160831490592,1.67973960141233,5.58611468683053,2.78913115591619,-2.24107485298106,-0.00638849728163087,-0.563944162060269,-0.902099515410175,-0.404382448597275,-0.0129439005065412,0.589836154947909,-0.734449052212668,-0.447529183217452,-0.362374775122343,1.0,1.0
29526.0,1.10280432542075,2.82916799881581,-3.93287026485548,4.70769143992869,2.93796685530025,-1.80090371765217,1.672734122106,-0.300240348680253,-2.78301108805298,-1.88484243991678,3.79256535985687,-1.46047112296734,-1.31277627644381,-7.07736060637589,-0.299466316598551,2.4932276042067,6.24498710234308,2.97174936407353,-2.67995024218857,-0.0308799718381793,-0.106994395673876,-0.250050303584088,-0.52162653336055,-0.448949514169716,1.29164648168516,0.516326673768638,0.00914628141124173,0.15331763551135,0.68,1.0
61870.0,-0.725353085479938,0.490578152602196,2.91638241495298,0.544678570526145,0.569357345900478,2.42181035902131,0.0187763151683754,0.458002613953976,0.067106661651332,-0.00827201597009439,2.04304049454221,0.674178416175684,-0.513272732669844,-0.361983130547138,1.34768237253423,-1.34283985236687,0.659367219665591,-1.13413246085987,-0.71680756452566,0.024562248241917,0.130017748263962,0.899843981704231,-0.252784692967422,-1.01493891897546,-0.207845680595512,-0.224348348059495,-0.270335227313214,-0.381087290154102,1.0,0.0
111117.0,2.08348870657033,-0.070456137432543,-1.56743535618211,0.140639943700601,0.517551329613475,-0.232564808803198,-0.126753338105579,-0.11925627962271,2.00491485771617,-0.263867697154002,1.14917526127106,-2.38020482567332,0.49051708988172,2.31399694080026,-0.358229326765132,0.137481691605076,-0.220153761641725,1.23058135886775,0.140427756576493,-0.317858167529025,0.111459102677706,0.623539027368189,-0.0476490258627507,0.0201463068623332,0.338938442251902,-0.468353636533128,-0.0357762641275997,-0.0723065836511298,1.0,0.0
71033.0,-3.17081841545902,0.185734554774403,-3.39985157931162,3.76115529034876,-2.14804702797609,-1.59894442520531,-2.51956531805231,1.31621501070214,-2.40010611621824,-4.99341703829647,4.44719176626515,-5.29376010254684,-1.41957829927441,-6.42527621352443,0.914083034195792,-3.51519716625381,-6.34745330751181,-0.90351216582405,1.19160626766329,1.93225372509724,1.09205113380931,-0.0410804286307278,0.904395217733676,0.180015601586537,0.0499703397242655,-0.257099837784436,0.859281566487016,0.225924185725605,426.4,1.0
54846.0,-2.98646550822273,-8.91229481688474E-4,0.605886830263541,0.338337780759695,0.685448451171472,-1.58195443740193,0.504206377175919,-0.233402618007887,0.636767742518801,1.01029102209398,0.00451796796642434,0.0443966388940644,0.420853062352676,-0.931614224984722,1.14797368277192,0.48306309357216,-0.152470829644753,-0.285666258848129,0.0725498490088206,-0.764274258309323,-0.875146363670133,-0.509848660993286,1.31391790371009,0.355064731381086,0.448551563224067,0.193489780350156,1.21458768687535,-0.0139228973515758,1.79,1.0
110547.0,-1.53281036094493,2.23275183861699,-5.92310007493809,3.38670841159996,-0.15344334000728,-1.41974768064009,-3.8785763388613,1.44465586239817,-1.46554214173397,-5.20833459337633,4.54630106888309,-7.76119403219115,1.15954032168956,-5.23161145654992,-0.171642119460071,-4.71982949844975,-4.84799196061678,-1.13432874514983,3.52773827223549,0.520839865969216,0.632504705856676,-0.070837950713368,-0.490291315112446,-0.359983126080465,0.0506775325943162,1.09567132878655,0.471741401676933,-0.106667140739625,0.76,1.0
34591.0,-1.42520506026822,1.44728912220415,2.72911041837583,2.67954730517613,-0.73849349892345,0.580529948629687,-0.425749519562942,0.645302563473404,-0.843093336599295,0.248721229777218,-0.319480266455612,0.509430901604311,0.617285894595988,-0.298600965300277,0.236265513014784,-0.265836859115929,0.590163637485269,-0.593059062779833,-0.206827911893241,-0.117652717485595,0.134260618869591,0.299338586214107,-0.152570189580705,0.626654101769557,-0.0706237353831789,0.0941819167992629,-0.380091884383185,-0.00120292229184474,0.0,0.0
97235.0,-17.5375916846763,12.3525186682391,-20.1346128135864,11.1227714331133,-14.5710801396343,-0.381622313270995,-23.9286610291615,-4.72492103304407,-8.6030380974132,-15.2318333653018,4.41705461009659,-12.8935202086054,-0.10962845638889,-3.54722989444144,-2.17782399757845,-10.4020683266181,-18.3720191223339,-8.31409231206699,2.43582348553379,1.9251025961188,-4.35221313065903,2.38904092140055,2.01912792631133,0.627191869568278,-1.08599721239039,-0.0718032360759346,-3.83819790404877,-0.802564460951448,9.82,1.0
2589.0,-0.287712726838008,0.652920850118556,0.671355478307091,-2.2658510960288,0.62159142990307,-0.939930684740913,1.12182093142043,-0.353091650098483,0.970924267903543,-1.13498938465057,-1.31762316802551,-0.347796131623875,-0.492260287329322,0.109321283584708,1.00668409148296,-0.266537692207152,-0.910159710889499,0.425888656231433,0.280778426691217,0.0337459845371815,-0.0108774479526955,0.332503951059338,-0.414932593957564,-0.629493641313588,0.192097187502857,-0.775553950288862,0.234596750734545,-0.0248515944904075,1.0,0.0
79540.0,-0.114360703589856,1.03612940153875,1.98440526119199,3.12824327369048,-0.740343559582751,1.54861869623,-1.70128395465886,-2.20384174839674,-1.24226477538834,0.269561809170344,1.29341829662131,0.933215784460268,-0.135325960632637,0.521483689902165,0.386884188055331,0.0598689535627266,0.306339379229928,0.265051988857439,0.223718288348024,0.732852498432027,-1.03293465200213,1.19642831010463,-0.112856718234204,0.254718993156121,0.69666788609654,0.482370416673402,0.129969314476127,0.223924333790406,0.2,1.0
40742.0,-2.37753280180283,0.520539361927579,-8.09413945532841,8.00535147326105,2.64075021376276,-3.38158645291742,-1.93437244067366,0.562322111872781,-3.10402718606356,-3.05121035544102,5.73576265915634,-4.74769250131792,-0.784223284478966,-10.7163393018774,0.656516978131348,-1.14246727231018,0.91859080878698,1.12633522330277,0.0929734778841175,-0.634747080915274,0.148284201590387,0.7210995412337,2.66129069804724,-0.508619933518595,-0.401656629278738,0.587611216267645,0.500326371108344,0.551759687906722,1.0,1.0
57905.0,1.00427869973418,0.0930093621290947,1.41969158877894,2.43771663468175,-0.396206479749126,1.31764540835894,-0.84702239675234,0.589560803164082,-0.190961739785285,0.652509965345519,1.19963498831471,0.627138835377039,-0.542666227460244,0.0444760866205986,0.00307812361527888,0.415292425539366,-0.231867179125753,-0.275151860297985,-1.49448683824932,-0.238739458963092,0.205074501923746,0.718316900535188,0.00936817928841332,-0.279573892694725,0.198811869219467,0.150106032027599,0.0648276919483716,0.0160353514793105,1.0,0.0
9087.0,1.28738544230871,0.159413331356954,0.413365207227519,0.890238979883441,-0.0747890685504211,-0.0510642033762839,-0.181300661341245,-0.179215431043364,1.82720282101368,-0.608690047757386,-0.439338514334026,-1.84522745769595,2.59917585884847,1.01852318099366,-1.17247134390821,-0.191439365065674,0.466846686275162,-0.124236257421521,0.29420953697726,-0.0825983299789573,-0.283977829903883,-0.275370401239706,-0.191023075584941,-0.418374967479487,0.704620429996319,0.448303287592625,-0.0380682368736486,-0.00202304203786836,6.99,0.0
12093.0,-4.69679522444504,2.69386747884008,-4.47513271259153,5.4676845487781,-1.55675807549758,-1.54942028904253,-4.10421487278526,0.553934075416293,-1.49846813107494,-4.59495176285009,5.27550585077254,-11.3490285500915,0.374549235103921,-8.13869488434773,0.548570894168134,-6.65359434741365,-10.2467554066001,-4.19106626655491,0.991486122257293,-0.158970548660611,0.573898081112651,-0.0801627753981571,0.318407817148194,-0.245862202650853,0.338238431564141,0.0322706213908033,-1.50845793363219,0.608074682590101,0.0,1.0
102619.0,-2.48836288474016,4.35901910783724,-7.77640985018266,5.36402677044258,-1.82387723220959,-2.44514013600669,-4.96422092061784,1.48489015991725,-2.94789885841072,-7.17534972178322,7.34365210856032,-10.178995535122,2.14215063066493,-8.98305216762269,-0.473746033414928,-8.14334226244301,-9.78567719982127,-3.08651950539248,3.37971333584943,0.792274684105994,1.32567239039937,1.02122620503862,-0.266476205063069,-0.370880444896658,0.365535186093547,0.081372023747405,0.184983040876449,-0.211582455539506,1.0,1.0
105867.0,-0.113678530223327,1.09024378002129,0.54129042429488,-0.453013138593445,0.701962708345486,-1.00612654491035,1.2126165003673,-0.659630835742167,1.32413668258495,-0.390581664418815,0.359800652800652,-1.7609966568795,2.94113383208869,1.00568054204447,-1.2384182532515,-0.292361665262945,0.133606846433788,-0.680919473255998,-0.289003056852881,0.0432621950842637,-0.412476953783375,-0.623119846998849,0.0560777028343092,0.0129125563948111,-0.514698438773974,0.0407563751748817,-0.209653321377061,-0.123195679946915,8.98,0.0
118603.0,-6.67721162487866,5.52929920087665,-7.19327456474359,6.08132107951892,-1.63607097105033,0.500609583298219,-4.64077020758754,-4.33983969614375,-0.950036405131991,0.566679814004086,4.3150759158968,-4.93828359985114,-1.10570973729343,-8.49081262174082,1.00362574598099,-1.94912326096651,-3.09301268981888,0.124087074705575,0.886746966076448,-1.11868675540655,5.56330066446813,-1.60827196122017,0.965321595694456,0.16371797930961,0.0475308707267175,0.466164782963216,0.278546743051982,1.47198811731278,105.89,1.0
70828.0,0.196706751987779,1.18975728641634,0.704882217511495,2.89138777331251,0.0455553693851548,1.24573045976205,-1.19871420021049,-2.42161641083942,-1.23208864617238,0.324238886093679,-1.27393508028395,-0.868686295319925,-1.18194465496857,1.0275841718551,1.68813234484864,0.256215978185418,0.120608339589106,-0.0523460171330233,0.329826631850516,0.646616407050903,-1.32813178943378,0.189310618105111,-0.00552418359572104,-0.814707739467747,0.400924279960331,0.286281378755055,0.135214945600326,0.257314769060283,0.76,1.0
119815.0,1.90379215439785,-1.00965937451818,-2.7622086891506,-0.350076081394748,0.141054458505388,-1.34872966852326,0.724781839775145,-0.604459437358598,-1.04131250878548,0.975969735798511,-1.23202987185107,-0.783849705999316,-0.896691702723289,0.909154933252493,-0.211291801236788,-2.18025639784066,0.213673960483658,0.805273882827317,-0.690985258692758,-0.2885589792333,-0.00982945095543844,0.105205651043921,-0.215716526289886,0.789027644575697,0.426745134306163,0.969524928529759,-0.16884295765641,-0.0545862907585589,198.0,0.0
34155.0,-1.53376661130975,-1.44654368523993,2.32239509494081,-1.4868862419601,-0.474660476873016,-0.249586742636321,-0.520310848495809,0.339939893075507,-0.894317008372134,-0.149789720794485,0.485864451995944,-0.597172246801321,-0.631594864539688,-0.479784878914997,-0.772792139429607,1.67188585811388,-0.226116008165025,-0.146881083569747,0.354261625493434,0.642547337163438,0.546764358140332,0.931413348426122,0.0990944813828125,0.0134929860773884,0.562489350035274,-0.130330983724634,-0.0313133059428783,0.0807807830001817,168.3,0.0
74179.0,0.913854039591529,-0.176291870152511,0.437020218557736,0.380283775171196,0.231730157690092,1.26935165607256,-0.305612264358189,0.516823312962451,-0.245448029838306,-0.111767635344014,2.61668133838493,1.47668949926222,0.0824916243894194,0.58990363461259,1.41769980311616,-0.817269561097123,0.608677452380585,-2.04120478017328,-1.47392910128068,-0.120592661995805,-0.0411049129728765,-0.130305481383503,0.23062412081548,-0.816095297974751,-0.175687785213087,0.187568265928745,0.0284919073280051,0.00528555045387562,54.8,0.0
93860.0,-10.8502815883108,6.72746568826853,-16.760583409542,8.42583167857118,-10.2526968683093,-4.19217104406337,-14.0770860104531,7.16828793346092,-3.68324217370244,-15.2399619587112,8.03070840755191,-16.0603057628826,0.270529742348469,-14.9529810390579,-0.241094883743813,-11.866730636746,-15.4869899240937,-5.74865155747378,4.1300314273319,-0.646818272966729,2.5416369467068,0.135534921100722,-1.02396689219897,0.40626452579196,0.106592778669641,-0.0262323892202069,-1.46463002356247,-0.411681819907858,78.0,1.0
7891.0,-1.58550536691994,3.26158454822833,-4.13742198305023,2.35709625199132,-1.40504331370135,-1.87943719306477,-3.51368687087654,1.51560674568816,-1.20716636120056,-6.23456133227108,5.45074606689486,-7.33371406736393,1.36119332407831,-6.60806825219469,-0.481069424899829,-2.60247787045261,-4.83511205239717,-0.553026089102902,0.351948943356815,0.315957258937511,0.501543149467536,-0.54686881157389,-0.0765836358993043,-0.425550366841581,0.123644186352002,0.321984539336613,0.264028160503965,0.132816719764592,1.0,1.0
94362.0,-26.4577446501446,16.497471901867,-30.1773174564996,8.90415677106517,-17.8925996927224,-1.22790388102871,-31.1973285494605,-11.43892041491,-9.46257260540015,-22.1870885620007,4.41999660154863,-10.5923050053728,-0.703795803703315,-3.92620731586873,-2.40024649210124,-6.80988994039049,-12.4623149481086,-5.50105078380738,-0.567939572890149,2.81224110932946,-8.75569832116533,3.46089334478551,0.896537503959012,0.254835536763482,-0.738096558530353,-0.966564233789852,-7.26348214633855,-1.32488430656137,1.0,1.0
120881.0,1.73196151412539,-0.503399655988945,-1.47444994631185,0.826778904808225,-0.0166402328504385,-0.249458390013931,0.0120996799510903,0.00563661144197695,1.21700367033711,-0.711228149803105,0.427868092728865,1.08102351330253,-0.628136196769303,-1.22551159791048,-1.99856091654827,-0.366080490241052,0.941644688092858,0.151068975707669,0.801720270497764,-0.0133535762850615,-0.313866905885739,-0.768872156592123,0.0754719325449723,-0.506203201431462,-0.0460906764884182,-0.506306767684786,0.00663158732791172,-0.0175454343399658,122.08,0.0
56233.0,-1.23672160567887,-0.7955896362721,1.92179551749083,-2.26752636311107,-0.540457866542389,-0.544270968433847,0.215732196643764,0.198438840603007,1.43989057207132,-2.02694597680031,-0.568193219839735,0.124040757097529,-0.798491175865861,-0.172708096091459,0.981374105913766,-0.462038114036488,-0.0486746562276142,-0.0122045332041279,-0.364856913164924,0.264291076861617,0.338986789895589,0.743892402415804,0.137931197814158,0.109459597962351,0.177154336819706,-0.0203469644516866,0.043151780283003,0.115945865036801,150.0,0.0
75381.0,-0.36401674738824,1.17637446261283,1.31949044603308,0.0595517358662481,0.17075423551837,-0.98311504567737,0.753423980714532,-0.131740060100201,-0.558071035351025,-0.538728240031147,-0.0279010455405994,0.510151557553376,1.22408367479618,-0.647875334376378,0.774334905908678,0.330780606335831,-0.0555565887553372,-0.272208415519264,-0.0958744522021255,0.190673388214918,-0.249330380009635,-0.601873368227656,-0.025761033535968,0.359029922546114,-0.121654637137284,0.0685687260989686,0.252132864598097,0.101253815742616,1.29,0.0
65640.0,1.18324241656966,-0.646345081852802,0.69113971934266,0.377155626806254,-0.976364392598161,0.379489205185079,-0.948329302948973,0.334595304855978,-0.716080571679256,1.01058472494437,0.610155839462463,-0.537428276495774,-1.65459164723245,0.575536190598625,0.868673490729348,-0.949093147914959,-0.333081017525578,1.94660624917131,-1.32761530295649,-0.605391570877995,-0.19152985091331,-0.209371000053604,-0.0114736198704597,-0.394264673341642,0.249655071911552,-0.263524804309879,0.0626646985716817,0.0217990526629317,39.0,0.0
44106.0,1.12932082058682,-0.681657446505546,0.756056652866243,0.459282637079133,-1.05600984402718,0.148113110019169,-0.710733581921328,0.0814427328058687,-0.768600291414965,0.815105076881861,0.569816483038797,0.881336645443109,0.78957719135491,-0.175011825524035,-0.414164626989556,-1.17313896008038,-0.460359316659201,1.97423369276208,-0.728908156776604,-0.332783649600762,-0.160490029107083,-7.17720649375161E-4,-0.178517835905967,0.013600009899134,0.528816021020796,-0.229753338837066,0.0628168455789377,0.0351839075559264,85.0,0.0
68207.0,-13.1926709562391,12.785970638298,-9.90665002092758,3.32033688288942,-4.80117593230105,5.76005855618556,-18.7508891580107,-37.3534426378925,-0.391539743919107,-5.05250236713858,4.40680552357904,-4.61075647740608,-1.90948796970811,-9.07271093398351,-0.226074450896345,-6.21155748212485,-6.24814535335983,-3.14924669470095,0.0515761185277783,-3.49304991519446,27.2028391573154,-8.88701714094871,5.30360690376998,-0.639434802306313,0.263203123457008,-0.108876929971315,1.26956635541013,0.939407362758877,1.0,1.0
108580.0,-0.485585972472254,1.17274559245417,-0.362874621929075,-0.109137202512656,0.338211348011644,-0.909783395862432,0.390894035530268,0.346537856856574,1.13983711023584,-1.37932712340031,1.51040145384732,-2.25281281511894,0.468625211205463,0.797222039338475,-2.35726882218296,0.174012654994634,1.54056802469137,0.999440374448971,-0.210530593033455,-0.1797118251863,0.0333875243609679,0.475025049056492,-0.221382509411119,-0.0288283900669048,0.00283688570128544,0.622154337391179,0.108534268878609,0.0362329102051757,11.5,0.0
120783.0,-1.49190426398572,1.4712223485469,1.85337194595046,-0.644743291198058,0.402206379145951,-0.749996179021718,0.791648600076317,-1.3339868506911,0.646538215486599,-0.481640745973962,0.288736590766203,0.72413097905961,1.37240021367298,-2.24764651638637,0.377890573678758,0.14459015954444,0.286088218158529,0.0720775063552734,-0.497358580973826,0.197107021326125,0.39333887347892,-0.727637073162165,-0.244634819656535,0.342698420163452,0.426047381849058,-0.585720269303503,-0.120020380692329,-0.172354882184799,6.95,0.0
64052.0,-1.32002853328688,1.63527302334389,1.50410955966056,-0.208552665970156,-0.130906876530129,-0.750571804399338,0.858289155621994,-0.180442297808413,0.374730228729965,1.06739400350607,0.594174636894516,0.510476407829742,0.556960284732193,-0.421032739241484,1.0813877057347,-0.444006247221546,-0.0998680641193176,-1.14856282835943,-0.665894457192019,0.667376629516031,-0.333023072149297,-0.389897018673921,0.0760425515844113,0.590131000370623,-0.132697634834978,0.055639022315226,0.537781964858068,0.170587742126678,8.9,0.0
77969.0,1.2717276773387,0.097034873830599,-0.263257159520141,-0.228326813983546,0.173571138462261,-0.474312067154788,0.270138675520388,-0.154783824361975,-0.362351612988591,0.00524267485242143,0.878330262706276,0.994141599274174,0.697760778547567,0.455079190760855,0.151083172967831,0.540936423050493,-0.801253400370872,-0.301126623818615,0.883831681421578,0.0533219960279356,-0.427441493994676,-1.34288292951321,0.0609079577969234,-0.496944504042389,0.197277297704776,0.653629111261291,-0.106686594508399,-0.00961104618002662,31.76,0.0
18675.0,-12.3396031574122,4.48826730168204,-16.5870729373632,10.1072738734101,-10.4201989827431,0.130669811857349,-15.6003233044816,-1.15769598093331,-5.3046309683427,-12.9389293107706,8.80568196718575,-13.5561301301468,1.16546376028499,-9.80988150207055,0.369987279150665,-9.50521044515487,-17.5420303090874,-6.79263778723153,2.06937744931751,-0.0855014634055812,-2.0896096332232,1.74531450014405,1.37681580939778,-0.554271418366818,-1.61074085196174,0.153725444536768,1.2124772080589,-1.86929047595671,188.78,1.0
52934.0,1.03663855772541,0.407227280182074,0.75770616494457,3.16182144737059,-0.568122226356034,0.202180695126505,-0.68980405626803,0.41137993906161,0.336769232300548,-0.283731283967387,0.90311745288141,-0.158825775049249,-1.93070901899978,-2.37665364067708,-1.8101724846962,0.935791272330693,1.59150614830401,1.25947071382768,-0.666806394320072,-0.219461074162075,-0.0501076222906236,0.123760575662397,-0.132567901550036,0.350230553629671,0.507701400813083,0.189620904934317,0.0610156660255082,0.0631412801847289,0.76,1.0
74405.0,1.24117120213192,0.226555331491068,-0.0687505621410389,0.864490343951761,0.289497045374079,0.126233747341132,0.0324805723740769,0.0121824216286536,-0.211808124722447,0.225260830264256,0.254266118454624,0.531084295376634,0.272779085237425,0.436033062166159,0.312006543992825,0.683607780078974,-1.15393964655356,0.796745001964262,0.248801339670048,-0.0515187093448981,0.0565384332862358,0.15049165797486,-0.281771725341385,-0.817503306039635,0.797208320958028,-0.228231164528551,0.010441082681352,0.00324202188972689,20.97,0.0
37167.0,-7.92389070083426,-5.19836019923329,-3.00002392240282,4.42066620155728,2.27219396451756,-3.39448342909715,-5.28343533467969,0.131618922476372,0.658176428693037,-0.794993881662565,3.26606601582438,-2.71918495125522,-0.124103963275087,-5.274865818881,0.638575002552638,-2.99583037811248,-4.69843344927136,-1.71187122467509,3.02526099185501,-2.16981089222224,-0.734307916555449,-0.59992625988411,-4.90830117586834,0.410170234644792,-1.16766024989313,0.520507647303451,1.93742140287106,-1.55259283870249,12.31,1.0
62341.0,-5.26775974325256,2.50671895922695,-5.29092481764433,4.8861341982102,-3.34318841087649,-1.10008548506579,-5.81050918581537,1.72634335514407,-0.749277159995058,-4.83482799462627,3.54601225001006,-7.75128547808951,-1.19569394502348,-10.0185024459282,0.29639612212368,-7.47716172698803,-9.78580026201852,-4.24397714797126,2.68112678165858,-0.286043269744833,0.764265624858483,0.473261684078133,0.54848172305712,-0.15685005182413,-0.71018694460215,-0.366422677340972,-1.48676592030738,0.677664104601632,1.1,1.0
36412.0,0.754938004436682,-0.527832999485112,-0.124173673711464,1.51895885544777,-0.351241852268952,-0.352473666314014,0.433442735928109,-0.0680877849193267,0.263469646129525,-0.108087750007863,-0.685535292097607,-0.435455992365846,-1.69453001879824,0.645170197136077,0.443342844713877,-0.565209948554414,0.264278628470686,-0.647268177312453,-0.55061783431102,0.16327815655016,0.112571672253884,-0.0738035955822242,-0.299644375934813,0.0583080095653582,0.628798803352736,-0.249944090929176,-0.0276971560313275,0.0466289093004453,231.45,0.0
34521.0,1.08123377540659,0.416413936043849,0.862918740651629,2.52086280678918,-0.00502050005851413,0.563341022808024,-0.123372251574041,0.223121852791809,-0.673597550149872,0.644549730341658,1.1205051770709,1.23777331256672,0.342362114422749,0.0383719793321978,-1.19450308848281,0.0854063439558358,-0.219143226460215,-0.694259215394403,-0.655269928208246,-0.16524877677618,-0.159387123973102,-0.305154013019185,0.0536197364326817,0.0117614442207135,0.375145782072105,-0.106298753298543,0.0210082653765087,0.0105592082435436,1.52,1.0
53031.0,0.206075454303215,1.38735982061524,-1.045286987034,4.22868619369076,-1.64754917421782,-0.180896946218666,-2.94367757476862,0.859155533266087,-1.18174300683428,-3.09650359868717,3.20091235546057,-2.45083242908802,0.316619878616412,-6.39717031528651,-2.12972836543767,-2.42737307534442,-4.44847225233098,-1.21222044988735,0.0346554556282822,0.351484399563241,0.46919942584802,0.344930464195865,-0.203799378001586,0.376640378487856,0.715485489514387,0.226002880910544,0.628544616302757,0.319917987612491,0.76,1.0
8614.0,-2.16992897559082,3.6396539992044,-4.50849778617728,2.73066814884895,-2.12269287053048,-2.34101682766366,-4.23525308290613,1.70353765763508,-1.30527913344307,-6.7167200227127,6.35361231915591,-8.60164826276464,0.449930038237225,-7.50616937408145,-0.438081781812467,-3.69451599830956,-6.30475338603049,-1.26758712788115,0.357987030484253,0.5007790539507,0.645103275621378,-0.503529448911197,-5.22821818299227E-4,0.0716957787676742,0.0920074334247208,0.308497931577036,0.552590914653841,0.298954478709399,1.0,1.0
61740.0,-1.29351066849866,0.785499788945237,0.930732379790329,-0.0448651197585102,0.460518343143509,-0.227536491515568,0.022858570570526,0.610321469021502,-0.866885708014654,-0.717944034129694,1.17403417818201,0.539000191554377,-0.21001608210293,0.206081119040874,0.485784156885088,0.483477616354235,0.117805441386061,0.129454226139265,0.0632172581857181,-0.102341276953392,-0.0640957389083807,-0.504582742396287,0.0329806365993676,-0.359468346415141,-0.366597979855429,0.0685964747905926,-0.180780971986619,0.0436693004168429,1.98,0.0
41305.0,-12.9809425647533,6.72050777097643,-13.4556359425571,8.69861009281133,-11.4795517833437,-2.68151865053833,-14.0192907576919,8.21819051252864,-7.93089996826719,-12.6959474039839,5.58936163192341,-11.9608660326622,1.53867076186333,-9.88721406724695,0.6339792179337,-11.3502438549644,-21.7101876525534,-8.85945192496352,3.62971365041526,-0.84330261969681,2.54962823474498,-0.532227763596568,-0.235096473604284,0.673209169467055,0.22659797207791,-0.00616785819002466,-1.18569550568181,-0.747361321404312,59.68,1.0
76826.0,-6.61629292560656,3.56342789803106,-7.05890129814843,4.28434595524384,-5.09629887292392,-1.76861780360559,-4.93755412732933,2.74845954534783,-3.79675959454545,-6.8254901042394,3.25959475409854,-6.94389061823948,0.43597516308899,-6.94701030902337,1.01100406527995,-6.16683742461485,-10.564346602529,-4.01018815310236,2.14350179519978,-0.54163415582255,1.21597610572025,0.0411777442210425,-1.05909770217904,0.275662062254882,0.057424927985318,-0.265838484019501,-0.514636936427821,0.388590269335523,254.76,1.0
62143.0,1.23938381383262,-0.0456848363782352,0.350371694617523,0.248715222618168,-0.435078433348504,-0.403466757422102,-0.174464844417596,0.0328156305215588,0.28874677756234,-0.0445509163822294,0.811841811169852,0.632696187578244,-0.695310175541795,0.358674556930317,-0.307141271228402,0.219721993593177,-0.407929054072697,-0.00808370324919857,0.649507951501565,-0.125812754905748,-0.225347120477697,-0.597276460993117,0.0188829595612555,0.0172115944349985,0.317404999719474,0.450871211464114,-0.0516063480746014,-0.00450930754454526,4.0,0.0
73312.0,-0.474112522210074,1.02290348042466,1.78154455760321,0.102695094490054,-0.328436168999639,-1.20917602996072,0.718240216843126,-0.0990595511161044,-0.428474110033083,-0.31474450390054,0.0727107561418627,0.113253018423234,-0.0853932785591832,0.180535096262938,0.812945677981735,0.0448044046927103,-0.198091640569379,-0.520462424802985,-0.187895965155207,0.0951727018676056,-0.188385476071864,-0.500262593950843,0.0606511372628553,0.897264272176177,-0.262903776258832,0.0381214791415947,0.263239849713944,0.127156539273251,8.06,0.0
68207.0,-13.1926709562391,12.785970638298,-9.90665002092758,3.32033688288942,-4.80117593230105,5.76005855618556,-18.7508891580107,-37.3534426378925,-0.391539743919107,-5.05250236713858,4.40680552357904,-4.61075647740608,-1.90948796970811,-9.07271093398351,-0.226074450896345,-6.21155748212485,-6.24814535335983,-3.14924669470095,0.0515761185277783,-3.49304991519446,27.2028391573154,-8.88701714094871,5.30360690376998,-0.639434802306313,0.263203123457008,-0.108876929971315,1.26956635541013,0.939407362758877,1.0,1.0
72562.0,1.12540702528383,-0.653027202363366,1.08542263231302,0.174866388549651,-1.38123761184665,-0.110897058838424,-0.894782171418948,0.336592090725833,1.31828686346992,-0.220454846769101,0.48075940482284,-0.0519131242405677,-2.58128909815743,0.138479129054176,-0.728822904689204,0.195781484763201,0.0351428092802207,0.164969811850724,0.765942874745843,-0.181325984743705,-0.197811586368918,-0.51473012639916,0.0785450635805772,0.349527359062699,0.0149517270161286,0.930845330382629,-0.0577905222906219,0.00264054961042966,30.0,0.0
31802.0,-0.730021613195221,0.47893386633623,-0.366286233139933,-3.14044093812948,2.27809167570118,3.15544014036863,0.134415385315372,0.94394163669166,1.37078817529419,-1.27265021371326,-0.665271435921074,0.435250851649386,-0.423274776112235,-0.171447388110425,-0.387708941334211,-0.612292230616361,-0.606911770618004,0.250529953211122,0.412662274003703,0.166392768186346,-0.0667739260858636,0.12313033594345,-0.327715608913841,1.02249009310802,0.480390956554427,-0.796288379812504,0.520189649699926,0.253793034731629,2.0,0.0
91075.0,-1.85506070184998,1.55496360697718,-1.40580882850107,0.669327345741316,-0.280229520106465,1.17865246733203,-3.45997906611492,-2.81515495312599,1.24222876512242,-4.15635447965382,2.20944075185923,-5.12231410931103,0.66129710617156,-3.10393771952109,-2.41086973192388,-2.42501563217886,-3.96062268909989,-0.125017788038036,0.60039728842723,0.536916458029193,-0.0953083066630984,0.94662891847112,-0.297402959067305,-0.368343891207103,0.198731156287359,-0.0785905919566464,0.366709355889324,0.0737667168278096,38.76,1.0
86190.0,-1.14282513043779,0.981832326510297,-0.684107592949698,-2.43476293940589,1.85607619080439,3.06498039083455,-0.425543508608646,1.40165627546511,0.190939025291141,-0.205671467871771,-0.335522476218971,-0.0106167808725082,0.00123526281378243,0.236867280003286,0.70129879005242,1.06186464046065,-1.04262249096578,0.080377495721467,-0.451005293542738,0.266508548933676,-0.183185007178573,-0.619616455421057,0.0326638969299531,1.02325289088838,0.036854889907635,0.751130206752202,0.270761248455167,0.118660063777323,7.68,0.0
41791.0,-7.22273130585545,6.15577293013926,-10.8264598371575,4.1807791786876,-6.12355510135628,-3.11413648152623,-6.89511228298774,5.16151637665229,-2.51647653288733,-6.40337055173194,3.18605794805635,-6.85557098142662,-0.837722614772195,-8.03661487513855,0.956969643768367,-4.55719345408278,-7.65470424350142,-2.58841864362628,0.718555009324824,0.818859416826789,0.91270032192132,-0.630358133073199,0.190886662173033,-0.0612634320139128,0.379774656663009,-0.266845465234688,1.19369457713473,0.257468457389868,99.99,1.0
68207.0,-13.1926709562391,12.785970638298,-9.90665002092758,3.32033688288942,-4.80117593230105,5.76005855618556,-18.7508891580107,-37.3534426378925,-0.391539743919107,-5.05250236713858,4.40680552357904,-4.61075647740608,-1.90948796970811,-9.07271093398351,-0.226074450896345,-6.21155748212485,-6.24814535335983,-3.14924669470095,0.0515761185277783,-3.49304991519446,27.2028391573154,-8.88701714094871,5.30360690376998,-0.639434802306313,0.263203123457008,-0.108876929971315,1.26956635541013,0.939407362758877,1.0,1.0
14152.0,-4.71052878230567,8.63621438967976,-15.4962220036783,10.3133493732845,-4.35134098287048,-3.32268873543923,-10.7883728387388,5.06038112024979,-5.68931118776998,-11.7121866242875,11.1524905985837,-16.5581971409376,0.302644522406362,-17.4759212828566,-0.412393267331071,-10.222203169604,-13.7991476446987,-5.00858517858957,1.16202614780693,1.43423977941906,1.9905453513529,0.223785002572736,0.554408428563337,-1.20404159623154,-0.450684594730258,0.641836059375492,1.60595762479265,0.721643614506061,1.0,1.0
76752.0,0.582477244427118,0.426884373823386,0.049408559600503,-0.362663375384191,0.220193010166771,-0.685666024632284,0.558671619239756,-0.480185112913888,-1.49025154338667,0.648979617926587,-0.631175965734482,-1.40865387843936,0.231097839632136,-1.07696525534423,1.21047343805352,0.634936915621291,1.24131479226122,-0.856031448629008,2.65286784133773,0.40943358002792,-0.133526289005987,-0.242696999040283,0.147209651062389,-0.539243210283144,-1.32796153376403,-0.463101654074862,0.11072910161965,0.039341460042606,22.94,0.0
33789.0,1.23861908488131,-0.103180115938796,0.0387434624183831,0.404850187073639,0.29173712867504,0.971500403286083,-0.323946931177601,0.254004812894229,0.407791906553415,-0.093421697424218,-0.0364154463232739,0.938589315989697,0.33224946586177,-0.100661570379219,-0.779367154105333,-0.0785970629598807,-0.391514550849171,-0.10741575245595,0.62924335226184,-0.0875954944700235,-0.0966544875282733,-0.0059990239351135,-0.241325851130193,-1.27338474837867,0.673954171394914,0.534321070268096,-0.00283938749116537,-0.0163140078439791,4.73,0.0
35771.0,-3.21895201068387,2.70853541135777,-3.26304158740062,1.36186594394607,-1.64577567536596,-1.85298187130258,-3.06995821412732,-1.79687585578416,-0.213356097435365,-3.55198400939375,3.77974953895486,-6.98477147722078,-1.14097718858781,-9.37787845231763,0.921463506707037,-4.65207119462111,-9.09423129737693,-3.08254995409724,0.132330776389272,0.571654488206511,1.80787725006384,-0.890421395077162,-0.325814386573867,0.123039596922715,-0.0930137472776971,0.232105969675678,-0.310518998304807,-0.745294626799623,60.6,1.0
47826.0,-0.887286905534409,1.39000150924187,1.21968581996397,1.66142517591961,1.00922783931161,-0.733908444749524,0.855828927220991,7.68462281197611E-5,-1.27563149417191,-0.433393925731893,0.141178993422237,-0.46034845602669,-0.367867931021877,-1.16833941780754,0.152107630618373,0.882231823726865,0.601804858067329,-0.304092391463557,-2.19176427800358,-0.268347371086252,-0.0837343767453397,-0.346930257215667,-0.0506187067885922,0.23104442462061,-0.450759875468406,-0.376205380931623,0.0345043694610426,0.157775320404088,7.58,1.0
27521.0,-0.599420016561772,1.01307456696954,2.40721912738236,2.65311425189787,0.107037738256155,0.561447658777816,0.0838519475664951,0.274427366637451,-1.61051619813835,0.740388500527549,0.810123599872925,-0.0355769433382185,0.062015492403956,0.2885847990277,0.893138291895916,0.480691433524786,-0.455369024806325,1.07045341180282,1.06450861864643,0.261404786378998,0.227769465406887,0.547653201291565,-0.289655268478075,0.00614492987719297,0.13487324755036,0.356171748224958,0.0844424381157823,0.0843616315031503,18.61,0.0
47923.0,0.364376991240021,1.44352346510311,-2.2209073739296,2.03698508634993,-1.23705503097364,-1.72816100636381,-2.05858236489925,0.358895084111675,-1.39330570864802,-3.50579032571994,2.81431415481622,-3.34217599575955,-0.150269366634614,-4.82032224395007,1.10260955786246,-3.15703267184314,-4.40585022452865,-2.55882785118576,-0.208809536741974,0.310979602822284,0.402729680639885,-0.132128891527171,-0.0329771760409112,0.460860836846427,0.560403798330262,0.409366102366135,0.539668285308506,0.296918378210685,0.76,1.0
47826.0,-0.887286905534409,1.39000150924187,1.21968581996397,1.66142517591961,1.00922783931161,-0.733908444749524,0.855828927220991,7.68462281197611E-5,-1.27563149417191,-0.433393925731893,0.141178993422237,-0.46034845602669,-0.367867931021877,-1.16833941780754,0.152107630618373,0.882231823726865,0.601804858067329,-0.304092391463557,-2.19176427800358,-0.268347371086252,-0.0837343767453397,-0.346930257215667,-0.0506187067885922,0.23104442462061,-0.450759875468406,-0.376205380931623,0.0345043694610426,0.157775320404088,7.58,1.0
92112.0,2.00275366992643,-0.0933844463883311,-0.303290804649111,0.503916264159488,-0.173270605678584,-0.0997221721076387,-0.529704155532753,-0.11652891441155,2.35731603895513,-0.587045261925388,0.283004634393378,-1.33119487540286,3.10925243642438,1.11529716976269,-0.132237029415986,0.105938659810105,0.0991745406458269,-0.0975870276468161,-0.298784717778124,-0.161420514023301,-0.324967788191807,-0.496992438461269,0.397078318315804,0.532325009974881,-0.384681473020912,-0.6881896833031,0.0156332126373662,-0.029379977720771,5.0,0.0
59840.0,-3.21538175967748,-0.364223121381638,-1.26188334354906,3.79494903930385,0.71120593031272,-1.31647560298004,-5.16514055601052,0.625278383544947,-1.582300584728,-3.25263359468289,5.04075120270381,-5.31444220386187,-0.656470662006063,-6.23304367078495,0.974771279276835,-6.8903177453801,-9.51641148491956,-4.36412771489086,2.59857755637223,0.0196261688931224,0.40134124079647,0.152191258747201,-0.93467547449829,-0.256148382367333,-0.469403308828214,-0.282495914081921,0.86607691066145,-0.433465943783225,5.91,1.0
76867.0,1.08256623409747,1.09486151295003,-1.36702004784737,2.01255429562949,0.708142047645968,-0.807712094137058,0.151952109111841,0.158352530916403,0.00987228422733163,-1.92527812380296,2.60593702345612,-0.309218873424363,-1.76754891562268,-4.42919458671376,-0.171939794624445,1.05551393649543,3.9705869371836,1.76224857169611,-0.880812102847679,-0.135789404251701,-0.32528376499397,-0.734343617700577,-0.106725343342181,-0.224999064492694,0.569167327221417,-0.33503264926341,0.0891401408869493,0.11233722000597,1.0,1.0
55966.0,-0.433399349886103,0.628566363619207,2.8357331391937,1.25891332034086,-0.633123103912088,0.0634298258431016,0.0688536400912121,0.0797885521590319,0.352825821240985,-0.0942463509701077,-1.0709906623762,-1.42182001611626,-2.27340226216438,-0.0413865403668459,1.27281166719974,-0.186616906473195,0.0252042248208122,0.757276666751578,0.731393507045511,2.5342115514429E-5,0.100849357460775,0.524566838816583,-0.388547431538992,0.355896084565713,0.184730834499467,-0.082393548214192,-0.041550687099999,-0.135562189507806,1.0,0.0
94364.0,-15.1920640113629,10.4325276778611,-19.6295152518171,8.04607504591293,-12.8381666152727,-1.87585874614533,-21.3597382791388,-3.71784952676935,-5.96978174909567,-17.1415136412892,5.90239975502551,-13.5801472568557,-0.45140689941267,-8.33476258691073,-2.02514468652193,-10.1963336944105,-17.2709851692259,-7.07909577930568,1.51769533116994,1.65747618417276,-3.47409650326971,1.76544551266317,1.70125678162665,0.381586805077026,-1.41341748729956,-1.0230778939005,-2.63476129227348,-0.463930546269812,1.0,1.0
118832.0,2.16276011705106,-1.23888526327376,0.0636617767121922,-0.91255469128743,-1.48098400348394,0.0134609381525017,-1.67521130867498,0.127731347168932,0.713709555459907,0.689093620450421,-1.56980104463242,-0.777108554875016,0.386043240467962,-0.895883289925313,0.69410643684451,1.88282547217045,-0.365570283252864,-0.419707445490704,0.463375329359229,0.00411827847644708,0.375717850136614,1.1859620552054,0.102516053431882,-0.684163160676267,-0.32483768673484,-0.0464542421266076,0.0541286517631289,-0.0387379303108531,11.99,0.0
57108.0,1.1922742012473,-0.374408040508274,0.405436535944553,-0.586206887805982,-0.86510765998,-0.753856893684639,-0.238065570610394,-0.0141133015205481,1.77830697471083,-1.14019808256779,-0.262721695469551,0.587042759464559,-1.170895419235,0.165132134286232,0.574946479469429,-1.50719113354917,0.718421102445424,-0.684744724980009,0.447315336213227,-0.234835542246537,-0.00267201925499074,0.326649604474535,-0.0925047493546191,0.41791132996947,0.714535331450409,-0.572180670463121,0.0768768400331984,0.0184037726655136,9.95,0.0
62341.0,-5.26775974325256,2.50671895922695,-5.29092481764433,4.8861341982102,-3.34318841087649,-1.10008548506579,-5.81050918581537,1.72634335514407,-0.749277159995058,-4.83482799462627,3.54601225001006,-7.75128547808951,-1.19569394502348,-10.0185024459282,0.29639612212368,-7.47716172698803,-9.78580026201852,-4.24397714797126,2.68112678165858,-0.286043269744833,0.764265624858483,0.473261684078133,0.54848172305712,-0.15685005182413,-0.71018694460215,-0.366422677340972,-1.48676592030738,0.677664104601632,1.1,1.0
28625.0,-27.84818067198,15.5981926625554,-28.923755945104,6.41844174657532,-20.346228155413,-4.82820246578157,-19.2108964179086,18.329405525597,-3.66873493861418,-8.00915938639777,4.30309581759563,-6.00866000668561,1.1389688287939,-5.58044712038062,-0.11073711578577,-5.49107326163426,-11.5885435992809,-4.71542017123115,0.734573493016404,1.69785626318366,1.8021491336386,-2.06293427611466,-1.26984343615924,0.165409188492223,1.99949911253199,-0.211058522431997,1.32480949279508,0.388090177732107,99.99,1.0
62874.0,-0.44246657527147,0.538783983695602,1.67805360403558,0.329965615448564,0.53689832368534,-0.336384651277158,0.705902521470615,-0.320510107553345,-0.645622471260034,-0.202231064898178,0.0576947678056958,0.544914867910515,1.18063489328038,-0.245113857517451,1.09295260037248,-1.52460164474428,0.848347663205214,-1.0007611902659,1.86319632726372,0.419177526548545,-0.0102287333392268,0.323380485700532,-0.31205340617148,0.228570041919317,0.198107874342904,1.40360358007452,-0.15881260658479,-0.162308269776572,8.87,0.0
55311.0,-6.15960693036327,1.46871292315117,-6.85088814665684,5.17470627250374,-2.98670392387712,-1.795054145699,-6.54507152628193,2.62123613805269,-3.60587012643541,-8.12216107491307,6.02903256317613,-9.22585530778592,-1.54675863096913,-10.3093341893072,0.308062393533042,-7.78732622111619,-12.8221770045808,-4.36767713342358,2.64398422133793,-0.289829585956863,1.06131418230601,0.125737468595024,0.589592331660844,-0.568730604518481,0.582824720935876,-0.0425826450995479,0.951130233081124,0.158996023697089,0.83,1.0
43304.0,1.18213538459319,0.112668489826738,0.121548468096303,0.470392671525216,-0.116386581585191,-0.12671064546155,-0.203977547056517,0.193581164682311,0.0361643218891078,-0.112317611194714,1.28380509344664,0.0394387038408778,-1.43924611911169,0.241117574164818,0.84775522527165,0.554974713815978,-0.00443949047040592,0.0541980878746048,-0.134131876423018,-0.18392528521452,-0.245349806090994,-0.798930959711705,0.120652994637509,-0.392443130838268,0.100319143239103,0.131900504503339,-0.0224066190808948,0.0113297726516438,6.99,0.0
76857.0,1.14020795371139,1.15643107873873,-1.47157796740819,2.07627840454674,0.774809058745551,-1.00253195191231,0.264947929409663,0.0131622605764724,0.248835339320523,-2.10066651278309,0.763204840843787,-0.94491647902938,-1.41903447142202,-4.68361969585018,0.51928230124953,0.908454083367609,4.13366666889167,1.30620452511785,-1.09471647432252,-0.125097258302807,-0.387894980568907,-0.866811936205838,-0.121582639900783,-0.356108586349469,0.634572810783188,-0.306311023397994,0.0940868179231164,0.121064728484123,1.0,1.0
57007.0,-1.27124419171437,2.46267526851135,-2.85139500331783,2.3244800653478,-1.37224488981369,-0.948195686538643,-3.06523436172054,1.16692694787211,-2.26877058844813,-4.88114292689057,2.25514748870463,-4.68638689759229,0.652374668512965,-6.17428834800643,0.594379608016446,-4.84969238709652,-6.53652073527011,-3.11909388163881,1.71549441975915,0.560478075726644,0.652941051330455,0.0819309763507574,-0.221347831198339,-0.523582159233306,0.224228161862968,0.756334522703558,0.632800477330469,0.250187092757197,0.01,1.0
94141.0,-13.5120737201635,8.21517673687939,-16.5826057272747,6.20736889019759,-11.3184715177058,-2.99720698778128,-17.6404704062016,0.0403490750758574,-5.62023218946632,-15.1237521803455,5.93465734341534,-14.1750301634055,-0.169044491655796,-6.55255368427192,-1.57000723316824,-12.1725530183154,-20.1645422294456,-8.66881519685045,2.55087034384644,0.694574465326517,-0.907905601256761,1.5140282763652,-0.141879203311202,0.789185965955202,-0.0313427677694401,-0.255056581600699,-1.86583088908172,-0.442204311521227,45.48,1.0
65728.0,1.22761441351286,-0.668973794096954,-0.271784826118016,-0.589439741635524,-0.604795004349645,-0.350284967097775,-0.486364540645055,-0.0108086285956747,-0.794944156080669,0.264544748886681,0.881268050432366,-0.324703760782435,-0.263263800489225,-1.11273543930467,-0.540849503339651,1.53341124817574,0.831442610720144,-0.473346676550517,1.19012126352217,0.273799209937263,-0.0260547222626376,-0.295254768133076,-0.180458520061445,-0.436538663158256,0.494649059264358,-0.28373826696629,-0.00112827864271304,0.0350745013143425,98.01,1.0
76857.0,1.14020795371139,1.15643107873873,-1.47157796740819,2.07627840454674,0.774809058745551,-1.00253195191231,0.264947929409663,0.0131622605764724,0.248835339320523,-2.10066651278309,0.763204840843787,-0.94491647902938,-1.41903447142202,-4.68361969585018,0.51928230124953,0.908454083367609,4.13366666889167,1.30620452511785,-1.09471647432252,-0.125097258302807,-0.387894980568907,-0.866811936205838,-0.121582639900783,-0.356108586349469,0.634572810783188,-0.306311023397994,0.0940868179231164,0.121064728484123,1.0,1.0
77015.0,-1.88293417924086,-0.26763013537779,1.05972530187422,0.405704136791138,1.43096212404255,1.56101665009832,-0.47460015064738,0.518526117799129,0.199866244355259,0.276851461518888,1.47704245014912,0.614103222711608,-1.0853327543165,0.185278483265818,0.56982529384274,-1.57638631583389,1.11782922894323,-1.76380324979848,-0.00756973583205495,-0.70194304169296,-0.0547018219193971,0.276773304940294,-0.322774550797912,-1.27946487297714,-0.823255359895164,0.363407384104982,-0.377193902767783,0.302224884396199,23.57,0.0
55113.0,-1.35796065940468,0.498355613021363,2.03360618857764,-0.661284723247329,0.0463094133416961,-0.82367410100893,0.170142676195287,0.00605027982698502,-0.0662398652566507,-0.340020989801666,0.186090280362058,0.0763742735647407,-0.0261996009963076,-0.0236508496962259,1.4001566373753,-0.128854269439425,0.0812284124697578,-0.833750327618364,-0.197481019113609,-0.0527756302167712,-0.0991178107028678,-0.153310388702169,-0.253984738000754,0.466417307809978,-0.0726367092340263,0.946053713490041,0.0580490695391146,0.0944278879802752,20.7,0.0
13126.0,-2.88004235163471,5.22544230971559,-11.0633302799459,6.68995065770063,-5.7599239886738,-2.24403079081521,-11.1999752166959,4.01472180864313,-3.42930426351801,-11.5619497720699,10.446846814514,-15.4790524832016,0.734441608104148,-13.8837785491112,0.821439545395249,-11.911483017197,-18.1030037037729,-6.83783453880068,3.12692935212663,1.19144396640797,2.00288287701632,0.351102064721284,0.79525514045211,-0.778379381413672,-1.64681511254223,0.487538823287331,1.42771309550336,0.583172486219188,1.0,1.0
121367.0,0.0539376482469406,-0.450812674027095,1.08565092941178,-2.48451256273763,-0.366027163170323,-0.173896483073215,0.0556015693613153,-0.266495752138262,-2.39422855976054,1.22526192484713,0.443405035470105,-0.532545025859726,0.608932852219212,-0.538101323789923,-0.966791246505832,-0.729241740129015,0.211007332226417,0.51558778717156,0.638442730354133,-0.162661196694907,-0.102909380860597,0.325751627664357,-0.243437801026595,-0.395897721409314,-0.207009796586933,-0.116403037364343,-0.0147204752428392,-0.094475442762992,20.0,0.0
102489.0,-2.29698749921502,4.06404334190313,-5.95770634516933,4.68000806392241,-2.08093759960382,-1.46327216002463,-4.49084686931735,1.02924628254192,-1.59324925133839,-8.99381088354112,7.86446740028511,-10.6498396512844,1.82659101647783,-12.9136317373077,-0.766330314740752,-7.95409770929125,-7.80963509977466,-1.71851117214548,3.83298514230067,1.26495379665956,1.08908418394041,0.975397809530551,-0.62553033358642,-0.535180928107126,0.247435028956319,0.160399507909509,0.969581605226584,0.335041293733825,104.0,1.0
121731.0,-1.86527488292916,0.196872765208391,-0.533463164926645,-0.311065323514613,2.21873960471973,1.2170102208643,0.511824097510483,-0.144186810241065,0.756046725082362,0.939435431853425,1.07622927100838,-0.955163050226886,-2.37069846363561,-0.91973826377969,1.04315423907104,-0.771235814755769,1.02456979173605,-0.579432243288051,0.560813589595043,-0.348459104911375,-0.430021426171003,-0.559204513209593,-0.701499244038919,-1.02449467949475,-1.09808917234843,0.226233696858839,-1.07202498223183,-0.922523443249417,16.37,0.0
29509.0,1.00933334984658,-0.0268534056465868,1.56324911469009,2.80665265977266,-0.755242483681586,1.04041255527724,-0.835851175986401,0.520254860683269,0.303874513291209,0.531738151526734,0.607306526466447,0.742126062354121,-1.06861069901095,-0.326267475509629,-1.86258442431902,-0.0882607036209199,0.152074418865007,-0.231904626364405,-0.707150085294285,-0.264587383792245,0.105262480198371,0.621239286106103,-0.0785113563215924,0.245368429171429,0.459124093882483,0.215687472904923,0.056233255822499,0.0138536229603846,1.52,0.0
11635.0,0.919136507326981,4.19963266902077,-7.53560659365729,7.42694037455047,1.11821533001319,-2.88672235145027,-1.34103599607144,0.363933268353337,-2.20322443100109,-4.13784019622865,4.57011280759332,-7.62916958856017,1.73391746350254,-9.44037499459843,-0.0233533498971062,-1.23395828198259,1.63200885764087,1.3157345644727,-0.287188855297045,0.535434663150233,0.316093599204254,0.0551792270194195,0.21069215028398,-0.417917881438145,-0.91118827562932,0.466523924588163,0.627393270472548,0.157851282541588,1.0,1.0
49989.0,1.20239794975588,0.182475803486266,0.612998694245588,0.556190570144048,-0.549530125673017,-0.792317867251371,-0.0570358692789132,-0.0543857504023092,-0.18265016284642,0.11168901130044,1.6137840927304,0.963740886298025,-0.109331715150601,0.508692432236691,0.349822646212516,0.453895836430257,-0.582083789300423,-0.0763072027637898,0.0955681241528993,-0.107902075337654,-0.195685928933015,-0.619306640740999,0.152778321450296,0.522040448089705,0.149719656030345,0.0654639508629215,-0.0346296919271083,0.0102933869287639,1.98,0.0
77171.0,1.11855963468941,1.29185826269199,-1.29880532614411,2.13577170090141,0.77220369761071,-1.14729144173341,0.390577698285265,-0.107072317539989,-0.0383392686455211,-2.15251889070952,1.35275258963919,0.092848590126307,0.273152694590986,-5.01220235869184,0.303552415334761,0.731437272149243,4.15208557256771,0.985358288437165,-1.22925431837217,-0.0235757902669068,-0.346373779572415,-0.663587986293548,-0.102325808556082,0.0179105750224893,0.650301613577378,-0.332365629546077,0.105948676665863,0.12812372864866,1.0,1.0
48219.0,-5.05567780264955,-11.313427580116,-2.4833861624236,2.07628790633808,-4.38414667480867,2.09937653176799,2.92361088341716,-0.361142533207233,-0.505818453345526,-1.04736588325998,1.37882938568603,0.724753912417917,0.438588558912097,0.0854844341554119,-0.458642331623665,0.775336308900719,1.10347349665181,-1.28105899333285,-0.555708367479028,6.59712774853005,2.07468471547265,-1.18983643110709,-2.80334235579509,-0.0800476941226317,-0.987360054488601,-0.548528175905792,-0.529961191635131,0.573039215329712,3253.61,0.0
30959.0,-2.60164074471809,1.6960896036149,1.14861584139078,0.491805560694932,0.654892924719236,-0.360360660319075,1.62089683170806,-1.78286323115293,1.75933405505039,3.52560997245774,-0.235908854546611,-1.10575869976283,-0.692042242461815,-1.34923259395921,1.72376812913125,-0.916251947607193,-0.807362035436692,0.00815555860375022,0.927396934868073,0.189217835142691,-0.118889399642953,0.341887044943616,-0.533962257014026,0.0307746163437237,-0.0732569525751122,-0.518945663290085,-2.49726138534215,-0.399076403752991,30.27,0.0
102676.0,-5.55212217135236,5.67813391258695,-9.77552798040134,8.41629539413803,-4.40984381923171,-1.50623535484733,-6.89983879692634,3.75044289681131,-3.8797925578861,-6.86416435989436,7.05106508958574,-10.1375291936462,2.81543981456255,-9.90916805374299,-0.262229551498562,-5.02255717747726,-8.52297487191683,-2.01293906157489,1.52573244095261,-0.0647801372282915,1.12847223060537,0.228484046768752,0.286257667302864,-0.536294098099933,-0.104924889157331,0.420919229293903,-0.297556884880609,-0.946184387308798,119.74,1.0
48380.0,-2.79077103894771,-1.46426898705405,1.03116500769674,1.9213560843992,-0.0900138203463016,-0.483871347899329,0.780731181206493,-0.348775795673106,0.609133451935087,0.225933803313285,-1.06453419450651,-0.787372737955552,-1.57646958451914,-0.126756361711439,0.367012281940972,-0.635321654596588,0.327006411459276,0.0438160872305435,1.40357376229763,-1.37672077946455,-0.392667221970544,0.440019838749267,0.777659196131864,0.418551935584405,0.244563185949918,-0.159360689127314,0.0605395343366452,0.356958362771354,208.58,1.0
45150.0,-0.634326848492404,0.77714884274428,1.43855612169054,-0.198190778827299,0.519018282178848,0.293897236455985,0.857124483950778,-0.103585267463773,-0.117543398180547,-0.0109735301734063,0.272948082022817,0.684815170873498,0.368074607107367,-0.380078008729098,-1.06485435791951,-0.0785618462354869,-0.647966163867278,0.158512288451449,1.00940027502477,0.21293601526731,-0.225497385240138,-0.255617856608105,-0.25709593363342,-0.485111604247917,0.0606768080716581,0.234423715448689,0.0298770857909837,-0.0713302076163258,29.44,0.0
70828.0,0.196706751987779,1.18975728641634,0.704882217511495,2.89138777331251,0.0455553693851548,1.24573045976205,-1.19871420021049,-2.42161641083942,-1.23208864617238,0.324238886093679,-1.27393508028395,-0.868686295319925,-1.18194465496857,1.0275841718551,1.68813234484864,0.256215978185418,0.120608339589106,-0.0523460171330233,0.329826631850516,0.646616407050903,-1.32813178943378,0.189310618105111,-0.00552418359572104,-0.814707739467747,0.400924279960331,0.286281378755055,0.135214945600326,0.257314769060283,0.76,1.0
7535.0,0.0267792264491516,4.13246389713003,-6.56059996809658,6.34855667313983,1.32966566904142,-2.51347884762413,-1.68910220031328,0.303252800547589,-3.13940905736457,-6.04546779778801,6.75462544809695,-8.94817857893317,0.702724998099873,-10.7338541032306,-1.37951985681718,-1.63896011485587,-1.74635013628103,0.776744097926754,-1.32735663549015,0.587743219006407,0.370508651493253,-0.57675247317433,-0.669605371766238,-0.759907529538618,1.60505555017462,0.540675396428899,0.737040381683977,0.496699108168337,1.0,1.0
29753.0,0.269614090485094,3.54975512877325,-5.81035344453706,5.80936957402456,1.53880793351049,-2.26921913566818,-0.824203333436328,0.351069915343584,-3.75905945636624,-4.59238980599474,5.47939151009669,-5.65785754091816,-2.6480760898503,-10.3848897408947,-0.225946407826958,-0.701882908954806,0.409735840500415,0.939603694029483,-1.95429995537505,0.310524633435283,0.371121111209288,-0.322289520392532,-0.549855883222537,-0.520628958812409,1.37821038664663,0.564714292689441,0.553254713878568,0.40240000915925,0.68,1.0
69394.0,1.14043132434726,1.13424300279892,-1.42945474072655,2.01222598912655,0.622800198240135,-1.1529230868157,0.22115947772768,0.0373717733484629,0.0344859259841517,-1.87964382107016,2.19166507997652,-0.487849732811135,-1.75713709936308,-4.46105120749925,-0.402884205654366,1.4109171085787,3.61925125200524,2.28492676267757,-0.443999191918561,-0.0997118777920308,-0.367136001490949,-0.891627120817809,-0.160578066799212,-0.10832596200032,0.668374321480191,-0.352393242949003,0.0719927692746503,0.113684370071235,1.0,1.0
41505.0,-16.5265065691231,8.58497179585822,-18.6498531851945,9.50559351508723,-13.7938185270957,-2.83240429939747,-16.701694296045,7.51734390370987,-8.50705863675898,-14.1101844415457,5.29923634963938,-10.8340064814734,1.67112025332681,-9.37385858364976,0.360805641631617,-9.89924654080666,-19.2362923697613,-8.39855199494575,3.10173536885404,-1.51492343527852,1.19073869481428,-1.12767000902061,-2.3585787697881,0.673461328987237,-1.4136996745882,-0.46276236139933,-2.01857524875161,-1.04280416970881,364.19,1.0
73203.0,1.17122894570615,-0.351360827576521,0.190953760872188,0.372257888267923,-0.0914162407585761,0.707832600033709,-0.455416305976522,0.187916186612206,0.793856807517272,-0.222912144288157,-1.7082444600306,-0.257697663658862,-0.0564408642526388,-0.151541989591624,0.885925542448754,0.281808263479105,-0.444429688303456,-0.0665699006116045,0.00585481358189321,0.00432589539738521,0.0499940900492057,0.213015378899262,-0.280195537883493,-1.25400964637444,0.537157580729663,0.718775014262677,-0.00886799709438764,0.00786044641425553,61.0,0.0
113752.0,2.07347869918481,-0.151290580452876,-1.6582171719096,-0.0426514673329382,0.428609647283045,-0.328970244583261,-0.0046529420540727,-0.0680314984636538,0.652326610917123,0.0948054786803783,0.361873409972831,0.37345082281232,-0.767238731920074,0.805894906757016,0.327810615710075,0.117959984864501,-0.937926406840137,0.874544873417824,0.302170978781168,-0.252291840722853,0.273326206602205,0.861491349436411,-0.051501439831439,0.195174831846217,0.361863493618496,-0.437475947558648,-0.00629324517129279,-0.0639906740367112,1.0,0.0
20451.0,-15.8191787207718,8.7759971528627,-22.8046864614815,11.8648680803607,-9.09236053189517,-2.38689320657655,-16.5603681078199,0.948348594786058,-6.31065843275059,-13.0888909176936,9.81570317447819,-14.0560611837648,0.777191846436601,-13.7610179615936,-0.353635939812489,-7.95744722625995,-11.9629542349435,-4.7805077876172,0.652498045264831,0.992278949261366,-2.35063374523783,1.03636187430048,1.13605073696052,-1.0434137405139,-0.10892334328198,0.657436778462222,2.13642447085514,-1.41194537483904,1.0,1.0
41243.0,-10.9407391093978,6.26158585106885,-14.1823387841287,7.18360208606589,-9.95136334372547,-3.86082033664669,-13.5473021949163,7.09647164642187,-6.29402944276594,-13.6081431627279,7.12716532148781,-12.6110036871047,1.21455639781013,-13.9062968240505,1.51406990634864,-11.1257390593549,-19.7162573051191,-7.5527890897252,3.65678707068496,-0.0883420818722748,2.26744826134981,-0.492029167950335,-0.239302865923644,0.454368210214217,-0.101611062526814,0.446996732737119,0.062292646721181,-0.439769899530758,45.49,1.0
96135.0,-1.95293262584861,3.54138524292281,-1.31056140773257,5.95566359407,-1.00399266347247,0.983049267722507,-4.58723460197373,-4.89218360319852,-2.51675203271071,-2.85032390160027,2.02467408050134,-6.48774641306604,2.37646259977422,-2.24151634571345,-0.566869734947616,-3.93685691797738,-6.12719357199364,-2.32855196140235,1.56212955232854,1.96502978343686,-1.99809122812016,1.13370623369264,-0.041460872197789,-0.215378738296157,-0.865598577097396,0.212544577403768,0.532896738259478,0.357891632792824,18.96,1.0
34308.0,1.05702356429363,-0.325213269033786,1.21656805832502,0.716083072391009,-0.873241924570421,0.491376258461808,-0.781243313252506,0.354652600375017,0.671861835178186,-0.123262601845453,1.17917071242068,1.19274548302178,-0.0994930726900382,-0.168933813879091,-0.2421531836144,0.0714717372049515,-0.1439162260642,-0.180111531986828,-0.114893017240783,-0.0840360814997309,-9.49507218131157E-4,0.143356223042283,0.0308656542628035,0.0535924784603198,0.142708376246014,0.327408145360741,0.0256139443048329,0.0169575167760283,28.75,0.0
41305.0,-12.9809425647533,6.72050777097643,-13.4556359425571,8.69861009281133,-11.4795517833437,-2.68151865053833,-14.0192907576919,8.21819051252864,-7.93089996826719,-12.6959474039839,5.58936163192341,-11.9608660326622,1.53867076186333,-9.88721406724695,0.6339792179337,-11.3502438549644,-21.7101876525534,-8.85945192496352,3.62971365041526,-0.84330261969681,2.54962823474498,-0.532227763596568,-0.235096473604284,0.673209169467055,0.22659797207791,-0.00616785819002466,-1.18569550568181,-0.747361321404312,59.68,1.0
61884.0,-0.772620438539798,0.695461750980414,1.1540063366379,-1.93218293997301,0.0301292246359414,-1.43154137462775,0.948674744688202,-0.327937259815159,0.599803802700772,-1.36261648336187,-0.309066859651209,0.495842251816679,0.162057794533684,0.155221603213805,0.916891901532065,-0.435527466770306,-0.461781022416887,-0.171219785853652,0.137843972514037,-0.17313773474485,-0.0337533752938674,-0.11912129214461,-0.0795180460256534,0.378554796494155,-0.0179297024411025,-0.913381941842003,-0.13548071802814,0.15228533300393,15.2,0.0
66083.0,-1.08875167818878,0.714852609859685,2.33579989619328,0.0572120517681872,-0.789868628715756,0.592091326927777,-0.544031644095023,0.973873158858663,-0.0229694026866729,-0.859477605090471,0.623509486489451,0.155126936790189,-1.67214903251447,0.350706935888015,-0.260167728101722,0.125973434473919,0.176538722640628,0.22625798086897,0.152759372893893,-0.242360548246967,0.0613901357676474,0.109850798745328,-0.18201833005412,0.0209629489198021,0.0321867986161148,0.369641411624459,-0.064960374250492,-0.00601913139835186,2.49,0.0
97667.0,1.97985278230436,-0.566716187411603,-1.57426981014681,-0.593881893550256,1.82001594542552,3.81882648009596,-1.2525544866506,0.945704247595572,2.21764203194212,-0.361912405348249,0.924536490383327,-2.08002514110556,1.62723619459879,1.52262234751122,0.213883290824571,0.340218010255694,0.133287947762738,-0.275167184024683,-0.403663688354548,-0.143818341661938,-0.365903536284436,-0.81943471849043,0.46905987413057,0.636021831419944,-0.625217126007453,0.25513938979294,-0.0428933495219542,-0.054729973345345,12.99,0.0
68207.0,-13.1926709562391,12.785970638298,-9.90665002092758,3.32033688288942,-4.80117593230105,5.76005855618556,-18.7508891580107,-37.3534426378925,-0.391539743919107,-5.05250236713858,4.40680552357904,-4.61075647740608,-1.90948796970811,-9.07271093398351,-0.226074450896345,-6.21155748212485,-6.24814535335983,-3.14924669470095,0.0515761185277783,-3.49304991519446,27.2028391573154,-8.88701714094871,5.30360690376998,-0.639434802306313,0.263203123457008,-0.108876929971315,1.26956635541013,0.939407362758877,1.0,1.0
81093.0,1.07236232244844,0.300872097663822,0.119568922383326,1.29055451040502,-0.0424504903793459,-0.819566504008819,0.534265753560161,-0.204405971482753,-0.356429469794387,-0.0117135810259021,0.213738938654952,0.475292447547923,-0.0832253041332154,0.614725019562583,0.905508888851047,-0.433614675757731,0.060657035772871,-1.22699752944043,-0.649879705847264,-0.0714593199818748,-0.245206781106344,-0.827787116024701,0.107210729858423,0.362349108174565,0.364260020213272,-0.643923335380262,0.00168529019098828,0.0307116413943446,64.4,0.0
66037.0,0.286302363835244,1.39934474808556,-1.68250270884931,3.86437703955242,-1.18537340204974,-0.341732013808781,-2.53938012266357,0.768378375007388,-1.54788162780199,-2.65971794652165,2.6215881261205,-3.46236188507757,-1.05430017332918,-4.95582330430277,-1.40027445820489,-2.33994291742419,-5.19779447735003,-1.34281449785555,0.288846910516582,0.270360155086889,0.352456413618901,-0.243677652080658,-0.194078546536702,-0.172201087463232,0.742237197555102,0.127789797006944,0.569730790365159,0.291205858831994,7.53,1.0
62341.0,-5.26775974325256,2.50671895922695,-5.29092481764433,4.8861341982102,-3.34318841087649,-1.10008548506579,-5.81050918581537,1.72634335514407,-0.749277159995058,-4.83482799462627,3.54601225001006,-7.75128547808951,-1.19569394502348,-10.0185024459282,0.29639612212368,-7.47716172698803,-9.78580026201852,-4.24397714797126,2.68112678165858,-0.286043269744833,0.764265624858483,0.473261684078133,0.54848172305712,-0.15685005182413,-0.71018694460215,-0.366422677340972,-1.48676592030738,0.677664104601632,1.1,1.0
39926.0,1.21171129835331,-0.690946946595308,-0.13900222390509,-0.828463179224127,-0.464339206413725,-0.126151948951102,-0.369021780219304,0.140209684485701,-1.15315161323589,0.753958095641583,1.71426333928346,-0.55270418190941,-1.68592720251435,0.704958998011782,0.44426306618808,0.537025369750528,0.806844152574907,-2.10401831817264,0.354781094888377,0.00126372915634798,-0.0263541681466309,-0.360381433050043,0.0966933056529183,-0.34830491834766,0.198571490760181,-0.408567492548879,-0.0133486913568649,-0.00153882199436227,61.43,0.0
56252.0,1.19625222834618,0.269798059649717,0.638997839469888,0.639674691370087,-0.382487820243865,-0.691496234699695,0.0430369704740955,-0.132096717853932,-0.0992289099760762,-0.132875830163612,0.430729003320656,0.97761147669316,1.01891403390021,0.131624825092615,1.17409951052775,-0.12166409080391,-0.0705407485782928,-1.19382219432222,-0.60542727571193,-0.0872031280008416,-0.199846493864131,-0.505481657220761,0.19770606396691,0.416309192795326,0.127756409645347,0.101509844870344,-0.00688812023055692,0.020457709007053,0.99,0.0
40742.0,-2.37753280180283,0.520539361927579,-8.09413945532841,8.00535147326105,2.64075021376276,-3.38158645291742,-1.93437244067366,0.562322111872781,-3.10402718606356,-3.05121035544102,5.73576265915634,-4.74769250131792,-0.784223284478966,-10.7163393018774,0.656516978131348,-1.14246727231018,0.91859080878698,1.12633522330277,0.0929734778841175,-0.634747080915274,0.148284201590387,0.7210995412337,2.66129069804724,-0.508619933518595,-0.401656629278738,0.587611216267645,0.500326371108344,0.551759687906722,1.0,1.0
73546.0,-1.35621296071822,-0.972421733272722,1.98181227527837,-2.38750377948048,-0.446341383170698,-0.328126991533764,-9.64555880528427E-4,0.406982339066359,1.29573475359488,-1.84811062902249,1.02200389076588,0.420494555332199,-1.70930537720568,0.203392928600913,0.354632576415079,-0.183954648391411,-0.264212103825152,0.443367488468738,-0.0399712018103694,0.232177493035144,0.252119798561998,0.368007157471239,0.224054135598121,-0.00544018601374432,0.0232608277671387,-0.179153890192605,0.0290146267479264,0.105693424758482,145.0,0.0
11635.0,0.919136507326981,4.19963266902077,-7.53560659365729,7.42694037455047,1.11821533001319,-2.88672235145027,-1.34103599607144,0.363933268353337,-2.20322443100109,-4.13784019622865,4.57011280759332,-7.62916958856017,1.73391746350254,-9.44037499459843,-0.0233533498971062,-1.23395828198259,1.63200885764087,1.3157345644727,-0.287188855297045,0.535434663150233,0.316093599204254,0.0551792270194195,0.21069215028398,-0.417917881438145,-0.91118827562932,0.466523924588163,0.627393270472548,0.157851282541588,1.0,1.0
20451.0,-15.8191787207718,8.7759971528627,-22.8046864614815,11.8648680803607,-9.09236053189517,-2.38689320657655,-16.5603681078199,0.948348594786058,-6.31065843275059,-13.0888909176936,9.81570317447819,-14.0560611837648,0.777191846436601,-13.7610179615936,-0.353635939812489,-7.95744722625995,-11.9629542349435,-4.7805077876172,0.652498045264831,0.992278949261366,-2.35063374523783,1.03636187430048,1.13605073696052,-1.0434137405139,-0.10892334328198,0.657436778462222,2.13642447085514,-1.41194537483904,1.0,1.0
61392.0,1.17579603711638,0.124236892108962,0.497464543876141,0.458032848835872,-0.270706760637437,-0.207000427559882,-0.148003270304023,0.103847825245199,-0.155798345334678,0.0715410476677324,1.63217653828357,0.923531329049239,-0.200926849933748,0.545844874485069,0.628511081619085,0.226495415648234,-0.372562914344429,-0.444957807241898,-0.184006250264886,-0.142096586518714,-0.183518680616759,-0.55113740230197,0.159058184649901,0.00134945594863575,0.101169295724416,0.108427370141262,-0.0189148481817796,0.00436956781631323,0.89,0.0
83714.0,1.3173167405381,-0.0304166831285991,-1.08887420957644,-0.557891572888897,2.03090758398803,3.26777335810845,-0.536307538382075,0.808507056702977,-0.0526074300105419,0.0016098608293766,-0.0286231138293639,0.0736157381871928,0.0411083258287644,0.4252763533373,1.24515198854109,0.640236936918507,-0.91026585408312,-0.0689009379979755,0.255583870795422,0.0149360585081709,-0.31390731697027,-1.06841186785593,0.10466919151745,0.992074915285032,0.369761663773935,0.110479134339301,-0.0281150089500041,0.0116639301385116,0.99,0.0
117292.0,-0.690584818715384,1.21442597291587,-0.197476423777351,0.920756436855007,0.729655624281304,-0.643753555023272,1.10769437450723,0.0638513824465651,-0.736872085975882,0.296022643247253,0.495632695014748,0.222495014915292,-1.18370618553949,0.929942859665655,-0.917743901843323,-0.963600823046687,0.0752620874791253,0.21607326290294,1.0368348916927,-0.0881615316649508,0.150349526946428,0.756140640455564,-0.0939006520321066,0.00818516911959814,-0.0157016215860756,-0.425763575542168,0.0402583164104467,-0.0802364104983453,18.61,0.0
93742.0,-3.29112509261551,4.4011941515981,-8.39421162258901,4.45357956949695,-4.79005451824953,-4.24018208232724,-9.21900099642753,1.97402995723142,-2.91294270907847,-13.540168238225,9.41303953977606,-18.0475965708216,-0.728186553999085,-15.3930448312636,0.3494850489774,-13.30388757707,-21.2979057823155,-7.26231079476482,2.27422550991903,1.4908691418867,2.10234346771868,0.597370314627801,-0.328086184026121,0.445752402449364,0.585280580866405,-0.399005421878678,2.11600444233121,1.05074380386505,1.0,1.0
83736.0,-1.43617006823767,1.24261596036493,1.49072412445696,-0.539732913874918,0.0118880104239513,-0.60512382879737,0.360384725009215,0.492183304485193,-0.536329330636602,-0.787191946010712,-0.415311243396314,0.0519626532246499,-0.245799823329425,0.464087083277635,0.738984482470992,0.287044190726049,-0.170871714359475,-0.822537472073162,-0.999666146146791,-0.135270795706261,-0.176027126535515,-0.675938183570974,-0.148959686967956,0.0479135105602332,0.195928476777984,0.0471666815424674,0.010641329584342,0.010805952148331,0.89,0.0
8451.0,0.314596589729515,2.66067027657541,-5.92003738034463,4.52249960508858,-2.3150272861839,-2.27835165394776,-4.68405393631569,1.20227026523098,-0.694695511200349,-5.52627805985834,6.66243683071252,-8.52546492534563,0.742745446888019,-7.67866801029943,0.593070459066131,-4.47813659534324,-5.84426647937357,-1.1027307945783,2.17738568653903,0.562705643312244,0.743314023428983,0.0640383555765096,0.677841675250346,0.0830078227438395,-1.91103446375022,0.322188398435937,0.620866538820488,0.185030354728703,1.0,1.0
35106.0,0.280406671171308,-0.458274898150456,1.52323709925843,-1.36145842694579,-0.9956306553796,0.122790221036322,-1.38428412796055,-0.737999238420663,-2.73458775820659,1.477308647491,1.64242435760816,0.133551623378513,1.05859789562417,-0.085305458636286,0.589944361134867,-0.909823261229522,0.954344006692034,0.0445010473732003,0.613088297783185,-0.274043308291059,0.594863229780146,-0.400250475729897,-0.62715068623069,0.0557912017995383,1.05430821355772,0.0941679209996653,0.16013401561322,0.153205363681841,10.0,0.0
101597.0,0.91311613528992,1.1453810871791,-4.60287793273505,2.09180337375362,-0.473223859280585,-2.0854358325571,-1.67124403232231,0.0943965856348779,0.337798765397573,-4.4318096317282,4.87197985976052,-5.39522117678937,1.33250215621937,-4.60379669207464,-0.77731354811867,-2.57189156103509,-3.00361530529652,-0.225441388417525,0.252273565031692,0.50898474829098,0.40141574109896,-0.0849334160429759,-0.197684434494785,-0.283271078982557,0.387597335722074,-0.553526986386025,0.516274456782261,0.270828187083758,147.87,1.0
64208.0,-1.25211355040014,0.236718068307447,1.23755015234425,-1.18773780769194,-0.939494854924961,0.171493718063584,-0.111825480136618,0.615489781151752,-1.12934346466995,0.00320334552606046,0.401901965381578,0.0483417868896477,-1.361011801448,0.347194421909249,-1.33699091923992,-1.39533208029548,0.221117875470067,0.926734256276628,-1.24742588458302,-0.862729866311427,-0.434764660043128,-0.946297763993913,0.0360143419961121,-0.0446348455945361,-0.453983280034994,0.0983581376894548,-0.251136195640649,0.00305502523991925,70.1,0.0
78027.0,1.47972997294283,-1.07662215900844,0.814974544332045,-1.31277417333444,-1.81181983687108,-0.787659686667935,-1.2114724572627,-0.166749453547564,-1.66023738432152,1.41005710342109,-0.44797839225906,-0.68507269950425,1.01010294469843,-0.579732328704128,0.79581057283412,-0.16652328703523,0.347939696916381,0.259315379240156,-0.445754770372837,-0.271534100677993,-0.0499565285058503,0.268679766148701,-0.0147382839408108,0.396683517309181,0.351806324424809,-0.105896783748031,0.0526920476890798,0.0299836299168293,22.4,0.0
20931.0,-16.3679230107968,9.22369194937548,-23.2706305232856,11.8447765860728,-9.46203714585895,-2.45044437416398,-16.9251520440555,1.38420847895884,-6.28773594816964,-13.0027093010697,9.69146098207319,-13.8865951585248,0.838361375836116,-13.5170724083842,-0.377910607106286,-7.85568149439455,-11.8038151924676,-4.76102594206856,0.618624412799665,0.993584598744375,-2.34367359429797,1.00460241382139,1.18821215709493,-1.04718376839983,-0.0355727659827232,0.664899774367373,2.12279575423083,-1.41674061492574,1.0,1.0
77806.0,-0.300321757070911,-0.0873793820765386,1.76879253313624,-1.1748092562181,-0.908761041819989,-0.494775379090808,0.0829283478384687,0.029469691715424,-1.27497559532228,0.0819945706980237,0.140497010979737,-0.731814157301796,-0.00634059113748691,-0.264460059377868,0.940862699517797,0.856421898176933,0.581376526352763,-1.77672564805365,0.167402699635095,0.238693759007761,0.154192584997198,0.19017119973405,0.206961053299103,0.378679752410667,-0.281353207113258,-0.443645878990685,0.033795217682083,0.0351653357500737,75.0,0.0
99817.0,1.92505110144509,-0.783028200793754,-0.406853884473906,-0.581112062560323,-0.741447693183149,-0.103087382695103,-0.933851501328191,0.0572435679664708,2.84716945714445,-0.65008230698963,1.72663557485018,-1.54583877002881,1.31454962694813,1.44732027831008,-0.692102238752616,0.222509778615707,0.155985554660727,0.891678436362522,0.262566761837161,-0.118565911539304,0.128538997305522,0.710038242257431,0.132102372641092,0.786588249075931,-0.31091075619539,0.697796743449136,-0.0752731673791043,-0.0565117003086212,47.77,0.0
79500.0,-1.13909678639872,-0.543771573155548,2.54557409111905,-0.709181144337278,0.331374282890374,0.306910228449042,0.414339914637489,-0.479906494032082,-0.699949043676481,0.961646824228578,1.11072301083205,0.439009333705643,0.355596140301765,-0.968157154488734,-0.719810494777538,-1.58597274440031,-0.68294301059851,1.38292549240181,-1.78648999464346,-0.603277862805519,-0.283249121229839,0.386209062814291,-0.506709018602339,0.0234812681205581,0.0259743459877685,-0.473050382411287,-0.474503969379897,-0.583458529770217,79.0,0.0
47545.0,1.17671575912859,0.557090903443645,-0.490799622910899,0.756424293386678,0.2491915585394,-0.781870546568533,0.228750322026116,-0.0408400791377636,-0.432110564245139,-0.585778431385528,2.28193937592012,0.654566719272309,-0.310379432324912,-1.04370522504569,0.513750399321109,0.399177755263914,1.14313007770305,0.256013886486252,-0.511210088142662,-0.10277180482264,-0.0621660000083396,-0.128168129786567,-0.0401759895545737,0.110040347467026,0.437891432381746,0.368808854483266,-0.0182873480981415,0.0311734033163997,0.76,1.0
66157.0,-1.67979057921857,1.63438571975589,0.75542354050099,-1.50690778417831,-0.197872854009274,0.343659841684451,-0.881812930806104,-3.69360766719479,0.146035545087263,-0.136166021173501,1.28114937050478,0.648339221162616,-1.02454583248752,0.547365047444863,-0.0632479887008865,0.458191942233327,-0.244049538845595,-0.233388256675902,-0.856344520110683,-0.872841682411946,3.82032127730105,-1.29235649413663,0.537805202494596,-0.0383536192884828,-0.243729242705984,0.812561271151228,0.360147538310768,0.114425123687571,0.77,0.0
110535.0,0.0758063681418424,0.723469479277223,-0.0549456636221902,-0.285211204769355,0.710939355700604,-1.18528482786198,0.716572447985238,-0.34544437833849,1.47741953696516,-0.511804186581816,-0.089567524971967,-2.21431545067374,1.94962552871698,1.46153063984812,-1.20377726113422,-0.0907833009028884,0.212420494014045,-0.467934042902633,-0.273563053025188,-0.133359592885932,-0.365437314731098,-0.62950020066401,0.215229305596588,-0.16989167996084,-1.00771863284412,0.00709630309868453,0.150063236101084,0.116440934976239,8.99,0.0
46488.0,-0.630628669286263,1.20289081888509,1.06939689690488,-0.172177392778572,0.247544147874142,-0.495582217863141,0.610523266279662,0.0854147962714339,-0.487771957611433,-0.0433898337677498,1.27290826446463,0.684697937519053,0.418451259363869,-0.38676217045403,0.200610495462665,0.640993910971152,-0.389746853666808,0.409457241335641,0.290352126196949,0.290740536945316,-0.259233041606794,-0.634474996685603,-0.0440997634064797,-0.0429473488581288,-0.0797236799500884,0.0786311323219888,0.348154577337634,0.154595954720667,9.98,0.0
6789.0,1.26129711075971,0.453628421052863,0.442408716615352,0.897233672746104,-0.313643661764793,-1.02878739073227,-0.0223902330895393,-0.271170695494159,1.35162085206358,-0.646282628589853,0.838689110646015,-2.39210187901428,1.64397631158427,1.19091080890246,0.381183602290991,0.461160106163234,0.737784715335902,0.00305991672193648,-0.397821449005203,-0.139931918303437,-0.4415616496101,-1.03489786950923,0.143919607438821,0.272648552434656,0.186491769594428,0.056989367439022,-0.0510981185939451,0.0237213144956781,0.89,0.0
65936.0,-3.5934760029271,0.78144226309285,-1.82244751422669,0.605760683474701,-1.19465586719981,-0.517194856719497,-1.72252312325165,0.128889523769538,0.0149633080909052,-2.85611682977408,1.61826162043188,-3.58137450130299,0.623706919914784,-6.16045662030601,0.494733399107095,-2.54310504010287,-5.30127339068683,-2.19271270602319,-0.09472379272847,-0.478219313417121,0.351792125839819,0.391248950287018,-0.252874890557857,-0.498042480147132,0.0101721931231225,0.909928721553306,-1.47876724603751,0.722673039450917,101.5,1.0
113490.0,2.05579700630039,-0.32666777306077,-2.75204095570008,-0.842316033286871,2.46307225982454,3.17385642307029,-0.432125923987824,0.727706200727824,0.608605870267216,-0.0751861699398929,0.0635044576008839,0.350563573253678,-0.141238322200309,0.690971618395625,1.2752570390935,-0.371962125028419,-0.601956802828445,-0.0526401462570187,-0.330590448442944,-0.180370118559693,0.269764951361357,0.844626646775712,0.0206746676928111,0.726211883811499,0.366624307004913,-0.398827514959463,0.0277351215052822,-0.0602821510762213,1.0,0.0
11635.0,0.919136507326981,4.19963266902077,-7.53560659365729,7.42694037455047,1.11821533001319,-2.88672235145027,-1.34103599607144,0.363933268353337,-2.20322443100109,-4.13784019622865,4.57011280759332,-7.62916958856017,1.73391746350254,-9.44037499459843,-0.0233533498971062,-1.23395828198259,1.63200885764087,1.3157345644727,-0.287188855297045,0.535434663150233,0.316093599204254,0.0551792270194195,0.21069215028398,-0.417917881438145,-0.91118827562932,0.466523924588163,0.627393270472548,0.157851282541588,1.0,1.0
43684.0,-0.313666669647432,1.09320299035749,0.564710373158863,0.821048340411375,-0.141816302957032,-0.332721415849782,0.244303798923277,0.461384967351913,-0.842136867294761,-0.188494821507811,0.648074578041256,0.310742963923528,-0.569675219427997,0.930330197439354,0.374754147381342,0.177546385851617,-0.37658716295063,0.806810703929106,0.759235167953755,-0.132926626420701,0.202954956189751,0.418601618187746,-0.0747035127392616,-0.0109055473207919,-0.136591452935674,-0.322907942299703,-0.0561904654122283,-0.0323046559494085,20.9,0.0
21046.0,-16.9174682656955,9.66990017304097,-23.7364434105216,11.8249902296814,-9.83054822917941,-2.51482887310345,-17.2906566748216,1.8204078670595,-6.26490348784789,-12.9166361091709,9.56711029521397,-13.7170673789468,0.899540705915631,-13.2729650621928,-0.402260044266312,-7.75409405936683,-11.6446032058862,-4.74130270962407,0.58462597267458,0.996745095162688,-2.33611095619483,0.972754726208974,1.24186581168063,-1.05108624820763,0.0380090796054737,0.672317065099677,2.10847085205046,-1.42124325273233,1.0,1.0
79918.0,1.22307783612315,0.0101021107997015,-0.0681756250902638,-0.0864727731637788,-0.198128175248777,-0.808063450170279,0.208936192818438,-0.123982518524237,-0.222367479973291,0.036480524901691,1.15942092776209,0.548547371462726,-0.567335667512727,0.721706731162082,0.240988932676709,0.439790770244948,-0.538688200022507,-0.331707750116133,0.687470090384701,-0.0287134768173476,-0.402452060846738,-1.34255822330053,0.136902966655449,0.00969235731862885,0.0839895221210149,0.623668140278285,-0.114613793649979,-0.00578061925066727,36.9,0.0
7287.0,0.883221932250825,-0.574331012982136,0.556540989879314,0.657191219459432,-0.859531225214047,-0.652547849811301,0.00106267046302336,-0.25927743515444,1.8610989008415,-0.759772720129632,0.39081306253976,-1.93363677919804,1.82521129808044,1.28871588796241,-0.815969931675884,-0.158242999628898,0.804829353110223,-0.581632321169014,0.159795887354833,0.273319777203877,-0.356390504500822,-1.04681268289387,-0.0540258627855341,0.385713840718351,0.110180416898747,0.763082146606342,-0.126190867611425,0.034467156577843,199.0,0.0
66037.0,0.286302363835244,1.39934474808556,-1.68250270884931,3.86437703955242,-1.18537340204974,-0.341732013808781,-2.53938012266357,0.768378375007388,-1.54788162780199,-2.65971794652165,2.6215881261205,-3.46236188507757,-1.05430017332918,-4.95582330430277,-1.40027445820489,-2.33994291742419,-5.19779447735003,-1.34281449785555,0.288846910516582,0.270360155086889,0.352456413618901,-0.243677652080658,-0.194078546536702,-0.172201087463232,0.742237197555102,0.127789797006944,0.569730790365159,0.291205858831994,7.53,1.0
40918.0,-3.14025953779538,3.36734230912012,-2.77893140701488,3.85970067435928,-1.15951836286203,-0.721552487906327,-4.19534154281433,-0.59834584749232,-2.87014477203106,-5.29061006200618,3.82376208408163,-7.49227616878309,-1.52436747989794,-8.52767862203589,-0.391214524543396,-6.18087991000233,-9.6988394108884,-4.81823334077503,-0.871581688476025,0.0777814455070256,2.45233850455703,-0.292962575086153,-0.189330326319261,-0.166482104307702,0.0380396237066075,-0.0154765350217125,0.776691265853111,0.397557490298277,0.76,1.0
41342.0,0.655304045760223,-0.718279027226272,0.341762100024264,1.26978064733869,-0.701479784423577,-0.142362097693182,0.0991322292847381,0.0626970058821257,0.0315389386995823,0.0944540285864338,0.86296781912436,0.226864405665465,-1.04100307978637,0.692990836454782,0.614989789313116,0.798639174079752,-0.860064132598619,0.599653910980692,-0.088713816667028,0.375147189554244,-0.00938930180708599,-0.754414617044143,-0.165849631626978,-0.0526874993491104,0.166006181748056,-0.630199316324898,-0.0281948280224741,0.0667640894298835,280.0,0.0
41505.0,-16.5265065691231,8.58497179585822,-18.6498531851945,9.50559351508723,-13.7938185270957,-2.83240429939747,-16.701694296045,7.51734390370987,-8.50705863675898,-14.1101844415457,5.29923634963938,-10.8340064814734,1.67112025332681,-9.37385858364976,0.360805641631617,-9.89924654080666,-19.2362923697613,-8.39855199494575,3.10173536885404,-1.51492343527852,1.19073869481428,-1.12767000902061,-2.3585787697881,0.673461328987237,-1.4136996745882,-0.46276236139933,-2.01857524875161,-1.04280416970881,364.19,1.0
8408.0,-1.81328048476897,4.91785071056565,-5.92612969400656,5.70150043141163,1.20439257214362,-3.03513754815611,-1.71340206347108,0.561257390902032,-3.79635425171163,-7.45484065078351,7.38805512292025,-10.4752286504099,-0.379314526756117,-11.7367291212569,-2.08698895215593,-2.44235398293755,-3.53552351168246,0.130360306640887,-2.07145048844325,0.576656033332069,0.615641835107552,-0.4064272753179,-0.73701807643754,-0.279641772215917,1.1067663744335,0.323885477719453,0.894766671515833,0.569518600269514,1.0,1.0
7672.0,0.702709900098753,2.42643280600508,-5.23451329584052,4.41666124290876,-2.17080621591773,-2.66755356121463,-3.87808845483572,0.911337122229195,-0.166199039175942,-5.00924850212751,4.67572941865677,-8.16718805173089,0.638559282180499,-6.76333439062322,1.29686025605627,-3.81175840977789,-3.75412806618729,-1.04917740227906,1.55419726345897,0.422743129198702,0.551179689117248,-0.00980235731325313,0.721698230069415,0.473245751402033,-1.9593037711687,0.31947554010746,0.600484916486359,0.129305225096566,1.0,1.0
67809.0,1.22059792089797,-0.989402000689175,1.06739884437273,-0.438470125809158,-1.69285578022292,-0.471312135019833,-1.06067743065619,-0.00573275052494794,-0.0934190490450363,0.476984347515337,-0.577701761047865,-0.503191278167073,0.179471395358098,-0.683907928013902,0.376041796443118,1.19792327518768,0.316340783405191,-1.0009864496684,0.439216733397438,0.213964822518357,0.349334479543034,0.918980855649373,-0.165307114514093,0.446515953980125,0.429146470699115,-0.0538082855582711,0.0360090377538919,0.0378209776017616,81.0,0.0
42249.0,-1.26777820203535,0.423057171987433,2.95534885117812,0.0353705387583999,0.207011334996382,0.3603094007859,0.869117964352989,-1.08029537724923,1.55763654941557,1.3330464682082,-0.0864127364224728,-0.919364385287612,-0.775269735635614,-1.44010204826189,1.72002197314482,0.0257304698571577,-1.14483773912122,0.183914855034263,-1.21635559626429,-0.14055916804888,0.180843993279092,1.24705140967963,-0.224678900958078,0.0688124950999403,-0.538344062390666,-0.582964024423741,-1.69492523888571,-0.862206356907643,19.4,0.0
110617.0,-1.10103546371767,-1.67492805871463,-0.573388195590639,5.6175556662941,0.765556412634615,0.440607080848915,1.93474047501363,-1.01978754945585,-0.19324423129657,1.7837390603636,0.606910821999133,-2.85427542751023,2.37947304553589,1.26814661675691,-0.28361908940932,-0.482192055998123,0.8110054093379,-0.357910684579857,0.752760921550722,-0.0383141473363703,-0.412525822025647,-0.208823118913215,0.344832725150856,1.09143473162108,-0.686512742633337,0.0758089204336296,0.0338647378770195,-0.83285502022751,635.1,1.0
9064.0,-3.49910753739178,0.258555160773118,-4.48955807274398,4.85389435139681,-6.97452154477167,3.62838209065084,5.43127092073166,-1.94673371078472,-0.775680092900109,-1.9877731876087,4.69039566550924,-6.9980424321007,1.45401198637847,-3.73802333366749,0.31774206255503,-2.01354268083989,-5.1361351026702,-1.18382211654359,1.66339401354543,-3.04262575715977,-1.05236825623151,0.204816873569406,-2.11900744010783,0.170278608305444,-0.393844118118335,0.296367194488607,1.98591321801306,-0.900451638402827,1809.68,1.0
46890.0,0.97219441467314,-0.542376921832187,1.17818001850735,0.0345306750869173,-0.542025122727533,1.40082561847867,-0.951181325858558,0.578484342124126,0.952099804772387,-0.607899425828441,0.715557153055833,1.28336624730697,0.585298191018427,-0.433277149930733,1.29219452573401,-1.22812267607279,1.21232657158057,-2.51756883062614,-1.4525641365206,-0.132872662483906,0.0415868060704051,0.453389269411134,0.204099159648316,-0.54165549077608,-0.231328642575805,1.09469655015045,0.038579351772822,0.00947100519313637,27.0,0.0
64099.0,-0.732144913661626,1.00918961160694,1.47535139696726,-0.814705878684314,0.96384117639114,-0.0281699692248999,0.994441751022329,-0.193111513301065,-0.277407717363211,-0.315977007207983,-0.729237999114511,0.267028661654992,1.16439784258062,-0.375554170874178,0.650735613805212,0.263470424577053,-0.858481311272971,-0.776099645054064,-0.726313282109567,0.126893579452946,-0.276392964723466,-0.551730557402655,-0.21335624475728,-0.759900512391447,-0.0635914016342172,-0.00293932581389675,0.0137812876248082,-0.0732254124793722,3.59,0.0
53451.0,0.385108461103674,1.2176203228402,-1.95387216540948,2.08707599095328,-1.14422540643716,-0.57688799482478,-2.58286504391682,0.643229999334504,-1.19123269237613,-3.09509360697848,2.82114488798301,-3.1005456578695,0.146199374342408,-4.51012391529804,0.574490022660784,-2.12346278453199,-6.05331938825344,-0.70637615273475,0.572791028207014,0.380545212283106,0.594623132460925,0.372143665842342,-0.310455791389476,-0.624065148802846,0.840216130296559,-0.159451766672991,0.599482364663208,0.288915549852885,8.0,1.0
79882.0,1.26126135725385,0.474304193775905,-0.0788089821436491,1.00065467052288,0.229996632172879,-0.751449103096428,0.496386369340281,-0.347808641648231,-0.333586125608169,-0.0294336800064516,-0.564145340391653,0.85773897316171,1.58743794927653,0.142898529107812,0.646299110915227,-0.0066076887133507,-0.625897867382811,-0.328352597146254,-0.110070139641588,-0.00307654711191067,-0.0349172603717739,-0.0140754830128174,-0.188472335886938,-0.0758512242743639,0.840597733831905,-0.333660848157271,0.00985337910112737,0.0177195160268226,20.21,0.0
66975.0,1.21784928255771,-0.776928594152353,0.0997320666423539,-0.488723978187994,-1.15834772863197,-1.12654862427262,-0.242581342287711,-0.267715549814614,-0.825242327035618,0.67709624027712,-0.638184647583172,-0.597885773983419,-0.49409464955842,0.335516395516976,0.946336225025666,-1.2804773272483,0.0339721520927655,0.990245511075837,-0.784457099311445,-0.331741901388044,-0.337864399979508,-0.74468019406911,-0.0301507294036822,0.410900346171695,0.212727317798427,1.03241499259165,-0.0892144415885627,0.0198919634206728,104.8,0.0
26523.0,-18.474867903441,11.5863805198184,-21.4029168131391,6.03851541556808,-14.4511581398683,-4.14652350569915,-14.856123673178,12.4311404723263,-4.05335328722588,-9.04039624894471,5.96620250720685,-8.46396612952571,0.0786921317878341,-9.09253265181295,0.0108220973904713,-7.1863755078292,-13.7974745003699,-4.95849390971089,1.32116655982617,1.5779244011474,1.74113559593371,-1.25113794883836,-0.396219126116475,0.0957055555718895,1.32275094272025,-0.217954564863573,1.62879253147016,0.482248274865402,99.99,1.0
32799.0,-1.31627983335341,0.208104010648609,1.20317755338626,-1.23685760846358,-2.17461584953411,0.758871207924812,0.785957169486316,0.451420421296104,1.2025580137839,-1.81400812266659,-0.0346986540959354,0.481006203517433,-0.616539666204719,0.119532408747344,1.65613985318023,-0.949923603584355,0.676932303685086,-0.518937434202756,-0.145043491132971,-0.494772451573465,0.134584047298904,0.712688407251601,0.110318301134012,0.109217048648055,-0.128049798817781,-0.681413871746253,0.00452088188579874,-0.120154326559896,300.0,0.0
40086.0,1.08369268125484,1.17950120574809,-1.34615039129229,1.99882440095464,0.818034176163642,-0.771419407716543,0.230307373480955,0.0936831311994367,-0.167594341704434,-1.95980925751416,2.80433477984687,0.312424168769405,-0.595976467281167,-4.66257695501824,-0.299515020029103,1.00141391934549,3.90282478361756,1.61960922680862,-0.888087464222472,-0.0601585380014646,-0.311999618117422,-0.639699711353317,-0.120249014807271,-0.180217694458199,0.609282565276013,-0.339524442352566,0.0967012906089022,0.114971915513805,1.0,1.0
66169.0,-0.198071574086999,-2.98352350804735,0.151695132418123,-0.397194695864244,-2.06681259830516,-0.260755797881103,0.299908036336751,-0.228702270317637,2.17032734931409,-1.72392765807421,-0.675136966398873,1.69472798817231,1.16767584281826,-0.740835407242835,-0.292582650930736,-1.08146126997662,0.434010284520711,-0.188094354531671,0.927080618521925,1.48254382000717,0.46032529602851,0.190557700064349,-0.825536973104538,0.570107751859588,0.410124024082184,0.0870744345440942,-0.0740278428342835,0.151390465858649,750.0,0.0
76867.0,1.08256623409747,1.09486151295003,-1.36702004784737,2.01255429562949,0.708142047645968,-0.807712094137058,0.151952109111841,0.158352530916403,0.00987228422733163,-1.92527812380296,2.60593702345612,-0.309218873424363,-1.76754891562268,-4.42919458671376,-0.171939794624445,1.05551393649543,3.9705869371836,1.76224857169611,-0.880812102847679,-0.135789404251701,-0.32528376499397,-0.734343617700577,-0.106725343342181,-0.224999064492694,0.569167327221417,-0.33503264926341,0.0891401408869493,0.11233722000597,1.0,1.0
69477.0,-1.50270698476518,0.0556549202117352,-0.387999232320961,-1.13944457629279,2.36277437585873,3.09322839383091,-0.819417015150329,1.01747748063238,-0.0508204432487041,0.267403750913865,-0.0865454470385836,-0.149562006745824,0.214131895688254,0.233172802068385,1.8377898272375,0.293433242437277,-0.45242123739955,0.260606595436152,1.52612873435877,0.0610227907065586,-0.159248219612137,-0.425283069728143,-0.539380969827849,1.11390001957557,-0.631103185928842,0.942783940512944,-0.124158729517925,-0.387222897475863,3.69,0.0
91502.0,0.0073790751145725,2.36518252886777,-2.60028738169342,1.11160176466249,3.2764413263667,-1.7761407852846,2.11453088108345,-0.830084106599812,0.900489974281822,-3.37617706712688,2.05681205985716,-3.9842567303491,1.02196791340796,-5.96790496861639,-1.15160831490592,1.67973960141233,5.58611468683053,2.78913115591619,-2.24107485298106,-0.00638849728163087,-0.563944162060269,-0.902099515410175,-0.404382448597275,-0.0129439005065412,0.589836154947909,-0.734449052212668,-0.447529183217452,-0.362374775122343,1.0,1.0
56887.0,-0.0754834663888726,1.81235458422751,-2.56698081016962,4.12754860722303,-1.62853157024518,-0.805895445766318,-3.39013454458215,1.01935326231828,-2.45125125188341,-3.55583492739064,4.31571103012142,-5.47980167679906,-2.11550315600957,-5.5887855765974,0.280108069299552,-3.50723062361012,-7.45709493793125,-2.32549168188332,-0.440434552920779,0.338598140549314,0.794372451897782,0.270471232297866,-0.143624140755259,0.0135659145316466,0.634203128800614,0.213693187250942,0.773625466697089,0.387434054572014,5.0,1.0
67941.0,1.29578998433292,0.0982776553170164,-1.17510903505734,0.0611890505391128,2.19907180616759,3.3819593923457,-0.453612132018233,0.800359457239556,-0.146546711161083,0.127353552093133,-0.190791493770433,-2.7488326966869E-4,0.00205127487901221,0.466152656043323,1.12319442843229,0.474995404535207,-0.973199605159478,0.373552283356866,-0.101401596109921,-0.0237167813080881,0.0151223128450962,-0.0492970335433372,-0.142042397210994,1.00741265620768,0.834724644497153,-0.265069171108502,0.0212759710172943,0.0147146023165664,1.0,0.0
37368.0,-0.821236603781285,-0.152752497712013,-0.370689241708511,-3.59484214622113,1.52827498756777,3.03038922536753,-0.578466762947977,1.17107250685303,-3.11746517526878,0.46905963077273,-0.512098487350895,-1.16520931502353,0.281684705049223,0.227744971078199,-0.0670198598529732,0.0317821273850498,0.0749957928748188,0.0165702238297313,-0.0960375924975607,-0.236690223504255,-0.50488148796732,-1.58241339088709,-0.00576310892263454,0.913541892246263,0.443512802955027,-0.596084233097535,-0.104664829373967,-0.0230764949212679,37.89,0.0
102480.0,-1.92959692675373,4.0664132778545,-4.86518400996861,5.89860229319899,-0.552492585328532,-1.55596245330906,-3.83362344068736,0.679511648528001,-3.46376549143694,-6.68368922880726,7.02127774818005,-11.1024933822497,1.71175507363653,-10.447632938235,-2.79907615915518,-6.26174085045904,-11.6471577741668,-3.45143614190286,-0.507536514254236,0.942488941965831,1.13721164676769,0.674245235425331,-0.531765489027487,-0.433409350510738,0.378658562357166,0.198107291025294,0.869694411928137,0.228047851815119,0.0,1.0
41784.0,-1.04255931827825,-0.373255013350121,1.26218918177587,-1.77746357638559,1.35784275131202,2.01119189288211,0.604387056522923,0.409061756565049,-1.91712155736555,0.0724819044936122,1.11273106565889,0.33540213667653,0.408008144875541,0.145515408076751,0.727952331467985,-1.95211726917454,0.138013859414913,-0.514602013408891,-1.96462350384224,-0.181616037535733,-0.6804657038935,-1.63986358971404,0.274799094659623,-2.27739294318571,-0.185977944872698,0.049504578122089,-0.153502620513147,-0.18227672339593,112.85,0.0
38830.0,-0.425990359524706,0.985616701558439,1.2708157632056,-0.0980581331635887,0.208221612646609,-0.200059722555303,0.490181832273458,0.250614140619162,-0.556097627107653,-0.367808011759114,1.59037783865471,0.332247944319238,-0.66516793059231,-0.0695061507609935,0.519880122919517,0.31928934520647,0.0738298025770668,-0.00793361776948237,-0.15456708136794,0.0500962613332058,-0.19235093434601,-0.518238296802731,0.0108341029053083,-0.0520120750139745,-0.286067728448204,0.0865394105749501,0.253782606331878,0.0831884716660906,3.87,0.0
57027.0,-2.33565492855671,2.22537994112476,-3.37945038583039,2.17853822878821,-3.56826371512658,0.316813583664713,-1.73494800330036,1.4491394338594,-1.98003348126993,-5.71150474047788,1.83721490161197,-4.5403416445233,0.747845860345767,-6.28431406964108,-0.128887216546494,-3.5632394063049,-7.36832064555377,-2.69295315786876,-0.450550113544917,0.274027122680488,0.78554012192761,0.29741198434836,0.308536146370564,-0.598415746387816,-0.121850330815637,-0.491018310202025,0.701606041424924,0.206966343288918,444.17,1.0
57027.0,-2.33565492855671,2.22537994112476,-3.37945038583039,2.17853822878821,-3.56826371512658,0.316813583664713,-1.73494800330036,1.4491394338594,-1.98003348126993,-5.71150474047788,1.83721490161197,-4.5403416445233,0.747845860345767,-6.28431406964108,-0.128887216546494,-3.5632394063049,-7.36832064555377,-2.69295315786876,-0.450550113544917,0.274027122680488,0.78554012192761,0.29741198434836,0.308536146370564,-0.598415746387816,-0.121850330815637,-0.491018310202025,0.701606041424924,0.206966343288918,444.17,1.0
48380.0,-2.79077103894771,-1.46426898705405,1.03116500769674,1.9213560843992,-0.0900138203463016,-0.483871347899329,0.780731181206493,-0.348775795673106,0.609133451935087,0.225933803313285,-1.06453419450651,-0.787372737955552,-1.57646958451914,-0.126756361711439,0.367012281940972,-0.635321654596588,0.327006411459276,0.0438160872305435,1.40357376229763,-1.37672077946455,-0.392667221970544,0.440019838749267,0.777659196131864,0.418551935584405,0.244563185949918,-0.159360689127314,0.0605395343366452,0.356958362771354,208.58,1.0
33674.0,1.13785732192405,0.275495682940475,0.396492008336891,1.22527741155216,-0.423577997539243,-1.12580677270689,0.320268925929891,-0.296692377379724,-0.127945437950821,-0.0218126850589098,-0.00717354939336871,0.589773333156252,0.496866075417539,0.309388994186897,0.840971033933556,-0.0663651367850653,-0.337443072332463,-0.316754409901288,-0.511303780863965,-0.0309464951765949,0.0815683729165823,0.208822648986871,-0.103493544449397,0.741336625279026,0.64670366887861,-0.355104338071161,0.00955075573291352,0.0324131911994161,47.79,0.0
41243.0,-10.9407391093978,6.26158585106885,-14.1823387841287,7.18360208606589,-9.95136334372547,-3.86082033664669,-13.5473021949163,7.09647164642187,-6.29402944276594,-13.6081431627279,7.12716532148781,-12.6110036871047,1.21455639781013,-13.9062968240505,1.51406990634864,-11.1257390593549,-19.7162573051191,-7.5527890897252,3.65678707068496,-0.0883420818722748,2.26744826134981,-0.492029167950335,-0.239302865923644,0.454368210214217,-0.101611062526814,0.446996732737119,0.062292646721181,-0.439769899530758,45.49,1.0
35899.0,-2.85716975415491,4.04560138120513,-4.19729878550198,5.48719863078843,-3.07077616787415,-1.42268633776286,-5.65131373987331,2.01965739455388,-5.01549098658195,-6.31970750896333,3.77960220775921,-8.07709364590223,1.4408888557809,-7.89190877856627,0.530452788364339,-7.9540700449952,-14.2650559534715,-5.7710644259128,2.8921696850147,0.981608721582294,1.08032273397717,-0.561384150324839,0.102678427260093,-0.0671947227831213,-0.476931194262915,-0.103716356143308,1.16696149168342,0.663632066947765,1.0,1.0
41639.0,1.1288611678304,-0.285307052829,0.512597664078897,1.21203469534516,0.197118420560296,1.91804409005809,-0.633845765101252,0.521367430430705,1.06770691744093,-0.260250903949988,-0.907193627462356,1.24548185579674,0.222774882735321,-0.699476893695499,-2.3062995547471,-0.457505123126179,-0.11885852417518,-0.325405834488712,1.1081857176255,-0.0939390775508037,-0.464921706523914,-0.910136973115,-0.158837204013813,-1.70766080691547,0.629420797429336,-0.421952866697641,0.0841788075477845,0.00418210838348399,25.99,0.0
19762.0,-14.1791651073631,7.42136996239257,-21.405835744128,11.927511869244,-7.97428068736155,-2.20271027666529,-15.4716122801735,-0.356594909586509,-6.38012489838839,-13.3482776536659,10.1875873241664,-14.5639797552132,0.59375935763569,-14.4915983463022,-0.281392503951236,-8.2641288443605,-12.4398049728466,-4.83707902601307,0.753149847889189,1.00276434172175,-2.36683606243662,1.13095519799655,0.991153238179024,-1.03313210707298,-0.327179344936207,0.634692903522304,2.17190494464567,-1.39528768393339,1.0,1.0
11597.0,-1.0911794698113,1.20720669933062,2.13795958222814,1.53761677281365,0.986884194364321,0.112282958683945,0.602729755785558,0.0653781477540921,-0.0336111469683859,-0.386751129451115,0.951856157957726,-2.40391579191591,1.87800971921681,1.52384061770587,-0.492687342006524,0.106764674663988,0.471980028855173,-0.923979996919316,-2.74823074439662,-0.323644169784592,0.0680219995057351,0.395913059143097,-0.230522120979617,0.0370871819304192,0.0476526471459504,-0.104943467796329,-0.0480656148573979,0.0773919178093267,6.83,0.0
58199.0,0.340390790889508,2.01523346310003,-2.77732956104823,3.81202413104427,-0.461729071578821,-1.1520219714746,-2.00195866818811,0.548681056661142,-2.34404166261939,-3.07669858515182,3.55473755027372,-3.96968929955842,-0.932183689489454,-5.87606732124924,-0.0667394504128529,-1.49528077472825,-4.42475717388751,-0.619323237398381,-0.231198386269899,0.326772803133095,0.29976881646527,-0.583282924090166,-0.187696049565752,-0.329255753153177,0.732328138266652,0.0580797142765515,0.55314334331356,0.318832445723953,1.75,1.0
77202.0,-0.356326154090313,1.43530513012275,-0.813563965472736,1.99311717679272,2.0558775401316,-0.54357866590526,0.487691066602944,0.0854488054265826,-0.536351998021526,-2.23120932812687,0.273983570211148,-0.535839387011391,0.595677221650834,-5.14182349291966,0.732366764261792,0.623912780633594,4.09098324669186,1.63408402811385,0.26084733041578,0.303261648412104,-0.312862941766726,-0.687873797330169,-0.267002508610821,-1.15848006325515,0.271459963711122,-0.155397186179697,0.114328416432227,0.101525594435204,1.0,1.0
74262.0,-2.25053480921229,2.36575487772312,-2.95549117924385,0.0897905975142065,-2.83074456678034,-0.844461639207772,-0.174061560679368,-0.407138137833787,0.174216293591102,-2.9989262562074,2.60516857519668,-3.67771661422902,-0.961254636207547,-4.62948099682303,1.94218161282,-4.18037888438458,-4.60568646763486,-2.55718413666009,1.58958220191211,-0.48653714178381,0.256559618287662,-0.466245243122949,0.291104927494009,0.242566552797207,-1.27909371150404,-1.12353433717278,-0.630976512544474,0.326839204012689,311.28,1.0
70536.0,-2.27175453696818,-0.457654560738072,-2.58905463865543,2.23077826688105,-4.27898250263823,0.388610079538804,0.102485457456358,0.813127838070308,-1.0929208385062,-5.03202838566819,3.51034756034463,-2.22739840581069,0.656823927974733,-5.19918574342056,-0.128311029598493,-3.94352099869908,-3.82052232662867,-0.570821093891663,2.78338340771804,2.28575790271371,1.09634200952947,0.658398654570846,1.71167573455248,0.333540036403021,0.538591373646869,-0.193528512332835,0.258194100840055,0.247269213953463,824.83,1.0
87672.0,-0.969521109973574,0.425287030446609,-0.191269179679921,-2.46515242947708,0.942883470772831,-1.08867707772823,1.06465025529581,-0.11976340106981,0.547888352190174,-0.500924637437601,0.155686916838712,0.610936560335758,-0.542832614639623,0.160793729330792,-1.77850778680331,0.323328103302227,-1.06919080764458,-0.268737018023879,-0.276169897141378,-0.213208845225619,-0.240673694346248,-0.304186466894576,0.287823905517575,-0.478861620303876,-0.586083578405392,0.351027115259946,0.389627459868242,0.23821175691261,5.0,0.0
87505.0,1.93227757124773,-0.470108468607379,-0.256560521398458,0.541771220249715,-0.803362593062213,-0.522988849523915,-0.587257861109947,-0.0539816067910667,1.45313762966633,-0.18175598325828,-0.927491146414972,0.568733274099285,0.259255276418486,-0.224028004156882,0.507313365131997,-0.00197808860978411,-0.44923929999404,0.150281178357952,-0.341597597343775,-0.182319793249029,0.267701542269358,1.01530435083393,0.0716959439566841,0.0266733809424223,-0.0638288119500242,-0.153557971016839,0.0424451592672474,-0.0344806291383272,27.84,0.0
50706.0,-8.46184470133154,6.86619841481805,-11.8382692206767,4.19421096699453,-6.92309709702798,-3.22114664850055,-7.55349651116055,6.015618186942,-2.4661434402463,-6.24624318477127,2.94398521977131,-6.51238933713471,-0.698175946764313,-7.54364593187217,0.92645528395257,-4.3302948063467,-7.33969796421674,-2.55090085394741,0.645904895509124,0.814710155897088,0.918244480856236,-0.715366336614015,0.210747336284603,-0.0602114737129364,0.509534595479059,-0.257283692851139,1.17002651560613,0.229300914797861,99.99,1.0
56650.0,-8.7620833940977,2.79103028235041,-7.68276685719257,6.99121396498416,-5.23069545140333,-0.357387950702527,-9.68562145610769,1.74933494530821,-4.49567886484426,-7.86450647898838,4.77414774007074,-8.24589788162945,-1.33349186005079,-7.97425052332349,-0.39879894749855,-7.24434047432354,-12.7600939511044,-4.82474022298701,2.83699299496563,-0.460389538640294,-0.0905267878788197,0.34858962816605,0.0511323900482543,-0.41542987238242,0.219665266254896,0.330020364891881,-0.0282517554687547,-0.156270272972183,7.52,1.0
26523.0,-18.474867903441,11.5863805198184,-21.4029168131391,6.03851541556808,-14.4511581398683,-4.14652350569915,-14.856123673178,12.4311404723263,-4.05335328722588,-9.04039624894471,5.96620250720685,-8.46396612952571,0.0786921317878341,-9.09253265181295,0.0108220973904713,-7.1863755078292,-13.7974745003699,-4.95849390971089,1.32116655982617,1.5779244011474,1.74113559593371,-1.25113794883836,-0.396219126116475,0.0957055555718895,1.32275094272025,-0.217954564863573,1.62879253147016,0.482248274865402,99.99,1.0
8408.0,-1.81328048476897,4.91785071056565,-5.92612969400656,5.70150043141163,1.20439257214362,-3.03513754815611,-1.71340206347108,0.561257390902032,-3.79635425171163,-7.45484065078351,7.38805512292025,-10.4752286504099,-0.379314526756117,-11.7367291212569,-2.08698895215593,-2.44235398293755,-3.53552351168246,0.130360306640887,-2.07145048844325,0.576656033332069,0.615641835107552,-0.4064272753179,-0.73701807643754,-0.279641772215917,1.1067663744335,0.323885477719453,0.894766671515833,0.569518600269514,1.0,1.0
38090.0,-0.318948239811124,0.462723107858742,2.33699493734585,0.61343985150767,-0.385364252954688,0.216420645236517,0.287629279907634,0.0972988336493236,0.244092685434492,-0.252568908310506,-0.516308348390895,-0.838617772529048,-1.2560630193794,-0.0641388156290217,1.62272310557038,0.280719416600927,-0.447854069196885,0.195904282805237,-0.917608019409664,-0.026035432594612,0.158431113250366,0.532367113049388,-0.0499214732072587,0.0259774027364664,-0.225686425624655,-0.397041266780709,-0.0814140728719062,-0.180540061853825,45.0,0.0
94362.0,-26.4577446501446,16.497471901867,-30.1773174564996,8.90415677106517,-17.8925996927224,-1.22790388102871,-31.1973285494605,-11.43892041491,-9.46257260540015,-22.1870885620007,4.41999660154863,-10.5923050053728,-0.703795803703315,-3.92620731586873,-2.40024649210124,-6.80988994039049,-12.4623149481086,-5.50105078380738,-0.567939572890149,2.81224110932946,-8.75569832116533,3.46089334478551,0.896537503959012,0.254835536763482,-0.738096558530353,-0.966564233789852,-7.26348214633855,-1.32488430656137,1.0,1.0
93965.0,-11.3977267217611,7.76395304621262,-18.572307456296,6.71185525207739,-10.1742155991554,-4.39591833120843,-15.8937882429266,2.08301258152135,-4.9888371802491,-15.3460988468775,7.09318207259894,-14.9797547574476,-0.148288045224015,-9.93567958156078,-1.16199939019334,-11.6468338293624,-18.3838524599849,-7.40273080415809,1.94169681013401,0.208879130047717,0.339007373241803,1.34292261443867,0.239217367154604,0.534644166424257,-0.174964905765612,-0.500240426616998,-1.72206026726614,-0.574339363297002,11.4,1.0
81421.0,1.02416997556805,-1.39617333882287,0.0514999784547019,-1.04443382417583,-0.566653730894663,1.14142317133588,-0.936050446143183,0.245756758868949,-0.65872642529802,0.624441822591475,0.162098876275587,-0.0985435598071377,1.15733945553579,-0.403646467263762,0.750538618500036,1.88475271772418,-0.573675690706554,-0.277283194099894,0.737540163804677,0.572579371996172,0.475335858412493,0.909894552558734,-0.482301631400298,-1.62770801501963,0.502227530592189,0.0463441740999441,0.0141042935306815,0.0309704349498532,212.0,0.0
60454.0,1.26601818018148,-0.107163416054366,0.478804195824921,-0.253008103718741,-0.605138506841818,-0.521583418679538,-0.346553373756916,0.0252508299379419,0.217488162176416,-0.0312319749644579,1.11221726223607,0.595381959319794,-0.289254549476313,0.384285098554567,0.618077301010741,0.716333392228902,-0.71152955872627,0.231200437193949,0.444689880491869,-0.0716292594397157,-0.109245309626522,-0.352358390532713,0.0502463078628343,0.0550998185036063,0.118568114310223,0.908724689252968,-0.0772758457294655,-0.00514169748817469,0.75,0.0
33304.0,-7.22317388375011,-14.0424682398495,-2.94129433803212,6.38726367557738,-5.32906671055296,2.97190286411184,4.39253192565038,-0.555583664110625,0.861391605400894,-1.73670427768164,-2.51855398486173,-0.151343445280735,-0.201825195095085,-0.157431637621699,-1.19130351656432,0.97092758407185,-0.0326478121725984,1.19488378186144,-1.59970900542577,8.55974582796095,2.60748524994301,-1.84655807599605,-4.00474134714528,-0.206098105692515,-1.03376796128546,-0.153629192918261,-0.727772716377383,0.779444586707767,4313.82,0.0
60219.0,1.20660392304198,-0.279399783346906,0.526482711411163,0.0706980283123314,-0.831024060063589,-0.682067446389281,-0.362323337486331,-0.0624765661220965,0.590549500653881,-0.141013091874996,-0.76001716073225,-0.392812498044827,-0.561608696416445,0.181292537654651,1.43363535113541,0.662229799963281,-0.523202016324571,0.101752274794443,-0.0695114550783395,-0.0108450376953603,0.0706813068354436,0.107912547901474,-0.0899356327349068,0.0961608034840654,0.240053446589153,1.09078369345311,-0.0743467750594611,0.0125751780696308,47.85,0.0
104819.0,1.94953323067286,-0.234922022700998,-0.0967759173531817,0.459492007422421,-0.686743865277828,-0.541334630244473,-0.679391821867781,-0.00754988851087621,2.44438969718391,-0.408048731690661,1.89633924856951,-1.63653538178931,0.961026939390522,1.84268777233822,-0.307040970223445,0.392175414313523,-0.103175312890863,0.831345224917885,-0.091598725906491,-0.322295124089893,-0.218286875551109,-0.311934552791672,0.371619934389806,-0.0609965385037001,-0.455703421366019,-0.98584703568825,0.0244526869386844,-0.0437927343425554,2.12,0.0
55583.0,-1.58121810454374,-0.138202444419269,1.91348732738448,-0.57010517612915,1.82518562356606,0.515641425571368,-0.0267169239438404,0.564818700390946,-0.579006255994781,-1.0016071260808,0.507745257169245,0.516053120435685,0.18316511809269,0.231035922539941,1.4948452906696,-0.789331526517817,0.530017163672978,-2.38568902267862,-2.27915118024672,0.0216810292789987,-0.00918000431307846,-0.270355648234343,0.121379615502421,-0.974193775043009,-0.0287309600535006,0.118319465981852,0.0210633888882732,0.0635960082988223,5.92,0.0
25426.0,1.12533553530785,1.13014648418496,-0.962975334759173,2.67568785863118,0.990074518469203,-0.243317741184431,0.316192138064781,0.122960131988498,-1.1433427947576,-0.369908966047961,1.83449419801385,-0.491243315415958,-1.12990700459946,-2.23862224442526,0.27846874170613,1.47792560308038,1.77645429510255,1.14928218583042,-1.30699464468423,-0.138813697509247,-0.166736918429935,-0.52193383894905,-0.112376257435029,-0.592076750460089,0.520791314299405,0.0433535805717847,0.0151590212632604,0.0636117222853327,3.76,1.0
119589.0,-0.431738008133458,0.826532374504731,1.4175170180551,1.14094666443219,0.107603121004574,0.119888586457828,0.774533902259863,-0.262676588970234,0.596326757945268,0.0716422615762501,-1.32060709821885,0.0452436899361212,-0.561505005648263,-0.523778148106308,-0.879008449295299,-1.04530127830773,0.222227912727523,-0.683865955998437,1.16775907691995,-0.114210053206553,-0.422879219791578,-0.87584631075602,0.129553822137077,-0.0904320611779925,-0.8985884121937,-1.07046549215732,-0.300759925306046,0.0152739085843296,29.98,0.0
121650.0,-2.18807498844747,-0.690066316312122,-1.60109809736991,-0.513765957062346,-0.0521815445561914,-0.885591025025844,0.615330736511852,0.931015576922635,-0.180403038813314,-0.786222498927376,0.299415426131404,0.537802182142906,-1.2001986742319,1.37264746924276,-0.863135356671876,0.120752882277531,-0.185209377454914,0.276103545788438,0.0896619340493002,0.986394769366656,0.283106469633688,-0.486459528594517,0.384987558296854,0.699285294347029,0.114546508173097,-0.225931452388714,-0.40735884864339,0.0856718957083127,89.95,0.0
93860.0,-10.6323749061596,7.25193622855414,-17.6810718207918,8.20414440620562,-10.1665907519072,-4.51034377036334,-12.9816061559658,6.78358879797499,-4.65932958355558,-14.9246547735487,8.38914233451929,-16.4655039422141,0.33851695978655,-14.224403603167,0.556584472572111,-11.683998043525,-15.8416159780561,-5.75319975278369,3.81304079276336,-0.810146481561289,2.71535704420309,0.695602689761576,-1.13812206664164,0.459442241911828,0.386337323495895,0.522438449202614,-1.41660373652915,-0.488307035713995,188.52,1.0
75581.0,-2.86636370525907,2.34694943137396,-4.05330668845935,3.98335888025187,-3.46318571327039,-1.28095301603103,-4.47476383461874,1.21665528478137,-2.30982869782019,-5.51550707258062,3.04839203447565,-7.12825076846601,0.00595580092517457,-7.49518733635876,-0.25108802193356,-7.5680148993231,-12.2236328477344,-4.89517519350497,2.52496746940249,0.270013154062001,1.04973156228305,0.475840283409025,0.404480059350581,0.282029789710327,-0.506901095688855,-0.371741093052833,0.615256964379468,0.803162841917988,124.53,1.0
93568.0,-0.360743786444395,1.36840003065139,-1.05439055293913,-0.965610106987493,0.952251555804398,-1.30151233120928,1.10148327735892,0.058256052722465,0.626897625021474,-0.869586239172313,1.13686406177309,-2.40613207887183,0.400397877830272,2.84728519499174,-1.52645739340697,-0.239602657679002,0.191437683728133,0.646143245890144,0.0737996975885698,-0.283766255966393,0.154661954528146,0.70382652245724,-0.230710173830502,-0.370259469942566,-0.330390096164082,0.055777999162328,0.233897077052269,0.184782493362458,0.77,0.0
6986.0,-4.39797444171999,1.35836702839758,-2.5928442182573,2.67978696694832,-1.12813094208956,-1.70653638774951,-3.49619729302467,-0.248777743025673,-0.24776789948008,-4.80163740602813,4.89584422347523,-10.9128193194019,0.184371685834387,-6.77109672468083,-0.00732618257771211,-7.35808322132346,-12.5984185405511,-5.13154862842983,0.308333945758691,-0.17160787864796,0.573574068424352,0.176967718048195,-0.436206883597401,-0.0535018648884285,0.252405261951833,-0.657487754764504,-0.827135714578603,0.849573379985768,59.0,1.0
93860.0,-10.8502815883108,6.72746568826853,-16.760583409542,8.42583167857118,-10.2526968683093,-4.19217104406337,-14.0770860104531,7.16828793346092,-3.68324217370244,-15.2399619587112,8.03070840755191,-16.0603057628826,0.270529742348469,-14.9529810390579,-0.241094883743813,-11.866730636746,-15.4869899240937,-5.74865155747378,4.1300314273319,-0.646818272966729,2.5416369467068,0.135534921100722,-1.02396689219897,0.40626452579196,0.106592778669641,-0.0262323892202069,-1.46463002356247,-0.411681819907858,78.0,1.0
56580.0,1.1860409202851,0.199417872960337,0.152396942207389,0.522945821568122,-0.107547539361947,-0.506745012756909,0.13121353879094,-0.026632623434578,-0.353840360915583,0.112327900714827,1.75940553109545,0.942644363315209,-0.283812546706253,0.68742438152151,0.347029946424793,-0.147220018874395,-0.175476060481384,-0.485060944392158,-0.255977607408735,-0.153460478501493,0.0319015562989168,0.1188765252703,-0.013940706991536,0.254959400029823,0.433825871772934,0.368023502167456,-0.0397313949672778,-0.00626358769151769,2.75,0.0
85576.0,-2.20763091845218,3.25907610397605,-5.43636546967173,3.68473739367705,-3.06640091036945,-0.671323195313701,-3.69617839443207,1.8222724578951,-3.04965272773018,-6.35388725151755,4.35148149710451,-6.4532473302497,-0.0614319367541572,-8.44287285721034,-0.328820639839654,-5.44079518325917,-9.5180378916264,-2.43806861829455,2.33675362049059,0.808336360421968,0.920899033968287,0.0376745089378149,0.026753977510545,-0.791488823729947,0.176492777047381,-0.136312279131778,1.08758482385547,0.373833528935625,240.77,1.0
59395.0,-0.687062043595208,2.00792876452264,0.393482789526213,4.3696260509332,0.592084521306252,0.234000155941894,0.635339379061372,0.0226001273210885,-1.97554731476154,2.22119636257321,-0.394996800748679,-0.213430454953014,0.7160483743046,0.424238619633422,0.992382573615963,-0.6188164756035,0.435458708378554,-0.619789326432087,0.550265819028691,0.0956927312085159,0.213662509202558,0.764728185451094,0.203458088139423,0.0984752638776565,-1.21472000471573,0.149046113248706,-0.301805481194757,0.0585626499181989,6.37,0.0
59669.0,0.326006629816884,1.28663756547088,-2.00718128715265,2.41967479633278,-1.53290169734535,-1.43280331503216,-2.45952963994058,0.617737791926574,-1.12586103037287,-3.23678401592309,3.5617949640183,-3.91467935228848,-2.12495645598654,-4.45889502952153,0.578201875425492,-2.3433041192933,-5.07145010804216,-0.749172320846648,0.22842274838649,0.222666683155765,0.556894674408544,0.169775528574355,-0.174357059251063,0.308061323046213,0.710996128051644,-0.23102981819073,0.580495233837149,0.30098403791885,6.27,1.0
29138.0,-1.08146631049109,0.420167903120656,1.62663055615022,0.203110838915374,0.144381899440331,-1.3470000677704,0.539220116930214,-0.110100156927911,-0.29506248814032,-0.167320481263094,-0.10302561764628,0.0352493002545307,-0.0491718374008756,0.123724379165691,0.879156722242486,0.118593861626711,-0.29415420153439,-0.438931550554225,-0.0521344519486726,-0.0168924180137932,-0.231663797124556,-0.489533031853115,0.557634413964491,0.679735640314169,-0.116108163827594,0.0613403058164256,0.205796547016814,0.0661442945854396,0.89,0.0
103808.0,-4.51734375344642,2.50022390414582,-4.01392753708116,1.18945163355882,-2.48686063585833,-1.41347553285281,-4.24570662259591,1.26508694822894,1.16882778968781,-4.51390660472333,3.69471123994721,-6.11044323287235,-0.110521636054475,-4.18455528093394,-0.93103463417672,-1.61471832598223,-3.35318018239636,0.236762036968587,0.0038960221310578,-1.05616226010439,1.32694422202396,0.102998961106284,0.508166904438541,-0.278017536127694,0.139721094971637,0.0646100247346309,-0.972358289293076,0.351359561196795,2.27,1.0
72161.0,-1.31876229020623,1.55503159895673,0.913673292496083,-0.229334553148234,0.181619247430389,-0.542097287473668,0.884142150114809,-0.258453768817776,-0.0379802973424429,0.438928632805812,-0.351288774095786,-0.518232054036332,-0.923494536717779,0.247086683351324,0.969377146230396,-0.482059211014547,0.0197378679579536,-0.703670271028234,-0.281128170592048,-0.0753395657976619,0.13753312177222,0.119094064557656,-0.159867528083999,0.0746405693532971,-0.0980352645181174,0.276973006054412,-0.660165210238743,0.149767717989328,10.0,0.0
93897.0,-10.3008197578448,6.48309458751086,-15.0763627200288,6.55419115286706,-8.88025172157215,-4.47167242014489,-14.900688599735,3.84017023811699,-4.35844142237671,-14.5331616869738,7.58874088021049,-15.8357188077344,0.135035383391472,-11.5670059165135,-0.077026912374336,-11.4674297370042,-19.1729963590355,-6.96985638421183,2.21175583268581,0.113244363257218,1.50874842459643,1.04164209875775,-0.682789602968657,0.573543946252624,-1.6023889741646,-0.393520821299559,-0.468892515546761,0.105920160381125,1.0,1.0
32110.0,1.18984085314771,-0.654529506143511,0.119182457961788,-0.983108671288069,-0.040980287279535,1.19586752520668,-0.782093325873144,0.442356542782694,-1.21410015836479,0.625315411054181,2.44588973408237,0.578201561291024,0.263939238199094,0.196279210396008,1.01643564426734,-0.0906334172099002,1.22902378687061,-2.86795494689304,-0.744334548324272,-0.0327662358141231,0.388580786854904,1.17740673206483,-0.00522687378398161,-0.963479998669286,0.294443995294959,-0.0069131376221393,0.0626307971231473,-0.0131352666563151,14.95,0.0
58391.0,1.01979597966951,-2.08125048283138,1.33514896524846,-0.70833811390062,-2.47075412244526,0.356973610258595,-1.5618624798732,0.22852340272955,-0.72340179171905,1.10417005888393,0.427649488383787,0.543323356368803,0.160728557783142,-1.2691578019554,-2.88235928170427,-1.16369757607752,1.23709504880546,-0.046790598438634,0.72530981415934,-0.0132255056299103,-0.295400558533887,-0.436909193161488,-0.0809795615636052,0.552533153175084,0.243769865009126,-0.2594956042649,0.0612636360848181,0.0513148009273398,187.5,0.0
13126.0,-2.88004235163471,5.22544230971559,-11.0633302799459,6.68995065770063,-5.7599239886738,-2.24403079081521,-11.1999752166959,4.01472180864313,-3.42930426351801,-11.5619497720699,10.446846814514,-15.4790524832016,0.734441608104148,-13.8837785491112,0.821439545395249,-11.911483017197,-18.1030037037729,-6.83783453880068,3.12692935212663,1.19144396640797,2.00288287701632,0.351102064721284,0.79525514045211,-0.778379381413672,-1.64681511254223,0.487538823287331,1.42771309550336,0.583172486219188,1.0,1.0
75978.0,-5.14072311805277,3.56875123426923,-5.89624545735196,4.16471993013258,-4.09119263947502,-1.98996029061886,-5.47243601705169,2.42282066166249,-2.90973525837833,-6.28780335064533,3.70431215185119,-7.26754953396678,0.329269938095914,-8.45897495556967,1.35448720090917,-5.9762209822112,-10.5760149147501,-3.52516124688807,1.73797600497073,0.318995199686566,1.13113028151049,0.118021510216711,-0.332704205017834,0.139940733895169,0.324757896441424,-0.180769130367976,0.177810382911191,0.661555355551591,99.9,1.0
64972.0,1.16163788371098,0.182397292174646,0.598815276985455,0.499379950291041,-0.305913882659396,-0.307428260618327,-0.0938618219223547,0.0490880895567085,-0.280643970613986,0.0497160195084877,1.94105818894558,1.38039664802011,0.494268401934087,0.412693734526737,0.53323632617224,0.132153533842955,-0.339486839335397,-0.601835245726822,-0.266586232799264,-0.10171463838426,-0.161511607288418,-0.453380968305347,0.17564803785134,0.227612583843569,0.098393148242044,0.0931966433191835,-0.0138835334211792,0.00804573565872318,0.99,0.0
113104.0,2.01917694151162,0.32097076825873,-1.92988540079984,1.02475927938448,0.913660519666584,-0.681273505307608,0.675332020011308,-0.286430933716067,-0.465038174565741,0.51964311716935,1.03954523574193,0.971121863448734,0.056326288423784,0.952487785539407,-0.456744177645998,-0.266724091975768,-0.661326881186626,-0.0184882236925466,-0.167385907535281,-0.227674110638221,0.180194708984819,0.569569520611975,0.0130554083904332,0.710195754872553,0.450517064546443,-0.535816792859683,-0.0368161587616571,-0.0655124382873827,8.9,0.0
70229.0,0.315641749332386,1.63677796226183,-1.51964988293973,4.02857099852445,-1.18679426720391,-0.789813099852487,-2.27980740468004,0.472987926704315,-1.65763500271185,-2.89499040084744,1.60198538284757,-2.82494562476694,1.26920363552044,-5.59136368933409,-0.974827287131074,-2.73779549628906,-4.9615343155062,-2.22479740778771,-0.136117269757132,0.388884849068478,0.345920750226663,-0.1080015945344,-0.165441941824109,0.279894580016653,0.808783092569154,0.117362632970147,0.58959490284462,0.30906407378289,3.79,1.0
36749.0,-0.840636407344402,0.372392226795934,1.22189694225117,-1.85716436394782,-0.32496063067753,-1.27358647862639,0.805477271367224,-0.246460220856175,-1.4040221551203,0.168915315732525,-0.446996247355126,-1.06983366716887,-0.494023366766209,-0.0639728443852611,-0.107136118107436,1.16020829620713,0.0880402540350356,-1.78951137734137,0.119045685902935,0.123867656351722,-0.1745663542539,-0.664521416484772,-0.0439226506594611,0.341130365033637,0.121554828251996,-0.679447612637459,0.17309162662527,0.144366882230629,68.0,0.0
70299.0,1.23017204915543,-0.266189327148925,-0.116718231026086,0.213495436449497,-0.211838685017285,-0.125385944660645,-0.0713941399542501,0.00623035770900583,-1.45725798991626,0.939891881981568,0.99889072998832,0.322233889376426,-0.428864049407907,0.749783058235665,0.209759790362531,-1.56481520128684,-0.119647584339631,0.910292779802049,-0.809865225904931,-0.528255619246065,-0.617809748214971,-1.44474595324894,0.119507155102931,-0.407391470795893,0.302866528578581,-0.630573414463964,0.0240559373037104,0.0135145576526709,44.0,0.0
56624.0,-7.90142134976781,2.72047248689249,-7.88593567244075,6.34833355148109,-5.48011903551053,-0.333059239585013,-8.68237644547782,1.16443107786426,-4.54244738562489,-7.74848004950582,5.26658587269696,-8.67967880327782,-1.1663656781569,-8.10797466085831,0.701364761025326,-6.28830575777651,-13.7531307979331,-4.32923927421315,1.50425021091709,-0.614719344485925,0.0777390506575033,1.0924365947863,0.320132727437797,-0.434642552856739,-0.380687072327338,0.213630359032603,0.423620329379796,-0.105168533503988,153.46,1.0
34902.0,-0.412388313350062,0.0986944412964537,1.82086364153038,0.534426516587742,-0.962123151750355,0.407969952918155,0.340032270414835,0.0466585280981783,-1.65467757817908,0.474723151047022,-0.428508497759059,-0.080978359757817,1.106917631253,-0.154667673038469,1.55145129172275,-1.83535354470487,0.238402354249749,1.36031596269006,-0.659764339488136,-0.040661940043432,-0.0150147750180278,0.319614128420021,0.251636604818206,0.0396191777997721,-0.423439788037869,-0.204658482825351,0.190823769006763,0.171892461027298,144.0,0.0
73408.0,-2.86979494599423,1.33566696241079,-1.00953019777159,1.69388472852407,-0.741479894623347,-0.796772696354505,-2.61424187718441,1.06663646767929,-1.13549652218517,-3.9433368210052,2.57283021584331,-2.28866350030302,0.562084177710423,-5.33871420959882,-1.85325189141529,-2.619233053885,-5.23142512742468,-1.23485373672039,0.397308037124058,0.0115572104606548,0.528421372720921,0.228027080989586,-0.749297963439339,-0.0671789627433331,0.215792485177395,-0.453651011768872,0.349191042793996,0.198862268219404,16.48,1.0
67150.0,-1.82429505976067,0.403326526860602,-1.99412200641801,2.75655816357726,-3.13906432572579,0.408185014718199,-1.20904511871624,1.09563435393431,-1.44722489217345,-3.95100289197434,2.56070020158284,-3.4119829114195,-0.781669619949492,-4.7327675351632,-0.433973654922625,-3.30608841178359,-4.23102187544855,-0.750809770409941,2.69080834203374,1.50368830479002,0.838760421033887,0.341727095787049,0.947506491293615,-0.145493002452622,0.0493257725258454,0.831065451615044,0.33242130393302,0.252712728641008,489.71,1.0
34687.0,-0.860826892469905,3.13178963278262,-5.05296813449749,5.42094070941518,-2.49414141557203,-1.81128662834635,-5.47911745062699,1.18947198655298,-3.90820579292615,-7.06074618169306,4.72997415443333,-8.62905440849263,1.17879796289388,-11.1820634139742,0.445243112696547,-6.53298227788478,-13.3892507167674,-4.48041256680694,0.432054206519352,1.0857595200589,1.19269353963797,0.09035581053399,-0.341880850908644,-0.215924151333767,1.05303194615504,0.271139003495332,1.37329957704625,0.691195095871691,19.02,1.0
93824.0,-3.63280894927825,5.43726336227612,-9.13652148062595,10.3072263079132,-5.42183029451154,-2.86481514933136,-10.6340876212042,3.01812657999175,-4.89164032107494,-11.2350479111446,8.78878366710272,-18.5536970096458,-0.339533407676443,-15.6231873302985,-0.188978574214972,-12.4279613630565,-20.1590474539227,-6.88889109280947,2.58609321670737,1.35406479520345,2.30988016889674,0.978660126299279,-0.0961301444473713,0.432376722544823,-0.435627929953396,0.65089278643537,1.69360750804844,0.857685371687245,8.54,1.0
27219.0,-25.2663550194138,14.3232538097233,-26.8236729135114,6.34924780743689,-18.664250613469,-4.64740304866878,-17.9712120192706,16.6331030618556,-3.76835097141465,-8.303239351259,4.78325736701241,-6.6992520739678,0.846767864669643,-6.57627643636006,-0.0623303798952992,-5.96165987257541,-12.2184817176797,-4.79184198325342,0.894853521838799,1.65828884445902,1.78070097046593,-1.86131814726914,-1.18816729293127,0.156667050663465,1.76819198236914,-0.219916008250323,1.41185477685432,0.414656383638367,99.99,1.0
51648.0,-0.503202625581081,0.675269122037976,2.02975433064992,0.392132273051769,-0.175576267050125,-0.154780215795667,0.505839021716981,-0.199224456523483,-0.119774565815435,0.110519601722104,1.35416210891816,1.23798307251366,0.597856536589945,-0.438300669605322,-0.702445953744019,-0.448370188501568,-0.128127855705676,-0.202051930418787,1.28859245253137,0.0757426311551113,-0.204269969996007,-0.300088696348233,0.131815040038548,0.57818972540598,-0.818457854650137,0.101981279489877,-0.273295211697337,-0.0702533816986794,10.0,0.0
20573.0,1.14098273750417,0.0454569963495648,0.823289558019995,1.23708058004255,-0.403373387883635,0.341389048392527,-0.683691430501521,0.29152934368276,1.67058052845637,-0.140874185046311,1.72646475203966,-2.93669874674492,-0.665858837022708,2.23144571393266,0.308279695310347,0.526057286417463,0.167100012172468,0.912519433284394,-0.757273369750619,-0.334756536981532,0.0033724653600107,0.19226143090557,-0.0558315687901977,-0.434121995506341,0.350620967976017,-0.288242903018366,0.0132728782062993,0.00337603151591186,5.0,0.0
79711.0,-1.11702334052519,0.0691308644776659,1.05273893999923,-1.05810792988254,-0.304032855243815,0.158392500693568,-0.0463471539346335,0.661914351698642,-1.53568455013728,-0.192458555686475,0.174423179575233,0.241672915630779,-0.695214174557319,0.394948808445333,-1.46512446420745,-1.56220120253851,0.195674551969061,1.05603704231982,-1.06416464567569,-0.547396740209487,-0.294218580704957,-0.601599388785396,-0.0271379941718803,-0.329653138667432,0.0473426049999938,0.243794949710738,-0.067243345790507,-0.0166990413086379,56.0,0.0
29753.0,0.269614090485094,3.54975512877325,-5.81035344453706,5.80936957402456,1.53880793351049,-2.26921913566818,-0.824203333436328,0.351069915343584,-3.75905945636624,-4.59238980599474,5.47939151009669,-5.65785754091816,-2.6480760898503,-10.3848897408947,-0.225946407826958,-0.701882908954806,0.409735840500415,0.939603694029483,-1.95429995537505,0.310524633435283,0.371121111209288,-0.322289520392532,-0.549855883222537,-0.520628958812409,1.37821038664663,0.564714292689441,0.553254713878568,0.40240000915925,0.68,1.0
68207.0,-13.1926709562391,12.785970638298,-9.90665002092758,3.32033688288942,-4.80117593230105,5.76005855618556,-18.7508891580107,-37.3534426378925,-0.391539743919107,-5.05250236713858,4.40680552357904,-4.61075647740608,-1.90948796970811,-9.07271093398351,-0.226074450896345,-6.21155748212485,-6.24814535335983,-3.14924669470095,0.0515761185277783,-3.49304991519446,27.2028391573154,-8.88701714094871,5.30360690376998,-0.639434802306313,0.263203123457008,-0.108876929971315,1.26956635541013,0.939407362758877,1.0,1.0
84204.0,-1.92745281973369,1.82762056700016,-7.01949468454197,5.34830323951426,-2.73918788004738,-2.10721929638307,-5.01584797563431,1.20586815982046,-4.38271250852199,-8.33770697381781,7.19030608944843,-9.42484446049178,-0.223292646427513,-12.8754942229841,-0.071918160688794,-6.2999613976222,-12.719207160428,-3.74017615583058,0.844059610296466,2.17270905626492,1.37693832294098,-0.792016725563067,-0.771414187530036,-0.379574271539528,0.718716522008066,1.11115125599517,1.27770725705846,0.819081152045361,512.25,1.0
31836.0,-0.979302936760626,1.2680787472422,1.56860828518012,1.08202235073978,0.0434700235049688,0.736212139094319,-0.0485954488375702,0.73904189675432,-0.350065224589764,-0.490474116715716,-1.41780206291274,0.0850496951750605,0.140573981123179,0.106687184977151,0.567351945625904,-0.557649128318859,0.432600474309052,-0.41965810055707,1.11357246735481,0.0983837115178504,-0.316039424939769,-0.744173328947949,-0.187086355797623,-0.799091980236812,0.275029234289848,-0.341594043129757,0.250385999090546,0.068248380330583,1.0,0.0
20451.0,-15.8191787207718,8.7759971528627,-22.8046864614815,11.8648680803607,-9.09236053189517,-2.38689320657655,-16.5603681078199,0.948348594786058,-6.31065843275059,-13.0888909176936,9.81570317447819,-14.0560611837648,0.777191846436601,-13.7610179615936,-0.353635939812489,-7.95744722625995,-11.9629542349435,-4.7805077876172,0.652498045264831,0.992278949261366,-2.35063374523783,1.03636187430048,1.13605073696052,-1.0434137405139,-0.10892334328198,0.657436778462222,2.13642447085514,-1.41194537483904,1.0,1.0
62467.0,-5.34466537543542,-0.285760408166142,-3.83561578178611,5.33704802681048,-7.60990870021268,3.8746680317393,1.28962992438915,0.201741916806601,-3.00353243733788,-3.9905513318108,4.98601380361468,-6.11638322304304,0.0423244061770454,-6.04339314434942,1.82140103177852,-4.7454624675489,-10.0756455907271,-3.6045960155148,1.43529381015392,-1.56216235780532,0.276010822180054,1.34204455689584,-1.01657869464831,-0.0713612973880671,-0.335869334726878,0.441044176004645,1.52061262049821,-1.11593680318009,1402.16,1.0
102671.0,-4.99175779387947,5.2133398229232,-9.11132629809104,8.43198635177602,-3.4355156720863,-1.8275651016855,-7.11430284412379,3.43120663145462,-3.87564287029742,-6.86850850672582,7.15062516950116,-10.2629840447185,2.73308493575221,-10.1275247811671,-0.262783621001749,-5.19027103814098,-8.6557110398096,-2.02444347438745,1.5604792800844,0.0981321924634143,1.18942283937597,0.247858476295777,0.294448330047117,-0.548503502162266,-0.174616566570794,0.406702503092405,-0.40233927269736,-0.882885795448957,0.0,1.0
8451.0,0.314596589729515,2.66067027657541,-5.92003738034463,4.52249960508858,-2.3150272861839,-2.27835165394776,-4.68405393631569,1.20227026523098,-0.694695511200349,-5.52627805985834,6.66243683071252,-8.52546492534563,0.742745446888019,-7.67866801029943,0.593070459066131,-4.47813659534324,-5.84426647937357,-1.1027307945783,2.17738568653903,0.562705643312244,0.743314023428983,0.0640383555765096,0.677841675250346,0.0830078227438395,-1.91103446375022,0.322188398435937,0.620866538820488,0.185030354728703,1.0,1.0
119602.0,2.03078284022768,-0.0901693121899489,-1.63107073633375,0.494071951479064,0.129124109075997,-1.40161550570666,0.547738099107962,-0.473452181748169,0.382576814020704,0.0972670018503189,-0.884017535317288,0.329788809325148,-0.161668673962057,0.427668242627571,-0.439870816968774,-0.566451854323265,-0.0641901899347858,-0.840197991922849,0.185713132984788,-0.181101160690727,-0.0170351156539873,0.0985815335523108,0.05271691215504,0.108385414714418,0.165253573746818,0.555127286456261,-0.102570567339427,-0.0715664402741614,34.74,0.0
87121.0,0.0179596685599538,0.866608513703419,0.263351698010998,-0.473686625092266,1.05789369862343,0.67291134509909,0.331240441273053,0.225852436691684,-0.204931915212393,-0.907905161664723,0.236099490659535,0.688117379164759,1.25663242838746,-1.47238348737016,-0.297459248455068,1.07944240760258,-0.265918271866504,1.15445366609203,0.696719095405284,0.0831251923333763,-0.148114082149568,-0.330969318454977,0.0310922271790023,-0.440669349752032,-1.13839638417172,-0.071485270496779,0.236466489044966,0.25160518196895,4.99,0.0
62009.0,-3.53335597937162,0.966798812643256,-0.774206068401822,0.263279461040303,-1.89219611415125,-1.67927003387329,-1.09836079308634,1.74550303424664,-0.896183691779547,-1.15190619564154,-0.876664179681227,0.0263613566748693,-1.29542358471831,2.14224894462512,1.2734057892431,0.503144692137826,1.06595997586305,-0.549632140993101,1.08577623628765,-0.910270648766594,-0.264382316661089,-1.60915958163837,-0.305726032821694,0.754798127758323,-0.791883622543451,0.543909537943613,-0.854688799272019,-0.588800777249963,79.93,0.0
94438.0,2.02648340206277,0.416021258791373,-1.79223517675623,1.22978695156348,0.959712066192106,-0.643274136731374,0.556108864896674,-0.346800258176053,0.872355040502042,0.160271785579473,1.92831984957217,-1.71910625739272,1.35124175695834,2.45517021258257,-1.15670056000033,-0.280123927343146,0.0906037919625097,0.296681444014414,-0.367539160409498,-0.297757476178854,0.0243198309380243,0.356348108564191,0.0310129693766932,0.63961762580204,0.416597352301741,-0.573012709819054,-0.0653606350870625,-0.0730712172677065,6.57,0.0
70536.0,-2.27175453696818,-0.457654560738072,-2.58905463865543,2.23077826688105,-4.27898250263823,0.388610079538804,0.102485457456358,0.813127838070308,-1.0929208385062,-5.03202838566819,3.51034756034463,-2.22739840581069,0.656823927974733,-5.19918574342056,-0.128311029598493,-3.94352099869908,-3.82052232662867,-0.570821093891663,2.78338340771804,2.28575790271371,1.09634200952947,0.658398654570846,1.71167573455248,0.333540036403021,0.538591373646869,-0.193528512332835,0.258194100840055,0.247269213953463,824.83,1.0
102480.0,-1.92959692675373,4.0664132778545,-4.86518400996861,5.89860229319899,-0.552492585328532,-1.55596245330906,-3.83362344068736,0.679511648528001,-3.46376549143694,-6.68368922880726,7.02127774818005,-11.1024933822497,1.71175507363653,-10.447632938235,-2.79907615915518,-6.26174085045904,-11.6471577741668,-3.45143614190286,-0.507536514254236,0.942488941965831,1.13721164676769,0.674245235425331,-0.531765489027487,-0.433409350510738,0.378658562357166,0.198107291025294,0.869694411928137,0.228047851815119,0.0,1.0
109383.0,1.99403322969991,0.972813795954403,-1.26403243876663,3.76681952746832,1.23302915427633,-0.234760488637123,0.655539321652416,-0.388317858851009,-0.290960800270766,1.16566652287735,-0.066742743055623,-2.49460399857096,2.44375357023316,1.90902763885557,-1.35050519710121,0.642884356463779,-0.165549139627664,-0.41186333783447,-1.66121544515084,-0.254455044055592,-0.143075185774645,-0.196128743650955,0.155288077161588,0.585667964086146,0.17458088065883,-0.105762754797887,-0.0988669702336329,-0.0568271898041981,7.57,0.0
77202.0,-0.356326154090313,1.43530513012275,-0.813563965472736,1.99311717679272,2.0558775401316,-0.54357866590526,0.487691066602944,0.0854488054265826,-0.536351998021526,-2.23120932812687,0.273983570211148,-0.535839387011391,0.595677221650834,-5.14182349291966,0.732366764261792,0.623912780633594,4.09098324669186,1.63408402811385,0.26084733041578,0.303261648412104,-0.312862941766726,-0.687873797330169,-0.267002508610821,-1.15848006325515,0.271459963711122,-0.155397186179697,0.114328416432227,0.101525594435204,1.0,1.0
94141.0,-13.5120737201635,8.21517673687939,-16.5826057272747,6.20736889019759,-11.3184715177058,-2.99720698778128,-17.6404704062016,0.0403490750758574,-5.62023218946632,-15.1237521803455,5.93465734341534,-14.1750301634055,-0.169044491655796,-6.55255368427192,-1.57000723316824,-12.1725530183154,-20.1645422294456,-8.66881519685045,2.55087034384644,0.694574465326517,-0.907905601256761,1.5140282763652,-0.141879203311202,0.789185965955202,-0.0313427677694401,-0.255056581600699,-1.86583088908172,-0.442204311521227,45.48,1.0
97121.0,-17.9762660516057,12.864988563015,-19.5750661905691,11.3451198184298,-13.9986456031027,-0.35489996091484,-23.7834698823143,-4.87235340557097,-8.50428479375643,-16.6011969664137,5.56925817499418,-13.9322487527403,-0.204854827407058,-7.58102324741972,-1.01361239001659,-9.01481328062598,-16.0920320589503,-6.05014766257303,1.66102935873752,2.41992113013135,-4.30043186631826,2.8657718597682,1.48930201538756,0.386039288843108,-0.232391836340479,0.413826703027495,-3.25598090607432,-0.538963227046118,8.64,1.0
14152.0,-4.71052878230567,8.63621438967976,-15.4962220036783,10.3133493732845,-4.35134098287048,-3.32268873543923,-10.7883728387388,5.06038112024979,-5.68931118776998,-11.7121866242875,11.1524905985837,-16.5581971409376,0.302644522406362,-17.4759212828566,-0.412393267331071,-10.222203169604,-13.7991476446987,-5.00858517858957,1.16202614780693,1.43423977941906,1.9905453513529,0.223785002572736,0.554408428563337,-1.20404159623154,-0.450684594730258,0.641836059375492,1.60595762479265,0.721643614506061,1.0,1.0
61200.0,0.807643885525894,-0.254318944318956,0.721393085594331,2.40269278918783,-0.384219975098261,0.69225236906158,-0.317227241082411,0.352452377470045,-0.473811892400886,0.773505355186988,0.757912058592226,-0.312684573799008,-1.51105602887203,0.634885128019223,0.532642522554167,1.03144981376219,-0.753350769530683,0.45065339599642,-1.18658755709218,0.055760270583934,0.243857377676988,0.265677743050203,-0.177211160735155,-0.33714780572365,0.243941113609914,0.0899217513884458,-0.0142396135216224,0.0362498686093946,155.94,0.0
52240.0,1.23615342447321,0.185025186767349,0.628828747673266,0.707866611072841,-0.730631823964711,-1.20425203755205,3.99712930813906E-4,-0.169030377295082,0.176108855560078,-0.0365023743926029,-0.0962848773131451,-0.0619569001540179,-0.755930084864967,0.460715603216803,1.1191913771396,0.2550188884513,-0.246207672399675,-0.524596586120596,-0.235365160553848,-0.168432771948111,-0.247487280919173,-0.767329537172039,0.188894735104762,0.678669411243099,0.139453241980239,0.0777020741459623,-0.0352909864820376,0.020189905002908,1.98,0.0
34773.0,-0.80361094373322,0.88881105286892,0.932106287351353,-0.962197014224168,-0.586062098063406,-1.04541271847652,0.119408704535343,0.555627957434769,-0.233101778008685,-0.49820819076942,0.800272363338586,-0.305966318200999,-2.18802824677507,0.982988485017583,-0.172665942355222,0.722594424294982,-0.46782315770925,0.499845628946592,-0.417343672167514,-0.226133032724969,0.227730491650984,0.510483727909825,-0.0494449060788434,0.56211264000696,-0.551936252883679,0.872280613980347,0.160519377101702,0.133771179212982,1.03,0.0
34687.0,-0.860826892469905,3.13178963278262,-5.05296813449749,5.42094070941518,-2.49414141557203,-1.81128662834635,-5.47911745062699,1.18947198655298,-3.90820579292615,-7.06074618169306,4.72997415443333,-8.62905440849263,1.17879796289388,-11.1820634139742,0.445243112696547,-6.53298227788478,-13.3892507167674,-4.48041256680694,0.432054206519352,1.0857595200589,1.19269353963797,0.09035581053399,-0.341880850908644,-0.215924151333767,1.05303194615504,0.271139003495332,1.37329957704625,0.691195095871691,19.02,1.0
35926.0,-3.89658259167336,4.51835470349753,-4.45402724041253,5.54745334718879,-4.12145857265685,-1.16340665785105,-6.80505305303552,2.92835625399971,-4.91712959933528,-6.60046062150676,3.36784560815482,-7.88897751950988,1.68260346667335,-7.62865191597326,0.779245995683184,-7.53340432942796,-14.0646239413114,-4.96010863308331,2.52578492424474,0.757286726552078,1.69104203001122,0.920020577187708,-0.151103893232396,0.0110068782298363,0.0803032669086078,0.412191351423526,0.635788870982512,0.501049550484962,4.56,1.0
94362.0,-26.4577446501446,16.497471901867,-30.1773174564996,8.90415677106517,-17.8925996927224,-1.22790388102871,-31.1973285494605,-11.43892041491,-9.46257260540015,-22.1870885620007,4.41999660154863,-10.5923050053728,-0.703795803703315,-3.92620731586873,-2.40024649210124,-6.80988994039049,-12.4623149481086,-5.50105078380738,-0.567939572890149,2.81224110932946,-8.75569832116533,3.46089334478551,0.896537503959012,0.254835536763482,-0.738096558530353,-0.966564233789852,-7.26348214633855,-1.32488430656137,1.0,1.0
87883.0,-1.36029263351035,-0.45806896998712,-0.700403917726715,2.73722917151503,-1.00510597388675,2.89139936351597,5.80253735302589,-1.93319735249124,-1.01771714252211,1.987861862693,0.504116141204789,-0.863430853145281,-0.184450076491427,-1.01691553500414,-1.55941019827384,1.15431268558106,-2.04385766822656,-0.151698807119589,-0.94351353548825,-1.49340137472525,-0.936989532415364,-0.0538115862306455,0.580105893889531,0.216927302487974,0.151642929701357,-0.33211456915886,-0.469800301881959,-1.495005896766,829.41,1.0
72938.0,-0.859666865255334,-0.298417875078456,0.971311008235529,-4.4349237533614,-0.905078434087235,-1.1405546999032,0.339466012408984,-0.142979487073032,1.20814819802747,-1.30830396248199,-1.46599483066794,-0.253395584085162,-0.913462246509422,-0.244621516672384,0.178705825325824,-1.87503975562312,-0.433672434747319,1.66669486983256,-0.986469387215229,-0.667330183307852,-0.328216429508511,-0.261242732964862,-0.23042708030633,-0.168832460581569,0.130806592538967,-1.07542839223924,0.188875067502352,0.19923711566768,59.98,0.0
73292.0,1.26094501184661,-0.863442922449439,0.400755600550736,-0.478632056279034,-1.11501967526165,-0.156105957104608,-0.693750000481893,0.0481114623666824,-0.502108277627589,0.674813933647329,0.363074730367203,0.45344784000434,-0.325897267450219,-0.0891424351068206,-1.109146840802,-1.50843782804585,0.0881998830369964,1.3081527226878,0.0321918523980681,-0.421465828432679,-0.425890993588815,-0.675764674282942,-0.0612974723849369,0.0569493639602609,0.315928214657855,1.08108440519821,-0.05490483005562,-0.00136870579970932,50.4,0.0
94362.0,-26.4577446501446,16.497471901867,-30.1773174564996,8.90415677106517,-17.8925996927224,-1.22790388102871,-31.1973285494605,-11.43892041491,-9.46257260540015,-22.1870885620007,4.41999660154863,-10.5923050053728,-0.703795803703315,-3.92620731586873,-2.40024649210124,-6.80988994039049,-12.4623149481086,-5.50105078380738,-0.567939572890149,2.81224110932946,-8.75569832116533,3.46089334478551,0.896537503959012,0.254835536763482,-0.738096558530353,-0.966564233789852,-7.26348214633855,-1.32488430656137,1.0,1.0
29735.0,-1.52309548202058,1.92847181782484,1.94369481490957,1.78291116337646,-0.578581197782831,-0.0361580982902678,-0.189637449766766,0.999300029998399,-1.93423701824115,-0.106935160071237,1.04605339281824,1.01857334281162,0.717865871010302,0.692059605378648,-0.288171059139685,1.15434528829748,-0.556536819064292,0.356572065295737,-0.592041939897772,-0.232109617746965,0.0687051771514516,-0.243966860591941,-0.0565017121541442,0.4996304984519,0.0981402098745963,-0.221231631217104,-0.336016152884514,-0.0501922351970411,1.0,0.0
41170.0,-6.49808616880785,4.75051466030858,-8.96655783136602,7.09885431317009,-6.9583762227814,-2.82212618665779,-10.3334056561063,4.03190730189525,-6.64877821018697,-11.6344144245911,6.87757089846463,-13.6976856184689,0.463040401836978,-13.0441824003561,-0.309229265664683,-12.3175797238757,-24.0190985475902,-9.33519307905321,1.95189049542104,0.568338010653019,2.15814308370257,0.1115103626317,0.216413836254987,0.584661255488016,0.760359507805524,0.0819723426822078,1.41506751068321,0.0351241448009389,83.38,1.0
40022.0,1.24498094524167,0.278045215632588,0.0690664142489124,1.13952105475658,-0.298206507550087,-1.1130361394692,0.262706326782961,-0.183550610667899,0.143860287524131,0.0738183574012982,-0.693915848854132,-0.772303331492845,-1.87326461594694,0.841088665612868,0.979258032057755,0.00529050683143654,-0.252817527009716,-0.0788249329655184,-0.27142742198983,-0.256931304145523,-0.0476436788645293,-0.193739518586942,-0.0761036164760199,0.344207275392709,0.664357946362464,-0.352736564426858,-0.00956529245576302,0.0137612693464491,9.29,0.0
80569.0,0.794631204439638,-0.701213885796074,1.66231734950786,1.50896043392516,-1.33475875997915,0.846306390820337,-1.02850850384616,0.503960729015674,1.00446745752008,-0.100271014529131,1.04824303581103,1.00642548831421,-0.58474417891409,-0.290618517894746,-0.239766479959513,0.136216781550699,-0.173193523929683,0.408357404345664,-0.617650251444172,0.0435065680658331,0.330972809842362,0.943062796422732,-0.163437640872496,0.248208913437728,0.273392940493816,-0.184705224391787,0.0849351527652032,0.0503206891604018,124.91,0.0
33755.0,-0.507318728184702,-0.132028610092602,1.39953287797122,-1.71504153337031,0.170630833171563,-0.658053833788501,0.500482060153013,-0.201011004245831,-1.32688937711795,0.334168427954416,0.352503730245376,-0.313561962273492,-0.935562830806794,0.0384793298103812,-1.2298319347849,-1.39870953264897,-0.349532665776113,1.38348102693216,-0.574778223377878,-0.417790504934111,-0.377166806577369,-0.534633938722243,-0.246805727055979,0.0125149705200823,0.0387986761062932,0.917851011040533,-0.185813467823253,-0.152148046872862,10.0,0.0
76857.0,1.14020795371139,1.15643107873873,-1.47157796740819,2.07627840454674,0.774809058745551,-1.00253195191231,0.264947929409663,0.0131622605764724,0.248835339320523,-2.10066651278309,0.763204840843787,-0.94491647902938,-1.41903447142202,-4.68361969585018,0.51928230124953,0.908454083367609,4.13366666889167,1.30620452511785,-1.09471647432252,-0.125097258302807,-0.387894980568907,-0.866811936205838,-0.121582639900783,-0.356108586349469,0.634572810783188,-0.306311023397994,0.0940868179231164,0.121064728484123,1.0,1.0
78864.0,-0.235949779418218,0.910002841133871,1.75602881422829,0.905744672641742,-0.0836433474513461,-0.462635409020336,0.385876682352897,-0.029374111738786,-1.12278658908271,0.10079258326059,1.76488664773932,1.12941707836026,1.00382368272028,0.328926527301133,0.929826396638922,-0.342915361001969,-0.0218591768385006,0.179190625997811,1.87672433008648,0.254975538207977,-0.0579353556413512,-0.153948631765029,0.0500769205124713,0.567593490516816,-0.696807521604825,0.240896258804386,0.133382967739161,0.145605721562746,2.69,0.0
64412.0,-1.34804164426498,2.52282067569291,-0.782432259389823,4.08304665188122,-0.662280329645865,-0.598775712530929,-1.94355185121781,-0.329578950885032,-1.85327422572214,-3.16213595485783,1.53319383793753,-4.63512694781183,-1.11357273401976,-6.4358707376348,-0.293191947937035,-2.84993079536978,-3.65425828769231,-1.18303413658687,0.831623853010765,0.348896285038196,1.07987140816824,-0.352026410347836,-0.218357652796912,0.125865683985355,-0.0741801756408069,0.17911552652805,0.612579819202836,0.234206089600607,1.0,1.0
119866.0,1.79146689343694,-0.345817780799585,-2.86443379405405,0.248996816725526,1.03136283071177,-0.972006035481197,1.22720331654331,-0.564231984392184,-0.26599058243861,0.133274828012711,0.432174361419874,1.09374966071065,0.534337532148848,0.957492730148828,-0.781979206434035,-0.699656184373824,-0.592163704739338,0.0677752364613501,0.524875910610997,0.15994678542617,0.418647059538348,1.03804391649555,-0.482463792328352,-0.692873888957767,0.838364145848773,0.132067310748405,-0.107582553632587,-0.0707610434329884,182.89,0.0
8258.0,1.05058527505157,0.425032516457429,1.16543898985841,2.78574133321015,-0.187348374418431,0.516842140865399,-0.335070358614474,0.211597982034334,0.792040238403895,0.288603961122553,2.0944098283836,-1.70958582978143,0.975061955925939,1.64856128995446,-1.78777481198972,0.111128343955235,0.619771310163053,-0.374509703214314,-0.929692653976224,-0.264049335273572,-0.350941797549539,-0.683243951014731,0.142430306748941,0.11968664419154,0.206601369946708,-0.217446709707122,-0.00805278626618048,0.00817980177981424,7.55,0.0
62467.0,-5.34466537543542,-0.285760408166142,-3.83561578178611,5.33704802681048,-7.60990870021268,3.8746680317393,1.28962992438915,0.201741916806601,-3.00353243733788,-3.9905513318108,4.98601380361468,-6.11638322304304,0.0423244061770454,-6.04339314434942,1.82140103177852,-4.7454624675489,-10.0756455907271,-3.6045960155148,1.43529381015392,-1.56216235780532,0.276010822180054,1.34204455689584,-1.01657869464831,-0.0713612973880671,-0.335869334726878,0.441044176004645,1.52061262049821,-1.11593680318009,1402.16,1.0
19762.0,-14.1791651073631,7.42136996239257,-21.405835744128,11.927511869244,-7.97428068736155,-2.20271027666529,-15.4716122801735,-0.356594909586509,-6.38012489838839,-13.3482776536659,10.1875873241664,-14.5639797552132,0.59375935763569,-14.4915983463022,-0.281392503951236,-8.2641288443605,-12.4398049728466,-4.83707902601307,0.753149847889189,1.00276434172175,-2.36683606243662,1.13095519799655,0.991153238179024,-1.03313210707298,-0.327179344936207,0.634692903522304,2.17190494464567,-1.39528768393339,1.0,1.0
93853.0,-5.83919161928092,7.1515323543223,-12.8167600806187,7.03111476501099,-9.6512721679897,-2.93842725771624,-11.5432071690832,4.84362653179436,-3.49427572506535,-13.3207888671784,8.46024444901677,-17.003289445516,0.101556614891384,-14.094451660329,0.747030766392512,-12.6616957230679,-18.9124938172188,-6.62697484523061,4.00892074227194,0.0556838813863639,2.46205591127559,1.05486518382957,0.530480596078193,0.472669814042592,-0.275997967880675,0.282435024801752,0.104886020210564,0.254417096767513,316.06,1.0
32882.0,-1.0980890975439,0.618755977471845,3.18063460011131,2.75920065709812,-0.476955857723136,0.361504723699031,-0.573646478750063,0.393332556552832,-0.425783289937422,1.528802388563,0.987816263745091,-1.10785466966711,-2.18600198143541,0.16316590950501,1.50886285502514,0.688123552218337,-0.421154200477266,1.51042020320693,0.612278094619604,0.428456675694617,0.215121312359633,0.793185032858332,-0.21391222512451,0.48435933582086,-0.0810652449009379,0.367540718020933,0.271232746148225,0.0692452678784593,5.37,0.0
24628.0,-1.34515311577924,0.00133460098546179,2.81125434330003,-0.761700818614,0.0266958085150575,-0.0661645219705251,-0.0291666809937262,-0.0671160445872912,2.11403151452531,-1.10160209346801,0.320421477756777,-2.68188951229142,0.967194222615638,0.692010966769031,-0.637991162588806,-0.0640107508859292,0.619916117514923,-0.446780344617425,-0.799417961577515,-0.204943590405938,-0.249620037138428,-0.198664116623648,-0.0833433983331924,0.0773856343210259,0.00945450621061905,0.849591880785223,-0.459927919907832,-0.0964938061390218,15.0,0.0
78687.0,-0.442610805744332,1.45866114595638,1.1037747467757,2.26610770084971,0.881528278366349,-0.721717495998107,1.10920294384371,-0.328698584462169,-1.80227623068185,0.607606924656378,-0.433110397310348,0.284176227704101,1.32422940536785,0.178882101467547,0.16441289408456,-0.118919513730715,-0.322868984862533,-0.414268420483042,-0.0858962910441337,0.0105016123987426,0.141763174952608,0.429797588789736,-0.210464422072738,0.443680160557959,-0.224681544343099,0.0392600022990739,0.0216807153498527,0.153089666431173,4.56,0.0
75581.0,-2.86636370525907,2.34694943137396,-4.05330668845935,3.98335888025187,-3.46318571327039,-1.28095301603103,-4.47476383461874,1.21665528478137,-2.30982869782019,-5.51550707258062,3.04839203447565,-7.12825076846601,0.00595580092517457,-7.49518733635876,-0.25108802193356,-7.5680148993231,-12.2236328477344,-4.89517519350497,2.52496746940249,0.270013154062001,1.04973156228305,0.475840283409025,0.404480059350581,0.282029789710327,-0.506901095688855,-0.371741093052833,0.615256964379468,0.803162841917988,124.53,1.0
31677.0,-1.82623201169482,-1.11592454373602,2.08261634835124,-2.76423904879285,-1.45949834087503,0.127079737201095,-0.860542567176309,0.961072027590785,0.742143760904355,-1.47045592517247,0.291850293658975,1.29352662336684,-0.874091743684975,-0.498105071327199,-2.36459843703245,-2.64636260777945,0.99943807397267,0.917801652353557,-0.232356049126189,-0.224244075232368,-0.426120585072888,-0.730393063681238,0.0640524536250957,0.210373460666873,0.40991196325068,-0.170987081981246,0.205157853511039,-0.0366278959114948,100.0,0.0
32381.0,-0.367393985881049,1.11918575334859,1.18852802837341,-0.135787054859816,0.305581324031346,-0.445173561592834,0.671980590301411,0.047570581171295,-0.756171500788108,-0.369778800951391,1.33146968740536,0.929120540234792,0.897945636082669,-0.412469878588709,0.12913171934857,0.63761852786694,-0.407919625317004,0.366435541307842,0.315516127083282,0.196535556428597,-0.221831704583694,-0.571352391495662,-0.0674221877758787,-0.0264723603489067,-0.11789524291285,0.0719220530929916,0.245179031988099,0.0868301821754505,7.53,0.0
38229.0,1.01441094576717,-0.235125126432501,1.1462996810387,1.14041504917702,-0.867109149361937,0.327550212760419,-0.761194576026391,0.405297053852685,0.463787131776979,0.161075724650191,1.17914474038771,0.0524860557828571,-1.63041015907962,0.537756515758172,1.14855934568404,0.665013657930993,-0.582641656791278,0.594115109120611,-0.772095496063604,-0.169478984022454,0.186398655238986,0.403048308458509,-0.00285313521962323,-0.039572177719362,0.164192408975126,-0.346904429725763,0.0564632324870301,0.0299894084396011,45.0,0.0
41164.0,-5.93277795485543,4.57174320411303,-9.42724692838332,6.57705643811276,-6.11521812544893,-3.66179789602346,-10.8940785545016,3.70921000751656,-5.85952387304171,-12.981619145004,8.26529460055417,-14.1541653609607,0.479842781966758,-16.3375959447735,1.64604527960375,-12.3753974432385,-21.090612716108,-7.7245457358645,3.85637474254372,1.19107830456005,2.01427156558263,-0.167416617986259,0.0499675298711021,0.384429719031746,-0.0778835668224832,0.56549290579318,1.79201191700266,0.371007021212136,5.3,1.0
43837.0,1.37123033789642,-0.879244907334112,-0.944580618150947,-1.80683226014621,1.27050641951662,3.31075461460625,-1.18778855634696,0.824803548559984,-0.834336879645202,0.645404803165755,0.0405364115802044,-0.681776217485285,0.267774125813481,-0.0914212570460585,1.09195467838968,1.64445732869325,-0.333432878388088,-0.983024055986581,0.881342366560308,0.29028068660806,-0.0355930205329055,-0.456644952446321,0.0264546953852397,0.992608710351025,0.389317835878629,-0.400779569223699,0.012458674092894,0.0252358297084418,52.0,0.0
47729.0,-1.06225406100535,-0.173546100725473,1.43743139178819,-0.0314868070030253,0.738550588591458,-1.31108666152042,-0.208732678676497,-0.0730778867668637,-0.231940819958096,-0.212244857055778,0.126774989186277,0.0614161871410273,-0.0472562383771381,0.242958010851328,1.50820432753094,-0.569853739788444,0.363962185238605,-0.701691908778726,0.404436003068031,-0.136099170083808,0.155767931418694,0.56354810457216,-0.207529935013456,0.51476672932167,-0.650169490295382,1.11660863475535,0.0752789972066635,0.0904349210241092,0.76,0.0
41170.0,-6.49808616880785,4.75051466030858,-8.96655783136602,7.09885431317009,-6.9583762227814,-2.82212618665779,-10.3334056561063,4.03190730189525,-6.64877821018697,-11.6344144245911,6.87757089846463,-13.6976856184689,0.463040401836978,-13.0441824003561,-0.309229265664683,-12.3175797238757,-24.0190985475902,-9.33519307905321,1.95189049542104,0.568338010653019,2.15814308370257,0.1115103626317,0.216413836254987,0.584661255488016,0.760359507805524,0.0819723426822078,1.41506751068321,0.0351241448009389,83.38,1.0
78957.0,-0.365228603181163,1.0368793922302,1.11689867115593,-0.432710624467654,0.627404959021997,0.115308966045287,0.630972065598344,0.108824787323817,-0.698989639083064,-0.164373530800269,0.395378478378891,0.689707033427799,0.9699455879533,0.105124991294314,0.142590850282784,0.696504949296427,-1.11500215241984,0.42220634064274,0.738125173375575,0.192358010768975,-0.245277711879336,-0.629470327487531,-0.194360407464234,-0.834364208486185,-0.0417726124362997,0.123459446074893,0.26622697359387,0.100466741937411,0.89,0.0
81868.0,1.24096586523518,-0.374248904481632,-0.143678520568089,-1.23029273915698,-0.67267220806707,-1.26556299900314,0.0798690987603584,-0.181239109201461,1.43689834339745,-1.10082846664506,-0.0264717930082617,0.249856293009711,-1.47369719524905,0.575066684261435,1.10364970145794,-1.4107005021715,0.699679907425295,-0.846844706714756,0.551613925428718,-0.197795487711797,0.0013217370940268,0.190710975177306,-0.0960038122806765,0.442182331755107,0.653991468613555,0.107616398914841,-0.00775198716450033,0.00176178408770652,20.58,0.0
83570.0,1.11199036235897,-0.891318869074412,-0.147734105576504,-0.442963255278425,-1.05366179134232,-1.20146446312069,0.0181271709967125,-0.351486493030278,-0.987932764797993,0.648281047794495,-0.581213178379994,-0.441759093468892,-0.258662872859068,0.382885755066578,0.783126339781466,-1.41474427420313,0.0887811447985352,0.817804074613581,-0.716906695596274,-0.196436603254638,-0.355039958428421,-0.923117713279242,-0.0818479841876249,0.417411909037719,0.23992554513503,0.995127645049018,-0.109391049500054,0.0275264457552844,165.68,0.0
44379.0,-2.72342221346184,-0.606248663123889,1.49130199392354,1.87043833679918,-1.01628518103157,-0.36896581928603,-0.746709383598395,1.0075770261306,-0.191091126929364,-0.753925839321044,-1.22911104380877,-0.320682144148817,-0.814531381501964,0.595794024431919,1.16411754644238,0.185899579022606,0.383445867166677,0.758988007305153,0.694633916554342,0.0600505780127314,0.324446866722486,0.442040235590791,-0.170914612780251,0.415938395473418,0.300221984028081,-0.0788445670862983,-0.11518980293394,-0.401859096602821,98.0,0.0
70071.0,-0.440095203221886,1.13723897606434,-3.22707975693117,3.24229293383089,-2.03399815309639,-1.61841464754635,-3.02801259904704,0.764554819893569,-1.8019372093973,-4.7117686842189,4.66325458481107,-5.17173460782892,-1.62407024790733,-6.71387819491558,0.607986267670607,-3.27520749888835,-6.8238312134789,-1.35530868624906,0.291250739005026,0.895840844006848,0.764186724577691,-0.275577693085964,-0.343571526478397,0.233084829252444,0.606433640125543,-0.315433462199896,0.768290751269875,0.459623327730251,227.3,1.0
56887.0,-0.0754834663888726,1.81235458422751,-2.56698081016962,4.12754860722303,-1.62853157024518,-0.805895445766318,-3.39013454458215,1.01935326231828,-2.45125125188341,-3.55583492739064,4.31571103012142,-5.47980167679906,-2.11550315600957,-5.5887855765974,0.280108069299552,-3.50723062361012,-7.45709493793125,-2.32549168188332,-0.440434552920779,0.338598140549314,0.794372451897782,0.270471232297866,-0.143624140755259,0.0135659145316466,0.634203128800614,0.213693187250942,0.773625466697089,0.387434054572014,5.0,1.0
32747.0,0.347110581343931,-2.02481976019409,0.792326094549443,0.872814594335727,-1.46567076788602,1.31600223747515,-0.694864121271161,0.437164487603229,-0.278723884255189,0.452106202982527,0.896349400584817,0.891849531677584,-0.374782326327211,-0.163284005951485,-0.656357337493832,-2.0247664323065,0.583907127245826,0.771184283828701,-1.2994427970325,0.179601327792446,-0.193869570700255,-0.725979174374537,-0.204344641111311,-0.328860015748674,-0.0164730100084678,-0.454113100933906,0.0483953691791665,0.0931144307714461,413.4,0.0
66980.0,0.522931170228753,-1.56592937674201,0.753054931988092,0.354533721106236,-1.41124154181487,0.475096932520738,-0.530723918619462,0.35100045286748,1.15487929757488,-0.423765414834623,0.848788627700062,0.487911527033408,-1.71949938935745,0.0674501443016859,-0.53244709346917,-0.0981551484147658,0.275379116404073,-0.327414116502233,0.308913891915028,0.429514536791601,0.0150655844872399,-0.484026694859859,-0.157823663083874,0.0629613040813398,-0.13660478231693,0.927448441058056,-0.090524500485393,0.0513335877589605,319.71,0.0
114217.0,2.04168547009371,0.0261135564795878,-2.02762258151082,-0.0208481447006152,0.451187400529931,-1.47013756761845,0.723664332544204,-0.459506065729362,-0.0611565192301587,0.175269999500895,1.19749112217165,0.980731575727134,-0.231992057178747,1.03259718838396,-0.283081062807526,-0.529725097698038,-0.411937675021446,-0.164517977680145,0.284579436575999,-0.21041355946224,0.22128630848678,0.719118362711118,-0.0518413948464554,0.077474286891077,0.375043320752447,0.219066523173404,-0.0899159142323873,-0.0857542087850248,20.73,0.0
42988.0,-4.42350762703846,1.64804777413239,-6.93438785672913,4.89460056642244,-5.07813111998958,0.0108488776042783,-3.40909567897227,1.40929050029893,-3.26067152936237,-7.78135276287243,6.28337707847689,-9.65660635996176,-1.61913485478932,-10.7321089251086,0.288220764475555,-7.89812205175049,-13.5706825019333,-4.59023530005094,2.59017338411194,-0.562264103606392,0.698359061079766,0.487477720585547,1.22869827965959,-0.535217333195035,0.388278095984062,-0.00946564715170412,2.300164247557,0.0812314897144668,648.0,1.0
93860.0,-10.8502815883108,6.72746568826853,-16.760583409542,8.42583167857118,-10.2526968683093,-4.19217104406337,-14.0770860104531,7.16828793346092,-3.68324217370244,-15.2399619587112,8.03070840755191,-16.0603057628826,0.270529742348469,-14.9529810390579,-0.241094883743813,-11.866730636746,-15.4869899240937,-5.74865155747378,4.1300314273319,-0.646818272966729,2.5416369467068,0.135534921100722,-1.02396689219897,0.40626452579196,0.106592778669641,-0.0262323892202069,-1.46463002356247,-0.411681819907858,78.0,1.0
8090.0,-1.78322883722709,3.40279371307631,-3.82274226552205,2.62536815276644,-1.97641541136284,-2.73168901231308,-3.43055914949085,1.41320351399318,-0.776941494554916,-6.19988176274188,4.36671348631445,-8.24326243368313,0.345761165232579,-6.59055029705192,0.265576095932165,-3.02845238846152,-4.21448627485607,-1.21360784773725,-0.265421595374812,0.364089115014408,0.454031931736316,-0.577525824201459,0.0459665375362652,0.461700017592254,0.044146161217817,0.305704433918549,0.530980986346765,0.243745598122111,1.0,1.0
53076.0,1.29623080363477,0.417447287721689,0.193963067987499,0.901644194576026,0.13053136701763,-0.371634020776762,0.158125823740231,-0.202668656827626,-0.0795117562857989,-0.0450882478448673,-0.876737591678351,0.687487636238951,1.5747177026257,-0.00779123029058128,0.948315691837591,0.37715383740261,-0.868182736046053,-0.0671351121445059,-0.0644929660672327,-0.0295593500917474,-0.112113509551068,-0.2200020323662,-0.121021883862135,-0.440454448442227,0.671540040565908,-0.413518433654353,0.0328380408333744,0.0206001971066775,1.18,1.0
76497.0,0.535259725054902,-1.22428670642899,-0.958718123353361,0.1565520337094,-0.278275555733535,-0.569107175708779,0.80585043559483,-0.265188218108532,-0.283334596249955,-0.0783064218242429,0.70953434167063,0.198911339005495,-0.699183944527096,0.890789120952429,0.251049736915537,0.397305494462095,-0.600162211896571,0.213226044190658,0.542620285209561,0.738841941884492,0.197312534918353,-0.412107237124683,-0.534228320401077,-0.263580605657664,0.433931259741823,1.054308748989,-0.201258765995606,0.0435071585188544,417.36,0.0
59385.0,-7.62692409246447,-6.97642000754641,-2.07791115073952,3.41675415987856,4.45875840248762,-5.08040779918275,-6.57894786782983,1.76034141396682,-0.599508728352202,-4.00174208524931,2.61176184321338,-2.21069105518154,0.145323220628924,-5.28167813117348,-1.44622731547596,-2.34217826208892,-4.44208205885268,-0.812202197039381,0.254771833248553,2.87526030369363,1.22479498325958,-0.656639147267532,-0.330810728527997,-0.0789460153087798,0.270305924800976,0.431119110160139,0.821381426988655,-1.05608777393768,18.98,1.0
33722.0,0.884697380326216,-0.427709586151827,1.39830483991822,1.1150915725505,-1.10669426129582,0.375628554157714,-0.817944322299828,0.364814940827688,0.482674992985445,0.0334707173909417,1.55048317882209,0.806868631346636,-0.315286045735165,0.177357173173423,1.17391979423115,0.638509512977473,-0.637834990523299,0.651027905617372,-0.96187991251795,0.0267768881327241,0.396407176246969,0.977054755803523,-0.10400342547885,0.225601845066902,0.190832487721709,-0.262945043301323,0.0697214935616457,0.0470943112481491,99.99,0.0
75757.0,1.28268241066838,-0.4773846902185,0.183880375411469,-1.29919330856044,-0.102462741433345,0.964764087189929,-0.774842243964867,0.350296925916482,1.64204193037367,-0.959244231180862,-0.0257782198780462,1.06541257030022,0.384498891205189,-0.0727674097352513,0.925089254058826,-0.0450843076647239,-0.75862746005029,0.770238916224765,1.1371084299835,-0.075848618115432,-0.0440560564613621,0.141440448642194,-0.23500330841707,-1.68038112844848,0.635637635749077,-0.567906599677197,0.105533553859005,0.0046641049326088,1.0,0.0
75033.0,-0.430330205681344,0.985632693552081,0.645789437298841,0.317131047127407,0.616332206255463,-1.34746245720975,1.0782335690849,-0.161518267508932,-0.492855874580938,-1.03963769713185,-0.39560772252726,-0.664683930228673,-0.985700496668287,-0.660967626671015,0.344105202877093,0.530852433867815,0.278141865207384,0.355529916892446,-1.08122326117298,-0.115281935429531,-0.0163780179250957,-0.207609058231514,-0.164119225784612,0.255280162145255,0.454797817761532,-0.505032215885219,-0.0394559687978208,-0.00635758223393408,30.14,1.0
77202.0,-0.356326154090313,1.43530513012275,-0.813563965472736,1.99311717679272,2.0558775401316,-0.54357866590526,0.487691066602944,0.0854488054265826,-0.536351998021526,-2.23120932812687,0.273983570211148,-0.535839387011391,0.595677221650834,-5.14182349291966,0.732366764261792,0.623912780633594,4.09098324669186,1.63408402811385,0.26084733041578,0.303261648412104,-0.312862941766726,-0.687873797330169,-0.267002508610821,-1.15848006325515,0.271459963711122,-0.155397186179697,0.114328416432227,0.101525594435204,1.0,1.0
10784.0,-0.689691600738832,0.742998294368049,2.04177875640036,-1.2147915933564,0.123088527766038,-0.137035132913898,0.448402599846513,0.0972734287129182,0.772986212490784,-1.24416129243854,2.43148602361967,-1.67221302374749,1.7965297804376,1.58538894182911,-0.672642953502975,0.470663318471357,0.0916431795659216,-0.0484810756050413,-0.901280201725567,-0.113469769490061,-0.118289548233817,-0.182555728968979,-0.0960084231202999,4.19775417229982E-4,-0.271309204034228,0.71862019836963,-0.0341620969378748,0.0653373731394604,16.0,0.0
93856.0,-6.75050851563533,5.36741605145469,-10.0546349530569,9.06447791765316,-7.96811808353808,-2.26379841398236,-10.317566180676,4.23766573099145,-5.32410880613734,-11.0923923688428,7.15408284221914,-17.1504052507291,-0.0953992277686904,-11.0301103643432,-1.95905455483077,-12.4485623424367,-22.6679054064789,-9.26460873295655,1.9823563171714,-0.0812198922441237,1.90903201764938,-0.34873973066671,0.425000563135111,0.674908669807175,-0.784208393488163,-0.247422102935353,1.1595813739152,0.197817874685768,209.65,1.0
97235.0,-17.5375916846763,12.3525186682391,-20.1346128135864,11.1227714331133,-14.5710801396343,-0.381622313270995,-23.9286610291615,-4.72492103304407,-8.6030380974132,-15.2318333653018,4.41705461009659,-12.8935202086054,-0.10962845638889,-3.54722989444144,-2.17782399757845,-10.4020683266181,-18.3720191223339,-8.31409231206699,2.43582348553379,1.9251025961188,-4.35221313065903,2.38904092140055,2.01912792631133,0.627191869568278,-1.08599721239039,-0.0718032360759346,-3.83819790404877,-0.802564460951448,9.82,1.0
45372.0,-0.187746381600384,1.30859001319822,0.208148865533142,0.819535457309609,1.16581809348475,-0.118553335903686,0.713300801994818,-0.0422837218593247,-1.27248201530158,-0.576677869118442,0.947394292558374,0.102074934702137,0.748136717940855,-1.27672222520264,1.00670933859579,0.307252875462692,0.959315365150033,1.44386470919549,2.16788810597889,0.325268995327512,-0.0631464617651426,-0.11154420314156,-0.394322414802496,-0.914043224289601,0.0134838238782911,0.63279232346766,0.106528539976973,0.134643488957659,0.76,0.0
8886.0,-2.53585211738111,5.79364414692454,-7.61846283574893,6.39582974649419,-0.0652101046678037,-3.13637196409103,-3.10455736262141,1.82323263760971,-3.87865758023391,-7.29780335001461,7.07166913682445,-10.001046368327,-0.207934540884304,-10.8606980453666,-1.69082504118249,-2.36085672411086,-2.76009701528795,0.29810341564323,-1.38555780172735,0.408704184487524,0.716719907055995,-0.448059938458541,-0.402406878680357,-0.288835222564699,1.01175223958707,0.425964621387216,0.413139555823146,0.308204656968305,1.0,1.0
67857.0,-1.73933378422429,-1.30465465035444,0.314102907291187,0.0537401062585881,-0.0586957001779964,0.0712595573040713,0.694861852921962,-0.313269934817745,-0.649377114028123,0.517567879914365,-1.35655775612738,-0.238382663867126,0.0695790190825196,-0.431690053731737,-0.674723889299605,-1.65416180710569,-0.0539606012956825,0.520745840192804,-1.55456174696529,-1.46399432399357,-0.665172078751849,-0.632078028662709,-0.421175799634968,-0.400774352865197,-0.00164030189404302,-0.495162312868153,0.0316326197006312,0.0662796878513276,320.0,1.0
72327.0,-4.19873460983989,0.194120636801706,-3.91758567828042,3.92074784640417,-1.87548574659158,-2.11893292738694,-3.61444510993627,1.68788446543007,-2.18987113590881,-4.68423332514029,4.37690666362302,-5.00744082816051,-1.30474507803596,-6.19247526385522,1.00240426741391,-3.31693430074553,-6.18883415213498,-1.04041264854272,1.23304434947994,1.0033504305956,0.801312235949018,-0.183000576489906,-0.440386862411508,0.292539411877521,-0.144967421927777,-0.251743981877142,1.24941367428483,-0.131524643545312,238.9,1.0
71899.0,-1.23193409965221,-0.416383912162281,1.42593901091029,1.09428529616562,1.63632854406128,-0.838065576052978,-0.122232344338677,0.204880750243641,-1.01710765930683,-0.0653350011943242,1.68844190324696,1.29644206878632,0.711910108920152,0.519857909026703,0.540178028404216,-0.384283597310517,-0.138524315277674,-0.455338454621123,0.619065649244857,0.441454911055388,-0.175075209111733,-0.980494408916544,0.440920338557746,-0.0538057854729629,-0.29965251873029,-0.787609539492659,0.0215509361358654,0.0645428735748276,33.3,0.0
56098.0,-1.22966891678814,1.95609915073809,-0.851197959645561,2.79698655025108,-1.91397684079333,-0.0449344462262948,-1.34073935355915,-0.5555479867039,-1.18446766006311,-3.24510859732028,2.33832327000211,-2.82004218823068,0.763325773164453,-5.41958986916794,0.0414327925041231,-4.18075778829053,-4.2850705920981,-2.53645157282245,0.93023918577297,0.270459255150975,1.20805425987967,0.277611797272191,0.0192658003152734,0.508528831195383,-0.201182897226566,-0.249600419347595,0.562238742839488,0.0753085014191344,170.92,1.0
17187.0,1.08837493830851,0.898474023721059,0.394684329076182,3.17025757451452,0.17573879687403,-0.221980885195245,-0.0229887284923858,-0.0108735366656839,0.860043617194172,-0.592472935320844,1.07272839973578,-2.54755681422931,1.23595005675711,-0.330305803751441,-1.02235437464957,0.335642172519614,2.29899822072815,-0.1620962094812,-1.53270721248432,-0.217358192249005,-0.423553904215867,-0.800852284805578,0.0776144554303444,0.167608452574198,0.350181817443194,-0.118940929478619,0.0129477659306532,0.0542542721018558,3.79,1.0
23156.0,-0.48340159842128,1.17596733577952,1.14162730953293,0.793082846510051,-0.280576237956864,-0.294189127456083,1.14719000542735,-0.353427065336206,0.591117735825476,-0.44609913068791,1.05348138479384,-2.58405914523252,1.49799632158996,1.82021702167741,0.611948120724921,-0.87842089241691,1.17673408773754,-0.46061406601606,0.316343736042261,-0.110707269349017,-0.030479796657213,0.229248358137392,-0.0244390736695214,0.385168978544009,-0.50018816132967,0.371147305888532,-0.109772102203955,0.0988914507097605,107.0,0.0
8451.0,0.314596589729515,2.66067027657541,-5.92003738034463,4.52249960508858,-2.3150272861839,-2.27835165394776,-4.68405393631569,1.20227026523098,-0.694695511200349,-5.52627805985834,6.66243683071252,-8.52546492534563,0.742745446888019,-7.67866801029943,0.593070459066131,-4.47813659534324,-5.84426647937357,-1.1027307945783,2.17738568653903,0.562705643312244,0.743314023428983,0.0640383555765096,0.677841675250346,0.0830078227438395,-1.91103446375022,0.322188398435937,0.620866538820488,0.185030354728703,1.0,1.0
51155.0,-11.2054613927303,7.91463349246877,-13.9877516388388,4.33334117975523,-8.48496952268505,-3.50656117309394,-8.93524303241605,7.70444915069923,-2.33658417970129,-5.92735916911943,2.47040101557896,-5.7885170305197,-0.391939257057427,-6.52746224116063,0.899859362283244,-3.84729284231041,-6.70063744821132,-2.49261610727828,0.469554313978012,0.860911741764656,0.942593331002491,-0.987848114682141,-0.279446305433771,-0.0272992246723051,0.644344195524188,-0.263077923082484,1.08402252771111,0.211933356664813,99.99,1.0
35942.0,-4.19407367570647,4.38289736244467,-5.11836337307965,4.45522984017686,-4.81262068168969,-1.22464470658392,-7.28132786701771,3.33224979453268,-3.6796585127756,-7.52436833681058,2.95434436554049,-7.09982534281257,1.52036890797685,-7.68780276684597,-0.225002021021292,-8.52085016639749,-13.2772997431934,-5.25370461976771,3.62333181402755,0.579098497681141,1.55047296606276,0.614572855219804,0.0285207917962781,0.0137043244720008,-0.149512012856955,-0.131686656095248,0.473934221832509,0.47375748155095,14.46,1.0
113220.0,-0.313638019946647,-0.0643662928184307,0.922551900372041,-2.46996059438821,-0.169000504557526,-0.461310251264408,0.343838443322972,0.132209164453828,-1.0768922449585,-0.0429501606485854,0.186634544006106,-1.40056794017917,-2.23317469873757,0.356067820894708,-0.840981035142845,1.70627248844315,-0.355760578945669,-0.95663193799712,0.489348493602997,-0.082688897253938,-0.157545843454598,-0.822660578301586,0.120044184448925,-0.598733555206502,-0.598116565063255,-0.788155775645044,0.0839152311694851,0.132660802712773,40.0,0.0
78012.0,1.18046955141673,-0.416333930517025,1.01088799190488,-0.694656985806206,-1.21667914931336,-0.550592791640455,-0.669725007030335,0.106525090182986,1.85406136084805,-1.11304414305836,0.00810033663465243,0.727631299252805,-0.505686106500642,-0.0237186227440541,1.54280611510646,-0.81178104757024,0.274103069023922,-0.319931004429718,0.0774548643228,-0.192907316178734,0.0322430325604495,0.356930210530907,0.0387737166518535,0.413584665854964,0.370769618601616,-0.6757796946434,0.108023595311798,0.034354602333565,1.0,0.0
41582.0,-1.04800528916284,1.30021877705413,-0.180400575706546,2.58984264330545,-1.1647935523262,0.0318234062644092,-2.17577809872951,0.699071737631603,-1.14020827768059,-3.22678710680364,3.49080495043995,-2.45433920979968,0.177189485247745,-5.16060809721957,-0.686114234287445,-3.99614471325468,-4.69556272249452,-1.81916096350279,1.46108031890323,0.644993308471186,0.549014458224783,0.624321410729297,-0.136662719519743,0.131737918713915,0.0309213718346795,-0.176701082429858,0.504897671691263,0.0698824528615783,39.45,1.0
14152.0,-4.71052878230567,8.63621438967976,-15.4962220036783,10.3133493732845,-4.35134098287048,-3.32268873543923,-10.7883728387388,5.06038112024979,-5.68931118776998,-11.7121866242875,11.1524905985837,-16.5581971409376,0.302644522406362,-17.4759212828566,-0.412393267331071,-10.222203169604,-13.7991476446987,-5.00858517858957,1.16202614780693,1.43423977941906,1.9905453513529,0.223785002572736,0.554408428563337,-1.20404159623154,-0.450684594730258,0.641836059375492,1.60595762479265,0.721643614506061,1.0,1.0
114746.0,-0.397188778005998,-0.240332556237797,0.00834373032412516,-2.37753096680717,0.494911554049713,-1.00871209215531,0.479208314193573,-0.122754132965865,-1.32615258634107,0.352688885678366,0.416161366318181,-0.327899478801196,0.143956230222712,0.0292339661771903,-1.14637862236971,1.39916065519729,-0.601071622593291,-0.527162757921035,0.0826833324486017,0.2970448275228,0.61099509458186,1.61928689763192,-0.134519637366001,-0.359048772643413,-0.278870112121208,-0.129571236317316,0.378921654199396,0.257111837428574,55.85,0.0
116159.0,-0.00547138078139175,0.730098282317737,0.330521627696379,-0.667327575385761,0.316842805309776,-0.889013304590547,0.818504984860384,0.00482136233325906,-0.121886326250858,-0.203811283302028,0.644123012398209,0.199135541850035,-1.32949116318962,0.560918225023433,-0.974694005135382,0.133595059903719,-0.554466664446918,-0.132193294391207,0.179327888232729,-0.1132170077593,-0.217765347508936,-0.543229351818794,0.0798725619409942,0.036858483948373,-0.574333135181948,0.119258402604432,0.235912975114557,0.0854574041224125,1.29,0.0
57007.0,-1.27124419171437,2.46267526851135,-2.85139500331783,2.3244800653478,-1.37224488981369,-0.948195686538643,-3.06523436172054,1.16692694787211,-2.26877058844813,-4.88114292689057,2.25514748870463,-4.68638689759229,0.652374668512965,-6.17428834800643,0.594379608016446,-4.84969238709652,-6.53652073527011,-3.11909388163881,1.71549441975915,0.560478075726644,0.652941051330455,0.0819309763507574,-0.221347831198339,-0.523582159233306,0.224228161862968,0.756334522703558,0.632800477330469,0.250187092757197,0.01,1.0
41181.0,-7.33434102050082,4.96089229123138,-8.45140959148547,8.1748251681484,-7.23746372952055,-2.38271066458273,-11.5088418575552,4.63579753722901,-6.55776036636164,-11.5198609264142,6.45582813287588,-13.3802218737527,0.545279226790884,-13.0268638593173,-0.453594543596495,-13.2515419788937,-22.8839985767803,-9.28783221397402,4.03823050489431,0.723313822249839,2.15375502636012,0.0339216178167887,-0.0140949200284419,0.625249955306557,-0.0533903339689031,0.164708739959664,1.41104749421382,0.315644799820923,11.38,1.0
21419.0,-17.4677100117887,10.1148157246654,-24.2021422329158,11.8054692105913,-10.1980458075926,-2.5799380080012,-17.6567879964837,2.25690247596699,-6.24214930949065,-12.8306571996417,9.44266526535108,-13.5474858999444,0.960728558325579,-13.0287170264518,-0.426674498701321,-7.65266166506753,-11.4853277896478,-4.72136957553102,0.550519004149565,1.00151850195952,-2.32802441621057,0.940830319350178,1.29681706144136,-1.05510390359967,0.11179202805362,0.679694612203418,2.09354057112569,-1.42549145377361,1.0,1.0
9064.0,-3.49910753739178,0.258555160773118,-4.48955807274398,4.85389435139681,-6.97452154477167,3.62838209065084,5.43127092073166,-1.94673371078472,-0.775680092900109,-1.9877731876087,4.69039566550924,-6.9980424321007,1.45401198637847,-3.73802333366749,0.31774206255503,-2.01354268083989,-5.1361351026702,-1.18382211654359,1.66339401354543,-3.04262575715977,-1.05236825623151,0.204816873569406,-2.11900744010783,0.170278608305444,-0.393844118118335,0.296367194488607,1.98591321801306,-0.900451638402827,1809.68,1.0
38968.0,1.3009161950106,-0.112141079668776,-0.505085927675266,-1.10010205009416,-0.241778974453673,-1.41395477050015,0.402782020719623,-0.316888222468479,1.11511570425924,-0.986556471841336,-0.677599687757506,-0.0486026040237502,-1.13320952400896,0.820898518679425,1.60378995794729,-0.619076934173639,-0.184383410064346,-0.216427997283986,1.05246716224344,-0.1217415329878,-0.361239351168996,-1.08397203564911,-0.0166378614910441,-0.180655412091346,0.612340215800677,-0.984002094067803,0.0152244277277506,0.0177277521714592,35.71,0.0
67150.0,-1.82429505976067,0.403326526860602,-1.99412200641801,2.75655816357726,-3.13906432572579,0.408185014718199,-1.20904511871624,1.09563435393431,-1.44722489217345,-3.95100289197434,2.56070020158284,-3.4119829114195,-0.781669619949492,-4.7327675351632,-0.433973654922625,-3.30608841178359,-4.23102187544855,-0.750809770409941,2.69080834203374,1.50368830479002,0.838760421033887,0.341727095787049,0.947506491293615,-0.145493002452622,0.0493257725258454,0.831065451615044,0.33242130393302,0.252712728641008,489.71,1.0
93834.0,-3.7656801220835,5.8907352377921,-10.2022676310229,10.2590359766218,-5.61144841660942,-3.23537557925717,-10.6326834778618,3.27271632618119,-5.26890524285018,-11.1821254546586,8.87947566765026,-18.4311310279993,-0.232822027713119,-15.0216572999306,0.141186252914787,-12.1863624982841,-20.1655673800665,-7.05165135326307,2.50082720798487,1.19413732146866,2.24560593428534,0.546320674537693,0.381853427747185,0.382024544024505,-0.82103649456311,0.394355120127285,1.4129609931535,0.782407053763083,0.01,1.0
120345.0,1.77342230857734,-0.79296669975458,-0.418917998924257,0.281347816337702,-0.101115173417933,1.49468043198248,-1.03429349186363,0.60065390159179,1.4092605967683,-0.161921862483915,-0.327240653654188,0.148527198198139,-0.914213922367661,0.0563434280263107,1.55976576303792,-0.857562682738015,0.728111500058027,-1.77588068709634,-1.76294837030083,-0.350752756013766,0.271364429189102,1.06799242601765,0.269379794909895,-1.4265396602984,-0.617880104094942,0.705563242343414,0.0419464011767632,-0.0617641046711609,28.75,0.0
25254.0,-17.2751911945397,10.8196653713117,-20.3638859739149,6.04661174671427,-13.4650333517322,-4.16664724489873,-14.4094479851747,11.5807967244857,-4.07385571204177,-9.15336803834587,6.21088301172371,-8.77857203246194,-0.0613674966661798,-9.57466229922106,0.0492885399107771,-7.41848727872681,-14.1027718764864,-5.01642333521081,1.39031436050276,1.54497046707519,1.7298040916597,-1.20809608165502,-0.726839224163999,0.112539673508366,1.11919347248491,-0.233188990129274,1.68406299250578,0.503739738280361,99.99,1.0
75246.0,0.994223005770839,0.227309253832199,0.0576310568261255,1.98241511688683,1.10453792456344,2.26922685869812,-0.278253753968169,0.66657930473093,-0.919306485665353,0.695742169515908,1.22965310363059,0.405404014433654,-0.391334592285456,0.656375412253638,0.978803864283551,-0.189691308621777,0.0491895276643209,-1.26327487111274,-2.01622328823759,-0.238930375447844,0.240316511339074,0.74377306978326,-0.125613164429786,-1.87161320874067,0.394851389178787,0.31003804079845,0.044958920053957,-0.0130742810535181,22.82,0.0
95628.0,-17.5189091261484,12.5721178535385,-19.0385383213549,11.1908946558522,-13.5547207079601,-0.41192361337145,-23.189396512394,-5.30141221815132,-8.63039030596902,-16.2556117491401,5.70211147983179,-13.8124040899594,-0.306815322507812,-7.01360737195925,-1.18229035380557,-9.3601791927531,-16.6683693822389,-7.14746777723207,2.16209864550609,2.52851232971436,-4.96947772242457,0.976124822110751,1.8412479337881,0.334417748210128,-0.720128461316563,-0.232603423065217,-3.02199247294556,-0.478158234859683,1.63,1.0
73617.0,-0.748002581846665,0.579851238401953,0.977592590370073,-2.02519042839874,0.275940746003581,-0.0574668308855414,0.598360738095046,-0.0960086272693681,1.50482281235063,-0.639110057501407,1.08387032249632,1.81271865087705,0.706309073799986,-0.638951849487627,-0.913107591588441,-1.09840838280751,-0.322937784643715,-0.229372009927707,0.262420859130105,0.122734308002921,-0.00648112859723661,0.606306643604623,-0.28792826276498,-0.249816217128698,0.189330837074894,-0.808602895124538,0.0514564154437097,-0.0733164009147634,10.0,0.0
79007.0,-1.3238046558632,0.302842856965186,0.90976668143008,1.03729895763482,0.638191589398461,-0.0326559073008034,-0.533257525423173,0.774318205620516,-0.610294576923521,0.0521412219846728,-0.140545329369521,-0.164942394321716,-0.733802715890633,0.866201567348895,0.913667392221926,0.57400217259414,-0.609501711819999,1.26178286536821,1.34712977658299,0.324077957490953,0.0682454258077681,-0.182099792845914,-0.189563907600506,-0.882980062055819,-0.183860012406492,-0.327846624301311,0.297274580293312,-0.0149929209280316,3.6,0.0
40276.0,1.15937314510686,2.84479469928473,-4.05067950821309,4.77770088131929,2.94898004123771,-2.01036111013216,1.74408581794948,-0.410286521869204,-2.45019774688553,-2.04216786301424,1.84409317018026,-2.42593281501277,-1.5842751343556,-7.2083115791564,0.459828383286257,2.37529619792022,6.4435098643744,2.59184606301795,-2.88977035831304,-0.059264385833904,-0.176541018596848,-0.433469859425429,-0.529323202003731,-0.597019604985794,1.33595405267787,0.547092070642555,0.00997894426391215,0.160769150049196,1.0,1.0
58610.0,-0.311436989111689,0.97490722630694,1.55351638523505,0.0600458371008235,0.159360780188198,-0.684553418764655,0.800751188949268,-0.144419306674319,-0.194169194547282,-0.32715636563472,0.302656177347896,-0.254484835410461,-0.509124124290054,-0.485909523155895,1.20944738994512,-0.0638326923979847,0.331785623444142,-0.657804218517597,-0.564473387355565,0.106015240895433,-0.273231132861834,-0.531286784462327,0.0185595298200549,0.334973074704461,-0.321743996953603,0.0547343946903045,0.0961104396584234,-0.126076686558212,1.98,0.0
47826.0,-0.887286905534409,1.39000150924187,1.21968581996397,1.66142517591961,1.00922783931161,-0.733908444749524,0.855828927220991,7.68462281197611E-5,-1.27563149417191,-0.433393925731893,0.141178993422237,-0.46034845602669,-0.367867931021877,-1.16833941780754,0.152107630618373,0.882231823726865,0.601804858067329,-0.304092391463557,-2.19176427800358,-0.268347371086252,-0.0837343767453397,-0.346930257215667,-0.0506187067885922,0.23104442462061,-0.450759875468406,-0.376205380931623,0.0345043694610426,0.157775320404088,7.58,1.0
100298.0,-22.3418888868038,15.53613332478,-22.8652284959099,7.04337354768731,-14.1831291919342,-0.463144880408286,-28.2151120538009,-14.6077905214735,-9.48145633401495,-20.9491915543611,4.73958247105186,-11.9249546896802,-1.50141102577851,-3.83678146634435,-2.72032883823594,-8.88010567222989,-15.8251362851177,-6.75042522352437,-0.129188144339879,4.10001904830367,-9.11042257588182,4.15889482041313,1.41292844456256,0.38280067392155,0.447153952515532,-0.632816336434319,-4.38015425911661,-0.467862869164174,1.0,1.0
8808.0,-4.61721720415581,1.69569365346656,-3.11437220079491,4.32819855298178,-1.87325699086527,-0.989908135538263,-4.57726462658038,0.4722161584519,0.472016953377646,-5.57602263642415,4.80232276125089,-10.833164469314,0.104303875698575,-9.40542306160986,-0.80747786866047,-7.55234220350747,-9.8025617903912,-4.12062883466552,1.74050729036196,-0.0390459343384186,0.481829697240067,0.146023056445948,0.117038527549065,-0.21756459883966,-0.138776043706563,-0.424452881068275,-1.00204142597227,0.890780287970655,1.1,1.0
83712.0,1.41190871113741,-0.78425169648547,0.271771013415577,-1.20134212962749,-0.41067468711209,1.05082830404244,-1.22971149496424,0.319541077060797,-0.572336755932738,0.730332383477717,0.0900647534280008,-0.325404430889902,0.707795162368431,-0.366593985336,0.769677505492656,1.87679208294746,-0.555180267421073,-0.268806967601003,0.803896178378069,0.13617671299947,0.348973207673037,0.983403357990299,-0.300713263844327,-1.66205353985021,0.561557294533982,0.0697334216795915,0.0494758211193675,-0.00503427791184253,11.0,0.0
93965.0,-11.3977267217611,7.76395304621262,-18.572307456296,6.71185525207739,-10.1742155991554,-4.39591833120843,-15.8937882429266,2.08301258152135,-4.9888371802491,-15.3460988468775,7.09318207259894,-14.9797547574476,-0.148288045224015,-9.93567958156078,-1.16199939019334,-11.6468338293624,-18.3838524599849,-7.40273080415809,1.94169681013401,0.208879130047717,0.339007373241803,1.34292261443867,0.239217367154604,0.534644166424257,-0.174964905765612,-0.500240426616998,-1.72206026726614,-0.574339363297002,11.4,1.0
8090.0,-1.78322883722709,3.40279371307631,-3.82274226552205,2.62536815276644,-1.97641541136284,-2.73168901231308,-3.43055914949085,1.41320351399318,-0.776941494554916,-6.19988176274188,4.36671348631445,-8.24326243368313,0.345761165232579,-6.59055029705192,0.265576095932165,-3.02845238846152,-4.21448627485607,-1.21360784773725,-0.265421595374812,0.364089115014408,0.454031931736316,-0.577525824201459,0.0459665375362652,0.461700017592254,0.044146161217817,0.305704433918549,0.530980986346765,0.243745598122111,1.0,1.0
71861.0,-1.55355350892631,1.43450573549743,0.522362272402889,-1.3652607248498,-0.935808866549588,-0.496090925028483,0.222421801298676,1.01345763324451,-0.469004155293134,-0.741455029284463,1.17991920639517,0.507548316957181,-1.22441733548902,1.10598623015311,-0.0952588303507084,0.556128693251525,-0.0949268297759531,-0.407164477366942,-0.731049468946718,-0.216517412573271,-0.0653447729493268,-0.32935554635705,0.169999526940403,0.228084787661192,-0.378459825872345,0.67297192442413,0.159090617330172,0.0698458361020244,79.0,0.0
116310.0,0.661746916627477,0.770386969775814,-1.10629325223066,-0.778529194238442,0.841892716926934,-1.4684082376139,1.10279785606286,-1.39979906628707,-0.287453785262743,-0.525145271044022,-0.723361625825657,0.380707419004778,0.194174364221863,0.818547937436044,-0.0534273563994935,-0.592306869210243,-0.367217898074176,-0.649142328294652,-0.408904149814118,-0.350817218026362,0.967202851472672,0.435615723129448,-0.251976466005062,-0.0153424217312778,0.694587854707169,0.195273472319378,0.1819560962159,0.282624173701306,7.9,0.0
40919.0,-2.74048250153169,3.65809481979987,-4.11063552027473,5.34024166876747,-2.66677476000958,-0.0927818149405728,-4.38869880914515,-0.280132705503576,-2.82189458229917,-4.46628416302479,3.96979981229186,-7.34671678644283,-1.16331176961366,-8.22556891234807,0.82500183194645,-6.77286703365235,-8.81578542555918,-4.56885928410549,1.12659865645629,0.185325269832133,2.41749541196206,-0.0977119508973041,0.382154506973307,-0.154756519767143,-0.40395592644091,0.277894930235294,0.830061638644528,0.218690442242457,112.33,1.0
84597.0,-0.738876906851778,0.372244547356876,2.22017006424289,-2.22543844375407,-0.148929824724492,-0.0381456075402743,0.328456900385267,0.111890575186725,1.28511759445102,-1.27599414577144,0.430262171121921,0.474758088445583,-0.765370811593368,-0.270362413355688,0.129050123347237,0.0476297117312212,-0.940982171320386,1.03307440278983,0.565865474714923,0.0858078920339095,-0.0639119596763786,0.1965258525139,-0.492058013687432,-0.36213233373055,0.587265171821496,-0.758387366417883,0.181987188576425,-0.103532743158054,1.0,0.0
76826.0,-6.61629292560656,3.56342789803106,-7.05890129814843,4.28434595524384,-5.09629887292392,-1.76861780360559,-4.93755412732933,2.74845954534783,-3.79675959454545,-6.8254901042394,3.25959475409854,-6.94389061823948,0.43597516308899,-6.94701030902337,1.01100406527995,-6.16683742461485,-10.564346602529,-4.01018815310236,2.14350179519978,-0.54163415582255,1.21597610572025,0.0411777442210425,-1.05909770217904,0.275662062254882,0.057424927985318,-0.265838484019501,-0.514636936427821,0.388590269335523,254.76,1.0
36509.0,-0.83020589654391,0.55367139123559,2.03649439323438,1.41682389353277,-0.0609849854970952,0.448973023552959,0.711639144280729,0.111818332154481,-0.465453672697593,-0.561542837335398,-0.563540098342385,0.512347849326922,0.612896300812671,-0.288074976264416,0.154757066101071,-1.18428460699305,0.642996568180913,-0.59333741180066,0.770727012970304,0.336660988052483,0.0855676398748773,0.33186974652206,-0.0889326276391527,0.120368710300581,0.488934132742603,-0.0941417233448615,0.0885594230321306,0.0886613564331535,105.89,0.0
40892.0,-2.14051149219032,4.10487145129475,-8.99685940156949,4.02839095079544,-5.13135934640223,-4.15356844523859,-9.36009513383968,1.92207487977653,-4.02618037499445,-13.6913151328525,9.09528815249629,-14.1681208819376,-0.140455389751523,-17.6206343516773,1.48274041096936,-13.2568330912778,-21.675483501012,-7.82346881553754,2.9951111673215,1.72557761649372,1.85426666080646,-0.165533725878965,-0.339938978813788,0.296313762529247,1.36422533027428,-0.518995630979066,2.35233346525926,1.13062483533989,0.76,1.0
25300.0,1.20733980010779,-0.761601079159232,0.412895138073999,-0.713415125140055,-0.702389163080774,0.346402051599277,-0.745619486442691,0.233604925792915,-0.832177941246689,0.608422225877461,1.67726869675833,0.368385643901286,-0.18668398269286,-0.0464432026662512,-0.216223379954869,0.399605484373741,0.847385634346181,-2.08336841630016,0.374801004296957,0.0564246996812193,0.0992713105316876,0.258577336450815,0.0277695270818712,-0.277010352281743,0.281626371807348,-0.262266276056103,0.0325002501110467,0.00365696006777607,42.34,0.0
85573.0,-1.7567118508365,3.26657425418237,-4.15338789695403,3.92452561357555,-1.7537718434176,-1.0057867792296,-4.31321717578502,1.56071190324579,-3.29567366751075,-6.2133552491157,4.52299197543382,-6.6528440527591,-0.12468523386066,-8.60448620191387,0.110359314846888,-5.94548061159606,-9.33893779428438,-2.39019258818085,3.18415235636348,0.874720103498016,0.911427441871296,0.0530612807310541,-0.367700953962814,-0.776337755840596,0.292093831084717,0.025999713844171,1.0629681996854,0.501148168228208,1.0,1.0
11629.0,-3.89119195123086,7.09891625215749,-11.4264670967961,8.60755678650129,-2.06570621026229,-2.98528802203595,-8.13858941693861,2.97392807853452,-6.27279046836547,-13.1934150665232,11.6197234753825,-17.6316063138707,-0.355194389515515,-18.8220867423816,-1.2831290856146,-10.0310966568698,-15.2270075099256,-5.32200898058982,-0.501750653452579,1.38261899967275,1.75708522742867,-0.18970915318715,-0.508629244173448,-1.18930816877394,1.18853649934791,0.605241885913626,1.8815287524148,0.875260407222375,1.0,1.0
116067.0,0.949240654782111,1.33351901279168,-4.85540201400676,1.83500588341825,-1.05324529225553,-2.56282606985029,-2.2869856262026,0.260906489976679,-0.895365545923127,-4.54261203828437,2.45371037821171,-4.92519869522976,-1.20041197086128,-6.42437211273331,1.01489749133407,-3.12942132163446,-5.14703878335167,-1.81543652928925,0.520496923051347,0.424608328846183,0.306598169644708,-0.854626651528392,0.101176995923819,-0.281497410249515,0.0244439388949186,-0.107944111820021,0.625288550407281,0.315677390712111,65.0,1.0
41397.0,-14.9703456545046,8.40142101040258,-16.8672384869515,8.25233430637468,-13.5651304873758,-2.78243755853826,-14.2637353490007,9.64341914576661,-7.70149868394332,-14.2266980575287,5.61099879659254,-11.7939788348294,1.59838653001563,-11.6069703760766,-0.0441804437896824,-9.28695473739369,-19.8997264249367,-7.518050849236,1.24351749943488,-1.61466005601289,2.71404480183882,-0.101355310559619,-0.439665974014017,0.519513861479409,0.789327982433797,0.0643574266343142,-1.62138568643941,-1.10481920857705,273.01,1.0
62341.0,-5.26775974325256,2.50671895922695,-5.29092481764433,4.8861341982102,-3.34318841087649,-1.10008548506579,-5.81050918581537,1.72634335514407,-0.749277159995058,-4.83482799462627,3.54601225001006,-7.75128547808951,-1.19569394502348,-10.0185024459282,0.29639612212368,-7.47716172698803,-9.78580026201852,-4.24397714797126,2.68112678165858,-0.286043269744833,0.764265624858483,0.473261684078133,0.54848172305712,-0.15685005182413,-0.71018694460215,-0.366422677340972,-1.48676592030738,0.677664104601632,1.1,1.0
85867.0,-3.58696386180132,2.60912703784891,-5.56857720803735,3.63194695349796,-4.54358971050144,-0.15789907530677,-4.08912766842153,2.41730514407718,-3.23990097529344,-5.822449155685,3.36918605153883,-5.69192578583088,0.287371390782189,-5.41378669142638,-0.555549924912204,-5.86366171303999,-11.1432410242579,-3.48093955285599,2.79433340410919,-0.178533964286313,1.02442283357462,0.428756482022381,0.182032121144153,-0.534597882665306,0.16893349468844,-0.149843614233619,0.685517241438814,-0.299728379437129,310.42,1.0
91311.0,2.02572479279534,-1.07823901608309,-0.294430756329988,-0.604948465396878,-1.24159714014705,-0.547063755373209,-1.14239283049786,-0.0874399036731264,1.21921938531897,0.532308032884787,1.8271143801148,-2.50803060700501,1.30221110748228,1.25265940725377,-1.21827118570734,1.31506173661303,0.68034499982504,-0.349735974194908,0.482105864487311,-0.00282984935899101,0.253265975859438,0.905786814921815,0.111095372253999,0.0443827341025834,-0.248691571929898,-0.155146670474105,-0.0316651692839038,-0.0563232587890559,59.0,0.0
42040.0,1.05565088713478,0.148036308176582,0.341414104361558,1.1936728332947,-0.274595308886825,-0.65297983574023,0.255403671191858,-0.151735967204151,-0.103245274735305,-0.0693492459800308,0.179410633689888,0.567596801985621,0.277474699874469,0.382711894412462,1.11775391197037,-0.346537534701591,-0.0469746584203337,-0.736517560554869,-0.874628100487196,-0.0346792576898812,0.119046332259394,0.295881088191304,-0.0893330458346045,0.425357521535938,0.559641182957107,-0.326855741979262,0.0208978408308775,0.0320707733753084,67.94,0.0
93897.0,-10.3008197578448,6.48309458751086,-15.0763627200288,6.55419115286706,-8.88025172157215,-4.47167242014489,-14.900688599735,3.84017023811699,-4.35844142237671,-14.5331616869738,7.58874088021049,-15.8357188077344,0.135035383391472,-11.5670059165135,-0.077026912374336,-11.4674297370042,-19.1729963590355,-6.96985638421183,2.21175583268581,0.113244363257218,1.50874842459643,1.04164209875775,-0.682789602968657,0.573543946252624,-1.6023889741646,-0.393520821299559,-0.468892515546761,0.105920160381125,1.0,1.0
41233.0,-10.6457996485752,5.9183066586857,-11.6710425949575,8.80736917876038,-7.97550136587277,-3.58680634405361,-13.6167970541448,6.42816934590602,-7.36845129274034,-12.8881582878915,6.85495311388866,-13.2116950297251,1.03561234332246,-13.7789556397675,1.04044835530024,-11.2903278082585,-20.5780220491922,-7.54782411219534,3.11847976563045,-0.0461701790327979,2.57196959291347,0.206809359357246,-1.66780140024191,0.558418754024331,-0.0278978765982558,0.354253781525514,0.273328726801416,-0.152908080809092,0.0,1.0
19762.0,-14.1791651073631,7.42136996239257,-21.405835744128,11.927511869244,-7.97428068736155,-2.20271027666529,-15.4716122801735,-0.356594909586509,-6.38012489838839,-13.3482776536659,10.1875873241664,-14.5639797552132,0.59375935763569,-14.4915983463022,-0.281392503951236,-8.2641288443605,-12.4398049728466,-4.83707902601307,0.753149847889189,1.00276434172175,-2.36683606243662,1.13095519799655,0.991153238179024,-1.03313210707298,-0.327179344936207,0.634692903522304,2.17190494464567,-1.39528768393339,1.0,1.0
102572.0,-28.7092292541793,22.0577289904909,-27.8558111336212,11.8450129100508,-18.9838125824286,6.47411462748849,-43.5572415712451,-41.0442609210741,-13.3201546920984,-24.5882624372475,3.48195180343701,-9.12834128617468,-3.00825547830858,0.796579962453559,-2.1022985205307,-5.66036644069929,-13.0327849564566,-5.39234917412895,-0.901040817847599,11.0590042933942,-22.7976039055519,8.31627543891357,5.46622995370963,0.0238542303884927,-1.52714472319428,-0.145225187134896,-5.68233823990698,-0.439133675051458,0.01,1.0
118814.0,-1.6074514493235,-0.748562472126053,1.5033134429734,0.546253417247731,-1.10554297757021,0.693374620539719,1.51790531975633,-0.370725969439373,-1.0943723888384,0.542025882975436,-0.839094036812292,-0.389462876992545,0.159657467528564,-0.508546670151662,0.167218991585021,-1.98033385535832,0.226682145199149,0.995436112031366,0.102279385624915,-0.235107506905372,-0.877670181316001,-1.57549937232142,0.127315410474609,1.06454869616438,0.209229424955961,-0.827779895480653,0.38183789031673,-0.220010476354067,437.69,0.0
39571.0,-0.469509581937145,0.0783166818255866,2.38756846065212,-0.757147030412225,-0.4084231876577,-0.141185910574194,0.241466872747747,0.0231533401530863,0.868977227325709,-0.886185852555083,-0.49649496655727,0.332748028859788,-0.396241483824109,-0.805840718424613,-0.713602812264523,-0.451561453987678,0.187227729427359,-1.08986478211834,-0.536608674312622,-0.0522124331090818,-0.0976041062342332,0.0824047043934523,0.0797922665474696,0.456042366767949,-0.835556316924862,0.699030439476067,-0.0597541372688582,-0.0690085042165539,20.0,0.0
42985.0,-4.07597468486268,0.963031254092613,-5.07607019842086,4.9559633578155,-0.161436852450419,-2.83266299767191,-7.619765445461,1.61889544068454,-2.99209215744034,-7.14219911358407,6.27866584548672,-9.40706094796316,-1.81887396082411,-10.7395718907673,0.224206083734093,-8.42708279627514,-13.5021528919623,-4.71296758855481,2.6304759946371,0.0588612515023862,1.03073825203134,0.165327776328984,-1.01750231442165,-0.477983380813876,-0.304986825039416,-0.106089275128594,1.89971434181658,0.51146170682063,1.0,1.0
29475.0,-0.628894883868861,-0.0434787572647716,0.824874579642145,-2.83056156705268,-0.397274490463231,0.417371061521912,-0.581581023295256,0.570340549153137,-2.88236047032497,0.619010870662192,0.120346406386759,-0.243536099571707,1.2521174629641,-0.11938631189077,-0.574750371718428,0.0844994492796896,-0.0134145510797905,0.432303216797812,-0.427249886242407,-0.389480787630272,-0.0688771904159944,0.0223462167347129,-0.213503838253033,-1.16608106800032,0.059683356043432,-0.28601484092161,-0.00505327287590968,0.0225917075375256,15.0,0.0
17220.0,1.18978435670385,0.942289402014327,0.0823341450498769,3.02404970580847,0.412406009418248,-0.214414558479438,0.0535578385040748,-0.110353351082093,0.883797757350066,-0.554223900525873,0.154921008931302,-2.77675657494788,1.6412066261065,-0.45607695680899,-1.24041439240797,0.857322735948866,1.70702446635297,0.526349196477535,-0.865104609842214,-0.143434644974988,-0.502635558485173,-1.04739752764089,-0.0567520238885425,-0.340688404752184,0.541235201259928,-0.0983002868955662,-0.0030411199129353,0.049819020358336,3.79,1.0
42178.0,-1.40143871946968,1.54385399645849,0.848876843763286,1.09868340264465,-0.0710382606574444,0.536209392941881,0.00202409303229272,0.833569110495017,-0.685708479536027,-0.00906895493721385,0.656154910090304,1.06696521821789,0.145481994081428,0.494125726659883,-0.464991166317005,-0.802359052955306,0.489686560588893,-0.0763339643006419,1.16883971086457,0.00163273610025298,0.0365550577770465,0.251641996274955,-0.220490939178339,-0.27703650381497,0.20293130739047,-0.221508977451563,-0.292648026263383,-0.196484060231294,8.31,0.0
55614.0,-7.34795494690262,2.39704134824746,-7.57235581757844,5.17781925521834,-2.85483828261718,-1.79523877381611,-8.78323473517424,0.437156561210431,-3.74059750992972,-8.33286306292127,5.76318940883843,-8.70787929219866,-1.71694948774786,-9.57719439289905,0.146369002626258,-7.58649078643175,-12.5039309695675,-4.37563101237668,2.46519487038601,0.0731637913502985,-0.175273369741836,0.543325051876651,-0.547955067054245,-0.503721690122004,-0.31093277648824,-0.16398601754964,1.19789504657005,0.378186688214491,0.83,1.0
8528.0,0.447395553302475,2.48195386638743,-5.66081393141405,4.4559228120932,-2.4437797540431,-2.18504026247234,-4.71614294470093,1.24980325173147,-0.718326066573691,-5.3903302556601,6.45418752494833,-8.48534657377678,0.635281408794591,-7.01990155916612,0.53981407134798,-4.6498642988132,-6.2883575087823,-1.33931232244731,2.26298478762517,0.549612970886705,0.756052550277073,0.140167768675,0.665411100673545,0.131463791724986,-1.90821741154788,0.334807598686864,0.748534284767756,0.175413794422896,1.0,1.0
51451.0,1.16918093336149,0.887173435523388,0.0640416903520975,2.68517254903146,0.143432919039245,-0.834947396453854,0.301827687770691,-0.141833148489877,-0.827632435918308,0.117620280859001,-0.126671850373671,-0.465583652548828,-0.298084117097472,-1.0235809787537,0.631812197647172,1.12002068868123,0.500045950176179,0.188288883697234,-1.13129256612729,-0.113176522259309,-0.24643919006738,-0.785846138425001,0.0431704716293772,0.23034376917544,0.376839969906206,-0.160539695013184,-0.00104794537883139,0.0555994731944858,11.4,0.0
64372.0,-0.271455909647019,0.718469228286742,1.07883684960581,0.302256756335909,0.253494338324155,-1.32114516992019,0.879937765406696,-0.213773454829083,-0.405033471392656,-0.488763964807446,-0.317826186056563,0.295191698886427,0.222506701476794,0.199196225093249,0.133896285774969,0.112166386468448,-0.625528789947084,-0.204251639653473,-1.11687419239894,-0.115232399404805,0.212666665732242,0.541561636690321,0.046340344027087,0.713978132876041,-0.358295608806223,-0.620993603861167,0.0998616893943584,0.110222497595454,25.24,0.0
59385.0,-7.62692409246447,-6.97642000754641,-2.07791115073952,3.41675415987856,4.45875840248762,-5.08040779918275,-6.57894786782983,1.76034141396682,-0.599508728352202,-4.00174208524931,2.61176184321338,-2.21069105518154,0.145323220628924,-5.28167813117348,-1.44622731547596,-2.34217826208892,-4.44208205885268,-0.812202197039381,0.254771833248553,2.87526030369363,1.22479498325958,-0.656639147267532,-0.330810728527997,-0.0789460153087798,0.270305924800976,0.431119110160139,0.821381426988655,-1.05608777393768,18.98,1.0
70536.0,-2.27175453696818,-0.457654560738072,-2.58905463865543,2.23077826688105,-4.27898250263823,0.388610079538804,0.102485457456358,0.813127838070308,-1.0929208385062,-5.03202838566819,3.51034756034463,-2.22739840581069,0.656823927974733,-5.19918574342056,-0.128311029598493,-3.94352099869908,-3.82052232662867,-0.570821093891663,2.78338340771804,2.28575790271371,1.09634200952947,0.658398654570846,1.71167573455248,0.333540036403021,0.538591373646869,-0.193528512332835,0.258194100840055,0.247269213953463,824.83,1.0
88611.0,-6.88197556078903,6.21165140379638,-4.45620604483711,-3.18840488618528,0.352256126632864,-0.871989660221874,1.22435698721981,0.229269506067658,5.58250773231576,9.26379587977506,0.308905660251813,-0.64527958523868,-2.14429697676953,-1.09678381549036,-0.00914923428030527,-0.858779193004632,-1.25114299020752,0.127872867388887,-0.369037569384674,3.69956014888442,-0.835231383940805,0.154968100514914,0.0300880364344527,-0.482370021810644,1.16096170659107,0.0820232671303223,2.07682911875444,0.46492806566899,0.77,0.0
54488.0,1.16228144770634,-0.884118075314219,1.0253975392707,-0.704580751239404,-1.365075931573,-0.0215307273581868,-1.07570539957066,0.15161801538573,-0.788616533935624,0.685107102542289,1.90535383283593,0.584793318349705,0.888105897977734,-0.338481061477213,0.580091646725171,1.29736192281109,0.119800664779805,-0.949317992686729,0.0535440937759668,0.226264987885756,0.517570379162136,1.34963669513519,-0.120008192857975,0.289628206977068,0.299282954342608,-0.0580544814856447,0.0441835439701444,0.0259187143902421,69.99,0.0
79658.0,-1.19626315670903,1.19198104633091,1.49609613052689,2.69772165251802,0.410828968962911,0.735767785885286,0.598763607759312,0.112549042407197,-0.747058314746061,0.063827366177487,-0.90885194992751,-0.888856010627635,-0.840734419032058,-1.31794342299048,0.0406532329040228,-0.188316555883352,1.29211663170314,-0.00275097467249698,0.212630576571387,-0.13965630440665,-0.0814852727651022,-0.0704743521269545,-0.39444790768316,-0.354379277259041,0.331711991445317,0.277981748379361,-0.271056089621038,0.165535442814732,75.31,0.0
81322.0,-1.36601396782612,1.4574498554201,1.2714998587108,-0.234600378459812,-0.0456914233723183,-0.980728148001151,0.848567746731132,-0.253564654381116,0.538237704274438,1.14774614009685,-0.21864085840456,-0.114602518129414,-0.00951723945418135,-0.350521393185126,0.959084725588606,0.0485227349591142,-0.539219685437356,-0.442723207230892,-0.0886700327423528,0.618301727237177,-0.425892788947499,-0.656442654232354,0.02428820061423,0.347472329148006,0.00401218059448472,0.064932359287179,0.521239393137654,0.207855096735091,12.99,0.0
11629.0,-3.89119195123086,7.09891625215749,-11.4264670967961,8.60755678650129,-2.06570621026229,-2.98528802203595,-8.13858941693861,2.97392807853452,-6.27279046836547,-13.1934150665232,11.6197234753825,-17.6316063138707,-0.355194389515515,-18.8220867423816,-1.2831290856146,-10.0310966568698,-15.2270075099256,-5.32200898058982,-0.501750653452579,1.38261899967275,1.75708522742867,-0.18970915318715,-0.508629244173448,-1.18930816877394,1.18853649934791,0.605241885913626,1.8815287524148,0.875260407222375,1.0,1.0
93742.0,-3.29112509261551,4.4011941515981,-8.39421162258901,4.45357956949695,-4.79005451824953,-4.24018208232724,-9.21900099642753,1.97402995723142,-2.91294270907847,-13.540168238225,9.41303953977606,-18.0475965708216,-0.728186553999085,-15.3930448312636,0.3494850489774,-13.30388757707,-21.2979057823155,-7.26231079476482,2.27422550991903,1.4908691418867,2.10234346771868,0.597370314627801,-0.328086184026121,0.445752402449364,0.585280580866405,-0.399005421878678,2.11600444233121,1.05074380386505,1.0,1.0
51968.0,-2.07088304800821,1.82852948052357,1.10388459210201,-1.91915065279209,-0.0453724655739335,-0.850855334382984,1.05485661401828,-0.507901451464649,2.20316326784979,2.41175371770302,-0.729923073420842,-1.19327420580034,-1.47658077759523,-0.975544024025092,0.915136778572191,0.397548275012779,-1.15295881345814,-0.215383945203203,-0.719520184442814,1.18989220201198,-0.527883552358624,-0.496049711971172,-0.147994313301302,-0.152651344155989,0.00527708589933817,0.705834368188082,0.594857227077623,-7.25628441088089E-5,7.68,0.0
56697.0,1.09691431535318,0.106376580019945,0.497812364258576,1.33646522520845,-0.247686339224434,0.00891648425749702,-0.059928154514781,0.147110877460606,0.100293842082582,0.057783582261717,1.25118018263064,0.993493417099453,-0.802189141462737,0.385737373118452,-0.749038061812093,-0.560224727705338,0.119155679354279,-0.481412935889743,-0.15327017659047,-0.211137739487368,-0.0397921801851982,0.0468565274677336,-0.0477693595806652,0.217384495870273,0.584973918082165,-0.340998506026607,0.0318400411379921,0.00751852357754339,13.56,0.0
3767.0,1.41732806043634,-0.333237516784039,0.709569513387754,-0.464641568121946,-1.07064002528176,-1.0053823345592,-0.670612267521377,-0.252335449854142,0.567658401879419,0.252582227757652,0.698067564162325,-3.25170027549661,1.44210169536422,1.35585581728115,0.119334641534425,1.2258696531723,0.969579010622474,-1.25926124821373,0.4110571854296,-0.00688083795147815,-0.252982234941379,-0.613336198698193,0.15469548664404,0.294416659002661,0.196112360793367,-0.518207707128958,-0.0183833167916427,0.0148028168357694,5.0,0.0
69866.0,-1.5344381078869,1.50017557168726,0.857479659641751,1.40021558323896,-0.378991840967083,-0.303781237411719,0.019724715577437,0.689967806315582,-0.238097346921008,0.095375783410124,-0.488091244302346,0.552406999514225,-0.025237488281913,0.33492106925024,0.177221862476006,-1.17930337142354,0.957859345189076,-0.773488469299038,0.583683134892682,0.0312534000595527,-0.0163272115173446,0.321612798797127,0.0303431124879089,0.424600314943848,-0.0508119669123932,-0.271093998361159,0.0205173682176322,-0.104558829121461,3.92,0.0
7551.0,0.316459000444982,3.80907594667829,-5.61515901119457,6.04744510216478,1.55402595692572,-2.6513531120137,-0.746579273100222,0.0555863112529252,-2.6786785422399,-4.95949291161496,6.43905335158373,-7.52011739288703,0.38635166741077,-9.25230724747513,-1.36518841502051,-0.502362190618164,0.784426598154274,1.49430460743838,-1.80801215867357,0.388307428238927,0.208828369001674,-0.511746619200722,-0.583813220813723,-0.219845029091423,1.47475258440688,0.491191925656006,0.518868284577287,0.40252806767232,1.0,1.0
84751.0,1.12825681416375,0.225106698466994,0.242335017445892,1.15962700955563,-0.262916187966393,-0.925800638793818,0.348154573821634,-0.290179761535863,-0.134610492388878,-0.0346020643004906,-0.272332106322844,0.577237436155927,0.738525827651226,0.25745344953203,0.847524096536981,0.0240019794236662,-0.467649976427609,-0.227359072190855,-0.393169376286709,0.0262005020500846,0.0722382371916621,0.153594935640095,-0.161680437643622,0.415476663450058,0.690729468927418,-0.336997540289075,0.00706448016569551,0.0324217335830724,64.9,0.0
29531.0,-1.06067628419757,2.60857946990866,-2.97167900258071,4.36008935234848,3.73885304346426,-2.72839507263672,1.98761635466291,-0.357344707416169,-2.75753451251209,-2.33593332652232,2.11151686706104,-2.59194964968951,-1.9505893546741,-7.31157981735935,0.0777527657738322,2.29060783198994,6.50927165018434,2.56997142628646,-3.28615008214787,-0.0890615369649179,-0.0631678773494982,-0.207385284031508,-0.183260817119722,-0.103679373403096,0.896178353364318,0.407386872028391,-0.130918311231478,0.192177382137495,0.68,1.0
71033.0,-3.17081841545902,0.185734554774403,-3.39985157931162,3.76115529034876,-2.14804702797609,-1.59894442520531,-2.51956531805231,1.31621501070214,-2.40010611621824,-4.99341703829647,4.44719176626515,-5.29376010254684,-1.41957829927441,-6.42527621352443,0.914083034195792,-3.51519716625381,-6.34745330751181,-0.90351216582405,1.19160626766329,1.93225372509724,1.09205113380931,-0.0410804286307278,0.904395217733676,0.180015601586537,0.0499703397242655,-0.257099837784436,0.859281566487016,0.225924185725605,426.4,1.0
74307.0,1.3331451221546,0.0215125450423481,-1.52623769311945,-0.537202738108778,2.28612548642605,3.08653986057833,-0.258252302743503,0.692425157829387,-0.230677390374134,0.0417970844949172,-0.0927144432581301,0.0024762258357121,-0.0471676158855431,0.563958073124427,0.98394536825296,0.329165243435196,-0.785486337491597,-0.0356916460555127,0.260039739591362,0.0169040563773918,-0.109724828186751,-0.442210150234675,-0.097331770711028,1.03852622117298,0.726780236360366,0.382495949948355,-0.0503469754297043,-3.47360280689644E-4,7.45,0.0
102676.0,-5.55212217135236,5.67813391258695,-9.77552798040134,8.41629539413803,-4.40984381923171,-1.50623535484733,-6.89983879692634,3.75044289681131,-3.8797925578861,-6.86416435989436,7.05106508958574,-10.1375291936462,2.81543981456255,-9.90916805374299,-0.262229551498562,-5.02255717747726,-8.52297487191683,-2.01293906157489,1.52573244095261,-0.0647801372282915,1.12847223060537,0.228484046768752,0.286257667302864,-0.536294098099933,-0.104924889157331,0.420919229293903,-0.297556884880609,-0.946184387308798,119.74,1.0
94362.0,-26.4577446501446,16.497471901867,-30.1773174564996,8.90415677106517,-17.8925996927224,-1.22790388102871,-31.1973285494605,-11.43892041491,-9.46257260540015,-22.1870885620007,4.41999660154863,-10.5923050053728,-0.703795803703315,-3.92620731586873,-2.40024649210124,-6.80988994039049,-12.4623149481086,-5.50105078380738,-0.567939572890149,2.81224110932946,-8.75569832116533,3.46089334478551,0.896537503959012,0.254835536763482,-0.738096558530353,-0.966564233789852,-7.26348214633855,-1.32488430656137,1.0,1.0
117899.0,-0.762053268142395,0.863458443097285,3.4127392434564,4.46785222325478,0.161838762426154,0.995648205576739,-0.442534721855592,0.196155422869172,-1.30292595877899,1.57757313952981,-0.88210449753203,-0.17627390311312,1.63024063582543,-0.888722488409354,1.28517989701156,0.382112655108073,-0.275322609400105,0.716432210859525,0.8262341059943,0.681058091967274,0.198682845431149,0.880973641755405,-0.260097443761188,0.0797826239570163,0.0252036192306839,0.526502267385047,0.229872277285625,-0.0374460087864692,9.1,0.0
57309.0,1.09323161184954,-0.0864762487214614,0.319171629855383,0.856930611840336,0.0960583006820827,0.852739065412657,-0.370034850153359,0.272407126948718,0.0655890087146285,0.133481372870536,0.446978903010347,0.599013071052437,0.302067288503381,0.271040059659119,0.845072541362581,0.692324898212469,-1.00877939443942,0.623464484978572,-0.271716358867554,0.00405812403849172,0.159991124852238,0.395812928000485,-0.248951093415529,-1.14380001100844,0.548614666500906,-0.211638653696044,0.0446004438836445,0.0160587336486742,59.66,0.0
86376.0,-0.670238130057305,0.94520635153406,0.610050626297701,2.64006508673377,-2.70777462644103,1.95261056051566,-1.62460819938343,-5.22990786160988,0.21020202822781,-2.06990438955593,-0.529805728295342,0.999716276092526,-0.0861120244186652,-1.50855714024168,-0.450669492347937,-0.328387382736473,2.27027117814029,0.709666017682026,0.913175997078955,1.4749287568126,-2.50445018690737,1.43647237841825,0.351542386126581,0.648466904268149,0.579681417358758,0.0757375933335965,0.346717084034013,0.282208626038179,323.77,1.0
46768.0,0.463198461760231,-0.312823028794226,0.900899488350875,-1.62477573966195,-1.11499143297601,-0.49636777243079,-0.586208227988386,-0.159416485084269,-2.05789802662702,1.4756644637545,-1.03128706732176,-1.11397290166526,0.931091667394318,-0.551247139709677,0.740030489278369,-0.39080780139637,0.37167729335367,0.298846018221285,0.634436988409241,-0.260837700796015,-0.209875254638341,-0.21374528988591,0.277591792102549,-0.192391841309379,-1.42174070994059,-0.526824146754947,0.117028228508918,0.176905818345532,10.0,0.0
75851.0,-4.79366743133161,3.41891065333381,-5.07444453285381,4.03598694267746,-3.52787459906065,-1.92324150219959,-5.06598083804842,1.99688475994042,-3.09737916358313,-6.44720227383046,3.77557843937585,-7.49878345527601,0.231306922054262,-8.65826843157538,1.34330765668858,-6.17333085967808,-10.7080182544535,-3.50489419159365,1.88404425730219,0.342122343012083,1.16861781897539,0.289530903898366,-0.371888203724815,0.144761276597316,0.0847348250689305,-0.19743147093529,0.328671522253493,0.835394921353057,99.85,1.0
102676.0,-5.55212217135236,5.67813391258695,-9.77552798040134,8.41629539413803,-4.40984381923171,-1.50623535484733,-6.89983879692634,3.75044289681131,-3.8797925578861,-6.86416435989436,7.05106508958574,-10.1375291936462,2.81543981456255,-9.90916805374299,-0.262229551498562,-5.02255717747726,-8.52297487191683,-2.01293906157489,1.52573244095261,-0.0647801372282915,1.12847223060537,0.228484046768752,0.286257667302864,-0.536294098099933,-0.104924889157331,0.420919229293903,-0.297556884880609,-0.946184387308798,119.74,1.0
62102.0,0.261374783240965,0.765747121791334,0.984168327245292,0.562839008358837,-0.940606702823607,-0.158272097268523,-1.27142177216019,-2.78419991426989,-0.492692413885883,-0.588700725826846,-0.0892455383911728,0.675710878632348,0.739090167471596,0.539328472449561,1.91037480727344,-0.0846886263971404,0.300938999586814,-0.248006764309444,1.3926525901731,0.881274468272812,-1.34997542712003,0.207181814812852,0.115108982554648,0.472637721507343,0.107402043984313,1.15595870514414,0.0676900467099516,0.260113130510984,7.99,0.0
64412.0,-1.34804164426498,2.52282067569291,-0.782432259389823,4.08304665188122,-0.662280329645865,-0.598775712530929,-1.94355185121781,-0.329578950885032,-1.85327422572214,-3.16213595485783,1.53319383793753,-4.63512694781183,-1.11357273401976,-6.4358707376348,-0.293191947937035,-2.84993079536978,-3.65425828769231,-1.18303413658687,0.831623853010765,0.348896285038196,1.07987140816824,-0.352026410347836,-0.218357652796912,0.125865683985355,-0.0741801756408069,0.17911552652805,0.612579819202836,0.234206089600607,1.0,1.0
87247.0,1.85734254831776,-0.638875558747305,0.343590677523051,0.522663011617144,-1.19598553656535,-0.221148710012152,-0.990445380782539,0.072767857091067,1.65311974630462,-0.233353791264896,-0.769729105714899,0.87029746273346,0.988878005939954,-0.547923059020122,1.01285811894542,0.473892724120486,-0.73574967732467,0.388998006033487,-0.567799976522001,-0.0848518824158724,0.282250014259335,0.995233181036747,0.162750808525286,0.0202399915843926,-0.364439212555051,-0.273200247209131,0.0742834707827424,-0.0145364234048636,47.56,0.0
41164.0,-5.93277795485543,4.57174320411303,-9.42724692838332,6.57705643811276,-6.11521812544893,-3.66179789602346,-10.8940785545016,3.70921000751656,-5.85952387304171,-12.981619145004,8.26529460055417,-14.1541653609607,0.479842781966758,-16.3375959447735,1.64604527960375,-12.3753974432385,-21.090612716108,-7.7245457358645,3.85637474254372,1.19107830456005,2.01427156558263,-0.167416617986259,0.0499675298711021,0.384429719031746,-0.0778835668224832,0.56549290579318,1.79201191700266,0.371007021212136,5.3,1.0
85044.0,-0.725971719418413,0.233267513587392,1.7344884400642,-1.47708023259668,-1.19986449128439,-0.563554771777593,-0.501993437646986,0.451262108629775,-0.832386346900285,-0.43272962053108,-1.07273086727072,-0.412202502943305,0.274548037204368,-0.593954269045949,-0.953924375854877,1.11279706024819,0.422535807513124,-1.12466737044735,0.0919754435287609,-0.0566346159922024,0.421442626439316,1.15719598267111,-0.229319973778636,0.435906333268022,0.0602507878296191,-0.190836843995935,0.00923425579000042,0.0628316437177323,15.24,0.0
37562.0,-0.716274982259159,0.854685515893646,0.126914392579663,-0.374954086525534,1.1245827320687,0.630400024347762,0.253824405358095,0.694902158442924,-0.693238368899755,-0.672904161423922,-0.456467701127517,0.149893846517436,-0.172566230111888,0.732708137520917,-0.0667525124315386,0.801789174191011,-1.11684896021384,0.611809327398561,-0.42941746323915,-0.225656457967118,0.126848656887182,0.119325852232653,-0.348747034529113,-1.72410651109098,0.381033614915498,-0.386881499308535,-0.0977936747697405,-0.11416390082112,9.0,0.0
36170.0,-5.68501341827133,5.77651621042963,-7.06497672861513,5.90271545151069,-4.71556383098609,-1.75563332378958,-6.95867914257843,3.87779518702774,-5.54152882782373,-7.50211219093686,3.67670318691664,-7.64298306727846,1.68986512270453,-8.29965953059956,0.646996364810759,-6.79279505972775,-12.075932061394,-4.88217964265137,2.62662452479163,0.299488632233821,1.12864107441301,-0.962959729230981,-0.110045083655872,-0.177733240766768,-0.0891754157062679,-0.049446723229275,0.303444581632884,0.219380438614266,111.7,1.0
64836.0,1.22672656208581,-0.0531221846841351,0.690509606366386,0.95188715467478,-0.0614451205555306,1.07930834494657,-0.648947779941545,0.295644447533174,0.915008794911554,-0.253056599392446,-1.74249397085691,0.350489934854267,0.718942635783941,-0.509338610176706,0.480823527379448,0.170909833991904,-0.505351301498897,-0.113229146737029,-0.0422253781728398,-0.109857063601387,-0.127211259344044,-0.0740411999279,-0.145058936279046,-1.30564799808438,0.548070473814633,-0.293266322457958,0.0919074572814971,0.0200914633000334,0.01,0.0
65928.0,0.960038339655401,-0.0324409166966713,0.17599925279646,1.48505508767242,-0.256458628088858,-0.544417088814572,0.389195681663737,-0.146095375314042,0.0214250140034338,-0.0991654836597379,-0.132918463867067,0.487545705972601,-0.229972734247328,0.331131218855995,0.235515262101836,-0.748022359836431,0.291026661800287,-0.966820029761864,-0.646247808117392,0.0123746230846636,0.0805498608513715,0.174481614160752,-0.174386281225557,0.420641524147966,0.680658893748814,-0.2627797526979,0.00500533830107521,0.0327938775301259,114.0,0.0
52782.0,-0.840031995264187,1.08770136591496,1.49357336562925,-0.23664390448981,0.601808311993606,0.956493464377901,0.42246909460807,0.476326595496236,-0.368021019559416,-0.21959037678354,1.01200644203126,0.871828563189618,0.70827073013232,0.0504756731333307,1.83932901593118,-1.22194887226076,0.874409992254175,-2.51926528768074,-1.6958014163339,0.125672054151864,-0.108614653508758,0.00598605220951845,0.142765005060671,-0.636994475999925,-0.47460377017465,0.181490337459357,0.449868022376208,0.170199996409423,2.67,0.0
53921.0,1.14232994494491,0.166046029088271,0.0200684962979163,0.895143833721016,0.357464900703269,0.442463776515019,0.0200084168991972,0.0975011994174857,-0.316401665268957,0.15716248807534,0.833635060660143,0.990819252433619,0.718895276031325,0.383947134519301,0.487563283393916,0.28132271752573,-0.794772460133338,0.189782314936514,-0.232570370207106,-0.0233256352529923,0.120855287278404,0.353183852574862,-0.237012708113402,-0.81131022111133,0.694926963572047,-0.220900362887403,0.0272856289658445,0.00713652199636505,38.99,0.0
102622.0,-2.87717642607719,4.56964856472544,-9.55306876711684,4.44107935434428,-3.65396138652409,-1.87798085259887,-3.5143534876061,1.5476079597065,-2.50330396990855,-7.57563437993936,7.00213577397937,-9.95919399367656,2.12207206066581,-8.88487177224851,-1.64485747819635,-7.18992618738758,-10.4451050316273,-3.2719075376306,1.48227743472618,0.105615110186545,1.27289634389685,1.30026844858483,-0.00395013351868523,-0.36084777781177,-0.597525997544942,-0.390901228489311,0.592196918920005,-0.241010152850381,346.94,1.0
41656.0,-1.67900001322684,0.00472378952201577,2.09310011086487,-0.209994295861917,1.11212332703426,-1.25406041252964,0.19384609263207,-0.0108595068055654,-0.56836143232749,-0.671676045300681,0.187415265298558,0.585710171352432,0.673995434578281,0.02247982075214,0.705223616700546,0.0152754679622904,-0.258772249495751,-1.06968038089264,-1.03258778077936,-0.0456572568850009,-0.123806080665791,-0.540965793575783,-0.0566410124674699,0.409962872153622,0.137481852633072,0.0131125827063348,-0.143777659794382,0.18456533531556,3.59,0.0
55862.0,-2.52586855556833,2.20260681912487,0.633063058362916,0.584093781378617,-0.668049926952702,0.20138281289038,0.207289471819885,0.336435871832713,0.751606042250082,1.59662294123342,0.533205436249431,0.604059370374081,-0.51618124694858,-0.172642258486432,-0.547823595218337,-0.450105354948366,-0.137874087895594,0.279327664306325,1.22877146134467,0.166092128105871,-0.191501043999871,-0.238654152170568,-0.115595078533184,-0.02480916880425,-0.158275754623097,-0.66932294254296,-1.50685203512526,-0.739474199332458,34.12,0.0
40742.0,-2.37753280180283,0.520539361927579,-8.09413945532841,8.00535147326105,2.64075021376276,-3.38158645291742,-1.93437244067366,0.562322111872781,-3.10402718606356,-3.05121035544102,5.73576265915634,-4.74769250131792,-0.784223284478966,-10.7163393018774,0.656516978131348,-1.14246727231018,0.91859080878698,1.12633522330277,0.0929734778841175,-0.634747080915274,0.148284201590387,0.7210995412337,2.66129069804724,-0.508619933518595,-0.401656629278738,0.587611216267645,0.500326371108344,0.551759687906722,1.0,1.0
68774.0,-0.472983469281444,0.881706262330652,1.40297515461687,-0.267360689265132,0.251482617369753,0.066241340060729,0.460842913702521,0.289303439789855,-0.504895590804217,-0.161411289793261,1.07924367861535,0.153016920792875,-0.886199854570111,0.520347400129189,0.518714757536292,0.238800988349537,-0.434998310591425,-0.0925608165158559,0.0743653613614134,0.0293902111160601,-0.180718330575084,-0.499107899816587,-0.0364082773942321,-0.351228283537934,-0.283016934937655,0.10670920972632,0.272100384341069,0.102104824030224,2.58,0.0
45242.0,-2.84832829314445,2.1554170651346,-0.152083869594484,-1.53354410343405,-0.509507918154996,-1.08953362292965,0.244537287691128,0.538841832010256,0.47602035773915,0.585718075937315,-0.87097874997658,0.620541865540524,1.10788573214495,-0.0384806213294257,0.29804544914386,0.577767684189116,-0.605996865239761,-0.590342868589551,-0.452119127921542,0.208522553704659,-0.27955212778285,-0.524837639521163,-0.181183782239203,-0.0640674158178445,-0.16389046874567,0.53719807375499,-1.09028176708301,-0.840373951111067,14.95,0.0
68207.0,-13.1926709562391,12.785970638298,-9.90665002092758,3.32033688288942,-4.80117593230105,5.76005855618556,-18.7508891580107,-37.3534426378925,-0.391539743919107,-5.05250236713858,4.40680552357904,-4.61075647740608,-1.90948796970811,-9.07271093398351,-0.226074450896345,-6.21155748212485,-6.24814535335983,-3.14924669470095,0.0515761185277783,-3.49304991519446,27.2028391573154,-8.88701714094871,5.30360690376998,-0.639434802306313,0.263203123457008,-0.108876929971315,1.26956635541013,0.939407362758877,1.0,1.0
40810.0,-0.200681431469709,1.37807527084711,-0.135217024741128,0.929977822815285,0.234483124960682,-0.718280790503497,0.591258777363098,0.290261077503981,-0.717452433024957,-0.0659557595128998,-0.439297500608154,0.272672638040899,0.136054619350117,0.814365916839568,0.865128536177569,-0.733247920524625,0.293472078025284,-0.54735558819551,0.0183300843044642,-0.085443537515613,0.205732732066701,0.723295610954448,0.0991071594587098,0.0924238916513261,-0.755794451355661,-0.38381814351584,0.331422458812251,0.165363833683045,4.49,0.0
58067.0,-0.264868683737295,3.38613996883911,-3.4549969895002,4.36762905773351,3.33606042827178,-2.05391842272465,0.256890458421417,-2.95723544083265,-2.8557972336327,-2.8084555425423,1.84750351109611,-2.4148223375383,-2.57322454244165,-6.5991261303635,0.123470382678038,2.57237180761341,6.60936580903842,2.53066979960508,-3.60265725092653,0.482513022122587,-1.39450379366468,-0.166029306744804,-1.45208118338289,-0.251814670710545,1.24346054282121,0.45278677690471,0.13221807596169,0.42459946550375,1.0,1.0
40122.0,-2.28047069291445,-0.326043911089531,0.244869798947392,1.11899036673308,0.262526122410968,-0.612518820090811,1.05170664181318,0.301571853169365,-0.993479846114625,-0.0766655205809738,0.798865753177368,0.31183561086526,-0.531777817297181,0.998258621341556,0.362716711459816,0.129655451056341,-0.325607863576541,0.367578114560742,1.22824697146127,-0.19459364147159,-0.330054721699212,-0.612498694535101,1.47532333528885,-0.0990254266815621,0.160106946798434,-0.58816612771438,0.387751834560847,-0.0795261657899627,199.9,0.0
41353.0,-15.0209806030789,8.07523975163174,-16.2980905380446,5.66482005292134,-11.9181533731348,-4.24695712395156,-14.7166675516611,9.43508432139337,-6.7953981269244,-15.1241628144947,6.03766622940467,-11.6767222367813,1.32697878633103,-12.3816058947985,-0.0716392778020956,-9.48414337021449,-19.6718814509262,-7.64327282087749,1.16906441801605,-0.995786857833133,2.52511546344786,-0.832074336953531,-0.186116823393738,0.429780833741005,0.697102812320081,0.0560310740941657,-1.31088762047629,-0.707402991270252,34.12,1.0
2749.0,-0.624779971500907,1.01634722272078,1.6690721835449,1.0434743467411,-0.597883068696251,0.0651405104147726,0.585205638798258,-0.0950989194404779,-0.476078195337228,0.24445466992907,1.27394652834362,0.898058116723004,0.112762046297067,-0.00143080975967264,-0.196505651219251,-0.912189896418446,0.442455252442049,0.0451361334156016,2.24900262076602,0.0492800160987926,-0.0426553555922058,0.0300396642061061,-0.0715067361112225,0.592499846142805,-0.342625061979313,0.413434670675176,-0.243781149426146,0.112628333064057,64.36,0.0
87707.0,2.12448162489503,-0.022646795226663,-1.52546059729535,0.120194610941459,0.554877628696128,-0.344493444865479,0.167365321705513,-0.23711003224859,0.457063983226102,0.0426328699389533,-1.29057145010962,0.581687113879084,1.02930648901332,0.0540391666680475,0.0500958602576496,0.102971302641107,-0.631327862169517,-0.688385305024407,0.43482602270606,-0.115753641295296,-0.334549352501378,-0.82796412215273,0.272989857190962,0.0529480478617132,-0.152323042414372,0.205393281592853,-0.0715335096179033,-0.0586088933793325,2.58,0.0
47527.0,-0.659829701624529,1.4180935168068,1.11670755290901,1.24792345711527,0.912228552231339,-0.965781232883707,1.34354619180384,-0.255458524554471,-1.44052404321483,0.145192996748796,-0.835248086801995,-0.365840422117695,-0.166909497104092,0.334439837229363,-0.658542533174577,0.577003501174894,-0.866483637502196,-0.444571841893657,-1.73397678557547,-0.255679588798222,0.122822940440735,0.198414626248643,-0.216722839402917,0.36371981990276,-0.00916868392711362,-0.210890803655661,-0.068062495024899,0.149280944839106,2.68,0.0
73085.0,-1.1773294496951,0.00703613513728799,1.12239974557465,-0.0716014676041468,1.23724759888053,-1.82419859094888,0.0619108438170711,-0.164329337451854,-0.1751942953362,-0.571230319496198,-0.351214746178171,0.0926326325485992,0.177956315092907,-0.434119963054632,0.416397718716129,0.62963845576069,-0.304191906540614,-0.22972162307884,-0.729005124998662,-0.328091803630931,-0.175443448916433,-0.493341952189289,-0.055129934129397,0.360745821619563,-0.927244083900954,-0.186404712081139,0.163419049005257,0.137175723200713,1.79,0.0
71019.0,1.10980127406989,-0.437638269910006,-1.0385295494283,-0.983462179603305,0.0731635580945735,-1.08270407762431,0.684431315026962,-0.420148349271927,0.873977823828559,-0.95752646978128,-1.06627976539439,0.158940432003721,-0.0769626564923329,0.650469711660354,1.45517316012018,-0.595809402574277,-0.411414405626192,0.153504520476376,0.977931918942383,0.206541206809476,0.0459677924587042,-0.0829821994275956,-0.452232285267137,-0.591135442235135,1.03315135485105,-0.522908657427207,-0.015392789978935,0.0256694189701468,159.9,0.0
41308.0,-13.6807603221285,6.99038924197379,-13.7700011356219,8.694896899191,-11.4269679730732,-2.91984498997907,-14.5945615876748,8.62290473620712,-8.09069700355941,-12.7806339362021,5.3306013514672,-11.898065148453,1.59599290197592,-9.56016927087188,0.596403762858148,-11.3809956026059,-21.5368016259059,-8.48535580519493,3.51761050964655,-0.877391609905133,2.98955250855903,0.497598716647637,-0.509290299460639,0.732503456665873,0.280527953637944,0.280037142108891,-1.40668683562971,-0.663643363595055,0.76,1.0
45463.0,-1.47689343619361,2.12231379246165,-1.22946956041319,1.20184879823143,-0.343264387787516,-1.31770390932283,-1.52814215893659,-0.620953383361586,-1.21304032250238,-2.97526724837752,3.53221960237349,-3.68263987014104,-1.15477748628793,-5.16522922685485,-0.240091425455286,-2.40492728839102,-5.67173864053893,-0.99429395124741,-0.289935891439032,0.276893466308702,1.18603560532412,-0.0402148700651311,-0.238930086824211,0.110144325976026,0.0454183699836296,-0.56923231725429,0.481018701576887,-0.0475554426964208,1.0,1.0
33874.0,1.14300909524967,0.135513502524915,0.781071267163625,1.42015653290065,-0.543191141481905,-0.264828587548467,-0.158810822946956,0.0483011046576055,0.224852759245506,0.0484838162499701,1.04346178475422,1.30568214059573,-0.0846402708232947,0.0385501242186305,-1.18976606367719,-0.278273423289636,-0.1811274495177,0.01493666644089,0.174821157358475,-0.155720387689888,0.00390726062889848,0.244965640314894,-0.106880885347519,0.560428310283672,0.687502836279057,-0.301425124082336,0.0362530386451253,0.0133810552321457,2.99,0.0
73400.0,-2.42820969307278,-1.94639754614096,1.33185455856893,-1.05556621742112,2.38963951116992,-3.1783243152509,-0.828897357105107,-0.539543924391275,-1.2088291578516,0.875532960837985,0.0895997007644086,-0.304795530003895,0.716312786191538,-0.388706081385126,-0.0669550553617125,0.661403825514255,0.165974251816991,-1.79667481466301,0.143926958264995,-0.135791661410021,0.0788818372183936,0.646253940647369,-0.747651748634565,0.840109955452819,0.352006926401573,-0.244851567540674,0.376358196791706,-0.219674188360922,15.0,0.0
85285.0,-7.03030814445441,3.42199090467553,-9.52507177254752,5.27089100906596,-4.02463027558805,-2.86568161775739,-6.98919473439446,3.79155093755913,-4.62273033596451,-8.40966487562735,6.30904400603177,-8.57676143258937,0.246746716929862,-11.5340460181508,-0.3642651387587,-5.45249465771382,-11.8875700201872,-3.56358481007011,0.876018768156628,0.545698040621445,1.10339774484256,-0.541854751589521,0.0369432219896495,-0.355519004066217,0.353634382097,1.04245799282131,1.35951563156376,-0.272188101257294,0.0,1.0
63578.0,-0.639191253440691,-0.0855947885921835,1.26545195854416,1.40116573166082,-0.260542078671007,1.00979457835355,1.30199897093176,-0.135257522932592,-0.431520921685507,-0.0913533730643921,-0.921051995675577,-0.61381552858098,0.198913055533638,0.0160870050482155,2.20626377523102,-0.527140627794259,-0.0572786796405291,0.448655661077036,1.16443546519237,0.861306751100051,0.340330752683629,0.76016976216338,0.353376975218638,-0.778892742566353,-0.0706811598435952,-0.0333546437243291,-0.0619624216383359,-0.0626865318467909,290.18,1.0
116904.0,1.72648150682325,-0.0709510188069502,-0.06805866878251,3.48350270000287,0.451152711375478,2.32505615493402,-0.970888244987943,0.800169852395844,-0.256923282399133,1.4497396852585,0.113912442489938,-0.25958100943916,-1.43444513575529,0.269653891092081,-0.310237545798658,0.773823612907818,-0.483725090559869,-0.422126385605023,-2.27372653419088,-0.429813948103814,0.250019871977977,0.826605337310009,0.194203701711031,-1.69542150844507,-0.449737098768536,0.144978602226397,0.0508787250354671,-0.0604028519193669,11.34,0.0
34169.0,-0.882691741016431,0.73452649515556,2.26384655435375,1.54716259050748,-0.780250794905626,1.14028722917946,-0.856344385847605,0.886711802162813,0.842473281539861,-0.636883545608134,-2.28366510744936,0.769191621533166,0.88166432431319,-1.05237640705468,-1.33405136747053,-0.697781301488264,0.51014166484271,0.275226146655688,1.5912321934709,0.150251990309169,-0.0146726287812991,0.491544976001877,-0.311597839882872,-0.383476716661949,0.120758599866681,-0.0565640574647984,0.363364924201892,0.121441403096448,1.0,0.0
84155.0,-0.449004608445521,1.27782655068617,1.27614295168358,0.0325962069496639,0.0872731562139367,-0.947365336068907,0.780225600243348,-0.166482662605112,-0.474861250352476,-0.431679399993139,-0.0384761047015851,0.432845595670482,1.08487316631883,-0.657142606885854,0.794668192340744,0.324603165483967,-0.0532666502835059,-0.265399041616319,-0.0954491868636777,0.15939269868976,-0.235058633461792,-0.610847408919288,-0.0256073247077666,0.360207244868461,-0.141230037359486,0.0555359458369756,0.11630549861657,0.0975037371662151,4.49,0.0
16266.0,-0.658233672899428,1.21086184944466,1.16814745497225,-0.0132697750837825,0.422688396974047,-0.00541472029141761,0.35985609161764,0.204093971619291,0.949485299095913,-0.425931003137561,2.26523171414944,-2.28439569896631,1.00707742845874,1.28146846252416,-0.173182885809291,0.365978681512599,0.680400943419752,0.359550985626188,-0.264409345249649,0.148753818985787,-0.393612093725855,-0.790989492702893,2.23458560523027E-4,-0.443600962985255,-0.212817167433673,0.0729044134095176,0.329542395385522,0.142688265876737,6.25,0.0
54074.0,1.07853254667707,-0.133224544136219,1.01618947136013,1.36922570034224,-0.665806809514015,0.434180964528792,-0.541383108470008,0.341282428965805,0.76939158745152,-0.11859940186688,0.921967844026203,1.06950856447612,-1.04754043078398,-0.0396202073901712,-1.30377627565674,-0.693077270445574,0.318280124132584,-0.367182176688377,0.0179382582471851,-0.254188333544016,-0.031468433237417,0.233444727999021,-0.0464028893646302,0.22885790597514,0.541655407114316,-0.300354492831782,0.0678099750322571,0.0115569552724392,1.18,0.0
109298.0,-1.00061051985933,3.34685000184439,-5.53449117133595,6.83580203854396,-0.299803293657807,0.0959512989990878,-2.44041927394713,1.28630119597073,-2.7664382829404,-4.45800770078481,4.69653339192897,-8.76211333956078,0.985826601093264,-7.32027202211023,-1.06384045772504,-3.37112471078725,-4.25115786762875,-0.43005729986925,1.80401333906519,1.18981379228675,0.439756764345897,-0.694099203587273,0.299660329499667,-0.657600627722995,0.101647558980344,0.430457439169415,0.824685450418745,0.326952273050223,186.13,1.0
42546.0,-1.48645844861531,0.505339467250165,1.74275480817186,1.06569335616129,-0.208371320485003,0.799553901882066,0.251246166858634,0.114784909567742,0.274724899552242,0.242090358991356,1.00928732898823,1.23760092776429,0.352805863854885,-0.535307018150158,-0.826756250374564,-0.922798715545242,0.21873861944362,-0.108567371909113,0.803972978264274,-0.214403481193275,0.0831501957887955,0.759366558051514,-0.489048844097046,0.0941572564698478,-0.251569845047459,-0.336645668431863,-0.665509170390723,-0.44350761215896,73.28,0.0
21046.0,-16.9174682656955,9.66990017304097,-23.7364434105216,11.8249902296814,-9.83054822917941,-2.51482887310345,-17.2906566748216,1.8204078670595,-6.26490348784789,-12.9166361091709,9.56711029521397,-13.7170673789468,0.899540705915631,-13.2729650621928,-0.402260044266312,-7.75409405936683,-11.6446032058862,-4.74130270962407,0.58462597267458,0.996745095162688,-2.33611095619483,0.972754726208974,1.24186581168063,-1.05108624820763,0.0380090796054737,0.672317065099677,2.10847085205046,-1.42124325273233,1.0,1.0
73845.0,1.44198902343685,-0.941192190240236,0.230600804181384,-1.17080140329486,-1.2350902428496,-0.735026410115596,-0.670828467027894,-0.252912113651244,-1.98692649514537,1.3105489626359,-0.0410172753772529,-0.0706155339999569,1.20591215562083,-0.497484977582425,-0.26236611725199,-1.41197477012645,1.21882595425009,-0.993011841238297,-0.439194135044976,-0.308881534517415,-0.142296588159214,0.162947026464191,-0.0371684824837508,0.448971568479682,0.589971602367785,-0.0592397073249718,0.0371685435871545,0.0133773351430925,26.0,0.0
68207.0,-13.1926709562391,12.785970638298,-9.90665002092758,3.32033688288942,-4.80117593230105,5.76005855618556,-18.7508891580107,-37.3534426378925,-0.391539743919107,-5.05250236713858,4.40680552357904,-4.61075647740608,-1.90948796970811,-9.07271093398351,-0.226074450896345,-6.21155748212485,-6.24814535335983,-3.14924669470095,0.0515761185277783,-3.49304991519446,27.2028391573154,-8.88701714094871,5.30360690376998,-0.639434802306313,0.263203123457008,-0.108876929971315,1.26956635541013,0.939407362758877,1.0,1.0
37167.0,-7.92389070083426,-5.19836019923329,-3.00002392240282,4.42066620155728,2.27219396451756,-3.39448342909715,-5.28343533467969,0.131618922476372,0.658176428693037,-0.794993881662565,3.26606601582438,-2.71918495125522,-0.124103963275087,-5.274865818881,0.638575002552638,-2.99583037811248,-4.69843344927136,-1.71187122467509,3.02526099185501,-2.16981089222224,-0.734307916555449,-0.59992625988411,-4.90830117586834,0.410170234644792,-1.16766024989313,0.520507647303451,1.93742140287106,-1.55259283870249,12.31,1.0
74153.0,-0.208260978602356,2.24395146595399,-3.32107076651148,-0.0604479766517478,3.88151265709868,2.42971463375383,1.30328972101065,-0.294745015835913,1.59244201071242,2.0850237468484,1.54233255195845,-1.24412472296364,-0.438575317987438,-4.90415517671915,1.52982724813825,0.601044955372478,1.75049673411584,1.72010414067496,-0.234132930500484,1.49163015599194,-0.661029372556746,-0.499600652471471,-0.0603326171104057,0.62634642746041,-0.0753273284265737,-0.496721880453462,0.174104577986643,-0.686893320476534,1.79,0.0
56760.0,-0.357606593416503,0.90644708478005,1.00136915381514,-0.460283223447845,0.577677022470081,0.185088553049916,0.516209418125657,0.213791876846553,-0.439181226366435,-0.116626077647492,-0.0544699662660701,-0.239798194385757,-0.624656169846029,0.417993901372966,0.335579081962974,0.829078396931011,-1.09185481920515,0.685271493262351,0.821444680880397,0.0974218251466611,-0.275741786821165,-0.798621182336074,-0.195595720002528,-1.07174920404992,-0.070632412557875,0.140819717229061,0.254849660254866,0.0951768358509694,1.78,0.0
102489.0,-2.29698749921502,4.06404334190313,-5.95770634516933,4.68000806392241,-2.08093759960382,-1.46327216002463,-4.49084686931735,1.02924628254192,-1.59324925133839,-8.99381088354112,7.86446740028511,-10.6498396512844,1.82659101647783,-12.9136317373077,-0.766330314740752,-7.95409770929125,-7.80963509977466,-1.71851117214548,3.83298514230067,1.26495379665956,1.08908418394041,0.975397809530551,-0.62553033358642,-0.535180928107126,0.247435028956319,0.160399507909509,0.969581605226584,0.335041293733825,104.0,1.0
115213.0,2.03037568693853,-1.31488833006997,0.61867124268042,-0.712098264752278,-2.14473287803772,-0.437472365730125,-1.81535967542255,0.243514620155997,0.503832934200936,0.884068872775972,1.14832274195368,-0.14516251004531,-0.852429994542756,-0.43712752002947,-0.00155040230989992,1.73853319428164,-0.0852832238684935,-0.240800867910499,0.263833627637437,-0.0906490933696539,0.502108240167336,1.46621703702733,0.265572506895586,0.555033960774036,-0.561049723945397,-0.142207332982114,0.0463792309348254,-0.0379020664616475,9.99,0.0
41684.0,1.07539766870285,-0.289819736534609,1.12079559207836,0.722921564235186,-1.06005692239476,-0.36819118882805,-0.471836031250887,-0.0430622164046652,0.659043736525617,-0.258042461140386,-0.430869877693313,0.919048492554232,1.25761578293461,-0.525842248494229,0.538179192644845,0.290625904702865,-0.378353558084128,-0.122911214364222,-0.245524800329013,0.119306582334941,0.143841878008088,0.48325232132486,-0.121875976089536,0.496280284369897,0.33557561941244,0.595825186241745,-0.00236600238417082,0.0369665821804132,73.0,0.0
27513.0,-0.904808541257683,-0.310225069020176,-0.836650193286625,-4.82612716619105,2.8756780857552,2.09177131682911,0.672583639392354,0.639201263871947,0.969528698678235,-2.42134692337993,-0.145967554111477,0.408101115404688,-0.349408194869955,0.53130891691518,0.773778032004998,-0.319654530093736,-1.08821901450193,0.353218462902215,-0.0331796785047611,0.0980867625225066,0.0929085719896277,-0.0499170989035405,-0.2006257136867,1.00348562064477,0.794599707906593,-1.04997555549887,0.0513685608247709,0.100808923056275,67.32,0.0
90676.0,-2.40558049004183,3.73823496480673,-2.31784304058402,1.36744244056479,0.39400112765787,1.91993798476143,-3.10694204753682,-10.7644025337266,3.3535248599039,0.369936028027435,0.382172176843061,-2.26293253493218,1.21060458321664,-1.88061870491121,-0.934160416330735,0.235476804417352,3.32156931100987,1.90627082950488,-0.581355690647057,-2.14087382269319,10.0059980130045,-2.45496409501601,1.68495694696092,0.118263083149952,-1.53138011163519,-0.695307571119466,-0.152501562016877,-0.138866256312262,6.99,1.0
52814.0,-1.10184700698197,-1.63244121283891,0.901066556872515,0.847752885502341,-1.24909072939532,0.654936785498635,1.44886782586722,0.0233079125519542,-0.136742416820243,-0.150129182778684,1.17235508293037,-0.795988136674965,-2.13695096583302,0.578869439330842,1.4121147225086,0.0134668068434063,-0.119204381070058,0.826814373772222,0.476859902488945,1.23027784051309,0.610653920616913,0.835795006603528,1.17995542066426,-0.0290908864225033,-0.300895693792436,0.699174952578756,-0.33607170899039,-0.177586827857027,519.9,1.0
46088.0,1.34455307395083,-0.569669760674811,0.0694587370635894,-0.81464174808776,-0.757287359489399,-0.660990062442808,-0.438409756896049,-0.12544387911419,-1.12391010017117,0.814476838632198,1.1379324146863,-0.0885014523270559,0.0475570971550137,0.133201071751088,-0.00787556110631489,1.2898243245952,-0.0714131543705677,-0.769546781983721,0.922043202786143,0.148648351160567,0.260734589242636,0.579144511433966,-0.194078273549536,0.037349603621962,0.629854649903719,-0.11657267685224,-0.0167466676562209,0.00234387345876742,43.1,0.0
103856.0,-2.38932916522517,-0.389185616017182,-0.0288506112373236,-0.657199546394358,2.38940011620097,-0.650964081920271,1.01178459735897,-0.589552876149359,1.29794902860768,-0.669486776136546,1.73430145836938,-2.07030924023733,1.98656129466008,0.0703365646984675,-1.72672399298354,0.759682861130757,0.300344276339096,0.534320646226147,-0.144403468026936,-1.01412156500866,-0.723083634863807,-0.838250536975942,0.610984880742059,0.0654456517546451,0.0445463570785091,0.00756710164308521,-0.638938295750573,0.233039202913554,14.48,0.0
57027.0,-2.33565492855671,2.22537994112476,-3.37945038583039,2.17853822878821,-3.56826371512658,0.316813583664713,-1.73494800330036,1.4491394338594,-1.98003348126993,-5.71150474047788,1.83721490161197,-4.5403416445233,0.747845860345767,-6.28431406964108,-0.128887216546494,-3.5632394063049,-7.36832064555377,-2.69295315786876,-0.450550113544917,0.274027122680488,0.78554012192761,0.29741198434836,0.308536146370564,-0.598415746387816,-0.121850330815637,-0.491018310202025,0.701606041424924,0.206966343288918,444.17,1.0
69394.0,1.14043132434726,1.13424300279892,-1.42945474072655,2.01222598912655,0.622800198240135,-1.1529230868157,0.22115947772768,0.0373717733484629,0.0344859259841517,-1.87964382107016,2.19166507997652,-0.487849732811135,-1.75713709936308,-4.46105120749925,-0.402884205654366,1.4109171085787,3.61925125200524,2.28492676267757,-0.443999191918561,-0.0997118777920308,-0.367136001490949,-0.891627120817809,-0.160578066799212,-0.10832596200032,0.668374321480191,-0.352393242949003,0.0719927692746503,0.113684370071235,1.0,1.0
60638.0,1.05966793361404,0.132819115369144,1.5914217852101,2.73733988033923,-0.874480757760515,0.419899222644515,-0.664068003896567,0.350788727121926,0.059381659995993,0.61931138437125,0.655279231768045,0.658524035166563,-0.895373903721392,-0.168376491162468,-1.53805914027628,0.509906437238393,-0.331571476646546,0.0684739634235973,-0.391263828161569,-0.216056780423109,-0.144523990286772,-0.270048877652693,0.0856649958903116,0.515660571094164,0.239737970821263,-0.119158880632464,0.0347588522159678,0.0243226199318175,1.52,0.0
71033.0,-3.17081841545902,0.185734554774403,-3.39985157931162,3.76115529034876,-2.14804702797609,-1.59894442520531,-2.51956531805231,1.31621501070214,-2.40010611621824,-4.99341703829647,4.44719176626515,-5.29376010254684,-1.41957829927441,-6.42527621352443,0.914083034195792,-3.51519716625381,-6.34745330751181,-0.90351216582405,1.19160626766329,1.93225372509724,1.09205113380931,-0.0410804286307278,0.904395217733676,0.180015601586537,0.0499703397242655,-0.257099837784436,0.859281566487016,0.225924185725605,426.4,1.0
121060.0,0.306639514105802,0.790739610474704,-1.36277177245244,-1.30009869299199,0.885520707693342,-0.875740418260511,0.758102287922566,-1.94061759521115,-0.180334099375088,-0.402716302239443,0.368803807760762,0.25538286015407,-1.37817854894875,1.28010311343504,-0.888237558280991,-0.0188286397496089,-0.78773967078677,0.0865127124263697,-0.524517372757736,-0.661941303142156,1.73689461102541,0.0708085898587589,-0.181965715488445,-0.458381389515636,0.747834522129433,0.12780841172054,0.195376290631738,0.264229248803039,19.99,0.0
94761.0,-2.59849965543785,1.71660930008855,0.653185667289317,-0.930346707362533,0.0159079949512611,0.0863845069726937,0.405816377037251,-0.155735551176393,3.5404076532327,1.89838682947746,0.0785573995714945,-2.42536343695667,2.19711138472088,-0.00723582459953327,-0.527071656933289,-0.0776264648932284,-0.129844174319638,0.213564913042723,-0.809373441382322,0.909084365350859,-0.324581555045176,0.740017403774266,-0.407808688617877,0.614169456011332,-0.0918354825104538,0.416465668668207,-0.082799960217798,-0.524649163341167,29.99,0.0
73408.0,-2.86979494599423,1.33566696241079,-1.00953019777159,1.69388472852407,-0.741479894623347,-0.796772696354505,-2.61424187718441,1.06663646767929,-1.13549652218517,-3.9433368210052,2.57283021584331,-2.28866350030302,0.562084177710423,-5.33871420959882,-1.85325189141529,-2.619233053885,-5.23142512742468,-1.23485373672039,0.397308037124058,0.0115572104606548,0.528421372720921,0.228027080989586,-0.749297963439339,-0.0671789627433331,0.215792485177395,-0.453651011768872,0.349191042793996,0.198862268219404,16.48,1.0
93860.0,-10.8502815883108,6.72746568826853,-16.760583409542,8.42583167857118,-10.2526968683093,-4.19217104406337,-14.0770860104531,7.16828793346092,-3.68324217370244,-15.2399619587112,8.03070840755191,-16.0603057628826,0.270529742348469,-14.9529810390579,-0.241094883743813,-11.866730636746,-15.4869899240937,-5.74865155747378,4.1300314273319,-0.646818272966729,2.5416369467068,0.135534921100722,-1.02396689219897,0.40626452579196,0.106592778669641,-0.0262323892202069,-1.46463002356247,-0.411681819907858,78.0,1.0
53937.0,-2.04260819938332,1.57357807373238,-2.37265243271278,-0.572676430720841,-2.09735276458226,-0.174142123011242,-3.03951978687359,-1.63423295064356,-0.594808638750073,-5.45960189444545,2.37853722491518,-2.33027064686235,-0.24623272486659,-4.05852343611281,-0.316983146603949,-2.52266081131673,-5.60340034818128,-0.778439963776289,0.860211793588662,0.825565985313424,-0.723326195587733,0.501221637302624,-0.696892260580304,-0.600513726439022,0.127547028812739,-0.786072220292301,0.606097322391548,0.171696507911815,261.87,1.0
69172.0,-0.861270429132609,1.1042994909359,1.73281319546551,1.11108359323213,-0.624703398724218,-0.160144726956454,-0.0962701639948366,0.502897243023353,-0.13295281486933,-0.505688199920504,-0.88023958487276,0.900571718607315,1.26847616363896,-0.277821594952849,0.0200331083046757,-0.414369257339942,0.164505322102713,0.148458566181641,0.54495796311021,0.152899524691722,0.219146133729369,0.881663023226696,-0.191548493790418,0.456649732463403,0.0294661344794054,-0.172408370139498,0.320703789074479,0.139384814366273,15.93,0.0
49464.0,1.20042409696809,-1.79266585141772,0.753140855358426,-1.56770960380284,-1.73255724936066,0.588626134256012,-1.61255795928696,0.166745188183361,-1.52585482780492,1.46964810788921,0.200804237848192,-0.251166098023008,1.51387881503961,-0.750745549582735,0.493522943323626,0.724648874150553,-0.502958436055494,1.53247298858197,0.0156143815714447,0.105173925065165,0.150743782383117,0.516457472053798,-0.302067664317577,-0.798532148882506,0.29541751991754,-0.00526293686101809,0.0532826609318876,0.0447449479787449,168.26,0.0
55327.0,1.16239981931471,0.267913717449373,-0.201494694879588,1.09659030777433,0.102429386398283,-0.733366073174965,0.458761132342132,-0.172887816994593,-0.143691451296858,0.0120982756261496,-0.3008706216668,-0.199854803426837,-0.962503526335364,0.788694748471406,1.0422294362201,-0.460409690502966,0.0210331663185913,-0.695899316931547,-0.616820198792826,-0.172988956092361,0.0419049676301232,0.0843210110646962,-0.136620272067743,0.0710605743149864,0.734371677062576,-0.267481122602671,-0.00454296892640222,0.0118924156981922,38.2,0.0
7135.0,-0.481811560016889,1.51579681694309,0.208852937936679,1.00847379231484,-0.040537250174399,1.40193561196997,-2.15964488038681,-5.22715616970006,0.21681812358934,-1.35355929240791,1.06783429435124,-1.65557055629079,1.3374853278524,2.79469211813587,-0.212552100041564,0.769762804850309,0.0739152652034582,1.17065843951478,0.399879452524946,1.26581798941408,-2.72718187141029,0.39770614511221,-0.0390623189046371,-0.921930843721723,0.73077203130948,-0.322860097346628,0.0689963791821116,0.257443683155448,39.99,0.0
28242.0,-2.78724793061533,-0.0713403777285035,-1.50528777523306,3.36177713733967,-3.35742166883665,0.565834734346537,0.303653111125521,0.966914484943676,-2.24588195188782,-3.65142656863483,0.987277021963291,-3.83478156926117,-0.961354142524746,-3.18216808481143,-1.1260022842247,-2.95430081252595,-5.84121800175148,-2.91043029785417,-1.15585017273094,1.60739677185147,0.882940442444742,-0.246201930041865,1.75222678458672,0.219924964544368,0.15628169505776,-0.265894317684036,0.220694023253282,0.256076869786525,730.86,1.0
60353.0,-3.97521647515777,0.581573270980264,-1.88037210743636,4.31924127992395,-3.02432976021596,1.24079277107972,-1.90955892631241,0.660717557074542,-2.7526105653686,-3.55038539904852,4.83896418696128,-6.04023537903875,-0.374460483695606,-6.22194535944177,0.958758443736388,-5.07364263456328,-10.441008666182,-3.75552460094433,0.606452965011177,-0.656511434265513,0.578984295739867,1.39731081981072,1.04532195036713,-0.303999869268857,0.00529495925073387,0.235435243641064,0.962014797484666,-0.67355739317081,454.82,1.0
107552.0,1.87885031948852,0.722155342524841,-0.679988162211488,3.94235788694555,0.59164071750861,-0.393814620945242,0.382591875973472,-0.391086308493831,-0.0276983665701039,1.12480625955742,-0.0064506279829435,-2.26755862229848,2.88889752531492,1.61912428274013,-1.1762297541383,0.843759030203447,-0.277464018782825,-0.0687714430918333,-1.94361040192604,-0.173156620208825,0.112324391627803,0.549595196288582,0.0158270949925483,-0.0614723948756334,0.136291149571691,0.0871247948231975,-0.0728763379184584,-0.0493291828170368,45.51,0.0
71033.0,-3.17081841545902,0.185734554774403,-3.39985157931162,3.76115529034876,-2.14804702797609,-1.59894442520531,-2.51956531805231,1.31621501070214,-2.40010611621824,-4.99341703829647,4.44719176626515,-5.29376010254684,-1.41957829927441,-6.42527621352443,0.914083034195792,-3.51519716625381,-6.34745330751181,-0.90351216582405,1.19160626766329,1.93225372509724,1.09205113380931,-0.0410804286307278,0.904395217733676,0.180015601586537,0.0499703397242655,-0.257099837784436,0.859281566487016,0.225924185725605,426.4,1.0
108387.0,0.112797730038232,0.915944950175873,-0.050176782797448,-0.666308355067503,1.0632727834586,-0.24339656266947,0.805490559500966,-0.113031076742254,1.36088040075076,-0.771002327662538,-0.758536697105942,-2.94309247477679,1.26646054026515,1.59357488244392,-0.982955795867217,0.14853809624892,0.0575904357836226,-0.129122341796093,0.0112548813896007,-0.0645618442366896,-0.473176687046167,-0.996346117830116,0.0276862481648889,-0.051775002114007,-0.412255154729267,0.113795017893838,0.211486389182759,0.0891829423419736,1.78,0.0
61449.0,-1.15004101874607,-0.0354441106570159,0.385529481912012,-1.67967224851996,-0.0659877192124678,-0.878148052136734,0.10399430747187,0.119932920206182,-1.02304590700649,0.641191298006498,0.481465974996476,-0.400725010072168,-0.696125282158645,-0.0413088605281238,-1.55620105227085,1.05054138422585,0.00812998630896909,-0.89461288195166,0.635946903750989,-0.1509519911466,0.228326859398739,0.915225131807341,0.139745291466504,0.0151229971004497,-0.180722828176474,-0.357495132578975,-0.0728724641584055,-0.12039886767396,15.0,0.0
64210.0,-0.953473975434716,-0.635005473803835,2.04886979644972,0.832030818213687,-1.0648144737193,2.18987936482963,0.27148086932652,0.528948724108458,-1.69458159381406,0.252387155881327,0.708091856487453,0.266168672605941,1.07244057204145,-0.0678179823056277,2.97139390292524,-3.01835914223987,1.50690569164271,-0.0749253987578715,-1.26874022222371,0.324177747124677,0.0932361101542042,0.440907222230419,0.793316992009128,-0.68729438488837,-0.587103996038393,-0.10468635344102,0.181307435639841,0.155430141412305,296.75,0.0
77957.0,1.2710756037012,0.306434028243543,0.0581421467500357,1.00071505665885,-0.0477665185831618,-0.667259487908859,0.189077832756339,-0.179201051974598,0.0752566316769735,0.0241501070145711,-0.937027456340712,-0.18695397202779,-0.280538146915053,0.432497461170633,1.00047726692405,0.223643398366345,-0.599711334590623,0.0702371291872103,-0.167634473744448,-0.139095978652931,-0.00871692486350033,-0.00567975139292038,-0.165788801090654,-0.150428975994239,0.744613492858853,-0.294446842403707,0.00954268853930564,0.0150902743602194,9.95,0.0
65385.0,-2.92382666427262,1.52483716405302,-3.01875803326242,3.28929147538496,-5.75554237361289,2.21827630310359,-0.509995431790455,-3.56944356866613,-1.01659168855188,-4.32053577559936,1.27720226474415,-3.70174966668488,-0.97186959353265,-4.85777667212588,0.0906055221312176,-2.80150199048762,-4.18680753704806,-1.64840609367465,1.1764455977519,-0.447039406719925,-0.511656805196235,-0.12272408639124,-4.28863899895194,0.563796657800838,-0.949451350280346,-0.204532177495445,1.51020648735902,-0.324706012560446,1354.25,1.0
47393.0,-0.735496489777896,0.0524125948464551,2.29416789422252,-1.17687322912789,-0.0755766031155554,0.419550691509897,-0.060072542564211,-0.0379041877230919,1.05199650514253,-1.05069570119957,-0.542625893240273,0.446684807955003,1.34274073253237,-0.602350179380546,2.90410488144639,-0.630006507071307,-0.299116194826579,0.710730757194846,1.27385732999293,0.296372716546037,0.284842123617847,1.15390558447998,-0.426637191480723,-0.698474689526233,0.334686356993417,-0.332456355946292,-0.116208225259825,-0.0866471795384886,37.92,0.0
76575.0,-5.62246941906299,3.48062317879011,-6.20067659397487,4.31123366835313,-5.22628632428769,-1.34176357284987,-5.22094094197327,2.68284353707778,-2.92148438224053,-6.56125741097377,3.21126387844398,-6.86166051434144,0.326461834627394,-7.7552536640417,0.50465219263742,-6.27661678567251,-10.6117146970978,-4.14677374512684,2.19728771323892,-0.156288522686099,0.949568986169808,-0.428985749759671,-0.35067550041691,0.197549503550848,0.15923422951036,-0.377790861014248,-0.213561786254573,0.459528918054306,219.8,1.0
64093.0,-6.13398694801985,2.94149944882418,-5.59398556768425,3.25884522291112,-5.31551221858167,-0.637327763117765,-4.47648804491816,1.69599358704814,-1.60674315131804,-5.11725920989043,3.97722223959189,-8.06609609331146,-0.760887591756867,-8.66077095912039,2.22023798968633,-6.23759654204862,-11.0463816554829,-4.15587936834903,1.76361087438004,-0.815086315781228,0.86833985051032,0.793736498280638,0.217346586657621,-0.0219850652442062,0.145881913923651,0.665087660642875,-1.68418604869422,0.31019546302906,294.9,1.0
39729.0,-0.964567282813312,-1.64354066791439,-0.187726849232163,1.15825311047012,-2.45833564593802,0.852221660377025,2.78516254594393,-0.30360853861401,0.94000553101046,-1.96530880945923,0.159743522312315,-0.490697387341298,-1.1819769933833,-1.95887596969497,1.15274328622613,-1.34126935794233,2.49832484974359,0.777831088916474,1.4060448737262,1.78444933498197,0.447180121733859,0.536203895046365,1.63406050110051,0.203838849073356,0.218748854725954,-0.221885828382479,-0.308554718022245,-0.164500017914328,776.83,1.0
14152.0,-4.71052878230567,8.63621438967976,-15.4962220036783,10.3133493732845,-4.35134098287048,-3.32268873543923,-10.7883728387388,5.06038112024979,-5.68931118776998,-11.7121866242875,11.1524905985837,-16.5581971409376,0.302644522406362,-17.4759212828566,-0.412393267331071,-10.222203169604,-13.7991476446987,-5.00858517858957,1.16202614780693,1.43423977941906,1.9905453513529,0.223785002572736,0.554408428563337,-1.20404159623154,-0.450684594730258,0.641836059375492,1.60595762479265,0.721643614506061,1.0,1.0
70825.0,1.19648217305971,-1.33516294735811,0.351754892537371,-2.59506829099756,-1.77078631262481,-1.07033532941543,-0.724006963206285,-0.0820830743029382,0.959487906830925,-0.648898362567572,1.27955881898564,1.14709208519215,-0.447369426571222,0.234367465591816,0.641035024591019,-2.43141799138807,0.226174705913517,1.94150988620357,0.615942170169223,-0.373234646607852,-0.247183371848746,-0.196573128350898,-0.101366017322605,0.520936989400621,0.513732447424432,-0.770304149212943,0.0858201159023567,0.0352017334801966,89.98,0.0
67703.0,1.26640071675166,0.276679993104754,0.312712666500732,0.504666479725328,-0.143410901659461,-0.673160907980105,0.155183165932598,-0.247539263117437,-0.108685965163126,-0.108270787064981,-0.451597230837189,0.859007200178047,1.63375966163435,-0.0315990253019019,0.935407542526855,0.392465664298152,-0.673843622255929,-0.527403715250363,0.0555865549114331,0.0330760057265588,-0.266699277579267,-0.743681285605305,0.0465271368357313,-0.0854943273309853,0.319832992349457,0.119723688016595,-0.0245980997657667,0.0192975155186192,17.25,0.0
119951.0,0.138774208497687,0.905686793645048,-2.09418170665554,0.130774795445946,3.50522699499464,3.30958946925591,0.629651658824645,0.652173017418097,-1.24842444947242,-0.338837191514634,0.365493076688954,-0.550953362988197,-0.315610795455006,-0.382351919949555,1.45374440663663,-1.43120573829158,1.81316993691721,0.187924861129933,2.54886217991248,0.375900465342105,0.14685259720659,0.526173311735973,-0.288015228651312,0.709036863724475,-0.0907121705996486,1.13760002019728,0.147682063927973,0.175930501241483,18.35,0.0
79540.0,-0.873061663574842,1.13908463912326,0.872846478817745,1.07415567866235,0.0881650650058006,-0.0379265294558621,0.629561715822736,0.527358098304526,-1.40265683842097,-0.286031049191603,1.27181308970847,0.45266389968803,-0.744235270396028,1.20557641754836,0.624081444092201,-0.44178325881126,0.265879549430339,-0.189303164613423,0.912299467107294,0.0257346210604404,-0.0983505185532352,-0.605672996380768,0.167155023394194,-0.0455293659754805,-0.253784358244824,-0.558697311579939,-0.0139815554645747,0.0388882043320419,64.5,0.0
35446.0,-0.298097782526999,0.728730616345706,1.55611547652372,1.47200493676487,-0.385253572073365,-0.0139399744929143,0.237548141039103,0.272531730107253,0.337726738516559,-0.0105512664475233,-0.814817491222838,-0.754448531125445,-2.23559284119737,0.259717935558597,0.25686046419636,-1.16105796577972,0.83740158599719,-0.399488739256913,0.53695051308372,-0.0229676560983093,0.0536516444994856,0.480423026501477,0.0289648376559141,0.375513718799221,-0.648513741713203,-0.268755092931171,0.486181921899021,0.255636954661029,15.0,0.0
38052.0,1.11474191571629,0.0618217691365281,1.53362537691216,1.45982799674362,-1.14787903700823,-0.486329060672476,-0.471939458508342,-0.00770095194498636,0.687982827654999,-0.235149145807121,-0.124609927025499,1.24630316318931,1.04427424244102,-0.54708078880325,0.0174530469100675,-0.129763259628562,-0.116925210618247,-0.372495490121447,-0.420202775454965,-0.0798111764137849,-0.0141890377718262,0.216001479937253,0.0472150736035856,0.945931918045972,0.380638583822093,-0.445427087600068,0.080366267469494,0.0460946273817463,9.99,0.0
35016.0,0.408263409727221,-1.20213156209108,-0.80365662831157,1.2849479807251,0.135640705857563,0.728010301083856,0.614293007307237,0.0656544758615259,-0.036381252501438,-0.0494416438961707,0.0803212500753278,0.215468399443489,-0.900761804328637,0.689978073652673,-0.216576845736459,-0.0317587968955955,-0.441561595575112,0.191808556955378,0.11085533309298,0.660488561219436,0.216043383831076,-0.229716818541525,-0.640434837304515,-1.13686818986611,0.702685167224842,-0.218460063394627,-0.0666725111129043,0.0608109031303607,431.5,0.0
91416.0,-1.33513122573497,1.18198062375821,0.210128714913021,-1.53599446836213,2.76379177837988,4.23439392453726,-0.443956536019921,-0.54319827566915,1.07842897909629,-0.966588271356812,0.750848022503333,-2.38327469579991,1.21624457800396,1.6512590842084,-0.519314683213997,-0.0591526371690763,0.456637564191947,-0.55326109774517,-0.161338518733699,-0.270607099400265,0.817482471932775,-2.3237991078216,0.00269946311512287,0.568453100366872,0.26723103224312,-0.0949613515790783,0.332523563441097,0.11356796487565,20.0,0.0
41237.0,-10.2817840384715,6.30238478416897,-13.271718028752,8.92511547634157,-9.97557831146449,-2.83251346361162,-12.7032526593299,6.70684583868978,-7.07842395823848,-12.8056831898117,6.78605830197451,-13.0642398936784,1.1795245105938,-13.694873039573,0.951479176238826,-10.9542857275047,-20.5835927904158,-7.51726213169106,2.87235363605874,-0.247647527731929,2.47941350799644,0.366932842343897,0.0428046480276363,0.478278891799746,0.157770817898023,0.329900959238367,0.163504340964582,-0.485552212695879,118.3,1.0
32686.0,0.287952771527529,1.72873464521162,-1.65217304572257,3.81354418795523,-1.09092715391318,-0.984744665624589,-2.20231792699069,0.555087932252191,-2.03389204830362,-2.73415555507211,2.36843367282003,-3.65680265130054,-0.169534683304731,-4.74441333023745,0.765192829294304,-2.47951355643698,-4.93111196829858,-2.54740252736051,-0.90268980289448,0.265250210286539,0.262201510185118,-0.633527564205563,0.0928910102678184,0.187612655556196,0.368708354409639,-0.132474029018571,0.57656075692479,0.309842705461879,0.0,1.0
79540.0,-0.114360703589856,1.03612940153875,1.98440526119199,3.12824327369048,-0.740343559582751,1.54861869623,-1.70128395465886,-2.20384174839674,-1.24226477538834,0.269561809170344,1.29341829662131,0.933215784460268,-0.135325960632637,0.521483689902165,0.386884188055331,0.0598689535627266,0.306339379229928,0.265051988857439,0.223718288348024,0.732852498432027,-1.03293465200213,1.19642831010463,-0.112856718234204,0.254718993156121,0.69666788609654,0.482370416673402,0.129969314476127,0.223924333790406,0.2,1.0
82646.0,-0.926613301159105,1.39745920378556,0.971015907038835,-0.14905942038942,0.0979875110263565,-0.182329732453017,0.471519736977051,0.369912095139431,-0.627021350802172,-0.125219771258957,1.82779986256194,1.25148499418333,0.955781971207549,-0.347219453211845,0.356813201882481,0.270188606371612,0.0375994877339541,-0.206882326549101,-0.197136768678162,0.237823013217245,-0.216373646824008,-0.398256876924096,0.0121192754796258,-0.0112189865746652,-0.185175176762841,0.0600098765766022,0.0954247721871142,-0.153539555963948,18.83,0.0
70914.0,-0.70408055691739,0.667358123769182,2.05064970409442,0.455208731544344,0.134980559726794,-0.142901169945944,0.24111012309138,0.251875569363612,-0.897347384432644,-0.183519675960675,1.63278898091491,0.169741897912554,-1.02639394113556,0.691647633964397,1.11340911680991,-0.299549378704202,0.170313533857281,-0.111364569427598,0.938903487744179,0.0859150383259666,-0.100301352662003,-0.435843999271706,-0.0508355823240916,0.195924795401611,-0.160637387076654,0.278502414274857,0.035940663249874,0.0668368587402569,2.28,0.0
76575.0,-5.62246941906299,3.48062317879011,-6.20067659397487,4.31123366835313,-5.22628632428769,-1.34176357284987,-5.22094094197327,2.68284353707778,-2.92148438224053,-6.56125741097377,3.21126387844398,-6.86166051434144,0.326461834627394,-7.7552536640417,0.50465219263742,-6.27661678567251,-10.6117146970978,-4.14677374512684,2.19728771323892,-0.156288522686099,0.949568986169808,-0.428985749759671,-0.35067550041691,0.197549503550848,0.15923422951036,-0.377790861014248,-0.213561786254573,0.459528918054306,219.8,1.0
37422.0,1.02308898740473,-1.12841387429652,0.534672305782981,-1.79082202944944,-1.6272465070756,-1.08044975889039,-0.529671228927436,-0.0688865462423586,2.62497137246588,-1.65505382851794,-0.511932572818623,0.394290247858074,-1.0493231913347,0.0887207685359588,1.79829071276223,-0.798090718616212,0.0588037032921439,0.573360588151395,0.974488459833272,0.105884936713769,0.215447395491836,0.59057775945296,-0.264097246702561,0.429602985686648,0.594098749824035,-0.651116402672998,0.0729713622940639,0.0527045879262753,138.61,0.0
91554.0,-5.10025566317088,3.63344238024837,-3.84391862443125,0.183208447320966,-1.18399737637674,1.6021393332506,-3.00595315203476,-8.64503780175356,1.28545810732477,-3.71748137540216,3.71921153916465,-5.03402974701745,0.918999158233287,-4.22036591807154,-1.05049995739584,-1.69104526842648,-2.37242320724166,0.450098503348706,0.407805060819919,-2.80630192287329,8.28043932580154,-2.79714954096118,1.09070659271567,-0.159259597476933,0.532156369375709,-0.497125808167425,0.943621624807946,0.553580691756943,261.22,1.0
47753.0,1.06182989280387,-1.6662122952053,-0.0444175243061502,-1.2186357776088,-1.49022711155287,-0.774075896887307,-0.441890649819953,-0.352098711855463,-2.02886541573913,1.30064182486175,-0.64252768542202,-0.606491723805037,1.23985066807516,-0.341482361208292,0.50181921525844,-0.326594949116742,0.377218288159679,-0.137895698959608,-0.0985313985263561,0.236405060602071,-0.214425389278683,-0.789987320410442,-0.163103090249629,0.0242269860182653,0.283084558944743,-0.34630774063151,-0.0190292187305375,0.0633260374109449,266.0,0.0
2940.0,-0.438914254349816,0.671404018469542,1.29489991078275,-1.9578909646382,0.0905224722768243,-1.34155190415719,1.10099353922552,-0.33320506616763,0.807928201802365,-1.19180901791231,0.339910595600989,0.434177485569628,-0.425684961710823,0.159117899624673,1.10711312456505,-1.02422790196356,-0.0929861397063067,-0.568483207234643,-0.65968492416564,-0.0250565550230306,0.121962190364248,0.759278083061699,-0.199556796535254,0.609513586959053,-0.0739557534112716,-0.84242620922144,0.255421657253463,-0.0119012377667125,1.0,0.0
37378.0,-2.41491067639733,-2.62637632534076,1.05339597792708,-0.496262514825907,-2.47426423010611,1.04929813683496,2.59061439583756,-0.0346324675187353,0.399305361083294,-2.03624809143226,0.935834916788678,1.01755289043373,0.688731317296003,-0.0591884628315856,0.85308475665132,-0.403850356537342,-0.312704899439902,1.51471294260055,1.56142511044287,2.22112641068592,0.803691726855626,0.810693874671076,1.7124783532686,-0.0510726868303354,0.871865622337849,-0.424523223539318,-0.177030452914626,0.151928457176395,887.0,0.0
47347.0,-4.51230835781469,1.11982645219505,0.0947876138958029,1.27965484238725,-1.60955339546397,0.913537750586237,-1.08492493412964,1.78534703087043,-0.491947039266671,0.2875732296718,1.32653659028548,1.46245657125925,0.697312617352301,1.02062886086022,1.60267950713832,0.246760318742491,0.588609563171163,0.0525760683467554,0.140995232747026,-0.768746213867818,0.180070884600158,0.466906416735874,-0.0481786288401679,-0.241914963446837,0.1105400184973,-0.280071071598142,-1.09921923416021,0.351838058194449,74.0,0.0
100501.0,-6.9852674861123,5.15109356872598,-4.59933777342036,4.53447860064768,0.849053978611719,-0.210701203278644,-4.42522968507474,-5.13452515572624,0.0693205728889109,-0.870997150804889,5.20081516878268,-7.80222778971281,0.0339124179895287,-7.56013197197136,-1.01465193469311,-1.50792960088674,-3.41027456780471,0.107544007359072,-1.37551765637273,-1.24699631854492,5.45367185347674,-2.05617714358307,-0.280333720590026,0.120771472511766,0.569357720918146,0.145971466001576,0.300193469284684,1.77936385243205,0.76,1.0
91075.0,-1.85506070184998,1.55496360697718,-1.40580882850107,0.669327345741316,-0.280229520106465,1.17865246733203,-3.45997906611492,-2.81515495312599,1.24222876512242,-4.15635447965382,2.20944075185923,-5.12231410931103,0.66129710617156,-3.10393771952109,-2.41086973192388,-2.42501563217886,-3.96062268909989,-0.125017788038036,0.60039728842723,0.536916458029193,-0.0953083066630984,0.94662891847112,-0.297402959067305,-0.368343891207103,0.198731156287359,-0.0785905919566464,0.366709355889324,0.0737667168278096,38.76,1.0
102676.0,-5.55212217135236,5.67813391258695,-9.77552798040134,8.41629539413803,-4.40984381923171,-1.50623535484733,-6.89983879692634,3.75044289681131,-3.8797925578861,-6.86416435989436,7.05106508958574,-10.1375291936462,2.81543981456255,-9.90916805374299,-0.262229551498562,-5.02255717747726,-8.52297487191683,-2.01293906157489,1.52573244095261,-0.0647801372282915,1.12847223060537,0.228484046768752,0.286257667302864,-0.536294098099933,-0.104924889157331,0.420919229293903,-0.297556884880609,-0.946184387308798,119.74,1.0
35506.0,1.07544943864763,0.131875444194637,0.41104492402792,1.22774347587613,0.123296350919976,0.617613277264906,-0.0855688406303584,0.248583950165718,-0.029424805039748,-0.0118579029351584,1.45755290541338,1.50616288348429,0.134882441938895,0.217974552938274,-0.581473089661026,-0.843112766105771,0.276961540834701,-0.986240771194358,-0.447318552109977,-0.185962933300492,-0.0165072892799461,0.204396932138133,-0.0496189874919918,-0.268623844514907,0.57008030428092,-0.301456105376924,0.0550706981991418,0.00336291737598415,9.54,0.0
110087.0,1.93494645561548,0.650677737498259,-0.286957048622899,3.98782809057201,0.316051835129206,-0.0994493763543019,-0.0214831582313935,-0.172327298889228,0.508730034701461,1.07295520625891,-0.427567391481657,-2.777649223895,1.63714014878874,1.5710801214626,-1.44536681818908,0.908649625166723,-0.122016068028642,-0.104109917156777,-1.6840216339214,-0.344452123814994,-0.173601631022283,-0.190973581696087,0.219975571293889,-0.216596550704603,-0.136691885594352,-0.129953649978571,-0.0500768352982461,-0.0510818960798855,1.0,1.0
91524.0,1.95485173775774,1.63005630331209,-4.33719968092597,2.37836729179698,2.11334786136033,-1.58385066673113,0.65374545254113,-0.192892012453504,1.21760825458778,-2.8290982053899,3.50456779253823,-3.9181998797616,-1.01579192974001,-4.7045087050312,-0.968553075532043,1.85477191713001,6.02439676670687,3.53125033477791,-1.1962847755939,-0.230640095367639,-0.474437304644058,-0.974624666273666,-0.0481545042172499,-0.0235242678879109,0.362192024107476,-0.570709266940076,0.0256187202949634,0.0818803891570235,1.0,1.0
67150.0,-1.82429505976067,0.403326526860602,-1.99412200641801,2.75655816357726,-3.13906432572579,0.408185014718199,-1.20904511871624,1.09563435393431,-1.44722489217345,-3.95100289197434,2.56070020158284,-3.4119829114195,-0.781669619949492,-4.7327675351632,-0.433973654922625,-3.30608841178359,-4.23102187544855,-0.750809770409941,2.69080834203374,1.50368830479002,0.838760421033887,0.341727095787049,0.947506491293615,-0.145493002452622,0.0493257725258454,0.831065451615044,0.33242130393302,0.252712728641008,489.71,1.0
25231.0,-16.5986647432584,10.5417508026636,-19.8189818085279,6.0172946473619,-13.0259010501237,-4.12877900260013,-14.1188648469369,11.1611439952369,-4.09955143059712,-9.22282550730978,6.32936467621872,-8.95219071159749,-0.138363691274054,-9.82505442102721,0.0572235922374037,-7.54168742379503,-14.2595985921417,-5.03505152375192,1.43226792970939,1.53491982113512,1.72585282658181,-1.15160577552799,-0.680051901875725,0.108175914514646,1.06687834149611,-0.233720431391328,1.70752055210726,0.51142316911239,99.99,1.0
30852.0,-2.83098405592803,0.885657038258755,1.19993009832405,2.86129223993172,0.321668777779154,0.289966026429405,1.7677604489638,-2.45104966190813,0.0697358066743391,3.24508640095346,0.675287853392807,-0.677096334427304,-0.222741128141729,-0.913786970583513,1.60333192308268,-1.0245020918608,0.0220452070437295,-0.940684674142594,0.484758940230455,-1.01692314354721,0.546589339675499,0.334970736976198,0.172105676221893,0.623590288019672,-0.527114316331261,-0.079214654387473,-2.53244529803097,0.311176714703215,104.81,1.0
114410.0,-5.49696000443497,3.4149751657192,-3.82759822285472,-0.618844452715279,-2.0392553556147,-1.34400871318653,-0.388468579804899,1.84145732082381,1.82361471151462,2.71257218057947,-1.07754718394411,0.66506327968789,-0.169599816567477,1.12448531219271,0.677835561971577,-0.00426404325972539,0.331250727627324,0.0676634989010297,-0.472818066479359,0.614644711881351,0.0238992099867622,0.895210634002673,-0.0873529066576576,1.17274386219098,-0.105648577619044,-0.230130558339028,1.05224181321428,1.273495438044,99.99,0.0
41582.0,-1.04800528916284,1.30021877705413,-0.180400575706546,2.58984264330545,-1.1647935523262,0.0318234062644092,-2.17577809872951,0.699071737631603,-1.14020827768059,-3.22678710680364,3.49080495043995,-2.45433920979968,0.177189485247745,-5.16060809721957,-0.686114234287445,-3.99614471325468,-4.69556272249452,-1.81916096350279,1.46108031890323,0.644993308471186,0.549014458224783,0.624321410729297,-0.136662719519743,0.131737918713915,0.0309213718346795,-0.176701082429858,0.504897671691263,0.0698824528615783,39.45,1.0
7535.0,0.0267792264491516,4.13246389713003,-6.56059996809658,6.34855667313983,1.32966566904142,-2.51347884762413,-1.68910220031328,0.303252800547589,-3.13940905736457,-6.04546779778801,6.75462544809695,-8.94817857893317,0.702724998099873,-10.7338541032306,-1.37951985681718,-1.63896011485587,-1.74635013628103,0.776744097926754,-1.32735663549015,0.587743219006407,0.370508651493253,-0.57675247317433,-0.669605371766238,-0.759907529538618,1.60505555017462,0.540675396428899,0.737040381683977,0.496699108168337,1.0,1.0
32296.0,-2.37058676916701,-1.73002595562955,0.675523950352372,-1.81302285115958,0.124224300407929,0.619938971054152,-0.438223423052655,0.896966520510876,-1.29254836499308,-0.2097886606628,-0.441596052412466,-1.05732661134326,-0.465058977914587,0.208465528935674,0.239607816085288,2.12591147099692,-0.468681262079279,-0.0472597668146452,0.299777092503674,1.03130987182756,0.564916024235779,0.512798541088502,0.0611827726662854,-1.73462657198897,0.731582106009367,-0.0678494999770364,0.103238502740022,-0.165895465173217,256.6,0.0
32686.0,0.287952771527529,1.72873464521162,-1.65217304572257,3.81354418795523,-1.09092715391318,-0.984744665624589,-2.20231792699069,0.555087932252191,-2.03389204830362,-2.73415555507211,2.36843367282003,-3.65680265130054,-0.169534683304731,-4.74441333023745,0.765192829294304,-2.47951355643698,-4.93111196829858,-2.54740252736051,-0.90268980289448,0.265250210286539,0.262201510185118,-0.633527564205563,0.0928910102678184,0.187612655556196,0.368708354409639,-0.132474029018571,0.57656075692479,0.309842705461879,0.0,1.0
7136.0,-0.796770939775408,0.986806894997757,1.63660739366674,-0.851232799683419,-0.00146005913845722,-0.733899087244851,0.604976328100346,-0.255399991495885,1.61423622186132,-1.03807742528709,0.231678304117869,-1.53097753981953,2.87270828765369,0.672914341119657,-1.94939482994217,-0.291670752145664,0.505133216458944,-0.561531682391485,-0.477415944369146,0.00410300288239885,-0.152655559869144,0.0767365783968516,-0.188768577547376,0.459851577499942,-0.165326672424353,0.829605799266989,-0.00738070365653968,0.179272521544633,5.0,0.0
51838.0,-1.84478819575169,0.0962871163662207,1.52829423304855,1.39832809689139,0.711128225116714,0.47959462576574,1.23393827536054,0.148007576335554,-1.50060973041518,0.0951299636426394,0.749367904216212,-0.189899266036336,-0.724672363126173,0.433803122378819,-0.380665718038043,0.875111059618606,-0.940124218858836,0.21352486160664,-1.49559723357805,-0.198918367912482,0.201898759771994,0.523105874623878,0.22086708848069,-0.320279139430982,0.733543448011164,0.10369560868111,-0.0164317930861059,0.0138003406935802,187.91,0.0
41313.0,-13.8972058704019,6.34428045616839,-14.2816664432471,5.58100899740718,-12.8871331616131,-3.1461763671985,-15.450467216827,9.06028147442157,-5.48612077680694,-14.6764702497464,5.1483517210937,-10.7495919949504,1.58548896754337,-9.79801207658904,0.733276999106463,-12.675268899047,-20.7406637223494,-8.15366802624724,5.2283417900513,-1.02522792390103,3.05808183846397,0.941180290424241,-0.232710298333368,0.763508019302571,0.0754562386388435,-0.453839571774416,-1.50896825698328,-0.686835738780169,9.99,1.0
41308.0,-13.6807603221285,6.99038924197379,-13.7700011356219,8.694896899191,-11.4269679730732,-2.91984498997907,-14.5945615876748,8.62290473620712,-8.09069700355941,-12.7806339362021,5.3306013514672,-11.898065148453,1.59599290197592,-9.56016927087188,0.596403762858148,-11.3809956026059,-21.5368016259059,-8.48535580519493,3.51761050964655,-0.877391609905133,2.98955250855903,0.497598716647637,-0.509290299460639,0.732503456665873,0.280527953637944,0.280037142108891,-1.40668683562971,-0.663643363595055,0.76,1.0
117659.0,2.00736287673812,-0.00492255197850132,-1.81955218828319,1.14181972898845,0.67252285715181,-0.477653785148179,0.465920332539163,-0.257543632669193,0.431511724750224,0.254599454762765,-1.92713866970024,-0.392803171695764,-0.715524458740975,0.590993541855194,0.00930912842011725,-0.100468362066508,-0.614710691489712,-0.210765523874313,0.106226805579075,-0.21964391132285,-0.135027687983717,-0.348148148043333,-0.0136554928743234,-1.11165700768807,0.289040404312427,-0.629028820024864,-0.0164378649888598,-0.0575820539796892,49.65,0.0
11092.0,0.378274504006009,3.91479678866992,-5.72687201536627,6.09414095882864,1.69887526405022,-2.8073139468834,-0.591118212837213,-0.123495593086659,-2.53071281390832,-5.15309460989926,4.65408842254301,-7.83953899762349,1.37181858033581,-9.63468971263612,-0.739596855842826,-0.663203945673478,0.891934540534899,0.978675639075006,-2.00547660274646,0.440439440893876,0.149895683076911,-0.601967245529085,-0.613724335539499,-0.403113687819411,1.568445255978,0.52188393400233,0.527937749881352,0.411910405834512,1.0,1.0
26585.0,-19.8563223334433,12.0958932259299,-22.4640827464876,6.11554110191771,-15.1480215209615,-4.34672408349599,-15.6485074722661,13.2768048056341,-3.97416161954102,-8.85919405880884,5.73081553744459,-8.08803351213651,0.230824969324902,-8.57897327333454,9.46636693186079E-4,-6.94774606726094,-13.4728970076501,-4.94021082886802,1.23014255193802,1.58292955492187,1.75072984045421,-1.40963570908141,-0.809809278333882,0.121396659905885,1.35030007077468,-0.224291873525585,1.59762136835254,0.476919818025438,99.99,1.0
27059.0,1.15545643867171,0.213367727252576,0.370099770470458,0.581656579983409,-0.284243177610686,-0.409867399250675,-0.134074071028013,0.106073308275308,-0.145727699414785,-0.139008220922812,1.92367177919362,0.727728583940553,-0.568536151903344,0.0798324471381285,0.702385142357131,0.35401667895348,0.133513686556221,-0.238649934797107,-0.33932336530053,-0.149928552837292,-0.202460155756932,-0.619287920549934,0.179364303944638,0.166067895971048,0.0639323662260642,0.096259739131931,-0.0144207073529959,0.0178868215984448,1.79,0.0
95585.0,-9.36499985541967,5.43082689558111,-2.92641767276941,-1.52043371655534,-0.881050198892628,-0.406850913236151,0.460429714201603,0.34337418476924,7.79503036013923,8.7595816491327,0.208915165459828,-1.46239067560425,2.35075504279641,-1.51658691768886,-2.09468921563183,-1.40260858257845,0.557996809514069,-1.39767041747846,-0.363279537620112,2.48099347841806,-1.89973461585457,-1.16075673424456,0.594245895273365,0.49483469915091,1.5959329870219,0.0102394350644082,1.1366620150256,1.5962410597836,0.01,0.0
67389.0,1.08708115813843,-0.0822892887318094,0.559366074691514,0.518452355889633,-0.702120015639926,-0.791058995981605,-0.0437331567001539,-0.0185306433587037,-0.056864156159548,0.0802958376271105,1.51453201394546,0.588615477388488,-0.852461660907349,0.663140955461799,0.446198423775145,0.529856542501996,-0.523774235896382,-0.0826743686380411,0.162084089335051,-0.0275989392968426,-0.26301567433427,-1.00502763309389,0.176499374526077,0.507073512709458,-0.00945050511891479,0.0688207193615072,-0.0577036446322369,0.0198798243203105,62.28,0.0
45072.0,1.01290512834314,-0.957948613433672,0.245275599537042,-1.11746259193303,-1.27514763744625,-0.904715426955176,-0.282505103704279,0.026979217511885,1.78110994507678,-1.02819170490836,0.991922549411017,0.570455998987215,-2.24670466373502,0.50654468788476,-0.166745951905925,-0.837640829648075,0.277185290271178,0.293508734388252,1.31315025442448,0.00361795507346002,0.0209280330316441,0.00645530526927388,-0.182831855763876,0.574563298334737,0.515543193124265,0.0220291210516847,-0.0205944350557393,0.0184479138355967,120.57,0.0
62341.0,-5.26775974325256,2.50671895922695,-5.29092481764433,4.8861341982102,-3.34318841087649,-1.10008548506579,-5.81050918581537,1.72634335514407,-0.749277159995058,-4.83482799462627,3.54601225001006,-7.75128547808951,-1.19569394502348,-10.0185024459282,0.29639612212368,-7.47716172698803,-9.78580026201852,-4.24397714797126,2.68112678165858,-0.286043269744833,0.764265624858483,0.473261684078133,0.54848172305712,-0.15685005182413,-0.71018694460215,-0.366422677340972,-1.48676592030738,0.677664104601632,1.1,1.0
10967.0,-0.249550788074278,0.636656672362521,1.81077779337681,-0.46801215644476,-0.200758522021515,-0.189728202213231,0.11243489350429,0.0447729070914463,0.935444614574774,-0.784378625319321,1.89771489721296,-2.08051833431553,1.72120618599273,1.52986360824206,-0.312589838287488,0.689009730998021,-0.0647911365998775,0.920466765336021,0.150972377420736,-0.00574475181682842,0.0347291397317793,0.294468818611389,-0.180966915705344,0.0246431927981584,-0.207907402433689,0.994212014591916,-0.0691733350667701,-0.0033149737412137,14.95,0.0
27784.0,0.288028928428076,0.965681439446855,-1.45949519977085,1.92186300234526,-1.91241402974899,-1.13028190025527,-2.81426265960526,0.648663224885543,-0.695262639845074,-3.46568908576121,2.35161910622909,-3.82670531942496,-0.767569849115369,-4.8528669146236,1.66486300420352,-2.61736133003734,-4.83555830647772,-1.92175160139324,-0.385884175181753,0.330916894188196,0.603127128021142,0.380690182113136,-0.0641251755885565,0.271380100640141,0.33721953478356,0.626155869423677,0.565124825956713,0.305925255390835,23.36,1.0
37167.0,-7.92389070083426,-5.19836019923329,-3.00002392240282,4.42066620155728,2.27219396451756,-3.39448342909715,-5.28343533467969,0.131618922476372,0.658176428693037,-0.794993881662565,3.26606601582438,-2.71918495125522,-0.124103963275087,-5.274865818881,0.638575002552638,-2.99583037811248,-4.69843344927136,-1.71187122467509,3.02526099185501,-2.16981089222224,-0.734307916555449,-0.59992625988411,-4.90830117586834,0.410170234644792,-1.16766024989313,0.520507647303451,1.93742140287106,-1.55259283870249,12.31,1.0
66103.0,1.19614228656473,0.240169744873354,0.630514967211524,0.643610389967808,-0.419281346423784,-0.701367349468152,0.0148584334972264,-0.10858599287163,-0.0366251462663017,-0.120687913542214,0.36023117610535,0.757755846600502,0.605515969350981,0.213869978578475,1.21944182937213,-0.102286453198538,-0.0469213511195528,-1.14312589531776,-0.602604363203647,-0.113892258849532,-0.204659957093137,-0.539283775184498,0.202755987754313,0.404986068912868,0.113806182915345,0.102905776592669,-0.00957159297513614,0.0195524894896484,0.89,0.0
36604.0,-0.162585954462473,-3.90508992702206,-0.405272286035915,-0.912426586544622,-2.24443061641511,0.361354720792383,-0.252160566856045,-0.177660097699683,-1.91702775955898,1.17251384693592,0.51399699819475,-0.174926971104777,1.34095521066965,-0.311934670044897,0.235692819493999,0.383972522665151,-0.183891010321234,1.26246645754074,-0.153037317927323,1.51598348807147,0.523576531804823,-0.031545363429493,-0.916106270978667,-0.436428634095643,0.150878590352669,-0.1069683975874,-0.10909026036569,0.160732705310912,877.99,0.0
77946.0,1.22213175116431,-0.512920174477098,0.997531494797567,-0.625260785958111,-1.58229284433966,-1.06862242677293,-0.727698895083963,0.0815907738779337,2.16081172721989,-1.0101389108778,-0.554175925124176,-0.421903610037846,-2.48739684696323,0.346281919868801,1.51045088965198,-0.425533230378905,0.110217975661626,0.374450159242154,0.449228662559128,-0.289395798207183,-0.0183740611000447,0.0786773923787139,0.0333158652147742,0.670235088632741,0.375836482519623,-0.698789246356643,0.0784566028212831,0.03347051789912,1.0,0.0
73354.0,1.29080066341616,-0.936106380965835,1.00661132619111,-0.829788063870867,-1.40467561992737,0.308058044723964,-1.35457641648188,0.228665359657174,-0.422520736505072,0.780295231033597,0.374607009634532,0.259103039297921,0.625784531966015,-0.254571486121042,0.865203219994702,-0.178276186325302,-0.90810423328097,2.39029967629321,-0.584789347013624,-0.34797597472342,-0.14895554541253,-0.00906193979195639,-0.0632255112071614,-0.456441072083341,0.0291174434685464,1.14534017004626,-0.0119290339414832,0.0138137617720838,36.92,0.0
31386.0,0.789550036125423,-0.433358828010068,0.0280571715248271,1.41132407255335,-0.354234035755535,-0.156237325027709,0.259940087987582,0.0892457502489134,0.019418210001602,0.0871162415169909,1.16558241045792,0.232389981131947,-1.98195056381444,0.874560940724144,-0.259546942805746,-0.425958976771123,0.0941908268490418,-0.207282388856943,-0.320758764608856,0.0615475366195139,0.146858977359068,0.0867941470581368,-0.242722204857423,0.214296534947002,0.584118078743298,-0.274969686230066,-0.0234190217510127,0.0300259626859206,184.0,0.0
35654.0,1.21179090768514,0.128179461153294,0.275335416774196,0.600414073966969,-0.528666689984652,-0.804484582453044,-0.180616418633864,0.0810749765503893,0.139808548400196,-0.0426543308416015,1.21700688665568,-0.365680665934148,-2.2808704318349,0.391048585440287,0.659489155118493,0.789374304265705,-0.118563362164973,0.494289984713538,0.108486204982638,-0.224795872389682,-0.26393369932361,-0.91635519237472,0.145650963735707,0.222868971582638,0.104374863393344,0.0852379605269673,-0.0427323852733897,0.0154155324974348,1.79,0.0
118532.0,-5.96145725181683,5.31338185985134,-6.67432045600546,6.02897499089959,-1.38755992793501,0.670638451870295,-4.12898748860167,-4.76589378950457,-1.00525917075425,0.453505060416619,4.43173633655471,-5.14273660303602,-1.18169206554319,-8.7554491326517,1.00435568809085,-2.06502561211988,-3.26143516010375,0.12522332026716,0.936966154656013,-1.11658092121725,5.55664239133643,-1.50180765840879,1.35517244397724,0.141093214148711,0.0779134112043686,0.473988340387306,0.28712879038893,1.46865341855998,105.89,1.0
62476.0,-0.689158441177604,0.934290270915269,1.48352195634246,-0.883111005808298,-0.132439209466034,-1.65617678968576,1.04616359392611,-0.14675652457714,-0.372396923852707,-0.592342346016928,-0.132115353466629,-0.56989715380353,-1.55034421004497,0.5567020464968,0.359790928459369,0.144731429990206,-0.156047565028165,-0.919948895065524,-0.415254994145317,-0.030643091408529,-0.383624796727631,-1.20062167450656,0.106666081276204,0.886636655384992,-0.328295199431008,0.468359183630783,0.200605467999346,0.154094206506017,9.95,0.0
101051.0,-1.46531575579616,-1.09337687781209,-0.0597678482279439,1.06478463530602,11.0950886001596,-5.43097128323669,-9.37802517086658,-0.446456139679101,1.99210961400888,1.78592177154007,1.36858453419511,-1.47169658834377,-0.72475884619705,3.44242199594215,-0.957403224855046,-1.62612941891216,1.41821495932655,-1.41791682839858,-1.65176618071699,-1.4576102135585,1.16062328833533,-1.2596968082996,-15.9816491909559,-0.883669935248733,-3.53671623161143,-0.59296488849027,0.675524833181225,0.424849351792902,0.92,1.0
57163.0,-10.3630494651588,4.54367201286394,-9.79589773551539,5.50800333404763,-6.03715599427489,-0.133492972364907,-11.7243461176622,-3.19834557193323,-4.76784222430147,-9.33212806886128,5.2241240042156,-7.74312234505579,-1.56034320038539,-7.14041803349475,1.18597782557697,-6.59870406570123,-12.1205390025684,-3.90409153348034,2.51343040062446,0.924396179705582,-2.45714487251707,1.68725664165106,0.977178353536712,-0.543368976583511,-0.289124786926125,-0.107586425389056,0.330641897772597,0.163577149556086,1.0,1.0
35953.0,-1.09505149082056,-0.389532084824514,1.44052675860717,-0.459400022622974,-0.954023248012304,-0.233430849092022,-0.110326289347195,0.592145795564125,0.499219935608544,-1.40103599714852,-0.479658451964878,1.30432410267231,0.991040845707571,-0.550757445698015,-0.910282283792123,-0.166814374868204,0.335327902891522,-1.16961383390564,-0.780469727975523,0.200515272562513,0.0712090035552195,-0.0573401678082394,0.46653863936248,0.469916034036683,-0.425898392102232,0.732541448024736,-0.190738116082976,-0.15724913355347,144.49,0.0
30745.0,-0.303617407691203,1.08600876676982,0.925657808011695,-0.128202495129555,0.407872084238253,-0.47311222762457,0.760147852734689,-0.0348277093918315,-0.370841108719784,-0.529120402045819,-0.931526105915454,-0.265078161059986,0.446223777254029,-0.513913879013167,0.936407245877379,0.622039343878256,-0.308062738392287,0.118935949203765,0.220306164402307,0.183740970332449,-0.308503918460518,-0.829886878103652,-0.0867449195209843,-0.5036640263796,-0.036653649065595,0.12285712639867,0.240711935563262,0.0911628842900613,17.99,0.0
21046.0,-16.9174682656955,9.66990017304097,-23.7364434105216,11.8249902296814,-9.83054822917941,-2.51482887310345,-17.2906566748216,1.8204078670595,-6.26490348784789,-12.9166361091709,9.56711029521397,-13.7170673789468,0.899540705915631,-13.2729650621928,-0.402260044266312,-7.75409405936683,-11.6446032058862,-4.74130270962407,0.58462597267458,0.996745095162688,-2.33611095619483,0.972754726208974,1.24186581168063,-1.05108624820763,0.0380090796054737,0.672317065099677,2.10847085205046,-1.42124325273233,1.0,1.0
38977.0,0.876543240514341,-1.47641661954026,0.358814487833847,-0.565899124190909,-1.16228333922125,0.32825757673958,-0.703421825746241,0.156178267738415,-0.593964980959957,0.554641232186492,1.07728330413616,0.0973217961092002,-0.0923949312111238,-0.204286617264417,-0.23567546831587,0.990882469186212,0.359391162437281,-1.12535628863999,0.621001330077829,0.504075612756579,0.359146458920089,0.555961718200653,-0.293917381888277,-0.252525704364659,0.357680214531889,-0.132652401093727,-0.00508345383864379,0.0414937896912432,239.16,0.0
87883.0,-1.36029263351035,-0.45806896998712,-0.700403917726715,2.73722917151503,-1.00510597388675,2.89139936351597,5.80253735302589,-1.93319735249124,-1.01771714252211,1.987861862693,0.504116141204789,-0.863430853145281,-0.184450076491427,-1.01691553500414,-1.55941019827384,1.15431268558106,-2.04385766822656,-0.151698807119589,-0.94351353548825,-1.49340137472525,-0.936989532415364,-0.0538115862306455,0.580105893889531,0.216927302487974,0.151642929701357,-0.33211456915886,-0.469800301881959,-1.495005896766,829.41,1.0
71901.0,-0.737475036676183,1.20151099060415,1.42384883722207,0.401266283823037,-0.453381393124248,-0.801953187891126,0.296205782588908,0.340861908812152,-0.78609232725197,-0.602096438880214,-0.573183661485088,-0.188629946787604,-0.284272022735321,0.636808134722744,1.24063773858045,0.0766892050528948,0.0626097060117398,-0.160041285306571,0.735863677444395,-0.056118448363229,-0.130594243543495,-0.579305557865324,0.00600282050396467,0.367342098168636,-0.254521365729433,0.177329816087586,-0.0622723185817627,0.0415579930276831,10.99,0.0
93742.0,-3.29112509261551,4.4011941515981,-8.39421162258901,4.45357956949695,-4.79005451824953,-4.24018208232724,-9.21900099642753,1.97402995723142,-2.91294270907847,-13.540168238225,9.41303953977606,-18.0475965708216,-0.728186553999085,-15.3930448312636,0.3494850489774,-13.30388757707,-21.2979057823155,-7.26231079476482,2.27422550991903,1.4908691418867,2.10234346771868,0.597370314627801,-0.328086184026121,0.445752402449364,0.585280580866405,-0.399005421878678,2.11600444233121,1.05074380386505,1.0,1.0
33958.0,0.606496242154582,-1.26653183706069,0.789539901310563,0.974965045806813,-1.5533635874655,-0.342354382466511,-0.349944286849565,0.0642055689586675,1.07467171275806,-0.278705533147971,-0.941062739032919,-0.647648144528866,-1.66152676674704,0.120088357351714,0.891031805835815,0.460932571788032,-0.208189165686282,0.299712967385574,-0.311234484309449,0.418729975563983,0.256799859619205,0.116684318847348,-0.300995153415377,0.420077284618499,0.154998781822244,0.546219545093244,-0.0646673348866177,0.0730422025364941,314.0,0.0
76472.0,1.16269547844234,1.26849443740187,-1.57546380181398,1.47225688690535,1.16306031310726,-1.01385623716204,0.656938544018892,-0.152390210383676,-0.847219929902207,-1.45207939289923,2.89391020674919,0.774112143747603,0.663345349869053,-3.33392439977269,0.523184586973034,0.897692585163426,2.68258595613899,1.26912974795348,-0.911974301937897,6.32761853440801E-4,-0.12090984327097,-0.204521843572146,-0.20239583547694,-0.28221771084845,0.785608594536835,-0.28486200442635,0.0585691774858911,0.0852791751287533,0.89,0.0
7610.0,0.725645739819857,2.30089443776603,-5.32997618300917,4.007682804682,-1.73041059025206,-1.73219256822244,-3.96859261813707,1.06372815344105,-0.486096552344833,-4.62498495406596,5.5887239146762,-7.14824263637845,1.68045074096412,-6.21025774661028,0.495282117814298,-3.5995402092184,-4.83032424210571,-0.649090120211694,2.2501232487881,0.504646226103286,0.589669127323198,0.109541319229913,0.601045276521079,-0.364700278220039,-1.84307769215194,0.351909298434892,0.594549978086464,0.0993722360416487,1.0,1.0
46058.0,-3.50744614807942,2.88491791570712,0.0810953381521924,-1.8434917176931,-1.15087585560706,-0.652346784479147,-0.346901553153411,1.18879169205749,1.25173483785187,1.92831048079417,1.50199461564133,1.01286310254119,-0.333972398555776,0.148633804272852,0.149617583091966,0.463198093581865,-0.333684587572679,-0.413435547642088,-1.11103722407207,0.970094131510022,-0.231694053686954,-0.125063876748143,0.168176339851181,0.209088575536296,-0.00161029456885453,0.710620888916365,0.507312622504032,0.0733644864956389,1.46,0.0
40441.0,0.954599310891995,-0.0649242306852111,0.405458105881802,1.18932217539342,-0.348816471136748,-0.22116626831468,0.0526272860459401,0.11558878760928,-0.191118293855228,0.161947318884065,1.57261534761039,0.492427219721523,-1.1885793213425,0.848109740307247,0.614574367436932,0.107287410783271,-0.3034132933438,-0.201294422886469,-0.511411703813463,-0.0550828211361052,-0.0449421736606488,-0.394351518019812,0.0318086088299786,0.171324684989328,0.250998793974145,-0.553813204576427,0.00609343094386046,0.0287216095142523,95.0,0.0
65936.0,-3.5934760029271,0.78144226309285,-1.82244751422669,0.605760683474701,-1.19465586719981,-0.517194856719497,-1.72252312325165,0.128889523769538,0.0149633080909052,-2.85611682977408,1.61826162043188,-3.58137450130299,0.623706919914784,-6.16045662030601,0.494733399107095,-2.54310504010287,-5.30127339068683,-2.19271270602319,-0.09472379272847,-0.478219313417121,0.351792125839819,0.391248950287018,-0.252874890557857,-0.498042480147132,0.0101721931231225,0.909928721553306,-1.47876724603751,0.722673039450917,101.5,1.0
118993.0,2.13612144721049,-0.71241330533435,-1.07257470377096,-0.525984963896377,-0.978521028784569,-1.1359106693714,-0.929196370327787,-0.131874342764229,0.18246120566137,0.105571327122186,-0.48335945740407,-1.17411772460548,-0.596431066731934,-1.95353892705801,0.415889856492584,1.70364990935942,1.41518337680372,-0.353728905037973,0.211507504333426,-0.0164185496537874,0.23017959506855,0.719861700255013,0.110328629494374,-0.0981362395603454,-0.174570347115905,-0.0864782120250239,0.02374282894705,-0.0128681230575771,19.95,0.0
79731.0,-1.20417773100458,0.913150563648047,1.19380355813333,0.267928183042359,0.158539118221851,-0.435999602237462,0.355764228834654,0.0192469586358954,-0.306281260379304,0.268717802119109,1.12148009496809,-0.221670526161418,-1.07858555107725,-0.124482013777329,0.865130268504189,0.455887445065115,-0.0534954539564913,0.657205016809721,1.05499604921263,0.0253834956448309,-0.249216365819298,-0.83619639692811,-0.0888982193043287,-0.0753763478510439,0.12618816998282,0.207378150762706,-0.385932475026242,0.209717731762475,17.99,0.0
61803.0,-0.483570900994601,0.00768007717262437,1.32393615340719,-0.511077405122001,-0.858200866224491,0.118307234798076,-0.267482637874122,-0.0057480579309112,-0.998201192585003,1.08427812923347,0.490835531177458,0.259159024851872,0.19359106944723,-0.359504137100712,-0.405723574239407,-2.30844542025457,0.659268695222345,1.50883482885445,1.96016921800734,-0.24171085975074,-0.380719862958932,-0.200444276709954,-0.0309252516893,0.08628519578151,-0.754460519047251,1.55020055739331,-0.596614498929564,-0.386631461518676,20.78,0.0
68207.0,-13.1926709562391,12.785970638298,-9.90665002092758,3.32033688288942,-4.80117593230105,5.76005855618556,-18.7508891580107,-37.3534426378925,-0.391539743919107,-5.05250236713858,4.40680552357904,-4.61075647740608,-1.90948796970811,-9.07271093398351,-0.226074450896345,-6.21155748212485,-6.24814535335983,-3.14924669470095,0.0515761185277783,-3.49304991519446,27.2028391573154,-8.88701714094871,5.30360690376998,-0.639434802306313,0.263203123457008,-0.108876929971315,1.26956635541013,0.939407362758877,1.0,1.0
70071.0,-0.440095203221886,1.13723897606434,-3.22707975693117,3.24229293383089,-2.03399815309639,-1.61841464754635,-3.02801259904704,0.764554819893569,-1.8019372093973,-4.7117686842189,4.66325458481107,-5.17173460782892,-1.62407024790733,-6.71387819491558,0.607986267670607,-3.27520749888835,-6.8238312134789,-1.35530868624906,0.291250739005026,0.895840844006848,0.764186724577691,-0.275577693085964,-0.343571526478397,0.233084829252444,0.606433640125543,-0.315433462199896,0.768290751269875,0.459623327730251,227.3,1.0
110547.0,-1.53281036094493,2.23275183861699,-5.92310007493809,3.38670841159996,-0.15344334000728,-1.41974768064009,-3.8785763388613,1.44465586239817,-1.46554214173397,-5.20833459337633,4.54630106888309,-7.76119403219115,1.15954032168956,-5.23161145654992,-0.171642119460071,-4.71982949844975,-4.84799196061678,-1.13432874514983,3.52773827223549,0.520839865969216,0.632504705856676,-0.070837950713368,-0.490291315112446,-0.359983126080465,0.0506775325943162,1.09567132878655,0.471741401676933,-0.106667140739625,0.76,1.0
26585.0,-19.8563223334433,12.0958932259299,-22.4640827464876,6.11554110191771,-15.1480215209615,-4.34672408349599,-15.6485074722661,13.2768048056341,-3.97416161954102,-8.85919405880884,5.73081553744459,-8.08803351213651,0.230824969324902,-8.57897327333454,9.46636693186079E-4,-6.94774606726094,-13.4728970076501,-4.94021082886802,1.23014255193802,1.58292955492187,1.75072984045421,-1.40963570908141,-0.809809278333882,0.121396659905885,1.35030007077468,-0.224291873525585,1.59762136835254,0.476919818025438,99.99,1.0
7740.0,1.02387386852139,2.00148526626613,-4.76975183220974,3.81919458538265,-1.2717542273697,-1.7346624268403,-3.05924503160896,0.889804791975203,0.415382113237262,-3.95581234352737,3.57205481558784,-7.18645159050588,0.147242340802109,-5.24930454889762,1.67833367358535,-2.64147310915178,-1.31205856007348,-0.391716050952505,1.11826355175812,0.204137684042271,0.343282648722251,-0.0541956644068491,0.709653952497143,-0.372215866946976,-2.03206836614816,0.366777602071192,0.395170669257609,0.0202055389458413,1.0,1.0
77414.0,-1.03507880525338,1.31013636032514,1.23430217425653,-0.124960936905479,0.131870997831254,-0.768711089765905,0.738596242157382,0.322323505928338,-1.47655331948016,-0.695799940887901,1.29815344081216,1.10099954567964,0.556693341408097,0.773739474646989,-0.18485895304356,0.194241383632228,-0.32252869665777,-0.212428315404109,0.606080681970427,-0.0159382294762415,-0.224549377320132,-0.931379533544954,-0.0829448953394866,0.322148067783937,0.214830419371204,0.0296516912216216,-0.142374165695973,-0.0242554276830114,17.24,0.0
32047.0,0.829332477892179,-1.24742216009948,0.901533325751819,0.699809533826692,-1.46683845037126,0.342349682380503,-0.7894172846895,0.196726186803814,-0.543976579391775,0.802992625007413,0.403392549654219,0.332655681863754,-0.22900790630298,-0.0345566340319868,-0.163230516889308,-0.854787142887773,-0.48412882314419,2.10260902131137,-0.815865719589301,-0.108540483962464,-0.230402444515444,-0.616042241042623,-0.151003331815029,-0.0424462931626812,0.182966194612723,-0.415123237275672,0.0425528927892689,0.0668544445215751,227.0,0.0
94364.0,-15.1920640113629,10.4325276778611,-19.6295152518171,8.04607504591293,-12.8381666152727,-1.87585874614533,-21.3597382791388,-3.71784952676935,-5.96978174909567,-17.1415136412892,5.90239975502551,-13.5801472568557,-0.45140689941267,-8.33476258691073,-2.02514468652193,-10.1963336944105,-17.2709851692259,-7.07909577930568,1.51769533116994,1.65747618417276,-3.47409650326971,1.76544551266317,1.70125678162665,0.381586805077026,-1.41341748729956,-1.0230778939005,-2.63476129227348,-0.463930546269812,1.0,1.0
33530.0,1.47712321333788,-0.657280789173195,-1.12145935775401,-1.85117392604607,1.48542600780688,3.16331056785978,-1.05921249044003,0.771212471707235,-0.972861540650723,0.683337814965444,0.0554773292029767,-0.689541024262471,0.205770423840679,0.0107234982110357,0.957719422924953,1.49555976314755,-0.267243456025209,-1.13463986527129,0.975458682470017,0.187868872252432,-0.101761967186613,-0.545288787825073,0.0570212897438885,0.989455337007502,0.475776477610077,-0.403364875598067,0.00847381543594432,0.0123614930815178,4.95,0.0
85867.0,-3.58696386180132,2.60912703784891,-5.56857720803735,3.63194695349796,-4.54358971050144,-0.15789907530677,-4.08912766842153,2.41730514407718,-3.23990097529344,-5.822449155685,3.36918605153883,-5.69192578583088,0.287371390782189,-5.41378669142638,-0.555549924912204,-5.86366171303999,-11.1432410242579,-3.48093955285599,2.79433340410919,-0.178533964286313,1.02442283357462,0.428756482022381,0.182032121144153,-0.534597882665306,0.16893349468844,-0.149843614233619,0.685517241438814,-0.299728379437129,310.42,1.0
17187.0,1.08837493830851,0.898474023721059,0.394684329076182,3.17025757451452,0.17573879687403,-0.221980885195245,-0.0229887284923858,-0.0108735366656839,0.860043617194172,-0.592472935320844,1.07272839973578,-2.54755681422931,1.23595005675711,-0.330305803751441,-1.02235437464957,0.335642172519614,2.29899822072815,-0.1620962094812,-1.53270721248432,-0.217358192249005,-0.423553904215867,-0.800852284805578,0.0776144554303444,0.167608452574198,0.350181817443194,-0.118940929478619,0.0129477659306532,0.0542542721018558,3.79,1.0
116243.0,1.54265569009763,-1.24300638988541,0.204176373021719,1.45200936781933,-0.973751628784457,1.41225789792965,-1.26756987396356,0.551995452053694,1.84452923757563,0.0587731403999522,-0.450702395960286,0.705253487008001,-0.61986165867031,-0.562976990103748,-1.08778971164766,0.621367661906422,-0.816795686238427,1.194307993955,3.39320500800336E-4,0.097888508874585,0.281374429307839,0.743146729314589,-0.030666350233321,0.189261224393665,-0.231933894303157,-0.558505784403495,0.0723467284828167,0.00271077716997517,178.16,0.0
93834.0,-3.7656801220835,5.8907352377921,-10.2022676310229,10.2590359766218,-5.61144841660942,-3.23537557925717,-10.6326834778618,3.27271632618119,-5.26890524285018,-11.1821254546586,8.87947566765026,-18.4311310279993,-0.232822027713119,-15.0216572999306,0.141186252914787,-12.1863624982841,-20.1655673800665,-7.05165135326307,2.50082720798487,1.19413732146866,2.24560593428534,0.546320674537693,0.381853427747185,0.382024544024505,-0.82103649456311,0.394355120127285,1.4129609931535,0.782407053763083,0.01,1.0
58199.0,0.340390790889508,2.01523346310003,-2.77732956104823,3.81202413104427,-0.461729071578821,-1.1520219714746,-2.00195866818811,0.548681056661142,-2.34404166261939,-3.07669858515182,3.55473755027372,-3.96968929955842,-0.932183689489454,-5.87606732124924,-0.0667394504128529,-1.49528077472825,-4.42475717388751,-0.619323237398381,-0.231198386269899,0.326772803133095,0.29976881646527,-0.583282924090166,-0.187696049565752,-0.329255753153177,0.732328138266652,0.0580797142765515,0.55314334331356,0.318832445723953,1.75,1.0
53031.0,0.206075454303215,1.38735982061524,-1.045286987034,4.22868619369076,-1.64754917421782,-0.180896946218666,-2.94367757476862,0.859155533266087,-1.18174300683428,-3.09650359868717,3.20091235546057,-2.45083242908802,0.316619878616412,-6.39717031528651,-2.12972836543767,-2.42737307534442,-4.44847225233098,-1.21222044988735,0.0346554556282822,0.351484399563241,0.46919942584802,0.344930464195865,-0.203799378001586,0.376640378487856,0.715485489514387,0.226002880910544,0.628544616302757,0.319917987612491,0.76,1.0
43002.0,1.16291990609155,-0.0185817689422813,0.458258584774725,1.03555688679088,-0.190993250099425,0.322584785880671,-0.376063848408196,0.175181584281136,0.466753081808312,0.00425763895402066,-1.13077281007785,-0.518896786624446,-0.683870231918505,0.283171453472428,1.6385378555934,0.456388517473786,-0.586799002994321,0.139566239740673,-0.668795642014938,-0.135793292377097,0.0942996986511846,0.250113596674049,-0.152389885703172,-0.780012971220934,0.497391124065801,-0.21905712121783,0.0480221835085444,0.0233715622153707,33.0,0.0
53937.0,-2.04260819938332,1.57357807373238,-2.37265243271278,-0.572676430720841,-2.09735276458226,-0.174142123011242,-3.03951978687359,-1.63423295064356,-0.594808638750073,-5.45960189444545,2.37853722491518,-2.33027064686235,-0.24623272486659,-4.05852343611281,-0.316983146603949,-2.52266081131673,-5.60340034818128,-0.778439963776289,0.860211793588662,0.825565985313424,-0.723326195587733,0.501221637302624,-0.696892260580304,-0.600513726439022,0.127547028812739,-0.786072220292301,0.606097322391548,0.171696507911815,261.87,1.0
81.0,1.11104797028704,0.215351844382971,0.374072563622289,1.1500006534852,-0.329767568535767,-0.898687821706977,0.30990664398233,-0.255277291166111,-0.110655138734984,-0.0575788321387636,-0.217961496706122,0.600591209357443,0.686379564975428,0.262161286299107,0.922676979028551,0.135235271944387,-0.490174913186185,-0.392752898979319,-0.315464926788021,0.031671787802255,-0.132555303999709,-0.493866878067896,-0.0107821837368997,0.380388564169084,0.456214180606351,-0.572346756048474,0.0109814630026346,0.039295013148069,68.74,0.0
35953.0,-4.84437152213983,5.64943864783758,-6.73039574613665,5.25284201867297,-4.4095661499774,-1.74076745609347,-6.31169852901067,3.44916731253577,-5.41628435913526,-7.8335555711125,3.6573495649865,-7.7814479532704,1.50772042676786,-8.60475886835984,0.0105926875670707,-6.55397325691037,-12.6243936527694,-4.98990973846596,1.64541389333247,0.284555090358885,1.19488835625662,-0.845752531858704,0.190673885417928,-0.216443252531192,-0.325033100382822,-0.270327592956951,0.210214051535782,0.391854886292055,111.7,1.0
42510.0,1.27031818788739,-0.873262787517961,1.03750281966146,-0.378283366832608,-1.53575203693414,-0.255721183858338,-1.09755863728268,0.120012872305793,-0.0158301617658909,0.444003750313002,-0.29317463145208,-0.561453806077377,-0.62304702309534,-0.546323041160241,0.095504095922641,0.489286095635023,0.968786834701547,-1.70762036807536,0.175944940134283,0.00108842250413666,0.32042811521521,1.03613256054686,-0.0836945903814652,0.446796864853595,0.452014238055741,0.00711248429578082,0.0512322949106561,0.0200135142445981,24.09,0.0
7891.0,-1.58550536691994,3.26158454822833,-4.13742198305023,2.35709625199132,-1.40504331370135,-1.87943719306477,-3.51368687087654,1.51560674568816,-1.20716636120056,-6.23456133227108,5.45074606689486,-7.33371406736393,1.36119332407831,-6.60806825219469,-0.481069424899829,-2.60247787045261,-4.83511205239717,-0.553026089102902,0.351948943356815,0.315957258937511,0.501543149467536,-0.54686881157389,-0.0765836358993043,-0.425550366841581,0.123644186352002,0.321984539336613,0.264028160503965,0.132816719764592,1.0,1.0
101313.0,-25.825982149082,19.1672390103062,-25.3902293121699,11.1254347149714,-16.6826439195391,3.93369943022963,-37.0603114554112,-28.7597989339836,-11.1266235224579,-23.2282548357516,3.7859770496129,-10.5224940129243,-2.65749636392801,-3.79279543594993,-4.49894467676621,-6.55787310177539,-12.8672447953713,-5.80459047549908,-1.25446534452587,7.90737812724062,-16.9220157786505,5.70368400806478,3.51001884069223,0.0543302268964685,-0.671983312405663,-0.209431359115655,-4.95002186384908,-0.448412770754799,2.28,1.0
18690.0,-15.3988450085358,7.47232389650112,-19.0269123426632,11.165525840514,-6.89385628014845,-2.12093657486019,-14.9133299850456,-0.721214094320184,-7.1750966153358,-14.166794659606,10.2777688628065,-14.9854337328686,0.345179234077653,-14.6663889726541,-0.346352541965346,-8.33324249555463,-12.6025964553952,-4.87668342078337,0.604625910708604,1.11150221461014,-2.44488368228,0.727495341024629,-0.345078151264077,-0.981748551471828,0.995271346300177,0.816761717958274,2.26294237384391,-1.17806316323334,1.0,1.0
29753.0,0.269614090485094,3.54975512877325,-5.81035344453706,5.80936957402456,1.53880793351049,-2.26921913566818,-0.824203333436328,0.351069915343584,-3.75905945636624,-4.59238980599474,5.47939151009669,-5.65785754091816,-2.6480760898503,-10.3848897408947,-0.225946407826958,-0.701882908954806,0.409735840500415,0.939603694029483,-1.95429995537505,0.310524633435283,0.371121111209288,-0.322289520392532,-0.549855883222537,-0.520628958812409,1.37821038664663,0.564714292689441,0.553254713878568,0.40240000915925,0.68,1.0
76676.0,-0.833716083799393,0.64392225145943,1.99418258416812,1.15874610176429,0.135390004458804,0.997601017714198,-0.0194961463158303,0.327882286064381,0.0467370272591694,-0.13490706648286,0.545324239698259,0.987368556439357,-0.0464166967458731,-0.347804718664975,-0.982968954396961,-1.08845543475377,0.448994641069693,-0.025367351642624,1.38408494692582,-0.0627388433091766,0.0493223565604316,0.456211368581989,-0.355753935472401,-0.249456616541644,0.0664416887895762,-0.173553958116853,-0.0523496659867344,0.0968047887541776,14.26,0.0
55311.0,-6.15960693036327,1.46871292315117,-6.85088814665684,5.17470627250374,-2.98670392387712,-1.795054145699,-6.54507152628193,2.62123613805269,-3.60587012643541,-8.12216107491307,6.02903256317613,-9.22585530778592,-1.54675863096913,-10.3093341893072,0.308062393533042,-7.78732622111619,-12.8221770045808,-4.36767713342358,2.64398422133793,-0.289829585956863,1.06131418230601,0.125737468595024,0.589592331660844,-0.568730604518481,0.582824720935876,-0.0425826450995479,0.951130233081124,0.158996023697089,0.83,1.0
66292.0,-0.296863591980115,1.02752358042668,1.24275130769514,0.683241780140419,0.599227007143596,-0.193195763630901,0.772489122889814,-0.13666499657476,-0.773824607346843,-0.311245958302903,-1.01188173769096,0.325914212322277,1.54811022869596,-0.027982546872112,1.05905286040635,-0.0207990848944622,-0.604839775036134,0.212351179100506,0.753698459862975,0.172510807564037,0.0360697979150565,0.153676765870289,-0.207976848650182,-0.421102673848913,-0.0774615882192147,-0.369576745697044,0.161834586353459,0.147854801243008,18.99,0.0
43028.0,-1.10964552515211,0.811069300236989,-1.13813532731484,0.935264670223385,-2.33024787785051,-0.11610605479739,-1.62198623466478,0.458027900124116,-0.912189159098001,-2.96199570179906,2.77896789639267,-2.37959961108923,0.918962784041379,-4.01578678027745,-0.530009790602772,-2.81588776765893,-6.6493577879714,-1.74611328389964,1.08340676372199,0.168890572541282,0.641593528333926,0.841754904759402,0.176727750810022,0.0810041184974676,-0.258898742565752,0.707654245320429,0.418648658517389,0.0807557537005394,204.27,1.0
49930.0,-1.07031321578808,0.480973223426025,1.36816665106565,-3.16953514941655,0.105535413665431,-1.88080588339762,1.10420650921209,-0.130507488167026,0.778450810521607,-1.89264632530405,-0.479658139230888,-0.269172891353422,-1.57237679294331,0.519499382657326,0.609735564576523,0.0551813072121577,-0.603073079732267,-0.56773799716795,-0.52592427868129,-0.0619375948814204,-0.473187802912849,-1.5205548714069,-0.0290091757270702,0.304430191667327,0.403832505161862,-0.704122785093957,0.195415966766459,0.11251904772468,24.45,0.0
38385.0,1.40481079614329,-1.50050010310321,-0.962440742114407,-2.45204068369762,0.740081970123143,3.37382464790746,-1.5480891821005,0.798738123537384,-1.89223014814962,1.43544974376727,-0.187318544865468,-0.974143417266184,0.571960699999214,-0.23635805573183,0.944165897446361,0.144849895619835,-0.0763540839650632,0.368198956648651,0.107315509646753,-0.033648144102535,-0.373308591641267,-1.0512639007606,0.0731560094469572,0.951331506730534,0.264326968620242,-0.403418186997158,0.0309048877615107,0.0369967055487447,92.4,0.0
60301.0,1.23283997964377,0.431245178961379,0.497751587654703,1.09932213636918,-0.255270017783982,-0.856960815167294,0.20069224618611,-0.263056873331395,-0.147967319438525,-0.0429161119483415,-0.142600265470032,0.934206318362019,1.38370534629251,0.0635340681741922,0.874814722263515,0.112270011820519,-0.554237733813274,-0.329289588472427,-0.379834957634017,-0.051584165699287,-0.0384514806225682,-0.0196907002589936,-0.0367180376549484,0.410715091307756,0.588024119617148,-0.443258402184417,0.031023823714334,0.0286551535951414,5.0,0.0
83366.0,-6.23359069667109,1.02859931134097,-0.584625587414484,3.5615728773197,-1.71860861041378,0.200644809653727,-0.78492095707065,1.35015783741088,-0.368190709592198,1.66385169495876,-0.697796216393086,0.608758014021805,0.330631407145438,0.557333716417584,0.667905331965651,-0.200144914721342,1.31636909968133,-0.925436943390921,0.964863847473573,-1.80750338988528,-0.441347391718272,-0.361675767220736,0.472209516849911,0.447357933327373,0.234135605051274,-0.0141939158739997,-2.18573786488428,0.545565390190007,37.82,0.0
68207.0,-13.1926709562391,12.785970638298,-9.90665002092758,3.32033688288942,-4.80117593230105,5.76005855618556,-18.7508891580107,-37.3534426378925,-0.391539743919107,-5.05250236713858,4.40680552357904,-4.61075647740608,-1.90948796970811,-9.07271093398351,-0.226074450896345,-6.21155748212485,-6.24814535335983,-3.14924669470095,0.0515761185277783,-3.49304991519446,27.2028391573154,-8.88701714094871,5.30360690376998,-0.639434802306313,0.263203123457008,-0.108876929971315,1.26956635541013,0.939407362758877,1.0,1.0
41991.0,-4.56634156694274,3.35345148012501,-4.57202780762531,3.61611930403552,-2.49313810882875,-1.0899997127127,-5.55143306976649,0.44778308394893,-2.42441402571208,-5.69992228265959,3.58682418337431,-6.63622904939297,-1.1281764439465,-7.24554959537009,0.638325536245456,-6.85681003898144,-8.85187850534679,-4.5918832274368,0.936939858866071,-0.249127726683026,2.67446587862872,-0.0208799797343963,-0.302447083877198,-0.0863964000107124,-0.516059779833395,-0.295102234035121,0.195985145691014,0.141115102721758,1.0,1.0
94362.0,-26.4577446501446,16.497471901867,-30.1773174564996,8.90415677106517,-17.8925996927224,-1.22790388102871,-31.1973285494605,-11.43892041491,-9.46257260540015,-22.1870885620007,4.41999660154863,-10.5923050053728,-0.703795803703315,-3.92620731586873,-2.40024649210124,-6.80988994039049,-12.4623149481086,-5.50105078380738,-0.567939572890149,2.81224110932946,-8.75569832116533,3.46089334478551,0.896537503959012,0.254835536763482,-0.738096558530353,-0.966564233789852,-7.26348214633855,-1.32488430656137,1.0,1.0
114621.0,2.12339266438737,-0.743261704744991,-0.875249075292167,-0.333751213246303,-0.831436985586867,-0.947606670596922,-0.467422515115166,-0.270951891194648,-0.313048942672396,0.855761223559155,-0.983253221975098,0.087618992580277,0.395508842413592,-0.0106133881318177,0.111173708952841,-1.5413406360476,-0.0434340692155047,0.75365099796528,-0.864419752612427,-0.587965311955638,-0.375740213560042,-0.469456099859285,0.283671799511575,-0.0109848275630987,-0.331203743361854,0.558636032377895,-0.040663503084645,-0.0538280928530625,20.0,0.0
119745.0,1.99397246445265,-0.219347334632139,-2.04618893651656,0.405564329177566,0.516148513404579,-0.123584409351222,-0.0971233541843467,0.0588028964015289,0.768654631811146,-0.277899261893783,0.257200014674095,-0.144771174044322,-1.64871092149485,-0.720471455187023,-0.943929161323963,0.265086147191164,0.58557326712374,0.791780875540075,0.381907047154114,-0.19564364538086,0.0725112533047825,0.345639080878132,-0.0584881094784818,0.0796951751104249,0.192110520922038,0.713780229588898,-0.0740368374970599,-0.0528876929032497,28.75,0.0
32185.0,1.19430902609601,0.662475103651119,-0.377373548643966,1.3035173296311,0.253333626179398,-0.778853039349817,0.220586487947546,-0.0953910009584271,-0.0640346174387016,-0.719752296557607,0.311205965995786,-0.138008503475612,-0.281615066045414,-1.26763155091283,1.36352802955094,0.313369823685909,1.18435697105622,0.168398513704743,-0.98248609939277,-0.142737939799259,-0.0424311677851292,-0.0241854744506822,-0.0916366496617147,-0.0648457920083359,0.611455663438081,-0.297013639193104,0.0504088411229922,0.0536552725564081,1.0,0.0
102172.0,-0.986772208736201,0.174803753305573,2.87153521744427,1.36240082771997,-0.332357175090527,2.05852179794925,-0.604372419915268,0.47450946049369,2.53310127005026,-1.15602271529937,-1.61990093656969,-2.45926140748559,1.8102710830582,0.020990595685551,-1.82785081250665,-0.470714549730095,0.791026269408593,1.00820871748134,1.09177085187072,-0.0145157175100223,-0.0830020792100522,0.495142289292062,-0.521695273039887,0.0282703740838661,0.612784064639463,-0.207162075520444,0.101142550977601,0.0520657598912496,89.5,0.0
102489.0,-2.29698749921502,4.06404334190313,-5.95770634516933,4.68000806392241,-2.08093759960382,-1.46327216002463,-4.49084686931735,1.02924628254192,-1.59324925133839,-8.99381088354112,7.86446740028511,-10.6498396512844,1.82659101647783,-12.9136317373077,-0.766330314740752,-7.95409770929125,-7.80963509977466,-1.71851117214548,3.83298514230067,1.26495379665956,1.08908418394041,0.975397809530551,-0.62553033358642,-0.535180928107126,0.247435028956319,0.160399507909509,0.969581605226584,0.335041293733825,104.0,1.0
90828.0,-0.749117559661184,1.09400810251844,-0.0777241827260011,-1.04122932090644,1.23390300302559,-1.5151171049346,1.24489140357568,-0.375608722654684,1.357763084323,-1.63985198238606,0.264883555625016,-2.66119691849434,1.62103151359437,0.449181954468153,-0.948987224343368,0.533706789841547,0.587558792422123,0.703032628947768,-2.01615927692217,-0.178577071996326,0.130396730817999,0.737558726964035,-0.248058702559299,-0.221049426044906,-0.00324292205871951,-0.413168414121492,0.234249040815558,0.290717279670272,23.99,0.0
18690.0,-15.3988450085358,7.47232389650112,-19.0269123426632,11.165525840514,-6.89385628014845,-2.12093657486019,-14.9133299850456,-0.721214094320184,-7.1750966153358,-14.166794659606,10.2777688628065,-14.9854337328686,0.345179234077653,-14.6663889726541,-0.346352541965346,-8.33324249555463,-12.6025964553952,-4.87668342078337,0.604625910708604,1.11150221461014,-2.44488368228,0.727495341024629,-0.345078151264077,-0.981748551471828,0.995271346300177,0.816761717958274,2.26294237384391,-1.17806316323334,1.0,1.0
93853.0,-5.83919161928092,7.1515323543223,-12.8167600806187,7.03111476501099,-9.6512721679897,-2.93842725771624,-11.5432071690832,4.84362653179436,-3.49427572506535,-13.3207888671784,8.46024444901677,-17.003289445516,0.101556614891384,-14.094451660329,0.747030766392512,-12.6616957230679,-18.9124938172188,-6.62697484523061,4.00892074227194,0.0556838813863639,2.46205591127559,1.05486518382957,0.530480596078193,0.472669814042592,-0.275997967880675,0.282435024801752,0.104886020210564,0.254417096767513,316.06,1.0
56917.0,-4.95518667094449,-4.32792106950055,0.0919576101824395,1.77531768045367,2.1014454809671,-2.75127359769867,-0.854388713164496,0.18788311151895,-0.139756346252139,-0.494432387718212,-0.877883793871081,0.0166915292992327,-0.371035335283974,0.807769949803007,0.685397677605915,0.705325391916727,-0.515956642417228,0.146274228156653,-0.968294610206902,-0.22578778382318,0.222123679853136,0.00722641618578752,-1.35958515385154,0.554967496721282,-0.448105639441519,-0.536917676093752,0.662775577950528,-1.02768661305493,250.0,0.0
39931.0,1.31929922970268,-0.542891300567263,-0.219407243838335,-0.881572922272172,-0.411466366756956,-0.394939178077139,-0.285515544773422,-0.00508721395272112,-1.21371845275442,0.791140010695846,1.28923489676102,-0.437046927109176,-1.01839222088758,0.533388201113648,0.147134119533777,0.901451191316049,0.367638591353782,-1.61566806922171,0.847390211388213,0.0411312532646516,-0.0821838937328756,-0.48004376978407,0.0367643885055862,-0.341709392181714,0.345160549745502,-0.41818109173886,-0.0228367785782947,-0.0036637336171639,40.96,0.0
51112.0,-9.84877583247984,7.36554648639464,-12.8985382309124,4.27332307326376,-7.61199101126967,-3.4270452374345,-8.35080815251842,6.86360392236365,-2.3875673251028,-6.06578236274727,2.70785640511515,-6.13603446645473,-0.545976095807375,-7.02898027290706,0.916068574603162,-4.09288449351717,-7.01462170672071,-2.5309672589153,0.554027499068527,0.832398066019608,0.931958309450931,-0.87446736131737,-0.192639469446569,-0.0354260265633338,0.538665050436448,-0.263933516556866,1.13409509350836,0.225973163975667,99.99,1.0
77135.0,-0.721635767060996,1.18082923107543,0.812910014702022,-0.17072351645946,-0.0855157836106387,-0.460923492157364,0.342496937255222,0.447516874924596,-0.410631199340687,-0.529546580059556,-1.41195194897435,-0.528564526724251,-0.430910163959572,0.543547378983319,0.94525717591484,0.600101139487282,-0.492408659912544,0.0488348496799388,0.325385063135231,0.00979885739772458,-0.238230104512997,-0.816523137373473,-0.0211120129666685,-0.496218978345811,-0.0735618542357482,0.127386398370451,0.128429176457856,0.0493519629732714,20.91,0.0
26961.0,-23.237920244511,13.4873857909274,-25.1887729688701,6.26173255148578,-17.3451881651558,-4.53498915241687,-17.1004924771637,15.3746300252798,-3.84556677176243,-8.51176669710133,5.1385473219039,-7.22001986441493,0.615793286019405,-7.3272215995796,-0.0386320690669864,-6.33151509399145,-12.6888576275064,-4.84738160696153,1.02053587929144,1.63078748322503,1.76970812949114,-1.69197330547661,-1.04567292278161,0.143386499863412,1.61157707182701,-0.221575644736264,1.48123260638065,0.438124804842523,99.99,1.0
12393.0,-4.06400473842815,3.10093489093256,-1.18849800365476,3.26463274045175,-1.90356235801726,0.3203505872957,-0.954940039087007,-3.27753491983773,2.82082866173719,1.01511287978593,3.18718689736493,-7.00432728360605,0.872710605485111,-6.22060535304292,-0.904444629573358,-3.07509188469837,-5.04473569177435,-1.71808268516882,-0.662462068430895,-0.531897693292296,1.68866543097474,-0.0788446980063478,0.19373092657711,0.479495953884992,-0.50660305739906,-0.409862744197452,-3.03627132936069,-0.630605198840545,179.66,1.0
66151.0,1.1467744176986,-0.0331959009290609,0.761869870357482,0.921241230293665,-0.617089981837993,-0.295008071332068,-0.200221802207489,0.00604291657933116,0.56285877697697,-0.274381516741413,-0.212972219867796,0.842725141361811,0.183660956003827,-0.220410486977096,-0.185553029075795,-0.738977466819591,0.45856942465942,-1.16205345005417,-0.297636204037494,-0.135136526345733,-0.0531079424509193,0.129707801164308,-0.00750113470809003,0.466020551127234,0.442646475238807,0.419210629118363,0.00443240807443234,0.0135687840244706,11.5,0.0
9064.0,-3.49910753739178,0.258555160773118,-4.48955807274398,4.85389435139681,-6.97452154477167,3.62838209065084,5.43127092073166,-1.94673371078472,-0.775680092900109,-1.9877731876087,4.69039566550924,-6.9980424321007,1.45401198637847,-3.73802333366749,0.31774206255503,-2.01354268083989,-5.1361351026702,-1.18382211654359,1.66339401354543,-3.04262575715977,-1.05236825623151,0.204816873569406,-2.11900744010783,0.170278608305444,-0.393844118118335,0.296367194488607,1.98591321801306,-0.900451638402827,1809.68,1.0
84127.0,1.16045205625911,0.121544499690815,0.58128887777804,0.507657501291548,-0.379994058308861,-0.326990556699981,-0.149555405438906,0.0959797625825106,-0.15549533626933,0.0738589707838059,1.80006969808804,0.940705982194976,-0.332438583854379,0.577297239506042,0.62398386358894,0.170974756323148,-0.292233220869894,-0.500340204083867,-0.261100102901903,-0.154074669945026,-0.170835568325713,-0.521249098265241,0.185307185675418,0.204991992317359,0.0703091070436802,0.0959351806202312,-0.0193449523854737,0.00632235549178536,1.29,0.0
81108.0,-1.14119633778625,0.718514591021394,2.23330064539351,0.900153281012362,-0.945394029507011,0.850562914522517,-0.213945856058342,0.902551013588401,-0.39298147677917,-0.677980701087727,0.870105637205449,0.392767133116701,-0.918542755688593,0.439960677627059,0.473642235781413,-0.0225394489840015,0.143189788888513,0.567610161943755,0.442987727379241,0.0400223760404584,0.208617676064768,0.403252630233186,-0.00925259826241737,-0.0182216420909677,0.13955196276311,-0.250838512638134,-0.0193225578906513,0.0207188357395038,88.49,0.0
38033.0,1.23979176413559,0.667874889479697,-0.237056200692049,1.31218717478475,0.026360639865539,-1.19841042517722,0.296269706126703,-0.243775384942534,-0.079760238914172,-0.565407013971864,0.039756227635129,-0.0608838343614172,-0.0427762563223583,-1.05016823641696,1.06018527875434,0.50453103249851,0.674003687461666,0.467273383211986,-0.583020965121913,-0.106360180892397,-0.0520871990141494,-0.0795799545177778,-0.1190293003682,0.276623189832834,0.690952239313571,-0.327545307059644,0.031817443356741,0.0512321947449962,1.0,0.0
60849.0,-0.451934942381449,1.04338446935003,1.5514363286418,-0.0879114158352123,0.166393016104445,-0.4184461328704,0.657414406364885,0.0425043536830487,-0.47864467674708,-0.370012959306094,-0.0869869136349579,0.317735912083533,0.540120793259618,0.0649616635408947,1.04163650786515,-0.119510871639482,-0.144587415399005,-0.867371488758048,-0.347971095063838,0.0945764834152468,-0.195426675232945,-0.436574209632847,-0.00342695001701177,0.0695749481718382,-0.249934916546053,0.0991646971622505,0.285954907655568,0.118569412231459,0.89,0.0
2105.0,1.23144811549227,-0.256654345341731,-0.0707034457219657,-1.01665096199451,-0.474893479432936,-0.735512498153577,-0.141924046394415,0.0650827609859376,1.08734636417846,-0.73802501164763,1.41885117800888,0.298461190520606,-2.13564191312594,1.07273006534295,1.34260063274752,-0.657890682002508,-0.0371007438576241,0.272682327017694,0.476524765958268,-0.276842093042791,0.0977353066639716,0.330742194830391,-0.101280759312102,-0.0151972876754196,0.631343326950206,-0.581778631489597,0.0393597664450398,-2.44050120799776E-4,1.0,0.0
26899.0,-21.8854339051741,12.9305051249875,-24.098871851647,6.20331419234722,-16.4660991227874,-4.45984212550286,-16.519835984614,14.5355647151916,-3.89702188761405,-8.6507583293562,5.3754339072439,-7.56721354069937,0.461807829323489,-7.82789139878016,-0.0228148529460228,-6.57804150255676,-13.0024594617382,-4.88446723880536,1.10435473489394,1.6119982189969,1.76223176917351,-1.57905510076487,-0.951042744820554,0.13456529188962,1.50711039768212,-0.222670856855594,1.52765527810284,0.453698638993223,99.99,1.0
110547.0,-1.53281036094493,2.23275183861699,-5.92310007493809,3.38670841159996,-0.15344334000728,-1.41974768064009,-3.8785763388613,1.44465586239817,-1.46554214173397,-5.20833459337633,4.54630106888309,-7.76119403219115,1.15954032168956,-5.23161145654992,-0.171642119460071,-4.71982949844975,-4.84799196061678,-1.13432874514983,3.52773827223549,0.520839865969216,0.632504705856676,-0.070837950713368,-0.490291315112446,-0.359983126080465,0.0506775325943162,1.09567132878655,0.471741401676933,-0.106667140739625,0.76,1.0
11092.0,0.378274504006009,3.91479678866992,-5.72687201536627,6.09414095882864,1.69887526405022,-2.8073139468834,-0.591118212837213,-0.123495593086659,-2.53071281390832,-5.15309460989926,4.65408842254301,-7.83953899762349,1.37181858033581,-9.63468971263612,-0.739596855842826,-0.663203945673478,0.891934540534899,0.978675639075006,-2.00547660274646,0.440439440893876,0.149895683076911,-0.601967245529085,-0.613724335539499,-0.403113687819411,1.568445255978,0.52188393400233,0.527937749881352,0.411910405834512,1.0,1.0
32745.0,-2.17913506011513,0.0202179180614602,-2.18273279614299,2.57204626116115,-3.6637331119316,0.0815679330899005,0.268048730691862,0.660437428502318,-2.37402736257173,-3.58281002008802,1.97582106179607,-3.50054226479879,0.170681027067223,-2.73594037401519,1.67025110352247,-4.04629299726117,-5.07947908460579,-2.58685704537203,1.66926055335833,1.95796029993605,1.02642111100453,0.299613501640326,1.65680000734873,0.328432501784239,0.106456827905221,0.691774505774569,0.196778974067123,0.241085157494976,717.15,1.0
104569.0,-2.61019891223304,2.04049042455112,1.7216834304674,4.2352434410854,-0.601171902460298,2.32353615848053,-0.953566482213025,-0.32442504653948,0.630848954401364,1.99001981464267,-0.974608193781769,-3.78931822270525,1.6714688340217,1.11398243891689,1.20070031469945,0.996614600823185,0.391054855347529,1.51698150456092,0.868536613411411,-0.355895627401662,0.85779109797249,0.0400238386691712,-0.353615002486929,-0.0412005280625222,-0.0575746379898623,0.400889047132788,-1.07746436189587,0.327664889720005,85.26,0.0
84851.0,0.892802546597816,-0.279299011966504,1.32935883609531,1.56009757279698,-0.938313986614908,0.168302027733885,-0.419740427847766,0.123064205734964,0.618739235355802,-0.269270250016995,-0.0955461723800255,1.25898607185729,1.10869659562414,-0.518335908134235,0.254496165064623,-0.30845059150882,0.0728775664448253,-0.745495318020541,-0.786385717631763,0.0950234027385457,0.0586286831012374,0.234882415712961,-0.0327414809777738,0.432714347122695,0.293687931686345,-0.397649845496726,0.0767876750676861,0.0578361789900345,107.94,0.0
60329.0,-0.833951804331771,0.588729146506239,1.27381906418178,0.0657606665414849,0.361164647239225,-0.645807659179789,0.637644434789295,-0.127141800217114,0.183865402803436,-0.0516560162088706,-0.181394644147071,-1.030288561322,-1.68905312560713,-0.334685084139264,1.41317405667519,0.0826523353688306,0.261367693931254,-0.401959729756305,-0.40235815153569,-0.0307730585995702,-0.296121328551934,-0.677490416235147,0.258497271314587,-0.0319541670628861,-0.27558287327719,0.0622994232072496,-0.191517320298396,-0.069286159489073,8.99,0.0
41308.0,-13.6807603221285,6.99038924197379,-13.7700011356219,8.694896899191,-11.4269679730732,-2.91984498997907,-14.5945615876748,8.62290473620712,-8.09069700355941,-12.7806339362021,5.3306013514672,-11.898065148453,1.59599290197592,-9.56016927087188,0.596403762858148,-11.3809956026059,-21.5368016259059,-8.48535580519493,3.51761050964655,-0.877391609905133,2.98955250855903,0.497598716647637,-0.509290299460639,0.732503456665873,0.280527953637944,0.280037142108891,-1.40668683562971,-0.663643363595055,0.76,1.0
37167.0,-7.92389070083426,-5.19836019923329,-3.00002392240282,4.42066620155728,2.27219396451756,-3.39448342909715,-5.28343533467969,0.131618922476372,0.658176428693037,-0.794993881662565,3.26606601582438,-2.71918495125522,-0.124103963275087,-5.274865818881,0.638575002552638,-2.99583037811248,-4.69843344927136,-1.71187122467509,3.02526099185501,-2.16981089222224,-0.734307916555449,-0.59992625988411,-4.90830117586834,0.410170234644792,-1.16766024989313,0.520507647303451,1.93742140287106,-1.55259283870249,12.31,1.0
90006.0,1.97389157470756,-0.589605962613735,0.0431277477757452,0.315321968704837,-0.603261963293091,0.571728553275528,-1.24043122171668,0.128551482322302,2.83070212337421,-0.430241620708437,-0.586198030832367,-2.20838368885714,2.56149362579069,0.798390832549947,0.235332038791891,1.00949207426818,-0.311894573717137,0.830391182923145,-0.397173631902228,-0.0733748372054866,0.0233223108115717,0.435361332608465,0.175779085214338,0.0350061383970465,-0.466880584699214,0.593364745256474,-0.030437807996053,-0.0358326710346832,34.9,0.0
66859.0,1.23499503195865,0.605030244256519,0.351021475666262,2.3813658472228,0.129269837852244,-0.301772731909389,0.18894681141448,-0.137695748631671,-0.763924944822348,0.707409031804024,-0.986556426157671,-0.187399696114405,0.355149066092585,0.226977420693072,0.487807954007214,0.738939678234038,-0.80780813343288,-0.0194396312108951,-0.892033212033793,-0.122557524997407,0.0892828143291697,0.267987390969922,-0.186944351222452,-0.0989431940918883,0.719406658662987,0.176563331409318,-0.0141879287360562,0.0135514782626418,3.78,0.0
38732.0,-0.4992571478205,0.90396141845355,2.16430560717567,2.43739169426426,-0.209674332812669,0.717042539760921,0.0862982089134184,0.307490833738808,-0.417347987381373,0.378292615496851,-1.0767301687732,-0.693728234070815,-1.0638936174011,-0.170810679760156,0.0457591570068842,-0.177000528779188,0.214886038828214,-0.202465346136294,-0.41174472936911,-0.150362574646745,0.225861649222352,0.783967102988819,-0.121708051679214,0.0857537078832214,-0.535090805431661,0.163537105299091,0.0786186124144158,0.156369816501687,22.78,0.0
67150.0,-1.82429505976067,0.403326526860602,-1.99412200641801,2.75655816357726,-3.13906432572579,0.408185014718199,-1.20904511871624,1.09563435393431,-1.44722489217345,-3.95100289197434,2.56070020158284,-3.4119829114195,-0.781669619949492,-4.7327675351632,-0.433973654922625,-3.30608841178359,-4.23102187544855,-0.750809770409941,2.69080834203374,1.50368830479002,0.838760421033887,0.341727095787049,0.947506491293615,-0.145493002452622,0.0493257725258454,0.831065451615044,0.33242130393302,0.252712728641008,489.71,1.0
109254.0,-0.498264340739031,1.24880298936909,-0.586397298071136,-0.774997654567379,1.39667337246854,0.200718651096376,0.667625594412639,-0.0935406514336107,1.39694063066749,-0.711417479770645,0.902089473714171,-3.14253818997328,0.0949371101657279,0.763385520336606,-1.34082289158975,0.699715649085928,0.646789151064967,0.9563844101144,0.257189161787955,-0.275015515534269,-0.367986372855756,-1.16685812445635,-0.0358159854746769,-0.563753092951564,-0.486684566893577,0.0591870006857314,-0.717597682404709,0.0537067316808916,1.98,0.0
120855.0,-4.70343886597044,-5.90258777942343,0.318250332002433,1.92646845656397,5.25392282041723,-4.03885139864857,-4.52033863526177,-0.0705787418789388,2.05496044064033,1.35012326064333,-0.907344143734283,-0.0717859703391675,-0.974052172426669,-0.108543056419987,1.08243856637723,0.0227077969363322,-0.103937017049164,-0.0445514505927035,0.841148189702044,-2.67247765030308,-0.368010056724417,1.12634566798302,-1.49183205135454,1.4124309491171,-2.72367271701129,0.395311783905538,1.12104270156829,0.564399846795386,11.5,0.0
85109.0,1.30237796508637,-0.606529308236609,-0.681986192919261,-1.90460339622212,1.32662310684685,3.43631244725031,-1.14512682747431,0.959147262092341,1.67130156362918,-1.02294602983554,-0.191422972651615,0.631027341487108,0.0319072703534055,-0.0314253812628428,1.44662697638966,-0.121820378583087,-0.651405237009102,0.617970476528782,0.927600044556072,0.00575665541893287,-0.0642082814806287,-0.0805870774450856,-0.0729910792746877,1.01813597043583,0.663574772480488,-0.671322844293718,0.0968009452278396,0.0286968782920849,1.0,0.0
93742.0,-3.29112509261551,4.4011941515981,-8.39421162258901,4.45357956949695,-4.79005451824953,-4.24018208232724,-9.21900099642753,1.97402995723142,-2.91294270907847,-13.540168238225,9.41303953977606,-18.0475965708216,-0.728186553999085,-15.3930448312636,0.3494850489774,-13.30388757707,-21.2979057823155,-7.26231079476482,2.27422550991903,1.4908691418867,2.10234346771868,0.597370314627801,-0.328086184026121,0.445752402449364,0.585280580866405,-0.399005421878678,2.11600444233121,1.05074380386505,1.0,1.0
40918.0,-3.14025953779538,3.36734230912012,-2.77893140701488,3.85970067435928,-1.15951836286203,-0.721552487906327,-4.19534154281433,-0.59834584749232,-2.87014477203106,-5.29061006200618,3.82376208408163,-7.49227616878309,-1.52436747989794,-8.52767862203589,-0.391214524543396,-6.18087991000233,-9.6988394108884,-4.81823334077503,-0.871581688476025,0.0777814455070256,2.45233850455703,-0.292962575086153,-0.189330326319261,-0.166482104307702,0.0380396237066075,-0.0154765350217125,0.776691265853111,0.397557490298277,0.76,1.0
93404.0,-1.7000386550951,2.2726763898529,-0.819453246041658,-1.79414731888146,1.68564921671683,-0.944208848726945,2.42041480196194,-1.40334617372939,3.7192138303195,3.71907168647549,2.18734387289747,-3.5660142664426,-1.07440939807608,0.831782421546681,-0.962420386735631,-1.14907014138751,-0.458804669592889,0.268102471614189,-0.38611792439088,1.49953670626299,-0.477913125834251,0.583774282364956,-0.295556479812305,0.596159087230727,-0.0814541292097853,-0.119031603027583,0.414920643182082,-0.4763546227218,3.78,0.0
105604.0,1.93345248948684,-0.256586685756682,-0.104706350154884,0.465605287740524,-0.688830332408325,-0.536690553528717,-0.663637225085185,-0.0136312916546184,2.43297418531739,-0.413961417252196,1.90820827932326,-1.59954953743749,1.03141233864869,1.83086688021702,-0.313549694565236,0.390044929203424,-0.106864820000269,0.824603235651025,-0.0947307966446076,-0.300876433338205,-0.21243520800098,-0.310699100338073,0.363433284579778,-0.0586817472115272,-0.456438179217016,-0.98696846003537,0.0233253744771801,-0.0421908832918016,10.47,0.0
61005.0,1.18158170863747,-0.898169619183615,1.1177200962529,-0.503945111044715,-1.66815213651289,-0.550090047400678,-1.03548361010789,0.0428223129794818,-0.398334067619643,0.545359945921108,0.326582066460156,-0.534941618986383,-0.0964371915878544,-0.314252475228749,1.36849061040167,1.05344763073909,0.546973669978441,-1.426655113576,-0.352327403899086,0.140287540585372,0.475651013524122,1.21350746841334,-0.0542746103849766,0.656933909426994,0.251795312264803,-0.0581401249192241,0.0417209822482279,0.0373737094072958,69.99,0.0
8878.0,-2.6618021745564,5.8563932148043,-7.65361621324071,6.37974188053221,-0.0607121191362683,-3.13154973153662,-3.10356974550479,1.77849156945338,-3.83115371623455,-7.19160424618226,7.10298858788516,-9.92869994299538,-0.0674983775194601,-10.924186865147,-1.69791397714032,-2.37942098527078,-2.77511389701838,0.273798971252603,-1.38218756352589,0.399096860264863,0.734774950378595,-0.43590118187623,-0.384765904180568,-0.286015663843443,1.00793382365812,0.413195532462339,0.28028415690056,0.303936550639395,1.0,1.0
94952.0,0.842025258809961,-0.365518405631879,-2.46406333105633,4.82088596439253,0.775505434320733,-0.614784604613805,1.36802439952459,-0.526261741999926,-0.121356446796038,-0.357616193093852,0.637766685379952,-2.81888227036892,2.36059541417279,-1.10869894034456,-1.44995109474769,1.57373987380152,2.20265154365361,0.800471466568041,-2.10358290329291,0.944915098074741,-0.110621878759425,-1.25780002613606,-0.324418362936717,-0.420020001036393,-0.219501077925226,-0.268872635957687,-0.144582319033867,0.104464060190998,571.48,1.0
85285.0,-6.71340697159693,3.92110415204576,-9.74667821737542,5.14826254938013,-5.15156271985187,-2.09938865681113,-5.93776683170198,3.57877960420447,-4.6849517505833,-8.53775768653457,6.34897930341209,-8.68160893168352,0.251179384774619,-11.6080022570993,-0.351568782034355,-5.36356643348466,-11.9390915052116,-3.58360287020043,0.897402406121681,0.135711322729059,0.954272201927517,-0.45108644858101,0.127214424071711,-0.339449869297565,0.394095513633807,1.07529509891805,1.6499059092424,-0.394905372194808,252.92,1.0
41243.0,-10.9407391093978,6.26158585106885,-14.1823387841287,7.18360208606589,-9.95136334372547,-3.86082033664669,-13.5473021949163,7.09647164642187,-6.29402944276594,-13.6081431627279,7.12716532148781,-12.6110036871047,1.21455639781013,-13.9062968240505,1.51406990634864,-11.1257390593549,-19.7162573051191,-7.5527890897252,3.65678707068496,-0.0883420818722748,2.26744826134981,-0.492029167950335,-0.239302865923644,0.454368210214217,-0.101611062526814,0.446996732737119,0.062292646721181,-0.439769899530758,45.49,1.0
78011.0,1.09731274477726,0.654744547369097,0.671769608937512,3.03246675972814,-0.35515435845355,-0.63050905542901,0.0548283720536021,-0.0771272066274934,-0.338798882247114,0.0344861019540369,-0.128118730180937,0.340836957224667,0.120718964649359,-1.38714186506142,-0.861849073260854,0.291480336590946,0.913232865387995,-0.238533004288602,-0.994066550120672,-0.120861052502409,-0.0989875188566542,-0.08057220802595,-0.0430164557570831,0.843811294866372,0.565446820378472,0.0433325610539493,0.0244974640409437,0.0530618951588119,11.35,0.0
102671.0,-4.99175779387947,5.2133398229232,-9.11132629809104,8.43198635177602,-3.4355156720863,-1.8275651016855,-7.11430284412379,3.43120663145462,-3.87564287029742,-6.86850850672582,7.15062516950116,-10.2629840447185,2.73308493575221,-10.1275247811671,-0.262783621001749,-5.19027103814098,-8.6557110398096,-2.02444347438745,1.5604792800844,0.0981321924634143,1.18942283937597,0.247858476295777,0.294448330047117,-0.548503502162266,-0.174616566570794,0.406702503092405,-0.40233927269736,-0.882885795448957,0.0,1.0
74437.0,-1.11761434850727,0.308350729058536,0.927591827934212,-0.120920509701237,-0.387536572973615,-0.926797968684937,0.956280978188234,-0.329962858376205,-1.42116872544117,0.768533055727295,-0.910448478698118,-1.2518805422751,-1.44884021138894,0.485701819860921,0.615554132946197,-1.64719771263203,-0.00926480811474771,1.01868387222051,-0.630250172418959,-0.72538434599935,-0.701201079230457,-1.44675453671131,-0.22705285555879,0.285610335817915,-0.293812389466678,-0.781761948114344,-0.432226071021863,-0.570528567559992,105.95,0.0
97878.0,-1.9117698432954,2.25516060383958,-0.830776187302901,-0.151907618514092,-1.41106263704464,-0.00309068704828981,-1.9094512984199,2.07829001050404,1.85418178857965,-1.06461901268412,1.60629096623162,-1.3726044964743,2.00865070994196,1.12033808451051,0.0404323848561269,1.56197767392723,1.20518935290385,2.20603389292539,-0.703496576744817,-0.0272061830004242,0.260490339904687,0.855561711978587,0.354775101905519,0.520000935874191,-0.920487838479045,-0.423077080053395,0.278464502178188,0.151052285649825,6.69,0.0
61959.0,-1.14183038681024,0.267597610932787,2.1149196660956,0.308175109697512,0.627916469618479,-0.643309650120736,0.322629339702564,0.190129529746108,-0.017297781000943,-0.906009376997184,-0.546446916479455,0.195701185731852,-0.747776655615722,-0.0357318368130897,-0.581547400177389,-0.469234442516872,0.0784692741177599,-0.945708678182056,-1.07758906426512,-0.105069705518622,-0.0865930635014745,-0.319036692636761,-0.0136608375556258,0.36557931035798,0.12310899588863,-0.676733799814687,0.0865019312897527,0.113947498056551,6.07,0.0
57007.0,-1.27124419171437,2.46267526851135,-2.85139500331783,2.3244800653478,-1.37224488981369,-0.948195686538643,-3.06523436172054,1.16692694787211,-2.26877058844813,-4.88114292689057,2.25514748870463,-4.68638689759229,0.652374668512965,-6.17428834800643,0.594379608016446,-4.84969238709652,-6.53652073527011,-3.11909388163881,1.71549441975915,0.560478075726644,0.652941051330455,0.0819309763507574,-0.221347831198339,-0.523582159233306,0.224228161862968,0.756334522703558,0.632800477330469,0.250187092757197,0.01,1.0
35866.0,-2.04448868873478,3.36830621710984,-3.93711139061868,5.62311973109633,-3.0792320390481,-1.25347411822809,-5.77887959312275,1.70742815771205,-4.46710312294842,-6.0677981503786,3.83978771072745,-8.27784094846266,1.49391490811495,-8.41668121212274,0.792297928201949,-7.86265882647354,-14.5708366290177,-5.18538553288232,2.41438956859515,1.11202761894884,1.48359421639379,0.834310712862216,-0.148485620188757,0.00166885452328186,-0.0389957310939217,0.389526401954901,1.30023645611458,0.549940374167289,7.61,1.0
113746.0,2.07403443854343,-0.0963867436214716,-1.64245966604935,-0.0500158378239511,0.496245257152426,-0.310939176441352,0.0467644292432187,-0.11108690938698,0.53757463824333,0.0725463549292235,0.491116799890767,0.776511926716793,-0.00937496612681451,0.655070619430159,0.244659967928465,0.082410135255854,-0.981234070815436,0.7815640959105,0.297054194059691,-0.203735118550345,0.282039801867788,0.923558660181815,-0.060598043533077,0.215924485009864,0.387506224794232,-0.440015602796924,-0.00133890486534763,-0.0623630265063558,1.0,0.0
86376.0,-0.670238130057305,0.94520635153406,0.610050626297701,2.64006508673377,-2.70777462644103,1.95261056051566,-1.62460819938343,-5.22990786160988,0.21020202822781,-2.06990438955593,-0.529805728295342,0.999716276092526,-0.0861120244186652,-1.50855714024168,-0.450669492347937,-0.328387382736473,2.27027117814029,0.709666017682026,0.913175997078955,1.4749287568126,-2.50445018690737,1.43647237841825,0.351542386126581,0.648466904268149,0.579681417358758,0.0757375933335965,0.346717084034013,0.282208626038179,323.77,1.0
68207.0,-13.1926709562391,12.785970638298,-9.90665002092758,3.32033688288942,-4.80117593230105,5.76005855618556,-18.7508891580107,-37.3534426378925,-0.391539743919107,-5.05250236713858,4.40680552357904,-4.61075647740608,-1.90948796970811,-9.07271093398351,-0.226074450896345,-6.21155748212485,-6.24814535335983,-3.14924669470095,0.0515761185277783,-3.49304991519446,27.2028391573154,-8.88701714094871,5.30360690376998,-0.639434802306313,0.263203123457008,-0.108876929971315,1.26956635541013,0.939407362758877,1.0,1.0
119310.0,0.0379583773983151,0.952404272715642,-0.1818725012689,-0.43129691593916,0.76342784620224,-1.30522304679987,1.06958836412829,-0.267194931309779,-0.115321505385743,-1.19279349970266,-0.699598846513912,-0.51447411092626,-0.399744481616435,-0.80688208076495,0.592771137981456,0.282312633800386,0.286715693133268,0.720273785088381,-0.516315286624806,-0.126566000057786,0.222726660298003,0.682068966650342,-0.372755798900301,-0.189576377661287,0.437098470327159,-0.0891766172466154,-0.014386581278316,-0.0182611309245305,12.5,0.0
84204.0,-0.937843305478391,3.46288948991687,-6.44510395393435,4.9321986662268,-2.23398306982245,-2.29156112129773,-5.69559392853253,1.33882463362261,-4.32237655329329,-8.0991193981365,7.18296700883659,-9.44594338249901,-0.314619967520224,-12.9914655817567,-0.136358931959623,-6.36752437517144,-12.7343938853776,-3.84512965889743,1.00766725992114,1.12953228130351,1.06655024941577,-0.521657289347299,-0.319917292909547,-0.405859088093617,0.906802159957716,1.16578389011737,1.37449533233535,0.729889341911333,0.0,1.0
32130.0,-1.03898420028249,-0.245939213236261,1.48152581837097,-1.50128267047592,0.142526271915956,-1.39786899458313,0.574628680739473,-0.256994540673424,-1.82247423087552,-0.0884203540598244,-0.597374430787918,-0.126627475880856,0.799603897024456,-0.00455193498609452,0.112743409613834,-1.3682904948453,-0.169543464101207,0.781454530459205,-1.1116987910595,-0.141408197237212,-0.30447686851858,-0.732438122627476,-0.01165164404288,0.422329817306936,0.390272493212572,0.932103811527115,-0.0951393658338769,0.0596191208154458,69.5,0.0
34292.0,1.21733533433384,0.32426358712898,0.744326918106749,1.23129554022049,-0.496372316421518,-0.721461754343306,-0.0552458880316035,-0.128160477690651,0.085788765209077,0.0219217917044439,-0.337208267140254,0.384645417004721,0.400007181861263,0.154895897473316,1.06198332942614,0.351472121299512,-0.57137698727265,-0.134535906524903,-0.468952728035572,-0.119291378225092,-0.0765626892619799,-0.183366699826209,0.0315329535291184,0.371353119588956,0.424929664931937,-0.479499374505909,0.0365218251059374,0.0319028764687898,2.0,0.0
56098.0,-1.22966891678814,1.95609915073809,-0.851197959645561,2.79698655025108,-1.91397684079333,-0.0449344462262948,-1.34073935355915,-0.5555479867039,-1.18446766006311,-3.24510859732028,2.33832327000211,-2.82004218823068,0.763325773164453,-5.41958986916794,0.0414327925041231,-4.18075778829053,-4.2850705920981,-2.53645157282245,0.93023918577297,0.270459255150975,1.20805425987967,0.277611797272191,0.0192658003152734,0.508528831195383,-0.201182897226566,-0.249600419347595,0.562238742839488,0.0753085014191344,170.92,1.0
78983.0,-0.862424731134963,0.453673961130305,0.303072976842403,2.32552209000998,1.06440115150357,0.36921614431398,-0.473249303545622,-0.467596837746042,-0.590171689495048,1.54087514157049,1.27659600216871,0.326284780460816,-0.85051891271534,0.613153945641347,0.298500605923296,0.0829878122630056,-0.178257637896901,-0.54332417735369,-0.743498734718886,-0.658068475568444,0.782134352737667,0.187132324681739,0.793171805297569,-0.347892530225716,-2.74602875361664,-0.558373180933309,0.589773891895584,0.457487258207245,4.87,0.0
43826.0,-1.47199627665802,0.382023844138893,1.05015730654906,0.477178018148425,-0.151110727794494,0.108982891640865,0.901975651456672,0.553075495419627,-0.813995337329226,-1.00066135124053,1.00731349456156,1.37002094386899,0.168087088999614,0.404638631831967,-1.53609955281558,-0.305616778630469,-0.0285344815878156,-0.387981489530247,-0.73703770253303,0.170077409758423,0.241348870455143,0.304934429036228,0.249145429811888,0.213416699739819,0.147366334907426,-0.532678845784777,-0.0470892658789926,0.0163703712281412,180.0,0.0
85202.0,-0.407999938165512,1.01894644650765,1.37861667856932,0.0988243329170877,-0.044740962643841,-0.71703261747748,0.584917724895847,0.100148306761756,-0.270781231699981,-0.529241305481025,0.13045364220882,-0.420327713415906,-0.960816218101612,-0.182011066350283,1.23180420363436,0.0425933977975525,0.462305499240478,-0.570263131247576,-0.566134063521774,0.0107827731057368,-0.22534830194924,-0.596679428402464,0.0712449465419812,0.321255682286253,-0.310136438063903,0.0846600338486182,0.255415862670344,0.0960893471182552,5.48,0.0
35585.0,-2.01900071938148,1.49126972926361,0.00522181572867197,0.817253270463702,0.973252233873376,-0.639268312778292,-0.974072997078786,-3.14692889107659,-0.00315907368902013,-0.121653217684609,0.0243696057661544,-1.07381224038496,-2.00276910919169,-0.895433620751722,1.74893630108012,-0.103527023620705,2.03119574973193,0.31759835677742,0.38676063692414,-1.02996468249782,2.83959610796444,-1.18544284096841,-0.142811875801854,-0.0861029384113329,-0.329113253522425,0.523601226377288,0.626282771397878,0.152439938058669,0.76,1.0
74450.0,1.11965048061974,-0.0282109000376392,1.36276565003753,1.19796754109434,-1.01852921195105,-0.0974396144420702,-0.667783048043244,0.218716578489572,0.529950010652154,0.0314055922976249,1.17176810495331,0.998049870764112,-0.308555826943767,0.0199866083269495,-0.0612057203034766,0.421570991740747,-0.566659618259617,0.535046196456175,-0.147002118036813,-0.155406462507751,0.0513741339362642,0.262010074980747,0.0179577549564727,0.534707072822257,0.326263550400337,-0.428775337738602,0.0651333144739924,0.0291011095486539,1.0,0.0
28143.0,-27.1436784229495,15.3658043803315,-28.4074244550982,6.37089534679314,-20.0878775718571,-4.66631306343841,-18.7094788213717,17.9035743750222,-3.72227873753244,-8.12096173759343,4.41994345577668,-6.21094112120869,1.06383739513242,-5.84352838067721,-0.108836449172905,-5.60659732565665,-11.7562556050179,-4.71494676131661,0.783577593799492,1.70388764553958,1.79682638880552,-1.96097371657716,-0.90224745220798,0.144011442167384,2.02438803943008,-0.204214065769385,1.33215305903359,0.385890728011147,99.99,1.0
6986.0,-4.39797444171999,1.35836702839758,-2.5928442182573,2.67978696694832,-1.12813094208956,-1.70653638774951,-3.49619729302467,-0.248777743025673,-0.24776789948008,-4.80163740602813,4.89584422347523,-10.9128193194019,0.184371685834387,-6.77109672468083,-0.00732618257771211,-7.35808322132346,-12.5984185405511,-5.13154862842983,0.308333945758691,-0.17160787864796,0.573574068424352,0.176967718048195,-0.436206883597401,-0.0535018648884285,0.252405261951833,-0.657487754764504,-0.827135714578603,0.849573379985768,59.0,1.0
56806.0,0.0168278084833761,2.40082554709233,-4.220359820602,3.46221746352071,-0.624142188342754,-1.29430258598001,-2.98602831443748,0.751882724799937,-1.60667229891344,-5.97492543825504,3.26492215161104,-5.09503162409832,0.307807541258315,-10.0181060613614,0.273282636641356,-3.56253351747421,-4.37710568381017,-1.79263494349375,0.0802807729992116,0.590418382570863,0.285831617664336,-0.771508088806938,-0.265199774294598,-0.873077150100989,0.939776315964547,-0.219084743497804,0.874493632152321,0.470434221788752,1.0,1.0
32686.0,0.287952771527529,1.72873464521162,-1.65217304572257,3.81354418795523,-1.09092715391318,-0.984744665624589,-2.20231792699069,0.555087932252191,-2.03389204830362,-2.73415555507211,2.36843367282003,-3.65680265130054,-0.169534683304731,-4.74441333023745,0.765192829294304,-2.47951355643698,-4.93111196829858,-2.54740252736051,-0.90268980289448,0.265250210286539,0.262201510185118,-0.633527564205563,0.0928910102678184,0.187612655556196,0.368708354409639,-0.132474029018571,0.57656075692479,0.309842705461879,0.0,1.0
48841.0,-0.854800650671029,0.293247500819364,0.820698251015831,-1.15591882220436,0.540709813067079,-0.539710528522069,0.43659696934824,0.101190402844451,-0.0554864087251734,-0.176391590622129,0.215457353014322,-0.252702281458315,-1.01092075925865,0.354331265151588,-0.138134882425696,0.857466270971082,-1.08766739628001,0.677168876269794,0.00648568772735745,-0.0869133914645292,0.119662158773718,0.451773576262515,0.122892773072742,-0.461957604835577,-0.324485081822552,0.933415248876581,0.20744726101885,0.145839540032456,2.61,0.0
76266.0,-1.5365938472294,-5.30941140000805,-1.48880128975463,0.705417448220805,-2.49358776203092,-0.338111534628909,1.60117659356256,-0.50067596082972,-1.11857111857091,0.121671871433848,1.01710420348855,0.328393695158168,-0.558273208297528,0.73691889598947,-0.477039867064903,-1.42325563244527,0.230508939823879,1.43462202590464,-0.721459700758715,2.48990865798173,0.510605136286659,-1.39474471801643,-1.29766507609367,0.648416817492558,-0.200684271981076,0.905069835873094,-0.360061434010956,0.248080241545469,1499.92,0.0
7551.0,0.316459000444982,3.80907594667829,-5.61515901119457,6.04744510216478,1.55402595692572,-2.6513531120137,-0.746579273100222,0.0555863112529252,-2.6786785422399,-4.95949291161496,6.43905335158373,-7.52011739288703,0.38635166741077,-9.25230724747513,-1.36518841502051,-0.502362190618164,0.784426598154274,1.49430460743838,-1.80801215867357,0.388307428238927,0.208828369001674,-0.511746619200722,-0.583813220813723,-0.219845029091423,1.47475258440688,0.491191925656006,0.518868284577287,0.40252806767232,1.0,1.0
46606.0,1.14001721596575,-0.172499760445668,0.160140723166082,0.494147823393374,-0.0124350763549805,0.379725964474735,-0.102704920610051,0.062621116934018,0.224070254460325,-0.0911850677857617,0.141602892198348,1.22003741611462,0.895667532434048,-0.132787083511425,-0.833354995577345,0.321462178037774,-0.720342699793872,0.0662533610749241,0.924469942515285,0.110121168038816,-0.276182909494281,-0.762735689050822,-0.145329860078798,-0.796286762414607,0.465989151633646,0.22646015310258,-0.0273648328706797,0.00777787011407141,69.99,0.0
93879.0,-12.8336314219519,7.50878980635543,-20.4919522106577,7.46577999198461,-11.5753037055975,-5.14099947650773,-14.0205637048257,8.33212047126021,-4.33771253089739,-15.5637913387301,7.61081978841573,-15.5923232225286,0.504789055226229,-13.2478885958622,-0.796526030140245,-10.3423283585648,-16.0445243414767,-5.8821359384126,1.57369789640089,-1.37892322363159,2.96684240389381,0.615344322057327,-0.766494757432984,0.431261005079751,-0.104974994617143,-0.0100913270781415,-2.4008113496639,-0.720556600051925,104.03,1.0
17838.0,-5.18787810836635,6.96770866359565,-13.510931139095,8.61789514115238,-11.2144223939458,0.6722478387604,-9.46253281088355,5.32870420774381,-4.89700552817542,-11.7868116556041,9.36907905765884,-15.0941631493865,1.25637700700759,-11.8521613037824,0.274429814172421,-10.6882417917386,-18.3888105354245,-6.89884013301839,2.38280793552097,-0.623737291574186,2.08608300107406,0.760190240866359,0.716805785858217,-0.646743429628277,-1.61704292571624,0.172346889503238,0.626646780979254,-0.169726031129409,766.36,1.0
31372.0,-6.60034881243405,6.2448109344918,-2.69326717853052,-0.0712506258365369,-2.05898350241277,5.37352001532672,-12.4448021492264,-28.0358382181875,-3.09486634030503,-5.21627556533021,-0.61232216285346,2.70202177136336,-3.1645576873034,4.96402028606263,-0.605167268094995,2.50593382464243,0.683926763521751,0.993548819586359,-1.22570743309459,7.1636068752608,-14.0588095861411,3.7019635869315,2.40385598528491,-0.775970982088315,-0.853667406557972,-0.0994927747902369,-0.34504566121025,0.285643057417166,1.98,0.0
63605.0,-1.60078107203475,1.25903479821332,0.825646195697874,-1.55034978794796,-0.0946894907634652,-0.765758802429763,0.442258230532239,0.148292165521759,0.173729312032893,0.24236830978354,0.808104963398754,0.242402272504806,-0.688765652068178,0.254056068837383,-0.176030156092644,0.751217711155166,-0.927368226755515,0.219720462135989,-0.235180742278986,-0.0530639956576061,-0.0286027816485745,-0.0875765195752621,-0.00935972653733513,0.0217657927031322,-0.264377083262355,0.702533615257257,-0.444403094643068,-0.0944888356790279,0.77,0.0
59840.0,-3.21538175967748,-0.364223121381638,-1.26188334354906,3.79494903930385,0.71120593031272,-1.31647560298004,-5.16514055601052,0.625278383544947,-1.582300584728,-3.25263359468289,5.04075120270381,-5.31444220386187,-0.656470662006063,-6.23304367078495,0.974771279276835,-6.8903177453801,-9.51641148491956,-4.36412771489086,2.59857755637223,0.0196261688931224,0.40134124079647,0.152191258747201,-0.93467547449829,-0.256148382367333,-0.469403308828214,-0.282495914081921,0.86607691066145,-0.433465943783225,5.91,1.0
18690.0,-15.3988450085358,7.47232389650112,-19.0269123426632,11.165525840514,-6.89385628014845,-2.12093657486019,-14.9133299850456,-0.721214094320184,-7.1750966153358,-14.166794659606,10.2777688628065,-14.9854337328686,0.345179234077653,-14.6663889726541,-0.346352541965346,-8.33324249555463,-12.6025964553952,-4.87668342078337,0.604625910708604,1.11150221461014,-2.44488368228,0.727495341024629,-0.345078151264077,-0.981748551471828,0.995271346300177,0.816761717958274,2.26294237384391,-1.17806316323334,1.0,1.0
35942.0,-4.19407367570647,4.38289736244467,-5.11836337307965,4.45522984017686,-4.81262068168969,-1.22464470658392,-7.28132786701771,3.33224979453268,-3.6796585127756,-7.52436833681058,2.95434436554049,-7.09982534281257,1.52036890797685,-7.68780276684597,-0.225002021021292,-8.52085016639749,-13.2772997431934,-5.25370461976771,3.62333181402755,0.579098497681141,1.55047296606276,0.614572855219804,0.0285207917962781,0.0137043244720008,-0.149512012856955,-0.131686656095248,0.473934221832509,0.47375748155095,14.46,1.0
15127.0,1.24244182708077,0.486272282463481,0.449705998789253,0.896734632664461,-0.243671758733304,-1.00384329076829,0.0517782580020763,-0.32467585711279,1.21481524424534,-0.677293081493366,0.991576002906894,-1.91534093196058,2.5414341842019,1.01495052363306,0.28418522941704,0.420478782377679,0.686902366307888,-0.104757095288342,-0.407094399629419,-0.0619784524308634,-0.425143862797734,-0.966876252628661,0.124266940826732,0.297689125831732,0.21308834321452,0.0529107686020791,-0.0471513533392127,0.0274034870716415,10.99,0.0
34521.0,1.08123377540659,0.416413936043849,0.862918740651629,2.52086280678918,-0.00502050005851413,0.563341022808024,-0.123372251574041,0.223121852791809,-0.673597550149872,0.644549730341658,1.1205051770709,1.23777331256672,0.342362114422749,0.0383719793321978,-1.19450308848281,0.0854063439558358,-0.219143226460215,-0.694259215394403,-0.655269928208246,-0.16524877677618,-0.159387123973102,-0.305154013019185,0.0536197364326817,0.0117614442207135,0.375145782072105,-0.106298753298543,0.0210082653765087,0.0105592082435436,1.52,1.0
55279.0,-5.75385192191905,0.577609830544052,-6.31278151817008,5.15940136394611,-1.69831984974091,-2.68328644007023,-7.93438913772177,2.37354992013064,-3.07307886895315,-7.14513662527302,6.25006758982915,-9.15082268467043,-1.37614146959781,-9.98258470738767,1.2022169675584,-7.56504249195105,-13.691474448179,-4.36686728138342,2.18142273556017,0.0175000205275833,1.17785240817647,0.175331359039045,-1.21112332108691,-0.446891081681294,-0.405520352964176,-0.165797490498776,1.50551591304239,0.359492050360598,1.0,1.0
29785.0,0.92376442016477,0.34404807190464,-2.88000365579163,1.72168007534123,-3.01956477860235,-0.639736122583852,-3.8013245024591,1.29909588513018,0.864065471140902,-2.89525166830126,3.02816223099618,-2.54917730779636,-1.56043182473423,-2.97131675769274,1.07889539651163,-4.70201182527384,-4.90809850732764,-1.5088732903485,3.0016850593747,0.170871765618069,0.8999311755668,1.48127100376248,0.725265549161058,0.176959582872624,-1.81563797523647,-0.536517111308732,0.489035020411905,-0.0497285787992942,30.3,1.0
35098.0,-2.34176923410719,-1.5604371958283,-0.108407786274435,1.63475601490191,2.37563644359446,-0.634613235059996,-1.12122850531028,0.8663614753636,-0.47205911120918,0.146982730615871,-0.215324742597704,0.249739759939277,-0.768326331309318,1.01963558943924,0.027400372941728,-0.455568456010418,0.0897831739695244,0.509213897399418,1.23983294301566,0.72701071271044,0.344928385620192,0.225462146762326,-0.210546853283024,-1.13053825473335,-0.404184071743216,-0.199214359041289,0.395095375055782,-0.240329678488951,1.0,0.0
65316.0,0.39016072042771,1.70164975107937,-2.25763565160416,1.76783638939368,0.367936657644749,-1.8897930695521,0.661905227690688,0.215546702018182,-0.300461734195346,-1.41019241382305,0.308387064300918,-1.3220612149336,-1.66749881709576,-2.89716786158069,1.21689480198821,1.04193675731302,3.07863215990474,1.76064603997918,-0.418851888322853,-0.00894963090911726,-0.0948720127867037,-0.306889450565627,0.268429374094242,-0.0101882408399568,-0.469251319651498,-0.3949954205228,0.105246012838544,-0.0470194631850513,49.99,0.0
76830.0,1.03874724552271,0.0240899398702076,0.59791843848602,1.27990393296686,-0.360380083261684,-0.00680855722289855,-0.105354067405882,0.172839468561288,0.0547686170459477,0.0795664164179352,1.38153953365943,0.846335049757078,-0.900558943494374,0.500102168151471,-0.199738113008194,-0.23364637433543,-0.0654865827691194,-0.395296842084569,-0.277819444868543,-0.15262644661172,-0.103938707191419,-0.301606063575028,0.0407796307416224,0.195724889366442,0.358611975136665,-0.499563482052619,0.0294823160112578,0.0190458358525535,41.85,0.0
42247.0,-2.52401156950864,2.09815186657166,-4.94607520997003,6.45658840962748,3.17392137712693,-3.05880605463133,-0.184709664717417,-0.390419986932457,-3.64981179874133,-4.07758540918968,4.38921350258246,-5.84955800710779,-0.750964374574877,-11.5838983872121,0.838750052957938,-1.4610292465747,0.635694232941605,0.390150149131876,-1.06302761603247,-0.162797482259592,0.0279349679314103,0.2203664412615,0.976347942245667,-0.290539415419797,1.1610017911475,0.663953624390758,0.456022723280535,-0.405682084802192,1.0,1.0
27219.0,-25.2663550194138,14.3232538097233,-26.8236729135114,6.34924780743689,-18.664250613469,-4.64740304866878,-17.9712120192706,16.6331030618556,-3.76835097141465,-8.303239351259,4.78325736701241,-6.6992520739678,0.846767864669643,-6.57627643636006,-0.0623303798952992,-5.96165987257541,-12.2184817176797,-4.79184198325342,0.894853521838799,1.65828884445902,1.78070097046593,-1.86131814726914,-1.18816729293127,0.156667050663465,1.76819198236914,-0.219916008250323,1.41185477685432,0.414656383638367,99.99,1.0
41203.0,-8.42681446458936,6.24165891255794,-9.94646974501132,8.19961393161759,-8.21309336768256,-2.52204605104398,-11.6430282742756,5.33950009801351,-7.05101582770698,-12.2653238444006,7.04773274001302,-13.7429528415799,0.821627223133927,-14.1074642630375,1.02047093981622,-11.8478871921138,-21.6739867132891,-7.78404247450965,3.20430921695579,0.563869352833826,2.42746037443776,0.692666548056743,0.0203051671536146,0.499809093124917,0.467593621860553,0.483161969665241,1.19567086957704,0.198294350072086,88.23,1.0
769.0,-0.318298519605287,1.42559413410253,0.220693786680117,0.344021220955677,1.16189836374629,-0.129602638594585,0.835935266236676,-0.00412375675639783,-0.821970148186439,-0.841182314503246,0.703991049760677,0.103251367215618,0.405051510665902,-1.44116940944699,0.222373681282634,1.00965018842452,0.204084401232977,1.57329018436983,0.243100428670781,0.017614199763303,0.00326612286871963,-0.0258568177165915,-0.436676929348477,-0.980193595090418,0.377707835291576,-0.326778635657694,-0.0789728810293614,0.0400287706869178,1.0,0.0
81372.0,-0.88525408859895,1.79064923163963,-0.945148961205205,3.85343274655953,-1.54351007486649,0.188582114329739,-2.98838275644296,1.34405855095688,-2.29453470924744,-1.88617599041763,1.90428359307622,-4.00241403073237,-0.936955588407958,-2.80191542309724,0.798328052783254,-2.34873992555213,-6.42673430721498,-0.827308425201024,1.73238175785046,0.370040520565647,0.746159905151139,0.550802011985416,-0.0348823420887786,-0.56760840448119,-0.528317952733951,0.258782456503747,0.506892694941992,0.176735548819463,7.57,1.0
65385.0,-2.92382666427262,1.52483716405302,-3.01875803326242,3.28929147538496,-5.75554237361289,2.21827630310359,-0.509995431790455,-3.56944356866613,-1.01659168855188,-4.32053577559936,1.27720226474415,-3.70174966668488,-0.97186959353265,-4.85777667212588,0.0906055221312176,-2.80150199048762,-4.18680753704806,-1.64840609367465,1.1764455977519,-0.447039406719925,-0.511656805196235,-0.12272408639124,-4.28863899895194,0.563796657800838,-0.949451350280346,-0.204532177495445,1.51020648735902,-0.324706012560446,1354.25,1.0
55614.0,-7.34795494690262,2.39704134824746,-7.57235581757844,5.17781925521834,-2.85483828261718,-1.79523877381611,-8.78323473517424,0.437156561210431,-3.74059750992972,-8.33286306292127,5.76318940883843,-8.70787929219866,-1.71694948774786,-9.57719439289905,0.146369002626258,-7.58649078643175,-12.5039309695675,-4.37563101237668,2.46519487038601,0.0731637913502985,-0.175273369741836,0.543325051876651,-0.547955067054245,-0.503721690122004,-0.31093277648824,-0.16398601754964,1.19789504657005,0.378186688214491,0.83,1.0
35771.0,-3.21895201068387,2.70853541135777,-3.26304158740062,1.36186594394607,-1.64577567536596,-1.85298187130258,-3.06995821412732,-1.79687585578416,-0.213356097435365,-3.55198400939375,3.77974953895486,-6.98477147722078,-1.14097718858781,-9.37787845231763,0.921463506707037,-4.65207119462111,-9.09423129737693,-3.08254995409724,0.132330776389272,0.571654488206511,1.80787725006384,-0.890421395077162,-0.325814386573867,0.123039596922715,-0.0930137472776971,0.232105969675678,-0.310518998304807,-0.745294626799623,60.6,1.0
37878.0,1.28860267620272,-0.79248940943107,0.205973712075237,-0.668362039164438,-0.974372263005613,-0.453562784225709,-0.597167694337356,0.012897571469168,-0.677420170967731,0.729388612466143,0.740741345521419,-0.494885229298842,-1.16418546276511,0.119179315322412,-0.61680941153413,1.08726020817021,0.244942842117088,-0.927993781631455,1.22345158097499,0.0975106491512407,0.0557070428342234,-0.0198336090699487,-0.109737220954777,0.00562693987221581,0.493919801787515,-0.252267733931595,-0.0153335079196257,0.00569336620671365,59.9,0.0
11092.0,0.378274504006009,3.91479678866992,-5.72687201536627,6.09414095882864,1.69887526405022,-2.8073139468834,-0.591118212837213,-0.123495593086659,-2.53071281390832,-5.15309460989926,4.65408842254301,-7.83953899762349,1.37181858033581,-9.63468971263612,-0.739596855842826,-0.663203945673478,0.891934540534899,0.978675639075006,-2.00547660274646,0.440439440893876,0.149895683076911,-0.601967245529085,-0.613724335539499,-0.403113687819411,1.568445255978,0.52188393400233,0.527937749881352,0.411910405834512,1.0,1.0
87560.0,0.0519247018708119,0.831791189646593,0.256886524630628,-0.595691383213332,0.384568490712742,-1.10045407982675,0.977535438353475,-0.173645558186425,0.0404693780057198,-0.395382260994189,-1.07283712888705,-0.1672888356071,-0.513716408180983,0.214747562674406,-0.340359705401231,-0.0501569441001279,-0.40049723631163,-0.663019838630519,-0.0571016050753515,-0.0726973927334097,-0.271246520247645,-0.62615684039077,0.0670706416426579,-0.0457545861007139,-0.499426502046374,0.143902062768034,0.243846560370937,0.0955317984141267,2.97,0.0
20451.0,-15.8191787207718,8.7759971528627,-22.8046864614815,11.8648680803607,-9.09236053189517,-2.38689320657655,-16.5603681078199,0.948348594786058,-6.31065843275059,-13.0888909176936,9.81570317447819,-14.0560611837648,0.777191846436601,-13.7610179615936,-0.353635939812489,-7.95744722625995,-11.9629542349435,-4.7805077876172,0.652498045264831,0.992278949261366,-2.35063374523783,1.03636187430048,1.13605073696052,-1.0434137405139,-0.10892334328198,0.657436778462222,2.13642447085514,-1.41194537483904,1.0,1.0
67506.0,-1.02734203386702,-0.0749872666106519,2.92212867473586,-1.45321466882523,-1.37701797929501,0.60156793725504,-0.878135837096967,0.585942882378417,0.533452431547923,-0.0253526015157282,-1.34452320029383,-1.02562913417677,-1.46254797935232,-1.35871752580141,-1.53733741232315,0.446672006198874,1.01948701762324,-1.58475988727816,0.0845595392153961,0.185651838366332,0.121420337779846,0.770663780756769,-0.356848721981804,0.103828341820919,0.48433574491365,-0.0742095793860482,0.460573511968922,0.183429590567515,1.0,0.0
53076.0,1.29623080363477,0.417447287721689,0.193963067987499,0.901644194576026,0.13053136701763,-0.371634020776762,0.158125823740231,-0.202668656827626,-0.0795117562857989,-0.0450882478448673,-0.876737591678351,0.687487636238951,1.5747177026257,-0.00779123029058128,0.948315691837591,0.37715383740261,-0.868182736046053,-0.0671351121445059,-0.0644929660672327,-0.0295593500917474,-0.112113509551068,-0.2200020323662,-0.121021883862135,-0.440454448442227,0.671540040565908,-0.413518433654353,0.0328380408333744,0.0206001971066775,1.18,1.0
121125.0,-1.78765818207544,-2.02550977950946,0.485883897371453,-0.535970670301125,-0.786352796162967,2.72238995415442,1.41873638910035,0.601943432296688,-1.58577545840048,-0.186387073573141,0.519357804253079,-1.06324960006099,-1.96905869449014,0.677782618575482,1.01890735069259,-2.25943275423412,0.825914590174813,1.0555324651083,-0.635687914977323,0.871748493494358,0.117827047937845,-0.333240737919169,1.23490908182514,-0.794734632722383,0.323508468531374,0.622785094659735,-0.139699564947772,0.0924200143142143,594.52,0.0
26931.0,-22.5616992591298,13.2089042844176,-24.6438187771226,6.23253182330679,-16.905611362323,-4.49743871970001,-16.8101841919321,14.9551067734604,-3.87129682308601,-8.58126551626339,5.25698760960799,-7.39361499215009,0.538800829120431,-7.57755201800709,-0.030725531904052,-6.45478323655342,-12.8456565242928,-4.86591773720169,1.06244185030067,1.62144422472126,1.76598663639159,-1.6355166467436,-0.998316503452087,0.138972227361725,1.55935014018173,-0.22212451669,1.5044246600224,0.445919826109776,99.99,1.0
102669.0,-5.60369027985602,5.22219270751471,-7.51682997724608,8.11772427554261,-2.75685795265464,-1.57456462233583,-6.33034325040366,2.99841888080239,-4.50816689310713,-7.33437708370839,7.18872396524447,-10.6551809118898,2.59467986078199,-10.242859083204,-0.191158119172494,-5.50433407013933,-8.69777741257031,-1.93422536185434,1.95874993153475,0.227525994742654,1.24289620552409,0.428408392466797,-0.101183595116722,-0.520199121186447,-0.176937756589733,0.461449982566097,-0.106625180749266,-0.479661947808134,0.0,1.0
77154.0,-0.715413746430203,0.608590312773943,1.15550089022062,-0.267565092666965,-0.563747540811752,-0.618897959603515,0.698307698659261,0.0698369023541396,-0.133341030527008,-1.02533539256113,1.50062918076179,-0.417898026653376,-1.59029515148629,-1.07499904137371,0.288234297659522,1.37776850908719,0.22388685433899,1.31107267514226,-0.896071786353489,-0.186977992930248,0.130748607589043,0.239389294462508,-0.0902274074581911,0.411572390517299,-0.216125965872995,0.353896329216255,-0.0623612631790606,0.00843300173166346,129.0,1.0
45386.0,-1.40080040679947,-0.228311958756322,1.41541992266539,-1.66190539273892,-0.188866328989656,-1.21412565559873,-0.361360824043611,0.36740037552455,-1.65834085483804,-0.404172367598807,-0.209831203256177,0.519873560494305,1.24280033865672,0.123369184476292,0.381991906581553,-1.3728080765414,0.188379511611568,0.406837579625675,-1.89470723971026,-0.377761198120127,-0.135700048154421,-0.291099050184674,-0.0698884469757814,0.452912151684834,-0.159509916840269,0.895064426931178,-0.0885602131322866,-0.096295299421368,0.95,0.0
120126.0,1.95018555490643,0.0673845428647319,-2.02157451385236,0.966799178012928,0.886897068694114,-0.413741334246818,0.584053215991599,-0.204269698023496,-0.243563776117679,0.507078504114823,0.457110876873539,0.430163060883734,-0.564428233619793,1.01697581566684,-0.293266726172851,0.0911957542624388,-0.889838733997985,0.31140124743575,0.074928579278594,-0.145888707382464,0.0831179785882723,0.114580264074859,-0.00924014010549823,0.249408837248378,0.340273745010287,-0.62423861090211,-0.0463474754811531,-0.0571618787054053,60.0,0.0
27605.0,-1.25361233834482,1.76553325081384,0.350977637409632,-0.109874078207119,-0.414142124036823,-0.596041468818201,-0.131482413519957,0.959357816160239,-0.784326234489688,-0.479877305073168,0.924688341891432,0.857235821769222,0.264214264675539,0.298496472079584,0.148245368388747,0.895655576698469,-0.0379263743624687,0.518279347637116,0.284460126115623,0.0432845386529316,-0.179889352219145,-0.677783575400524,0.0462712864881559,-0.0577602504488562,-0.045876922129329,0.0844404899663182,0.0972198919959272,0.0194997574648445,1.98,0.0
85867.0,-3.58696386180132,2.60912703784891,-5.56857720803735,3.63194695349796,-4.54358971050144,-0.15789907530677,-4.08912766842153,2.41730514407718,-3.23990097529344,-5.822449155685,3.36918605153883,-5.69192578583088,0.287371390782189,-5.41378669142638,-0.555549924912204,-5.86366171303999,-11.1432410242579,-3.48093955285599,2.79433340410919,-0.178533964286313,1.02442283357462,0.428756482022381,0.182032121144153,-0.534597882665306,0.16893349468844,-0.149843614233619,0.685517241438814,-0.299728379437129,310.42,1.0
21791.0,1.22904671923848,-0.295992575179004,1.03127149086698,-0.510499507930023,-1.17494540138297,-0.77957718482915,-0.674673629732842,-0.096497992503433,3.1581788669127,-1.44522298399369,0.445364596762603,-1.95228810637401,1.253172298787,1.35737750278479,0.574660384492991,-0.452502039391475,0.605839300063649,0.507720423129288,0.353579825982088,-0.169079536347631,-0.160611742305997,-0.00713807647983739,-0.0299124140845099,0.333957967082187,0.461982606094832,-0.724847310011094,0.0625810387877968,0.0299709732347463,11.85,0.0
102625.0,-4.22122078925031,2.87112058054735,-5.8887158872207,6.89095207502484,-3.40489435037622,-1.15439396843915,-7.73992801001653,2.85136330092288,-2.50756869395709,-5.11072764247853,5.35088988417692,-9.29980722738699,2.79314035729228,-6.10655192524523,-2.10694702580884,-6.25062921491661,-13.5663252216994,-4.19278019670633,0.510570181831806,-0.227881506131312,1.62059124560534,1.56794700869044,-0.578007459600926,-0.0590448081819941,-1.82916881940751,-0.0724287202294822,0.136734308772186,-0.599847542493268,7.59,1.0
101313.0,-25.825982149082,19.1672390103062,-25.3902293121699,11.1254347149714,-16.6826439195391,3.93369943022963,-37.0603114554112,-28.7597989339836,-11.1266235224579,-23.2282548357516,3.7859770496129,-10.5224940129243,-2.65749636392801,-3.79279543594993,-4.49894467676621,-6.55787310177539,-12.8672447953713,-5.80459047549908,-1.25446534452587,7.90737812724062,-16.9220157786505,5.70368400806478,3.51001884069223,0.0543302268964685,-0.671983312405663,-0.209431359115655,-4.95002186384908,-0.448412770754799,2.28,1.0
80774.0,1.32206823970776,-0.367397434288264,0.200722033985652,-0.634126895069434,-0.726311773474601,-1.00344076912131,-0.157246777227824,-0.242578999440971,-1.16710365200583,0.566302489014307,0.444525675185135,-0.0916265914628917,0.469584971433443,0.0322075823452695,0.697606860774795,0.528685876990329,0.738903982816764,-2.52104018933857,0.305530899976987,0.0934533628919132,-0.137018994148448,-0.529420486419599,0.175045864275906,0.3940992784075,0.237401147923886,-0.524363303887703,-7.37222319706588E-4,0.0189630364206356,34.0,0.0
59840.0,-3.21538175967748,-0.364223121381638,-1.26188334354906,3.79494903930385,0.71120593031272,-1.31647560298004,-5.16514055601052,0.625278383544947,-1.582300584728,-3.25263359468289,5.04075120270381,-5.31444220386187,-0.656470662006063,-6.23304367078495,0.974771279276835,-6.8903177453801,-9.51641148491956,-4.36412771489086,2.59857755637223,0.0196261688931224,0.40134124079647,0.152191258747201,-0.93467547449829,-0.256148382367333,-0.469403308828214,-0.282495914081921,0.86607691066145,-0.433465943783225,5.91,1.0
96997.0,-0.969012583121683,0.28249747912444,1.86345831792328,-0.562092763407568,0.967509633936186,0.357183487863811,-0.0549567290062654,0.189753753057934,1.68039206542019,-1.50363365638667,-0.801506701993598,-2.76958581919265,1.70783077671414,1.11603940966243,-0.330286184301297,0.141867544396294,0.0418475701325694,0.835955933962144,-0.154502663474311,0.057802004970717,0.0355343260490684,0.310910968975602,-0.457488061527146,-0.0111521221665536,0.788562524346284,-0.102976536185775,0.0223017640367596,0.0665147887239231,9.99,0.0
40919.0,-2.74048250153169,3.65809481979987,-4.11063552027473,5.34024166876747,-2.66677476000958,-0.0927818149405728,-4.38869880914515,-0.280132705503576,-2.82189458229917,-4.46628416302479,3.96979981229186,-7.34671678644283,-1.16331176961366,-8.22556891234807,0.82500183194645,-6.77286703365235,-8.81578542555918,-4.56885928410549,1.12659865645629,0.185325269832133,2.41749541196206,-0.0977119508973041,0.382154506973307,-0.154756519767143,-0.40395592644091,0.277894930235294,0.830061638644528,0.218690442242457,112.33,1.0
55529.0,-3.8913832348028,-3.20267843808608,-0.550307397326428,1.25726400866299,0.0327040583895094,-0.151567249759136,1.75960455885373,0.576042696265715,-1.0264118736323,-1.78601015357115,1.05380384759427,0.0891528811082642,-0.657902447492357,-0.185610969801932,0.22318854548873,1.12344293232938,0.312515181736393,1.12254472769888,-1.33991002980587,2.04955525622858,0.714251843373419,-0.337498188349895,1.61376003467644,-0.529477729744685,0.124814801010711,-0.653738615175761,-0.200582429931567,-0.241117802291069,755.87,0.0
68981.0,-1.28293068948864,1.71206019715391,0.433688845827112,0.107721927367759,-0.693758360152595,-1.12318779997971,-0.0438053489302279,0.820862395261174,-0.456144395509191,-0.637473477058786,-0.581125762443687,-0.0402510113769355,-0.302271389945772,0.243055476118605,0.894918622996406,0.6367500488215,0.365748501264886,-0.00867780060809882,-0.126673620002659,-0.00353891352544168,-0.214276836840738,-0.78425638753036,0.10556513796115,0.309433729257709,-0.0803477725830231,0.0828251602043137,0.10208990519954,0.0212945697576051,9.99,0.0
67231.0,-0.853033613212725,0.249951630249639,2.21607282147247,1.64342719874907,0.293549613963613,1.56091484286767,0.105810454743349,0.624203331295814,-0.336477418922681,-0.225321194942172,0.605853741967975,1.39800059679758,0.472917353382706,-0.752750274960472,-2.63100924046127,-0.167671484980766,-0.104526445655816,-0.706293972652204,-1.81286419802249,-0.0522083745990559,0.351777486066829,1.19360600921443,0.0992774675089279,-0.233237436168315,-0.568093581588397,-0.0615366789234513,0.207304101386994,0.189113542795836,78.13,0.0
406.0,-2.3122265423263,1.95199201064158,-1.60985073229769,3.9979055875468,-0.522187864667764,-1.42654531920595,-2.53738730624579,1.39165724829804,-2.77008927719433,-2.77227214465915,3.20203320709635,-2.89990738849473,-0.595221881324605,-4.28925378244217,0.389724120274487,-1.14074717980657,-2.83005567450437,-0.0168224681808257,0.416955705037907,0.126910559061474,0.517232370861764,-0.0350493686052974,-0.465211076182388,0.320198198514526,0.0445191674731724,0.177839798284401,0.261145002567677,-0.143275874698919,0.0,1.0
46363.0,0.224515309850433,0.806625290826776,0.86970849111937,0.697690065750995,-0.0570625210543466,-1.10915467507419,0.649549300630728,-0.318874056819011,0.382052999419356,-0.608625038619856,0.282823543585571,0.862418258081645,1.08617056248592,-2.20574902364616,-0.694763577964128,-0.220132469170827,1.07854521518622,-0.218179658300144,-0.295769013214791,0.19772957393217,-0.135519753297126,0.193794750621067,0.0397670474784777,0.874644079505067,-0.334513568685253,0.221894927110515,0.0720246403366621,-0.194845778438713,10.7,0.0
121160.0,-1.16601393142384,1.48907929715285,-0.624425175728637,-0.574219809190043,0.0700439680243226,-1.15259932683435,0.504446656383372,0.557814717729256,-0.398850698554158,-0.633318551851391,-1.26100741850201,1.09504405803441,1.38106499202425,0.433804373763679,-0.913900265908237,-0.0923174558279044,-0.110624995608028,-0.784958159298795,0.040753102492998,-0.0274301245105388,-0.0988511264255097,-0.2029884712807,0.0903484880872495,-0.0602962044559165,-0.676221901113615,0.164102234650896,0.28578871817053,0.163909900888034,22.11,0.0
37752.0,1.12280315934987,-1.10187604115866,1.37667465885659,-0.540357856425231,-2.00051071021965,-0.270981243354715,-1.30265733577886,0.178557923505642,-0.420192433613875,0.768004247828865,1.21067016165573,0.350157684475525,-0.026104403664493,-0.0919263652479964,0.833015322442158,-0.456196898290377,-0.499275926371416,2.11982229985133,-0.981282767155349,-0.312562272013358,-0.0578585886578364,0.115749326754771,0.0263304576858398,0.565845519708507,-0.141507058314305,1.078502601403,-0.0227130301531013,0.031759396465875,85.9,0.0
34687.0,-0.860826892469905,3.13178963278262,-5.05296813449749,5.42094070941518,-2.49414141557203,-1.81128662834635,-5.47911745062699,1.18947198655298,-3.90820579292615,-7.06074618169306,4.72997415443333,-8.62905440849263,1.17879796289388,-11.1820634139742,0.445243112696547,-6.53298227788478,-13.3892507167674,-4.48041256680694,0.432054206519352,1.0857595200589,1.19269353963797,0.09035581053399,-0.341880850908644,-0.215924151333767,1.05303194615504,0.271139003495332,1.37329957704625,0.691195095871691,19.02,1.0
84204.0,-0.937843305478391,3.46288948991687,-6.44510395393435,4.9321986662268,-2.23398306982245,-2.29156112129773,-5.69559392853253,1.33882463362261,-4.32237655329329,-8.0991193981365,7.18296700883659,-9.44594338249901,-0.314619967520224,-12.9914655817567,-0.136358931959623,-6.36752437517144,-12.7343938853776,-3.84512965889743,1.00766725992114,1.12953228130351,1.06655024941577,-0.521657289347299,-0.319917292909547,-0.405859088093617,0.906802159957716,1.16578389011737,1.37449533233535,0.729889341911333,0.0,1.0
53658.0,-1.73934096431325,1.34452078912347,-0.534379047474665,3.19529149873811,-0.416196142475576,-1.26196066822182,-2.34099093949748,0.713003645507275,-1.41626499933122,-2.9966693020716,0.747478135782509,-4.59661151187479,-1.92775970193864,-4.75707449850737,-1.2478148188713,-2.53549425081321,-5.35646454386042,-1.97474852459452,-0.603726269220942,0.00274947845372853,0.38318010845642,-0.21395221812466,-0.336639824887574,0.23707630076775,0.246002931555889,-0.044227636498999,0.510729074882634,0.22095159365596,0.0,1.0
40742.0,-2.37753280180283,0.520539361927579,-8.09413945532841,8.00535147326105,2.64075021376276,-3.38158645291742,-1.93437244067366,0.562322111872781,-3.10402718606356,-3.05121035544102,5.73576265915634,-4.74769250131792,-0.784223284478966,-10.7163393018774,0.656516978131348,-1.14246727231018,0.91859080878698,1.12633522330277,0.0929734778841175,-0.634747080915274,0.148284201590387,0.7210995412337,2.66129069804724,-0.508619933518595,-0.401656629278738,0.587611216267645,0.500326371108344,0.551759687906722,1.0,1.0
62774.0,-1.04770029675608,0.215423306566762,2.14893549745864,1.34309133816046,0.727573871193701,1.16072773799244,-0.0485237022820579,0.574369255061145,-0.701721924413838,0.00474555623962669,-0.0294849670152262,0.16648220950944,-0.125807282487617,-0.214200272687511,-0.889448868870893,1.1106722782456,-1.1167584453273,0.560941465027362,-1.37388220117295,0.0689705448889236,0.302085668444966,0.664226010972208,-0.064490076293883,-0.86284037405501,-0.141826343945812,-0.0206898121930848,0.106945512915556,0.135115681221971,64.66,0.0
40276.0,1.15937314510686,2.84479469928473,-4.05067950821309,4.77770088131929,2.94898004123771,-2.01036111013216,1.74408581794948,-0.410286521869204,-2.45019774688553,-2.04216786301424,1.84409317018026,-2.42593281501277,-1.5842751343556,-7.2083115791564,0.459828383286257,2.37529619792022,6.4435098643744,2.59184606301795,-2.88977035831304,-0.059264385833904,-0.176541018596848,-0.433469859425429,-0.529323202003731,-0.597019604985794,1.33595405267787,0.547092070642555,0.00997894426391215,0.160769150049196,1.0,1.0
61665.0,1.20340838495337,0.282300961361546,0.641648704900594,0.542800805614934,-0.42655628954687,-0.759534106993354,0.0364502603525258,-0.132668315717448,-0.391290113162406,0.0712178772074313,1.84877207439938,1.69657925703343,1.26860240447351,0.234466455278768,0.198639650245952,0.389259746232717,-0.660824996528238,-0.245363161868014,0.0862648792047591,-0.0196171259330944,-0.179843028450138,-0.506456984840264,0.136239041992773,0.559767090205426,0.196342803622592,0.0608463958842381,-0.0256218004617535,0.0132527460748648,1.98,0.0
27163.0,-23.9141008948243,13.7659421584186,-25.7337337663194,6.2909179135006,-17.7848236618953,-4.57249762015164,-17.3907644695894,15.7941361803271,-3.81983218698836,-8.44226241787632,5.02011249777419,-7.0464278465108,0.692785249374773,-7.07689932873899,-0.0465348409616521,-6.20823797273981,-12.5320624040465,-4.82885763250639,0.978636193358608,1.64003733516462,1.77339928248294,-1.74842552125898,-1.09310448820022,0.147807442391992,1.66379235724108,-0.221024471156944,1.45807561131952,0.43031504868091,99.99,1.0
84204.0,-0.937843305478391,3.46288948991687,-6.44510395393435,4.9321986662268,-2.23398306982245,-2.29156112129773,-5.69559392853253,1.33882463362261,-4.32237655329329,-8.0991193981365,7.18296700883659,-9.44594338249901,-0.314619967520224,-12.9914655817567,-0.136358931959623,-6.36752437517144,-12.7343938853776,-3.84512965889743,1.00766725992114,1.12953228130351,1.06655024941577,-0.521657289347299,-0.319917292909547,-0.405859088093617,0.906802159957716,1.16578389011737,1.37449533233535,0.729889341911333,0.0,1.0
115166.0,-0.101477968826171,1.46684166253331,-0.356523525962033,2.51311887158922,2.08276128478215,0.26022507200715,1.60715558859848,-0.0757558164278105,-2.3478644579867,1.01769482092123,-0.176740565913593,-0.0581767142649283,-0.182306045551675,0.656282158030668,-2.45668570293512,0.520097205463735,-1.0753797353125,0.0863338046400632,-1.07174587042667,-0.171838811388718,0.309468059179138,0.817102535198633,-0.168712174224277,0.35351294534763,-0.431877918903065,-0.035832203499022,0.155819165512783,0.224952195183906,21.65,0.0
87883.0,-1.36029263351035,-0.45806896998712,-0.700403917726715,2.73722917151503,-1.00510597388675,2.89139936351597,5.80253735302589,-1.93319735249124,-1.01771714252211,1.987861862693,0.504116141204789,-0.863430853145281,-0.184450076491427,-1.01691553500414,-1.55941019827384,1.15431268558106,-2.04385766822656,-0.151698807119589,-0.94351353548825,-1.49340137472525,-0.936989532415364,-0.0538115862306455,0.580105893889531,0.216927302487974,0.151642929701357,-0.33211456915886,-0.469800301881959,-1.495005896766,829.41,1.0
42985.0,-4.07597468486268,0.963031254092613,-5.07607019842086,4.9559633578155,-0.161436852450419,-2.83266299767191,-7.619765445461,1.61889544068454,-2.99209215744034,-7.14219911358407,6.27866584548672,-9.40706094796316,-1.81887396082411,-10.7395718907673,0.224206083734093,-8.42708279627514,-13.5021528919623,-4.71296758855481,2.6304759946371,0.0588612515023862,1.03073825203134,0.165327776328984,-1.01750231442165,-0.477983380813876,-0.304986825039416,-0.106089275128594,1.89971434181658,0.51146170682063,1.0,1.0
52316.0,-2.29667689869235,1.52613273188001,0.19551294839387,0.947414316347783,-2.76304271244354,2.10694928397158,1.25113506164192,1.35754216567991,-0.914143413303676,-1.05261167167729,0.951932021989236,1.10738804771381,-0.338999875111106,0.995034123895195,-0.0950115652772314,-0.482738811518742,0.97088217259448,-0.535645911698262,0.439143246620471,-0.469956078093861,-0.117984840303605,-0.179119228387435,0.0993943792896517,-0.2761558719076,0.281804825189319,-0.354896100022073,0.0149215839018645,-0.233732756790859,459.0,0.0
12597.0,-2.58961719821269,7.01671438495857,-13.7054072869097,10.3432280604117,-2.95446103475574,-3.05511578527804,-9.3012886151434,3.34957336071614,-5.65421202641103,-11.853866972601,11.6692047358121,-17.2286622386187,0.0555715664836118,-18.4937733551053,-0.304172113519045,-10.6294973901353,-14.4412111342765,-5.10548646597228,1.2702262705049,1.48885519236896,1.88773772551451,0.333998184533223,0.28765904061745,-1.18640640906644,-0.690272670076388,0.631703772210546,1.93422076005943,0.789687172212655,1.0,1.0
88672.0,-3.85988078691481,2.63288131193679,-5.2642653095088,3.44611314661501,-0.675231056544998,-1.90495945391597,-3.2910408690196,-0.985766040904484,-1.16811416733417,-3.93629417027159,4.25656448730292,-6.60065448140166,0.00562637646602147,-9.9585309187018,2.47135790380837,-5.7001414199952,-6.38809273753128,-1.83815930102503,2.99317350708135,-0.178626358366056,1.66411901528299,0.785075271950043,0.0684124857414983,0.778960915978384,-0.863165919910699,-0.00680961441649656,-1.06573404007904,1.77332644564776,1.18,1.0
35771.0,-3.21895201068387,2.70853541135777,-3.26304158740062,1.36186594394607,-1.64577567536596,-1.85298187130258,-3.06995821412732,-1.79687585578416,-0.213356097435365,-3.55198400939375,3.77974953895486,-6.98477147722078,-1.14097718858781,-9.37787845231763,0.921463506707037,-4.65207119462111,-9.09423129737693,-3.08254995409724,0.132330776389272,0.571654488206511,1.80787725006384,-0.890421395077162,-0.325814386573867,0.123039596922715,-0.0930137472776971,0.232105969675678,-0.310518998304807,-0.745294626799623,60.6,1.0
49904.0,-1.15314115923117,1.22028046661269,2.62122891456145,3.20619480769317,-1.10460362907419,0.942921420373861,-0.0756807804997772,0.776284511291133,-0.960502069498731,0.146867576944328,-0.375899044075703,0.68403881818422,0.787647554766938,-0.325560319288039,-0.0137415279883411,-0.765497226534629,1.05384258961755,-0.73015768391181,0.621477447931456,0.368677679326578,-0.0186928246867604,0.0839874174422588,0.156830452177883,0.632622161699069,0.0270524092469056,0.203969689873772,0.239393375196747,0.108766990635168,95.08,0.0
20332.0,-15.2713618637585,8.32658106147414,-22.3385905133352,11.8853128922128,-8.72133435613386,-2.32430694897567,-16.1964186599881,0.512881820424485,-6.33368515594745,-13.175198078736,9.93981974172569,-14.2254557039818,0.716033665192873,-14.0047761755606,-0.329447848153274,-8.0594194070953,-12.1220088158237,-4.79971013254961,0.686227163597458,0.993121017282391,-2.3568962794623,1.06801917704623,1.08561716724338,-1.03979707801119,-0.182006136246673,0.649920860777984,2.14924707788821,-1.40681133211222,1.0,1.0
75978.0,-5.14072311805277,3.56875123426923,-5.89624545735196,4.16471993013258,-4.09119263947502,-1.98996029061886,-5.47243601705169,2.42282066166249,-2.90973525837833,-6.28780335064533,3.70431215185119,-7.26754953396678,0.329269938095914,-8.45897495556967,1.35448720090917,-5.9762209822112,-10.5760149147501,-3.52516124688807,1.73797600497073,0.318995199686566,1.13113028151049,0.118021510216711,-0.332704205017834,0.139940733895169,0.324757896441424,-0.180769130367976,0.177810382911191,0.661555355551591,99.9,1.0
24792.0,-0.247378486523541,1.30021952202038,0.873616010824675,-0.073903056758573,0.902254021388432,-0.0914260965752304,0.709813244098993,-0.150719260245143,0.75777711791902,-0.928801144782889,-0.261420501602844,-2.2562677704576,3.49510323965441,0.625147284190352,0.0954438065775824,0.692624113097477,0.146313748567165,0.410551639391578,0.221785409352354,0.223349044363722,-0.485936225687243,-1.01142593108171,-0.181158930115829,-1.08897077789431,0.0557730142995971,0.114912476386091,0.224928767637741,0.0812819206875136,8.7,0.0
33572.0,1.2516995948069,-0.0661011846055604,0.311346713807926,-0.108738806188177,-0.5004966794592,-0.701121487675883,-0.146902247233323,-0.0564156002205029,0.358425258502583,-0.213918129172355,-0.122044058874866,-0.0942542827175265,-0.650512031510366,0.41037927755419,1.468846776804,-0.0017826247836578,0.0166007968793727,-0.856524811768133,-0.282927126558751,-0.144128628703602,-0.0897019823814342,-0.245800781235431,0.0828543327357206,0.126923255164035,0.142404907528418,0.992068982399172,-0.0725023454933911,-9.52053841763515E-4,4.46,0.0
76354.0,1.41682046115777,-1.02474078931736,0.122599602698392,-1.36120788018695,-1.39205152561294,-1.02250850113002,-0.684598983826364,-0.217444395373925,-2.29680971107201,1.63304749554004,1.35890053754531,-0.309605590848123,-0.00484501112806949,0.142095784760882,-0.31672095991819,-0.488902550566827,0.45846214934867,0.275623682010848,0.0486268893670504,-0.280289173080718,-0.121938847926795,-0.0856929160017543,-0.0443934539944463,0.516905968719737,0.479465637010898,-0.177779723838933,-0.00309914718455246,0.00966113380357284,50.0,0.0
406.0,-2.3122265423263,1.95199201064158,-1.60985073229769,3.9979055875468,-0.522187864667764,-1.42654531920595,-2.53738730624579,1.39165724829804,-2.77008927719433,-2.77227214465915,3.20203320709635,-2.89990738849473,-0.595221881324605,-4.28925378244217,0.389724120274487,-1.14074717980657,-2.83005567450437,-0.0168224681808257,0.416955705037907,0.126910559061474,0.517232370861764,-0.0350493686052974,-0.465211076182388,0.320198198514526,0.0445191674731724,0.177839798284401,0.261145002567677,-0.143275874698919,0.0,1.0
58222.0,-1.32278906321956,1.55276821126964,-2.27692070362638,2.99211739124618,-1.94706392017319,-0.480288250384527,-1.36238752318047,0.953242226598613,-2.32962885992389,-3.39355348115172,3.1284396921776,-3.57039373078107,-0.595198191474463,-3.98841505479623,0.995905842419722,-2.84378455855144,-4.82624611607161,-0.703883464864473,2.15221455770756,0.988493486888991,0.614968996752659,-0.195199717277462,0.590711261700839,-0.233377663885038,-0.164285286785183,-0.27749787053455,0.428610084734921,0.246393746180351,270.0,1.0
35771.0,-3.21895201068387,2.70853541135777,-3.26304158740062,1.36186594394607,-1.64577567536596,-1.85298187130258,-3.06995821412732,-1.79687585578416,-0.213356097435365,-3.55198400939375,3.77974953895486,-6.98477147722078,-1.14097718858781,-9.37787845231763,0.921463506707037,-4.65207119462111,-9.09423129737693,-3.08254995409724,0.132330776389272,0.571654488206511,1.80787725006384,-0.890421395077162,-0.325814386573867,0.123039596922715,-0.0930137472776971,0.232105969675678,-0.310518998304807,-0.745294626799623,60.6,1.0
115816.0,-7.37454285153356,-9.77037870921326,-0.701541968170277,-0.388723623077069,9.20639511931176,-6.24936140672528,-2.94851394323906,0.0974389864679372,0.417998895800387,-0.856264289911933,0.385503471906536,0.767190394350249,-0.599745406311314,1.31393576064766,-0.0177900698182571,-1.43902863310163,-0.270963533228998,0.824629250012507,1.39626891632543,3.22098543285965,1.22009195696326,0.371185743282336,1.68180726532272,0.216905508138793,2.2190179615495,0.290827727962135,-0.693099412639236,-0.0134649028114671,383.88,0.0
66430.0,-1.57220049595057,-0.701301278153986,0.511534010920934,-0.862446079738498,0.263180128157277,-0.262617446874042,-0.341090890494552,0.518394937769137,-1.38927105215465,0.0532135632458463,0.341219841814708,1.03103593205261,0.609408801604782,0.142709396147174,-1.7154613333832,-1.54647847377621,0.0214557851701979,0.870922738412894,-1.24178406964855,-0.616968487355393,-0.228854606160882,-0.355080679435107,-0.108575763732104,-0.266942142051115,-0.672116239897485,0.0781067497154504,-0.00492993689837042,-0.0351081871388114,56.0,0.0
102669.0,-5.60369027985602,5.22219270751471,-7.51682997724608,8.11772427554261,-2.75685795265464,-1.57456462233583,-6.33034325040366,2.99841888080239,-4.50816689310713,-7.33437708370839,7.18872396524447,-10.6551809118898,2.59467986078199,-10.242859083204,-0.191158119172494,-5.50433407013933,-8.69777741257031,-1.93422536185434,1.95874993153475,0.227525994742654,1.24289620552409,0.428408392466797,-0.101183595116722,-0.520199121186447,-0.176937756589733,0.461449982566097,-0.106625180749266,-0.479661947808134,0.0,1.0
96135.0,-1.95293262584861,3.54138524292281,-1.31056140773257,5.95566359407,-1.00399266347247,0.983049267722507,-4.58723460197373,-4.89218360319852,-2.51675203271071,-2.85032390160027,2.02467408050134,-6.48774641306604,2.37646259977422,-2.24151634571345,-0.566869734947616,-3.93685691797738,-6.12719357199364,-2.32855196140235,1.56212955232854,1.96502978343686,-1.99809122812016,1.13370623369264,-0.041460872197789,-0.215378738296157,-0.865598577097396,0.212544577403768,0.532896738259478,0.357891632792824,18.96,1.0
43389.0,1.08431957478692,-1.23784191639971,1.02265946077099,-0.508855357581491,-1.73841405975337,-0.145324472416072,-1.14165352521081,0.163718257448503,-0.265756237467023,0.641559014638615,1.01908199396246,-0.138988508451162,-0.512539404426382,-0.353813337143981,-0.251046960333114,1.42876665870382,0.103151144892068,-0.421137479055251,0.716559132099142,0.283278663363558,0.423218773950902,0.95620307495194,-0.212340765828417,0.38151191877806,0.360232775068221,-0.0744920089565356,0.0191016950485883,0.0347061591054809,129.0,0.0
4105.0,1.19277794150694,0.172737920611025,0.493896763259945,0.658068278282439,-0.269594286845222,-0.436693735504205,-0.150085679724235,-0.0877364948892409,1.18813312585913,-0.26011223039203,2.02267601820255,-1.90228643401872,1.285241889004,1.98546513065206,-0.307353808643138,0.600844928123559,-0.0245966765483895,0.419834230244026,0.0887892690098941,-0.102833317128556,-0.369695659406458,-0.946352176546558,0.0793571679063932,-0.0849887434893476,0.177091052202489,0.0585501661021771,-0.0692293709407732,0.00222348009408789,27.99,0.0
62315.0,1.19580100767164,0.207321279923076,0.594027883385318,0.682082619260658,-0.692172722585444,-1.34729577655836,0.174224582316625,-0.2891185369524,-0.045333077352786,-0.0880713553408204,0.276566569332616,0.636974086489214,0.398681998663885,0.256211353318499,0.874786090296311,0.0454972819670537,-0.180391496779716,-0.758463616031195,-0.282438837146181,-0.0550326743254823,-0.157353963378194,-0.475805387033427,0.130549923012077,0.93872741358834,0.2268695831608,0.243069170197785,-0.04432813749267,0.0229811889216518,21.95,0.0
72072.0,1.09783091219351,-0.96431580109771,-0.064509852246421,-0.644708692211084,-0.94432158283933,-0.582291662750169,-0.247508789192937,-0.143170330231507,-1.14875895944662,0.80661598072684,0.857745598223172,0.266231681107791,0.0177868948353204,0.418769581743927,0.218334524760801,-1.00622935755812,-0.364929240765495,1.53848301579624,-0.391334106592107,-0.16999631149041,-0.270109430514034,-0.67681912837855,-0.13547294802355,0.0457769101657683,0.225256250237804,1.02799439126984,-0.0998424465427932,0.0165902257909533,156.89,0.0
54790.0,-1.7603429731215,-4.68464477143119,0.0163165268638572,2.60385681919216,-2.77645993116623,-0.046824283174102,1.30605004067849,-0.362945524211179,0.325442980819965,-0.720524873224372,0.121552821965577,0.77057738823458,1.1021036564674,0.0627481190277993,1.61261852383801,0.812861644174676,-0.58321256757506,0.638954412361551,-1.52571510535851,2.95815146481651,1.19894576622155,0.155290272828009,-1.32513704813285,1.02048092315002,-0.232951296799567,-0.432801879792779,-0.2011973674203,0.310315444510287,1500.0,0.0
109533.0,-0.789007668467743,1.54841871364977,-0.963767171117303,0.737133011651584,1.33239291408828,-1.01235762022481,1.54617253079638,-0.517073221353555,1.23082595073725,-0.732775087448321,0.339398620590928,-3.29421142764944,0.184106592248958,0.352746165172847,-1.44757639646298,-0.416764476674504,1.71555965515119,0.435167118000773,-0.906140550304508,-0.407583115211634,-0.0408347129047938,0.327472233992285,-0.144560173747913,0.880305430558407,-0.607237187554753,-0.863478159568604,-0.77234478599236,-0.190117198415695,41.23,0.0
102669.0,-5.60369027985602,5.22219270751471,-7.51682997724608,8.11772427554261,-2.75685795265464,-1.57456462233583,-6.33034325040366,2.99841888080239,-4.50816689310713,-7.33437708370839,7.18872396524447,-10.6551809118898,2.59467986078199,-10.242859083204,-0.191158119172494,-5.50433407013933,-8.69777741257031,-1.93422536185434,1.95874993153475,0.227525994742654,1.24289620552409,0.428408392466797,-0.101183595116722,-0.520199121186447,-0.176937756589733,0.461449982566097,-0.106625180749266,-0.479661947808134,0.0,1.0
76802.0,-0.852064115442312,1.53359930783604,0.417622547145294,-0.177896023016371,0.154007689733516,-0.482395593803106,0.368507384417305,0.403685828458452,-0.35743088294212,-0.438964813574605,-1.14559533957393,-0.0536067174970348,0.685034790428673,-0.309662419007337,0.905843598691779,0.753854619466019,-0.205017580370352,0.159606337636304,0.23825532228889,0.180064228995421,-0.314159161513333,-0.871053959406909,-0.0525779557747878,-0.63300152617117,0.0607797388103283,0.138872272734395,0.233155324253828,0.0827193176503088,9.99,0.0
85435.0,-0.0089078019572425,0.95271887376357,0.255598416363487,-0.469650365384487,0.477452068770033,0.0273744061904609,-0.0951465017991912,-1.66666607451963,0.00910238064639872,-0.661965466805017,-1.48955969118137,-0.267254911331201,0.163203132838447,-0.288182751164282,0.669149160729346,1.15870918288714,-0.663182519393153,0.14415448506837,-0.450063647957597,-0.406473886665694,1.158242612405,-1.66623723477045,-0.0943885416273192,-1.08652606738519,0.777341585124092,0.108042748265382,0.147824733941196,0.22013639975155,8.99,0.0
55121.0,-1.60237352257636,-0.970191438261427,1.38751361969371,-2.09079021875688,-1.06425969391497,-0.675642367025477,-0.521750914907929,0.445869128709263,-2.16532170995246,0.392337023529518,-1.45883542512177,-0.781401457307087,0.551540507083746,-0.537545870102023,-1.13629653835577,-0.446932645003108,0.717099954042396,-0.15276263960513,-0.251973495253215,0.160223302790511,-0.298241800897964,-0.865509945127753,0.0804361968854798,-0.0111282008268545,0.521391730714329,-0.384869467414306,0.156323248841604,-0.0473857554066971,121.0,0.0
59514.0,0.982957180106389,-1.03303944774206,0.201163453055941,0.241149967318742,-0.442685143549433,1.23850214352229,-0.674765911900539,0.249018276649747,-0.743316937845602,0.724196298351701,-0.0946433639502443,0.740251844713668,1.17228032066118,-0.228673812345159,-0.0988027167137491,-1.16298343870149,-0.565552026234448,1.85449112261696,-0.729243441273858,-0.133169480253064,-0.143058533110566,-0.10635497587189,-0.359837801702881,-1.33398725897174,0.566838925029687,-0.145859339005556,0.0621936479276123,0.0374697803696143,176.0,0.0
29699.0,-0.675072450347827,0.537755016776533,1.53206965802974,0.0302172145158187,0.199324281037237,0.701936726341773,0.442919332032493,0.343467970068597,-0.248192383603541,-0.455642057755002,1.24268955396985,0.711585958920846,-0.785457240301164,0.151236064010219,-0.54118334681524,-0.75413820057041,0.382694860723906,-0.88478586996712,-0.0391479212552091,-0.179979957195259,-0.0440680011524042,0.012919224994786,0.0211996555161423,-0.277530845083591,-0.194006689137574,0.263196129322309,-0.0543198891523234,0.0149329474613493,34.35,0.0
43494.0,-1.27813773524814,0.716241580332591,-1.14327922918382,0.217804800631468,-1.29389046969973,-1.16895152511977,-2.56418198278833,0.204532467641239,-1.61115462297744,-1.25028553742691,3.36736102310858,-4.58309584545642,-0.806939683730076,-5.20830522179452,0.525823682164556,-1.81591431259746,-5.24911146794949,-2.19669120679566,2.10905264474381,0.817203155491914,0.490182667533974,0.470427403079725,-0.126261344339209,-0.126644458784455,-0.661907559467122,-0.349792996571914,0.454851068382725,0.137843477172283,24.9,1.0
26819.0,-0.746643741543259,0.467945299556852,1.36915795037099,0.13832419521808,0.257977303114019,-1.08182968013357,0.254410289097185,0.171613195033278,-0.436162458858018,-0.275056846539935,1.43851871823246,0.00401155346107154,-1.31078309285326,0.0652711465697443,0.342298824232561,0.573723473168743,-0.0850064433861015,0.472295877289782,0.130809591863103,0.187016104957938,-0.167146041134316,-0.676778476750338,0.137870646009877,0.444467878251827,-0.236352449597264,0.0459181737434999,0.211615064770881,0.0976964648275997,17.99,0.0
27163.0,-23.9141008948243,13.7659421584186,-25.7337337663194,6.2909179135006,-17.7848236618953,-4.57249762015164,-17.3907644695894,15.7941361803271,-3.81983218698836,-8.44226241787632,5.02011249777419,-7.0464278465108,0.692785249374773,-7.07689932873899,-0.0465348409616521,-6.20823797273981,-12.5320624040465,-4.82885763250639,0.978636193358608,1.64003733516462,1.77339928248294,-1.74842552125898,-1.09310448820022,0.147807442391992,1.66379235724108,-0.221024471156944,1.45807561131952,0.43031504868091,99.99,1.0
78725.0,-4.31247908052279,1.88647569827836,-2.33863356144698,-0.475242891532036,-1.18544386151204,-2.1120788975769,-2.12279296550593,0.272565132222544,0.290273064048255,-3.8337413849476,2.50978140392157,-3.61123136485112,-1.02429952994167,-5.29192495475268,1.6498073488757,-3.26265841898301,-4.33311795972043,-1.86304896791862,-0.00953360656837195,-0.718705614884897,0.550540662080627,-0.0678702198276179,-1.11469186343039,0.269069433187685,-0.0205724593187757,-0.963488862263668,-0.918888353795928,0.00145356217673386,60.0,1.0
85285.0,-6.71340697159693,3.92110415204576,-9.74667821737542,5.14826254938013,-5.15156271985187,-2.09938865681113,-5.93776683170198,3.57877960420447,-4.6849517505833,-8.53775768653457,6.34897930341209,-8.68160893168352,0.251179384774619,-11.6080022570993,-0.351568782034355,-5.36356643348466,-11.9390915052116,-3.58360287020043,0.897402406121681,0.135711322729059,0.954272201927517,-0.45108644858101,0.127214424071711,-0.339449869297565,0.394095513633807,1.07529509891805,1.6499059092424,-0.394905372194808,252.92,1.0
66037.0,0.286302363835244,1.39934474808556,-1.68250270884931,3.86437703955242,-1.18537340204974,-0.341732013808781,-2.53938012266357,0.768378375007388,-1.54788162780199,-2.65971794652165,2.6215881261205,-3.46236188507757,-1.05430017332918,-4.95582330430277,-1.40027445820489,-2.33994291742419,-5.19779447735003,-1.34281449785555,0.288846910516582,0.270360155086889,0.352456413618901,-0.243677652080658,-0.194078546536702,-0.172201087463232,0.742237197555102,0.127789797006944,0.569730790365159,0.291205858831994,7.53,1.0
110687.0,1.82446481223444,-0.451068360578199,-0.269870571523945,1.16965512392316,-0.0265386356011746,1.2038653210507,-0.970556111928395,0.299862891790059,2.28098523121495,-0.103132109310436,0.75848771620668,-1.7928601884872,1.96043021856804,1.32098578048231,-0.601857685756768,1.03354930105404,-0.646147234049885,1.3708171611105,-0.301484367881579,-0.0764961143275761,-0.0441795040118025,0.0771195136518253,0.119179294614811,-0.456193923314324,-0.270698012177794,-0.762408679122427,0.0343605306385935,-0.0277567773219608,76.0,0.0
85028.0,1.01603609220924,-0.0156593562955238,0.228096049976048,1.24744632479226,0.0664218936983769,0.373340205141697,0.0938116975827115,0.0965336829980785,-0.0584333106677492,-0.00679581920641191,0.986763872355146,1.4788086982538,0.542223866411258,0.120795983381797,-0.837503912101961,-0.454371952012502,-0.143936048668242,-0.446389363697752,0.019575060195311,0.0120755809174675,-0.0231895261132449,0.0165954427054236,-0.182340081703472,-0.265143327472389,0.675642803087815,-0.31935455204869,0.0274673529981472,0.0156794592279584,75.41,0.0
62219.0,-0.99737142720744,1.2034465107386,1.4986307820648,0.962502109637163,-0.0179465766823287,-0.598133130458467,0.448966581250666,0.0557588412422211,-0.699228032336682,-0.118941370267434,0.358357764948338,0.817144389091926,1.08877146472561,0.169500975101624,1.25560488905574,-0.678914930559451,0.239114090806096,-0.673659882888056,-0.108657360380593,-0.0659261199303413,0.152554326834438,0.499814199579688,-0.121030169829884,0.631550711070503,-0.398047145433268,-0.476403920453125,-0.342346007979357,-0.170702385381505,5.0,0.0
55311.0,-6.15960693036327,1.46871292315117,-6.85088814665684,5.17470627250374,-2.98670392387712,-1.795054145699,-6.54507152628193,2.62123613805269,-3.60587012643541,-8.12216107491307,6.02903256317613,-9.22585530778592,-1.54675863096913,-10.3093341893072,0.308062393533042,-7.78732622111619,-12.8221770045808,-4.36767713342358,2.64398422133793,-0.289829585956863,1.06131418230601,0.125737468595024,0.589592331660844,-0.568730604518481,0.582824720935876,-0.0425826450995479,0.951130233081124,0.158996023697089,0.83,1.0
85285.0,-7.03030814445441,3.42199090467553,-9.52507177254752,5.27089100906596,-4.02463027558805,-2.86568161775739,-6.98919473439446,3.79155093755913,-4.62273033596451,-8.40966487562735,6.30904400603177,-8.57676143258937,0.246746716929862,-11.5340460181508,-0.3642651387587,-5.45249465771382,-11.8875700201872,-3.56358481007011,0.876018768156628,0.545698040621445,1.10339774484256,-0.541854751589521,0.0369432219896495,-0.355519004066217,0.353634382097,1.04245799282131,1.35951563156376,-0.272188101257294,0.0,1.0
24116.0,-0.937717838174609,0.0202646970491409,2.10095326385901,-3.11264590802531,-0.158832824531235,0.992359639023439,-0.287001942041952,0.306217903399558,1.55229565624266,-0.752039955949245,1.43567636637228,-2.57939371194706,1.16921021197715,1.22935917014242,1.98412656654629,-3.06160953830276,1.76600537389534,-0.126092375491836,-2.04285944102996,-0.2997470943683,-0.548216198694991,-0.35820787682847,-0.0584339701050556,-1.05860295836322,-0.133096226005615,-0.0725684297065435,0.30648386647952,-0.0448327752300532,6.59,0.0
67741.0,1.23329239040508,0.285154908581001,-0.139732696128527,0.752473453824078,0.670468909027913,0.719640234014551,0.00914422991412388,0.103801167944913,-0.361677104695294,0.155476441018914,0.485416214427078,1.11818921539802,1.34621421909614,0.239308056090908,0.459217802296029,0.39525440963468,-1.00578488228169,0.277109542596869,-0.0412514215906312,-0.0319310737865116,0.0772383928049049,0.323427228513501,-0.279681159488451,-1.30582799874683,0.789562649677345,-0.188406250249473,0.0357812948066288,-0.00187224914591792,10.0,0.0
41203.0,-8.42681446458936,6.24165891255794,-9.94646974501132,8.19961393161759,-8.21309336768256,-2.52204605104398,-11.6430282742756,5.33950009801351,-7.05101582770698,-12.2653238444006,7.04773274001302,-13.7429528415799,0.821627223133927,-14.1074642630375,1.02047093981622,-11.8478871921138,-21.6739867132891,-7.78404247450965,3.20430921695579,0.563869352833826,2.42746037443776,0.692666548056743,0.0203051671536146,0.499809093124917,0.467593621860553,0.483161969665241,1.19567086957704,0.198294350072086,88.23,1.0
92102.0,-1.66293711018596,3.25389242362715,-7.0404847120185,2.26645647990886,-4.17764891282786,-0.746924828187599,-0.248336733243902,1.09115651568673,-0.307137450847617,-5.56794705115052,2.71273940377591,-5.94840312668093,2.14472605490538,-4.21175592358692,-0.137195538810617,-2.63940913979839,-2.53235540606601,-0.667067027160165,0.626059293435215,-0.842178336511866,0.450381285220709,0.521161529635377,0.308325446158517,-0.318011840652356,-1.25536156975299,-0.691963403718384,0.264878381232973,-0.130444804408444,600.73,1.0
75258.0,-0.88927249634879,-1.19032946888089,2.95157606423672,-2.02137722318308,-2.14675488209857,0.219780102097566,-0.648597039660134,0.184371604542087,-1.47273426939205,0.300026312631842,-1.16852093967187,-0.742970441467854,0.921451059613587,-1.4936398096046,-0.811052178120054,-0.225058853682147,0.449455414352323,0.559110601658206,-0.720268348374633,0.0906037686377831,0.152239523849921,0.714015496091771,0.0442443257513195,0.408043562265502,0.39729219806084,-0.056858214863109,0.0685982759830146,0.093003941094621,164.0,0.0
18690.0,-15.3988450085358,7.47232389650112,-19.0269123426632,11.165525840514,-6.89385628014845,-2.12093657486019,-14.9133299850456,-0.721214094320184,-7.1750966153358,-14.166794659606,10.2777688628065,-14.9854337328686,0.345179234077653,-14.6663889726541,-0.346352541965346,-8.33324249555463,-12.6025964553952,-4.87668342078337,0.604625910708604,1.11150221461014,-2.44488368228,0.727495341024629,-0.345078151264077,-0.981748551471828,0.995271346300177,0.816761717958274,2.26294237384391,-1.17806316323334,1.0,1.0
52306.0,-1.0392526350756,0.152107539580768,1.12806150477365,-0.808747037057458,2.45623041708379,3.87107278498337,-0.398721703383487,1.18321468534669,-0.11754930806974,-0.799243607052271,-0.670084920234617,-0.14641510149253,-0.129480309461184,-0.210419652319588,0.212583912879038,0.761607566909927,-1.10845633436765,0.603234666817729,-0.493277554595008,0.148142433757276,0.0150305811758329,-0.214143435230641,-0.215512311858226,0.978476861015929,0.570591139590487,-0.462716271084264,0.0646537259864483,0.0816285142913002,31.0,0.0
34684.0,-2.43923696855219,2.59145816263611,-2.84012564998452,1.28624391005241,-1.7770161908324,-1.4361387710222,-2.20605624197635,-2.28272485775905,-0.292885036315821,-3.71744992918956,3.90739912775712,-7.22000368560677,-1.21173934568755,-9.6576265944335,0.927517899548728,-4.73866234284944,-9.27663556929158,-3.08196108095709,0.17774563450317,0.513529864634298,1.77446009213068,-0.771389807551225,0.0657267026225069,0.103915744896627,-0.0575779255552146,0.24265246086543,-0.268649222026483,-0.743712586038479,125.3,1.0
88672.0,-3.85988078691481,2.63288131193679,-5.2642653095088,3.44611314661501,-0.675231056544998,-1.90495945391597,-3.2910408690196,-0.985766040904484,-1.16811416733417,-3.93629417027159,4.25656448730292,-6.60065448140166,0.00562637646602147,-9.9585309187018,2.47135790380837,-5.7001414199952,-6.38809273753128,-1.83815930102503,2.99317350708135,-0.178626358366056,1.66411901528299,0.785075271950043,0.0684124857414983,0.778960915978384,-0.863165919910699,-0.00680961441649656,-1.06573404007904,1.77332644564776,1.18,1.0
42672.0,0.987416751246909,-0.0261835290237053,-0.219925143406345,0.240626965915878,0.843842232160819,1.33976431043142,0.0631152581941627,0.42211409385786,-0.502621141319724,-0.0915440078101581,2.18618876820926,1.38091360988472,0.200221491172874,0.742041703069954,1.14176047433839,-0.958363311346172,0.555084858501746,-2.22002563219684,-1.07626388011046,-0.116022411967329,-0.200508791350955,-0.5833265013158,0.174150829897739,-1.34638263649195,0.00151150892469288,0.158534348946903,0.00463737312086409,-0.00883767505192282,50.8,0.0
48928.0,-0.544844438442493,0.576612917155819,2.22210212695947,0.528537535322953,-0.471539406799209,0.407185812151111,-0.109631638394471,0.386358877062371,0.363270515225722,-0.327624014038028,0.191848946555227,-0.0854167376685908,-1.61920783023046,-0.0145489933384605,-0.534701401353751,0.326686673265272,-0.51802262587265,0.895286586399878,0.38273255253181,-0.180592235850443,0.0425386972179382,0.141407280404443,-0.196421514303596,-0.0525607538873331,-0.101514617674747,-0.454056018527455,-0.0201486835976953,0.0569493682327132,9.99,0.0
73523.0,-1.40563043521536,1.68848802979843,0.719580893766138,1.25573656648089,-0.494534752315464,0.16382714274211,-0.134212593362143,1.05747849214567,-0.823012697480805,-0.100600110108576,1.11046097470554,1.6256850081084,0.569630280468724,0.644867975903037,-0.636385992441827,-0.888558283431904,0.740022313952814,-0.280642768048959,0.890512092490642,0.0883770674717678,0.0901075219682402,0.431655341678828,-0.0449119082234393,0.252546536115686,-0.027331549598424,-0.246532567380646,0.297057682355495,0.117150310598668,16.99,0.0
37167.0,-7.92389070083426,-5.19836019923329,-3.00002392240282,4.42066620155728,2.27219396451756,-3.39448342909715,-5.28343533467969,0.131618922476372,0.658176428693037,-0.794993881662565,3.26606601582438,-2.71918495125522,-0.124103963275087,-5.274865818881,0.638575002552638,-2.99583037811248,-4.69843344927136,-1.71187122467509,3.02526099185501,-2.16981089222224,-0.734307916555449,-0.59992625988411,-4.90830117586834,0.410170234644792,-1.16766024989313,0.520507647303451,1.93742140287106,-1.55259283870249,12.31,1.0
91524.0,1.95485173775774,1.63005630331209,-4.33719968092597,2.37836729179698,2.11334786136033,-1.58385066673113,0.65374545254113,-0.192892012453504,1.21760825458778,-2.8290982053899,3.50456779253823,-3.9181998797616,-1.01579192974001,-4.7045087050312,-0.968553075532043,1.85477191713001,6.02439676670687,3.53125033477791,-1.1962847755939,-0.230640095367639,-0.474437304644058,-0.974624666273666,-0.0481545042172499,-0.0235242678879109,0.362192024107476,-0.570709266940076,0.0256187202949634,0.0818803891570235,1.0,1.0
40429.0,1.11256765528402,-0.375836975897269,1.06825015458443,0.63621194557782,-0.811367291295085,0.648189662355015,-0.902825609139243,0.45775049408649,0.898353600970093,-0.0756478060010759,0.658530186827122,0.372851846729087,-1.38104700034971,0.0731854367232027,-0.0730179159364838,0.227663200086078,-0.187301031737782,0.0875418319395464,0.0229957317680968,-0.193612345171098,-0.0483524636184146,-0.0181867871496116,0.0223858965547551,-0.29728010627614,0.147785857304098,0.353350365612279,0.0196182298702878,0.00790203364741565,11.5,0.0
25231.0,-16.5986647432584,10.5417508026636,-19.8189818085279,6.0172946473619,-13.0259010501237,-4.12877900260013,-14.1188648469369,11.1611439952369,-4.09955143059712,-9.22282550730978,6.32936467621872,-8.95219071159749,-0.138363691274054,-9.82505442102721,0.0572235922374037,-7.54168742379503,-14.2595985921417,-5.03505152375192,1.43226792970939,1.53491982113512,1.72585282658181,-1.15160577552799,-0.680051901875725,0.108175914514646,1.06687834149611,-0.233720431391328,1.70752055210726,0.51142316911239,99.99,1.0
21873.0,1.06889261767841,-1.07905827894179,1.5588439838752,-0.248449775355942,-1.94126024089914,-0.291642934735925,-1.39172860161388,0.0766930972109752,1.16855189957733,0.1392686045764,1.18121157792487,-3.24934021412045,1.22235581740886,1.03733055365831,0.883447653729372,1.27444912931038,1.19850009875143,-0.875420368413902,-0.689326710763207,0.177690235860806,0.403358735358769,1.13114770904875,-0.059140078673057,0.587336657662143,0.084431976992267,-0.0936879272387888,0.0234794266035822,0.0457848288952813,117.54,0.0
55532.0,1.04779016353883,-0.752699112966477,0.902394710444365,0.0656597030654991,-0.999565110419094,0.574162389521104,-0.889908480638691,0.446575470958957,1.2221535379599,-0.299645516004476,0.536163525754704,0.317585807262753,-1.80413998323954,0.00787403780290348,-0.529877858232074,-0.0321153166120393,0.153938989318122,-0.261588082784959,0.515869077675067,-0.0943654302626987,-0.16499275329285,-0.416037520539286,0.0325153508191631,-0.266398526024185,-5.41102340372464E-4,0.975093775385181,-0.0426010350381431,0.00272494165374428,60.0,0.0
57007.0,-1.27124419171437,2.46267526851135,-2.85139500331783,2.3244800653478,-1.37224488981369,-0.948195686538643,-3.06523436172054,1.16692694787211,-2.26877058844813,-4.88114292689057,2.25514748870463,-4.68638689759229,0.652374668512965,-6.17428834800643,0.594379608016446,-4.84969238709652,-6.53652073527011,-3.11909388163881,1.71549441975915,0.560478075726644,0.652941051330455,0.0819309763507574,-0.221347831198339,-0.523582159233306,0.224228161862968,0.756334522703558,0.632800477330469,0.250187092757197,0.01,1.0
79554.0,0.873912617726991,-0.850310507345768,1.08980994626981,0.391721141721215,-1.31844413391045,-0.0542489100086619,-0.544094964211708,0.141693042612614,1.17928630729802,-0.558868950552149,-0.297701302977668,0.716895837217018,-0.185301449384072,-0.454289654532412,-0.0452131554374168,-0.484163243032461,0.551819535994262,-1.15248311613856,-0.0596423074130127,0.159199748044044,-0.100988928507282,-0.32128007973537,0.027784775281157,0.491301228301644,-0.0351554039634967,0.937027999386028,-0.0440654396459487,0.0385380173503639,148.99,0.0
50733.0,0.658414287917682,-0.548683861688782,0.214751908617267,1.32942851558455,-0.463258052197088,-0.124944809828922,0.258485837900248,0.027195242024975,-0.268296035356249,0.0857907281286083,1.62971508030932,0.840417076956248,-0.396052458392448,0.688189530033589,0.54087177795403,0.0417672002730477,-0.343856678798199,0.00152127879421649,-0.697052759851992,0.309325912720469,0.30809691673046,0.360962361525887,-0.279781495092089,0.231204814266489,0.441624389327105,-0.305906670907216,-0.0173954735241165,0.0525281405916619,250.0,0.0
93853.0,-5.83919161928092,7.1515323543223,-12.8167600806187,7.03111476501099,-9.6512721679897,-2.93842725771624,-11.5432071690832,4.84362653179436,-3.49427572506535,-13.3207888671784,8.46024444901677,-17.003289445516,0.101556614891384,-14.094451660329,0.747030766392512,-12.6616957230679,-18.9124938172188,-6.62697484523061,4.00892074227194,0.0556838813863639,2.46205591127559,1.05486518382957,0.530480596078193,0.472669814042592,-0.275997967880675,0.282435024801752,0.104886020210564,0.254417096767513,316.06,1.0
12569.0,-0.175063357950537,0.923212158591597,2.77974537261205,3.11785489824298,-0.225739823242482,0.995930322843938,-0.0695873231767703,0.0853576709062711,0.761944994166086,0.382679845326605,0.226756751092821,-3.29352676422443,0.972654114404544,1.12503341721257,0.454535510580911,-0.321593464953197,0.988826319458051,0.35488655617554,0.163134870815526,0.0915361254858453,0.0500776191592465,0.707063892698744,-0.0956123954871176,0.0229214447790862,-0.687455654367452,0.241027737822559,0.0264470120935088,-0.0624568099181197,19.02,0.0
11092.0,0.378274504006009,3.91479678866992,-5.72687201536627,6.09414095882864,1.69887526405022,-2.8073139468834,-0.591118212837213,-0.123495593086659,-2.53071281390832,-5.15309460989926,4.65408842254301,-7.83953899762349,1.37181858033581,-9.63468971263612,-0.739596855842826,-0.663203945673478,0.891934540534899,0.978675639075006,-2.00547660274646,0.440439440893876,0.149895683076911,-0.601967245529085,-0.613724335539499,-0.403113687819411,1.568445255978,0.52188393400233,0.527937749881352,0.411910405834512,1.0,1.0
51012.0,-0.72362867875975,0.389203670225446,0.443846040927221,-1.69222642179767,1.38589541058564,0.171708296754618,1.48298420440627,-0.174615964261485,-0.659301879658647,-0.438965607026583,0.576625749435683,0.856534161664708,1.16317020654941,0.0155135959869765,-0.369271346977048,0.361967334287508,-1.11000684197922,-0.564175940000824,0.0361315483310248,0.450245208388214,-0.295257353149744,-0.833441809984278,0.0903311467899973,-1.3140098703309,-0.234886269338103,0.590059782459128,0.0487096264898626,-0.0591462109454877,103.9,0.0
41870.0,-20.9069081014654,9.84315322329519,-19.947726046163,6.15578864849515,-15.142013159868,-2.239565648142,-21.2344631540976,1.15179506554623,-8.73967037069304,-18.2711681738888,4.67734929657245,-9.58356643737056,1.03516582361622,-8.19969002891841,-0.32651888245129,-8.37643882097816,-18.4854603221489,-7.58997395860914,1.1266403652792,0.396654845079575,-1.97719619445615,0.652931885295435,-0.519776859411322,0.541701730134149,-0.0538607606750096,0.112670774311131,-3.76537100922261,-1.07123831223447,1.0,1.0
64585.0,1.08043336974687,0.962830680816555,-0.27806547765439,2.74331806279958,0.412364075681078,-0.320778352962878,0.0412895489552235,0.176170299597767,-0.966951551053629,-0.194120466505581,2.14005681553663,-0.276308752749667,-1.19130573752489,-1.88027540328199,0.398271956336376,1.36743302249318,1.52266169956075,1.02631748255981,-1.57707047840184,-0.172658644566365,-0.00899617409257402,-0.0570361435998535,-0.0536915092211487,-0.0263732767799466,0.40029973123052,0.0728277709127376,0.0270429343018625,0.0632375727147923,0.0,1.0
29531.0,-1.06067628419757,2.60857946990866,-2.97167900258071,4.36008935234848,3.73885304346426,-2.72839507263672,1.98761635466291,-0.357344707416169,-2.75753451251209,-2.33593332652232,2.11151686706104,-2.59194964968951,-1.9505893546741,-7.31157981735935,0.0777527657738322,2.29060783198994,6.50927165018434,2.56997142628646,-3.28615008214787,-0.0890615369649179,-0.0631678773494982,-0.207385284031508,-0.183260817119722,-0.103679373403096,0.896178353364318,0.407386872028391,-0.130918311231478,0.192177382137495,0.68,1.0
30815.0,-0.689531189918987,0.831508123398779,0.887670559634614,-0.211184889070504,0.447149059708866,-0.120706082078395,0.655292804326362,0.285888509648672,-0.0963614146141639,-0.0776913513685758,0.496165319831538,-0.832498814031795,-2.87568164469419,0.931809898285046,0.0498424620349897,0.328462144416211,-0.67983251924356,0.417328973950496,-0.948222545239954,-0.278216196619724,0.154332807455738,0.403042731946295,-0.0683779912026484,-0.388048245606919,-0.350908965630568,-0.541894437421274,0.273424534329027,0.199137852090897,12.21,0.0
20332.0,-15.2713618637585,8.32658106147414,-22.3385905133352,11.8853128922128,-8.72133435613386,-2.32430694897567,-16.1964186599881,0.512881820424485,-6.33368515594745,-13.175198078736,9.93981974172569,-14.2254557039818,0.716033665192873,-14.0047761755606,-0.329447848153274,-8.0594194070953,-12.1220088158237,-4.79971013254961,0.686227163597458,0.993121017282391,-2.3568962794623,1.06801917704623,1.08561716724338,-1.03979707801119,-0.182006136246673,0.649920860777984,2.14924707788821,-1.40681133211222,1.0,1.0
26523.0,-18.474867903441,11.5863805198184,-21.4029168131391,6.03851541556808,-14.4511581398683,-4.14652350569915,-14.856123673178,12.4311404723263,-4.05335328722588,-9.04039624894471,5.96620250720685,-8.46396612952571,0.0786921317878341,-9.09253265181295,0.0108220973904713,-7.1863755078292,-13.7974745003699,-4.95849390971089,1.32116655982617,1.5779244011474,1.74113559593371,-1.25113794883836,-0.396219126116475,0.0957055555718895,1.32275094272025,-0.217954564863573,1.62879253147016,0.482248274865402,99.99,1.0
86670.0,-0.971442444292271,0.185197423647775,-0.219752637469584,-0.876659592094151,2.6832596743593,-0.00235390495280767,0.90824500396029,0.162905725053653,-0.649805796461563,-0.900215741602858,-0.358662003436446,-0.159355474242522,-0.719810964041912,0.909444974686123,0.946826809276889,-1.49756404536211,0.485359104932186,-1.61575652795665,-1.19417218498078,-0.0568788195209264,0.306022901438242,0.741702891546183,-0.205087439060907,-0.333362798440141,0.369541577371132,-0.097325673007917,0.0757888550878469,0.116632789345423,5.9,0.0
27163.0,-23.9141008948243,13.7659421584186,-25.7337337663194,6.2909179135006,-17.7848236618953,-4.57249762015164,-17.3907644695894,15.7941361803271,-3.81983218698836,-8.44226241787632,5.02011249777419,-7.0464278465108,0.692785249374773,-7.07689932873899,-0.0465348409616521,-6.20823797273981,-12.5320624040465,-4.82885763250639,0.978636193358608,1.64003733516462,1.77339928248294,-1.74842552125898,-1.09310448820022,0.147807442391992,1.66379235724108,-0.221024471156944,1.45807561131952,0.43031504868091,99.99,1.0
71599.0,-0.732763358592251,-0.170645773402499,2.28402092053991,-0.374374265965582,-1.0536828280914,0.149188727312961,0.49220465771517,-0.0216216193231794,0.655600615493128,-0.466484707664028,0.90335451961185,0.4630253021279,-1.00840016476461,-0.551983430356712,-1.07478420041814,-0.0898869315209028,-0.102173668458093,0.0484610313857476,0.865387611564287,-0.0320081655357229,-0.160237784508804,-0.0848245943752204,0.226154567220181,0.579968787113777,-0.375132275042414,0.84482343413117,-0.207048150131839,-0.236294260445835,123.4,0.0
51155.0,-11.2054613927303,7.91463349246877,-13.9877516388388,4.33334117975523,-8.48496952268505,-3.50656117309394,-8.93524303241605,7.70444915069923,-2.33658417970129,-5.92735916911943,2.47040101557896,-5.7885170305197,-0.391939257057427,-6.52746224116063,0.899859362283244,-3.84729284231041,-6.70063744821132,-2.49261610727828,0.469554313978012,0.860911741764656,0.942593331002491,-0.987848114682141,-0.279446305433771,-0.0272992246723051,0.644344195524188,-0.263077923082484,1.08402252771111,0.211933356664813,99.99,1.0
60127.0,-1.1552355605446,1.74651679365882,1.91158358976919,4.45382262120985,0.0719268565218999,0.73285147926826,0.907995840501767,-0.498959756335561,-0.654228349136096,2.91328748169575,-0.69218660947801,-0.1933997538068,0.812982582787765,-1.06659488285994,-0.130506181011525,-0.793837331222035,0.232867272901466,-0.329779211029407,1.23804519127067,0.486622665645549,-0.159730014837126,0.458145919531804,-0.00885706470865712,0.431311202288774,-0.341029240234105,0.261735090125595,-0.153368701359511,-0.0403510272980436,44.74,0.0
40276.0,1.15937314510686,2.84479469928473,-4.05067950821309,4.77770088131929,2.94898004123771,-2.01036111013216,1.74408581794948,-0.410286521869204,-2.45019774688553,-2.04216786301424,1.84409317018026,-2.42593281501277,-1.5842751343556,-7.2083115791564,0.459828383286257,2.37529619792022,6.4435098643744,2.59184606301795,-2.88977035831304,-0.059264385833904,-0.176541018596848,-0.433469859425429,-0.529323202003731,-0.597019604985794,1.33595405267787,0.547092070642555,0.00997894426391215,0.160769150049196,1.0,1.0
58222.0,-1.32278906321956,1.55276821126964,-2.27692070362638,2.99211739124618,-1.94706392017319,-0.480288250384527,-1.36238752318047,0.953242226598613,-2.32962885992389,-3.39355348115172,3.1284396921776,-3.57039373078107,-0.595198191474463,-3.98841505479623,0.995905842419722,-2.84378455855144,-4.82624611607161,-0.703883464864473,2.15221455770756,0.988493486888991,0.614968996752659,-0.195199717277462,0.590711261700839,-0.233377663885038,-0.164285286785183,-0.27749787053455,0.428610084734921,0.246393746180351,270.0,1.0
26585.0,-19.8563223334433,12.0958932259299,-22.4640827464876,6.11554110191771,-15.1480215209615,-4.34672408349599,-15.6485074722661,13.2768048056341,-3.97416161954102,-8.85919405880884,5.73081553744459,-8.08803351213651,0.230824969324902,-8.57897327333454,9.46636693186079E-4,-6.94774606726094,-13.4728970076501,-4.94021082886802,1.23014255193802,1.58292955492187,1.75072984045421,-1.40963570908141,-0.809809278333882,0.121396659905885,1.35030007077468,-0.224291873525585,1.59762136835254,0.476919818025438,99.99,1.0
40045.0,1.19252087609053,0.0869523728706253,0.586317724003319,0.664580452056518,-0.604817109384395,-0.750150734922709,-0.123924351796864,0.00855494137449013,0.276206392304409,-0.0604888950918036,0.00776482019118626,-0.341456813797406,-1.46119087766939,0.625455715671897,1.44635344472887,-0.00518855285483218,0.0712227750568605,-0.889318629539229,-0.588997631141302,-0.244099941258552,-0.227763843200288,-0.709133548026279,0.226604181484012,0.348452036339664,0.043471240257351,0.109715858067638,-0.0232893823489649,0.0153032391024564,1.98,0.0
78315.0,-0.702705598567157,1.43259699448654,0.997673926653633,0.906159875406198,-0.158995892794151,-0.563225833197407,0.375988493685721,0.414078397135347,-0.757303221264626,-0.289653083614246,-0.119369998653637,0.320753231167362,0.166192745797436,0.640754356554424,1.18874592004842,-0.608966171924993,0.366289936432395,-0.437322417356067,-0.0867283842840244,-0.0188582370583727,0.198919803144459,0.667376640323728,-0.0517445054446787,0.418866249818236,-0.283270630101224,-0.305879478470035,0.312144186028986,0.162621709954303,2.18,0.0
53451.0,0.385108461103674,1.2176203228402,-1.95387216540948,2.08707599095328,-1.14422540643716,-0.57688799482478,-2.58286504391682,0.643229999334504,-1.19123269237613,-3.09509360697848,2.82114488798301,-3.1005456578695,0.146199374342408,-4.51012391529804,0.574490022660784,-2.12346278453199,-6.05331938825344,-0.70637615273475,0.572791028207014,0.380545212283106,0.594623132460925,0.372143665842342,-0.310455791389476,-0.624065148802846,0.840216130296559,-0.159451766672991,0.599482364663208,0.288915549852885,8.0,1.0
81372.0,-0.88525408859895,1.79064923163963,-0.945148961205205,3.85343274655953,-1.54351007486649,0.188582114329739,-2.98838275644296,1.34405855095688,-2.29453470924744,-1.88617599041763,1.90428359307622,-4.00241403073237,-0.936955588407958,-2.80191542309724,0.798328052783254,-2.34873992555213,-6.42673430721498,-0.827308425201024,1.73238175785046,0.370040520565647,0.746159905151139,0.550802011985416,-0.0348823420887786,-0.56760840448119,-0.528317952733951,0.258782456503747,0.506892694941992,0.176735548819463,7.57,1.0
46114.0,-0.301811122967549,0.963769219348506,1.43822968520454,0.0499658066535266,0.183195243367892,-0.964744458711712,0.921962659745159,-0.292133379022087,-0.248719836059357,-0.305967360002952,-0.121161793053679,-0.169510724752406,0.0932084632297098,-0.6339906310732,0.926849755485499,0.300830785185133,-0.0948599798092547,-0.159722601052298,-0.0900720368827875,0.225075613389819,-0.304019263019152,-0.666777896507011,-0.0151395915971567,0.332697278494462,-0.179972204324016,0.0430322448041264,0.075987577586778,-0.122854068221831,15.99,0.0
8415.0,-0.25147096006823,4.31352332575143,-6.89143771650147,6.79679668055103,0.616296505250374,-2.96632654187403,-2.43665252687714,0.489327898838014,-3.37163857159343,-6.81081309938215,7.62008905836908,-10.2852825163315,-0.342444334069655,-11.5434979157865,-1.3349879032835,-2.68928420445067,-3.20438340295762,0.0865218956911394,-1.31449509665307,0.632709963789826,0.536892074447128,-0.546126023729244,-0.605239547613772,-0.263743459593593,1.53991583077868,0.523573696680871,0.891024688365269,0.572740666549584,1.0,1.0
47134.0,-0.185999826255953,0.295893813781024,1.98435483608701,1.21344283363851,-0.405774072648228,0.82951783969505,-0.344814963904129,0.371060782241894,1.09271954521241,-0.515110413641116,-2.36553253102191,-0.320843470908104,-0.821686193071264,-0.77900840870849,-1.01743333713891,-0.615662302274666,0.187636069580628,0.518239382002436,1.19474845059212,-0.0628935007765135,0.14027610135147,0.849583679020608,-0.24871020951361,-0.405095782010739,-0.424321275608686,-0.138541263779635,0.280352234231805,0.197009192266686,8.37,0.0
41505.0,-16.5265065691231,8.58497179585822,-18.6498531851945,9.50559351508723,-13.7938185270957,-2.83240429939747,-16.701694296045,7.51734390370987,-8.50705863675898,-14.1101844415457,5.29923634963938,-10.8340064814734,1.67112025332681,-9.37385858364976,0.360805641631617,-9.89924654080666,-19.2362923697613,-8.39855199494575,3.10173536885404,-1.51492343527852,1.19073869481428,-1.12767000902061,-2.3585787697881,0.673461328987237,-1.4136996745882,-0.46276236139933,-2.01857524875161,-1.04280416970881,364.19,1.0
67571.0,-0.758468652663917,-0.0454102784513458,-0.168438290153528,-1.31327481447103,-1.9017625315847,0.739433414882114,3.07189204639003,-0.483422244220096,0.61820276215476,-1.7690597207318,-0.651414013964987,-0.00542329080098884,-0.517194341398293,0.217469760178719,0.883558824493356,-1.17397764863161,0.24334710955825,-0.342300728238465,0.68705620239513,-0.0324998988871344,0.0426194565214976,0.397223782011498,0.0722288654476503,-0.242275996603303,0.560916469624214,-0.540954584325348,0.150606446374032,-0.117140114799884,549.06,1.0
70343.0,1.08067418494157,-0.00391844869561645,0.711478361274399,1.26455167650762,-0.420650019390164,0.169721428165776,-0.251026952459062,0.201072568980139,0.345385347387046,-0.0453474126833562,1.20892616453152,1.19771116078075,-0.512757415218252,0.154548643049201,-0.852356127996784,-0.591951081466334,0.135688078969726,-0.373420698896095,-0.130430065905814,-0.187985895197626,0.0349611227930815,0.327746743099877,-0.0856880797110299,0.239748626165977,0.603169951521615,-0.287443500744971,0.0492867822322507,0.011035189135401,14.9,0.0
30875.0,-8.94948928358592,5.78308579283717,-9.93453861114687,2.01072648637498,-5.1788107639816,-2.25223779095512,-3.58843795294992,6.07956846063904,-0.032332384381466,-0.409031941267785,-1.63749083333139,1.46042278150969,0.439855563388896,0.372566878148233,1.02363842291165,2.83968771367935,5.03982498722497,2.05764124803133,-0.79147644211867,0.0910414919165152,-0.0881887191297704,-1.06704702588927,-0.323191925311158,-0.42487036472542,0.390301681693065,-0.336904554852025,-0.0623222213604735,-0.283986482087428,89.99,0.0
93853.0,-5.83919161928092,7.1515323543223,-12.8167600806187,7.03111476501099,-9.6512721679897,-2.93842725771624,-11.5432071690832,4.84362653179436,-3.49427572506535,-13.3207888671784,8.46024444901677,-17.003289445516,0.101556614891384,-14.094451660329,0.747030766392512,-12.6616957230679,-18.9124938172188,-6.62697484523061,4.00892074227194,0.0556838813863639,2.46205591127559,1.05486518382957,0.530480596078193,0.472669814042592,-0.275997967880675,0.282435024801752,0.104886020210564,0.254417096767513,316.06,1.0
83708.0,1.27413002975847,-0.0687776544927924,-0.174693271495521,-0.796094745121805,-0.236812267445503,-0.919796761998584,0.211107878893013,-0.219294126606999,1.1342143598515,-1.05047782352773,-0.121350393877431,0.976925629051076,0.114570165473417,0.283457166770024,0.901440192396746,-1.42893381000413,0.41120946223198,-0.782525289535776,0.466212932421969,-0.160281848317438,0.0112314404656294,0.347078440383258,-0.166766737110062,0.134124994654855,0.897401238292914,-0.521465909515944,0.054812272583383,0.0085390805807844,1.0,0.0
69198.0,-2.35521994280417,2.65859232902325,-1.80113948671562,-0.597958903427581,-0.306323160907307,-1.23603930330128,-0.32690564682958,1.65095643519747,-1.17273980370493,-1.44234940044789,-2.05447648591505,1.24122959366938,1.50187282980562,1.52593358362947,-0.992338958445511,1.07828214438546,-0.590953318368876,-0.109859828601294,-1.63484922371234,-0.878193698786189,0.429602277113662,0.39675549198409,0.0629565983909284,-0.432914438490995,-0.297665001240092,-0.805632109900085,-0.987123629629086,-0.117912075598115,0.89,0.0
69314.0,-1.95577895354778,1.52052236188922,1.06950015961909,-0.24123764913298,-0.454600522568718,-0.472127800767438,1.23298747988565,-0.229068371106282,0.808731764175905,1.55929109831732,0.393532177713816,0.0857380856437511,0.0414111167210031,-0.520923763661794,1.24436134240811,-0.350524955791923,-0.220589546959742,-1.04660791794127,-0.583483017654264,0.574359125855242,-0.538236998265126,-0.426746015743097,0.187314804785982,0.374006973353868,-0.0473384676063826,0.0343847362426366,0.269587366491742,-0.235225762513957,94.46,0.0
39729.0,-0.964567282813312,-1.64354066791439,-0.187726849232163,1.15825311047012,-2.45833564593802,0.852221660377025,2.78516254594393,-0.30360853861401,0.94000553101046,-1.96530880945923,0.159743522312315,-0.490697387341298,-1.1819769933833,-1.95887596969497,1.15274328622613,-1.34126935794233,2.49832484974359,0.777831088916474,1.4060448737262,1.78444933498197,0.447180121733859,0.536203895046365,1.63406050110051,0.203838849073356,0.218748854725954,-0.221885828382479,-0.308554718022245,-0.164500017914328,776.83,1.0
85576.0,-2.20763091845218,3.25907610397605,-5.43636546967173,3.68473739367705,-3.06640091036945,-0.671323195313701,-3.69617839443207,1.8222724578951,-3.04965272773018,-6.35388725151755,4.35148149710451,-6.4532473302497,-0.0614319367541572,-8.44287285721034,-0.328820639839654,-5.44079518325917,-9.5180378916264,-2.43806861829455,2.33675362049059,0.808336360421968,0.920899033968287,0.0376745089378149,0.026753977510545,-0.791488823729947,0.176492777047381,-0.136312279131778,1.08758482385547,0.373833528935625,240.77,1.0
41791.0,-7.22273130585545,6.15577293013926,-10.8264598371575,4.1807791786876,-6.12355510135628,-3.11413648152623,-6.89511228298774,5.16151637665229,-2.51647653288733,-6.40337055173194,3.18605794805635,-6.85557098142662,-0.837722614772195,-8.03661487513855,0.956969643768367,-4.55719345408278,-7.65470424350142,-2.58841864362628,0.718555009324824,0.818859416826789,0.91270032192132,-0.630358133073199,0.190886662173033,-0.0612634320139128,0.379774656663009,-0.266845465234688,1.19369457713473,0.257468457389868,99.99,1.0
62346.0,-0.951714522373905,0.617272024458843,1.66976845289853,-0.611869656875507,0.921865242886872,-0.674783856898644,0.677216450314609,-0.0492993396952212,-0.612750001432821,-0.834351000207776,-1.12045568384978,-0.00371888761833217,0.730343364026288,-0.0198996742461301,0.482689370974864,0.669132591084187,-0.958484571375096,-0.209909554560116,-0.296754875864807,0.0917276561948399,-0.220231475576209,-0.850868570439258,-0.203745351674473,-0.462317722366446,0.369834724234022,0.0603122570238178,-0.0276755396387496,0.0613186279382889,9.99,0.0
75033.0,-0.430330205681344,0.985632693552081,0.645789437298841,0.317131047127407,0.616332206255463,-1.34746245720975,1.0782335690849,-0.161518267508932,-0.492855874580938,-1.03963769713185,-0.39560772252726,-0.664683930228673,-0.985700496668287,-0.660967626671015,0.344105202877093,0.530852433867815,0.278141865207384,0.355529916892446,-1.08122326117298,-0.115281935429531,-0.0163780179250957,-0.207609058231514,-0.164119225784612,0.255280162145255,0.454797817761532,-0.505032215885219,-0.0394559687978208,-0.00635758223393408,30.14,1.0
72576.0,0.835145190821306,-2.05060372496048,-0.150358907533492,-0.993007086995575,-1.73254295245033,-0.733435512898783,-0.35834306885361,-0.251550800595704,-2.08671225078008,1.41159318582745,1.12442432520694,-0.143439033422199,-0.00391898198663008,-0.0209120444806741,-1.03256273768567,-0.788966816161333,0.725390552300315,0.205322327455889,0.160817353981873,0.306784281192515,0.0526087343850501,-0.128251494720082,-0.360477609034914,0.554488135038347,0.490351955969798,-0.128077481273715,-0.0512952266331222,0.0580123120978059,344.1,0.0
38290.0,-1.08188161232988,-0.862656396626027,1.94743782775233,-0.869253736933512,0.683162886903752,-0.0522775787591907,-0.3137538272013,0.132333473705413,-1.76158712383224,0.640642048956118,1.65178432650377,0.185182022864107,-0.10239969190254,0.216449686556281,0.988702863300983,-2.1131303579235,0.518828672369184,0.585295714941854,-0.19996973182188,0.0167046385159093,-0.386442789717752,-0.818189734507207,0.172831389848019,-0.288945299428176,-0.272701610584115,0.963180747715931,-0.181558481476653,-0.155509594075554,37.53,0.0
90727.0,-0.340012797988026,-1.17333969568686,-0.497668039112787,-3.66806367460861,1.62251122529309,3.75930380907094,-0.532257687551474,0.836939002461677,-0.786625088672029,0.176507396146356,0.386702733287472,-3.63429550578104,1.79199479470736,1.03649764937534,-1.2359920013913,-0.402419896039972,0.796348315862566,0.256453057225144,-1.22848775626644,-0.0890498251873433,-0.113463553902245,-0.0331443649991492,0.339053582922912,0.597570308512351,-0.515986401616642,-0.379919437175016,0.132095233312794,0.187902200094765,141.22,0.0
51483.0,0.816430717342434,-0.805585390517695,1.5686452164679,1.32118613354045,-1.35984104172137,0.59917733265456,-0.741356013928157,0.265279746859589,1.46865935084708,-0.614181570131977,-0.656217258650546,1.56021907238169,0.792561829871759,-1.16760388325824,-1.52054756679506,-1.00168597562583,0.800884348596216,-1.25731296191123,-0.0185769475818972,0.152768986566624,-0.0729262347554331,0.0623433459631024,-0.0737464238468484,0.502458805325574,0.256654029745933,0.379963157886912,0.0436247152249214,0.0503033557587463,139.0,0.0
2148.0,-0.678754046029341,0.709225281944953,1.05120551224562,-2.1971483166416,0.159897277033223,-0.870465676095179,0.905798886180216,-0.0899907840165252,0.930413584479063,-0.682239609859883,1.57535943566925,0.42566659426833,-1.57737673906353,0.489606830507602,0.568269847773095,-0.700811159990056,-0.40759360316506,0.156097036951644,-0.269416176813988,0.0552321543585691,0.110136255239832,0.69732336264735,-0.22725111160915,0.192251593736541,-0.0469067203153398,-0.831271743074362,0.34867709656575,0.0322361646389678,1.0,0.0
51135.0,-10.5273044341626,7.63974510878724,-13.4431145027514,4.30340291762786,-8.04820986720506,-3.46699653575204,-8.64319279153494,7.28410530047069,-2.36209663777244,-5.99659592015915,2.5891035399443,-5.9622614216576,-0.468955402702701,-6.77818372152522,0.907946622048306,-3.97013003226966,-6.85761265464239,-2.51173568202806,0.511761951503497,0.847085223070639,0.937415595523653,-0.931178206442092,-0.235696693319785,-0.0313933540844794,0.591558276561224,-0.263516323288921,1.10889729755393,0.219021143211497,99.99,1.0
8451.0,0.314596589729515,2.66067027657541,-5.92003738034463,4.52249960508858,-2.3150272861839,-2.27835165394776,-4.68405393631569,1.20227026523098,-0.694695511200349,-5.52627805985834,6.66243683071252,-8.52546492534563,0.742745446888019,-7.67866801029943,0.593070459066131,-4.47813659534324,-5.84426647937357,-1.1027307945783,2.17738568653903,0.562705643312244,0.743314023428983,0.0640383555765096,0.677841675250346,0.0830078227438395,-1.91103446375022,0.322188398435937,0.620866538820488,0.185030354728703,1.0,1.0
93860.0,-10.8502815883108,6.72746568826853,-16.760583409542,8.42583167857118,-10.2526968683093,-4.19217104406337,-14.0770860104531,7.16828793346092,-3.68324217370244,-15.2399619587112,8.03070840755191,-16.0603057628826,0.270529742348469,-14.9529810390579,-0.241094883743813,-11.866730636746,-15.4869899240937,-5.74865155747378,4.1300314273319,-0.646818272966729,2.5416369467068,0.135534921100722,-1.02396689219897,0.40626452579196,0.106592778669641,-0.0262323892202069,-1.46463002356247,-0.411681819907858,78.0,1.0
47826.0,-0.887286905534409,1.39000150924187,1.21968581996397,1.66142517591961,1.00922783931161,-0.733908444749524,0.855828927220991,7.68462281197611E-5,-1.27563149417191,-0.433393925731893,0.141178993422237,-0.46034845602669,-0.367867931021877,-1.16833941780754,0.152107630618373,0.882231823726865,0.601804858067329,-0.304092391463557,-2.19176427800358,-0.268347371086252,-0.0837343767453397,-0.346930257215667,-0.0506187067885922,0.23104442462061,-0.450759875468406,-0.376205380931623,0.0345043694610426,0.157775320404088,7.58,1.0
93860.0,-10.8502815883108,6.72746568826853,-16.760583409542,8.42583167857118,-10.2526968683093,-4.19217104406337,-14.0770860104531,7.16828793346092,-3.68324217370244,-15.2399619587112,8.03070840755191,-16.0603057628826,0.270529742348469,-14.9529810390579,-0.241094883743813,-11.866730636746,-15.4869899240937,-5.74865155747378,4.1300314273319,-0.646818272966729,2.5416369467068,0.135534921100722,-1.02396689219897,0.40626452579196,0.106592778669641,-0.0262323892202069,-1.46463002356247,-0.411681819907858,78.0,1.0
59155.0,-0.652864884042076,-0.126097225399869,1.76112241858255,-0.712685667466066,-0.407186526318326,-0.817511960433928,-0.0266911472149907,-0.01287777953647,-1.95415217473571,0.541534674296592,1.50281224101665,-0.500567230291028,-0.387989999099569,0.212056209586912,0.407997684436786,0.647846490923126,0.562794702351644,-0.583638995265502,1.92345077213776,0.44162979861312,0.382482138572525,0.800710420545187,-0.202245771762476,0.562267119041317,0.379236496069541,0.0350228103113792,0.0290802617367762,0.0678715821116427,44.85,0.0
30852.0,-2.83098405592803,0.885657038258755,1.19993009832405,2.86129223993172,0.321668777779154,0.289966026429405,1.7677604489638,-2.45104966190813,0.0697358066743391,3.24508640095346,0.675287853392807,-0.677096334427304,-0.222741128141729,-0.913786970583513,1.60333192308268,-1.0245020918608,0.0220452070437295,-0.940684674142594,0.484758940230455,-1.01692314354721,0.546589339675499,0.334970736976198,0.172105676221893,0.623590288019672,-0.527114316331261,-0.079214654387473,-2.53244529803097,0.311176714703215,104.81,1.0
56098.0,-1.22966891678814,1.95609915073809,-0.851197959645561,2.79698655025108,-1.91397684079333,-0.0449344462262948,-1.34073935355915,-0.5555479867039,-1.18446766006311,-3.24510859732028,2.33832327000211,-2.82004218823068,0.763325773164453,-5.41958986916794,0.0414327925041231,-4.18075778829053,-4.2850705920981,-2.53645157282245,0.93023918577297,0.270459255150975,1.20805425987967,0.277611797272191,0.0192658003152734,0.508528831195383,-0.201182897226566,-0.249600419347595,0.562238742839488,0.0753085014191344,170.92,1.0
42988.0,-4.42350762703846,1.64804777413239,-6.93438785672913,4.89460056642244,-5.07813111998958,0.0108488776042783,-3.40909567897227,1.40929050029893,-3.26067152936237,-7.78135276287243,6.28337707847689,-9.65660635996176,-1.61913485478932,-10.7321089251086,0.288220764475555,-7.89812205175049,-13.5706825019333,-4.59023530005094,2.59017338411194,-0.562264103606392,0.698359061079766,0.487477720585547,1.22869827965959,-0.535217333195035,0.388278095984062,-0.00946564715170412,2.300164247557,0.0812314897144668,648.0,1.0
72527.0,-0.162586103570921,1.05940110980174,0.87341408939089,-0.303810346334726,0.912027386119406,-0.10853068290911,0.99013988210489,-0.263629212950476,-0.308811104403966,-0.33658034311985,-1.20119441718172,-0.0994628177869278,1.34380855465385,-0.920986875625156,0.916605479428477,0.662787555364036,-0.662289205477951,0.171213713311507,0.430911255534124,0.316972470943319,-0.389964203731822,-0.838828262982096,-0.215017416034145,-1.0416645068047,0.0378793124796113,0.126532506499183,0.0833050573560987,-0.136086925514337,14.06,0.0
20011.0,-14.7246270119253,7.87515679273047,-21.8723173644566,11.9061699078901,-8.34873369160876,-2.26284641969245,-15.8334427819606,0.0778736741759969,-6.35683349086288,-13.2616517082667,10.0637897462894,-14.3947668016721,0.654888723464231,-14.2483158270781,-0.305360761401071,-8.16163244506225,-12.2809648581754,-4.81858639342974,0.719787682108791,0.996468755724792,-2.36234492751884,1.09955729576975,1.03719942301307,-1.03635934178889,-0.254776514154375,0.642343201018144,2.16112922373151,-1.40128201963858,1.0,1.0
93853.0,-6.18585747765758,7.10298492227346,-13.0304552638937,8.01082339822486,-7.88523736131971,-3.97454999359808,-12.2296077786617,4.9712317023058,-4.24830701294998,-12.9654812039222,8.68830799242781,-17.1829184301947,0.0695769150313325,-14.1161560074304,0.959031717400206,-12.3753337375636,-18.716764511809,-6.52201457322122,3.51795494036344,0.483930108481186,2.50277241039945,0.481691289576756,0.480957977547458,0.360318638811951,-0.293354295977635,-0.199193157971208,-0.203917328209747,0.398927185850218,44.9,1.0
43028.0,-1.10964552515211,0.811069300236989,-1.13813532731484,0.935264670223385,-2.33024787785051,-0.11610605479739,-1.62198623466478,0.458027900124116,-0.912189159098001,-2.96199570179906,2.77896789639267,-2.37959961108923,0.918962784041379,-4.01578678027745,-0.530009790602772,-2.81588776765893,-6.6493577879714,-1.74611328389964,1.08340676372199,0.168890572541282,0.641593528333926,0.841754904759402,0.176727750810022,0.0810041184974676,-0.258898742565752,0.707654245320429,0.418648658517389,0.0807557537005394,204.27,1.0
52697.0,1.2830314773325,-0.718676791257698,1.28304473499816,-0.481662473755769,-1.50009687162976,-0.224967672728438,-1.11459556656845,0.072970506051482,-0.290353989222112,0.425868569746813,0.139718549684153,0.219598748203647,1.00540174613708,-0.804316830524276,0.480590612754184,0.771594224140188,0.670098855244394,-1.8518816824572,0.0546287395578927,0.0926458342572965,0.220025204323168,0.747969812966942,0.0479036249059445,0.450454455753194,0.243279209287091,-0.195403043343008,0.0705650686044475,0.0303775628581437,14.0,0.0
49359.0,-3.42130256489482,-9.26884538709471,-3.15038177339701,0.718678945511713,-3.53369826530514,0.347962950440482,2.71128681993079,-0.907147361470962,-1.98965269681172,0.19635359513439,-1.51111225435009,-1.19717873976647,0.45226929594473,0.275087499516162,0.0524315081111094,-0.372668450838209,0.676412698222223,0.540245649833578,-0.457132554048042,4.92506611486048,1.30134134257016,-1.64493639804127,-2.469325261585,-0.326371366531781,-0.178696694148564,-0.286626618131746,-0.477909640636996,0.451251829501097,2607.5,0.0
66362.0,-1.34765699405478,1.04552575843511,1.38728500642354,0.0288276036826944,0.803292310666082,1.51632357333061,0.245337620142672,0.712927768574902,-0.221592259236556,0.244859115225804,1.97934972260151,0.276531450376234,-1.56603268755886,0.660228551401283,1.40870591429995,-0.95229796439244,0.549172210201864,-1.46745119950104,-1.38010076646355,-0.0860325443090295,-0.0433001345833151,0.0172709437757639,0.16494246822587,-1.10577124231723,-0.418439318407118,-0.557715723429387,0.265642596189102,0.228731708873886,2.36,0.0
41313.0,-13.8972058704019,6.34428045616839,-14.2816664432471,5.58100899740718,-12.8871331616131,-3.1461763671985,-15.450467216827,9.06028147442157,-5.48612077680694,-14.6764702497464,5.1483517210937,-10.7495919949504,1.58548896754337,-9.79801207658904,0.733276999106463,-12.675268899047,-20.7406637223494,-8.15366802624724,5.2283417900513,-1.02522792390103,3.05808183846397,0.941180290424241,-0.232710298333368,0.763508019302571,0.0754562386388435,-0.453839571774416,-1.50896825698328,-0.686835738780169,9.99,1.0
34521.0,1.08123377540659,0.416413936043849,0.862918740651629,2.52086280678918,-0.00502050005851413,0.563341022808024,-0.123372251574041,0.223121852791809,-0.673597550149872,0.644549730341658,1.1205051770709,1.23777331256672,0.342362114422749,0.0383719793321978,-1.19450308848281,0.0854063439558358,-0.219143226460215,-0.694259215394403,-0.655269928208246,-0.16524877677618,-0.159387123973102,-0.305154013019185,0.0536197364326817,0.0117614442207135,0.375145782072105,-0.106298753298543,0.0210082653765087,0.0105592082435436,1.52,1.0
91502.0,0.0073790751145725,2.36518252886777,-2.60028738169342,1.11160176466249,3.2764413263667,-1.7761407852846,2.11453088108345,-0.830084106599812,0.900489974281822,-3.37617706712688,2.05681205985716,-3.9842567303491,1.02196791340796,-5.96790496861639,-1.15160831490592,1.67973960141233,5.58611468683053,2.78913115591619,-2.24107485298106,-0.00638849728163087,-0.563944162060269,-0.902099515410175,-0.404382448597275,-0.0129439005065412,0.589836154947909,-0.734449052212668,-0.447529183217452,-0.362374775122343,1.0,1.0
21046.0,-16.9174682656955,9.66990017304097,-23.7364434105216,11.8249902296814,-9.83054822917941,-2.51482887310345,-17.2906566748216,1.8204078670595,-6.26490348784789,-12.9166361091709,9.56711029521397,-13.7170673789468,0.899540705915631,-13.2729650621928,-0.402260044266312,-7.75409405936683,-11.6446032058862,-4.74130270962407,0.58462597267458,0.996745095162688,-2.33611095619483,0.972754726208974,1.24186581168063,-1.05108624820763,0.0380090796054737,0.672317065099677,2.10847085205046,-1.42124325273233,1.0,1.0
35135.0,-1.54359200864703,1.45682357944284,0.704369914939405,-0.75197011837893,-0.503335057292441,-0.236916010206037,-0.158604836925779,1.11357626427186,-0.360627923538462,-0.667624350899523,0.87034912409028,1.04994804609557,-0.436482394088766,0.740205544128262,-0.775835662489446,0.133701283613872,0.0821467142833489,-0.439692521320452,-0.328147920877906,-0.121391668776068,-0.0642238367577643,-0.219658667226929,0.057086597770766,0.0220853651250612,-0.230170969447056,0.316261642102546,0.169572523393293,0.0997642468587751,4.0,0.0
16811.0,-1.89595410387484,2.77216740160004,-1.48926251477743,0.885396407506805,-0.471485626046921,-0.363652677754455,-0.686520870505009,1.65437412090497,0.286505368082976,-0.0317914069416145,1.66293641482198,-0.750731721657211,2.66972568711307,3.01644327864482,-0.703564848418476,-0.204215352363589,1.09329256709194,0.303152446435184,0.118516355072774,-0.00397923604337795,0.131475441274079,0.550082157749552,0.242018120144749,-0.345315581736493,-0.514807626762941,-0.401179172550378,0.244644504209263,0.138775024134024,1.59,0.0
116249.0,-5.03264196041472,4.47084386386864,-3.81237631192437,-0.709455635602101,-2.73849073979882,-1.72474714179716,-2.05369872878251,3.50297441763705,0.306747690192995,0.552658948418363,-1.94712399806358,1.58729946939558,0.556842880740815,2.11686142938326,-0.57856806746684,0.74720679943508,0.924874135870511,-0.584564465504107,-0.402747330988299,0.192300812552857,-0.207957571112934,-0.857851187802419,0.552933481828407,0.00341655619503528,0.149394205989186,0.167965107715738,-0.0924304215306395,-0.154351617955308,10.98,0.0
76867.0,1.08256623409747,1.09486151295003,-1.36702004784737,2.01255429562949,0.708142047645968,-0.807712094137058,0.151952109111841,0.158352530916403,0.00987228422733163,-1.92527812380296,2.60593702345612,-0.309218873424363,-1.76754891562268,-4.42919458671376,-0.171939794624445,1.05551393649543,3.9705869371836,1.76224857169611,-0.880812102847679,-0.135789404251701,-0.32528376499397,-0.734343617700577,-0.106725343342181,-0.224999064492694,0.569167327221417,-0.33503264926341,0.0891401408869493,0.11233722000597,1.0,1.0
37359.0,1.29305346794745,0.457969173071868,-1.94045010818654,0.173148862363531,2.60956976701555,3.01411706933283,-0.269414758067989,0.754420440807174,-0.221009097149639,-0.6207998601217,0.34874843300146,-0.296104948188729,-0.118735702614523,-1.19258200683639,1.27839349886921,0.923267816751005,0.395379379540966,1.0390376966389,-0.252923895786939,0.0250200757274697,-0.121125631554031,-0.427753296365488,-0.15933569505727,0.857134710770907,0.850054898722773,-0.311685062523481,0.0375362125837485,0.0506175099603134,1.0,0.0
48789.0,-1.51546630623572,0.351636074247478,1.62779853187174,2.98590978235657,1.8921644625612,-0.537842973971544,0.566012007860247,-0.373349064627684,-1.75717654758206,1.1318462337471,0.0489564753995655,0.170342128297202,1.27988608748904,0.0358943798975102,1.24175095149327,-0.862331843252653,0.275923914575062,-0.771247972618757,0.657739560823296,0.201929894084578,0.0461135290341869,0.329188670694658,-0.276250678887575,0.149745368990849,0.401172257168873,0.328480204202766,-0.454958680867669,0.186960705969517,2.29,0.0
91407.0,-3.95120850670532,2.88180518239049,-6.42149029451106,2.43418142416554,-1.32732453838007,-2.12210598673342,-3.2275333300383,-0.68556047558208,0.775985124963588,-4.72309174576035,4.921657447038,-8.75277008726404,1.52019774197935,-8.5520227319441,0.351975957711389,-4.5340297530839,-6.46540863418339,-1.89030997911689,0.174840185624481,-0.669351428982036,1.41047856462921,0.279402820830601,0.570821171370176,0.65627101478476,-0.298600548903483,-0.407571358894306,-1.37870253026193,1.37913029153249,52.69,1.0
108800.0,-0.869194480794631,0.982890119166129,2.24219522809584,-0.269914211464918,-0.187000972027711,0.139628415347525,0.0539723095837053,-0.728940166669243,1.75814398313011,-0.652680517482797,1.72539397249084,-2.94337537421636,-0.612782132751361,1.87305401893915,0.16543343333601,-0.0607457764486762,0.315998393301827,1.16690080784304,0.692464783147565,-0.113559089289999,0.438278485812733,-0.735798971412894,-0.159215623552163,-0.161678983105872,0.217494129930924,-0.716095493769066,0.18846568043124,-0.0934614991393967,6.95,0.0
115603.0,-2.09531335934229,-2.06861575544963,0.487104358503405,-1.01880210009178,0.953965727473499,-2.23778401792912,-1.24647212342319,0.565050912166779,0.896907339594277,-1.1895082137731,-1.31479582602887,-0.29253128971166,-1.18177442365959,0.667428332442409,0.892009006202462,0.447608587670101,-0.329005386214515,0.17214153068471,0.151629937090511,0.406096793426236,0.207480087989401,-0.403883258659449,0.240569286890162,-0.029901290101933,-1.40534950701098,0.179986226801656,0.0954326343436151,-0.214241149597464,13.94,0.0
43168.0,-0.607098246764064,0.916822873152495,1.0027281108765,0.224647070785362,1.51992226481626,1.38134324891728,1.0167919361862,-1.43908938757317,0.304447023239667,1.42936854057072,0.0897226299448123,-0.65092552161353,-0.620377892409257,-0.40127591299793,0.938064313513489,-0.136406405609454,-1.17328515230489,0.766947096987628,0.903994460974802,0.123193951617167,0.688697845968925,0.314110520811946,-0.331759565482692,-1.72591767075752,-0.209108657851356,-0.289345111903866,-0.57669159266358,-0.677551879226525,23.5,0.0
94362.0,-26.4577446501446,16.497471901867,-30.1773174564996,8.90415677106517,-17.8925996927224,-1.22790388102871,-31.1973285494605,-11.43892041491,-9.46257260540015,-22.1870885620007,4.41999660154863,-10.5923050053728,-0.703795803703315,-3.92620731586873,-2.40024649210124,-6.80988994039049,-12.4623149481086,-5.50105078380738,-0.567939572890149,2.81224110932946,-8.75569832116533,3.46089334478551,0.896537503959012,0.254835536763482,-0.738096558530353,-0.966564233789852,-7.26348214633855,-1.32488430656137,1.0,1.0
91524.0,1.95485173775774,1.63005630331209,-4.33719968092597,2.37836729179698,2.11334786136033,-1.58385066673113,0.65374545254113,-0.192892012453504,1.21760825458778,-2.8290982053899,3.50456779253823,-3.9181998797616,-1.01579192974001,-4.7045087050312,-0.968553075532043,1.85477191713001,6.02439676670687,3.53125033477791,-1.1962847755939,-0.230640095367639,-0.474437304644058,-0.974624666273666,-0.0481545042172499,-0.0235242678879109,0.362192024107476,-0.570709266940076,0.0256187202949634,0.0818803891570235,1.0,1.0
70189.0,-1.01221643515661,1.61329150862217,0.690061831292504,0.231829381905017,0.545245869647813,-0.75196515796888,0.676391461925944,0.392734960181022,-0.900244007380387,-1.54580903422457,-0.0838088864380456,-0.00238861207296286,0.102202573294416,-0.887090677023979,0.65296480720883,0.449516711551386,0.892908141648909,0.131094564089676,-1.40985834026499,-0.22748181230265,0.1011580122138,0.178676649640945,-0.286660128869691,-0.0387062071567774,0.345985500903674,-0.425394695649268,-0.0153697149858815,0.0557837656881342,1.0,0.0
121222.0,2.18800816943373,-0.400212436979738,-1.62790755401702,-0.2256916450999,-0.133549383718776,-1.27335092007045,0.22614387522707,-0.553974814212849,-0.908684473428197,0.87751958828898,-0.845912561065674,0.763512051816279,1.47845737011331,0.0278694164893744,-0.734252951345642,-2.24470825702349,0.184696818842782,0.251183539518999,-0.646467156344063,-0.558022504332498,-0.338599463119224,-0.220435543992565,0.112803751465191,0.0493126312581478,0.157236013441992,0.6067289101045,-0.0634502332589784,-0.0711045444566938,10.0,0.0
47785.0,1.11848973406431,-0.0768757467895908,1.3069657860655,1.22389649913597,-0.929305585925878,0.121685588685487,-0.677855536867014,0.246978683598463,0.652381747773515,-0.0270378097073919,0.884039149780527,1.10030960315314,-0.182322162563683,-0.1381995766945,-0.508125640756298,0.280627649261362,-0.492368488490745,0.448793117356066,0.0813120800278744,-0.140130458418969,-0.0150376341841424,0.130269210352669,-0.0115268649628348,0.336039798706765,0.382387196069097,-0.42564255337509,0.0686235578280558,0.0270934730237334,4.99,0.0
41085.0,1.10281682946612,0.00386335394387596,0.729331644900606,1.38060978755182,-0.464603330659325,0.175443075825733,-0.323170031467215,0.257715961669663,0.408640670554309,0.0416126194185357,1.05348777857014,0.732964913104649,-1.34142950185115,0.312530099386699,-0.802381138618474,-0.512888898649155,0.16774048310883,-0.282570718999505,-0.174454428675291,-0.270754092705878,0.0160877357801763,0.259072065349397,-0.060801742177363,0.2150181667039,0.573602254717943,-0.267352080117643,0.0450274906230975,0.00696415137912644,1.0,0.0
26556.0,-19.1798264145873,11.8179219897853,-21.9191735807843,6.0862356342864,-14.7088447898427,-4.30888760741835,-15.3579518065836,12.8571650181242,-3.99986076978115,-8.9286556608751,5.8492930661792,-8.26164983722413,0.153829148314596,-8.82935922766409,0.00887883882572681,-7.0709530089254,-13.6297209427085,-4.9588298158479,1.27209136353211,1.572949614923,1.74680154191934,-1.35314876613352,-0.762965072731218,0.117027851903743,1.29799375563032,-0.224825057048525,1.62105238966989,0.4846144027264,99.99,1.0
47982.0,-1.23280412810524,2.24411874456383,-1.70382579275654,1.49253586483501,-1.19298516971563,-1.68611021267902,-1.86461150490967,0.856122313785725,-1.97353527775248,-3.94238290411726,2.40165068027699,-3.39426561777896,-0.145161724970334,-4.32979551307589,0.758760885824274,-3.19904647594093,-4.48018356526203,-2.48566878350317,-0.0958074336903356,0.207889301735382,0.560475065574211,0.165681717805126,-0.0137535165177887,0.474935180269258,-0.218725074414735,0.302809125708237,0.46603094153746,0.250133538809307,0.76,1.0
100501.0,-6.9852674861123,5.15109356872598,-4.59933777342036,4.53447860064768,0.849053978611719,-0.210701203278644,-4.42522968507474,-5.13452515572624,0.0693205728889109,-0.870997150804889,5.20081516878268,-7.80222778971281,0.0339124179895287,-7.56013197197136,-1.01465193469311,-1.50792960088674,-3.41027456780471,0.107544007359072,-1.37551765637273,-1.24699631854492,5.45367185347674,-2.05617714358307,-0.280333720590026,0.120771472511766,0.569357720918146,0.145971466001576,0.300193469284684,1.77936385243205,0.76,1.0
80108.0,-1.66824643110868,-1.10147213575011,0.422710784372043,-2.053210004516,0.15559470258955,-1.01961385494595,0.0720837637163753,0.405855887868093,-1.34586009088795,-0.683053512623038,-0.38633000526048,0.684484254740013,0.785530096424974,0.114621055821582,-0.964815686680154,-1.80464518981809,0.4936229614059,-0.515238112296206,-2.871997770842,-0.257226052437765,-0.0286664154975765,-0.172945525525355,0.37314307078588,0.154931952629866,-0.718461308124917,1.05407205771797,-0.0704062891716322,-0.0751728484844679,116.88,0.0
50706.0,-8.46184470133154,6.86619841481805,-11.8382692206767,4.19421096699453,-6.92309709702798,-3.22114664850055,-7.55349651116055,6.015618186942,-2.4661434402463,-6.24624318477127,2.94398521977131,-6.51238933713471,-0.698175946764313,-7.54364593187217,0.92645528395257,-4.3302948063467,-7.33969796421674,-2.55090085394741,0.645904895509124,0.814710155897088,0.918244480856236,-0.715366336614015,0.210747336284603,-0.0602114737129364,0.509534595479059,-0.257283692851139,1.17002651560613,0.229300914797861,99.99,1.0
102619.0,-2.48836288474016,4.35901910783724,-7.77640985018266,5.36402677044258,-1.82387723220959,-2.44514013600669,-4.96422092061784,1.48489015991725,-2.94789885841072,-7.17534972178322,7.34365210856032,-10.178995535122,2.14215063066493,-8.98305216762269,-0.473746033414928,-8.14334226244301,-9.78567719982127,-3.08651950539248,3.37971333584943,0.792274684105994,1.32567239039937,1.02122620503862,-0.266476205063069,-0.370880444896658,0.365535186093547,0.081372023747405,0.184983040876449,-0.211582455539506,1.0,1.0
64756.0,1.42488454852227,-0.951432628100106,-0.0277392047974951,-1.57653101286434,-0.853383571214304,-0.252322633371211,-0.686621167549422,-0.0665806827394778,-2.42622114158735,1.54303351907315,1.3221105491836,0.0626352235447641,0.750243820774783,0.0446591035922375,-0.0993492199249528,-0.582613211825524,0.507912551721094,-0.462616923292891,0.0789635735272145,-0.271224184976255,-0.489787119571526,-1.12511300749862,0.161595444240907,-0.359214497707955,0.176481532785887,-0.503195886850327,0.0194692547133354,0.00797062265999341,40.0,0.0
73409.0,-0.808627933981999,1.18886690466657,1.55334600251806,0.425665722217502,-0.3364594887643,-0.538979323842935,0.205619482786514,0.438552336603843,-0.873590581439342,-0.649663938605329,0.0144466820360184,0.244702637162238,0.0821060243713446,0.597204133479171,1.42080560973804,-0.333488222456114,0.435306215822084,-0.772652969692132,0.253929598583504,-0.0829276096144735,-0.0796188864963845,-0.370852566465097,0.0466423973152413,0.395652751480909,-0.360222785140161,0.185368009188708,-0.038429750872346,0.0369022436635417,0.99,0.0
67318.0,-0.672924090593342,-0.021602109070201,1.97448272932692,-0.977545177936646,-1.36256132602378,0.642576446767033,-1.24418104027466,0.720405061501072,0.0505568403630865,-0.286356697688927,-2.21597571828134,-0.418666224869617,0.357516224091745,-1.28625099304561,-1.63119250208949,0.773651799787947,0.743990166327348,-0.897382440605815,1.47693417091209,-0.0118578795771578,0.260690267207895,0.931973006918186,-0.226142720489327,-0.385014115635378,-0.170763322278875,-0.0966605616458021,-0.0391840424778234,0.0797574914958943,2.0,0.0
104581.0,2.04826210007186,0.207111015679774,-1.54100310298064,0.64634478619945,0.425901872910954,-0.811898956226914,0.0575330746889725,-0.272130232533199,1.84218573636373,-0.746763502368467,0.433331635763777,-2.56209251417466,1.20908343929873,0.697913384428525,-0.43861718637815,0.224409098291974,1.32380478015001,-0.0940706516077183,-0.256801151494331,-0.224319114823962,-0.504147922333482,-1.13272940912087,0.369275282946953,0.505429229178826,-0.327609091717592,0.133169908509413,-0.0906097728109772,-0.036233985263922,8.99,0.0
118529.0,-0.203433999312431,0.558650907010564,-0.109536131890626,-0.639376674523671,1.00164346927982,-0.770696592545483,1.03320198171023,-0.270967525009264,-0.086769959571711,-0.489051563415305,-1.10325615184483,0.325575896787857,0.414160888881998,0.0330125471859977,-0.804124556188855,-0.256354808664413,-0.434159452086042,-0.741051475097867,0.0158697299730918,-0.191271635919853,-0.0775034455682333,-0.133389211683533,0.155102098362455,0.766234829657648,-1.21556711730704,0.0185667073208162,0.100439470005686,0.245703391375677,34.55,0.0
70270.0,-1.51251575792702,1.13313858781029,-1.60105247993576,2.81340096831714,-2.66450340578315,-0.310371093924795,-1.52089516380539,0.852995775116439,-1.49649450564954,-4.05629261571005,1.55375586796783,-2.74355135914945,1.50454067059684,-5.42878849870488,-0.0160171233729703,-3.72718761269833,-3.94629958919926,-1.68028644319238,2.30361261010114,1.24958556268985,0.729827756052255,0.48528591471162,0.567005413227757,0.323585691602658,0.0408708540928058,0.825813553299941,0.41448227186994,0.267265082454707,318.11,1.0
60797.0,1.24040081926974,0.215688259876226,0.764367651886176,0.640790272571412,-0.573767088094073,-0.778554214579846,-0.10377858932906,-0.211923173208779,0.0594209738858074,-0.112777536542297,-0.0780014710277211,1.05441187834145,1.74693082623306,-0.208361550022937,0.981725986055931,0.337155873741129,-0.56611713286614,-0.319320522419921,-0.32548656354123,0.00828745330380226,0.027263744923628,0.194160133599321,-0.0218965120418444,0.459268337887419,0.391042753113464,0.341611173033385,-0.00536453108049776,0.0233813756021002,4.97,0.0
55486.0,-0.416193623157743,1.0146413391919,1.31555930726696,-0.312235279021098,0.402540866922163,-0.17706829981063,0.617458471070103,0.0874252474309093,-0.710327341605197,-0.159447663985202,0.802168416203807,0.780302520378209,0.755910148550035,0.161027035206889,0.122749700447346,0.56216861009893,-0.932615565810884,0.282486990217412,0.558184679515323,0.1754663913546,-0.213050462110268,-0.553229126507207,-0.12797148145371,-0.357324854410755,-0.109062774633941,0.0941251964298949,0.265014743020483,0.10555499942127,1.29,0.0
72928.0,1.19213067927866,0.124277326416462,0.125946776346685,0.466838160179012,-0.117406791179357,-0.130221141409162,-0.215552154084835,0.198844973111604,0.0472088073838026,-0.107872082028291,1.27198119320325,0.00258260395820708,-1.50906991551687,0.253651613733812,0.85466021789944,0.557520666723598,-6.56595008454863E-4,0.0615854720358724,-0.132005884935888,-0.198929126105537,-0.249292791490601,-0.801828944569559,0.126063236017953,-0.394596287826594,0.0998972983384329,0.132685974145754,-0.0218744895127477,0.0102763924684784,1.79,0.0
76845.0,1.141572041228,1.29119504187036,-1.43290045302393,2.05820222243243,0.940823737515849,-0.958273875563986,0.391154204412105,-0.0925192025989645,-0.0328285936060586,-2.15530254380865,1.0804386160969,0.0444153214634158,0.441176590070526,-5.05382476474338,0.315185256694669,0.821195361600931,4.02736603913411,1.07797898032715,-1.10727585500251,-0.00591257660665234,-0.366507064917023,-0.714464900739845,-0.14391066716844,-0.305177619493244,0.697514060032721,-0.312544722619217,0.106247471401345,0.125059863331359,1.0,1.0
42229.0,1.35186275169564,-0.339615883500698,0.322227271116273,-0.46262379047092,-1.1339748498458,-1.57934894182651,-0.0966506054632347,-0.346166783824884,-1.09678211612714,0.678907709554391,0.0284894848768877,-0.0662591493875799,-0.180098261120604,0.386834570878019,0.705933762859271,-1.52223657649825,0.270961683338199,0.212021697570994,-0.682668851580979,-0.500227167421615,-0.768849877183423,-1.84740039609436,0.351888762002226,0.884449383739407,-0.0988488063481477,0.590846987398278,-0.0791530683555123,0.0150608653596916,18.94,0.0
75033.0,-0.430330205681344,0.985632693552081,0.645789437298841,0.317131047127407,0.616332206255463,-1.34746245720975,1.0782335690849,-0.161518267508932,-0.492855874580938,-1.03963769713185,-0.39560772252726,-0.664683930228673,-0.985700496668287,-0.660967626671015,0.344105202877093,0.530852433867815,0.278141865207384,0.355529916892446,-1.08122326117298,-0.115281935429531,-0.0163780179250957,-0.207609058231514,-0.164119225784612,0.255280162145255,0.454797817761532,-0.505032215885219,-0.0394559687978208,-0.00635758223393408,30.14,1.0
102669.0,-5.60369027985602,5.22219270751471,-7.51682997724608,8.11772427554261,-2.75685795265464,-1.57456462233583,-6.33034325040366,2.99841888080239,-4.50816689310713,-7.33437708370839,7.18872396524447,-10.6551809118898,2.59467986078199,-10.242859083204,-0.191158119172494,-5.50433407013933,-8.69777741257031,-1.93422536185434,1.95874993153475,0.227525994742654,1.24289620552409,0.428408392466797,-0.101183595116722,-0.520199121186447,-0.176937756589733,0.461449982566097,-0.106625180749266,-0.479661947808134,0.0,1.0
35721.0,1.04198345512015,-0.219348420669844,0.453371856990044,0.658182093129886,-0.219918407800978,0.549086777580133,-0.290982429225951,0.324272506784845,0.306113356222811,-0.105830015354831,1.36056532513391,0.940063324840667,-0.906340490312986,0.340572280988438,-0.318715468629329,-0.637804939918128,0.387957131558098,-1.02614222780037,-0.220769706525985,-0.15841396893924,-0.114315562883319,-0.218968271692175,0.043045589803785,-0.261258724181393,0.23988469665841,0.309849496378885,-0.00368535272375193,-2.6309401049717E-4,37.51,0.0
93614.0,1.65523018782067,-0.802904469441329,-0.657777231418033,0.308550875917647,0.136605497504315,1.42812916532165,-0.834439193540147,0.406483373887615,2.35769574653586,-0.47349284422669,1.8430149149054,-1.57847703130899,1.46370305476149,1.75387595970872,0.414112650597283,-0.209503195451018,0.428187556178116,-0.0199437394793769,-1.1565563629797,-0.11933419587915,0.218748185315448,0.862043734588587,0.0528400170931109,-1.68173369892773,-0.376892226951753,-0.181457433265668,0.0292870828730409,-0.0512332950493478,118.7,0.0
100912.0,1.93948143389889,-0.608750629218191,-0.17214058243383,0.234372083794194,-0.496995917204677,0.531055216162259,-1.09600990135737,0.188652276206118,2.51831130404792,-0.231730327509682,0.853147911326273,-1.93806839898475,1.65159956053987,1.3121080221785,-0.515064611383074,1.08661042509505,-0.452364579772104,1.07867167656276,0.0826575270496383,-0.140413280791161,-0.111944900152533,-0.0215770920728026,0.176223920447683,-1.13648401081987,-0.550089602696191,0.490021753743284,-0.0482692269818044,-0.0607221987647509,39.0,0.0
93920.0,-12.3810482122443,8.21302215295327,-16.9625296493409,7.11609059812684,-9.77282635905051,-3.66683564785878,-16.1473633736285,2.07870595319163,-4.25065683444105,-16.7460441053944,7.42580096307482,-15.5648376012203,-0.426338420425742,-14.0295376738875,-1.68188923012087,-11.1337609764854,-15.8335888785336,-5.74853293843859,2.27108150670047,0.53779490001906,0.1677033350947,1.5034133341063,-0.767755381526479,0.371951476263823,-1.41563947948017,-0.517022160118675,-0.434620522533755,0.292721057342818,97.0,1.0
28547.0,1.3411568295428,-0.520821783374931,0.933492515156359,-0.719958165616618,-1.28296006882276,-0.625625386202226,-0.861206819509153,-0.0609312589625639,-1.00096804060818,0.753555780547228,1.80404273350156,0.795087531205905,1.39356752883918,-0.379972446450544,0.141770315136731,1.43334061092216,-0.128484879249721,-0.759316663242802,0.525224214981603,0.157991164064623,0.377575397424469,1.06833073759823,-0.0800630035839251,0.604168698472838,0.436525265920108,-0.138418858806319,0.0313906684684033,0.016070187745685,6.7,0.0
74534.0,0.940366925833212,-0.0832609491850591,0.697823213665966,1.13605794881151,-0.008574256723631,1.09673682417845,-0.431029558593205,0.517305719740943,0.249051982966348,-0.145323658839849,0.685427683299308,0.141848777916572,-1.09729337321893,0.575883071014196,2.28090413125478,-0.943258696908664,0.833050856980872,-2.01272864216488,-2.14690219037431,-0.285899165308292,0.0698595937110999,0.244550852941539,0.18590436659261,-0.693337107440543,0.00668442613184207,-0.369904177726154,0.0930900711982103,0.0233621889450702,36.0,0.0
70071.0,-0.440095203221886,1.13723897606434,-3.22707975693117,3.24229293383089,-2.03399815309639,-1.61841464754635,-3.02801259904704,0.764554819893569,-1.8019372093973,-4.7117686842189,4.66325458481107,-5.17173460782892,-1.62407024790733,-6.71387819491558,0.607986267670607,-3.27520749888835,-6.8238312134789,-1.35530868624906,0.291250739005026,0.895840844006848,0.764186724577691,-0.275577693085964,-0.343571526478397,0.233084829252444,0.606433640125543,-0.315433462199896,0.768290751269875,0.459623327730251,227.3,1.0
68207.0,-13.1926709562391,12.785970638298,-9.90665002092758,3.32033688288942,-4.80117593230105,5.76005855618556,-18.7508891580107,-37.3534426378925,-0.391539743919107,-5.05250236713858,4.40680552357904,-4.61075647740608,-1.90948796970811,-9.07271093398351,-0.226074450896345,-6.21155748212485,-6.24814535335983,-3.14924669470095,0.0515761185277783,-3.49304991519446,27.2028391573154,-8.88701714094871,5.30360690376998,-0.639434802306313,0.263203123457008,-0.108876929971315,1.26956635541013,0.939407362758877,1.0,1.0
41237.0,-10.2817840384715,6.30238478416897,-13.271718028752,8.92511547634157,-9.97557831146449,-2.83251346361162,-12.7032526593299,6.70684583868978,-7.07842395823848,-12.8056831898117,6.78605830197451,-13.0642398936784,1.1795245105938,-13.694873039573,0.951479176238826,-10.9542857275047,-20.5835927904158,-7.51726213169106,2.87235363605874,-0.247647527731929,2.47941350799644,0.366932842343897,0.0428046480276363,0.478278891799746,0.157770817898023,0.329900959238367,0.163504340964582,-0.485552212695879,118.3,1.0
80349.0,-0.433104197380463,0.556897689788332,2.47390286344655,1.04180469518923,-0.70705970235424,0.196550171396281,-0.127967814195853,0.358044046884873,0.0983073028624819,-0.268806886126338,0.781694301602815,0.320611711455358,-1.16484023139982,0.0208031615221658,-0.297098779774989,-0.110485517986715,-0.110537045655672,0.764919054790801,0.830293677231766,-0.0403364370196726,0.108309383932816,0.420487829110865,-0.0684644472023159,0.520587272791321,-0.45957891870632,-0.413068687514104,0.198777340347317,0.153126788284664,12.99,0.0
4526.0,-0.626409796561317,0.632560099740918,1.31690383053507,-0.0415720435686002,1.62009998266048,4.35340908288087,-0.964568183151952,1.00905654270967,1.08647834058435,-0.30034822168087,0.803613949607189,-2.94524938238793,1.98038095026664,1.2808900586678,1.85332227398102,0.369865133433568,0.183910120833902,1.49895496653026,1.41706066072131,0.272791998067337,0.11054872891064,0.423075114746642,-0.252885711000852,1.00749216139743,0.0377541520427846,0.708637164906716,-0.183620669153459,0.0875724070852349,11.72,0.0
49383.0,1.55926103482103,-0.934921501771918,-0.669284790555393,-1.7701847674082,-0.352105414026805,0.0924318497915756,-0.678721536479606,-0.0412142974545019,-2.32158650427792,1.63571572843472,0.343604203050183,-0.757630163464815,0.0711671269449934,0.20385261042023,-0.0453046998857305,-0.513772148715203,0.292707579120121,0.222505403046288,0.248459472634971,-0.356285297373271,-0.175286745001578,-0.111826843116885,-0.202639181439232,-1.16175585581417,0.721034411179638,0.0031847143056446,0.0058202861161427,-0.0200430313085882,12.0,0.0
75447.0,1.19133985775513,0.332312205021336,0.419437990842079,0.717528237898657,-0.323431841067682,-0.784280178709899,0.0302070698206819,-0.0984664917910729,-0.0268457307967771,-0.333508528855336,0.483831824496316,0.544774329474043,0.369400572640016,-0.283617453390957,1.29783052819473,0.0807422799779055,0.378822591596958,-0.881456114757804,-0.680795686578433,-0.109949787769121,-0.2363451376085,-0.637269818662707,0.196901245973679,0.366056841318816,0.107466159645401,0.10324100033309,-0.00462845324763104,0.0310995438227338,1.29,0.0
7543.0,0.329594333318222,3.71288929524103,-5.77593510831666,6.07826550560828,1.66735901311948,-2.42016841351562,-0.812891249491333,0.133080117970748,-2.21431131204961,-5.13445447110633,4.56072010550223,-8.87374836164535,-0.797483599628474,-9.17716637009146,-0.25702477514424,-0.871688490451564,1.31301362907797,0.773913872552923,-2.37059945059811,0.269772775978284,0.156617169389793,-0.652450440932299,-0.551572219392364,-0.716521635357197,1.41571661508922,0.555264739787582,0.530507388890912,0.404474054528712,1.0,1.0
85285.0,-7.03030814445441,3.42199090467553,-9.52507177254752,5.27089100906596,-4.02463027558805,-2.86568161775739,-6.98919473439446,3.79155093755913,-4.62273033596451,-8.40966487562735,6.30904400603177,-8.57676143258937,0.246746716929862,-11.5340460181508,-0.3642651387587,-5.45249465771382,-11.8875700201872,-3.56358481007011,0.876018768156628,0.545698040621445,1.10339774484256,-0.541854751589521,0.0369432219896495,-0.355519004066217,0.353634382097,1.04245799282131,1.35951563156376,-0.272188101257294,0.0,1.0
78037.0,1.16032538900788,-0.512301751706361,0.883567570700501,-0.882912479843966,-1.04350979630178,-0.0496691176805818,-0.813889484905296,0.303302395236788,1.69316017171648,-0.928909408667019,1.32704329514667,1.03997445584862,-1.03654210186055,0.253411077770956,0.921638768160104,-0.495926396762977,-0.0672867356465179,0.344425891825298,0.494192328271934,-0.203454653967003,0.0565528891334033,0.367646514593581,-0.00823194234406339,0.0174933813138754,0.367457360929136,-0.671181612090544,0.100481918398225,0.01976355248945,1.0,0.0
41237.0,-10.2817840384715,6.30238478416897,-13.271718028752,8.92511547634157,-9.97557831146449,-2.83251346361162,-12.7032526593299,6.70684583868978,-7.07842395823848,-12.8056831898117,6.78605830197451,-13.0642398936784,1.1795245105938,-13.694873039573,0.951479176238826,-10.9542857275047,-20.5835927904158,-7.51726213169106,2.87235363605874,-0.247647527731929,2.47941350799644,0.366932842343897,0.0428046480276363,0.478278891799746,0.157770817898023,0.329900959238367,0.163504340964582,-0.485552212695879,118.3,1.0
109298.0,-1.00061051985933,3.34685000184439,-5.53449117133595,6.83580203854396,-0.299803293657807,0.0959512989990878,-2.44041927394713,1.28630119597073,-2.7664382829404,-4.45800770078481,4.69653339192897,-8.76211333956078,0.985826601093264,-7.32027202211023,-1.06384045772504,-3.37112471078725,-4.25115786762875,-0.43005729986925,1.80401333906519,1.18981379228675,0.439756764345897,-0.694099203587273,0.299660329499667,-0.657600627722995,0.101647558980344,0.430457439169415,0.824685450418745,0.326952273050223,186.13,1.0
84694.0,-4.86810843844627,1.26441977404559,-5.16788542660662,3.19364784504611,-3.04562137708228,-2.09616609885545,-6.44561018266068,2.4225355920307,-3.2140554159387,-8.74597261185534,5.41604190908794,-8.16412507731485,-0.165010607208302,-10.1935303551514,-1.89521031032574,-7.36047460938421,-14.6687710766351,-4.87711900477519,1.38560952778492,0.66730977994879,1.26920538901712,0.0576572516592633,0.629307399675982,-0.168431773502721,0.443743902404587,0.276539471570389,1.44127396787951,-0.127943726430018,12.31,1.0
38568.0,1.10678967697551,-0.0438558841732675,1.22660477673394,1.48820928065295,-1.13208415885591,-0.618465550080211,-0.400908819579069,0.00370145537978169,0.798727272652596,-0.167484462154345,-0.410145635581339,0.420648396560251,-0.446239062065803,-0.173385414256921,0.0552358318273581,-0.234825336985038,0.0269165057686588,-0.130652454100414,-0.436847264988928,-0.151634540117172,0.128975172135469,0.561222866656854,-0.0817311196238871,0.951931594130058,0.563917080249366,-0.249207442005461,0.0559116262538009,0.0371172411898686,22.78,0.0
41305.0,-12.9809425647533,6.72050777097643,-13.4556359425571,8.69861009281133,-11.4795517833437,-2.68151865053833,-14.0192907576919,8.21819051252864,-7.93089996826719,-12.6959474039839,5.58936163192341,-11.9608660326622,1.53867076186333,-9.88721406724695,0.6339792179337,-11.3502438549644,-21.7101876525534,-8.85945192496352,3.62971365041526,-0.84330261969681,2.54962823474498,-0.532227763596568,-0.235096473604284,0.673209169467055,0.22659797207791,-0.00616785819002466,-1.18569550568181,-0.747361321404312,59.68,1.0
56806.0,0.0168278084833761,2.40082554709233,-4.220359820602,3.46221746352071,-0.624142188342754,-1.29430258598001,-2.98602831443748,0.751882724799937,-1.60667229891344,-5.97492543825504,3.26492215161104,-5.09503162409832,0.307807541258315,-10.0181060613614,0.273282636641356,-3.56253351747421,-4.37710568381017,-1.79263494349375,0.0802807729992116,0.590418382570863,0.285831617664336,-0.771508088806938,-0.265199774294598,-0.873077150100989,0.939776315964547,-0.219084743497804,0.874493632152321,0.470434221788752,1.0,1.0
23695.0,1.01475047394643,-0.194255373025227,1.21903489056878,1.75374311756499,-0.449576916469279,1.16629615455757,-0.711376428273792,0.372533197552549,2.31415322673965,-0.626088093466432,1.2254090098442,-1.00640898014179,1.23168254345813,0.898214047502559,-3.10147057014136,-0.874820059911406,1.14409605731809,-0.458265145205069,0.377404626232597,-0.187282170383583,-0.522184457578111,-0.876609287309119,0.0227489888342724,-0.363718089166696,0.403274619298529,-0.547674410772241,0.0548373193824852,0.0129269278660274,35.59,0.0
59385.0,-7.62692409246447,-6.97642000754641,-2.07791115073952,3.41675415987856,4.45875840248762,-5.08040779918275,-6.57894786782983,1.76034141396682,-0.599508728352202,-4.00174208524931,2.61176184321338,-2.21069105518154,0.145323220628924,-5.28167813117348,-1.44622731547596,-2.34217826208892,-4.44208205885268,-0.812202197039381,0.254771833248553,2.87526030369363,1.22479498325958,-0.656639147267532,-0.330810728527997,-0.0789460153087798,0.270305924800976,0.431119110160139,0.821381426988655,-1.05608777393768,18.98,1.0
61017.0,-1.92521725819708,0.105753176989319,1.58689382401069,-3.24731951429922,-1.33646948102377,-0.47061627889501,-0.177213582347749,-0.195512691698627,1.96303109552325,1.66734207864373,-0.167289986812431,-0.377402587923081,-0.237000105471379,-1.15826843343176,2.19828805099452,-1.9159600766346,-0.281253818201995,1.52545107350277,-1.13952278675428,0.308952551008838,-0.406704074990541,0.549874879219801,-0.0265812985701982,0.0713060176878009,-0.255971808852895,-0.00186855270766602,0.748338043201301,0.378350321836305,51.0,0.0
118373.0,2.14561766006918,-0.719796127526623,-1.28040345966076,-0.674637653127848,-0.613850547356012,-0.561297845931697,-0.991170931048339,-0.0130281858600072,0.147955584570508,0.0842835507214493,-0.519707684063688,-1.13478471077508,-0.374584161392239,-2.00627965698356,0.495563829374575,1.69681983708163,1.39571467441981,-0.392355595368323,0.192736349260495,0.0235056560423728,0.224965258265948,0.680915785264421,0.136792087564656,0.487536997783596,-0.149532587190911,-0.109206019848766,0.0229951019326594,-0.00712512779918345,19.95,0.0
21130.0,1.16231373105449,-0.3633582948483,1.13375935830201,-0.47892309932574,-1.18362633270246,-0.507850377183547,-0.771458554220717,0.0427348456161918,3.18990215446163,-1.47855424331096,0.89706378225106,-1.96205395425423,0.791579179685459,1.48194770377909,0.844507769580526,-0.823442512914975,1.02642449089894,-0.0020609225296459,-0.126907951893638,-0.236150135318212,-0.115645676996228,0.136752551788494,0.0451144322089323,0.343682835236736,0.332010533573749,-0.71438128874817,0.076988798181806,0.0290906951103256,11.85,0.0
41371.0,-0.532504164520835,0.387326429709918,1.98172549587422,-0.654314754914824,-0.766077023222131,0.253476127153303,-0.0680731414584635,0.210828008509431,0.471775618060478,-0.439641993491182,0.574824132973036,0.560219863158848,-0.318099496588645,-0.404172759744888,-0.539960502054534,0.36703270828867,-0.433203968052608,0.397691183771184,0.793428417516524,-0.0661634776215967,0.003398023460789,0.0497040145044416,-0.109270513828909,0.0772612930389307,-0.340584704774003,0.929543257288596,-0.264955139602419,-0.0069014286105762,35.95,0.0
27163.0,-23.9141008948243,13.7659421584186,-25.7337337663194,6.2909179135006,-17.7848236618953,-4.57249762015164,-17.3907644695894,15.7941361803271,-3.81983218698836,-8.44226241787632,5.02011249777419,-7.0464278465108,0.692785249374773,-7.07689932873899,-0.0465348409616521,-6.20823797273981,-12.5320624040465,-4.82885763250639,0.978636193358608,1.64003733516462,1.77339928248294,-1.74842552125898,-1.09310448820022,0.147807442391992,1.66379235724108,-0.221024471156944,1.45807561131952,0.43031504868091,99.99,1.0
45541.0,-1.51924353075082,2.30849245367643,-1.50359931953802,2.06410058377601,-1.00084505842829,-1.01689703316417,-2.05973051990126,-0.275166374590629,-1.56220609694371,-2.75579692797163,3.43824825990431,-3.52152936013651,-0.918761288376486,-4.45210024854037,0.499313753853031,-2.90790343439971,-5.24864639527919,-0.936814652613817,1.16012029433585,0.175018552247898,1.30787143187069,0.102825644139183,-0.0177462832428156,0.149695925673219,-0.0966024680642115,-0.369114567720136,-0.0192440931269227,-0.20831909164279,1.0,1.0
70536.0,-2.27175453696818,-0.457654560738072,-2.58905463865543,2.23077826688105,-4.27898250263823,0.388610079538804,0.102485457456358,0.813127838070308,-1.0929208385062,-5.03202838566819,3.51034756034463,-2.22739840581069,0.656823927974733,-5.19918574342056,-0.128311029598493,-3.94352099869908,-3.82052232662867,-0.570821093891663,2.78338340771804,2.28575790271371,1.09634200952947,0.658398654570846,1.71167573455248,0.333540036403021,0.538591373646869,-0.193528512332835,0.258194100840055,0.247269213953463,824.83,1.0
49985.0,-1.55421636788274,1.69422928947167,-0.903333638062708,2.42543608490852,-2.89978748492542,0.133028430446298,-0.286225919411127,0.555944559014401,-1.39491838156524,-2.89261176082088,1.96223597455109,-2.38526266137636,0.458337202321203,-3.72454345377605,1.84397832505056,-2.01392370780293,-2.81560029569659,-1.09229027232613,0.139687230416985,-0.0323343863075664,0.493436338989664,0.733393182273647,0.202349959595007,0.492053700892718,-0.183790909215829,-0.19991711985608,0.395200622125666,0.0276930320930062,360.0,1.0
62330.0,1.14086473658976,1.22131743135767,-1.45295546048243,2.06757505760281,0.854742052227546,-0.981222507744598,0.325713913670098,-0.0377214068783676,0.113219371615132,-2.12697274994354,0.915947028928619,-0.468571538051367,-0.523377293666349,-4.86186658087283,0.421013353871263,0.866440624739209,4.08248488419359,1.1963181517001,-1.10076358353881,-0.0677120411898438,-0.377597095255037,-0.79345965987036,-0.132333171548173,-0.33158626897425,0.664877856718148,-0.309312434134138,0.099941947375597,0.122988311929089,1.0,1.0
100005.0,-0.947856353582765,0.488175166607145,0.776310397631198,3.24492698903132,2.30284509091955,-0.0730135217610467,0.151685892254536,-0.0314259909605809,0.0808442319964046,0.582562738687434,-0.853195662157656,-2.80319162771359,1.76596574180729,1.27033719503838,-2.66826499376921,0.375731910470571,0.0590439909101127,-0.155522150849262,-1.66769936486952,-0.448865992850233,0.0404973988032084,0.53748284022422,-0.208233462593557,0.575130335623244,-0.802596690805434,-0.14459651327224,0.207652562886057,0.194420738903999,7.56,0.0
112399.0,2.02528054953267,-0.131606500036232,-1.42122384481772,0.0796749232748184,0.203821651235914,-0.560311138085322,0.00547539355718191,-0.0887440432140673,0.583915442287553,0.0799689076418391,0.945594856901513,0.678362614632182,-0.681239307781632,0.807750319810041,0.31358539930603,-0.112863445450872,-0.688587291424242,0.579728333214435,0.0178167931207187,-0.264670482816954,0.318212473436805,1.00371188420477,0.0222323366997266,0.710925887274506,0.278381761573294,-0.467728118520762,-0.00115583797227245,-0.0584638418592437,1.0,0.0
57027.0,-2.33565492855671,2.22537994112476,-3.37945038583039,2.17853822878821,-3.56826371512658,0.316813583664713,-1.73494800330036,1.4491394338594,-1.98003348126993,-5.71150474047788,1.83721490161197,-4.5403416445233,0.747845860345767,-6.28431406964108,-0.128887216546494,-3.5632394063049,-7.36832064555377,-2.69295315786876,-0.450550113544917,0.274027122680488,0.78554012192761,0.29741198434836,0.308536146370564,-0.598415746387816,-0.121850330815637,-0.491018310202025,0.701606041424924,0.206966343288918,444.17,1.0
69259.0,1.11353084180521,0.222930344167109,0.544386723793405,1.47654862985555,-0.25997352969147,-0.352015715320739,0.145841141480757,-0.0835429729804345,0.155390651908445,-0.153576254559816,-0.11801824357554,1.03080791559087,0.55093386242841,-0.0576869288643038,-0.197673226276472,-0.851553862061163,0.341142547309618,-1.1728603955562,-0.500768894467893,-0.124044147030022,-0.0627862124681633,0.0573830330283232,-0.0441227783386241,0.429211229248938,0.638775168200006,-0.336482898988469,0.0424206300767069,0.0233828662087327,23.19,0.0
102669.0,-5.60369027985602,5.22219270751471,-7.51682997724608,8.11772427554261,-2.75685795265464,-1.57456462233583,-6.33034325040366,2.99841888080239,-4.50816689310713,-7.33437708370839,7.18872396524447,-10.6551809118898,2.59467986078199,-10.242859083204,-0.191158119172494,-5.50433407013933,-8.69777741257031,-1.93422536185434,1.95874993153475,0.227525994742654,1.24289620552409,0.428408392466797,-0.101183595116722,-0.520199121186447,-0.176937756589733,0.461449982566097,-0.106625180749266,-0.479661947808134,0.0,1.0
22913.0,-0.849881311158869,0.3513698858475,2.45916861056496,-1.96700681624594,-0.102351262070002,0.268754242799965,0.171783047332687,0.163129169596817,2.58678604866389,-1.69177886548125,1.86588783481992,-1.99881883422804,0.477078954388646,1.28033153646565,-0.345720015483027,-0.361706429475105,0.217998307375116,0.785912616925791,-0.132337293499303,0.0182519679656115,-0.155820053587581,0.161934635639046,-0.362842914699452,-0.384864073665947,0.439833239224154,-0.788957574284293,0.164021617939589,-0.108727151091886,15.3,0.0
47663.0,0.471777151171562,1.95591286181735,-2.35490209747032,1.60827615429511,0.988476267630413,-1.62828557678054,0.664011357629924,0.114966309419723,-0.643092591396433,-1.44700615630329,0.307207957552163,-0.0835099531355948,1.02708241384223,-3.44933394950955,0.965443347852219,1.05613109808275,2.75183244013662,1.58706169795821,-0.238240695911774,0.0921145353838762,-0.119481103997098,-0.185237874787016,0.0751722366186503,-0.433414376226999,-0.332041273290246,-0.371795805479105,0.137097765044145,-0.0550826715592629,7.53,0.0
67857.0,-1.73933378422429,-1.30465465035444,0.314102907291187,0.0537401062585881,-0.0586957001779964,0.0712595573040713,0.694861852921962,-0.313269934817745,-0.649377114028123,0.517567879914365,-1.35655775612738,-0.238382663867126,0.0695790190825196,-0.431690053731737,-0.674723889299605,-1.65416180710569,-0.0539606012956825,0.520745840192804,-1.55456174696529,-1.46399432399357,-0.665172078751849,-0.632078028662709,-0.421175799634968,-0.400774352865197,-0.00164030189404302,-0.495162312868153,0.0316326197006312,0.0662796878513276,320.0,1.0
78352.0,1.3552946306942,-1.22402856727215,0.168616084676238,-1.52800858958606,-1.17446422281514,-0.0703539957411566,-0.991027389095409,0.036328765969128,-2.10823510779379,1.55775661860542,1.12695779422049,-0.346872267213801,0.223468939691171,-0.00313495195457704,0.193005105255352,-0.398858923837844,0.430988942871627,0.13745543730611,-0.206183806228083,-0.242067942120866,-0.122951181988294,-0.102939680686888,-0.0409436599676073,-0.321586919965176,0.320764946313449,-0.173567002024137,0.0266198983592148,0.0120293291765584,68.5,0.0
41170.0,-6.49808616880785,4.75051466030858,-8.96655783136602,7.09885431317009,-6.9583762227814,-2.82212618665779,-10.3334056561063,4.03190730189525,-6.64877821018697,-11.6344144245911,6.87757089846463,-13.6976856184689,0.463040401836978,-13.0441824003561,-0.309229265664683,-12.3175797238757,-24.0190985475902,-9.33519307905321,1.95189049542104,0.568338010653019,2.15814308370257,0.1115103626317,0.216413836254987,0.584661255488016,0.760359507805524,0.0819723426822078,1.41506751068321,0.0351241448009389,83.38,1.0
57840.0,0.942710411157133,-0.982629506528351,0.457439221012429,0.337891609727663,-0.785323561972786,0.612409804093952,-0.587612381463801,0.0872360713550472,-1.04345508481829,0.862270860304905,0.188619540950293,0.779325684826806,1.65028806517147,-0.149457951014608,0.467183853757184,-0.390876353955993,-1.13898322543537,2.30706962514682,-0.725165943536403,0.0027532405450887,-0.234546139291599,-0.624202353217484,-0.23757652621269,-0.865965142944632,0.301156994001184,-0.401368518804371,0.0435249631760904,0.0593343175028437,210.0,0.0
406.0,-2.3122265423263,1.95199201064158,-1.60985073229769,3.9979055875468,-0.522187864667764,-1.42654531920595,-2.53738730624579,1.39165724829804,-2.77008927719433,-2.77227214465915,3.20203320709635,-2.89990738849473,-0.595221881324605,-4.28925378244217,0.389724120274487,-1.14074717980657,-2.83005567450437,-0.0168224681808257,0.416955705037907,0.126910559061474,0.517232370861764,-0.0350493686052974,-0.465211076182388,0.320198198514526,0.0445191674731724,0.177839798284401,0.261145002567677,-0.143275874698919,0.0,1.0
41577.0,-0.882213093473937,-0.218422833883113,1.53904656576265,-2.36974433786052,-1.09141754393586,-0.770346336679374,-0.309901644362842,0.115696557482146,-2.40389681472723,0.78200052340541,-0.25080905633592,-0.963608656586811,0.251520181455898,-0.292107280918706,0.227578519300679,-0.552296552355329,0.698112502040669,-0.504113706238747,-1.26014513808336,-0.427319340923505,-0.106117492108064,-0.00737295113016007,-0.047296884846489,0.369964791538448,-0.166479961069224,-0.435949559826122,-0.300682036560735,-0.191617985209277,32.0,0.0
69127.0,0.909581916816681,-0.289270278473932,-0.354538083296694,1.16174236589873,-0.147059293897058,-0.714339552053785,0.568869413488049,-0.250266163383554,0.0222012144707289,-0.0418679020658152,-1.01915744957656,-0.465092990979054,-0.848331225284556,0.67428894485803,0.944583965429551,0.145569503609645,-0.49374390439912,0.0262764364448912,-0.136664828432677,0.212071470506662,0.0445907067757308,-0.321500366583403,-0.323916036387199,-0.159779638254544,0.695366996958344,-0.343042825393432,-0.0409815411568197,0.0439344235025205,202.84,0.0
58751.0,1.17953270447864,-0.104248234874899,0.477698076462984,0.875757146073557,-0.702821972996102,-0.734603688109772,-0.0796515968313823,-0.0645329681629304,0.669655168143663,-0.165502976327831,-0.897107031743636,-0.257642684717147,-1.41146906162617,0.21104163313641,-0.0561298131028804,-0.214584164361183,0.111827862351912,-0.539266728044835,0.219128729018474,-0.153919486951953,-0.23175377773093,-0.612433611959222,0.00632288645104089,0.393754203743851,0.397651907559442,0.270517193159776,-0.0364097965374302,0.0146558281249037,33.49,0.0
62167.0,1.25619922041417,-0.0152309644584859,-1.46922933484107,-0.0939107981098049,2.12851982446467,3.45943853936127,-0.660356338531819,0.902599477481453,0.461278410801087,-0.713639317418101,-0.159715858468263,0.00997269324730101,-0.249682239980463,-1.41750769080661,-0.0434213997141227,0.431922150229057,0.636860930391453,0.484267062223656,0.355506481322832,0.0484648527946562,-0.234142109767408,-0.584964354829736,-0.130328846909995,0.941958609241202,0.706134179720384,0.426655994018335,0.00352756676841391,0.0362236873720668,12.31,0.0
35171.0,-1.06866179685523,0.0409242783821064,1.81448440895307,1.3386485642468,0.264546958013431,0.617232347578732,1.24271304516986,-0.0635192277074118,-0.843442358049779,-0.206190169381182,1.32143838793442,1.06371122306228,0.50893520810803,-0.0861057281445623,-0.41151747727775,-1.10787623839918,0.277682454407139,-0.21033232192001,1.07008202358126,0.688413654959831,0.111804352246452,0.264487406167767,0.14304440773346,0.0302344669181337,0.515306345228236,-0.185754443350059,-0.137322497856086,-0.137377074498696,205.0,0.0
75978.0,-5.14072311805277,3.56875123426923,-5.89624545735196,4.16471993013258,-4.09119263947502,-1.98996029061886,-5.47243601705169,2.42282066166249,-2.90973525837833,-6.28780335064533,3.70431215185119,-7.26754953396678,0.329269938095914,-8.45897495556967,1.35448720090917,-5.9762209822112,-10.5760149147501,-3.52516124688807,1.73797600497073,0.318995199686566,1.13113028151049,0.118021510216711,-0.332704205017834,0.139940733895169,0.324757896441424,-0.180769130367976,0.177810382911191,0.661555355551591,99.9,1.0
65873.0,-0.425731435009905,0.921080615557447,1.95003654422837,0.968896979655242,-0.416328988295681,-0.607886699502261,0.814069019320145,-0.13156852793342,-0.681911162117464,-0.386939964103136,-0.00740891206010619,0.520263619573122,0.980510178807515,0.0238337098854787,1.16679379672181,-0.128786901661619,-0.235660924376792,-0.126190790688055,0.308268710502026,0.203672164571984,-0.00714280048734867,-0.0931727608716529,0.177435234941486,0.685007687088292,-0.47324227954985,-0.625902905896417,0.160728443309168,0.169612626984041,69.97,0.0
41194.0,-7.89688615307576,5.38101952251685,-8.45116161458266,7.96392808742307,-7.86241943013129,-2.37681997521459,-11.9497234569249,5.05135567269165,-6.91207600938549,-11.589748311433,6.64520072606617,-13.542095596465,0.888247918839909,-12.623316046432,1.00275519562895,-12.4322791426353,-23.2415971479491,-8.49529893803197,3.45394255518458,0.645974321869431,2.55794395644985,0.926277883497588,0.0327949396062788,0.638072585685807,0.361887213739485,0.444576520477986,1.10192314818996,0.205958012508108,1.52,1.0
41875.0,0.318595190272165,-2.19247278589863,0.0803852299954391,-0.298216985973051,-1.70756039304136,-0.657607509124607,0.0502143301919966,-0.189850330619326,-1.08240997782588,0.536175580768238,1.67627781552684,0.134350149438616,-0.0387475335942076,0.215470960458427,0.187477996789177,1.45206908608798,0.06854853507629,-1.01895909473742,0.651709162962929,1.14608298685021,0.290789120123293,-0.543376104851111,-0.320033265925913,0.530975794609826,-0.0302236712810367,-0.567358457541161,-0.0954078219508865,0.106979311568167,542.27,0.0
41582.0,-1.04800528916284,1.30021877705413,-0.180400575706546,2.58984264330545,-1.1647935523262,0.0318234062644092,-2.17577809872951,0.699071737631603,-1.14020827768059,-3.22678710680364,3.49080495043995,-2.45433920979968,0.177189485247745,-5.16060809721957,-0.686114234287445,-3.99614471325468,-4.69556272249452,-1.81916096350279,1.46108031890323,0.644993308471186,0.549014458224783,0.624321410729297,-0.136662719519743,0.131737918713915,0.0309213718346795,-0.176701082429858,0.504897671691263,0.0698824528615783,39.45,1.0
21662.0,-18.0185611876771,10.5586001882538,-24.6677412485732,11.7861803616399,-10.564656569212,-2.64568119936245,-18.02346767268,2.69365540308048,-6.21946362785238,-12.7447607871859,9.31813768535999,-13.3778574339457,1.02192386777466,-12.7843458873548,-0.451145843251939,-7.55136493140559,-11.3259968724596,-4.70125277749548,0.516317073274611,1.00770320533757,-2.31947946208034,0.908838783150801,1.35290370698024,-1.05922233762791,0.185750941504222,0.687037383632165,2.07808058379956,-1.42951702264525,1.0,1.0
87883.0,-1.36029263351035,-0.45806896998712,-0.700403917726715,2.73722917151503,-1.00510597388675,2.89139936351597,5.80253735302589,-1.93319735249124,-1.01771714252211,1.987861862693,0.504116141204789,-0.863430853145281,-0.184450076491427,-1.01691553500414,-1.55941019827384,1.15431268558106,-2.04385766822656,-0.151698807119589,-0.94351353548825,-1.49340137472525,-0.936989532415364,-0.0538115862306455,0.580105893889531,0.216927302487974,0.151642929701357,-0.33211456915886,-0.469800301881959,-1.495005896766,829.41,1.0
56624.0,-7.90142134976781,2.72047248689249,-7.88593567244075,6.34833355148109,-5.48011903551053,-0.333059239585013,-8.68237644547782,1.16443107786426,-4.54244738562489,-7.74848004950582,5.26658587269696,-8.67967880327782,-1.1663656781569,-8.10797466085831,0.701364761025326,-6.28830575777651,-13.7531307979331,-4.32923927421315,1.50425021091709,-0.614719344485925,0.0777390506575033,1.0924365947863,0.320132727437797,-0.434642552856739,-0.380687072327338,0.213630359032603,0.423620329379796,-0.105168533503988,153.46,1.0
18675.0,-12.3396031574122,4.48826730168204,-16.5870729373632,10.1072738734101,-10.4201989827431,0.130669811857349,-15.6003233044816,-1.15769598093331,-5.3046309683427,-12.9389293107706,8.80568196718575,-13.5561301301468,1.16546376028499,-9.80988150207055,0.369987279150665,-9.50521044515487,-17.5420303090874,-6.79263778723153,2.06937744931751,-0.0855014634055812,-2.0896096332232,1.74531450014405,1.37681580939778,-0.554271418366818,-1.61074085196174,0.153725444536768,1.2124772080589,-1.86929047595671,188.78,1.0
100298.0,-22.3418888868038,15.53613332478,-22.8652284959099,7.04337354768731,-14.1831291919342,-0.463144880408286,-28.2151120538009,-14.6077905214735,-9.48145633401495,-20.9491915543611,4.73958247105186,-11.9249546896802,-1.50141102577851,-3.83678146634435,-2.72032883823594,-8.88010567222989,-15.8251362851177,-6.75042522352437,-0.129188144339879,4.10001904830367,-9.11042257588182,4.15889482041313,1.41292844456256,0.38280067392155,0.447153952515532,-0.632816336434319,-4.38015425911661,-0.467862869164174,1.0,1.0
57660.0,-1.41895034112433,0.524311123013565,2.21235394831293,0.234063665156739,-0.678501184702429,0.130933160827242,-0.469666425625057,0.844731960200794,0.263872741885628,-0.859921757010823,-0.942129188547873,-0.139446147815637,-0.886591351640963,0.0044503466396911,0.387493985303982,-0.106464321291824,0.392056322698759,-0.345172337853242,-0.186171419497115,0.0751438384251545,0.0116517534463777,0.00346587873915299,-0.11685723157976,0.0799481281486112,0.154766924463405,0.398894485307602,0.184084953929034,0.0199644130542512,26.62,0.0
113193.0,2.0328822162178,-0.1863267860935,-1.43418133994076,0.0978098873512702,0.0892402827874875,-0.671296349808246,-0.0395579579028572,-0.0650886340068511,0.718343733264359,0.114346283585838,0.752726181405841,0.192401331918219,-1.56060246204825,0.978090575396208,0.362291675267653,-0.0155179788550556,-0.691341890154907,0.773924171694832,0.0923024517066543,-0.315181806879797,0.302778574863472,0.909515771867332,0.0271938681093322,0.746315765069406,0.262421959158886,-0.470452420738939,-0.0100817706816458,-0.0597074838775017,1.0,0.0
63213.0,1.44967944591308,-1.13117744149158,0.00601425000185371,-1.40228234864079,-1.44003608875204,-0.943465460505582,-0.82785401123956,-0.0956026700114957,-2.00400164365121,1.69175777003371,0.860543775144657,-1.35442141899348,-1.80383484676932,0.492082514084183,-0.100822449111666,-0.343324806692947,0.48725162762287,0.566763430940311,0.142462991465614,-0.410993565803817,-0.162837631356029,-0.269750606761496,-0.0384384285215668,0.272664179093339,0.449085896768786,-0.158359567610593,-0.0135504215163252,0.00200250622993796,39.94,0.0
93860.0,-10.6323749061596,7.25193622855414,-17.6810718207918,8.20414440620562,-10.1665907519072,-4.51034377036334,-12.9816061559658,6.78358879797499,-4.65932958355558,-14.9246547735487,8.38914233451929,-16.4655039422141,0.33851695978655,-14.224403603167,0.556584472572111,-11.683998043525,-15.8416159780561,-5.75319975278369,3.81304079276336,-0.810146481561289,2.71535704420309,0.695602689761576,-1.13812206664164,0.459442241911828,0.386337323495895,0.522438449202614,-1.41660373652915,-0.488307035713995,188.52,1.0
31237.0,-0.346629608950094,0.688002697972708,0.384736106095967,-2.18380662990191,-0.689106679045474,-1.27097990964517,0.216814038782847,0.140046380623723,0.927727848329307,-1.83220369151673,0.437480145573065,1.51073855139895,1.16431906765267,0.443592123874014,2.18369870847043,-1.6517490400454,0.64840763400006,-0.295662488727168,1.24797597970449,-0.0913380042044881,0.316671965917767,1.03613808678538,-0.0833030377678497,0.485265345744447,-0.0633349535601558,-0.685360569362933,-0.107718089217739,-0.0235575379315527,11.99,0.0
64192.0,-0.528536434916532,1.16322170129312,0.730085205115341,0.940934703616831,-0.406773582233285,-0.570686983566658,0.400705449367378,0.318691164797165,-0.947076684423178,-0.117553658821434,1.29417377870458,0.956192134559071,0.241913989897074,0.742145138326466,0.25361870321785,-0.0186477246727303,-0.246101803676492,0.514839374419962,0.559915082432577,-0.149117096774008,0.248673543230119,0.598885371486946,0.0399957830011604,0.552504837345753,-0.174260714340328,-0.368109249351919,-0.15431482991445,-0.0460240268464397,42.81,0.0
83043.0,-1.20962161763805,1.22347952564161,1.33836101901555,-1.27423483039119,-0.153939472913524,-1.17844706594377,0.711713337090198,-0.191804374874915,0.23197262873927,-0.0302429510574152,-0.461302353634903,-0.272323962789336,-0.393265874313171,-0.0373332881016038,0.612180409780356,0.332700529610012,-0.534556562046112,-0.400992526092677,-0.450959086993426,0.108350711962636,-0.0575722076901736,-0.210639089365826,-0.15933011928173,0.41797601620507,-0.0804520728143064,0.80214369227065,-0.0716255788876878,0.206127912960082,2.46,0.0
29785.0,0.92376442016477,0.34404807190464,-2.88000365579163,1.72168007534123,-3.01956477860235,-0.639736122583852,-3.8013245024591,1.29909588513018,0.864065471140902,-2.89525166830126,3.02816223099618,-2.54917730779636,-1.56043182473423,-2.97131675769274,1.07889539651163,-4.70201182527384,-4.90809850732764,-1.5088732903485,3.0016850593747,0.170871765618069,0.8999311755668,1.48127100376248,0.725265549161058,0.176959582872624,-1.81563797523647,-0.536517111308732,0.489035020411905,-0.0497285787992942,30.3,1.0
51596.0,1.23743439761508,0.0185815981732318,0.419123183360969,-0.0373373382400091,-0.567772907786548,-0.9236047666047,-0.0414293255214611,-0.117031445501046,0.223851252745472,-0.235281640095266,0.264357477708859,0.283319165641289,-0.295915047535454,0.377100518813858,1.30641873855251,-0.162853774784669,0.15076574285453,-1.18492350159804,-0.312575720394262,-0.137568183108361,-0.186414957164117,-0.511679799465153,0.185827589105976,0.434228208775287,0.045161079430329,0.857980686320137,-0.0719123032259862,0.00308149333000527,1.0,0.0
102622.0,-2.87717642607719,4.56964856472544,-9.55306876711684,4.44107935434428,-3.65396138652409,-1.87798085259887,-3.5143534876061,1.5476079597065,-2.50330396990855,-7.57563437993936,7.00213577397937,-9.95919399367656,2.12207206066581,-8.88487177224851,-1.64485747819635,-7.18992618738758,-10.4451050316273,-3.2719075376306,1.48227743472618,0.105615110186545,1.27289634389685,1.30026844858483,-0.00395013351868523,-0.36084777781177,-0.597525997544942,-0.390901228489311,0.592196918920005,-0.241010152850381,346.94,1.0
94362.0,-26.4577446501446,16.497471901867,-30.1773174564996,8.90415677106517,-17.8925996927224,-1.22790388102871,-31.1973285494605,-11.43892041491,-9.46257260540015,-22.1870885620007,4.41999660154863,-10.5923050053728,-0.703795803703315,-3.92620731586873,-2.40024649210124,-6.80988994039049,-12.4623149481086,-5.50105078380738,-0.567939572890149,2.81224110932946,-8.75569832116533,3.46089334478551,0.896537503959012,0.254835536763482,-0.738096558530353,-0.966564233789852,-7.26348214633855,-1.32488430656137,1.0,1.0
101748.0,-0.236666927838555,0.93821960276358,0.646989203131829,1.78402964440738,0.874783521525009,-0.271066886465479,1.0557320679029,-0.249091394394088,-0.577404718735953,0.285351037695314,0.224548488673037,-3.00431310107715,1.71939137298258,1.67298125923367,-1.34658365324749,0.0569047197002153,0.84854888574098,-0.896671062166654,-0.0266633018201429,0.181535582067214,-0.169357866080551,-0.424720284464605,0.280187249344045,1.11384373541069,-0.998683187253075,2.10843519635616,-0.0674125015818857,0.168058829624711,68.17,0.0
62575.0,1.06241187868104,-0.260324998130513,0.697315833248475,0.231374555157399,-0.908653654853307,-0.731268686796574,-0.220416799795335,0.00779812559850197,0.145712106469313,-0.0228942694341401,1.55235348342535,0.698602015379581,-0.58203367508307,0.503963186936925,0.614957508718184,0.610374907405087,-0.561753622133226,0.0804030943068322,0.154502806568258,0.0338152893134427,-0.131421888931523,-0.623467518051418,0.117561621034696,0.543942605560285,-0.0287731964415981,0.376901333361483,-0.0628898245688743,0.0216633153632401,76.32,0.0
121887.0,-0.586049535559993,1.37926148512743,-1.34727028162917,-1.24656245372565,0.844823255734273,-1.24873742098655,1.12553214861909,0.216739890904075,-0.370052935358184,-0.181656447351048,0.0844019748713175,-0.22883954353947,-1.85520775873641,1.46785458080358,-0.653088058129428,-0.2381895462301,-0.486248415975079,0.370568554374107,0.208673803209334,-0.153578081661717,0.269715383902218,0.826178957447532,-0.225340312240736,-0.460708031874754,-0.281382144177907,0.111025688468203,0.364392560198931,0.248380466327915,0.45,0.0
12203.0,-0.690897017266883,0.82899268611673,1.83663715576782,-1.04072996631627,-0.0341995924964162,-1.02989147407171,0.591384203375772,-0.171201827711521,1.15516753011293,-1.13137224527358,0.584553202135478,-2.15523010387282,2.38647725016473,1.24104649432077,-0.307234646378311,0.538525499165248,0.0141282593602761,-0.154253161738658,-0.896958484905596,0.0999762411579246,-0.206607452628436,-0.319405135051848,-0.0108452966813744,0.370528361228798,-0.329149568250025,0.677663694819411,0.226861375234347,0.172588705319198,22.0,0.0
54144.0,-1.27887580521582,0.516391808505834,0.993714654693161,1.53292667861919,0.225057141411253,-0.26745891727041,0.0533710745569071,0.561168652604997,-0.448600028250169,-0.336098113306583,-0.767176608514413,0.385496027075207,-0.0048716774406234,0.364948651381023,0.204147903686709,-1.09233167873374,0.806276738347533,-0.616460731029903,0.70059449620465,0.29674789945044,0.0876607866535563,0.198826460944144,-0.02479082259292,0.101380895909101,-0.0585987612837485,-0.229468700602842,0.30539830228108,0.0388295153905089,44.0,0.0
18048.0,-0.072504350435094,0.970431918736354,1.61145461877579,1.83521088641634,-0.020003976012012,-0.0936014194646905,0.419332154540246,-0.374536926882221,1.04546498612933,0.222227530039378,1.16957045174489,-2.24422978214852,2.21845590973951,1.359297932145,1.1175789405228,-0.905148565864805,0.96571353472108,-0.0956787048645818,0.5427224701729,0.00514718524211029,-0.00905210445346423,0.538266721158757,0.320175698665163,0.336697190598246,-1.5463458237294,-0.546478509339626,-0.0917291546843369,0.0241900590152718,19.99,0.0
51112.0,-9.84877583247984,7.36554648639464,-12.8985382309124,4.27332307326376,-7.61199101126967,-3.4270452374345,-8.35080815251842,6.86360392236365,-2.3875673251028,-6.06578236274727,2.70785640511515,-6.13603446645473,-0.545976095807375,-7.02898027290706,0.916068574603162,-4.09288449351717,-7.01462170672071,-2.5309672589153,0.554027499068527,0.832398066019608,0.931958309450931,-0.87446736131737,-0.192639469446569,-0.0354260265633338,0.538665050436448,-0.263933516556866,1.13409509350836,0.225973163975667,99.99,1.0
71547.0,-1.17426758683242,0.265383962727018,2.9245246769979,2.88973186590153,0.586815573693503,1.65287320171717,-0.724136746733687,-0.533910355232086,-0.328595775945031,1.26907990158545,1.20894074585856,-0.0324273964162361,-1.14626545619433,-0.356943672920166,0.470083371656751,-0.614411185610547,0.446680666547414,-0.179993055635644,0.589002675923726,-0.267398992676548,0.698068887090007,0.216096545513926,-0.240164531581126,-0.279265584901041,-0.598200975621007,0.179185409534559,-0.0813819264801379,-0.374810998492127,19.76,0.0
1178.0,-1.97878516229909,0.279506536451134,0.64634319992654,-0.243417290772734,-0.971022939477848,-0.648426064675633,0.157255236132894,0.821749740663142,-0.366239902584787,-1.11899027874527,0.581549523236544,0.782211797407701,-1.03015823182174,0.803829165746306,-1.3639999976028,0.295075765318983,0.0567449216118633,-0.0287554339170808,0.134618654428334,-0.420456868297905,-0.00390021235051825,-0.283675540652379,-0.136899549154154,0.578062868706509,-0.291523341911821,0.296164561019889,-0.139623391455999,-0.25355244986853,158.0,0.0
87575.0,-1.36220328126961,1.40245867947759,-0.306089785815191,-2.89003308072593,0.80087257569913,-0.513234830126413,0.793865055584772,0.4603367941315,0.0283224658981081,-0.676202951063252,0.195391118963684,0.831002224042481,0.160598915944276,0.449362545589471,-1.13925311176672,0.732849205405777,-1.13956438570372,-0.143898147059387,-0.348200393123387,0.120486745791281,-0.29103331802489,-0.842361103816296,-0.113101389758196,0.095731266384089,0.114832103613446,0.367495851387875,0.305063399939131,0.213628445751774,1.0,0.0
56098.0,-1.22966891678814,1.95609915073809,-0.851197959645561,2.79698655025108,-1.91397684079333,-0.0449344462262948,-1.34073935355915,-0.5555479867039,-1.18446766006311,-3.24510859732028,2.33832327000211,-2.82004218823068,0.763325773164453,-5.41958986916794,0.0414327925041231,-4.18075778829053,-4.2850705920981,-2.53645157282245,0.93023918577297,0.270459255150975,1.20805425987967,0.277611797272191,0.0192658003152734,0.508528831195383,-0.201182897226566,-0.249600419347595,0.562238742839488,0.0753085014191344,170.92,1.0
57007.0,-1.27124419171437,2.46267526851135,-2.85139500331783,2.3244800653478,-1.37224488981369,-0.948195686538643,-3.06523436172054,1.16692694787211,-2.26877058844813,-4.88114292689057,2.25514748870463,-4.68638689759229,0.652374668512965,-6.17428834800643,0.594379608016446,-4.84969238709652,-6.53652073527011,-3.11909388163881,1.71549441975915,0.560478075726644,0.652941051330455,0.0819309763507574,-0.221347831198339,-0.523582159233306,0.224228161862968,0.756334522703558,0.632800477330469,0.250187092757197,0.01,1.0
64815.0,1.3793366778363,-1.27681492663922,0.772654945596591,-1.52537942085084,-1.49620287686509,0.436386572812473,-1.58979422990707,0.34441345276367,-1.70870922388083,1.53986746080912,1.46176141716116,-0.586007796095675,-0.556963285585676,-0.0429649672669763,0.757128803907907,-0.497040950578753,0.74363888479575,0.0201591749616069,-0.867326138308636,-0.449858934318057,0.0318218861050378,0.504505325141823,0.0653095616567367,-0.310420856175374,0.130764111654152,-0.0578232280518404,0.0757277441960402,0.00715972316046657,6.2,0.0
30852.0,-2.83098405592803,0.885657038258755,1.19993009832405,2.86129223993172,0.321668777779154,0.289966026429405,1.7677604489638,-2.45104966190813,0.0697358066743391,3.24508640095346,0.675287853392807,-0.677096334427304,-0.222741128141729,-0.913786970583513,1.60333192308268,-1.0245020918608,0.0220452070437295,-0.940684674142594,0.484758940230455,-1.01692314354721,0.546589339675499,0.334970736976198,0.172105676221893,0.623590288019672,-0.527114316331261,-0.079214654387473,-2.53244529803097,0.311176714703215,104.81,1.0
85181.0,-3.00345942213401,2.09615030972986,-0.487030347865578,3.06945315960973,-1.77432868427117,0.251804209642436,-4.32877649482139,-2.42547814428288,-0.985222033510513,-3.99521073403213,1.8806015528528,-2.32517912777326,0.636458662971611,-5.41749934539643,-0.262909464785021,-3.81808566437699,-3.70070702592749,-1.99141207812339,0.779950535234061,0.692537380835205,0.163966694003732,1.24564832133152,-0.269241340185825,0.537102119409512,-0.220756683145222,-0.0595547732936557,0.460709677482052,-0.0335506071081744,2.0,1.0
55614.0,-7.34795494690262,2.39704134824746,-7.57235581757844,5.17781925521834,-2.85483828261718,-1.79523877381611,-8.78323473517424,0.437156561210431,-3.74059750992972,-8.33286306292127,5.76318940883843,-8.70787929219866,-1.71694948774786,-9.57719439289905,0.146369002626258,-7.58649078643175,-12.5039309695675,-4.37563101237668,2.46519487038601,0.0731637913502985,-0.175273369741836,0.543325051876651,-0.547955067054245,-0.503721690122004,-0.31093277648824,-0.16398601754964,1.19789504657005,0.378186688214491,0.83,1.0
72244.0,-0.908235477118415,0.966457759894425,0.824945300003214,1.19548462266156,-0.245409333692816,0.66435133333617,0.431890846007282,0.709453532051042,-0.638953452579355,-0.222290710438182,0.521723889184918,0.521276616250516,-0.764231328957738,0.648613659385878,-0.42068813601209,-0.756117782347119,0.458592611744838,0.0772346940847424,1.1139465192449,0.199915532794949,0.0824019422801683,0.252299593557809,0.0714437072604603,-0.313598972604797,-0.0374302177103267,-0.21895366805201,0.26425622019577,0.133842527209817,101.47,0.0
47434.0,1.14196850037722,-2.13611091080699,1.85676728562495,-0.904572217448446,-2.46956231568881,1.70703408625336,-2.52941068299632,0.797806040228285,-0.060038447158013,1.09334690385461,0.336972266991239,-0.164052061839863,-1.13148923358797,-1.30575977558473,-1.87976799568879,-1.32026465047006,1.61882249222668,-0.075356470867555,-0.227277137194788,-0.387243402255147,0.0302839272767833,0.843961745423616,-0.0745499022449264,-0.265421733268387,0.180583860147597,0.139486992854466,0.141662800602392,0.0256394323655369,67.61,0.0
109298.0,-1.00061051985933,3.34685000184439,-5.53449117133595,6.83580203854396,-0.299803293657807,0.0959512989990878,-2.44041927394713,1.28630119597073,-2.7664382829404,-4.45800770078481,4.69653339192897,-8.76211333956078,0.985826601093264,-7.32027202211023,-1.06384045772504,-3.37112471078725,-4.25115786762875,-0.43005729986925,1.80401333906519,1.18981379228675,0.439756764345897,-0.694099203587273,0.299660329499667,-0.657600627722995,0.101647558980344,0.430457439169415,0.824685450418745,0.326952273050223,186.13,1.0
67621.0,-0.833100338594786,-0.270747871884008,3.15550507494331,-1.31591669761659,-1.51317603807348,0.421021607874206,-0.885593115978169,0.572150432029019,0.369950741346176,-0.323481679290549,-1.1297314871677,-1.0958296685703,-1.83639473190971,-1.20580615200595,-1.54048772473118,0.38806954104406,1.16471712299076,-1.63609582255547,-0.00534665783221189,0.02487263930623,0.168400304997771,0.82634454775111,-0.324144010275054,0.425441620765174,0.378904220926247,-0.0978155660426401,0.353978227496921,0.126042230389717,1.0,0.0
26961.0,-23.237920244511,13.4873857909274,-25.1887729688701,6.26173255148578,-17.3451881651558,-4.53498915241687,-17.1004924771637,15.3746300252798,-3.84556677176243,-8.51176669710133,5.1385473219039,-7.22001986441493,0.615793286019405,-7.3272215995796,-0.0386320690669864,-6.33151509399145,-12.6888576275064,-4.84738160696153,1.02053587929144,1.63078748322503,1.76970812949114,-1.69197330547661,-1.04567292278161,0.143386499863412,1.61157707182701,-0.221575644736264,1.48123260638065,0.438124804842523,99.99,1.0
85693.0,-0.717206910110319,-0.443888847279407,1.29846549792298,-1.17852188025432,1.37746400063471,4.82690178212145,-0.818391708182087,1.01974597620936,0.211218931061261,0.239994422264051,-1.60887906725926,-0.0862570917960642,-0.172691356857976,-1.4556927593385,-2.24224595203385,-1.68277130748762,-0.284850685033584,1.50877860939458,-0.697734242679607,-0.514493082112187,-0.486573837757951,-0.511947429291719,-0.22423742071969,0.986747153548822,-0.0531218612206431,-0.506549651890565,-0.162935034548474,-0.0881747531025854,50.0,0.0
114368.0,2.02643852370766,-1.67020246387502,0.358328943676419,-0.557784040115495,-1.53308370885046,1.23356294623739,-2.02158068121607,0.385146200752486,1.53376132775783,0.312382854499709,-2.22319482016403,0.24973991328483,1.20392245529081,-1.97731193379059,-1.80865332366639,0.896541501448491,0.377889182537464,-0.951861394346851,1.16377236902803,0.144715520723877,0.270746892158068,1.18934342978155,0.0160596540783484,0.138996041241414,-0.106462066242038,0.0243687241633682,0.0869968218492572,-0.0237896158187135,54.0,0.0
65868.0,1.1637088880857,0.345587734220217,0.266916643419683,0.649539223528692,-0.0841624141384878,-0.877471046362015,0.442197419543023,-0.272159142691376,-0.421723366516876,-0.149975973403123,0.562054865653188,1.29661324818892,1.47668179559439,0.212043822048852,0.858016019093464,-0.379108261352703,0.0285095793343387,-1.60064930069816,-0.422603654606065,-0.00617010546586551,-0.338237066827861,-0.96229711495316,0.210900590653546,0.415517359767153,0.16664253577584,-0.0169386245110303,-0.0292052362405197,0.020705171405488,29.42,0.0
35906.0,-3.51902954497457,4.14086717613266,-3.62820236883577,5.50567203744754,-4.05746250583351,-0.905945282755562,-6.65203112089008,2.63452416520597,-4.67940204045465,-6.54624181523522,3.53820204012168,-8.04228514248667,1.69750938374612,-8.05104890186539,1.07045739646232,-7.39595692479141,-14.3296261567476,-4.86801023649552,2.46384303909831,0.898723234092648,1.58255593340505,0.778710245469243,-0.13570727840987,-0.00427780027496027,0.0327061591060809,0.362014053476722,0.900925137512513,0.554897499272323,9.13,1.0
7519.0,1.23423504613468,3.0197404207034,-4.30459688479665,4.73279513041887,3.62420083055386,-1.35774566315358,1.71344498787235,-0.496358487073991,-1.28285782036322,-2.44746925511151,2.10134386504854,-4.6096283906446,1.46437762476188,-6.07933719308005,-0.339237372732577,2.58185095378146,6.73938438478335,3.04249317830411,-2.72185312222835,0.00906083639534526,-0.37906830709218,-0.704181032215427,-0.656804756348389,-1.63265295692929,1.48890144838237,0.566797273468934,-0.0100162234965625,0.146792734916988,1.0,1.0
14073.0,-4.15301449873357,8.20479650456012,-15.0317142097481,10.330099825448,-3.99442609736294,-3.25001318447365,-10.4156978119079,4.62080391044331,-5.71124797098224,-11.7971810675777,11.2779207278067,-16.7283393320915,0.2413676825577,-17.7216383537133,-0.387299923381284,-10.3220166783853,-13.9590853730538,-5.03071003831832,1.19726633504633,1.41262488019492,1.97698839609887,0.25651048717528,0.485908106513804,-1.19882131436036,-0.526567394687845,0.634873502483478,1.62720907623952,0.723235068518316,1.0,1.0
70356.0,0.952617216750409,-0.393415887520874,0.851738237792956,1.50212926483561,-0.678663265496043,0.598807156189433,-0.500660178483898,0.385675260608391,0.822242390780253,-0.0735474831826955,0.59850806605372,0.589807599112318,-1.7292678943892,0.105798866441603,-1.23768601717983,-0.546479663450108,0.271682409351777,-0.202533530248164,0.024581403947897,-0.151860874021657,-0.0118727901888678,0.088889240189957,-0.12190300254597,0.0175458274667812,0.512326355204876,-0.277373335812944,0.0478776439761465,0.0204036246464356,71.6,0.0
47136.0,0.983936193290663,0.232876730113004,0.999585163845076,2.70085020898351,-0.218279803467403,0.556209080845303,-0.175194375690638,0.266890587865576,-0.25683105384042,0.431103846331457,-0.200249066708443,0.266130762034128,-0.569105522481747,0.0504203283393115,-0.106411377566217,-0.389544335585407,0.466333843881383,-1.64152456566484,-1.43807986958991,-0.208768809686033,-0.198093262652673,-0.479766921580226,0.164407358816419,0.0546969753596614,0.159873176066313,-0.142667975125734,0.0344528983032589,0.0275904045461785,35.24,0.0
76876.0,-1.29835900258265,1.07967115744319,-0.180677930886891,1.28783908383189,1.85827347944352,-2.22369500209375,0.525166986044906,-0.0968743110676978,-0.168893374133313,-2.544410418956,0.706999574201444,-0.835695915134352,-1.02211731659325,-4.99399178918475,-0.455706843211384,1.31536513941655,3.63919954823548,1.62342609471098,-1.53933883157799,-0.18757199362802,-0.332983053581271,-0.851270427572191,-0.370799798865314,0.29824168728035,0.442929877216587,-0.522832450531743,1.04856507220322E-4,0.135698346061769,1.0,1.0
115084.0,1.98805969113224,-0.00117805651047326,-2.0625478157185,0.218509694147748,0.717359719617966,-0.41339952819898,0.225291904269758,-0.247833646108568,0.824672065658823,-0.910869637942978,-0.907706475215018,0.850827996606698,1.56896488237494,-1.80324078967095,-0.197330694892502,0.156478648230219,0.697736157484814,0.110484054764261,0.391476647037955,0.0700196349175366,-0.253146018307243,-0.535192496468902,0.0669501562275643,-0.0396019975086955,0.0886870606889516,-0.0889707368462387,-0.0119135312710714,-0.00967683651228786,60.0,0.0
85052.0,1.48048462535813,-0.367069617543037,-0.421747037500484,-0.762517059912285,-0.47446938803483,-1.14332460298175,-0.0955733208875899,-0.3300265823384,-0.984705907707691,0.712643582945882,-0.824653457127268,-1.25028453503917,-0.677254404221379,0.261237596629471,0.555777640123513,0.913184527661202,0.277495312972343,-1.33054262233255,0.828416585629052,0.0268839632695713,0.148314753976455,0.320189478176717,-0.216735327439951,-0.0961327608412215,0.82892213949952,-0.0510363368689246,-0.0354869935204452,-0.00482035668124123,15.0,0.0
70902.0,-3.37760110155198,-1.555492375158,1.59606359820525,0.843280862142635,1.64604143152963,0.113222050343669,-0.899727506601042,0.633782166080284,0.137157359221417,0.11089013107236,-2.1479282472223,-0.843607951132261,-0.350555842490665,-0.417384686973519,0.113300667435704,1.3671435700857,-0.930101462986453,-0.00898206215163297,-1.30746400445212,-0.255459239787914,-0.0754209242781965,-0.00518494397439107,-0.433450893166022,-1.25021117158636,0.393563810174786,1.00395416437536,-0.162472632683106,-0.241499003360719,16.52,0.0
43028.0,-1.10964552515211,0.811069300236989,-1.13813532731484,0.935264670223385,-2.33024787785051,-0.11610605479739,-1.62198623466478,0.458027900124116,-0.912189159098001,-2.96199570179906,2.77896789639267,-2.37959961108923,0.918962784041379,-4.01578678027745,-0.530009790602772,-2.81588776765893,-6.6493577879714,-1.74611328389964,1.08340676372199,0.168890572541282,0.641593528333926,0.841754904759402,0.176727750810022,0.0810041184974676,-0.258898742565752,0.707654245320429,0.418648658517389,0.0807557537005394,204.27,1.0
61292.0,-0.989382834526231,0.909413259734259,1.12824397610163,-0.53338371929521,0.931281928047933,-0.805046720676199,0.635991311040628,-0.0662155404206325,-0.298288941058997,-0.619571094710806,-0.999138660473632,-0.209657948633344,0.444638047591754,-0.575629627771244,0.563664055953427,0.826179862087778,-0.549440235196092,0.0294807468690046,-0.367148319119903,0.0194847970929789,-0.304837449789191,-0.843214873296271,-0.241947501287924,-0.506046235823996,-0.00716523861187079,0.0116811078232106,0.206647827231405,0.148366520874867,4.49,0.0
75033.0,-0.430330205681344,0.985632693552081,0.645789437298841,0.317131047127407,0.616332206255463,-1.34746245720975,1.0782335690849,-0.161518267508932,-0.492855874580938,-1.03963769713185,-0.39560772252726,-0.664683930228673,-0.985700496668287,-0.660967626671015,0.344105202877093,0.530852433867815,0.278141865207384,0.355529916892446,-1.08122326117298,-0.115281935429531,-0.0163780179250957,-0.207609058231514,-0.164119225784612,0.255280162145255,0.454797817761532,-0.505032215885219,-0.0394559687978208,-0.00635758223393408,30.14,1.0
40365.0,-1.87493738696378,-0.456093765907576,1.70677490794453,-0.764847903200813,-0.903171806145843,0.197437513579085,-0.168919641858989,0.483441162978134,0.930643445634685,-0.67123190486492,0.800651084819195,0.363375383526707,-1.83796923176182,-0.166308030453009,-1.18257678706373,0.148572922414661,0.0588848525677597,-0.436742390791103,-0.360730595270174,-0.572523226572714,-0.156350804412664,-0.261937223711519,-0.353844416324634,0.28265039508772,-0.365500573467854,0.725969945643256,-0.549273166902988,-0.414666890921428,118.3,0.0
26585.0,-19.8563223334433,12.0958932259299,-22.4640827464876,6.11554110191771,-15.1480215209615,-4.34672408349599,-15.6485074722661,13.2768048056341,-3.97416161954102,-8.85919405880884,5.73081553744459,-8.08803351213651,0.230824969324902,-8.57897327333454,9.46636693186079E-4,-6.94774606726094,-13.4728970076501,-4.94021082886802,1.23014255193802,1.58292955492187,1.75072984045421,-1.40963570908141,-0.809809278333882,0.121396659905885,1.35030007077468,-0.224291873525585,1.59762136835254,0.476919818025438,99.99,1.0
55614.0,-7.34795494690262,2.39704134824746,-7.57235581757844,5.17781925521834,-2.85483828261718,-1.79523877381611,-8.78323473517424,0.437156561210431,-3.74059750992972,-8.33286306292127,5.76318940883843,-8.70787929219866,-1.71694948774786,-9.57719439289905,0.146369002626258,-7.58649078643175,-12.5039309695675,-4.37563101237668,2.46519487038601,0.0731637913502985,-0.175273369741836,0.543325051876651,-0.547955067054245,-0.503721690122004,-0.31093277648824,-0.16398601754964,1.19789504657005,0.378186688214491,0.83,1.0
62080.0,-1.59945740179415,2.60772002929222,-2.98719294171061,3.06415614684784,-2.49791431686821,-0.54110279282052,-2.2777862276701,1.26816610842127,-1.99733105335741,-3.83477508791878,1.11335409263987,-4.97692104108215,-0.795530934675206,-4.54955674371782,1.81376325403563,-3.17746049642958,-5.36934877847861,-1.1214541569793,2.03059193793375,0.22533293042937,0.662933039629134,0.184086858369512,-0.0894518031771282,-0.505999935132595,-0.0622588885489331,-0.0527144132804191,0.322854004983613,0.135267636745646,180.0,1.0
32190.0,1.24635533083242,-0.150586881990406,0.320477032216587,0.454299665895636,-0.473287819097902,-0.376243430756666,-0.157872984472906,-0.0779145737770426,0.780942267338693,-0.303995285231387,-1.25764726328869,0.214281381705433,-0.155073470158299,-0.19369597744006,-0.278706884217174,-0.226035389002952,-0.0475380221863485,-0.413325930756387,0.517954266988413,-0.0713903475955927,-0.124928580665738,-0.150928383386993,-0.158511633071601,-0.0806281681737952,0.59764425237082,0.70371783131354,-0.0383722526086055,0.00382916728866889,23.0,0.0
69081.0,-0.737425151983411,0.838368768984788,2.22154092567408,-0.0191283425270109,0.230400827517253,0.0551688317914409,0.659818536843531,0.0183566390122195,-0.368356305711866,-0.210334327723579,1.42618971404048,0.375874370084967,-0.63507162829135,0.095393636106491,0.111156581903042,0.291866438562033,-0.80767434779801,0.261715733492446,-1.27865101978426,-0.152466919674788,0.281212496829729,0.890027227239602,-0.306297201520666,0.207578840456489,0.0159299701981398,-0.447960175405494,-0.182238206543971,-0.121685039576222,7.79,0.0
45904.0,1.13244896283163,-0.0336055021970937,1.18445411867183,1.14235470000016,-0.69183247724134,0.332172745562326,-0.614552448589439,0.213264489962389,0.532119521874448,-0.0564329629371085,0.75278960097034,1.49178530053332,0.8133536377903,-0.343225588844929,-0.586573599696964,0.332263557289004,-0.664184510780797,0.441004670123842,0.196111645236611,-0.0593139737498351,-0.0226355250318482,0.144463149122598,-0.0674422887569832,0.0358441518475228,0.45573765369619,-0.409125440871479,0.0733823526913904,0.0266758118728052,9.99,0.0
8090.0,-1.78322883722709,3.40279371307631,-3.82274226552205,2.62536815276644,-1.97641541136284,-2.73168901231308,-3.43055914949085,1.41320351399318,-0.776941494554916,-6.19988176274188,4.36671348631445,-8.24326243368313,0.345761165232579,-6.59055029705192,0.265576095932165,-3.02845238846152,-4.21448627485607,-1.21360784773725,-0.265421595374812,0.364089115014408,0.454031931736316,-0.577525824201459,0.0459665375362652,0.461700017592254,0.044146161217817,0.305704433918549,0.530980986346765,0.243745598122111,1.0,1.0
59777.0,-8.25711081724667,-4.81446073955621,-5.36530689032661,1.20422986423394,-3.3474200965739,-1.33160147516446,-1.96789279857039,1.29543781710486,-1.67441524280437,-3.42605225253339,0.144562690111297,-4.28352931016896,-0.24089504151477,-3.65749040377527,0.923104767832095,0.844221069436753,-3.94831185243281,-1.8075159915996,0.105878827218844,-1.23398725720348,0.436390207477188,-0.077552722802211,-3.09162435615504,-0.390200885685448,-0.288688941339997,-0.340004217403437,0.0398191045440342,-1.00790031022705,319.2,1.0
72005.0,1.23708104301721,-0.110565374250612,-1.33923427700788,-0.625580913034667,2.14015977268803,3.12115499086751,-0.258509714399049,0.733413405611935,-0.220111790169623,-0.0370922170994925,0.0553492813101794,0.122304559953943,-0.00477562873878396,0.568254218717271,1.13361465911074,0.55343085402912,-0.825375074190598,-0.436324414125249,0.457944960997017,0.114927460661234,-0.528152674602795,-1.84598650157651,0.189598312355426,0.964325213698227,0.213740095185626,-0.0129177011805127,-0.0582013043567822,0.018093398221083,50.9,0.0
84789.0,-1.43086372778891,-0.802528699267131,1.12332029999445,0.389760264731692,-0.281213534404278,-0.055123492429819,1.32623248909333,0.195699815379613,-0.546889550453909,-0.71347376073502,1.27462907751277,0.0236821347785728,-1.52169610821701,0.727242085814848,0.166504662441577,0.348037591565135,-0.5663900830288,0.216016101767291,-1.14037564250718,0.634184289933654,0.325575470468413,0.0140018451191784,0.844946015847872,0.114962884542335,0.156364810543393,-0.619437446641754,-0.120351072821334,0.0355941733717493,354.33,1.0
77202.0,-0.356326154090313,1.43530513012275,-0.813563965472736,1.99311717679272,2.0558775401316,-0.54357866590526,0.487691066602944,0.0854488054265826,-0.536351998021526,-2.23120932812687,0.273983570211148,-0.535839387011391,0.595677221650834,-5.14182349291966,0.732366764261792,0.623912780633594,4.09098324669186,1.63408402811385,0.26084733041578,0.303261648412104,-0.312862941766726,-0.687873797330169,-0.267002508610821,-1.15848006325515,0.271459963711122,-0.155397186179697,0.114328416432227,0.101525594435204,1.0,1.0
39300.0,-0.252557923719895,-0.621348365172427,2.00779836860984,-1.68426734199236,-1.73341858775496,0.482818004243547,-0.0985404218849993,-0.128770054890444,-2.35366393911311,1.4873628743166,1.62306689182786,-0.426445514626372,0.549505929732116,-0.60137835486656,0.528013674935675,-0.666747546150087,0.587491639107746,0.356410557986675,0.312758148747518,-0.135067687285279,-0.0746660405477568,0.348818262463051,0.131626638670349,0.196148765994378,-0.811283801887267,-0.319996569287008,-0.023068047858773,-0.107610236312113,148.72,0.0
79928.0,-2.52389295245172,-1.69263824253861,1.84304087378515,-0.394100090505773,-0.296069688770915,-0.86471566858212,-0.66185852997907,0.819070245914457,0.385064378048569,-1.30501270852493,0.467767352811198,0.65720395398044,-1.2925101006152,0.168767897219545,-1.55396771259464,0.429099614591906,-0.0637800465719878,0.159346240440232,-0.0333740903914567,0.542119253869398,0.180089344233166,-0.405615968911531,0.275422713619517,0.574019558196475,-0.185212755293159,0.73432864573098,-0.136524186907888,-0.240283609531376,158.06,0.0
63364.0,1.27408490276198,0.576517973065019,-0.608765116794413,1.24326860849295,0.180565635771059,-0.980951831701533,0.174544086511288,-0.105491190843014,0.227310165297523,-0.626196260596179,-0.673080108289068,-1.28144049737338,-1.8240734389954,-0.998559287008455,1.33262345117071,0.840222885731235,0.80530378775593,0.995847499694527,-0.410410428976099,-0.199694512820765,-0.124428950358311,-0.373185623009289,-0.167696335720286,-0.337204469727115,0.699949132434162,-0.287839879692379,0.0223931255704457,0.048060110866659,1.0,0.0
38031.0,0.31555566132586,-1.32045572170004,0.757891578219793,1.68008130793582,-1.12497897559802,0.373023598944875,-0.0472939012535696,0.069293571342159,0.587209645353551,-0.333519711794501,-0.399106341249627,0.701304972433387,0.653003672858274,-0.239191507245714,0.831444461143431,0.0229723741307455,-0.159284547588342,-0.223930796038319,-0.980841240105889,0.718682479686914,0.410536493100415,0.466715624436035,-0.433323255719261,0.138201728411619,0.296714223302694,-0.259388171928165,0.00851568019215636,0.106534293558574,424.0,0.0
18499.0,1.17450708833258,-0.581352953475063,0.900373137852016,-1.17260053186766,-1.07285529381607,-0.253388121560431,-0.798117173903665,0.0276204048624376,3.05231113639372,-1.46330801471001,1.92534822799942,-0.863332096656608,1.9892544014251,1.21082845943531,-0.55469276321424,-0.347353426519931,0.42400698437014,0.764096190469133,1.10006885599063,-0.0144767707898902,-0.168956060902663,-0.0333194920867758,-0.0938500067693071,0.0215843843208976,0.384150495800161,-0.0950840147962693,0.0154469395964495,0.0126873701569896,40.12,0.0
17230.0,-0.469326705102944,1.11145278248281,2.04100272504592,1.73159516277684,0.135146841769907,-0.0936251754891053,0.266155169970928,0.0829882363836626,0.58025540346041,-0.164562674892883,0.500376369958899,-3.0217601822032,0.924213260310925,1.50079377517002,-0.400282644242405,0.706047712602575,0.115114264650572,-0.0467958788933584,-2.54852159198286,-0.358708665630957,0.159387389394564,0.592669568808717,-0.0535961838321624,0.320747502076217,-0.36912075429213,-0.136604684929151,-0.100845186803931,0.03934714768212,3.93,1.0
40063.0,1.17435555522734,0.0166258231471146,0.487795814875406,0.261574918824237,-0.281125620871492,-0.0859290045493518,-0.149787607861812,0.0705957297458855,0.0495097187616312,-0.130507598531113,1.56418625288683,1.57417093577439,0.636099727572819,0.126275512304277,-0.233504838545538,-0.233661281480706,-0.0917650047470723,-0.735915973124573,0.159011825627423,-0.0778872188291482,-0.160141756641601,-0.307644107959884,0.0717144174208257,0.0704450414324527,0.248807587688838,0.455676000493036,-0.0254909123324433,-0.00159713349393502,4.0,0.0
48380.0,-2.79077103894771,-1.46426898705405,1.03116500769674,1.9213560843992,-0.0900138203463016,-0.483871347899329,0.780731181206493,-0.348775795673106,0.609133451935087,0.225933803313285,-1.06453419450651,-0.787372737955552,-1.57646958451914,-0.126756361711439,0.367012281940972,-0.635321654596588,0.327006411459276,0.0438160872305435,1.40357376229763,-1.37672077946455,-0.392667221970544,0.440019838749267,0.777659196131864,0.418551935584405,0.244563185949918,-0.159360689127314,0.0605395343366452,0.356958362771354,208.58,1.0
34896.0,-0.899815362172911,0.783842152992854,1.87925363588938,0.11172930535549,0.907418311733067,0.401590547400942,0.623309616811146,0.193527842160778,-0.283840896985389,-0.937238944611399,-1.36215455473183,0.320670266270568,0.569177245029763,-0.354803222055553,-0.511419129268025,-0.174155937627306,-0.351946652287126,-0.708291629638827,-0.510134514550986,-0.0559835405370899,-0.225204418307086,-0.559719947722995,-0.313473612556564,-0.783598248463494,0.564648874009239,-0.528670142630232,0.0689126559320557,0.0624965120910145,5.97,0.0
26585.0,-19.8563223334433,12.0958932259299,-22.4640827464876,6.11554110191771,-15.1480215209615,-4.34672408349599,-15.6485074722661,13.2768048056341,-3.97416161954102,-8.85919405880884,5.73081553744459,-8.08803351213651,0.230824969324902,-8.57897327333454,9.46636693186079E-4,-6.94774606726094,-13.4728970076501,-4.94021082886802,1.23014255193802,1.58292955492187,1.75072984045421,-1.40963570908141,-0.809809278333882,0.121396659905885,1.35030007077468,-0.224291873525585,1.59762136835254,0.476919818025438,99.99,1.0
70270.0,-1.51251575792702,1.13313858781029,-1.60105247993576,2.81340096831714,-2.66450340578315,-0.310371093924795,-1.52089516380539,0.852995775116439,-1.49649450564954,-4.05629261571005,1.55375586796783,-2.74355135914945,1.50454067059684,-5.42878849870488,-0.0160171233729703,-3.72718761269833,-3.94629958919926,-1.68028644319238,2.30361261010114,1.24958556268985,0.729827756052255,0.48528591471162,0.567005413227757,0.323585691602658,0.0408708540928058,0.825813553299941,0.41448227186994,0.267265082454707,318.11,1.0
76857.0,1.14020795371139,1.15643107873873,-1.47157796740819,2.07627840454674,0.774809058745551,-1.00253195191231,0.264947929409663,0.0131622605764724,0.248835339320523,-2.10066651278309,0.763204840843787,-0.94491647902938,-1.41903447142202,-4.68361969585018,0.51928230124953,0.908454083367609,4.13366666889167,1.30620452511785,-1.09471647432252,-0.125097258302807,-0.387894980568907,-0.866811936205838,-0.121582639900783,-0.356108586349469,0.634572810783188,-0.306311023397994,0.0940868179231164,0.121064728484123,1.0,1.0
67150.0,-1.82429505976067,0.403326526860602,-1.99412200641801,2.75655816357726,-3.13906432572579,0.408185014718199,-1.20904511871624,1.09563435393431,-1.44722489217345,-3.95100289197434,2.56070020158284,-3.4119829114195,-0.781669619949492,-4.7327675351632,-0.433973654922625,-3.30608841178359,-4.23102187544855,-0.750809770409941,2.69080834203374,1.50368830479002,0.838760421033887,0.341727095787049,0.947506491293615,-0.145493002452622,0.0493257725258454,0.831065451615044,0.33242130393302,0.252712728641008,489.71,1.0
62106.0,-0.236221483391979,-0.172049714684323,1.68824945261395,-1.48551403059439,-0.874509156090123,-0.334241037326639,-0.298809576533613,-0.0456140401025507,-2.76527133902258,1.13443458510091,-0.367234598214953,-1.43578473661701,0.0837155667730679,-0.159112682506077,1.19843900687029,-1.28914788652161,1.26425281085434,-0.152046508316806,0.596682462718401,-0.156792675274841,-0.0639282720660184,0.220727477937395,-0.24828018851224,0.0779790770098059,0.228360538749746,0.0965625939054727,0.0996088858394874,0.0683958949081637,11.0,0.0
93314.0,-1.33182203190434,2.55619648979112,0.757328417353412,4.12073748417022,0.79511351122777,1.7635166529066,-0.286838204279469,1.101667662699,-1.42081760828489,1.06187729533244,0.791632702050656,-1.79692414141162,3.48890034520959,2.01595206338781,-0.831865422563685,0.296991809038702,0.691681800958222,0.93845739793904,1.59325929478817,0.370821885326577,-0.130985826760375,-0.126759652129356,-0.352527093240925,-0.238805991928625,0.564170844964613,0.463020126097914,0.176324583107028,0.0490117795406564,0.0,0.0
67541.0,-0.708787058621777,0.533012746504348,0.635212513718747,0.476484109532351,1.93143277385572,4.67355163710758,-0.442462039008715,1.13286821976756,0.693643998515117,-0.064405194931079,-1.16677516746727,0.26634653630926,-0.391595793866772,-0.80471436116421,-1.41311132710195,-1.07505642484819,0.314016764950094,-0.176733823656717,2.04817780919877,0.0756949909925875,-0.42610404715796,-0.747617396881056,-0.0409659608061275,1.00171355920497,-0.200137970134363,-0.528274157190951,-0.479793310562249,-0.371060861289099,13.95,0.0
52691.0,-1.84408248172283,-0.360699587033323,2.35340753675299,-1.3165686627028,-0.376752421520468,-0.611213257951274,0.471196421041876,0.118574328635017,0.873743642966263,-1.2432366065736,-1.09802752792828,0.220538467178292,-0.333459241029834,-0.825051498183058,-1.38421537900351,0.457907683453106,-0.475568544898766,-0.634244230369903,-1.03233426996404,-0.0711103272979597,-0.245822449527825,-0.453987078575027,0.24238860162039,0.437423449300996,0.452181318685105,0.721961865269533,0.120700078638549,0.112897052477292,110.0,0.0
14152.0,-4.71052878230567,8.63621438967976,-15.4962220036783,10.3133493732845,-4.35134098287048,-3.32268873543923,-10.7883728387388,5.06038112024979,-5.68931118776998,-11.7121866242875,11.1524905985837,-16.5581971409376,0.302644522406362,-17.4759212828566,-0.412393267331071,-10.222203169604,-13.7991476446987,-5.00858517858957,1.16202614780693,1.43423977941906,1.9905453513529,0.223785002572736,0.554408428563337,-1.20404159623154,-0.450684594730258,0.641836059375492,1.60595762479265,0.721643614506061,1.0,1.0
7672.0,0.702709900098753,2.42643280600508,-5.23451329584052,4.41666124290876,-2.17080621591773,-2.66755356121463,-3.87808845483572,0.911337122229195,-0.166199039175942,-5.00924850212751,4.67572941865677,-8.16718805173089,0.638559282180499,-6.76333439062322,1.29686025605627,-3.81175840977789,-3.75412806618729,-1.04917740227906,1.55419726345897,0.422743129198702,0.551179689117248,-0.00980235731325313,0.721698230069415,0.473245751402033,-1.9593037711687,0.31947554010746,0.600484916486359,0.129305225096566,1.0,1.0
111144.0,1.94589248697998,-0.36442713457635,-0.467086732431239,0.414334946527867,-0.333067612469394,-0.217373286565075,-0.529250548794461,-0.100540920036954,2.29998916022178,-0.399069661114374,-0.0131751489403572,-2.18196876266067,1.86802908907178,1.35275032725102,-0.164509299003502,0.471442539713797,0.135547302383851,-0.12714675987709,-0.164502383185829,-0.103550265827632,-0.404902881462217,-0.952619064681899,0.424708384689997,0.505758750743739,-0.639334367039117,0.165511675199909,-0.0794549009664091,-0.0370377508715235,52.98,0.0
69132.0,-2.40131108283734,4.1400215448643,-4.34939038180584,1.65855329156349,-0.988696310332142,-1.98034798200331,-1.23918638026038,2.37818802979362,-0.638309922058947,-1.07200185706153,0.693238427353441,1.28877600035322,1.47873863564609,-2.20813965545085,0.998313340964838,1.00966769764363,4.11079661265429,0.937263930249036,-1.08163751976149,0.123344259829843,0.0215513635097108,-0.0527275370845435,0.532450230112248,0.065481518862484,-0.125989742140273,-0.358157199635474,0.062698497339848,-0.0654397896950737,0.99,0.0
36974.0,-1.37486879277129,0.596200389746847,1.61779808807793,2.14668451241013,0.349731005127181,-0.581319602143264,-0.146253886199642,0.655145205154972,-1.24426294514075,0.0185527243481195,-0.52052148852072,-0.557983481665417,-1.17278515063957,0.812097180283064,0.682446096390656,0.499812601584284,-0.012774292168149,-0.644577347358904,-1.23400128775088,-0.0848978626961508,-0.0285556692518191,-0.639071543821235,0.215267001435913,0.301414983543733,-0.762605484353525,-0.414092842660441,0.0274774096356022,-0.0290487951563567,7.27,0.0
41607.0,-18.2475132286673,8.71325017095966,-17.8801268207974,9.24945923683651,-14.5412125237225,-1.91156359308197,-18.0146601306809,5.52216218981207,-9.28392451240577,-14.5571590528859,4.39243558567834,-10.3800731219167,1.61182090128819,-6.91763950579126,0.158841037400664,-10.3282423879882,-20.2545556896053,-8.53452256380618,3.25653448060821,-0.526368288315335,0.598842606268504,0.615318868165234,-0.486498927270445,0.739268468431111,-0.236844752247958,-0.0460816699541002,-3.01147328474912,-1.02214746628442,53.95,1.0
66465.0,-0.817946059462896,1.15613577681609,1.41342463183525,1.28159267507282,-0.173230566758696,0.271198341729966,0.168780961625841,0.650073353484974,-0.882452692986613,-0.405742761635567,1.06306159979295,0.868730992293463,-0.535915193951151,0.633723742068758,-0.461889586030697,-0.940944094860182,0.665519221525814,-0.166392390203445,0.997999235868071,-0.105478335302237,0.0940758207444105,0.315296403870544,-0.160522558522904,0.243102938679966,0.0786641810714135,-0.21818438308897,0.0187631109419792,0.0363154202225753,11.88,0.0
57007.0,-1.27124419171437,2.46267526851135,-2.85139500331783,2.3244800653478,-1.37224488981369,-0.948195686538643,-3.06523436172054,1.16692694787211,-2.26877058844813,-4.88114292689057,2.25514748870463,-4.68638689759229,0.652374668512965,-6.17428834800643,0.594379608016446,-4.84969238709652,-6.53652073527011,-3.11909388163881,1.71549441975915,0.560478075726644,0.652941051330455,0.0819309763507574,-0.221347831198339,-0.523582159233306,0.224228161862968,0.756334522703558,0.632800477330469,0.250187092757197,0.01,1.0
93879.0,-13.0865194204794,7.35214833905529,-18.256576111808,10.6485054461688,-11.7314764509112,-3.65916740569145,-14.8736579646075,8.81047267511276,-5.4182040716445,-13.2025771482197,6.35722736343626,-15.5316111795156,0.659694875353275,-11.4123295951252,-2.44757607431839,-9.83374302098841,-18.1746174349071,-7.269904593126,0.623796611777714,-1.37629840858733,2.7611570593153,-0.266161809571132,-0.412860724865388,0.519952215674181,-0.743908960008006,-0.167808225140728,-2.498300252188,-0.711066151912636,30.31,1.0
11080.0,-2.12548982597957,5.97355569173344,-11.0347272274446,9.00714687170235,-1.68945053397167,-2.85441528535313,-7.81044074525876,2.03086994595841,-5.90282812214984,-12.8409338181318,12.0189131816199,-17.7691434633638,-0.431035658230095,-19.2143254902614,-0.962464574748091,-10.2666091836641,-15.5033921000669,-5.49492764246329,-0.410480977392724,1.49377464554928,1.6465182926595,-0.278484510810644,-0.664841293974353,-1.16455536944202,1.70179641354046,0.69080561470369,2.11974873337031,1.10893340333617,1.0,1.0
21419.0,-17.4677100117887,10.1148157246654,-24.2021422329158,11.8054692105913,-10.1980458075926,-2.5799380080012,-17.6567879964837,2.25690247596699,-6.24214930949065,-12.8306571996417,9.44266526535108,-13.5474858999444,0.960728558325579,-13.0287170264518,-0.426674498701321,-7.65266166506753,-11.4853277896478,-4.72136957553102,0.550519004149565,1.00151850195952,-2.32802441621057,0.940830319350178,1.29681706144136,-1.05510390359967,0.11179202805362,0.679694612203418,2.09354057112569,-1.42549145377361,1.0,1.0
50808.0,-9.16978982388629,7.09219680097303,-12.3540368689178,4.24306897383907,-7.1764377547738,-3.38661804868541,-8.05801194656602,6.44290866379074,-2.41298660229065,-6.13490688724113,2.82667122820047,-6.30984277729399,-0.623002385785158,-7.27986921938704,0.924233225976226,-4.21553713481175,-7.17167241498026,-2.55033668458713,0.596364320528384,0.816651661759946,0.926156961108813,-0.817706132334589,-0.150434415715838,-0.039383059739641,0.485639753958673,-0.264324608977439,1.1596904600617,0.232758088392131,99.99,1.0
11080.0,-2.12548982597957,5.97355569173344,-11.0347272274446,9.00714687170235,-1.68945053397167,-2.85441528535313,-7.81044074525876,2.03086994595841,-5.90282812214984,-12.8409338181318,12.0189131816199,-17.7691434633638,-0.431035658230095,-19.2143254902614,-0.962464574748091,-10.2666091836641,-15.5033921000669,-5.49492764246329,-0.410480977392724,1.49377464554928,1.6465182926595,-0.278484510810644,-0.664841293974353,-1.16455536944202,1.70179641354046,0.69080561470369,2.11974873337031,1.10893340333617,1.0,1.0
116411.0,1.99190361180676,-0.149367636110282,-1.43777701244578,0.472335870490345,-0.0182419063445157,-1.28401764868337,0.379453365635448,-0.342028602396037,0.758400139042592,-0.0619073149587455,-0.888268708078428,-7.95017620152244E-4,-1.0100852800958,0.655103653460608,0.219649220716414,-0.528032018224533,-0.13086352674248,-0.595865116220552,0.0925809975795577,-0.258833897104489,-0.113678010693936,-0.257219343895812,0.162197713404409,-0.0441695436561005,0.0440963480664102,-0.413845833030566,-0.0337574752771728,-0.0543021326865983,36.86,0.0
94362.0,-26.4577446501446,16.497471901867,-30.1773174564996,8.90415677106517,-17.8925996927224,-1.22790388102871,-31.1973285494605,-11.43892041491,-9.46257260540015,-22.1870885620007,4.41999660154863,-10.5923050053728,-0.703795803703315,-3.92620731586873,-2.40024649210124,-6.80988994039049,-12.4623149481086,-5.50105078380738,-0.567939572890149,2.81224110932946,-8.75569832116533,3.46089334478551,0.896537503959012,0.254835536763482,-0.738096558530353,-0.966564233789852,-7.26348214633855,-1.32488430656137,1.0,1.0
8408.0,-1.81328048476897,4.91785071056565,-5.92612969400656,5.70150043141163,1.20439257214362,-3.03513754815611,-1.71340206347108,0.561257390902032,-3.79635425171163,-7.45484065078351,7.38805512292025,-10.4752286504099,-0.379314526756117,-11.7367291212569,-2.08698895215593,-2.44235398293755,-3.53552351168246,0.130360306640887,-2.07145048844325,0.576656033332069,0.615641835107552,-0.4064272753179,-0.73701807643754,-0.279641772215917,1.1067663744335,0.323885477719453,0.894766671515833,0.569518600269514,1.0,1.0
9349.0,1.29583049480368,0.0382869851924643,0.4174300155036,-0.081863799386415,-0.15532143531039,-0.0873288730640046,-0.380888877254606,-0.0726805403247239,1.69455228998368,-0.632196277547277,0.329627431593019,-2.32644084773572,2.08605977485303,1.50742875895596,0.796198520416978,0.285934570296373,0.371211161015822,-0.383730925355434,-0.261042808887046,-0.104874877697581,-0.302582036082284,-0.560975829051973,0.0470285262105487,-0.645038707724158,0.125796299179564,0.939820644029356,-0.0804369913031443,-0.00739818633113918,1.48,0.0
4462.0,-2.30334956758553,1.759247460267,-0.359744743330052,2.33024305053917,-0.821628328375422,-0.0757875706194599,0.562319782266954,-0.399146578487216,-0.238253367661746,-1.52541162656194,2.03291215755072,-6.56012429505962,0.0229373234890961,-1.47010153611197,-0.698826068579047,-2.28219382856251,-4.78183085597533,-2.61566494476124,-1.33444106667307,-0.430021867171611,-0.294166317554753,-0.932391057274991,0.172726295799422,-0.0873295379700724,-0.156114264651172,-0.542627889040196,0.0395659889264757,-0.153028796529788,239.93,1.0
88737.0,1.91782653091941,0.951966571156228,-2.05920551344214,3.83399771227534,1.66819219140891,0.769825697337707,0.23246305671161,0.107940567202011,-1.14364568858013,0.541699242973355,0.301977229683697,0.257697090947377,0.709147651977866,-2.420715975085,-1.99774018079568,1.50669615001484,0.799832475247662,1.16276426158317,-1.15062735713932,-0.115922317627863,0.0152553539964535,0.239994342022941,-0.111915984520572,-0.380575889863537,0.370994788995014,0.189116547062326,-0.00582328067918961,-0.0121050906997506,9.21,1.0
94141.0,-13.5120737201635,8.21517673687939,-16.5826057272747,6.20736889019759,-11.3184715177058,-2.99720698778128,-17.6404704062016,0.0403490750758574,-5.62023218946632,-15.1237521803455,5.93465734341534,-14.1750301634055,-0.169044491655796,-6.55255368427192,-1.57000723316824,-12.1725530183154,-20.1645422294456,-8.66881519685045,2.55087034384644,0.694574465326517,-0.907905601256761,1.5140282763652,-0.141879203311202,0.789185965955202,-0.0313427677694401,-0.255056581600699,-1.86583088908172,-0.442204311521227,45.48,1.0
42474.0,-3.84300903438536,3.37511020399082,-5.49289319668564,6.13637764344382,2.79719546082743,-2.64616226518954,-1.66893106391951,-2.61755205155675,-3.94584260288362,-4.56525209408734,4.09721607443527,-5.4509164388957,-0.965692752165388,-10.9044588731508,0.526947764497797,-1.13975413041553,0.835639563488731,0.389774231161906,-1.43960797610281,0.0547955667305956,-1.2778115827927,0.719652000906672,0.451125175067876,-0.25809365058648,0.656129466667281,0.556676326289228,0.739383212515096,-0.203049673816441,1.0,1.0
78725.0,-4.31247908052279,1.88647569827836,-2.33863356144698,-0.475242891532036,-1.18544386151204,-2.1120788975769,-2.12279296550593,0.272565132222544,0.290273064048255,-3.8337413849476,2.50978140392157,-3.61123136485112,-1.02429952994167,-5.29192495475268,1.6498073488757,-3.26265841898301,-4.33311795972043,-1.86304896791862,-0.00953360656837195,-0.718705614884897,0.550540662080627,-0.0678702198276179,-1.11469186343039,0.269069433187685,-0.0205724593187757,-0.963488862263668,-0.918888353795928,0.00145356217673386,60.0,1.0
55132.0,1.20512410585864,0.317842192230508,0.149532334831325,1.1923392616151,0.0309109193810599,-0.412974135070096,0.250862212229883,-0.118251556814269,0.0723468011642789,-0.111904032839745,-0.358693198485462,0.567601060210114,0.124426300399647,0.22599739832819,0.250220894272844,-0.724085531210736,0.165105485936915,-0.913836204103513,-0.435020065859424,-0.183966122888686,-0.00467797198149835,0.206989199224512,-0.121374234612778,0.111528982861027,0.783395552752309,-0.248046657160577,0.0293179941416267,0.0105609438382372,1.39,0.0
118603.0,-6.67721162487866,5.52929920087665,-7.19327456474359,6.08132107951892,-1.63607097105033,0.500609583298219,-4.64077020758754,-4.33983969614375,-0.950036405131991,0.566679814004086,4.3150759158968,-4.93828359985114,-1.10570973729343,-8.49081262174082,1.00362574598099,-1.94912326096651,-3.09301268981888,0.124087074705575,0.886746966076448,-1.11868675540655,5.56330066446813,-1.60827196122017,0.965321595694456,0.16371797930961,0.0475308707267175,0.466164782963216,0.278546743051982,1.47198811731278,105.89,1.0
85867.0,-3.58696386180132,2.60912703784891,-5.56857720803735,3.63194695349796,-4.54358971050144,-0.15789907530677,-4.08912766842153,2.41730514407718,-3.23990097529344,-5.822449155685,3.36918605153883,-5.69192578583088,0.287371390782189,-5.41378669142638,-0.555549924912204,-5.86366171303999,-11.1432410242579,-3.48093955285599,2.79433340410919,-0.178533964286313,1.02442283357462,0.428756482022381,0.182032121144153,-0.534597882665306,0.16893349468844,-0.149843614233619,0.685517241438814,-0.299728379437129,310.42,1.0
82865.0,1.18295853409651,-0.717567840982127,0.00945424464020697,-0.907265209122794,-0.550962636030444,-0.00599282911712601,-0.412646365280431,0.0255573559408535,2.04254262176902,-1.13561296929815,-1.94990058635445,0.0407669119095804,-0.408193527575252,-0.154604209067507,0.896452174915388,-0.364286301299528,-0.409159834920082,0.688133661204051,1.17921618626551,0.0502666461322218,0.0557906039781023,0.290145841182821,-0.422573124936347,-0.965878583669873,0.907025126508646,-0.432969326791186,0.0662131044312868,0.0267433826998941,89.0,0.0
54259.0,-1.48059268974085,1.20562696133996,1.75697202807727,3.76128741665254,1.50340684821458,1.15555994018124,1.26201951968706,-0.394312307699851,-2.20109342962957,2.23915961827729,1.8072885739775,0.0757587515701084,0.245890567771957,0.0528942126432713,0.567027999414138,-0.632445308322192,0.0558941028484345,-0.713721680551729,0.0911099126668579,-0.147421714181522,0.0186386932903327,0.558903707654574,0.00585295270247721,-0.266402588524237,0.243131457001088,0.289353604148859,-0.890743050238241,-0.229890647576874,22.06,0.0
68357.0,1.23260446981971,-0.548931183157109,1.08787266901823,0.894081819978967,-1.43305489904701,-0.356797142170886,-0.717492197160233,0.00316653108995309,-0.100396732730679,0.54318725600578,-1.03941706835478,0.285261608751792,-0.206006567752438,-0.498521775750102,-1.06410845071827,-2.1560365431533,0.564761098405632,0.837856659648528,-0.728989760343786,-0.576274061414969,-0.448670516618872,-0.517567967949267,0.0128333352729761,0.699216728009832,0.527257980520248,-0.322606503047991,0.080805437438631,0.0354271820131481,19.59,1.0
33661.0,-0.826001897146054,0.403437715591845,3.31827729180809,1.04173026106247,-0.387050007116039,-0.499930782261753,-0.0156518904935411,-0.108639325335275,-0.18677580567115,-0.249463130433395,0.226743151963642,0.586462938163843,1.39710867506275,-0.636991017043449,1.67161595096916,0.0734718618987236,-0.439344544380463,0.517216279668695,-0.101540532326278,0.346512326298119,0.34812687912446,1.14053278133161,-0.231177178720054,0.965181648150755,0.164992631246064,-0.186809790628733,-0.0375801352583271,-0.108688453189779,20.0,0.0
42988.0,-4.42350762703846,1.64804777413239,-6.93438785672913,4.89460056642244,-5.07813111998958,0.0108488776042783,-3.40909567897227,1.40929050029893,-3.26067152936237,-7.78135276287243,6.28337707847689,-9.65660635996176,-1.61913485478932,-10.7321089251086,0.288220764475555,-7.89812205175049,-13.5706825019333,-4.59023530005094,2.59017338411194,-0.562264103606392,0.698359061079766,0.487477720585547,1.22869827965959,-0.535217333195035,0.388278095984062,-0.00946564715170412,2.300164247557,0.0812314897144668,648.0,1.0
85867.0,-3.58696386180132,2.60912703784891,-5.56857720803735,3.63194695349796,-4.54358971050144,-0.15789907530677,-4.08912766842153,2.41730514407718,-3.23990097529344,-5.822449155685,3.36918605153883,-5.69192578583088,0.287371390782189,-5.41378669142638,-0.555549924912204,-5.86366171303999,-11.1432410242579,-3.48093955285599,2.79433340410919,-0.178533964286313,1.02442283357462,0.428756482022381,0.182032121144153,-0.534597882665306,0.16893349468844,-0.149843614233619,0.685517241438814,-0.299728379437129,310.42,1.0
40662.0,-4.44684654752268,-0.0147931576652609,-5.12630699550863,6.94512997633611,5.26925534782033,-4.29717716297717,-2.59124168468427,0.342670615268881,-3.88066304488519,-3.97652513857503,5.73008435556377,-5.03186814827248,-1.13543910933334,-10.7870505700202,0.265456230525684,-1.10421746262461,0.636412737308571,0.994101368746143,-0.688720555143152,-0.108006422684084,0.247912823388783,-0.0495861794607239,-0.226016961592253,-0.401235601042542,0.856123603036307,0.661272426708284,0.492559738814261,0.971834350005126,1.0,1.0
112630.0,-3.09558886471221,2.32537347046605,-0.166359183672777,-1.3005588622942,-0.306462568588094,1.15428066944522,-1.56922308616247,-5.66678381124558,0.931471664988572,-0.959192729760627,-0.777287456225133,0.0883744805493837,-3.27043411439008,1.04765439398987,-2.16775729864062,-0.63934803889158,0.618030182505852,0.632367650994218,0.495486848259384,-1.80261680480214,6.21961201931144,-1.67576592913073,0.162218778532843,-0.586948970134757,1.44363589609835,-0.14987237650333,0.21031723360904,-0.0196222946116265,29.99,0.0
47982.0,-1.23280412810524,2.24411874456383,-1.70382579275654,1.49253586483501,-1.19298516971563,-1.68611021267902,-1.86461150490967,0.856122313785725,-1.97353527775248,-3.94238290411726,2.40165068027699,-3.39426561777896,-0.145161724970334,-4.32979551307589,0.758760885824274,-3.19904647594093,-4.48018356526203,-2.48566878350317,-0.0958074336903356,0.207889301735382,0.560475065574211,0.165681717805126,-0.0137535165177887,0.474935180269258,-0.218725074414735,0.302809125708237,0.46603094153746,0.250133538809307,0.76,1.0
88737.0,1.91782653091941,0.951966571156228,-2.05920551344214,3.83399771227534,1.66819219140891,0.769825697337707,0.23246305671161,0.107940567202011,-1.14364568858013,0.541699242973355,0.301977229683697,0.257697090947377,0.709147651977866,-2.420715975085,-1.99774018079568,1.50669615001484,0.799832475247662,1.16276426158317,-1.15062735713932,-0.115922317627863,0.0152553539964535,0.239994342022941,-0.111915984520572,-0.380575889863537,0.370994788995014,0.189116547062326,-0.00582328067918961,-0.0121050906997506,9.21,1.0
43845.0,1.05427988585884,-0.657109251692154,0.940185355195314,0.116784494066231,-1.07086678148242,0.146763142478161,-0.683563531846876,0.216948930331939,0.994570489659125,-0.309042703050124,0.573386569687394,1.03759357094333,-0.268634998105943,-0.316977882690456,-0.945291602033533,0.191887689865588,-0.210156878218363,0.00570388238915024,0.857678716035139,0.0740651424293667,-0.163370562080364,-0.416836694931634,-0.0323402094930389,0.0874574799573049,0.116240179122761,0.938225472784255,-0.05288992770032,0.0127894835982623,79.54,0.0
8878.0,-2.6618021745564,5.8563932148043,-7.65361621324071,6.37974188053221,-0.0607121191362683,-3.13154973153662,-3.10356974550479,1.77849156945338,-3.83115371623455,-7.19160424618226,7.10298858788516,-9.92869994299538,-0.0674983775194601,-10.924186865147,-1.69791397714032,-2.37942098527078,-2.77511389701838,0.273798971252603,-1.38218756352589,0.399096860264863,0.734774950378595,-0.43590118187623,-0.384765904180568,-0.286015663843443,1.00793382365812,0.413195532462339,0.28028415690056,0.303936550639395,1.0,1.0
79076.0,-0.571102305141504,0.903118274605792,1.47298544647365,-1.26390628945599,0.097890968003469,-1.14790319217379,0.885130185711082,-0.274023290378649,-0.381835353580299,-0.818151513648811,-0.284810295993245,0.576095856563957,1.17692417729672,-0.184345218329996,0.248878025877358,0.389702922337998,-0.693324666882375,-0.572609034390957,-0.622340938212232,-0.0590455510501112,0.0261581381367505,0.0263275029230679,-0.114077876193807,0.477275646480342,-0.31695161182427,0.728261501943805,-0.117256799407423,0.11482140229391,2.5,0.0
86447.0,-1.0849939642665,1.9380895620235,-0.734770383551832,0.897435795759232,0.298577369304333,-0.686695114251402,0.613098169075524,0.693968029098158,-1.12543660379375,0.0227541481998919,0.480794071280495,1.14720565241972,0.13351123929756,1.17917751617446,-1.12788961040224,-0.836568396287234,0.281449538953257,0.113192877710839,0.971916451046121,-0.0207239088025909,0.224691683145,0.781130463986193,-0.18271680945552,0.041480531587006,0.0966360030801895,-0.388976465612292,0.303860127304348,0.155854218982574,5.43,0.0
62341.0,-5.26775974325256,2.50671895922695,-5.29092481764433,4.8861341982102,-3.34318841087649,-1.10008548506579,-5.81050918581537,1.72634335514407,-0.749277159995058,-4.83482799462627,3.54601225001006,-7.75128547808951,-1.19569394502348,-10.0185024459282,0.29639612212368,-7.47716172698803,-9.78580026201852,-4.24397714797126,2.68112678165858,-0.286043269744833,0.764265624858483,0.473261684078133,0.54848172305712,-0.15685005182413,-0.71018694460215,-0.366422677340972,-1.48676592030738,0.677664104601632,1.1,1.0
77924.0,-0.411065079657569,1.05372447933937,1.39041040479008,0.0947774666191946,0.0095848621029008,-0.707438806026583,0.618363964068424,0.0693192966594807,-0.353778406540872,-0.544866722659505,0.224402288624072,-0.126741457513617,-0.40946064886038,-0.291488222511268,1.17151614946836,0.0165913267779346,0.430912499697746,-0.63777760723125,-0.569787836273327,0.0472460657185697,-0.218641108312247,-0.551844376429751,0.0653991734912493,0.336339261731702,-0.291298451662183,0.082817728544118,0.258866446497573,0.0973704422400956,5.38,0.0
35899.0,-2.85716975415491,4.04560138120513,-4.19729878550198,5.48719863078843,-3.07077616787415,-1.42268633776286,-5.65131373987331,2.01965739455388,-5.01549098658195,-6.31970750896333,3.77960220775921,-8.07709364590223,1.4408888557809,-7.89190877856627,0.530452788364339,-7.9540700449952,-14.2650559534715,-5.7710644259128,2.8921696850147,0.981608721582294,1.08032273397717,-0.561384150324839,0.102678427260093,-0.0671947227831213,-0.476931194262915,-0.103716356143308,1.16696149168342,0.663632066947765,1.0,1.0
37744.0,1.33649724704295,0.0384111734446259,-0.0858532479009671,-0.465581028118996,0.102527061384984,-0.14201184958993,-0.0695163301661507,-0.0813327106392682,-0.101198692645799,-0.0538794696193909,0.631839231363979,1.12219407474037,1.36372001167993,0.135578148189678,0.395143384357919,0.738839872024206,-1.04344753062715,0.237615887602978,0.792083129314389,0.0548357743194186,-0.121054787645144,-0.307657349922714,-0.125980912505217,-0.746396814016998,0.404179019469541,1.01168821937414,-0.0818648114537175,-0.0157634582592667,3.84,0.0
110547.0,-1.53281036094493,2.23275183861699,-5.92310007493809,3.38670841159996,-0.15344334000728,-1.41974768064009,-3.8785763388613,1.44465586239817,-1.46554214173397,-5.20833459337633,4.54630106888309,-7.76119403219115,1.15954032168956,-5.23161145654992,-0.171642119460071,-4.71982949844975,-4.84799196061678,-1.13432874514983,3.52773827223549,0.520839865969216,0.632504705856676,-0.070837950713368,-0.490291315112446,-0.359983126080465,0.0506775325943162,1.09567132878655,0.471741401676933,-0.106667140739625,0.76,1.0
59011.0,-2.3269223698887,-3.34843873033788,-3.51340796089061,3.17505971028128,-2.81513703435586,-0.203362788049123,-0.892144430418318,0.333225702638422,-0.8020052289805,-4.35068531246963,3.06424584128211,-2.71873063246571,0.0687877027069899,-5.58687312563725,-0.966076477695954,-2.50204941657576,-4.46049463214891,-0.870525745045081,0.595629103995644,3.20917094389277,1.22664839880046,-0.695902072928095,-1.47849021051453,-0.0615525997443275,0.236155012156618,0.531910616094765,0.302324354380578,0.536375347733134,1389.56,1.0
47826.0,-0.887286905534409,1.39000150924187,1.21968581996397,1.66142517591961,1.00922783931161,-0.733908444749524,0.855828927220991,7.68462281197611E-5,-1.27563149417191,-0.433393925731893,0.141178993422237,-0.46034845602669,-0.367867931021877,-1.16833941780754,0.152107630618373,0.882231823726865,0.601804858067329,-0.304092391463557,-2.19176427800358,-0.268347371086252,-0.0837343767453397,-0.346930257215667,-0.0506187067885922,0.23104442462061,-0.450759875468406,-0.376205380931623,0.0345043694610426,0.157775320404088,7.58,1.0
46598.0,1.18031645822057,0.216827346957118,0.505604902079873,0.655758384593479,-0.369957548717024,-0.7483029108596,0.0956271075794893,-0.137579276868847,-0.0768767734693844,-0.111916947611181,0.336594056288415,0.701539405323907,0.518094655570482,0.268737367246,1.17456084992684,-0.170947049295309,-0.0154262622808854,-1.12213651766772,-0.607756668299246,-0.096433898760728,-0.147364190999895,-0.39352822588488,0.144190372384831,0.415058120005849,0.196222596649965,0.169604502094044,-0.0177352731181759,0.0182134413179095,12.89,0.0
93834.0,-3.7656801220835,5.8907352377921,-10.2022676310229,10.2590359766218,-5.61144841660942,-3.23537557925717,-10.6326834778618,3.27271632618119,-5.26890524285018,-11.1821254546586,8.87947566765026,-18.4311310279993,-0.232822027713119,-15.0216572999306,0.141186252914787,-12.1863624982841,-20.1655673800665,-7.05165135326307,2.50082720798487,1.19413732146866,2.24560593428534,0.546320674537693,0.381853427747185,0.382024544024505,-0.82103649456311,0.394355120127285,1.4129609931535,0.782407053763083,0.01,1.0
34687.0,-0.860826892469905,3.13178963278262,-5.05296813449749,5.42094070941518,-2.49414141557203,-1.81128662834635,-5.47911745062699,1.18947198655298,-3.90820579292615,-7.06074618169306,4.72997415443333,-8.62905440849263,1.17879796289388,-11.1820634139742,0.445243112696547,-6.53298227788478,-13.3892507167674,-4.48041256680694,0.432054206519352,1.0857595200589,1.19269353963797,0.09035581053399,-0.341880850908644,-0.215924151333767,1.05303194615504,0.271139003495332,1.37329957704625,0.691195095871691,19.02,1.0
41353.0,-15.0209806030789,8.07523975163174,-16.2980905380446,5.66482005292134,-11.9181533731348,-4.24695712395156,-14.7166675516611,9.43508432139337,-6.7953981269244,-15.1241628144947,6.03766622940467,-11.6767222367813,1.32697878633103,-12.3816058947985,-0.0716392778020956,-9.48414337021449,-19.6718814509262,-7.64327282087749,1.16906441801605,-0.995786857833133,2.52511546344786,-0.832074336953531,-0.186116823393738,0.429780833741005,0.697102812320081,0.0560310740941657,-1.31088762047629,-0.707402991270252,34.12,1.0
6986.0,-4.39797444171999,1.35836702839758,-2.5928442182573,2.67978696694832,-1.12813094208956,-1.70653638774951,-3.49619729302467,-0.248777743025673,-0.24776789948008,-4.80163740602813,4.89584422347523,-10.9128193194019,0.184371685834387,-6.77109672468083,-0.00732618257771211,-7.35808322132346,-12.5984185405511,-5.13154862842983,0.308333945758691,-0.17160787864796,0.573574068424352,0.176967718048195,-0.436206883597401,-0.0535018648884285,0.252405261951833,-0.657487754764504,-0.827135714578603,0.849573379985768,59.0,1.0
17838.0,-5.18787810836635,6.96770866359565,-13.510931139095,8.61789514115238,-11.2144223939458,0.6722478387604,-9.46253281088355,5.32870420774381,-4.89700552817542,-11.7868116556041,9.36907905765884,-15.0941631493865,1.25637700700759,-11.8521613037824,0.274429814172421,-10.6882417917386,-18.3888105354245,-6.89884013301839,2.38280793552097,-0.623737291574186,2.08608300107406,0.760190240866359,0.716805785858217,-0.646743429628277,-1.61704292571624,0.172346889503238,0.626646780979254,-0.169726031129409,766.36,1.0
15817.0,-4.64189285087538,2.90208643306647,-1.57293870931742,2.507298518227,-0.871782564349351,-1.0409025722626,-1.59390073966645,-3.25490508581579,1.90896268593707,1.07741752106048,3.33850216040272,-6.54261034532574,1.09953638182128,-3.26647554459315,1.01472790444294,-4.84238307827835,-5.269876299726,-2.34466857415508,1.95922405409272,-0.465679220344122,1.96359666634146,-0.217413915973245,-0.54933995583883,0.645545202036521,-0.354557818794591,-0.611763845006479,-3.90808047547799,-0.671248265147117,11.39,1.0
109298.0,-1.00061051985933,3.34685000184439,-5.53449117133595,6.83580203854396,-0.299803293657807,0.0959512989990878,-2.44041927394713,1.28630119597073,-2.7664382829404,-4.45800770078481,4.69653339192897,-8.76211333956078,0.985826601093264,-7.32027202211023,-1.06384045772504,-3.37112471078725,-4.25115786762875,-0.43005729986925,1.80401333906519,1.18981379228675,0.439756764345897,-0.694099203587273,0.299660329499667,-0.657600627722995,0.101647558980344,0.430457439169415,0.824685450418745,0.326952273050223,186.13,1.0
75233.0,-2.26112210388118,0.837192909432329,0.275798200936757,2.10489434952874,0.720698801492674,-0.996973306473729,-1.39877808997646,-2.30173143309319,-1.32088183798061,-1.39883569341749,-0.0694524154142788,-0.0317587719206331,-0.0732402033974861,-0.550251659586858,1.86170635228907,0.191152704276104,1.8807510128301,1.02260009169261,1.07426063994795,0.676276252336321,-1.24371859741008,0.329063527915724,-0.606803474657887,0.30875329016902,0.246527182539525,-0.0620411074547487,0.214754507547354,-0.279874649619149,1.0,0.0
45661.0,1.17301658090312,-0.128571322012816,0.643248024936927,0.233061449322484,-0.628270805126964,-0.485414923063505,-0.241526605667838,-0.116302844500903,0.366875486138676,-0.224226192630369,-0.562480479716749,0.574505453591342,1.20606801567702,-0.159225189081569,1.31165218956241,0.655736979391342,-0.729531984446826,-0.122320203870869,-0.0270994801014313,0.110317833559591,-0.0853149660744231,-0.310269460466202,-0.0184208810014818,-0.0645441416756617,0.191526450037524,0.469073182002729,-0.0284476717707855,0.0286159055276023,58.95,0.0
72243.0,-0.196299151191673,1.3096058573656,1.54592584520161,2.86565398490486,-0.00691166112227663,-0.141707365563991,0.694736049580474,-0.0636840140245458,-1.47691330857535,0.886421117632499,-0.338521169969296,0.12136532509633,1.21543849024229,0.0327750758950976,1.12547492735723,-0.04057698928273,-0.108345152096713,-0.0643982143306469,0.671124833495663,0.415173103210331,0.0220793243127521,0.152630642288449,0.0676007160441771,0.404909247935511,-0.306757851596786,0.115154178145842,0.332335858361878,0.146551868580886,48.72,0.0
62080.0,-1.59945740179415,2.60772002929222,-2.98719294171061,3.06415614684784,-2.49791431686821,-0.54110279282052,-2.2777862276701,1.26816610842127,-1.99733105335741,-3.83477508791878,1.11335409263987,-4.97692104108215,-0.795530934675206,-4.54955674371782,1.81376325403563,-3.17746049642958,-5.36934877847861,-1.1214541569793,2.03059193793375,0.22533293042937,0.662933039629134,0.184086858369512,-0.0894518031771282,-0.505999935132595,-0.0622588885489331,-0.0527144132804191,0.322854004983613,0.135267636745646,180.0,1.0
71298.0,-0.727747102640599,0.839122530712215,1.18701094516276,1.41972965991225,-0.949939480955249,0.437001023149984,1.53879239180574,-0.0798573924545726,-0.245666035464426,-0.154954823542237,-0.378453216354607,-0.0610158905804732,-0.643590712856833,0.0768858058969912,0.286195342830422,-1.2148813814724,0.732924497929298,-0.706256064854297,0.582281335977458,0.113447504162069,-0.0171883211500935,0.296944771149124,0.0624222179885273,0.416723504727819,-0.125493524698175,-0.251143718690294,0.381842661459624,0.153300994873356,234.0,0.0
29966.0,1.21678265709693,0.203697098330678,0.185005517886403,1.26235029423563,0.105767558109671,0.120589976828155,0.0343093531735539,0.0317571150411057,0.356626700128886,-0.115033337800545,-1.04898995871363,0.253455640949219,-0.22335172764023,0.0686743478666548,-0.035267910634649,-0.558640517858067,0.0785061346821782,-0.78160415037137,-0.16146564774834,-0.199734367973968,-0.14377101111368,-0.166657551734625,-0.119677221103851,-0.449037607516705,0.731424258570772,-0.278061382973091,0.0393599850877418,0.00890413216755374,1.0,0.0
46441.0,0.543407362496396,-0.657096950314944,-0.0475810666540565,1.65181018451588,-0.389554895726599,-0.445376391974204,0.736589534789016,-0.253042680331135,-0.13963276205608,-0.226076730770731,0.0229183877846895,0.972787410549565,0.704194353427377,0.201785873110802,0.164418997192089,-0.761546598063394,0.246248649848162,-1.03245075327734,-0.721283208829883,0.509635259215031,0.22172880791526,0.133831668490166,-0.375519105187297,0.45624733664409,0.631654036712326,-0.288818057470928,-0.0299520735052198,0.0723268918954427,330.0,0.0
64445.0,1.46668671653497,-0.336158792766567,-0.654650599661988,-1.04511226783803,0.0615463011153114,-0.388876260638337,-0.07649856714022,-0.245710573044732,-1.47437887856223,0.824548915178714,0.585282775721375,0.182740084290131,1.17086352164565,0.0589879532139687,-0.293525731614298,1.22089412550267,-0.319753129216377,-0.837445311847444,1.35457801248157,0.196218147507107,0.182955129663733,0.452760310256486,-0.342441662578887,-0.769099172359577,0.945772630497288,-0.0341672319465017,-0.0302135589639215,-0.0161440361279866,25.0,0.0
81676.0,0.406623302787461,-1.06368227985523,-0.119765800427483,1.43872681606223,-0.474846332822116,-0.028797772922789,0.517969224531584,-0.0889867590072523,0.053084936378919,-0.174608804750408,-0.551042390161816,-0.0605895674897715,-0.302796582021918,0.50681667319175,1.38481808436988,0.132606367934897,-0.314032754254282,-0.36708815239623,-0.777971563092918,0.654690317916234,0.175771775307158,-0.405241594076263,-0.373045622712378,-0.289479722300908,0.308870068956483,-0.439397408756836,-0.0424454141307362,0.0912072442495034,419.0,0.0
72327.0,-4.19873460983989,0.194120636801706,-3.91758567828042,3.92074784640417,-1.87548574659158,-2.11893292738694,-3.61444510993627,1.68788446543007,-2.18987113590881,-4.68423332514029,4.37690666362302,-5.00744082816051,-1.30474507803596,-6.19247526385522,1.00240426741391,-3.31693430074553,-6.18883415213498,-1.04041264854272,1.23304434947994,1.0033504305956,0.801312235949018,-0.183000576489906,-0.440386862411508,0.292539411877521,-0.144967421927777,-0.251743981877142,1.24941367428483,-0.131524643545312,238.9,1.0
94071.0,1.99909032780221,0.256913178650829,-1.9440945278842,1.30732376820351,0.758349337683755,-1.02199009102581,0.642498150713932,-0.411021504128221,1.05313372223967,0.213709835459678,1.3535660253109,-2.52017651294052,0.0818396039332363,2.74743910707973,-1.13195245924281,-0.158285312411319,0.0356136032049827,0.637429634399745,-0.179853608747803,-0.336760389301763,0.0560667228128988,0.364501340071129,-0.114224819220941,-0.422176873868819,0.494775016035275,-0.45250595103646,-0.0835732385050156,-0.084053818393318,36.0,0.0
88737.0,1.91782653091941,0.951966571156228,-2.05920551344214,3.83399771227534,1.66819219140891,0.769825697337707,0.23246305671161,0.107940567202011,-1.14364568858013,0.541699242973355,0.301977229683697,0.257697090947377,0.709147651977866,-2.420715975085,-1.99774018079568,1.50669615001484,0.799832475247662,1.16276426158317,-1.15062735713932,-0.115922317627863,0.0152553539964535,0.239994342022941,-0.111915984520572,-0.380575889863537,0.370994788995014,0.189116547062326,-0.00582328067918961,-0.0121050906997506,9.21,1.0
58199.0,0.340390790889508,2.01523346310003,-2.77732956104823,3.81202413104427,-0.461729071578821,-1.1520219714746,-2.00195866818811,0.548681056661142,-2.34404166261939,-3.07669858515182,3.55473755027372,-3.96968929955842,-0.932183689489454,-5.87606732124924,-0.0667394504128529,-1.49528077472825,-4.42475717388751,-0.619323237398381,-0.231198386269899,0.326772803133095,0.29976881646527,-0.583282924090166,-0.187696049565752,-0.329255753153177,0.732328138266652,0.0580797142765515,0.55314334331356,0.318832445723953,1.75,1.0
51746.0,1.00932820848214,-1.0880123662975,0.1838746249022,-0.603973503142407,-1.14110971561291,-0.668042625569767,-0.33376100620607,-0.169016874127648,-1.12134049066849,0.716517592203394,1.4775029340638,0.287441584002199,0.561026354626596,-0.00859120847926166,-0.0121228842894984,1.26252329649642,-0.0140729638854402,-0.747360063783208,0.668326520859402,0.494811919242032,0.471455276038004,0.87329162242641,-0.334525956117834,0.410613821908514,0.56110477109037,-0.0799068190523444,-0.0336479764743548,0.0360080718492189,200.0,0.0
51135.0,-10.5273044341626,7.63974510878724,-13.4431145027514,4.30340291762786,-8.04820986720506,-3.46699653575204,-8.64319279153494,7.28410530047069,-2.36209663777244,-5.99659592015915,2.5891035399443,-5.9622614216576,-0.468955402702701,-6.77818372152522,0.907946622048306,-3.97013003226966,-6.85761265464239,-2.51173568202806,0.511761951503497,0.847085223070639,0.937415595523653,-0.931178206442092,-0.235696693319785,-0.0313933540844794,0.591558276561224,-0.263516323288921,1.10889729755393,0.219021143211497,99.99,1.0
87260.0,-0.914449935704232,2.36197287190085,0.335525950677588,4.11437673749085,0.55719587400106,0.874182978434114,0.332491774300432,0.54001558393411,-2.07068778562807,2.33744819127517,0.605869608319519,0.397648974489053,0.533281089277243,0.520430286382192,-0.384169493724937,-0.132327513613848,0.0637673128837382,0.136005631579857,1.61469857579559,0.352808401261443,-0.159932604021541,-0.261357178251627,0.186308249347312,0.718244197077474,-0.911284189852856,-0.0932191255352178,-0.28226279606961,-0.229367898787901,0.49,0.0
35953.0,-4.84437152213983,5.64943864783758,-6.73039574613665,5.25284201867297,-4.4095661499774,-1.74076745609347,-6.31169852901067,3.44916731253577,-5.41628435913526,-7.8335555711125,3.6573495649865,-7.7814479532704,1.50772042676786,-8.60475886835984,0.0105926875670707,-6.55397325691037,-12.6243936527694,-4.98990973846596,1.64541389333247,0.284555090358885,1.19488835625662,-0.845752531858704,0.190673885417928,-0.216443252531192,-0.325033100382822,-0.270327592956951,0.210214051535782,0.391854886292055,111.7,1.0
68490.0,-3.9032506079823,3.77724339126828,-2.78684169484738,0.434324044721372,-1.31698189844441,-0.519393486492895,-0.881293826540339,2.21044874635211,0.181354502348034,2.15689674225508,0.663843159336466,1.69574493622287,0.632228615955347,1.47626761584898,0.183423493575312,-0.167180294580167,0.460046572417641,0.00978461584996539,0.13530689861713,0.674071734710638,0.0613332574225998,0.566267494557916,0.197355675867448,-0.309262389475343,-0.232420357632221,-0.391522929669511,0.342656588952277,-0.0824582025552128,22.9,0.0
78891.0,1.10943655629305,-0.032942281375469,1.31854924555165,1.21992417846913,-0.86045251714648,0.143155179392905,-0.615128954716279,0.198711375021365,0.526608846834985,-0.053649309837978,1.02510357451263,1.54021856919621,0.645329742310759,-0.301603182793387,-0.598206441056872,0.242505467837316,-0.539464977347204,0.348383978233861,0.0741331818669485,-0.0769771874100896,-0.00250223968724013,0.195340063568895,-0.0258574301446256,0.358932346363256,0.408525207240847,-0.428946347798339,0.0730835579559082,0.0297396771901058,9.99,0.0
25213.0,-0.493876129105657,0.684137969794987,1.84495560350628,0.816149410307901,-0.620155397152333,-0.24843695290111,1.25743637565417,-0.335601139214625,0.213886174040359,-0.379278264626694,-0.684285328642383,-0.0816495919626688,-0.694048941396699,-0.385874065039848,-0.554343626042773,-0.679470593012559,0.0541035724945096,-0.285863430631713,0.0554049343444857,-0.0677210363763613,-0.00646162984227926,0.332249898976179,-0.181242396531148,0.718239133947231,0.201905552732792,-0.386270873452689,-0.162314267644654,-0.19062890635578,120.53,0.0
53658.0,-1.73934096431325,1.34452078912347,-0.534379047474665,3.19529149873811,-0.416196142475576,-1.26196066822182,-2.34099093949748,0.713003645507275,-1.41626499933122,-2.9966693020716,0.747478135782509,-4.59661151187479,-1.92775970193864,-4.75707449850737,-1.2478148188713,-2.53549425081321,-5.35646454386042,-1.97474852459452,-0.603726269220942,0.00274947845372853,0.38318010845642,-0.21395221812466,-0.336639824887574,0.23707630076775,0.246002931555889,-0.044227636498999,0.510729074882634,0.22095159365596,0.0,1.0
40845.0,1.33183462745492,-0.229313022095966,-1.20089258698262,-1.07040531800536,1.90420447561489,3.17121195672211,-0.609340196031495,0.777046187814567,0.0791625408251688,-0.0769895655512275,-0.031166661113029,0.0221517948951689,0.0606331387409195,0.350485452256799,1.24335690503096,0.610545027144992,-0.8134256693039,-0.0309349796349606,0.371871716584462,0.0658145060679239,-0.142164547326203,-0.55371875530297,-0.00680572181639814,1.06382048336458,0.413883754241507,0.962344418353124,-0.0790306158798739,-9.91631972980509E-4,10.0,0.0
30094.0,-1.10599274472196,0.743210998737541,3.01068347595998,1.26981458222522,0.00573338966973154,0.647651026576356,0.0851159567790063,0.572398993480245,-0.782227652792618,-0.159606415995923,0.826407040027266,-0.0472939445046385,-1.4302269401639,0.0392387898175965,-0.937601735117122,0.954455008307414,-0.707689778401483,0.104533445476768,-1.88373892411499,-0.218912451532684,0.100943938564761,0.135441477703947,-0.171109720624173,0.158671401327919,0.150918270561602,-0.172525557800499,0.0420277059841135,0.0647564662565393,15.36,0.0
27605.0,-2.07747646910554,1.93473354880817,0.596780992233478,-1.81360532556749,-0.460366334290791,-0.701959176439716,0.345971339345344,0.230534395894558,1.42031092541328,1.88312889980314,1.02018051354373,0.268121337996607,-0.674672354175744,-0.367250795215934,0.0335504136289367,0.779321738345806,-1.12684615842239,0.183070817575518,-0.552102110201767,0.932125011553775,-0.349627165005028,-0.37320168073709,-0.0126077776757376,-0.00910058463599612,0.0684437882038371,0.705142175338938,0.448038719351306,-0.0325893902555254,2.22,0.0
49540.0,-0.831628806790299,0.0178605869552229,0.0344302636108381,-1.26332835523252,2.7717007757419,3.42428564486694,-0.171759843944144,0.95947127710402,0.137257031001419,-0.642007154191614,-0.844453173501884,0.00104838691506583,-0.321222882251274,-0.201431151250262,-0.862388606040713,0.141364297641794,-0.699681963608115,-0.0106942523268714,-0.00721203634320274,-0.0156103443746986,-0.015000047845558,-0.118213100177008,-0.112492035988442,1.04409219522344,-0.0344895544750788,0.192324640217591,-0.059668770822882,0.209119753049928,12.31,0.0
7891.0,-1.58550536691994,3.26158454822833,-4.13742198305023,2.35709625199132,-1.40504331370135,-1.87943719306477,-3.51368687087654,1.51560674568816,-1.20716636120056,-6.23456133227108,5.45074606689486,-7.33371406736393,1.36119332407831,-6.60806825219469,-0.481069424899829,-2.60247787045261,-4.83511205239717,-0.553026089102902,0.351948943356815,0.315957258937511,0.501543149467536,-0.54686881157389,-0.0765836358993043,-0.425550366841581,0.123644186352002,0.321984539336613,0.264028160503965,0.132816719764592,1.0,1.0
70353.0,-4.04889617083662,2.73727039236283,-0.0691058915155459,-0.164847166271487,-1.87640542980723,-0.548821137533159,-0.53596184560213,1.23558946739667,2.01556822562096,2.24831828595628,-1.07523801031163,0.315362612128714,-0.233403139999865,-0.469054039884416,0.00790510523645474,-0.0785176325796521,0.152894880082899,-0.0514821314199429,-0.184685267099711,0.961425567259142,-0.240774588736309,0.470473862723439,-0.216001489583834,0.422777190803895,0.300568506168349,0.359675216318495,-0.157132663207241,-0.593349994730672,29.99,0.0
41870.0,-20.9069081014654,9.84315322329519,-19.947726046163,6.15578864849515,-15.142013159868,-2.239565648142,-21.2344631540976,1.15179506554623,-8.73967037069304,-18.2711681738888,4.67734929657245,-9.58356643737056,1.03516582361622,-8.19969002891841,-0.32651888245129,-8.37643882097816,-18.4854603221489,-7.58997395860914,1.1266403652792,0.396654845079575,-1.97719619445615,0.652931885295435,-0.519776859411322,0.541701730134149,-0.0538607606750096,0.112670774311131,-3.76537100922261,-1.07123831223447,1.0,1.0
68243.0,1.16123545918912,-1.01410247194801,0.984669672917514,-0.689522652176652,-1.51957755072654,-0.0557231254924079,-1.19834531390914,0.255256131096312,-0.517507266688019,0.737588907131055,1.59852742863838,-0.369166136537646,-0.902880010872584,0.0177224206778452,0.777559862648625,1.38222949958586,0.221332106753564,-0.72848702550014,0.0662707090396756,0.11208321291619,0.4967922900005,1.20165384129587,-0.0979724134893887,0.253297296462761,0.239158425073873,-0.0526185313706315,0.0323777270415845,0.0221907877339606,69.99,0.0
68207.0,-13.1926709562391,12.785970638298,-9.90665002092758,3.32033688288942,-4.80117593230105,5.76005855618556,-18.7508891580107,-37.3534426378925,-0.391539743919107,-5.05250236713858,4.40680552357904,-4.61075647740608,-1.90948796970811,-9.07271093398351,-0.226074450896345,-6.21155748212485,-6.24814535335983,-3.14924669470095,0.0515761185277783,-3.49304991519446,27.2028391573154,-8.88701714094871,5.30360690376998,-0.639434802306313,0.263203123457008,-0.108876929971315,1.26956635541013,0.939407362758877,1.0,1.0
38050.0,0.781758196895958,-0.837880704535254,0.0708318165557372,0.639661446335844,-0.484087613872542,0.197568692910287,0.0399196423554196,0.0646448404932253,0.389517777195695,-0.149663423919533,0.240580751004816,0.655279312017495,-0.413036203546668,0.175822463754336,-0.686562800675045,0.311815252142266,-0.505014194404379,0.123717624841013,0.782455406568638,0.378713400417784,-0.166695004995587,-0.910645772069028,-0.237254979425069,-0.475682282046585,0.29001458912275,0.296678427810238,-0.0764359155979914,0.037302589514826,245.0,0.0
13323.0,-5.45436177939673,8.28742055534983,-12.7528112729386,8.59434189301081,-3.10600228114338,-3.17994875686414,-9.25279393795831,4.24506220985367,-6.32980084623466,-13.1366983691039,11.228470279576,-17.1313009454468,-0.169401056814124,-18.0499976898594,-1.36623566099065,-9.7235653091894,-14.7449024646768,-5.24730110631125,-0.574675143795817,1.30586191483437,1.84616479291417,-0.267171794223081,-0.310803969751621,-1.20168545799806,1.35217609502433,0.608424596360403,1.57471478384204,0.808725205090233,1.0,1.0
57163.0,-10.3630494651588,4.54367201286394,-9.79589773551539,5.50800333404763,-6.03715599427489,-0.133492972364907,-11.7243461176622,-3.19834557193323,-4.76784222430147,-9.33212806886128,5.2241240042156,-7.74312234505579,-1.56034320038539,-7.14041803349475,1.18597782557697,-6.59870406570123,-12.1205390025684,-3.90409153348034,2.51343040062446,0.924396179705582,-2.45714487251707,1.68725664165106,0.977178353536712,-0.543368976583511,-0.289124786926125,-0.107586425389056,0.330641897772597,0.163577149556086,1.0,1.0
49841.0,-0.215182170517641,1.04008109637101,1.12048757934134,0.28039080964204,0.785018447844778,-0.319803655849027,1.11564077866342,-0.422970726517912,-0.456175927362488,-0.117766142763124,-1.01146907220821,0.0984973693550725,1.14439396168334,-0.238936999752383,0.684853415366065,0.0617341758742376,-0.893392007244632,0.116679941685221,0.0820745915944993,0.0515481378763618,0.0203895741756617,0.26244155587252,-0.35467716727554,-0.434225390753109,0.34940189087774,-0.363239444536807,-0.245959657543519,-0.213053264465341,9.99,0.0
48884.0,-2.13905055735992,1.39436766175691,-0.612034894995233,1.04932705568948,-1.1621019076536,-0.768219363115428,-1.99723740081007,0.574996543366778,-0.98083177624058,-2.49561924548174,2.5555891530874,-3.53043627008024,-1.01623381526368,-3.45519657744236,-0.0563633864076254,-2.46773703008032,-7.14032596614864,-1.27128002161365,-0.00172192354163427,0.0254265126136498,0.696954881120808,0.740003045389771,-0.15511524943514,-0.0506074460808317,0.268368293338874,-0.469432841163864,-0.405813768055179,-0.152170846988601,19.73,1.0
50808.0,-9.16978982388629,7.09219680097303,-12.3540368689178,4.24306897383907,-7.1764377547738,-3.38661804868541,-8.05801194656602,6.44290866379074,-2.41298660229065,-6.13490688724113,2.82667122820047,-6.30984277729399,-0.623002385785158,-7.27986921938704,0.924233225976226,-4.21553713481175,-7.17167241498026,-2.55033668458713,0.596364320528384,0.816651661759946,0.926156961108813,-0.817706132334589,-0.150434415715838,-0.039383059739641,0.485639753958673,-0.264324608977439,1.1596904600617,0.232758088392131,99.99,1.0
41353.0,-15.0209806030789,8.07523975163174,-16.2980905380446,5.66482005292134,-11.9181533731348,-4.24695712395156,-14.7166675516611,9.43508432139337,-6.7953981269244,-15.1241628144947,6.03766622940467,-11.6767222367813,1.32697878633103,-12.3816058947985,-0.0716392778020956,-9.48414337021449,-19.6718814509262,-7.64327282087749,1.16906441801605,-0.995786857833133,2.52511546344786,-0.832074336953531,-0.186116823393738,0.429780833741005,0.697102812320081,0.0560310740941657,-1.31088762047629,-0.707402991270252,34.12,1.0
121216.0,-0.143366412585067,1.05888087584999,-2.65292184133854,1.31768152094675,-0.284445848906721,0.923093761784859,3.66637258840806,-0.628888344501276,-0.715343029228171,-1.19459760632161,-0.702306871704076,-0.385827185020854,0.881174828197195,-2.36133815569904,0.0201954742974695,0.0689921583630738,1.6081047588715,0.856424599175188,0.444615771707832,0.281021383746789,-0.127863069485874,0.0657378587165762,0.14246540900683,-0.140826220365859,0.445551281010721,-0.361139327440876,0.382136146514365,-0.066513247379505,555.99,0.0
79554.0,-0.367380722266596,0.969575733764414,1.09720474257884,-0.423345202413771,0.544742818495379,0.0951842511698106,0.573291560328977,0.159395256640982,-0.563750111396318,-0.138861005139374,0.243020598161516,0.213256295398537,0.0743291949569109,0.283496437903067,0.240891788637443,0.738579355350509,-1.06372816855977,0.532308433616557,0.743785718275391,0.136903273271002,-0.25502301687907,-0.702806362253439,-0.181461538678963,-0.858552092739651,-0.0717723331419138,0.126405233174106,0.260062225598882,0.0986122780042447,1.78,0.0
41646.0,-3.24018658731411,2.978121790406,-4.16231393691373,3.86912437879902,-3.64525645477793,-0.12627056104764,-4.74472973694714,-0.06533104369042,-2.16836609501902,-4.75830407509117,3.47109784646449,-6.5331067689397,-0.983468669556775,-6.07398900285949,1.12540670902583,-7.71804240456347,-9.85592743669396,-5.19390789281555,2.04269768780688,-0.224043462894117,2.60144102940002,0.23191011639882,-0.036489849092758,0.0426396452203885,-0.438330345949387,-0.125821080392006,0.421299802439127,0.00314587612156787,172.32,1.0
40026.0,-0.738996357028444,1.00146588218562,1.29317335189296,-0.103826328852302,-0.239203087632111,0.0179312620249065,0.137395460707251,0.58938460482144,-0.877276924646387,-0.615609638935779,1.37214663596929,1.21343012860193,0.719361356831205,0.492712686701262,0.303528230893633,0.275984084547889,-0.313639752927714,-0.0701067800460885,-0.169072018154072,-0.0902025850594071,0.163740387746778,0.325521626125979,0.100837766794319,0.040368437528803,-0.684945388044092,0.129505363856147,0.0105476770478485,0.0896133398136588,27.5,0.0
115806.0,-0.565879693748452,0.135592584405083,1.40082425118326,-2.64751498415886,0.858461865289645,-0.121119174971958,0.654773644190465,-0.243942259516461,-1.34405266551477,-0.233873602504116,-1.09228217945852,-0.653154954729466,1.12211287901354,-0.742340158877197,-0.245355672376465,1.37290863516082,-0.452111335401486,-1.75212224719863,0.417800871395051,0.272824223592844,-0.330357590752662,-1.03798459802284,-0.215047653184719,-0.0152074002319554,0.432703442232391,-0.668484253609058,-0.170773087552449,-0.167244818763392,12.99,0.0
68203.0,1.46815640667476,-1.05990452033408,0.306991877657053,-1.50198255039738,-1.34998330787668,-0.506555027982089,-1.00017003758423,-0.084204132604943,-2.08043554925042,1.60341271838492,0.92308060757321,-0.313030879935391,0.444490954175463,-0.121064978778728,-0.103792593049756,-0.105695088626666,0.140892458968004,0.567647393101799,0.163571600153855,-0.275192977453006,-0.174713410506102,-0.182720597191823,-0.0318872668153697,-0.00712819884607481,0.394275232727724,-0.205539028414998,0.0223775026249415,0.010371013249288,30.0,0.0
26198.0,-1.47167824766685,1.8366535402085,1.10604304871966,-0.410248187152999,0.368068168480657,-0.519987005141686,1.18845440104437,-0.531905550936288,1.18874582712667,1.92987603771339,0.418596525248547,-0.212830873959106,0.0135271039289171,-1.44944491951796,1.33016442483657,-0.281323756378661,-0.0785575695307249,-0.766670943830395,-0.618075355567246,1.05416896151984,-0.576016258772678,-0.628472103735365,-0.0312253913410629,-2.95356685688072E-4,-2.33743088638438E-4,0.043606377525973,0.390183350016838,-0.168614103927101,8.93,0.0
116532.0,1.61327097576604,-1.18279631673892,-0.807928803764156,0.0602957201556073,-0.520328788152692,0.470287239160946,-0.576853568704306,0.185124141219211,1.28667271294224,-0.139127108848225,0.334533850868625,0.885045331528372,-0.0531465560915729,0.027851924711469,-0.0247097455028416,0.427136955538763,-0.821777146380494,0.774529508581584,0.215844297759435,0.218562923331538,0.314939698912111,0.653165728769215,-0.0564403766463295,0.267219737433849,-0.212965533581407,0.0852385359589871,-0.0276241537360241,-0.0172206130285029,200.0,0.0
39484.0,-0.813479524550362,1.26637807971428,1.24514768284152,1.64455745767653,0.162230954898307,1.04754617811262,1.06748502749383,0.191395979864655,-1.3437597437572,0.631423844013269,1.35855858267342,-0.106216684845105,-1.16962325763784,0.586571475361664,0.185593171624814,0.190555614788814,-0.246845492955073,-0.598373052190664,-1.20581130861061,-0.360374466404199,0.0392978399560677,-0.0174544891496988,-0.0192468246252259,-0.335109760995817,-0.231060626162719,-0.146262108949724,-0.292016947703347,-0.0436467914027629,112.27,0.0
76956.0,-0.521270058384854,-1.90061041600882,-1.05614655904886,4.21578454680641,-0.0638471842732457,0.275669599042819,1.84214011392054,-0.445484717677698,-1.79252055120165,0.815030458882996,-1.30050101039509,-0.228366104139293,0.925570265192646,0.52576704115628,-0.0502112717053138,1.03051947381019,-0.941703541713984,-0.155550314988753,-1.39694108853579,1.74427263463559,0.488856597391478,-0.701915985529937,-1.0047726113418,-0.412562259006761,0.499973172230828,0.0155995894450441,-0.211330159679514,0.16555562241825,917.57,0.0
93904.0,-11.3206331107815,7.1919501426236,-13.1790825454686,9.09955188204157,-10.094748875094,-2.44011507020033,-14.1843372950953,4.45250293397358,-6.24196000276902,-12.618162687238,6.05731930477932,-15.7176066468772,0.117817409556609,-8.65374335706751,-2.50255377627617,-11.2313644545234,-21.5851521412337,-9.09089206099764,1.17118873250237,-0.180934725269677,1.08223532776525,-0.350562500439559,0.483043945803059,0.661132920850802,-0.396521511995203,-0.413315388408682,-0.997547797965388,-0.235035882545031,37.93,1.0
25231.0,-16.5986647432584,10.5417508026636,-19.8189818085279,6.0172946473619,-13.0259010501237,-4.12877900260013,-14.1188648469369,11.1611439952369,-4.09955143059712,-9.22282550730978,6.32936467621872,-8.95219071159749,-0.138363691274054,-9.82505442102721,0.0572235922374037,-7.54168742379503,-14.2595985921417,-5.03505152375192,1.43226792970939,1.53491982113512,1.72585282658181,-1.15160577552799,-0.680051901875725,0.108175914514646,1.06687834149611,-0.233720431391328,1.70752055210726,0.51142316911239,99.99,1.0
29753.0,0.269614090485094,3.54975512877325,-5.81035344453706,5.80936957402456,1.53880793351049,-2.26921913566818,-0.824203333436328,0.351069915343584,-3.75905945636624,-4.59238980599474,5.47939151009669,-5.65785754091816,-2.6480760898503,-10.3848897408947,-0.225946407826958,-0.701882908954806,0.409735840500415,0.939603694029483,-1.95429995537505,0.310524633435283,0.371121111209288,-0.322289520392532,-0.549855883222537,-0.520628958812409,1.37821038664663,0.564714292689441,0.553254713878568,0.40240000915925,0.68,1.0
85864.0,-3.36526491864606,2.92854110729003,-5.66099919906905,3.89115992835328,-1.84037510965314,-1.80088720390662,-5.55867935318221,2.40232168278639,-2.84892272106495,-5.99567612703198,4.22130410784879,-6.11966735264192,0.0230135705891201,-8.14932178394224,-0.301351931335019,-5.37528289323615,-9.31500138499105,-2.48756256913711,2.35591891159776,0.57637946532203,0.875260063301294,-0.102501391250503,-0.606282749133978,-0.743164794295893,0.096318936065612,-0.135060497401362,1.23869473001415,0.0998237563444676,1.0,1.0
6627.0,-0.918880506337644,0.715595694254671,1.31756479041825,0.235762807150342,-0.16307594439859,0.905078446791246,1.67390856795546,-0.215786704685126,1.30696635212256,-0.702780813271403,1.37715837637811,-2.78345862957754,-0.417372602474545,1.57765018262303,-1.98052038257288,-0.18636355594012,0.263407597550674,0.164423788388976,-0.82789871963171,-0.432544002660535,-0.218926767746942,-0.0898540839277787,-0.203336712539475,-0.410993333039835,0.0469152288624043,-0.591838542045569,-0.229447689097459,-0.177511145856666,212.18,0.0
20332.0,-15.2713618637585,8.32658106147414,-22.3385905133352,11.8853128922128,-8.72133435613386,-2.32430694897567,-16.1964186599881,0.512881820424485,-6.33368515594745,-13.175198078736,9.93981974172569,-14.2254557039818,0.716033665192873,-14.0047761755606,-0.329447848153274,-8.0594194070953,-12.1220088158237,-4.79971013254961,0.686227163597458,0.993121017282391,-2.3568962794623,1.06801917704623,1.08561716724338,-1.03979707801119,-0.182006136246673,0.649920860777984,2.14924707788821,-1.40681133211222,1.0,1.0
43479.0,1.27688452842907,0.0988131250619754,0.165283614267606,0.321035353778173,-0.11992398406567,-0.222454706406792,-0.137162390224444,0.059217717324908,0.0140273172723646,0.1382130291148,0.549874694881583,0.181336471071815,-0.760259821645233,0.611986626095031,0.516254001146108,0.793394863307983,-0.909423753079341,0.361785792636181,0.490172501888598,-0.130379795882534,-0.273811551392365,-0.876571846654825,0.0364454808515717,-0.533366313354234,0.259659911321921,0.132321631666835,-0.0411714686610621,-0.00217205887662554,0.69,0.0
68207.0,-13.1926709562391,12.785970638298,-9.90665002092758,3.32033688288942,-4.80117593230105,5.76005855618556,-18.7508891580107,-37.3534426378925,-0.391539743919107,-5.05250236713858,4.40680552357904,-4.61075647740608,-1.90948796970811,-9.07271093398351,-0.226074450896345,-6.21155748212485,-6.24814535335983,-3.14924669470095,0.0515761185277783,-3.49304991519446,27.2028391573154,-8.88701714094871,5.30360690376998,-0.639434802306313,0.263203123457008,-0.108876929971315,1.26956635541013,0.939407362758877,1.0,1.0
46091.0,1.19635146570828,-1.1425427245708,1.36137548247148,-0.495351059362788,-1.48067994929004,0.951449372645001,-1.57365844189621,0.442891230678721,0.175459562053601,0.43240524765859,0.722087503003307,0.664729570541465,0.430176013090717,-1.05851864791575,-1.27179210215812,0.769146848476716,0.587761258792688,-1.14827140291626,0.866010769295583,0.125707305207473,0.25423677431384,0.945511891927171,-0.132773960076107,-0.223265452807886,0.380057750375953,-0.0445691727737307,0.0854360224853135,0.0176881789241608,38.82,0.0
60249.0,1.28409095301326,0.0441859927126399,0.622862816292336,-0.0705700460490355,-0.708550226695572,-1.00754946277382,-0.143334957494852,-0.220428552213987,0.25342884842553,-0.240207026295848,-0.0692092248259147,0.722621835861417,1.06998065330085,-0.0572371015979986,1.14811388077311,0.362631790572961,-0.418566934794363,-0.533629345716951,0.0233608273312,-0.00552104304763606,-0.123344979757186,-0.295814720486658,0.0848213286942308,0.455651711262709,0.149600862116148,0.902109888492012,-0.0645104315477882,0.0113034836118774,2.2,0.0
88737.0,1.91782653091941,0.951966571156228,-2.05920551344214,3.83399771227534,1.66819219140891,0.769825697337707,0.23246305671161,0.107940567202011,-1.14364568858013,0.541699242973355,0.301977229683697,0.257697090947377,0.709147651977866,-2.420715975085,-1.99774018079568,1.50669615001484,0.799832475247662,1.16276426158317,-1.15062735713932,-0.115922317627863,0.0152553539964535,0.239994342022941,-0.111915984520572,-0.380575889863537,0.370994788995014,0.189116547062326,-0.00582328067918961,-0.0121050906997506,9.21,1.0
50808.0,-9.16978982388629,7.09219680097303,-12.3540368689178,4.24306897383907,-7.1764377547738,-3.38661804868541,-8.05801194656602,6.44290866379074,-2.41298660229065,-6.13490688724113,2.82667122820047,-6.30984277729399,-0.623002385785158,-7.27986921938704,0.924233225976226,-4.21553713481175,-7.17167241498026,-2.55033668458713,0.596364320528384,0.816651661759946,0.926156961108813,-0.817706132334589,-0.150434415715838,-0.039383059739641,0.485639753958673,-0.264324608977439,1.1596904600617,0.232758088392131,99.99,1.0
61691.0,1.24567381944824,0.166975019545401,0.488305742562781,0.6353219207244,-0.562776680773863,-1.01107261632698,0.0149526614685896,-0.160210863301812,0.17036185217373,-0.0445745893804268,-0.35674901847752,-0.0734595173503765,-0.517759694198053,0.406968934383731,1.12414692288685,0.342469754110769,-0.374656440051376,-0.438992432436683,-0.116090785002835,-0.132079724302295,-0.262580846041176,-0.816263763157847,0.140304302014326,0.357827249299806,0.186422945723389,0.0965444707905616,-0.035866315294695,0.0184945729704665,8.99,0.0
111923.0,1.74342299615243,-0.427190192197497,-3.94046841202422,0.305679222712138,3.20843270085883,2.93428558609465,0.701823978676734,0.420225675331752,-0.459144670485162,0.331249721086175,-0.12946409550835,0.139723602360007,-0.408934550019837,1.15138219574464,0.0987018954125249,-0.911370848706005,-0.295264338147928,-0.553834592708428,-0.470827892476259,0.13262620650935,0.408773814546297,0.860201134239167,-0.341726582303843,0.760986458685552,0.851682992501967,-0.193371716422838,-0.0683751395035244,-0.0543060806966763,181.4,0.0
74334.0,-2.17047544637451,2.00720256835665,0.388117650618119,2.62865615555521,0.179505626527109,2.12450904223021,-1.36534149275572,-1.17708308729144,-1.24464506589116,0.621637147697733,-0.517574976878067,0.913275385078801,0.751028863603199,0.484017273935988,-0.678550126313554,-0.112220160283823,0.482880407033999,0.368216721089633,1.61073602564843,-0.759128502581503,2.36403522046464,-0.455710220444893,0.189106107142607,-1.33292387428905,0.105062938806531,0.388186643346941,-0.157903794462242,-0.051714267856396,3.75,0.0
7740.0,1.02387386852139,2.00148526626613,-4.76975183220974,3.81919458538265,-1.2717542273697,-1.7346624268403,-3.05924503160896,0.889804791975203,0.415382113237262,-3.95581234352737,3.57205481558784,-7.18645159050588,0.147242340802109,-5.24930454889762,1.67833367358535,-2.64147310915178,-1.31205856007348,-0.391716050952505,1.11826355175812,0.204137684042271,0.343282648722251,-0.0541956644068491,0.709653952497143,-0.372215866946976,-2.03206836614816,0.366777602071192,0.395170669257609,0.0202055389458413,1.0,1.0
15817.0,-4.64189285087538,2.90208643306647,-1.57293870931742,2.507298518227,-0.871782564349351,-1.0409025722626,-1.59390073966645,-3.25490508581579,1.90896268593707,1.07741752106048,3.33850216040272,-6.54261034532574,1.09953638182128,-3.26647554459315,1.01472790444294,-4.84238307827835,-5.269876299726,-2.34466857415508,1.95922405409272,-0.465679220344122,1.96359666634146,-0.217413915973245,-0.54933995583883,0.645545202036521,-0.354557818794591,-0.611763845006479,-3.90808047547799,-0.671248265147117,11.39,1.0
80923.0,-0.593216951823281,0.426996536430517,1.25582132258083,-0.901627100306667,-0.0614026413738853,-1.14568437345302,1.00710574107084,-0.172338886086203,-0.321634466075259,-0.818536079296957,-0.568396972562217,-0.254574700997261,-0.398330640751365,0.225896428868568,0.339808289839269,0.439511644192757,-0.548140262198882,-0.481774667997481,-0.497449485147133,0.0588967762247219,-0.0584276986817878,-0.42793807618824,0.207757329216615,0.398730246291115,-0.558335973959057,0.590690322536718,-7.75238835242824E-4,0.142147102770706,79.95,0.0
58060.0,-2.63059770314604,5.12575923008793,-6.09225454651378,5.52739306209755,1.60514485494011,-2.31988352953118,-3.20707570564086,-1.48258321071708,-5.07487063178104,-6.77833138248069,5.72525459149638,-6.94917182528041,-3.12779501198771,-11.090424813263,-0.800272569362332,-1.70750085360527,-1.68547301699574,0.274890838662414,-2.02888535240153,0.948863770149954,-0.527474204141788,0.220546094514546,-1.37110989476897,-0.504898994517705,0.382306792598482,0.395527722278956,0.782035950782542,0.62852786395406,1.0,1.0
74953.0,-0.86475247731864,1.40244728887269,0.995759041430477,0.0189415764058071,-0.340023202049702,-0.810438069052329,0.280733532054053,0.437198470243342,-0.798125063385011,-0.465236904586787,1.56206209205457,0.93433033120214,0.249772467656607,0.0216766929144627,0.12745226926254,0.622495182487126,-0.0183481765546944,0.298453570255298,0.119171729468456,0.00335962469475148,-0.137997618858385,-0.534248239357639,0.070781547102341,0.48780845700747,-0.195732592224708,0.0312726288268845,-0.0143705885146682,0.0231246608386675,8.99,0.0
93860.0,-10.6323749061596,7.25193622855414,-17.6810718207918,8.20414440620562,-10.1665907519072,-4.51034377036334,-12.9816061559658,6.78358879797499,-4.65932958355558,-14.9246547735487,8.38914233451929,-16.4655039422141,0.33851695978655,-14.224403603167,0.556584472572111,-11.683998043525,-15.8416159780561,-5.75319975278369,3.81304079276336,-0.810146481561289,2.71535704420309,0.695602689761576,-1.13812206664164,0.459442241911828,0.386337323495895,0.522438449202614,-1.41660373652915,-0.488307035713995,188.52,1.0
4462.0,-2.30334956758553,1.759247460267,-0.359744743330052,2.33024305053917,-0.821628328375422,-0.0757875706194599,0.562319782266954,-0.399146578487216,-0.238253367661746,-1.52541162656194,2.03291215755072,-6.56012429505962,0.0229373234890961,-1.47010153611197,-0.698826068579047,-2.28219382856251,-4.78183085597533,-2.61566494476124,-1.33444106667307,-0.430021867171611,-0.294166317554753,-0.932391057274991,0.172726295799422,-0.0873295379700724,-0.156114264651172,-0.542627889040196,0.0395659889264757,-0.153028796529788,239.93,1.0
29785.0,0.92376442016477,0.34404807190464,-2.88000365579163,1.72168007534123,-3.01956477860235,-0.639736122583852,-3.8013245024591,1.29909588513018,0.864065471140902,-2.89525166830126,3.02816223099618,-2.54917730779636,-1.56043182473423,-2.97131675769274,1.07889539651163,-4.70201182527384,-4.90809850732764,-1.5088732903485,3.0016850593747,0.170871765618069,0.8999311755668,1.48127100376248,0.725265549161058,0.176959582872624,-1.81563797523647,-0.536517111308732,0.489035020411905,-0.0497285787992942,30.3,1.0
78725.0,-4.31247908052279,1.88647569827836,-2.33863356144698,-0.475242891532036,-1.18544386151204,-2.1120788975769,-2.12279296550593,0.272565132222544,0.290273064048255,-3.8337413849476,2.50978140392157,-3.61123136485112,-1.02429952994167,-5.29192495475268,1.6498073488757,-3.26265841898301,-4.33311795972043,-1.86304896791862,-0.00953360656837195,-0.718705614884897,0.550540662080627,-0.0678702198276179,-1.11469186343039,0.269069433187685,-0.0205724593187757,-0.963488862263668,-0.918888353795928,0.00145356217673386,60.0,1.0
62201.0,-0.891018060608622,1.13347808467046,1.11386785373849,1.11827294479465,-0.110572745827712,-0.0909511713983033,0.0664505976600081,0.645859095616245,-0.980503097934232,0.00454701760498993,1.39066768066827,0.646829509447797,-0.362299482668841,0.904997023280453,0.779133050332808,-0.364140362061709,0.180278252053473,0.292185578976666,0.457716216812065,0.0890722911714891,0.292870724005915,0.805250690387782,-0.0797954664458962,0.236143192428383,-0.246677740036416,-0.199963757531949,0.301076073635084,0.115233380295832,14.9,0.0
27784.0,0.288028928428076,0.965681439446855,-1.45949519977085,1.92186300234526,-1.91241402974899,-1.13028190025527,-2.81426265960526,0.648663224885543,-0.695262639845074,-3.46568908576121,2.35161910622909,-3.82670531942496,-0.767569849115369,-4.8528669146236,1.66486300420352,-2.61736133003734,-4.83555830647772,-1.92175160139324,-0.385884175181753,0.330916894188196,0.603127128021142,0.380690182113136,-0.0641251755885565,0.271380100640141,0.33721953478356,0.626155869423677,0.565124825956713,0.305925255390835,23.36,1.0
45541.0,-1.51924353075082,2.30849245367643,-1.50359931953802,2.06410058377601,-1.00084505842829,-1.01689703316417,-2.05973051990126,-0.275166374590629,-1.56220609694371,-2.75579692797163,3.43824825990431,-3.52152936013651,-0.918761288376486,-4.45210024854037,0.499313753853031,-2.90790343439971,-5.24864639527919,-0.936814652613817,1.16012029433585,0.175018552247898,1.30787143187069,0.102825644139183,-0.0177462832428156,0.149695925673219,-0.0966024680642115,-0.369114567720136,-0.0192440931269227,-0.20831909164279,1.0,1.0
93904.0,-11.3206331107815,7.1919501426236,-13.1790825454686,9.09955188204157,-10.094748875094,-2.44011507020033,-14.1843372950953,4.45250293397358,-6.24196000276902,-12.618162687238,6.05731930477932,-15.7176066468772,0.117817409556609,-8.65374335706751,-2.50255377627617,-11.2313644545234,-21.5851521412337,-9.09089206099764,1.17118873250237,-0.180934725269677,1.08223532776525,-0.350562500439559,0.483043945803059,0.661132920850802,-0.396521511995203,-0.413315388408682,-0.997547797965388,-0.235035882545031,37.93,1.0
114672.0,2.05892065759095,0.265381105148548,-1.72664964207746,0.547627919551256,0.203338262005139,-1.54054335376277,0.301573069620303,-0.416463580700956,0.535349060387043,-0.523222131333364,-0.252737041978249,0.227013561569445,0.327306169567238,-0.899620391734724,0.870333777880818,0.2170610423345,0.460445892846495,0.500231387931243,-0.453183000811374,-0.185036652907004,0.193511977737861,0.756256754663591,-0.0237462139836363,-0.0170903213312952,0.264134151626599,-0.104941407234166,0.00138822593428448,-0.0282750918150963,2.0,0.0
89806.0,-1.30366398577972,1.72925667035941,0.908705072077447,0.848131364387792,-0.641167164487898,-0.00904358063585065,-0.448574428695857,1.0365638404214,-0.299521435962979,-0.290396160240324,-0.886451090187319,0.31727338049121,0.390800855854619,0.478239594635222,1.04261779121678,0.0541285423889341,0.0536199406288483,0.497183699411738,0.0417010716286011,0.0630967953920446,0.318246755218546,0.941177559675229,-0.110078225237353,1.08460133027108,0.0537156220226933,-0.398267426495737,0.300332579868305,0.16224292322741,1.0,0.0
46925.0,-0.481531150954278,1.05954227713479,0.647117402910268,0.905586233912649,0.81936824001549,-0.0911835663506086,0.504134851323607,0.161064336313081,-0.765053776949662,-0.55054534794377,1.48028602025778,-0.105359122514952,-0.804841454759319,-0.819901849432008,0.916881766469427,0.201150538864914,0.874890632270019,0.941476678511478,0.272698476205832,-0.0425151328862889,0.0706328691882125,0.192490772493404,-0.174659253437827,-0.438908072947488,0.239258996609831,-0.217823405004998,-0.0728522476980958,0.0104633125817071,1.0,1.0
40777.0,1.12475930931674,0.376153569110887,1.07317698188246,2.5136567131196,-0.568530759490914,-0.345679318772637,-0.204950853249888,0.0414249739498702,-0.383213480267869,0.667069991502081,-0.666719165148909,-0.504766781984013,-0.721329772522665,0.283614879990529,0.849977670933361,1.02252286909017,-0.70236814882025,-0.0940666697201725,-1.06921564315296,-0.156660571649063,-0.13807921750428,-0.544987506517202,0.120462305961016,0.32710667493995,0.154823535604574,-0.198526110819803,0.00334455729419754,0.0364080666936904,22.82,0.0
34687.0,-0.860826892469905,3.13178963278262,-5.05296813449749,5.42094070941518,-2.49414141557203,-1.81128662834635,-5.47911745062699,1.18947198655298,-3.90820579292615,-7.06074618169306,4.72997415443333,-8.62905440849263,1.17879796289388,-11.1820634139742,0.445243112696547,-6.53298227788478,-13.3892507167674,-4.48041256680694,0.432054206519352,1.0857595200589,1.19269353963797,0.09035581053399,-0.341880850908644,-0.215924151333767,1.05303194615504,0.271139003495332,1.37329957704625,0.691195095871691,19.02,1.0
46925.0,-0.481531150954278,1.05954227713479,0.647117402910268,0.905586233912649,0.81936824001549,-0.0911835663506086,0.504134851323607,0.161064336313081,-0.765053776949662,-0.55054534794377,1.48028602025778,-0.105359122514952,-0.804841454759319,-0.819901849432008,0.916881766469427,0.201150538864914,0.874890632270019,0.941476678511478,0.272698476205832,-0.0425151328862889,0.0706328691882125,0.192490772493404,-0.174659253437827,-0.438908072947488,0.239258996609831,-0.217823405004998,-0.0728522476980958,0.0104633125817071,1.0,1.0
41204.0,-8.44028396323147,6.14765332384605,-11.6837061588856,6.70277957100753,-8.15583929706995,-3.71626415558662,-12.4073130564101,5.62657129554302,-6.23216089363823,-13.3866834395246,7.60555947435276,-13.351815018081,0.827049642773684,-14.9794773489142,1.53281308437662,-11.7714969677127,-20.2992165093576,-7.60911006016911,3.80913643570604,0.520732330180873,2.19285541971989,-0.282596814624446,0.00806849811246454,0.403858336982018,-0.0187883930291726,0.522721636106603,0.792690689790115,0.0677895462043786,30.26,1.0
59840.0,-3.21538175967748,-0.364223121381638,-1.26188334354906,3.79494903930385,0.71120593031272,-1.31647560298004,-5.16514055601052,0.625278383544947,-1.582300584728,-3.25263359468289,5.04075120270381,-5.31444220386187,-0.656470662006063,-6.23304367078495,0.974771279276835,-6.8903177453801,-9.51641148491956,-4.36412771489086,2.59857755637223,0.0196261688931224,0.40134124079647,0.152191258747201,-0.93467547449829,-0.256148382367333,-0.469403308828214,-0.282495914081921,0.86607691066145,-0.433465943783225,5.91,1.0
52807.0,-1.42261048428874,-2.6127658245689,2.2089241381072,-1.98806626909132,0.245989920090169,0.668470588378514,-2.21085802514698,0.724165248537056,-0.718457322792204,0.602805956830964,-1.79316546114915,-0.872001007293562,-0.578796665223792,-1.43423902304562,-3.09762389183978,-0.314514332332668,0.287722043477092,1.104172308077,0.838214116888551,0.070507762767617,-0.161395029909543,-0.234444621596541,-0.0524819334843493,-1.40785301423912,0.269843342010601,-0.14129904467542,0.101520945559914,0.117833597805391,41.5,0.0
40742.0,-2.37753280180283,0.520539361927579,-8.09413945532841,8.00535147326105,2.64075021376276,-3.38158645291742,-1.93437244067366,0.562322111872781,-3.10402718606356,-3.05121035544102,5.73576265915634,-4.74769250131792,-0.784223284478966,-10.7163393018774,0.656516978131348,-1.14246727231018,0.91859080878698,1.12633522330277,0.0929734778841175,-0.634747080915274,0.148284201590387,0.7210995412337,2.66129069804724,-0.508619933518595,-0.401656629278738,0.587611216267645,0.500326371108344,0.551759687906722,1.0,1.0
75258.0,-0.269243417473942,1.29793637607842,0.360036507948602,-0.10217931396814,1.06220845739189,-0.474189484788809,0.990139215394888,-0.0882858840515735,-1.09260038290307,-0.902587963508591,1.06213192774857,0.500695409521137,0.837766289364663,-1.15124205310482,-0.0166923859155669,0.746901732719949,0.232575120713269,0.965138747708282,0.435764637598967,0.079593882756129,-0.0501918193996916,-0.12083002191732,-0.377786286570345,-0.563881865428515,0.212678574027566,0.357696643488066,0.0197614512707218,0.0609072731575632,0.76,0.0
115923.0,1.84636544170187,0.0851125959782468,-0.5928813089717,3.98356850018572,0.258892149865435,0.719686113949467,-0.168761143748277,0.245101552582408,0.104791598021194,1.25703573037812,-2.44669976785006,-1.19451022125742,-2.54065733719402,0.108608829184035,-2.27291409546889,0.329132959511688,-0.135575026281345,-0.69124796319718,-0.696519619035555,-0.380325265330823,-0.402192436321898,-1.10162799652643,0.303294821521862,0.357990446791532,-0.164665900103306,-0.272834705869657,-0.0357743027365134,-0.0396798227766921,37.07,0.0
8090.0,-1.78322883722709,3.40279371307631,-3.82274226552205,2.62536815276644,-1.97641541136284,-2.73168901231308,-3.43055914949085,1.41320351399318,-0.776941494554916,-6.19988176274188,4.36671348631445,-8.24326243368313,0.345761165232579,-6.59055029705192,0.265576095932165,-3.02845238846152,-4.21448627485607,-1.21360784773725,-0.265421595374812,0.364089115014408,0.454031931736316,-0.577525824201459,0.0459665375362652,0.461700017592254,0.044146161217817,0.305704433918549,0.530980986346765,0.243745598122111,1.0,1.0
33514.0,-0.147422537650145,0.224306862693021,1.66943783842366,-1.15157979816765,-0.0361841275795576,-0.0151154086112848,0.292434202913533,-0.203560331154912,-1.45323623886114,0.452011290113887,-0.406395308141226,-0.967800374933605,0.486869426157225,-0.430592660722551,1.2463108179547,0.563271105107706,0.479572029491311,-1.63887220430474,1.30579884794333,0.323758951398198,-0.0133965672462426,0.0484898549462834,-0.163120921360797,-0.455364261639349,-0.174626315328687,-0.306513223438546,-0.0458754422229165,-0.122408910892914,14.95,0.0
81068.0,1.20199657825743,0.320202691256913,0.211549961789838,1.24728537433446,-0.104591142003605,-0.53311156419758,0.208949870931407,-0.0878747634282549,-0.205522550078051,0.165503539758012,1.05551500343166,1.00018104080564,-0.2131792901637,0.445070367006865,-0.710980870183839,-0.179560082080508,-0.364101718879516,0.0570704648818382,0.161775944685279,-0.160865391952106,0.0148994860410711,0.174078713646474,-0.157314598916716,0.357910364587362,0.810642714510506,-0.278248861471645,0.0058167154650441,0.00323749376661453,1.0,0.0
28692.0,-29.2003285905744,16.1557014298057,-30.0137124857248,6.47673117996833,-21.2258096535165,-4.90299739658728,-19.791248405247,19.1683273897301,-3.61724178604255,-7.87012194292549,4.06625507293473,-5.66149242261771,1.29295014454242,-5.07984568135779,-0.126522740416921,-5.24447151974264,-11.2749725851252,-4.67843652929376,0.650807370688892,1.71586182428358,1.8093709332884,-2.17581520342142,-1.3651041075509,0.174286359566544,2.10386807204715,-0.209943999130567,1.27868097084218,0.372392714338541,99.99,1.0
35483.0,0.803930889367238,-2.22985367709947,-0.335686936973911,-0.880750262503234,-1.82500479751018,-0.939761968216588,-0.273585853223963,-0.333919650078329,-1.65465248087085,1.25335401389748,-0.945730809353322,-1.4749000525848,-0.954605586190258,-0.0049516531886933,-0.191640818158211,-0.867010687467549,0.9625717310506,-0.0790333872036897,-0.0567591982533296,0.326897660514884,0.00228133070355932,-0.393009728800416,-0.400596872464468,0.384347227481812,0.495450098653372,-0.0995015984656603,-0.0635435046732898,0.0718308951956898,389.8,0.0
58341.0,-2.53335674230032,1.91554485135015,1.44772075758717,1.31801107076007,-1.18585008531019,0.968488107519041,-0.659927122501581,1.10778923901979,1.22307642508333,1.07384384182146,0.502507958885219,1.15721847574611,-1.09639068973262,-0.462681424191447,-1.92527904200753,-1.46962932803162,1.17462431765619,-0.58258725036625,1.43363009210587,0.288929793350011,-0.367448473697958,-0.423226632491242,0.00471454155568046,0.199584048417837,-0.0432286333170046,-0.516010073476112,-0.672528187075649,-0.487666171650549,5.9,0.0
18117.0,-1.09960947235829,0.975400410910401,2.01918056405871,0.198606280362207,-0.679481731338412,0.366463846681908,-0.396854807118267,0.35298974384551,1.78330091950631,-0.435970512744687,1.25910607169636,-2.26794359532823,0.635360279522179,1.26049757592254,-1.30001047172764,0.356937466754641,0.300133648538112,0.913651878690732,0.354739977675488,-0.239691527932798,-0.0874965960965911,-0.081227056461752,-0.115112259709363,-0.0633950877444865,-0.301995579996829,0.166251381501556,-0.801185063946634,-0.24391737879266,9.99,0.0
33895.0,0.996127731480723,-0.513789688313234,1.0825824977782,0.667484196586503,-0.466258601863897,1.6783373095245,-1.10217787748616,0.789126576505225,1.22683817561048,-0.369939980487853,-0.13010775547872,-0.285462313938521,-2.09767478376708,0.124528081146821,1.51544686017466,-1.00571425864784,1.14655844567179,-1.92593195399834,-1.57558523040814,-0.373004727467569,0.00303561832355706,0.257289503459995,0.184015870155562,-0.988748843285634,-0.129451286705396,0.452968467975238,0.0751466113158486,0.00771758154720661,7.5,0.0
112673.0,0.382656461142872,-3.20532307298965,-1.62515558863641,0.653152807543425,-1.12855010924784,0.548625764769743,0.326314174829946,-0.0164456770169272,0.83680954815754,-0.15125008068267,0.30731582729536,0.406198424323086,-0.279964083517482,0.387144308716897,0.434016303611106,1.05232256262368,-1.04817334108448,1.01397747354865,-0.141261768029164,1.55502514912901,0.693113086843479,0.116634845429219,-0.587251867476058,0.271775035504561,-0.62311937828597,0.543169068582378,-0.208927975709679,0.0888689919377878,852.4,0.0
631.0,-1.05893094169224,0.114078302542468,1.48533698377662,0.534704045929216,0.75427455152201,-0.496412435505556,0.580911663228727,0.143710654860835,-0.079361501789558,-0.741373461511385,-0.968240369462218,-0.250369967167046,-1.21169999742708,0.161282582916981,-0.606521163489,-0.551640144120261,0.0880743078374781,-0.716170076682077,-0.862826912424911,-0.014561023576841,0.0677368691829181,0.0565913356192037,0.0322871024120411,0.0351782161637324,0.0981919988210513,-0.489206918420679,0.0901006673455336,0.137385826383076,57.64,0.0
50961.0,-1.59264205071638,-0.334721631098726,2.02541179574682,0.607062598881334,-1.1695131193971,1.33168247880747,-0.624882667229194,1.04196601489454,-1.53598981798182,0.354438030264223,1.00340558617699,0.47346747222114,-0.0286098939005858,0.235237749824509,0.66852140158779,-1.9300503332421,0.758878181457483,1.419989122538,-0.485675760358954,0.12724126700045,-0.0938483777161681,-0.113217816707295,0.313845773133458,-0.360076418335309,0.0171247563022192,-0.161927528167586,0.255555726889947,0.0242230471919403,172.0,0.0
119427.0,-0.418960023374306,0.466822740223018,0.192932576687541,-0.925587161248,1.525860238494,-0.113249019253753,0.862998685396086,0.0103167172462875,-0.584499777677327,-0.576833041371096,0.137362739305965,0.842910435232042,0.553315762495259,0.198139222082032,-1.36435649020508,0.0887786450640829,-0.829197042537113,-0.0536058334548834,0.600897803853167,0.0521727019961622,-0.102551958264378,-0.359769695783216,-0.0423650500394662,0.120285761526747,-0.385768019539942,0.181678865583668,0.076992224097889,0.16401317172378,15.15,0.0
93879.0,-13.0865194204794,7.35214833905529,-18.256576111808,10.6485054461688,-11.7314764509112,-3.65916740569145,-14.8736579646075,8.81047267511276,-5.4182040716445,-13.2025771482197,6.35722736343626,-15.5316111795156,0.659694875353275,-11.4123295951252,-2.44757607431839,-9.83374302098841,-18.1746174349071,-7.269904593126,0.623796611777714,-1.37629840858733,2.7611570593153,-0.266161809571132,-0.412860724865388,0.519952215674181,-0.743908960008006,-0.167808225140728,-2.498300252188,-0.711066151912636,30.31,1.0
100875.0,1.98983845002008,-0.572963976788115,-0.182008733238802,0.205793552772153,-0.492045752492529,0.544370871958023,-1.1660854985722,0.229665303973356,2.60758508170588,-0.204482568568569,0.705621289832659,-2.24812346516604,1.11469828792554,1.41112762754594,-0.454023460191082,1.12670384391226,-0.444195924476266,1.16029110714894,0.116986002588196,-0.222223448028038,-0.136772688850342,-0.0646061116299751,0.196405949194409,-1.21365563040883,-0.551504903007281,0.498188177173472,-0.0473565943458259,-0.0666948444585707,14.95,0.0
64585.0,1.08043336974687,0.962830680816555,-0.27806547765439,2.74331806279958,0.412364075681078,-0.320778352962878,0.0412895489552235,0.176170299597767,-0.966951551053629,-0.194120466505581,2.14005681553663,-0.276308752749667,-1.19130573752489,-1.88027540328199,0.398271956336376,1.36743302249318,1.52266169956075,1.02631748255981,-1.57707047840184,-0.172658644566365,-0.00899617409257402,-0.0570361435998535,-0.0536915092211487,-0.0263732767799466,0.40029973123052,0.0728277709127376,0.0270429343018625,0.0632375727147923,0.0,1.0
8808.0,-4.61721720415581,1.69569365346656,-3.11437220079491,4.32819855298178,-1.87325699086527,-0.989908135538263,-4.57726462658038,0.4722161584519,0.472016953377646,-5.57602263642415,4.80232276125089,-10.833164469314,0.104303875698575,-9.40542306160986,-0.80747786866047,-7.55234220350747,-9.8025617903912,-4.12062883466552,1.74050729036196,-0.0390459343384186,0.481829697240067,0.146023056445948,0.117038527549065,-0.21756459883966,-0.138776043706563,-0.424452881068275,-1.00204142597227,0.890780287970655,1.1,1.0
75493.0,1.33587169963274,0.23956155397872,-0.402303615832896,0.173684768048596,0.505103865268027,0.234356509155718,-0.0721180709070426,0.0694873601825306,-0.0677307626047051,-0.103109621957722,0.0404191943096209,0.209365632208824,0.173532007638926,-0.140912582791948,0.549489494314356,1.19167337844636,-0.868974815537629,0.793208596150804,0.744584568102302,-0.0319943546213054,-0.352963434976936,-1.05766012236813,-0.0930841621797147,-1.44673621283164,0.40770608664583,0.185103132849905,-0.0308303577384579,0.00244854543229807,1.29,0.0
84789.0,-1.43086372778891,-0.802528699267131,1.12332029999445,0.389760264731692,-0.281213534404278,-0.055123492429819,1.32623248909333,0.195699815379613,-0.546889550453909,-0.71347376073502,1.27462907751277,0.0236821347785728,-1.52169610821701,0.727242085814848,0.166504662441577,0.348037591565135,-0.5663900830288,0.216016101767291,-1.14037564250718,0.634184289933654,0.325575470468413,0.0140018451191784,0.844946015847872,0.114962884542335,0.156364810543393,-0.619437446641754,-0.120351072821334,0.0355941733717493,354.33,1.0
35926.0,-3.89658259167336,4.51835470349753,-4.45402724041253,5.54745334718879,-4.12145857265685,-1.16340665785105,-6.80505305303552,2.92835625399971,-4.91712959933528,-6.60046062150676,3.36784560815482,-7.88897751950988,1.68260346667335,-7.62865191597326,0.779245995683184,-7.53340432942796,-14.0646239413114,-4.96010863308331,2.52578492424474,0.757286726552078,1.69104203001122,0.920020577187708,-0.151103893232396,0.0110068782298363,0.0803032669086078,0.412191351423526,0.635788870982512,0.501049550484962,4.56,1.0
54846.0,-2.98646550822273,-8.91229481688474E-4,0.605886830263541,0.338337780759695,0.685448451171472,-1.58195443740193,0.504206377175919,-0.233402618007887,0.636767742518801,1.01029102209398,0.00451796796642434,0.0443966388940644,0.420853062352676,-0.931614224984722,1.14797368277192,0.48306309357216,-0.152470829644753,-0.285666258848129,0.0725498490088206,-0.764274258309323,-0.875146363670133,-0.509848660993286,1.31391790371009,0.355064731381086,0.448551563224067,0.193489780350156,1.21458768687535,-0.0139228973515758,1.79,1.0
71659.0,-0.927644257922429,1.23969947041849,1.0740133480385,2.95705616513639,-0.20384721745577,0.614464866251973,-0.107476274740708,0.440301278768146,-0.598384783846969,1.51222112512736,0.95952265268655,0.316053461339058,-0.993763251708265,0.293189784209818,-0.433960419360908,-0.593857392458193,0.494808649989678,-0.240165715809596,0.940433881909615,-0.073280938448482,-0.00202026278175614,0.160246663951381,0.203548978293184,0.191841506237562,-1.57943103018006,-0.207712938479293,-0.252949949784547,0.00298015504680686,15.13,0.0
64308.0,-0.448035662627976,1.18157614617772,1.23141434987539,0.929416906551312,0.480543515111081,-0.344725675217271,0.919970023756659,0.0138440328197351,-1.18214197064775,0.0244176075706119,0.687047038136586,-0.570151249027208,-1.77286843224995,1.04848194000189,0.56133039424091,-0.299341544299814,-0.179503915012153,0.733602191433984,1.31157261520072,-0.0258056448873431,0.0707295712467091,0.124792336066357,-0.466608041518299,-0.0136991047478568,0.582881465736467,-0.0916581232735909,0.0436646896936734,0.051065539419511,1.0,0.0
56114.0,1.08752896531512,-0.620426225958751,0.846225246928643,0.200569318778675,-1.02972201333228,-0.0760605250246213,-0.543697277903709,0.0554536741493511,1.21002062525773,-0.493372469731883,-1.21500079220272,0.486567642130096,0.209246826288156,-0.592951295703115,-0.271527538683648,0.0289977608243212,-0.0410481448903145,-0.477024467277727,0.625922798078098,0.113971918954324,-0.215165557831053,-0.53581920026716,-0.0558013411368059,-0.0326967656957728,0.176789373506671,0.964444809487594,-0.0489582760210964,0.0238463907982738,90.77,0.0
94364.0,-15.1920640113629,10.4325276778611,-19.6295152518171,8.04607504591293,-12.8381666152727,-1.87585874614533,-21.3597382791388,-3.71784952676935,-5.96978174909567,-17.1415136412892,5.90239975502551,-13.5801472568557,-0.45140689941267,-8.33476258691073,-2.02514468652193,-10.1963336944105,-17.2709851692259,-7.07909577930568,1.51769533116994,1.65747618417276,-3.47409650326971,1.76544551266317,1.70125678162665,0.381586805077026,-1.41341748729956,-1.0230778939005,-2.63476129227348,-0.463930546269812,1.0,1.0
70828.0,0.196706751987779,1.18975728641634,0.704882217511495,2.89138777331251,0.0455553693851548,1.24573045976205,-1.19871420021049,-2.42161641083942,-1.23208864617238,0.324238886093679,-1.27393508028395,-0.868686295319925,-1.18194465496857,1.0275841718551,1.68813234484864,0.256215978185418,0.120608339589106,-0.0523460171330233,0.329826631850516,0.646616407050903,-1.32813178943378,0.189310618105111,-0.00552418359572104,-0.814707739467747,0.400924279960331,0.286281378755055,0.135214945600326,0.257314769060283,0.76,1.0
26583.0,-0.504585993261331,0.661492831628452,0.117302766868956,-1.77694321303477,0.0757791216192685,-0.955874491490079,0.47161818254171,0.0934050418734811,-1.89988981774438,-0.12243401237611,-1.53091201273281,-0.167792774494013,1.06788776871983,0.333624812481125,-0.127368759935981,-1.12943623443485,-0.335409102584,0.989401481118005,-0.855648285213567,-0.553201787181752,-0.288747355448649,-0.498492719821408,-0.147773629222924,-0.39856582129335,-0.207670779797902,0.903469961473484,-0.0835842893081179,0.0549652578063992,8.0,0.0
93824.0,-3.63280894927825,5.43726336227612,-9.13652148062595,10.3072263079132,-5.42183029451154,-2.86481514933136,-10.6340876212042,3.01812657999175,-4.89164032107494,-11.2350479111446,8.78878366710272,-18.5536970096458,-0.339533407676443,-15.6231873302985,-0.188978574214972,-12.4279613630565,-20.1590474539227,-6.88889109280947,2.58609321670737,1.35406479520345,2.30988016889674,0.978660126299279,-0.0961301444473713,0.432376722544823,-0.435627929953396,0.65089278643537,1.69360750804844,0.857685371687245,8.54,1.0
8090.0,-1.78322883722709,3.40279371307631,-3.82274226552205,2.62536815276644,-1.97641541136284,-2.73168901231308,-3.43055914949085,1.41320351399318,-0.776941494554916,-6.19988176274188,4.36671348631445,-8.24326243368313,0.345761165232579,-6.59055029705192,0.265576095932165,-3.02845238846152,-4.21448627485607,-1.21360784773725,-0.265421595374812,0.364089115014408,0.454031931736316,-0.577525824201459,0.0459665375362652,0.461700017592254,0.044146161217817,0.305704433918549,0.530980986346765,0.243745598122111,1.0,1.0
21046.0,-16.9174682656955,9.66990017304097,-23.7364434105216,11.8249902296814,-9.83054822917941,-2.51482887310345,-17.2906566748216,1.8204078670595,-6.26490348784789,-12.9166361091709,9.56711029521397,-13.7170673789468,0.899540705915631,-13.2729650621928,-0.402260044266312,-7.75409405936683,-11.6446032058862,-4.74130270962407,0.58462597267458,0.996745095162688,-2.33611095619483,0.972754726208974,1.24186581168063,-1.05108624820763,0.0380090796054737,0.672317065099677,2.10847085205046,-1.42124325273233,1.0,1.0
57163.0,-10.3630494651588,4.54367201286394,-9.79589773551539,5.50800333404763,-6.03715599427489,-0.133492972364907,-11.7243461176622,-3.19834557193323,-4.76784222430147,-9.33212806886128,5.2241240042156,-7.74312234505579,-1.56034320038539,-7.14041803349475,1.18597782557697,-6.59870406570123,-12.1205390025684,-3.90409153348034,2.51343040062446,0.924396179705582,-2.45714487251707,1.68725664165106,0.977178353536712,-0.543368976583511,-0.289124786926125,-0.107586425389056,0.330641897772597,0.163577149556086,1.0,1.0
21419.0,-17.4677100117887,10.1148157246654,-24.2021422329158,11.8054692105913,-10.1980458075926,-2.5799380080012,-17.6567879964837,2.25690247596699,-6.24214930949065,-12.8306571996417,9.44266526535108,-13.5474858999444,0.960728558325579,-13.0287170264518,-0.426674498701321,-7.65266166506753,-11.4853277896478,-4.72136957553102,0.550519004149565,1.00151850195952,-2.32802441621057,0.940830319350178,1.29681706144136,-1.05510390359967,0.11179202805362,0.679694612203418,2.09354057112569,-1.42549145377361,1.0,1.0
69757.0,1.06314333211866,-0.192578050359721,-0.169141020910914,1.07301767648355,0.301677698462915,0.811022169588975,-0.044999462302269,0.256238971545638,0.284560637619963,0.0473607312444016,-0.0864690533750484,0.197017135484964,-1.19915625522404,0.447690325730739,-0.568100628667923,-0.120108539763032,-0.341087375979104,0.060532068975038,0.34707835306671,-0.0705485553022834,-0.0967882539624012,-0.295704188246538,-0.268326357849796,-1.15765048679398,0.721761764167584,-0.26153462063818,0.0129738474457767,0.00406468692800676,80.92,0.0
34256.0,0.539275913891047,1.5548897630737,-2.06618033324968,3.24161746276725,0.184735711234243,0.0283295594064726,-1.51552137985061,0.537035374444064,-1.99984603560986,-2.13317644293659,2.75617194535395,-2.24286436771513,0.615204246860345,-4.65280380668112,0.222163815521883,-0.775666019840941,-3.21861825150599,-0.370992501046414,-0.686196723569762,0.302734578907132,0.371773459120687,0.111954592156869,-0.305225078771695,-1.05383526243402,0.77117490696746,0.240878213732036,0.418434531995645,0.232169715166482,19.02,1.0
93860.0,-10.6323749061596,7.25193622855414,-17.6810718207918,8.20414440620562,-10.1665907519072,-4.51034377036334,-12.9816061559658,6.78358879797499,-4.65932958355558,-14.9246547735487,8.38914233451929,-16.4655039422141,0.33851695978655,-14.224403603167,0.556584472572111,-11.683998043525,-15.8416159780561,-5.75319975278369,3.81304079276336,-0.810146481561289,2.71535704420309,0.695602689761576,-1.13812206664164,0.459442241911828,0.386337323495895,0.522438449202614,-1.41660373652915,-0.488307035713995,188.52,1.0
69991.0,-1.12529371588266,-3.74211364079776,0.14191890111447,1.84962309375798,-1.81822449847469,1.33660812595721,0.470500749444668,0.242254697786287,0.346502836820968,-0.493196706042747,1.6423555748826,0.958861422744729,0.0473840524472075,0.393386931813999,1.55408682824059,0.52689476154537,-0.406213713823268,0.450015993278106,-1.57947364034531,2.09897368710764,1.03449948564878,0.529418097363242,-1.00374297867111,-0.228354069851074,-0.227538438064113,-0.330611390518803,-0.106434269921658,0.220483431127203,1125.0,0.0
406.0,-2.3122265423263,1.95199201064158,-1.60985073229769,3.9979055875468,-0.522187864667764,-1.42654531920595,-2.53738730624579,1.39165724829804,-2.77008927719433,-2.77227214465915,3.20203320709635,-2.89990738849473,-0.595221881324605,-4.28925378244217,0.389724120274487,-1.14074717980657,-2.83005567450437,-0.0168224681808257,0.416955705037907,0.126910559061474,0.517232370861764,-0.0350493686052974,-0.465211076182388,0.320198198514526,0.0445191674731724,0.177839798284401,0.261145002567677,-0.143275874698919,0.0,1.0
42653.0,1.24930925102342,-0.252298044144093,-0.683028411321914,-0.522665976701578,1.67565659215741,3.53816434897859,-0.897904549529712,0.928634035442287,0.243178731496429,-0.0312154904079951,-0.0861536848987732,0.0600430285903465,0.152408640753291,0.196289482511301,1.49865977253581,0.902218861358189,-1.04356601761227,0.315228592295646,0.042931836150128,0.0706193598577188,-0.129943331161252,-0.556430922277504,0.0427695835884944,1.01167115494598,0.314876850183354,0.227105727700556,-0.00693174170982254,0.0225274922695774,21.85,0.0
8175.0,0.646357968836495,-0.65222511430461,1.08111091565482,1.62242255347043,-0.846276671024631,0.344213900271068,-0.322369163587491,-0.00912359579078807,1.86155077297348,-0.700591651489307,0.666042903349729,-1.458260078183,2.88249629513574,1.03759367449024,0.0438942991367247,-0.0995439103004238,0.547416921100104,-0.0531628409046679,-1.08077431666373,0.375954522125301,0.166742501815701,0.427854029006604,-0.284258845382121,0.086948973304919,0.362697528386969,-0.298061436922746,0.018926336148109,0.0721997900342553,256.71,0.0
87155.0,0.0397040325925051,0.194241838465354,-1.97677812889819,-2.26549561304688,0.958869619444148,-0.751107376658594,0.407174388325507,-3.17162567716769,0.070647808322643,-1.76338767192638,-1.9014550349784,0.410021427057165,-0.0658304638090557,0.903372585727898,-1.10104357972227,0.0209114727637138,-0.765069793597638,-0.633006911547002,-0.884920173000871,0.652626551997142,-1.07499270018933,0.71867627352153,-0.407870291366365,-0.959278015360744,0.661062661496001,0.661365716310892,0.0199455651952356,0.316123986377161,160.0,0.0
40344.0,1.31856125788587,-0.0935984592073885,-0.28435144537786,-0.397357842688694,-0.00625830826290878,-0.385988169269297,0.0576779211326097,-0.110169601644049,0.0683307719460362,-0.0753649487309338,0.530542861677152,0.801212998182186,0.171170213665956,0.248703186021705,-0.525891514260746,0.156259613392107,-0.459256215019069,-0.102489107072938,1.01633525697124,-0.0131896740186559,-0.0994079496998103,-0.181249355613465,-0.191293697612437,-0.378476143733004,0.548154474163919,1.5036533575408,-0.127891695516693,-0.0300310640443522,10.94,0.0
50192.0,-0.50268728492565,0.336940762419617,2.21625243052449,1.50237579028282,-0.0201366066574866,1.26230951220727,-0.253032727787289,0.575737222192837,0.405500716924622,-0.390301304313502,0.0924628980905914,0.886282614916629,-0.882600790730713,-0.460975902636073,-2.00867684410167,-1.32047497909579,0.806990474023408,-0.370743017866595,1.72081292397673,-0.0136866672409744,-0.268019987747254,-0.375557717496925,-0.0378061793487848,-0.315042390361741,-0.390600908959802,-0.432709250649531,0.226127843429287,0.143051826900486,4.94,0.0
68967.0,-0.377578172666371,1.18758310965167,1.53169694483906,0.181767493189419,-0.173221131604752,-1.28086107699935,0.751913812932541,-0.137867068436395,-0.514186910321318,-0.526525311940969,0.358709529170251,0.391090792274768,0.576935902597926,-0.507372656329825,0.794292320862152,0.200883342115158,0.170575995642938,-0.380752962855629,-0.294869412347026,0.128633106659198,-0.2232721211885,-0.546031455045877,0.0404319925508412,0.881974071756037,-0.213561165681711,0.0371007294816947,0.250502097336148,0.104805496832185,1.29,0.0
17838.0,-5.18787810836635,6.96770866359565,-13.510931139095,8.61789514115238,-11.2144223939458,0.6722478387604,-9.46253281088355,5.32870420774381,-4.89700552817542,-11.7868116556041,9.36907905765884,-15.0941631493865,1.25637700700759,-11.8521613037824,0.274429814172421,-10.6882417917386,-18.3888105354245,-6.89884013301839,2.38280793552097,-0.623737291574186,2.08608300107406,0.760190240866359,0.716805785858217,-0.646743429628277,-1.61704292571624,0.172346889503238,0.626646780979254,-0.169726031129409,766.36,1.0
39729.0,-0.964567282813312,-1.64354066791439,-0.187726849232163,1.15825311047012,-2.45833564593802,0.852221660377025,2.78516254594393,-0.30360853861401,0.94000553101046,-1.96530880945923,0.159743522312315,-0.490697387341298,-1.1819769933833,-1.95887596969497,1.15274328622613,-1.34126935794233,2.49832484974359,0.777831088916474,1.4060448737262,1.78444933498197,0.447180121733859,0.536203895046365,1.63406050110051,0.203838849073356,0.218748854725954,-0.221885828382479,-0.308554718022245,-0.164500017914328,776.83,1.0
79540.0,-0.114360703589856,1.03612940153875,1.98440526119199,3.12824327369048,-0.740343559582751,1.54861869623,-1.70128395465886,-2.20384174839674,-1.24226477538834,0.269561809170344,1.29341829662131,0.933215784460268,-0.135325960632637,0.521483689902165,0.386884188055331,0.0598689535627266,0.306339379229928,0.265051988857439,0.223718288348024,0.732852498432027,-1.03293465200213,1.19642831010463,-0.112856718234204,0.254718993156121,0.69666788609654,0.482370416673402,0.129969314476127,0.223924333790406,0.2,1.0
93879.0,-13.0865194204794,7.35214833905529,-18.256576111808,10.6485054461688,-11.7314764509112,-3.65916740569145,-14.8736579646075,8.81047267511276,-5.4182040716445,-13.2025771482197,6.35722736343626,-15.5316111795156,0.659694875353275,-11.4123295951252,-2.44757607431839,-9.83374302098841,-18.1746174349071,-7.269904593126,0.623796611777714,-1.37629840858733,2.7611570593153,-0.266161809571132,-0.412860724865388,0.519952215674181,-0.743908960008006,-0.167808225140728,-2.498300252188,-0.711066151912636,30.31,1.0
52130.0,1.15940546898225,0.248219671115448,0.47819795101834,0.781259414009399,-0.508540595216329,-0.919314480634578,-0.0117484953541862,-0.0654334407145406,0.087231625899126,-0.312797322648245,0.522600509695834,0.159229745094342,-0.518495148127911,-0.0994617141171861,1.37749809342994,0.0618661949342994,0.502706019943974,-0.842157169767502,-0.755423693472762,-0.153581973100143,-0.227346394599124,-0.673829466309577,0.224931234838755,0.549375618086409,0.0479156833321567,0.0924032520665103,-0.0115811574445289,0.032869861174512,9.99,0.0
41397.0,-14.9703456545046,8.40142101040258,-16.8672384869515,8.25233430637468,-13.5651304873758,-2.78243755853826,-14.2637353490007,9.64341914576661,-7.70149868394332,-14.2266980575287,5.61099879659254,-11.7939788348294,1.59838653001563,-11.6069703760766,-0.0441804437896824,-9.28695473739369,-19.8997264249367,-7.518050849236,1.24351749943488,-1.61466005601289,2.71404480183882,-0.101355310559619,-0.439665974014017,0.519513861479409,0.789327982433797,0.0643574266343142,-1.62138568643941,-1.10481920857705,273.01,1.0
79540.0,-0.114360703589856,1.03612940153875,1.98440526119199,3.12824327369048,-0.740343559582751,1.54861869623,-1.70128395465886,-2.20384174839674,-1.24226477538834,0.269561809170344,1.29341829662131,0.933215784460268,-0.135325960632637,0.521483689902165,0.386884188055331,0.0598689535627266,0.306339379229928,0.265051988857439,0.223718288348024,0.732852498432027,-1.03293465200213,1.19642831010463,-0.112856718234204,0.254718993156121,0.69666788609654,0.482370416673402,0.129969314476127,0.223924333790406,0.2,1.0
83934.0,-0.433222446537596,2.42837911824053,-3.99645439738162,4.87129854095106,-1.7963078560437,-0.586867589935922,-4.65454261848565,1.28522967071729,-2.74353881589949,-5.63894131284807,4.3437434980468,-6.65573446968769,-0.293108662762872,-9.50514082568186,-1.39614905931922,-4.85032315924603,-10.0062528282393,-2.78959811229388,0.98258385892977,0.745029329890697,0.713558821786954,-0.408953595906886,-0.320889532152165,-0.804230275167984,0.962851575679124,0.199558010666927,1.09453318209808,0.541147567735467,1.0,1.0
34257.0,1.2517367723096,0.469154633514121,0.327766665300016,1.10366654289115,-0.15346339146806,-0.93887828583377,0.300811485470162,-0.305219295358691,-0.210810348743493,-0.0210105963439446,-0.174413441624118,0.869189699211187,1.27661651091214,0.133769564994174,0.778684112573665,-0.0118659523425818,-0.49898363311353,-0.309797623753699,-0.378564314563455,-0.068861395071393,0.040206829410098,0.233428561130552,-0.111271582149531,0.432823995772505,0.732080344060944,-0.332370003843384,0.0227458189005402,0.0225323274651181,0.99,0.0
120604.0,2.127571078215,-1.03837707527262,-0.554632862296722,-0.942419225499815,-1.02856555122235,-0.359125006414651,-1.07392656322505,-7.46442204123926E-4,-0.113952332491356,0.905941941989971,0.60112118995952,0.145921941735729,0.263381153550884,-0.322198502866396,-0.514307823028412,1.43442914487028,-0.23380992176838,-0.562152425959468,0.849774436533757,0.00860981005984493,0.359123277387349,1.08047996480209,0.0762849179879075,-0.295379873082231,-0.138017067588604,-0.0885783631161518,0.00540652860067956,-0.0597453733493434,19.95,0.0
46057.0,-1.3094413460044,1.78649494921925,-1.37107024042555,1.21433549160762,-0.336642221570741,-1.39011986486896,-1.7091091066305,0.667747590382643,-1.69980879955917,-3.84391103993778,2.96259879138962,-3.95604520140947,-1.53923191944683,-4.63463139323434,-0.248403490673103,-2.05855138409951,-5.63549400383391,-0.775271204300359,-0.23930965408033,0.253464129147281,0.533521286327158,-0.0221799534199139,-0.299555851230085,-0.226416167090146,0.364360460778096,-0.47510178544057,0.571426303828437,0.293425836896259,1.0,1.0
29753.0,0.269614090485094,3.54975512877325,-5.81035344453706,5.80936957402456,1.53880793351049,-2.26921913566818,-0.824203333436328,0.351069915343584,-3.75905945636624,-4.59238980599474,5.47939151009669,-5.65785754091816,-2.6480760898503,-10.3848897408947,-0.225946407826958,-0.701882908954806,0.409735840500415,0.939603694029483,-1.95429995537505,0.310524633435283,0.371121111209288,-0.322289520392532,-0.549855883222537,-0.520628958812409,1.37821038664663,0.564714292689441,0.553254713878568,0.40240000915925,0.68,1.0
70229.0,0.315641749332386,1.63677796226183,-1.51964988293973,4.02857099852445,-1.18679426720391,-0.789813099852487,-2.27980740468004,0.472987926704315,-1.65763500271185,-2.89499040084744,1.60198538284757,-2.82494562476694,1.26920363552044,-5.59136368933409,-0.974827287131074,-2.73779549628906,-4.9615343155062,-2.22479740778771,-0.136117269757132,0.388884849068478,0.345920750226663,-0.1080015945344,-0.165441941824109,0.279894580016653,0.808783092569154,0.117362632970147,0.58959490284462,0.30906407378289,3.79,1.0
53937.0,-2.04260819938332,1.57357807373238,-2.37265243271278,-0.572676430720841,-2.09735276458226,-0.174142123011242,-3.03951978687359,-1.63423295064356,-0.594808638750073,-5.45960189444545,2.37853722491518,-2.33027064686235,-0.24623272486659,-4.05852343611281,-0.316983146603949,-2.52266081131673,-5.60340034818128,-0.778439963776289,0.860211793588662,0.825565985313424,-0.723326195587733,0.501221637302624,-0.696892260580304,-0.600513726439022,0.127547028812739,-0.786072220292301,0.606097322391548,0.171696507911815,261.87,1.0
41308.0,-13.6807603221285,6.99038924197379,-13.7700011356219,8.694896899191,-11.4269679730732,-2.91984498997907,-14.5945615876748,8.62290473620712,-8.09069700355941,-12.7806339362021,5.3306013514672,-11.898065148453,1.59599290197592,-9.56016927087188,0.596403762858148,-11.3809956026059,-21.5368016259059,-8.48535580519493,3.51761050964655,-0.877391609905133,2.98955250855903,0.497598716647637,-0.509290299460639,0.732503456665873,0.280527953637944,0.280037142108891,-1.40668683562971,-0.663643363595055,0.76,1.0
58009.0,-1.14780746211064,-0.499108044456205,-0.376094241831073,-0.288929784698851,1.22088271457471,4.04270486547592,-0.634572143827361,1.45314677983402,-1.51259396300353,0.483901654754938,-0.906094555680851,-0.320725279721509,0.381527910761693,0.240105965588856,0.676196985315129,-1.46536327285736,-0.0262414205159581,2.07769176153532,0.326821105248097,0.314713168187275,-0.166362374379405,-0.486913124887368,0.392892208316967,0.948589486684597,-0.157934506129943,-0.258332287524434,0.298848520140835,0.102733010534058,187.74,0.0
68207.0,-13.1926709562391,12.785970638298,-9.90665002092758,3.32033688288942,-4.80117593230105,5.76005855618556,-18.7508891580107,-37.3534426378925,-0.391539743919107,-5.05250236713858,4.40680552357904,-4.61075647740608,-1.90948796970811,-9.07271093398351,-0.226074450896345,-6.21155748212485,-6.24814535335983,-3.14924669470095,0.0515761185277783,-3.49304991519446,27.2028391573154,-8.88701714094871,5.30360690376998,-0.639434802306313,0.263203123457008,-0.108876929971315,1.26956635541013,0.939407362758877,1.0,1.0
58021.0,1.34659728603582,-0.835842174722459,-0.945011485678803,-0.946363772729268,1.34405080756702,3.73375332791483,-1.12851778572481,0.891362783988337,-0.539574239836528,0.642719539605472,-0.794766375145665,-0.0248140489705843,0.125984840696064,-0.200338514800513,-0.333233937594175,-1.50882347133492,-0.160196759948366,1.23327249705268,-0.207444490651207,-0.364341998640508,-0.511782330427352,-0.964840718928692,-0.0408749703930277,1.01629817509644,0.589141390811577,0.425932401522314,0.0100794060818109,0.0138367670295417,28.75,0.0
59160.0,-1.8028245862847,-0.0149233967233917,0.065461768503829,-0.71700889123926,2.83021532500989,3.11786398444589,-0.311851389622065,1.42643075241411,-0.912105947096158,-0.931953054806707,-0.482956438461907,-0.0386966002929241,-0.0395273121658195,0.663559758850595,0.657827474809458,0.910633042887279,-1.01251564314084,0.276032115656573,-0.413970169108226,0.296681529931644,-0.12254568841382,-1.19107040478483,-0.0179713794402632,0.932462454105992,0.477598850793528,-0.74398420780405,-0.0793191252674027,-0.13753087919181,64.43,0.0
11023.0,1.45161013240758,-0.389243509106278,0.435590744191638,-0.645435804417387,-0.685686355450879,-0.428211884819653,-0.733663914756386,-0.226165882194115,0.590536518240299,0.231228633581493,0.0412526044620253,-3.11187884303757,2.485969999606,1.05884058905182,0.146404882883798,1.45928561852117,0.582397335257229,-0.833181471234436,0.583006790254859,0.101558558675225,-0.0904580867394212,-0.0841648622172672,-0.0850233159606329,-0.484434789582446,0.46570569491982,-0.271931768578788,-0.00998888017797929,0.00867870587179483,15.95,0.0
41791.0,-7.22273130585545,6.15577293013926,-10.8264598371575,4.1807791786876,-6.12355510135628,-3.11413648152623,-6.89511228298774,5.16151637665229,-2.51647653288733,-6.40337055173194,3.18605794805635,-6.85557098142662,-0.837722614772195,-8.03661487513855,0.956969643768367,-4.55719345408278,-7.65470424350142,-2.58841864362628,0.718555009324824,0.818859416826789,0.91270032192132,-0.630358133073199,0.190886662173033,-0.0612634320139128,0.379774656663009,-0.266845465234688,1.19369457713473,0.257468457389868,99.99,1.0
41164.0,-5.93277795485543,4.57174320411303,-9.42724692838332,6.57705643811276,-6.11521812544893,-3.66179789602346,-10.8940785545016,3.70921000751656,-5.85952387304171,-12.981619145004,8.26529460055417,-14.1541653609607,0.479842781966758,-16.3375959447735,1.64604527960375,-12.3753974432385,-21.090612716108,-7.7245457358645,3.85637474254372,1.19107830456005,2.01427156558263,-0.167416617986259,0.0499675298711021,0.384429719031746,-0.0778835668224832,0.56549290579318,1.79201191700266,0.371007021212136,5.3,1.0
94141.0,-13.5120737201635,8.21517673687939,-16.5826057272747,6.20736889019759,-11.3184715177058,-2.99720698778128,-17.6404704062016,0.0403490750758574,-5.62023218946632,-15.1237521803455,5.93465734341534,-14.1750301634055,-0.169044491655796,-6.55255368427192,-1.57000723316824,-12.1725530183154,-20.1645422294456,-8.66881519685045,2.55087034384644,0.694574465326517,-0.907905601256761,1.5140282763652,-0.141879203311202,0.789185965955202,-0.0313427677694401,-0.255056581600699,-1.86583088908172,-0.442204311521227,45.48,1.0
49700.0,-1.56740120152842,-0.950655698957002,1.31418185885444,-0.0633637435616564,-1.44392521682178,0.197503809291026,1.86912590393332,-0.00264110127458131,-0.213708556438107,-1.01835852913237,0.118505224967106,0.594573817676918,1.0929443882772,-0.28444951144359,0.82613399763513,0.441500441495917,-0.499915845809164,-0.482157045275323,-1.55240955162871,1.24739328360347,0.373095789979088,0.217982694788826,1.30256503137293,0.376284980738662,-0.146215848976769,0.18219678350217,0.0923666745684458,0.152680926104131,521.15,0.0
41413.0,-15.1404496225073,7.37804241221284,-16.356367356494,9.19493491430021,-13.4661632895942,-2.95843050082103,-16.1655386244192,10.0752539455532,-7.90182112627786,-13.0094028057641,4.82823533219729,-11.0584014244364,1.99812557552295,-8.59204740189288,0.540385309176116,-10.6157452968661,-21.0178983428443,-8.39739305199317,3.18355894967976,-1.69148198782553,3.14742810473234,0.341677595071206,-1.15016247089952,0.795189734964946,-0.194542181109758,0.145963568626439,-2.45868034756574,-1.18988788135128,106.55,1.0
68207.0,-13.1926709562391,12.785970638298,-9.90665002092758,3.32033688288942,-4.80117593230105,5.76005855618556,-18.7508891580107,-37.3534426378925,-0.391539743919107,-5.05250236713858,4.40680552357904,-4.61075647740608,-1.90948796970811,-9.07271093398351,-0.226074450896345,-6.21155748212485,-6.24814535335983,-3.14924669470095,0.0515761185277783,-3.49304991519446,27.2028391573154,-8.88701714094871,5.30360690376998,-0.639434802306313,0.263203123457008,-0.108876929971315,1.26956635541013,0.939407362758877,1.0,1.0
80112.0,-1.48553853569341,0.598788464409633,1.30761196213608,-0.247431592376269,0.378837189478528,-1.17656852132382,0.145901258520572,0.487732300215092,-0.647181716169438,-1.2720529152763,-0.0406085008626452,0.0961590864672039,-0.354609009414789,0.0552270771648495,0.650513144158986,0.435111243508411,0.310235120522138,-0.663754712228553,-1.34476913294771,-0.101391763487206,-0.0648648066191198,-0.632920925449278,0.00604271951024066,0.340810058552778,-0.194913183823314,-0.0609538953868274,-0.0663411022005232,-0.0596253512923764,0.99,0.0
54870.0,-1.31057023076033,-0.0487263544780244,1.18572927429729,-1.10847986093941,-0.420470835301172,-1.14987246003401,-0.0560519803371154,0.349203815515437,-2.21106330058533,0.076571433136417,1.06479627683683,0.323970744006539,-0.0324544965844892,0.739870084221746,-0.149931264168173,-1.32304537748304,0.129539639690177,1.42049199145508,-0.224281162009857,-0.251888306205528,-0.212843730777673,-0.633617257267622,-0.100990736499074,0.555579560663938,0.194865352234242,1.00929926765234,-0.167537049664547,-0.112932448895217,40.44,0.0
57027.0,-2.33565492855671,2.22537994112476,-3.37945038583039,2.17853822878821,-3.56826371512658,0.316813583664713,-1.73494800330036,1.4491394338594,-1.98003348126993,-5.71150474047788,1.83721490161197,-4.5403416445233,0.747845860345767,-6.28431406964108,-0.128887216546494,-3.5632394063049,-7.36832064555377,-2.69295315786876,-0.450550113544917,0.274027122680488,0.78554012192761,0.29741198434836,0.308536146370564,-0.598415746387816,-0.121850330815637,-0.491018310202025,0.701606041424924,0.206966343288918,444.17,1.0
65728.0,1.22761441351286,-0.668973794096954,-0.271784826118016,-0.589439741635524,-0.604795004349645,-0.350284967097775,-0.486364540645055,-0.0108086285956747,-0.794944156080669,0.264544748886681,0.881268050432366,-0.324703760782435,-0.263263800489225,-1.11273543930467,-0.540849503339651,1.53341124817574,0.831442610720144,-0.473346676550517,1.19012126352217,0.273799209937263,-0.0260547222626376,-0.295254768133076,-0.180458520061445,-0.436538663158256,0.494649059264358,-0.28373826696629,-0.00112827864271304,0.0350745013143425,98.01,1.0
74111.0,-0.719079885770813,1.11568725871477,1.34557062892617,1.33347213776357,-0.331204277682593,0.497176268624145,-0.11293906044297,0.638390173924979,0.15397094737485,-0.432686662544637,-2.05026843387615,0.0803926535224672,-0.0185695285856749,-0.205665423266167,-0.607644255694839,-0.65948414078211,0.39929202067487,0.168669287181393,1.51529020392655,0.0765498093900607,-0.0679133450964528,0.148850417697231,-0.26471020426618,-0.428961043707363,0.158776989749575,-0.127338406168119,0.308254632475334,0.13318592959097,10.41,0.0
77627.0,-7.13906006793885,2.77308160372497,-6.75784506920828,4.44645597412376,-5.46442818500108,-1.7134014508064,-6.48536540922127,3.40939479860676,-3.05349271362056,-6.26070551479114,2.39416766551329,-6.16353737959229,0.60285052085239,-5.60634642932959,0.206621733749977,-6.52508103976033,-11.4083675448063,-4.69397773642436,2.43127449162965,-0.616949301183343,1.30325030896469,-0.0161181523663711,-0.876669888453567,0.382229800649027,-1.05462388774771,-0.614606036944453,-0.766848111948171,0.409423944116944,106.9,1.0
70973.0,-0.641833316352126,0.972325655881756,1.09609247511492,-0.541765587249851,0.937535215311321,0.719531478142847,0.480854291849891,0.241392088408402,-0.598396710891603,-0.120245450256862,0.447824154616893,0.822180762683711,1.16563581302972,0.0229548056328617,0.374350508431146,0.465767489717329,-0.935851338170967,0.00767639392161433,0.492993506266219,0.175758024768465,-0.231235182415731,-0.599675629993,-0.08986662410798,-1.34263123858159,-0.370487304771309,0.0605517881362532,0.212739777468066,0.181130604135256,2.04,0.0
8886.0,-2.53585211738111,5.79364414692454,-7.61846283574893,6.39582974649419,-0.0652101046678037,-3.13637196409103,-3.10455736262141,1.82323263760971,-3.87865758023391,-7.29780335001461,7.07166913682445,-10.001046368327,-0.207934540884304,-10.8606980453666,-1.69082504118249,-2.36085672411086,-2.76009701528795,0.29810341564323,-1.38555780172735,0.408704184487524,0.716719907055995,-0.448059938458541,-0.402406878680357,-0.288835222564699,1.01175223958707,0.425964621387216,0.413139555823146,0.308204656968305,1.0,1.0
66897.0,1.12882187712235,0.411025108455154,0.368697239134702,2.05642101249949,0.52901771503557,0.987617591035461,-0.0991134854006633,0.266917255922804,-0.911031922817568,0.765206360012845,0.445555550442177,0.509337574020391,0.437664557027239,0.352003567967179,0.204300497487776,1.07162190342896,-1.07981583580096,-0.0857743963955819,-0.554225054321149,-0.0685643117872154,-0.277471378709082,-0.92107987978166,0.0390632693338194,-1.2095455553385,0.219395060144876,-0.246885318223741,0.00713308569263212,0.0109167450989721,26.52,0.0
8408.0,-1.81328048476897,4.91785071056565,-5.92612969400656,5.70150043141163,1.20439257214362,-3.03513754815611,-1.71340206347108,0.561257390902032,-3.79635425171163,-7.45484065078351,7.38805512292025,-10.4752286504099,-0.379314526756117,-11.7367291212569,-2.08698895215593,-2.44235398293755,-3.53552351168246,0.130360306640887,-2.07145048844325,0.576656033332069,0.615641835107552,-0.4064272753179,-0.73701807643754,-0.279641772215917,1.1067663744335,0.323885477719453,0.894766671515833,0.569518600269514,1.0,1.0
7519.0,1.23423504613468,3.0197404207034,-4.30459688479665,4.73279513041887,3.62420083055386,-1.35774566315358,1.71344498787235,-0.496358487073991,-1.28285782036322,-2.44746925511151,2.10134386504854,-4.6096283906446,1.46437762476188,-6.07933719308005,-0.339237372732577,2.58185095378146,6.73938438478335,3.04249317830411,-2.72185312222835,0.00906083639534526,-0.37906830709218,-0.704181032215427,-0.656804756348389,-1.63265295692929,1.48890144838237,0.566797273468934,-0.0100162234965625,0.146792734916988,1.0,1.0
101978.0,1.94353800447377,0.688484342254636,-0.406802448793439,3.83970705149376,0.714995173037982,0.529452421337888,-0.0720238490264913,-0.133336127257744,0.350388808576489,1.01485341367439,-0.356678718704163,-2.01814258301834,3.36388316152217,1.14408748439493,-1.53804078410087,0.934984657733962,-0.322916521177733,-0.0323839028136436,-1.71511529824856,-0.190312108878235,-0.0320907776163156,0.27780254766268,0.13577080749602,0.433151511813567,0.0381884615377488,-0.0269942517011869,-0.0393515704185311,-0.0416461173101141,5.67,0.0
93965.0,-11.3977267217611,7.76395304621262,-18.572307456296,6.71185525207739,-10.1742155991554,-4.39591833120843,-15.8937882429266,2.08301258152135,-4.9888371802491,-15.3460988468775,7.09318207259894,-14.9797547574476,-0.148288045224015,-9.93567958156078,-1.16199939019334,-11.6468338293624,-18.3838524599849,-7.40273080415809,1.94169681013401,0.208879130047717,0.339007373241803,1.34292261443867,0.239217367154604,0.534644166424257,-0.174964905765612,-0.500240426616998,-1.72206026726614,-0.574339363297002,11.4,1.0
27163.0,-23.9141008948243,13.7659421584186,-25.7337337663194,6.2909179135006,-17.7848236618953,-4.57249762015164,-17.3907644695894,15.7941361803271,-3.81983218698836,-8.44226241787632,5.02011249777419,-7.0464278465108,0.692785249374773,-7.07689932873899,-0.0465348409616521,-6.20823797273981,-12.5320624040465,-4.82885763250639,0.978636193358608,1.64003733516462,1.77339928248294,-1.74842552125898,-1.09310448820022,0.147807442391992,1.66379235724108,-0.221024471156944,1.45807561131952,0.43031504868091,99.99,1.0
53727.0,-1.64927881611351,1.26397355628777,-1.05082567399718,2.23799063903423,-2.52788923751396,-0.889939993137591,-2.35525367110661,0.85465864123984,-1.28124261677782,-2.70501138232752,1.17447506014201,-4.38191956749248,-1.22666589816604,-2.95382425341893,1.99416119386347,-3.30425391022094,-5.58579436647491,-1.64370403169872,2.11863332532912,0.0874063699474628,0.679176431149171,0.731907051356776,0.333045475501739,0.392505235969248,-0.274197297543759,0.802348667525187,0.390808552793314,0.11214553148245,112.45,1.0
39241.0,-0.247972224722157,-0.163629738351413,2.40195228385601,-1.17702884638811,-0.374216837817463,0.829244840455302,-0.257326994463701,-0.0609651549242953,-1.04587976130501,0.935146095259513,1.95405666716999,-0.150656489415499,0.421920220001867,-0.75152268402934,1.09290927057454,0.517524406688185,0.396446991251241,-1.1004567874083,0.630396621173141,0.318903713639017,0.508720085252962,1.78817444502872,-0.245270977646697,-0.230696804905677,-0.50857170821317,-0.040437525436144,-0.260982429928658,-0.319205131615075,14.99,0.0
48618.0,1.32317901829718,-0.745169675991941,0.223236214405357,-0.681603984313302,-0.968966520520546,-0.463300771295373,-0.630335613995518,0.0253848201036561,-0.654441914547445,0.741796188507908,0.716985375081251,-0.568908403902944,-1.30517911955644,0.142538104545841,-0.60394921217039,1.09135631021679,0.252284797465843,-0.914765912182818,1.23011496024923,0.0521276923063293,0.0432462941821726,-0.0216447788960925,-0.0922621719579014,9.33216691105556E-4,0.495848286835408,-0.249891569878347,-0.0128426993087769,0.00227201693552811,41.95,0.0
91554.0,-5.10025566317088,3.63344238024837,-3.84391862443125,0.183208447320966,-1.18399737637674,1.6021393332506,-3.00595315203476,-8.64503780175356,1.28545810732477,-3.71748137540216,3.71921153916465,-5.03402974701745,0.918999158233287,-4.22036591807154,-1.05049995739584,-1.69104526842648,-2.37242320724166,0.450098503348706,0.407805060819919,-2.80630192287329,8.28043932580154,-2.79714954096118,1.09070659271567,-0.159259597476933,0.532156369375709,-0.497125808167425,0.943621624807946,0.553580691756943,261.22,1.0
92990.0,2.04231726539788,0.0504943671504773,-1.18738889388723,0.577393535854908,0.0390861033926689,-1.23772736972807,0.157012072977967,-0.454931359869508,1.90524226472905,-0.364698775544368,0.273430549315732,-2.28204201143519,1.52813002045068,1.96598757932125,0.0713804666108089,-0.294510481579253,0.296228138792683,0.143715407447315,-0.509925061890912,-0.279490686517324,0.106510584201581,0.69182635443506,0.00875480724506228,-0.0410207478526051,0.219228526898719,-0.144944716111339,-0.0468168232470299,-0.0636692895966886,14.9,0.0
78878.0,-0.438667864560124,1.04746716272173,1.70343513880533,0.0467791776725607,-0.225900406799572,-1.09417750507378,0.697297706880135,-0.0824980257565135,-0.406395542238319,-0.30843865548593,-0.118538084435969,0.0233412523458509,-0.0934836536500348,0.17533309156448,0.831681065547338,0.105759977570243,-0.270247340892858,-0.451176929819182,-0.108439639962794,0.0806114293491346,-0.20755882862407,-0.540343150410376,0.0170617805209566,0.690734188679494,-0.240261216303333,0.0512446180355175,0.265557603268054,0.124201631211591,1.29,0.0
80923.0,1.25815860470731,0.428703295381058,-0.233131379164997,0.916047223844536,0.235661932028401,-0.686817246812631,0.426951482520702,-0.175353452489586,-0.483764512527059,0.221357495459862,1.00748486217195,0.683591394708933,-0.243557343305043,0.782972013983702,0.0287470835393817,0.0848914886844992,-0.670386440672425,0.257935432728354,0.161709754633296,-0.148311466972475,0.030287919375951,0.101614904354061,-0.195163027771782,0.0183684973639097,0.859349607883855,-0.292776380878834,-0.013454266836783,-0.00310540435664692,1.0,0.0
57034.0,1.23792053946244,0.0440748280279439,-0.357840331556764,-0.0452352548833266,0.35759442127513,0.0488241989067439,0.122823753478209,0.0119098317072,-0.21565927012437,0.00863422925401093,0.877739354477219,0.720858676731722,0.122968179471512,0.573314839110031,0.465606485805245,0.131073551435826,-0.530730517444079,-0.207375154351892,0.272660174644919,-0.0492842717093672,-0.0327962148749353,-0.0954557171093964,-0.157203521098707,-0.781063514174028,0.529452181346334,0.664003569784686,-0.0611925327185774,-0.0170064283259033,23.0,0.0
72824.0,-1.11149523246612,-0.257575207100777,2.25020963478583,1.15267090326627,0.432904474488939,1.25412602800986,-0.58416279009186,-0.609681605347911,1.01460246273104,0.334532824069685,0.82637484441332,0.196886900487791,-1.88599349809323,-0.472025637126337,-0.578141395688259,-1.24300710102788,0.570459827436018,-0.159056766164096,0.407187527410462,-0.510613591931657,0.862912790109336,0.927825035064447,-0.343058085886885,-0.256268230425974,-0.600742165862083,-0.18033128765631,0.0267622260788268,-0.358335321215398,45.03,1.0
72034.0,1.04978388173379,-0.718442669144343,1.06200560633218,0.201121059887465,-1.35159689347783,-0.0855033259631073,-0.785405659842079,0.277546112268498,1.18859421003386,-0.262920695415238,0.623657565238456,0.390679011616773,-1.74784684314576,-0.0168642779137177,-0.815516588831147,0.161345264396081,-0.0101040638175356,0.0705341834174499,0.747170106771617,-0.0488700564139777,-0.164298326860061,-0.466494658399976,0.0334301514350348,0.361467226707824,0.028002713225673,0.924448100819683,-0.0597196234725097,0.0111432342338304,69.32,0.0
26961.0,-23.237920244511,13.4873857909274,-25.1887729688701,6.26173255148578,-17.3451881651558,-4.53498915241687,-17.1004924771637,15.3746300252798,-3.84556677176243,-8.51176669710133,5.1385473219039,-7.22001986441493,0.615793286019405,-7.3272215995796,-0.0386320690669864,-6.33151509399145,-12.6888576275064,-4.84738160696153,1.02053587929144,1.63078748322503,1.76970812949114,-1.69197330547661,-1.04567292278161,0.143386499863412,1.61157707182701,-0.221575644736264,1.48123260638065,0.438124804842523,99.99,1.0
42298.0,-0.652377560988498,0.794764976545271,1.06481954178233,-0.202718357392534,1.31617327558912,-0.284779295852094,0.821759305314985,-0.0743225246500104,-0.627709651180365,-0.70537496062776,-1.68065250631229,-0.0579910223888611,1.05458939696507,-0.0397835362228313,0.373077129256911,0.583930475155245,-1.20128174939138,0.274815773578479,-0.370707691483672,0.0397600116704385,0.00272734640409573,-0.088220591920892,-0.500125257223455,-0.994721891389921,0.997263499915745,-0.320899963536291,-0.043619032813112,-0.0329139395995903,6.0,0.0
84204.0,-1.92745281973369,1.82762056700016,-7.01949468454197,5.34830323951426,-2.73918788004738,-2.10721929638307,-5.01584797563431,1.20586815982046,-4.38271250852199,-8.33770697381781,7.19030608944843,-9.42484446049178,-0.223292646427513,-12.8754942229841,-0.071918160688794,-6.2999613976222,-12.719207160428,-3.74017615583058,0.844059610296466,2.17270905626492,1.37693832294098,-0.792016725563067,-0.771414187530036,-0.379574271539528,0.718716522008066,1.11115125599517,1.27770725705846,0.819081152045361,512.25,1.0
94364.0,-15.1920640113629,10.4325276778611,-19.6295152518171,8.04607504591293,-12.8381666152727,-1.87585874614533,-21.3597382791388,-3.71784952676935,-5.96978174909567,-17.1415136412892,5.90239975502551,-13.5801472568557,-0.45140689941267,-8.33476258691073,-2.02514468652193,-10.1963336944105,-17.2709851692259,-7.07909577930568,1.51769533116994,1.65747618417276,-3.47409650326971,1.76544551266317,1.70125678162665,0.381586805077026,-1.41341748729956,-1.0230778939005,-2.63476129227348,-0.463930546269812,1.0,1.0
22824.0,-0.602367395779907,0.186271283294103,1.10052245636392,-2.88197021153009,2.12766234057594,3.59745843427187,-0.150181275817635,0.752480686151913,2.42590862497392,-1.98208852918268,0.616651812066984,-2.33353773911098,1.44692507248954,1.05724227759347,0.151262207985598,-0.0728325043566727,-0.243093365718055,0.964907291488152,0.212054020934857,0.0607797694625168,-0.210610372872917,-0.207693802817987,-0.405713843192522,0.944458674783683,0.624882568553206,-0.826773517625183,-0.0809955155813594,-0.15884772255102,11.85,0.0
102114.0,-28.2550528932108,21.4672029942752,-26.8713387797136,11.7374361361796,-17.9996302850189,6.0659013519233,-41.5067960832574,-38.9872627434095,-13.4340663182301,-24.4031849699728,3.40932261990014,-9.60826735632918,-3.07631796817408,0.240060357919937,-2.83667693195872,-6.594756991638,-12.9575309948449,-5.61352195004329,-0.248828402209821,10.4407179813405,-21.4537362781468,8.36198519168435,4.90911112135878,0.0983279449493119,-1.50873912052995,0.00871129047841733,-5.4078236392388,-0.183811044930697,0.0,1.0
41308.0,-13.6807603221285,6.99038924197379,-13.7700011356219,8.694896899191,-11.4269679730732,-2.91984498997907,-14.5945615876748,8.62290473620712,-8.09069700355941,-12.7806339362021,5.3306013514672,-11.898065148453,1.59599290197592,-9.56016927087188,0.596403762858148,-11.3809956026059,-21.5368016259059,-8.48535580519493,3.51761050964655,-0.877391609905133,2.98955250855903,0.497598716647637,-0.509290299460639,0.732503456665873,0.280527953637944,0.280037142108891,-1.40668683562971,-0.663643363595055,0.76,1.0
21318.0,-0.0332026996775138,0.168765147956278,1.6295194369431,-0.671260019850712,-0.868145365625154,-0.560606275669324,-0.0532543875940911,-0.0680495255600861,2.05670542880997,-1.38957423734064,1.35320770172385,-2.06276913616218,1.76118034293049,1.62236943885099,2.13807424905006,-1.25450085654671,1.42294506205922,0.118549525980063,1.59805691834599,0.225822178668003,-0.0158963084522688,0.270602937549979,0.260710684763287,0.371481606850526,-0.842842429530304,0.0335459942612552,0.11723320715544,0.0960700777462347,60.25,0.0
18399.0,-14.4744374924863,6.50318451651946,-17.7126323688621,11.2703523334822,-4.15014206409808,-3.3720982088695,-16.5358068114174,-1.4439469925952,-6.81527289964437,-13.6705451263516,10.5452629545898,-15.0226996343749,0.171633085144947,-15.0663743633461,-0.259575939555838,-8.6687392723375,-12.8041408991277,-5.11662049533788,0.579200358016368,1.10124987016838,-2.47596222945688,0.342390706034285,-3.56450803816097,-0.81814019000188,0.153407682695978,0.755079460824454,2.70656616161759,-0.992916047059418,1.0,1.0
18675.0,-12.3396031574122,4.48826730168204,-16.5870729373632,10.1072738734101,-10.4201989827431,0.130669811857349,-15.6003233044816,-1.15769598093331,-5.3046309683427,-12.9389293107706,8.80568196718575,-13.5561301301468,1.16546376028499,-9.80988150207055,0.369987279150665,-9.50521044515487,-17.5420303090874,-6.79263778723153,2.06937744931751,-0.0855014634055812,-2.0896096332232,1.74531450014405,1.37681580939778,-0.554271418366818,-1.61074085196174,0.153725444536768,1.2124772080589,-1.86929047595671,188.78,1.0
94362.0,-26.4577446501446,16.497471901867,-30.1773174564996,8.90415677106517,-17.8925996927224,-1.22790388102871,-31.1973285494605,-11.43892041491,-9.46257260540015,-22.1870885620007,4.41999660154863,-10.5923050053728,-0.703795803703315,-3.92620731586873,-2.40024649210124,-6.80988994039049,-12.4623149481086,-5.50105078380738,-0.567939572890149,2.81224110932946,-8.75569832116533,3.46089334478551,0.896537503959012,0.254835536763482,-0.738096558530353,-0.966564233789852,-7.26348214633855,-1.32488430656137,1.0,1.0
62330.0,1.14086473658976,1.22131743135767,-1.45295546048243,2.06757505760281,0.854742052227546,-0.981222507744598,0.325713913670098,-0.0377214068783676,0.113219371615132,-2.12697274994354,0.915947028928619,-0.468571538051367,-0.523377293666349,-4.86186658087283,0.421013353871263,0.866440624739209,4.08248488419359,1.1963181517001,-1.10076358353881,-0.0677120411898438,-0.377597095255037,-0.79345965987036,-0.132333171548173,-0.33158626897425,0.664877856718148,-0.309312434134138,0.099941947375597,0.122988311929089,1.0,1.0
51950.0,-0.94784434822545,0.761877631781791,-0.419757644327416,-0.903566184349665,2.01496777616032,3.68898815293689,-0.35277841847695,1.39748801147921,-0.0645368076013951,-0.503893635002039,-0.896897861791862,0.099416069876891,-0.20456477543436,0.126821704183173,-0.48441819951706,-0.0528108151499022,-0.244462797220916,0.107128155291581,0.706640022900351,0.0411953673001927,-0.0256584234130398,-0.0259461379151601,-0.0592985605689198,1.05293641160576,0.058546222433097,0.372479644637605,0.121678437562313,0.113279191279378,19.99,0.0
8808.0,-4.61721720415581,1.69569365346656,-3.11437220079491,4.32819855298178,-1.87325699086527,-0.989908135538263,-4.57726462658038,0.4722161584519,0.472016953377646,-5.57602263642415,4.80232276125089,-10.833164469314,0.104303875698575,-9.40542306160986,-0.80747786866047,-7.55234220350747,-9.8025617903912,-4.12062883466552,1.74050729036196,-0.0390459343384186,0.481829697240067,0.146023056445948,0.117038527549065,-0.21756459883966,-0.138776043706563,-0.424452881068275,-1.00204142597227,0.890780287970655,1.1,1.0
62252.0,-0.934304733680378,1.39416721628016,1.70750978985119,-0.182921842247208,-0.0599741518117884,-1.08141781800753,1.07803143392254,-0.498115168319202,0.440596193344235,1.03678750906863,0.153514449013248,-0.0595268301149076,-0.015511280665475,-0.479145976077778,0.924127842705941,-0.127878980321169,-0.51196306128639,-0.571158248366313,-0.191444027782032,0.609200000560923,-0.401842167298819,-0.543589377742661,-0.0338006227751582,0.683570706908686,-0.134996890295074,0.00781383520176424,0.257390910729257,-0.133496378092505,4.99,0.0
83934.0,-0.433222446537596,2.42837911824053,-3.99645439738162,4.87129854095106,-1.7963078560437,-0.586867589935922,-4.65454261848565,1.28522967071729,-2.74353881589949,-5.63894131284807,4.3437434980468,-6.65573446968769,-0.293108662762872,-9.50514082568186,-1.39614905931922,-4.85032315924603,-10.0062528282393,-2.78959811229388,0.98258385892977,0.745029329890697,0.713558821786954,-0.408953595906886,-0.320889532152165,-0.804230275167984,0.962851575679124,0.199558010666927,1.09453318209808,0.541147567735467,1.0,1.0
84486.0,1.04876878487725,0.0261652025170568,0.466229498659723,1.35447305909313,-0.267037310690191,0.0263612392363681,-0.0277819596205707,0.142477238088776,0.0972194530057268,0.0459808683195693,1.2501971928851,0.993256033500487,-0.797392832104627,0.391120569368456,-0.744955206280999,-0.556078791042646,0.119066508158793,-0.475220240600911,-0.160641699133857,-0.159515385783895,-0.0247898718327267,0.0323518573944052,-0.0693225150133307,0.23138411079034,0.576258063236756,-0.34423808370131,0.0270094725405745,0.0120011542688968,38.62,0.0
12597.0,-2.58961719821269,7.01671438495857,-13.7054072869097,10.3432280604117,-2.95446103475574,-3.05511578527804,-9.3012886151434,3.34957336071614,-5.65421202641103,-11.853866972601,11.6692047358121,-17.2286622386187,0.0555715664836118,-18.4937733551053,-0.304172113519045,-10.6294973901353,-14.4412111342765,-5.10548646597228,1.2702262705049,1.48885519236896,1.88773772551451,0.333998184533223,0.28765904061745,-1.18640640906644,-0.690272670076388,0.631703772210546,1.93422076005943,0.789687172212655,1.0,1.0
63374.0,-0.397038434844615,0.612481988764927,1.48359668866291,-0.565353771238591,-0.449921106588076,-1.15423021837973,0.956276602327144,-0.219796327996828,-0.453112094516758,-0.713599741607102,-0.0532525856404555,0.070892465224525,0.0538488115240007,0.174365843244018,0.801692573848806,0.0193131551102734,-0.13494250251341,-0.584183904325177,0.190300117466785,0.131569182618403,-0.0886819771516731,-0.411741716666316,0.141760791918641,0.743237662463974,-0.309694122342003,0.782943118076873,-0.0571819702472716,0.0532169080702813,70.13,0.0
75033.0,-0.430330205681344,0.985632693552081,0.645789437298841,0.317131047127407,0.616332206255463,-1.34746245720975,1.0782335690849,-0.161518267508932,-0.492855874580938,-1.03963769713185,-0.39560772252726,-0.664683930228673,-0.985700496668287,-0.660967626671015,0.344105202877093,0.530852433867815,0.278141865207384,0.355529916892446,-1.08122326117298,-0.115281935429531,-0.0163780179250957,-0.207609058231514,-0.164119225784612,0.255280162145255,0.454797817761532,-0.505032215885219,-0.0394559687978208,-0.00635758223393408,30.14,1.0
40900.0,1.35827027086658,-0.869599205255536,0.424366240808704,-1.61872738532164,-1.37786870713694,-0.806478077483046,-0.785006651399083,-0.0744667371428786,0.565059520364352,-0.160508899786671,-1.01120601728769,-0.35313448912669,-0.551160088071159,0.182963143743859,1.89979726336121,-1.53928948039265,-0.216470719276758,1.80931301830815,-0.155184228661537,-0.504149849404945,-0.435239411131017,-0.775220671126596,0.0201431656457815,-0.194404276331297,0.347993158348609,-0.749658952367008,0.0887950480493028,0.0373331557900984,32.46,0.0
31207.0,-4.80107569545138,0.889674580236427,0.447033052039416,1.25486153633657,-1.51703732400829,1.31890665069735,-2.20817600286997,-2.42428362703594,-0.1877457258674,-0.334404931371274,0.84562237443214,1.81795293902693,0.700287105397782,0.755746159441741,0.361624434136969,0.343603805243016,0.638816352701071,0.574198200384137,0.390366228327142,-1.78002566638361,3.88249423967629,-0.397364941486521,0.50473436223413,0.0550864614946024,0.54018985653867,-0.0420183797134367,0.594318990749221,-0.893159043388225,16.69,0.0
75796.0,-0.792672077679187,1.08634574864878,1.50383424600458,-1.24500011285158,-0.165030202545423,-1.36153881347377,0.854835628117177,-0.258953274027,-0.147160693586191,-0.498411149593379,-0.04819721573417,0.451079135581818,0.661460263492533,-0.143445366417494,0.286555270581009,0.292267405025125,-0.556014829568486,-0.640567059554334,-0.774739543916259,0.0332135315199863,0.0148692635063087,0.0274309058860594,-0.0722360386200654,0.774130309018267,-0.32903415798016,0.713978968607333,-0.0172114760113084,0.177188332080713,0.77,0.0
9856.0,0.246606776746691,-1.88439333544941,0.868074156746878,0.859214147509263,-1.93339121013902,-0.468842963760889,-0.223817879687723,-0.104066604310005,2.51958607716932,-0.945289085518667,0.350514623631186,-2.70417887164658,0.266824866777088,1.40941370480408,-0.242896735341538,0.170402686022192,0.875769444776041,0.0566711801340495,-0.241672548933643,0.788177607594346,0.0337260954363466,-0.651719189931725,-0.303107018020959,0.711503504835501,-0.185050103958039,0.884147223113007,-0.162787736205801,0.0956250497593211,500.0,0.0
85285.0,-6.71340697159693,3.92110415204576,-9.74667821737542,5.14826254938013,-5.15156271985187,-2.09938865681113,-5.93776683170198,3.57877960420447,-4.6849517505833,-8.53775768653457,6.34897930341209,-8.68160893168352,0.251179384774619,-11.6080022570993,-0.351568782034355,-5.36356643348466,-11.9390915052116,-3.58360287020043,0.897402406121681,0.135711322729059,0.954272201927517,-0.45108644858101,0.127214424071711,-0.339449869297565,0.394095513633807,1.07529509891805,1.6499059092424,-0.394905372194808,252.92,1.0
74159.0,-1.54878809850026,1.80869795041448,-0.953509033832342,2.21308539346999,-2.01572779170327,-0.913456844516923,-2.35601298316433,1.19716896702387,-1.67837405659509,-3.53865023182429,3.1020899271543,-3.99337305447702,-1.93741062327519,-3.82289410599595,0.830970110708369,-2.47535885382925,-5.21187516766885,-0.413871678166879,0.933262164554872,0.390785963777347,0.855138263312025,0.77474482148342,0.0590371520063436,0.343199807900813,-0.468937928609185,-0.278337986906642,0.625922215184372,0.395573378256676,76.94,1.0
76238.0,1.52034804952477,-1.06904522670609,0.17243490584589,-1.31823938377706,-1.12488330769632,-0.258086097449772,-0.888036702467023,-0.18996425230304,-1.58548640315788,1.26246893834593,-1.40985204096001,-0.398517361467945,1.44082333362553,-0.855632912524584,-0.681832124725733,-0.725155838527485,0.577061078081658,-0.264347210142611,0.480654734212736,-0.225240931284158,-0.413908702630841,-0.631100736546911,-0.0858405368864093,-0.432053907491043,0.583155215001309,-0.196627158892808,0.040670778776532,0.0156090028745779,33.0,0.0
93920.0,-12.3810482122443,8.21302215295327,-16.9625296493409,7.11609059812684,-9.77282635905051,-3.66683564785878,-16.1473633736285,2.07870595319163,-4.25065683444105,-16.7460441053944,7.42580096307482,-15.5648376012203,-0.426338420425742,-14.0295376738875,-1.68188923012087,-11.1337609764854,-15.8335888785336,-5.74853293843859,2.27108150670047,0.53779490001906,0.1677033350947,1.5034133341063,-0.767755381526479,0.371951476263823,-1.41563947948017,-0.517022160118675,-0.434620522533755,0.292721057342818,97.0,1.0
101313.0,-25.825982149082,19.1672390103062,-25.3902293121699,11.1254347149714,-16.6826439195391,3.93369943022963,-37.0603114554112,-28.7597989339836,-11.1266235224579,-23.2282548357516,3.7859770496129,-10.5224940129243,-2.65749636392801,-3.79279543594993,-4.49894467676621,-6.55787310177539,-12.8672447953713,-5.80459047549908,-1.25446534452587,7.90737812724062,-16.9220157786505,5.70368400806478,3.51001884069223,0.0543302268964685,-0.671983312405663,-0.209431359115655,-4.95002186384908,-0.448412770754799,2.28,1.0
75581.0,-2.86636370525907,2.34694943137396,-4.05330668845935,3.98335888025187,-3.46318571327039,-1.28095301603103,-4.47476383461874,1.21665528478137,-2.30982869782019,-5.51550707258062,3.04839203447565,-7.12825076846601,0.00595580092517457,-7.49518733635876,-0.25108802193356,-7.5680148993231,-12.2236328477344,-4.89517519350497,2.52496746940249,0.270013154062001,1.04973156228305,0.475840283409025,0.404480059350581,0.282029789710327,-0.506901095688855,-0.371741093052833,0.615256964379468,0.803162841917988,124.53,1.0
36170.0,-5.68501341827133,5.77651621042963,-7.06497672861513,5.90271545151069,-4.71556383098609,-1.75563332378958,-6.95867914257843,3.87779518702774,-5.54152882782373,-7.50211219093686,3.67670318691664,-7.64298306727846,1.68986512270453,-8.29965953059956,0.646996364810759,-6.79279505972775,-12.075932061394,-4.88217964265137,2.62662452479163,0.299488632233821,1.12864107441301,-0.962959729230981,-0.110045083655872,-0.177733240766768,-0.0891754157062679,-0.049446723229275,0.303444581632884,0.219380438614266,111.7,1.0
29785.0,0.92376442016477,0.34404807190464,-2.88000365579163,1.72168007534123,-3.01956477860235,-0.639736122583852,-3.8013245024591,1.29909588513018,0.864065471140902,-2.89525166830126,3.02816223099618,-2.54917730779636,-1.56043182473423,-2.97131675769274,1.07889539651163,-4.70201182527384,-4.90809850732764,-1.5088732903485,3.0016850593747,0.170871765618069,0.8999311755668,1.48127100376248,0.725265549161058,0.176959582872624,-1.81563797523647,-0.536517111308732,0.489035020411905,-0.0497285787992942,30.3,1.0
39834.0,-8.15903540377803,-5.9422145237656,1.54184612135355,2.61154855434349,4.02631365055683,-0.190235689129665,2.55758913610314,-3.31570109698299,2.45488209783074,5.02805699431931,2.81589427736005,-0.692960138544069,-0.263732350680093,-3.10423711791652,1.20267899036001,0.609193603011415,-2.32492773225721,-1.31494351547868,-0.804906815899955,-6.59835827265343,-2.60654482717266,1.4232232230751,3.09514845110493,-0.13644672163508,0.368583949768578,-0.38898781965775,-1.99106794316563,-0.994814492874822,0.77,0.0
82897.0,1.05130288216632,-0.722810788258735,0.782211676167895,0.145077439167519,-0.889084396080813,0.402970778946056,-0.680723292238717,0.244252143952703,1.33368643356564,-0.512474480210785,-1.17836121061634,0.120557088345967,-0.61885975459262,-0.405564389237627,0.0734597074193527,-0.210651429709036,0.265537239481977,-0.809647158865621,0.292790423128006,0.0273482038517899,-0.201501116883393,-0.496557295292013,-0.0209273540530008,-0.41699387412769,0.0838310025817876,1.00023657430766,-0.0374935388426112,0.0178106854603072,88.72,0.0
20332.0,-15.2713618637585,8.32658106147414,-22.3385905133352,11.8853128922128,-8.72133435613386,-2.32430694897567,-16.1964186599881,0.512881820424485,-6.33368515594745,-13.175198078736,9.93981974172569,-14.2254557039818,0.716033665192873,-14.0047761755606,-0.329447848153274,-8.0594194070953,-12.1220088158237,-4.79971013254961,0.686227163597458,0.993121017282391,-2.3568962794623,1.06801917704623,1.08561716724338,-1.03979707801119,-0.182006136246673,0.649920860777984,2.14924707788821,-1.40681133211222,1.0,1.0
55614.0,-7.34795494690262,2.39704134824746,-7.57235581757844,5.17781925521834,-2.85483828261718,-1.79523877381611,-8.78323473517424,0.437156561210431,-3.74059750992972,-8.33286306292127,5.76318940883843,-8.70787929219866,-1.71694948774786,-9.57719439289905,0.146369002626258,-7.58649078643175,-12.5039309695675,-4.37563101237668,2.46519487038601,0.0731637913502985,-0.175273369741836,0.543325051876651,-0.547955067054245,-0.503721690122004,-0.31093277648824,-0.16398601754964,1.19789504657005,0.378186688214491,0.83,1.0
43620.0,-0.779513947095603,0.59054642221808,1.25790250406515,-1.18554454190987,-0.551336011197751,-1.01098755357867,0.75088413249822,-0.0565587083089356,0.347710031262687,-0.386987377727567,-0.496431992239292,-0.23691199553607,-0.394684355912586,-0.0751577567954768,0.597657913544527,0.682478514666319,-0.691674056872696,-0.323417072251218,-0.788798720922313,0.124390132559051,-0.148928388383249,-0.310530936526923,0.130132298121947,0.41141857643692,-0.182843537520639,0.733129863394493,0.312904944223858,0.11704661951541,79.98,0.0
77673.0,-0.722035427038097,0.890707840973109,1.30111083894045,-0.0194317524650569,0.212368597252123,-0.333765217966784,0.555278379681056,0.151464391548814,-0.60480723666687,-0.281776875299852,1.91095611386759,0.78712970864743,0.0470509512346929,-0.244416757664939,0.445848075903103,0.225784882820923,0.0926616761669229,-0.16487941540955,-0.219558093625011,0.0504550645285605,-0.166825260604555,-0.404737130943676,0.204676153566254,0.170839640190951,-0.257455878695106,0.0656859833100129,0.152800163056335,0.0624416288479654,17.99,0.0
43350.0,-1.94575093436539,0.549074756693662,1.81942674307161,1.57279932468975,-0.939471692962535,-0.295919420935652,-0.886883908649998,1.01468107268755,-0.31969548033568,-0.702147720668618,-1.10902268200959,0.0619764202288603,-0.136134788362565,0.411187162632922,1.00889370044018,0.0712198057934004,0.353018096006373,0.631119104472547,0.705406701149798,-0.0700906911658574,0.301174249676842,0.581526630534398,-0.215983810228174,0.411233546098174,0.319579041689151,-0.0730830123905709,-0.193158401524583,-0.209998206790631,1.0,0.0
84789.0,-1.43086372778891,-0.802528699267131,1.12332029999445,0.389760264731692,-0.281213534404278,-0.055123492429819,1.32623248909333,0.195699815379613,-0.546889550453909,-0.71347376073502,1.27462907751277,0.0236821347785728,-1.52169610821701,0.727242085814848,0.166504662441577,0.348037591565135,-0.5663900830288,0.216016101767291,-1.14037564250718,0.634184289933654,0.325575470468413,0.0140018451191784,0.844946015847872,0.114962884542335,0.156364810543393,-0.619437446641754,-0.120351072821334,0.0355941733717493,354.33,1.0
55853.0,-5.5775785094921,-6.12448955216673,2.89524286805226,3.29144634621516,3.30422267480925,-1.50012537302888,-3.54535563648269,0.693869585790428,1.43023170165665,0.161037040068608,0.517880768135624,1.02641359489702,-1.10945254569239,-0.639763206512904,-1.0938053221938,-0.943650823439429,0.875908253500898,0.138899159875307,1.46204432447052,-0.520905709874794,-0.126861083623351,0.344586839733271,-0.53609290348827,0.412534410397993,0.165903321613817,0.00313629061659484,0.744677009524263,0.00664654207007198,338.0,0.0
74159.0,-1.54878809850026,1.80869795041448,-0.953509033832342,2.21308539346999,-2.01572779170327,-0.913456844516923,-2.35601298316433,1.19716896702387,-1.67837405659509,-3.53865023182429,3.1020899271543,-3.99337305447702,-1.93741062327519,-3.82289410599595,0.830970110708369,-2.47535885382925,-5.21187516766885,-0.413871678166879,0.933262164554872,0.390785963777347,0.855138263312025,0.77474482148342,0.0590371520063436,0.343199807900813,-0.468937928609185,-0.278337986906642,0.625922215184372,0.395573378256676,76.94,1.0
40883.0,0.40025324474106,-0.292694809445466,0.9512979389141,-1.54734795542143,-0.753839654156453,-0.134998296421413,-0.602733068553686,-0.785239408815887,-0.799612594388669,0.10875989063346,-0.370578832937554,-0.480158200226076,0.322149809870869,-0.267089794589015,0.637328463271324,1.46714814812688,0.049896348175861,-1.85142800027324,-0.613158870917592,-0.066418461620647,0.757831557527054,-0.517012872531333,-5.52550568281268E-4,-0.305355717217943,0.842713030498637,-0.422858283277083,0.0420479519050457,0.0774733520753539,53.0,0.0
97121.0,-17.9762660516057,12.864988563015,-19.5750661905691,11.3451198184298,-13.9986456031027,-0.35489996091484,-23.7834698823143,-4.87235340557097,-8.50428479375643,-16.6011969664137,5.56925817499418,-13.9322487527403,-0.204854827407058,-7.58102324741972,-1.01361239001659,-9.01481328062598,-16.0920320589503,-6.05014766257303,1.66102935873752,2.41992113013135,-4.30043186631826,2.8657718597682,1.48930201538756,0.386039288843108,-0.232391836340479,0.413826703027495,-3.25598090607432,-0.538963227046118,8.64,1.0
57668.0,0.942205282610906,-0.18680688511226,1.3154115987009,1.19974924310971,-0.279416711964675,1.65679611218721,-0.844615733666298,0.631951527535496,0.756240271759223,-0.41222568964144,0.568650340822359,1.30021498784497,0.531503059507037,-0.344654044388962,1.17397281194694,-1.31354025544124,1.03919696115018,-2.19131728581845,-1.89028176498528,-0.240245896811009,0.0864402308995036,0.635071192076643,0.154938401484054,-0.621172149722555,0.0773647811936936,-0.302469337130571,0.148417835182353,0.0282311360361104,9.99,0.0
77191.0,-1.52208913210427,1.20212541532579,0.628380774712392,-1.04070215883923,-0.708334763846739,-1.21999453844549,-0.0634857472025398,0.739530273680938,-0.317403542092811,-0.90679535842894,0.0184657026936496,0.732593950524003,0.323462336488707,0.577980145305116,0.518001518637489,0.26244967115877,0.134175729124699,-1.0484048511964,-1.25643548137419,-0.353438373048622,0.0825499840701281,0.0839187634407074,0.291820233286382,0.651416377696177,-0.278676011888333,0.750553954046656,-0.270789964702135,-0.0698794308555031,7.3,0.0
71349.0,-0.894636967063119,0.855907434451061,1.24657459709722,-0.213900044241733,-0.294399828858701,9.34997295434177E-4,0.985370837247619,-0.039095570720576,-0.493358231987517,0.00936369387500018,1.66534394458488,0.660793640055407,-0.114555896912711,0.242644417022169,0.368455839057248,-0.0375148257597513,-0.360945255254991,-0.224372513565111,-0.13550827320352,-0.169073452924018,0.0601506960663979,0.422619119770708,0.0673041217840448,0.250620767004814,-0.656083318359578,0.213733403904271,-0.522119341693776,-0.42554299022913,99.99,0.0
105515.0,-0.48595066612611,-0.0495141413668056,0.700558002460904,-2.08187948357115,0.0998530636186366,-1.31968777457471,0.995410923373335,-0.722414758345814,0.428264479578115,0.709275996725823,2.37744268002055,-2.8938052393374,1.2349998538954,1.07278030103263,-1.8278446282351,0.953153680591274,0.263299888594126,-0.607907886742896,-0.477017389546136,0.26465422766232,0.311602196721232,1.64942892724384,-0.0100188813262828,0.528253821965822,-0.416076863436614,-0.267790215193632,0.203737870398364,-0.148203063651092,70.85,0.0
9503.0,-1.28296553187384,0.238011820349099,-0.486616157161223,0.649290802062149,2.57844941690224,3.58860698069629,-0.460445354009489,1.33888680114408,0.710909576474651,-0.628394454647443,0.170341578889471,-2.42960711623033,1.53241692565098,1.93688801484299,-0.582943698697383,-0.491253975882751,0.763872172452826,0.577117976261577,1.21919510192202,0.499913964668586,-0.118042458901472,-0.422231490302069,0.00433983738445062,0.951213604282195,0.161185115495409,-0.283631463654893,0.253020501909756,0.02084203825461,79.0,0.0
46149.0,-1.34650881762975,2.13243062687771,-1.85435531823997,2.11699770636107,-1.07037837875552,-1.09267135682306,-2.23098606430574,1.03642490791919,-1.89551573571367,-3.36401057980002,2.88704787664695,-3.78445965821089,-1.28890425847532,-3.98562600822203,0.531838297985603,-2.60370264991872,-5.15759639749234,-0.696010004579956,1.28596139472532,0.221918669151309,0.609508181503446,0.202874284952422,-0.0607913872259794,-0.186733353366053,-0.0174012274970924,-0.283751034119116,0.395451049081013,0.233138575967241,1.0,1.0
83634.0,1.21560230495422,-0.0751346386997109,0.705159012206536,-0.127873974590975,-0.821850424711556,-0.810210114921442,-0.288599458611683,-0.0419206454098447,0.0967593799703963,-0.0514309609956724,1.68176134176508,1.06431994737688,0.170237798545346,0.308013948279308,0.519588064285928,0.536366065182469,-0.549594400256259,-0.00844551518485406,0.238415161506907,-0.0394157487695916,-0.0637585883307138,-0.212972317367707,0.103228025054568,0.602915273029208,0.0637405544869004,0.873175498131334,-0.0742842279479737,0.00263959184935104,7.68,0.0
25564.0,-1.82692154128184,2.27445931120484,-1.52527171034875,-1.07985157793028,1.75266015351588,4.86027116321783,-3.0532119787114,-6.97957590563866,0.290118242142291,0.170168149024686,0.0248802252699845,0.477351850667322,-0.293980379560956,0.178535113229862,1.06830679951589,0.895680329472316,0.12184580245185,0.311750589117692,-0.0876708596107549,-1.51634828940829,7.2785007078985,-3.90095181685001,0.966131179197954,0.805048596353184,1.1529021082034,0.243945666450088,0.327516680042557,0.183416022407988,1.98,0.0
26833.0,-20.5327510764355,12.3739891389716,-23.0090029136283,6.14482097803751,-15.5872960035928,-4.38449066917613,-15.9390026942523,13.696416119399,-3.94845491908543,-8.78972336330438,5.61234710799626,-7.91442236630349,0.307819968365149,-8.32860088836825,-0.00697929458963793,-6.82452417207669,-13.3160791903173,-4.9216120866876,1.18820420779718,1.59275393136331,1.75460760918813,-1.46611525253641,-0.85677863566488,0.125776576475404,1.40258698975375,-0.223754856770293,1.57424873519633,0.469200693158523,99.99,1.0
82289.0,-1.46489654758402,1.97552752738073,-1.07714453940265,2.81919063998449,0.069850228405671,-0.789043629709432,-1.19610144945515,0.673654375004339,-1.36372387646135,-2.9328952580311,0.301368829965399,-3.24614143685335,-0.465640147552938,-5.42936187944371,-1.30498291640657,-0.953623442669269,-2.72734300093373,-0.63643691865914,-0.927124072666602,0.048968800272123,0.174099465690177,-0.272505290211891,-0.0315494503920774,-0.406165929676999,0.157768979757404,-0.104392920359594,0.0737955599806211,-0.0415702518454821,1.0,1.0
94362.0,-26.4577446501446,16.497471901867,-30.1773174564996,8.90415677106517,-17.8925996927224,-1.22790388102871,-31.1973285494605,-11.43892041491,-9.46257260540015,-22.1870885620007,4.41999660154863,-10.5923050053728,-0.703795803703315,-3.92620731586873,-2.40024649210124,-6.80988994039049,-12.4623149481086,-5.50105078380738,-0.567939572890149,2.81224110932946,-8.75569832116533,3.46089334478551,0.896537503959012,0.254835536763482,-0.738096558530353,-0.966564233789852,-7.26348214633855,-1.32488430656137,1.0,1.0
75033.0,-0.430330205681344,0.985632693552081,0.645789437298841,0.317131047127407,0.616332206255463,-1.34746245720975,1.0782335690849,-0.161518267508932,-0.492855874580938,-1.03963769713185,-0.39560772252726,-0.664683930228673,-0.985700496668287,-0.660967626671015,0.344105202877093,0.530852433867815,0.278141865207384,0.355529916892446,-1.08122326117298,-0.115281935429531,-0.0163780179250957,-0.207609058231514,-0.164119225784612,0.255280162145255,0.454797817761532,-0.505032215885219,-0.0394559687978208,-0.00635758223393408,30.14,1.0
96291.0,-3.55217282034342,5.42646054559111,-3.73181031980956,6.67906180701896,-2.18754337884152,2.43394023761172,-8.74811035885579,-12.1082840970182,-2.8563585144669,-5.66586179854092,2.54083553206878,-6.14705358343033,1.79689064160126,-4.32898899462283,-0.150037374792615,-1.83900466547168,-3.35463814070962,-0.282307261175205,0.148592393859995,3.79266672675409,-5.68899027177143,2.51097955615894,0.953932861684676,-0.542506228224687,-0.620152015985956,0.406012866709306,0.0230251633862463,0.164740605977244,33.59,1.0
40363.0,0.776396546059523,0.0503868266219059,0.380871907406533,0.697877828111195,-0.489911346277154,0.0428211409547954,-0.272276375446781,0.105824297907805,-1.03565588794582,1.12264936206388,1.05967068249391,0.981333730558019,0.306146535042561,-0.0896366244365597,-0.985708511144325,-2.31062632722385,0.439423534998121,0.934288088799017,-0.454508399815903,-0.61206799862598,-0.270020124980282,-0.0920183223254442,0.31672313079433,0.178342064032006,-0.887428072778571,-0.478483215762056,-0.0949741530659907,-0.134658305733711,0.02,0.0
85194.0,-2.66896694013615,2.94458435122303,-0.587279585328,1.05126691065344,-1.07544408431599,4.03406795674255,-5.53607385352817,-13.1301912700742,-1.09825874153037,-2.05664934221886,0.58383481710095,1.75387624499711,-1.21049617090107,2.29078317984885,2.06687879050032,-0.603646165388363,1.86332939670497,-2.08526458991094,-2.1536246182708,1.56658448414036,-2.1288514817138,0.301376710775245,0.975001019237336,-0.772813968913529,0.224982450996912,-0.394075402143826,0.245981260636188,0.238586155632481,119.88,0.0
56379.0,0.817142853048156,-0.767908209386727,-0.13757770170344,0.229291464379888,-0.637814492690343,-0.826201722925803,0.353245935857699,-0.29895297275304,0.150587511180868,-0.240437614910617,-0.571278317849797,0.117389042290834,0.336596642323884,0.24816467291784,1.09300579057713,0.36253352479951,-0.43692424918704,-0.234442206429098,0.00454485762268258,0.479464623750919,0.15268792514891,-0.106167201618078,-0.322521117647141,0.134790029814998,0.338789950245888,1.06420067014961,-0.133517138388505,0.0431256494796977,264.63,0.0
31574.0,-0.607565700565525,0.0839634403049317,0.612209045183344,-1.58233416671534,-0.642687249464034,-1.21562786144624,0.473446325538536,-0.0754946081494541,-0.46932170662673,0.568437631616105,-1.18791016569036,-2.07209250184165,-2.63485120003959,0.0703431112948592,-0.687238166642625,0.799495604853445,0.43678362370379,-1.26678267270959,0.15311665580926,0.0778109266476394,0.1824108434586,0.637870945116159,2.91287931429541E-4,0.35972044631807,-0.24349441452175,-0.314078512060216,0.513189533698254,0.285194933144466,60.0,0.0
74356.0,-2.67937567708055,-0.237441643598347,1.27852550542215,-1.13482244371404,0.249721392771303,-0.662658701758202,0.372420339551368,-0.143388661040342,0.415455450778912,0.306922574128558,1.67253691201033,0.560077459918948,-0.458537062591889,-0.0897854620148195,0.294973693910231,0.526239125008589,-0.675881638338722,-0.413298097244039,-0.632940945029397,-1.04509456383727,-0.218731983466136,0.177352993598124,0.718442172090696,0.266197131388497,-0.315900285555672,0.693503887789321,-0.43179951463122,0.322478644774092,20.0,0.0
97121.0,-17.9762660516057,12.864988563015,-19.5750661905691,11.3451198184298,-13.9986456031027,-0.35489996091484,-23.7834698823143,-4.87235340557097,-8.50428479375643,-16.6011969664137,5.56925817499418,-13.9322487527403,-0.204854827407058,-7.58102324741972,-1.01361239001659,-9.01481328062598,-16.0920320589503,-6.05014766257303,1.66102935873752,2.41992113013135,-4.30043186631826,2.8657718597682,1.48930201538756,0.386039288843108,-0.232391836340479,0.413826703027495,-3.25598090607432,-0.538963227046118,8.64,1.0
8878.0,-2.6618021745564,5.8563932148043,-7.65361621324071,6.37974188053221,-0.0607121191362683,-3.13154973153662,-3.10356974550479,1.77849156945338,-3.83115371623455,-7.19160424618226,7.10298858788516,-9.92869994299538,-0.0674983775194601,-10.924186865147,-1.69791397714032,-2.37942098527078,-2.77511389701838,0.273798971252603,-1.38218756352589,0.399096860264863,0.734774950378595,-0.43590118187623,-0.384765904180568,-0.286015663843443,1.00793382365812,0.413195532462339,0.28028415690056,0.303936550639395,1.0,1.0
59840.0,-3.21538175967748,-0.364223121381638,-1.26188334354906,3.79494903930385,0.71120593031272,-1.31647560298004,-5.16514055601052,0.625278383544947,-1.582300584728,-3.25263359468289,5.04075120270381,-5.31444220386187,-0.656470662006063,-6.23304367078495,0.974771279276835,-6.8903177453801,-9.51641148491956,-4.36412771489086,2.59857755637223,0.0196261688931224,0.40134124079647,0.152191258747201,-0.93467547449829,-0.256148382367333,-0.469403308828214,-0.282495914081921,0.86607691066145,-0.433465943783225,5.91,1.0
47980.0,-1.08970256979658,-0.378024786449956,1.96622890643307,0.29663527705892,0.359626420992661,0.130642617634343,-0.0963452286592274,0.385248727894824,0.0183045904176678,-0.615861303940834,1.03203209961228,1.31896714065849,0.659758786183612,-0.265601986158954,-0.651493589685668,0.272658448714786,-0.723645122719103,0.320122645027794,-1.14142730448538,0.207412568730594,0.474570995777268,1.17127377694853,0.250610671812802,0.0288200146755587,-0.592425864593486,-0.535002833818346,0.193057868971339,0.212952793586989,94.63,0.0
80086.0,-3.33797783614767,-2.27821360335357,1.45181559155485,2.20476442509501,1.64970921266532,-2.35564588154554,-1.16178409534697,0.514259302132214,-0.864431549235158,-0.389110786036692,-0.342335939806895,0.265144132135506,0.201761662245924,0.811598650197581,1.47193822161817,-0.249879677015477,0.277880605435196,0.269604724239943,0.531771660662211,1.06966355027156,0.492441410145917,0.0263952970962701,-0.157568296841984,0.740917803216327,0.357979830459599,-0.202891054342326,0.00658626601019299,-0.499786911099238,60.0,0.0
58832.0,-1.04311328094737,0.597496379606575,1.86561948321427,0.471929077830262,-0.928236857473109,0.112020771463276,-0.520481875932185,0.646565332746137,-1.65679561691001,0.468813641391614,-0.681320868028282,-0.440259010278009,0.166693866515444,0.310196015599567,1.72417780467481,-1.71695926642996,0.52696680876676,1.46668760310173,-0.593863802346219,-0.226751423857246,-0.131925880210268,0.0307068605964821,-0.116794003837668,0.040412918216451,0.202075051859131,-0.0603334608614553,0.264260597066314,0.0633556059051926,30.0,0.0
65248.0,1.1021054506853,-0.217484584013543,0.563930783071699,1.6844431299867,-0.542185018085472,0.0903559397223299,-0.271911164456697,-0.00328445032515788,-2.08496486901095,1.60436024672127,0.731477847767188,0.468174846110271,0.842378198707284,0.207034119681351,-0.31059910193009,-0.477118020595048,-0.794913885260921,1.59826857938511,-1.38369258955837,-0.315915011951486,-0.363202656223853,-0.843188948947853,-0.0165537406652563,-0.0461202183162647,0.2757391657777,-0.106419332044402,0.00103931174090962,0.0340544699066522,95.31,0.0
53043.0,-0.344145549350818,0.153361693982723,1.26295076459936,-0.209848516623813,-0.61226231827829,0.0668724588475856,0.586123576301745,0.00846976368411852,-0.0200516847590592,-0.490837178930889,-1.31746003211555,-0.780702738561656,-0.195033935411669,0.00591720125539401,1.53360927649254,0.469498639615517,-0.497229670422627,0.615728170948205,0.854608378835225,0.376690484170938,0.273217324122232,0.580930233789014,0.141560228534779,-0.398588795537154,-0.592334673282166,1.14356298747409,0.0562410070743093,0.159672209360428,148.48,0.0
89958.0,-0.0884254325317494,1.30329142721275,0.626027517917035,2.51805927234964,1.61008702655064,0.194177644217158,0.933177651379749,-0.0157826079731486,-1.74456000690516,0.829808921791454,-2.00923089213435,-0.381663744021708,1.04931339422992,0.0447274149067115,-0.665564378773122,1.50387807425951,-1.57908906542457,-0.335082733726719,-1.24426616328646,-0.112192703627422,-0.314221122770958,-1.08202560511285,0.329451554228045,-1.11939113143166,-1.53761583580818,-0.777322516865314,0.245059848696538,0.280627807386971,6.09,0.0
70536.0,-2.27175453696818,-0.457654560738072,-2.58905463865543,2.23077826688105,-4.27898250263823,0.388610079538804,0.102485457456358,0.813127838070308,-1.0929208385062,-5.03202838566819,3.51034756034463,-2.22739840581069,0.656823927974733,-5.19918574342056,-0.128311029598493,-3.94352099869908,-3.82052232662867,-0.570821093891663,2.78338340771804,2.28575790271371,1.09634200952947,0.658398654570846,1.71167573455248,0.333540036403021,0.538591373646869,-0.193528512332835,0.258194100840055,0.247269213953463,824.83,1.0
42988.0,-4.42350762703846,1.64804777413239,-6.93438785672913,4.89460056642244,-5.07813111998958,0.0108488776042783,-3.40909567897227,1.40929050029893,-3.26067152936237,-7.78135276287243,6.28337707847689,-9.65660635996176,-1.61913485478932,-10.7321089251086,0.288220764475555,-7.89812205175049,-13.5706825019333,-4.59023530005094,2.59017338411194,-0.562264103606392,0.698359061079766,0.487477720585547,1.22869827965959,-0.535217333195035,0.388278095984062,-0.00946564715170412,2.300164247557,0.0812314897144668,648.0,1.0
51777.0,1.41553056432836,-1.25616854546264,1.24338510234307,-1.1018689182372,-2.04307813840096,-0.328998867204382,-1.45369817419179,-0.0538100041067025,-1.22451260309584,1.20639192434899,-0.677057336465677,0.0161910161183156,1.69909081302587,-1.20781947057247,-0.368928841340252,-0.539210652007784,0.656107425177546,-0.0997382860088778,-0.0947267758656414,-0.217554825586317,-0.216296353373582,-0.0332273594192523,0.0333451572628044,0.403422288764662,0.283495313910567,-0.200987422075958,0.0836626611277849,0.0385979903224788,32.74,0.0
121870.0,-0.622845792122199,-0.162768239873707,0.926699807394545,-0.961488318742964,-0.630803599477194,1.24663249161169,1.36862912365694,-0.0441905904165606,-0.78744105495587,0.257187828574356,-0.560161884995022,-0.891400447193527,-1.87203819556966,-0.040810477749224,-1.48633170514987,-0.851976362138259,-0.921896136047793,1.82723448206099,-1.03640019366215,-0.620481950831894,-0.72916208263639,-1.56892587014536,0.228492831894512,0.00716856475089025,-0.469132673162881,-1.2346845671739,-0.0264573924786604,-0.115605141645217,262.22,0.0
17220.0,1.18978435670385,0.942289402014327,0.0823341450498769,3.02404970580847,0.412406009418248,-0.214414558479438,0.0535578385040748,-0.110353351082093,0.883797757350066,-0.554223900525873,0.154921008931302,-2.77675657494788,1.6412066261065,-0.45607695680899,-1.24041439240797,0.857322735948866,1.70702446635297,0.526349196477535,-0.865104609842214,-0.143434644974988,-0.502635558485173,-1.04739752764089,-0.0567520238885425,-0.340688404752184,0.541235201259928,-0.0983002868955662,-0.0030411199129353,0.049819020358336,3.79,1.0
41991.0,-4.56634156694274,3.35345148012501,-4.57202780762531,3.61611930403552,-2.49313810882875,-1.0899997127127,-5.55143306976649,0.44778308394893,-2.42441402571208,-5.69992228265959,3.58682418337431,-6.63622904939297,-1.1281764439465,-7.24554959537009,0.638325536245456,-6.85681003898144,-8.85187850534679,-4.5918832274368,0.936939858866071,-0.249127726683026,2.67446587862872,-0.0208799797343963,-0.302447083877198,-0.0863964000107124,-0.516059779833395,-0.295102234035121,0.195985145691014,0.141115102721758,1.0,1.0
53658.0,-1.73934096431325,1.34452078912347,-0.534379047474665,3.19529149873811,-0.416196142475576,-1.26196066822182,-2.34099093949748,0.713003645507275,-1.41626499933122,-2.9966693020716,0.747478135782509,-4.59661151187479,-1.92775970193864,-4.75707449850737,-1.2478148188713,-2.53549425081321,-5.35646454386042,-1.97474852459452,-0.603726269220942,0.00274947845372853,0.38318010845642,-0.21395221812466,-0.336639824887574,0.23707630076775,0.246002931555889,-0.044227636498999,0.510729074882634,0.22095159365596,0.0,1.0
12393.0,-4.06400473842815,3.10093489093256,-1.18849800365476,3.26463274045175,-1.90356235801726,0.3203505872957,-0.954940039087007,-3.27753491983773,2.82082866173719,1.01511287978593,3.18718689736493,-7.00432728360605,0.872710605485111,-6.22060535304292,-0.904444629573358,-3.07509188469837,-5.04473569177435,-1.71808268516882,-0.662462068430895,-0.531897693292296,1.68866543097474,-0.0788446980063478,0.19373092657711,0.479495953884992,-0.50660305739906,-0.409862744197452,-3.03627132936069,-0.630605198840545,179.66,1.0
110944.0,1.97861477890146,0.114560172636397,-1.32244959439197,0.577585502126867,0.348416503222986,-0.376863073884259,-0.211045674170968,-0.123861325523349,1.62375657905064,-0.637723545010426,2.307536639106,-1.45725923878981,2.06264139368814,0.481386610686936,-1.07202901990144,0.494596097900339,1.04268200678377,0.733343151424512,-0.247938969135658,-0.137539426668878,-0.138924663751475,-0.0311846307236001,0.191190684524317,0.59853009797146,-0.182579491533754,0.389250721373187,-0.0751799866162068,-0.0407643615888877,14.05,0.0
63666.0,0.550801865024555,-0.795742041718126,0.0238293662380727,0.997499859002572,-0.759430462775179,-1.09758988163208,0.751030052920183,-0.458763797759261,-0.285008345003575,-0.239429103144709,0.23512883840195,1.1204171761431,1.61309276326411,0.125799674627991,0.786624213911367,0.0106350897646113,-0.313431017248431,-0.554357685383919,-0.449877329305652,0.718718706468161,0.25769975777333,0.0307180715984324,-0.361910830548471,0.811776361076226,0.404106508533741,0.333573304092759,-0.0993509972230153,0.0790769752914456,366.3,0.0
65936.0,-3.5934760029271,0.78144226309285,-1.82244751422669,0.605760683474701,-1.19465586719981,-0.517194856719497,-1.72252312325165,0.128889523769538,0.0149633080909052,-2.85611682977408,1.61826162043188,-3.58137450130299,0.623706919914784,-6.16045662030601,0.494733399107095,-2.54310504010287,-5.30127339068683,-2.19271270602319,-0.09472379272847,-0.478219313417121,0.351792125839819,0.391248950287018,-0.252874890557857,-0.498042480147132,0.0101721931231225,0.909928721553306,-1.47876724603751,0.722673039450917,101.5,1.0
42474.0,-3.84300903438536,3.37511020399082,-5.49289319668564,6.13637764344382,2.79719546082743,-2.64616226518954,-1.66893106391951,-2.61755205155675,-3.94584260288362,-4.56525209408734,4.09721607443527,-5.4509164388957,-0.965692752165388,-10.9044588731508,0.526947764497797,-1.13975413041553,0.835639563488731,0.389774231161906,-1.43960797610281,0.0547955667305956,-1.2778115827927,0.719652000906672,0.451125175067876,-0.25809365058648,0.656129466667281,0.556676326289228,0.739383212515096,-0.203049673816441,1.0,1.0
12093.0,-4.69679522444504,2.69386747884008,-4.47513271259153,5.4676845487781,-1.55675807549758,-1.54942028904253,-4.10421487278526,0.553934075416293,-1.49846813107494,-4.59495176285009,5.27550585077254,-11.3490285500915,0.374549235103921,-8.13869488434773,0.548570894168134,-6.65359434741365,-10.2467554066001,-4.19106626655491,0.991486122257293,-0.158970548660611,0.573898081112651,-0.0801627753981571,0.318407817148194,-0.245862202650853,0.338238431564141,0.0322706213908033,-1.50845793363219,0.608074682590101,0.0,1.0
78860.0,1.23670916383183,0.239929023598753,0.644586253533519,0.700502240581828,-0.66299621409533,-1.18622096941014,0.0518170842281054,-0.212085788218408,0.0613568828862853,-0.0587614981437577,0.0329585126047901,0.341104203750455,0.00193368092829238,0.309891315889946,1.03604072935799,0.219469038842653,-0.289515336374974,-0.617577363627919,-0.240481945275325,-0.119876049775603,-0.23877368565359,-0.705262226426634,0.179798131403124,0.699419064406746,0.165095973155974,0.0751624189076865,-0.0303366461760924,0.0218175525332635,1.98,0.0
93860.0,-10.8502815883108,6.72746568826853,-16.760583409542,8.42583167857118,-10.2526968683093,-4.19217104406337,-14.0770860104531,7.16828793346092,-3.68324217370244,-15.2399619587112,8.03070840755191,-16.0603057628826,0.270529742348469,-14.9529810390579,-0.241094883743813,-11.866730636746,-15.4869899240937,-5.74865155747378,4.1300314273319,-0.646818272966729,2.5416369467068,0.135534921100722,-1.02396689219897,0.40626452579196,0.106592778669641,-0.0262323892202069,-1.46463002356247,-0.411681819907858,78.0,1.0
8808.0,-4.61721720415581,1.69569365346656,-3.11437220079491,4.32819855298178,-1.87325699086527,-0.989908135538263,-4.57726462658038,0.4722161584519,0.472016953377646,-5.57602263642415,4.80232276125089,-10.833164469314,0.104303875698575,-9.40542306160986,-0.80747786866047,-7.55234220350747,-9.8025617903912,-4.12062883466552,1.74050729036196,-0.0390459343384186,0.481829697240067,0.146023056445948,0.117038527549065,-0.21756459883966,-0.138776043706563,-0.424452881068275,-1.00204142597227,0.890780287970655,1.1,1.0
112729.0,-0.580493372798008,0.0547885388745956,-0.417645890781337,-0.378334454315619,1.49957961154151,-1.0405721020245,1.02669475769525,-0.345990068057515,0.269303523252422,-0.477135783096924,-0.725771003172829,-0.381004070838669,-0.216943993068979,-1.23393393839333,-0.106939005807308,0.322473969097277,0.206483260200356,-0.152465944096962,-0.112243160354918,-0.0371342021321271,-0.440060121170832,-0.788172866155367,0.750128721069386,0.452503089713061,-0.276355364862011,0.108361455904595,0.0257730247875236,-0.214533517594839,24.98,0.0
36705.0,1.04972833298897,-0.0875871169101562,0.211169162114994,1.25013400478461,-0.0755733052494586,0.324200528387624,-0.0517651643818213,0.203004134169925,0.214932909777184,0.0542562976159053,0.681019888297367,0.525372476684756,-1.2523210426544,0.473187457632154,-0.643245503485843,-0.372734963800488,-0.0421096846524371,-0.230329174159617,0.0374566297478524,-0.139595513459364,-0.0547647635877917,-0.120545590230579,-0.14486805944232,-0.315117744313525,0.621685930856055,-0.311419191132196,0.0191808128321167,0.00867727896637562,57.29,0.0
49109.0,1.10417765625461,-0.151193124345277,-0.179599482438599,-0.00640689225171745,0.936983737760997,2.11130746369166,-0.461242681641346,0.681719420935599,0.0122560005638119,-0.0610187254306575,1.07433332621983,0.450094597843257,-0.628080238254302,0.681443818770249,1.63148821311909,-0.328665002366842,0.103728076110805,-1.42877898202696,-0.873890287152425,-0.220223908572727,-0.179368867868636,-0.470646534389143,0.0898635184568463,-2.38563025620303,0.0124330935161349,0.290789215449431,0.0282078184565767,-0.0198574844800967,11.99,0.0
49528.0,0.605651164132925,-0.922213220903398,-0.245926871019174,0.700404812955838,-0.240404602782062,0.333484682119754,0.286349287684544,0.143225775673265,0.0137564102601321,-0.135877079323492,1.43541385326472,0.665789066885804,-1.13472396112389,0.703639108831682,0.00375023385167507,-0.64032194610229,0.363538089610016,-0.86628890166883,-0.388482466623232,0.330021035896323,0.198814445534747,0.0780327606523203,-0.296301725622293,-0.224362575220287,0.350466358275384,0.569439890016792,-0.0826944319399636,0.0308463050193082,282.97,0.0
76150.0,-5.7343409295799,5.73835437394722,-2.46956895157528,-0.235747404171485,-1.21601521364763,-1.68364932145501,0.588353468896986,0.452717163244026,3.64503321156684,7.30224463040306,0.39220078303407,0.97124136321277,1.18490178124757,-1.29528838452706,0.882688551757614,-1.24517871367967,-0.262617842137519,-0.737172598570045,-0.346418126711032,2.78047090255045,-0.740892822311293,0.577172617013351,0.221612888549039,0.669032157036275,0.162058072746386,-0.700263997503455,-0.595058218619136,-1.94898025842667,2.69,0.0
56887.0,-0.0754834663888726,1.81235458422751,-2.56698081016962,4.12754860722303,-1.62853157024518,-0.805895445766318,-3.39013454458215,1.01935326231828,-2.45125125188341,-3.55583492739064,4.31571103012142,-5.47980167679906,-2.11550315600957,-5.5887855765974,0.280108069299552,-3.50723062361012,-7.45709493793125,-2.32549168188332,-0.440434552920779,0.338598140549314,0.794372451897782,0.270471232297866,-0.143624140755259,0.0135659145316466,0.634203128800614,0.213693187250942,0.773625466697089,0.387434054572014,5.0,1.0
51112.0,-9.84877583247984,7.36554648639464,-12.8985382309124,4.27332307326376,-7.61199101126967,-3.4270452374345,-8.35080815251842,6.86360392236365,-2.3875673251028,-6.06578236274727,2.70785640511515,-6.13603446645473,-0.545976095807375,-7.02898027290706,0.916068574603162,-4.09288449351717,-7.01462170672071,-2.5309672589153,0.554027499068527,0.832398066019608,0.931958309450931,-0.87446736131737,-0.192639469446569,-0.0354260265633338,0.538665050436448,-0.263933516556866,1.13409509350836,0.225973163975667,99.99,1.0
52919.0,-0.0512540084723556,-2.36754833575807,0.470941485941956,0.675758895702001,-1.37167896854446,1.10868167056059,-0.167454985518793,0.365305526550078,0.88101605623811,-0.564665437820671,1.25473603188383,1.1517802396124,-0.59048602677236,-0.0616881148344404,-0.4079988730853,-0.373943476759043,0.485243154632248,-0.861557233981275,-0.221114761407154,1.01648092334527,0.221790398353771,-0.42158715781135,-0.378623616518212,-0.201814409448786,-0.270384140989528,0.89229174547717,-0.115727069552468,0.0984770766195533,591.12,0.0
102318.0,-1.02063166582361,1.49695912243222,-4.49093711758335,1.83672705849852,0.627318467501556,-2.73556861001066,-1.54627364241291,0.459821576439238,-0.68274140597399,-4.36310219273296,4.28702087961434,-5.40376835689762,1.26026230900043,-3.08774290682652,-1.31748806297981,-3.53705628406879,-3.17202752176385,-0.52988508450368,1.01162645030639,0.443488532055906,0.773630966413973,0.86061818130652,-0.304666447555476,-0.155499583027691,0.41216629075428,-0.220079647308722,0.392337584118175,-0.0200894870934853,22.04,1.0
77937.0,1.20289698043319,-0.519045353578682,0.895996083182691,-0.825567068072073,-1.29844703881455,-0.538193368580844,-0.787725856290629,0.207913770148111,1.81213458280393,-0.862428197170159,0.976256216889915,0.549994080219836,-1.77811213466144,0.37660824112168,0.753218846335721,-0.167851060749428,-0.302038915513848,0.886656692303367,0.857593206054935,-0.22048668153135,0.0201944059074981,0.19095838675205,-0.0285751452929141,0.308097781995802,0.414485057680165,-0.698346963284602,0.0790220282265299,0.0215428912864957,1.0,0.0
108196.0,1.95015594285879,-0.287878540756455,-0.111849424490798,0.466360870271257,-0.753777864733861,-0.559585217201801,-0.731618651498441,0.0356638502777878,2.55921351940908,-0.385505491939183,1.76708711909243,-2.0396216108132,0.203054418759065,1.99337395809582,-0.223967060109918,0.427644808253444,-0.0598857336441524,0.924201021191688,-0.0862871131395847,-0.37209408702907,-0.227370088629966,-0.373679912817522,0.381254191787332,-0.0817774922785682,-0.481122175500955,-0.983242322554778,0.0196136042724052,-0.0455265936917137,1.51,0.0
67272.0,-1.43461808738865,0.654960612985793,0.536789427527901,0.157739887439911,0.911953490424182,-0.0871805427107686,0.384658269466792,-0.184433549833071,-0.297949444784962,0.394506587935566,0.53946470070411,0.248554328607456,0.460721546645904,-0.466308100501157,0.679992425959791,0.617049757657699,-0.513592585529292,0.768868426452375,1.41867555152987,-0.310637867432784,-0.204304103566158,-0.516436018347849,0.154838467926048,-0.877805781956156,-0.58307582235698,0.0839577161948247,-0.685378971256488,0.401681500904255,1.98,0.0
79334.0,-1.67413470343225,1.90521922544633,2.4214619375661,-0.873623134462116,1.00404497603159,-0.890733791328712,2.89787150493733,-2.45530700157405,2.94822612412841,5.07420956670694,1.30006465334093,-0.275669351888907,0.74761061228617,-3.0505840447949,1.19340809041402,-1.06634368590863,-1.56571777068256,-1.05428620803317,-0.373413556113112,2.20281313229573,-1.06995740858869,-0.377360349653288,-0.306158221153548,0.683993560916407,0.0273708183830615,-0.220012188363306,-0.496718177309692,-1.65141670651579,9.21,0.0
57421.0,1.29444891844331,0.146348066759005,0.278478090357726,0.516209780225174,-0.349516434571197,-0.737735218881199,-0.0336069917218187,-0.102617942602445,0.268686919281366,-0.0282220352631424,-0.874797095520713,-0.460738644762532,-0.849278064834178,0.458507650827778,1.20559207567888,0.506771537082398,-0.532567793350734,-0.22627054602706,0.0772701689038783,-0.157320579025764,-0.304584189257035,-0.938651062744158,0.0899242761517735,-0.154195574040068,0.241587859553499,0.129684131338458,-0.0378911845521986,0.0112788088610607,1.79,0.0
102671.0,-4.99175779387947,5.2133398229232,-9.11132629809104,8.43198635177602,-3.4355156720863,-1.8275651016855,-7.11430284412379,3.43120663145462,-3.87564287029742,-6.86850850672582,7.15062516950116,-10.2629840447185,2.73308493575221,-10.1275247811671,-0.262783621001749,-5.19027103814098,-8.6557110398096,-2.02444347438745,1.5604792800844,0.0981321924634143,1.18942283937597,0.247858476295777,0.294448330047117,-0.548503502162266,-0.174616566570794,0.406702503092405,-0.40233927269736,-0.882885795448957,0.0,1.0
26961.0,-23.237920244511,13.4873857909274,-25.1887729688701,6.26173255148578,-17.3451881651558,-4.53498915241687,-17.1004924771637,15.3746300252798,-3.84556677176243,-8.51176669710133,5.1385473219039,-7.22001986441493,0.615793286019405,-7.3272215995796,-0.0386320690669864,-6.33151509399145,-12.6888576275064,-4.84738160696153,1.02053587929144,1.63078748322503,1.76970812949114,-1.69197330547661,-1.04567292278161,0.143386499863412,1.61157707182701,-0.221575644736264,1.48123260638065,0.438124804842523,99.99,1.0
39167.0,-1.23100563712481,1.73657202055631,-0.0160019574126707,1.5967802953735,1.92101142827089,4.52035674789424,-1.04813532802831,-0.0606292527702061,-1.47524870455272,0.795623086560388,-0.420777872683416,-0.31460648622553,0.174731216058722,0.660986214985171,1.54207232750079,0.635159275772115,-0.293983883576769,0.544332516974355,1.11325100684314,-0.0662933103330594,1.34189896618525,-1.2213245372467,0.202521277731242,0.937741454052095,-0.231466914436035,0.00478036588949149,0.372888129491521,0.11274010055133,23.25,0.0
54846.0,-2.98646550822273,-8.91229481688474E-4,0.605886830263541,0.338337780759695,0.685448451171472,-1.58195443740193,0.504206377175919,-0.233402618007887,0.636767742518801,1.01029102209398,0.00451796796642434,0.0443966388940644,0.420853062352676,-0.931614224984722,1.14797368277192,0.48306309357216,-0.152470829644753,-0.285666258848129,0.0725498490088206,-0.764274258309323,-0.875146363670133,-0.509848660993286,1.31391790371009,0.355064731381086,0.448551563224067,0.193489780350156,1.21458768687535,-0.0139228973515758,1.79,1.0
76274.0,-1.00920482276978,1.16236032271036,1.90854194851337,2.61779236088025,-0.391779967316351,1.76911948340061,-0.232527752270947,0.926775827479556,-1.1147927379408,0.446224873291495,-0.516663986630147,0.251878862275028,0.576691471104753,-0.0507800774907946,-0.168906780122308,0.575453969703936,-0.340421022289254,1.13973188447269,1.7441846149824,0.440346010763782,-0.010645452049321,-0.041969673325967,-0.13839334686975,-0.992131995077528,0.273967460240817,0.322322591471124,0.214013219004881,0.0835725013340199,90.96,0.0
103184.0,1.86866515933336,0.556989131732483,-0.486410978893199,3.91919944096559,0.692787280286779,0.739834163239973,-0.0895783544880256,0.0416691235041958,0.287853405598263,1.1459045405365,1.30563655831629,-1.63777767017604,2.02518173126567,1.50153390007538,-2.94243950952685,0.547163603264015,-0.0161440982657088,0.108811899233286,-1.33266271038288,-0.280452602589527,-0.0139227384415372,0.34909746065426,0.119366230807352,0.654420879513146,0.0989793906819909,0.00639123035873018,-0.0551606337964601,-0.0590219720854293,7.56,0.0
67637.0,1.15318439464476,0.165679594446479,0.392458315036984,1.40076607252889,-0.181719563196124,-0.185647868011283,0.0540098222038462,0.00173632386757762,0.339173269009423,-0.117935499112226,-0.591541827707934,0.357825055485895,-0.453548113761879,0.1314730051528,-0.0577266483244478,-0.707190935710545,0.282256460500536,-0.937311512507679,-0.367401315134583,-0.198999706744482,-0.101973184862716,-0.0859865205635655,-0.0632524497853,0.0863114058724612,0.650118707055465,-0.312352603285109,0.0366525658394661,0.0163696556480741,14.27,0.0
41273.0,-11.6822148930584,6.33288209288301,-13.2971092469499,7.69077191542072,-10.8898905208867,-2.79236003834138,-12.5617825809497,7.28712220991134,-7.57032240879292,-12.8357376825339,5.80470785195987,-12.15623949431,1.18498466280471,-10.4686770874209,-0.41674319706657,-10.999792348619,-22.6088681905866,-9.49874592104677,2.10273540686125,-1.00931993766307,2.13345628394787,-1.27150896701449,-0.0353038871622371,0.615053695038953,0.349023768265454,-0.428922796793546,-0.694935387398427,-0.818970428930229,173.07,1.0
93853.0,-5.83919161928092,7.1515323543223,-12.8167600806187,7.03111476501099,-9.6512721679897,-2.93842725771624,-11.5432071690832,4.84362653179436,-3.49427572506535,-13.3207888671784,8.46024444901677,-17.003289445516,0.101556614891384,-14.094451660329,0.747030766392512,-12.6616957230679,-18.9124938172188,-6.62697484523061,4.00892074227194,0.0556838813863639,2.46205591127559,1.05486518382957,0.530480596078193,0.472669814042592,-0.275997967880675,0.282435024801752,0.104886020210564,0.254417096767513,316.06,1.0
8886.0,-2.53585211738111,5.79364414692454,-7.61846283574893,6.39582974649419,-0.0652101046678037,-3.13637196409103,-3.10455736262141,1.82323263760971,-3.87865758023391,-7.29780335001461,7.07166913682445,-10.001046368327,-0.207934540884304,-10.8606980453666,-1.69082504118249,-2.36085672411086,-2.76009701528795,0.29810341564323,-1.38555780172735,0.408704184487524,0.716719907055995,-0.448059938458541,-0.402406878680357,-0.288835222564699,1.01175223958707,0.425964621387216,0.413139555823146,0.308204656968305,1.0,1.0
25095.0,1.19239598990768,1.33897371069007,-0.678876186687009,3.1236723071222,0.643244863589275,-1.18432299431215,0.397585526006899,-0.253498538261658,0.41113497684127,-0.859862301810301,1.124059382453,-3.76387384832398,0.367975966769142,-0.971757538368114,-0.0138825132357776,1.45757852763076,2.61145033447876,1.2919552295122,-1.56381522671193,-0.185454650142832,-0.377503243008699,-0.889596747960403,-0.0742075893964193,0.0354455164139561,0.550577974200231,-0.0271712789934873,-0.0249206212266212,0.0736053986634045,3.12,1.0
53031.0,0.206075454303215,1.38735982061524,-1.045286987034,4.22868619369076,-1.64754917421782,-0.180896946218666,-2.94367757476862,0.859155533266087,-1.18174300683428,-3.09650359868717,3.20091235546057,-2.45083242908802,0.316619878616412,-6.39717031528651,-2.12972836543767,-2.42737307534442,-4.44847225233098,-1.21222044988735,0.0346554556282822,0.351484399563241,0.46919942584802,0.344930464195865,-0.203799378001586,0.376640378487856,0.715485489514387,0.226002880910544,0.628544616302757,0.319917987612491,0.76,1.0
15279.0,-0.741128328442462,-0.574571942808084,2.93471059887121,0.509933091836012,-2.12506366263055,0.736330814439691,-0.0542550730409221,0.266074093247153,2.73652130953296,-1.57224479655177,-0.343264749052838,-2.19463499115458,1.1355733499508,0.109717855512745,-2.27041330720768,-0.459127403551929,1.27148806852081,0.192287282256697,0.221042562031815,0.385092687951619,0.102465380820326,0.609173404866258,0.362983256352783,0.757117111353693,-0.128432894992927,1.14722891916179,-0.0627081640480419,0.038547660705054,236.03,0.0
50706.0,-8.46184470133154,6.86619841481805,-11.8382692206767,4.19421096699453,-6.92309709702798,-3.22114664850055,-7.55349651116055,6.015618186942,-2.4661434402463,-6.24624318477127,2.94398521977131,-6.51238933713471,-0.698175946764313,-7.54364593187217,0.92645528395257,-4.3302948063467,-7.33969796421674,-2.55090085394741,0.645904895509124,0.814710155897088,0.918244480856236,-0.715366336614015,0.210747336284603,-0.0602114737129364,0.509534595479059,-0.257283692851139,1.17002651560613,0.229300914797861,99.99,1.0
68100.0,1.22429186822972,-1.08512884628293,-0.0817999008304746,-2.06070443672196,-1.21732129031433,-1.03720388219613,-0.380289769447184,-0.148772219464993,0.297641453328349,-0.276359851128669,-0.277760590444951,-0.260664145842174,-1.02218809430369,0.542826811428167,1.89519538488854,-2.25944146109749,0.503962238856681,0.723624489218906,-0.310748189131364,-0.423824090005605,-0.479583058161686,-1.04977441150452,0.0780088640020894,0.0335225705548466,0.185300036421268,-0.154060263123716,0.0117948120798806,0.0284590958965423,95.0,0.0
80736.0,-1.30943904408498,0.0665524742724608,0.617989697260857,-0.975909880684216,0.600457863770472,-1.21301807582418,0.618932272060018,0.0260341394366492,-0.388411639447063,-0.58093298220206,1.02436152844469,1.38063406698536,0.786290096123693,0.081900474578171,-1.46087161606501,0.0855386051014781,-0.551372233899401,-0.27256269593049,-0.029008223403776,-0.254048735390401,0.0811811870984359,0.544629383206065,0.529856880522957,0.437662723508318,-0.384199505964126,0.78583694738126,-0.260110266952982,-0.213208578382863,11.39,0.0
35926.0,-3.89658259167336,4.51835470349753,-4.45402724041253,5.54745334718879,-4.12145857265685,-1.16340665785105,-6.80505305303552,2.92835625399971,-4.91712959933528,-6.60046062150676,3.36784560815482,-7.88897751950988,1.68260346667335,-7.62865191597326,0.779245995683184,-7.53340432942796,-14.0646239413114,-4.96010863308331,2.52578492424474,0.757286726552078,1.69104203001122,0.920020577187708,-0.151103893232396,0.0110068782298363,0.0803032669086078,0.412191351423526,0.635788870982512,0.501049550484962,4.56,1.0
41413.0,-15.1404496225073,7.37804241221284,-16.356367356494,9.19493491430021,-13.4661632895942,-2.95843050082103,-16.1655386244192,10.0752539455532,-7.90182112627786,-13.0094028057641,4.82823533219729,-11.0584014244364,1.99812557552295,-8.59204740189288,0.540385309176116,-10.6157452968661,-21.0178983428443,-8.39739305199317,3.18355894967976,-1.69148198782553,3.14742810473234,0.341677595071206,-1.15016247089952,0.795189734964946,-0.194542181109758,0.145963568626439,-2.45868034756574,-1.18988788135128,106.55,1.0
32686.0,0.287952771527529,1.72873464521162,-1.65217304572257,3.81354418795523,-1.09092715391318,-0.984744665624589,-2.20231792699069,0.555087932252191,-2.03389204830362,-2.73415555507211,2.36843367282003,-3.65680265130054,-0.169534683304731,-4.74441333023745,0.765192829294304,-2.47951355643698,-4.93111196829858,-2.54740252736051,-0.90268980289448,0.265250210286539,0.262201510185118,-0.633527564205563,0.0928910102678184,0.187612655556196,0.368708354409639,-0.132474029018571,0.57656075692479,0.309842705461879,0.0,1.0
57163.0,-10.3630494651588,4.54367201286394,-9.79589773551539,5.50800333404763,-6.03715599427489,-0.133492972364907,-11.7243461176622,-3.19834557193323,-4.76784222430147,-9.33212806886128,5.2241240042156,-7.74312234505579,-1.56034320038539,-7.14041803349475,1.18597782557697,-6.59870406570123,-12.1205390025684,-3.90409153348034,2.51343040062446,0.924396179705582,-2.45714487251707,1.68725664165106,0.977178353536712,-0.543368976583511,-0.289124786926125,-0.107586425389056,0.330641897772597,0.163577149556086,1.0,1.0
117471.0,-0.738368266651201,0.320216815346027,-0.284072051993452,1.28756230831825,-0.0451748568284617,-1.07160018968531,3.36807993314556,-0.863260511784286,-1.29874858607706,-0.259664377519053,-0.234179182527977,-0.799020858521516,-1.47208020461534,0.993520055632801,0.0921504463032806,-1.60744593357459,0.458881028410459,-0.29719792857814,0.294063044221459,0.727032539266474,0.588269488695771,1.32792478883531,0.287107154123924,0.865844381181948,0.853492950469397,-0.0941280327947512,-0.20589106244971,-0.0840645678025782,377.6,0.0
41203.0,-8.42681446458936,6.24165891255794,-9.94646974501132,8.19961393161759,-8.21309336768256,-2.52204605104398,-11.6430282742756,5.33950009801351,-7.05101582770698,-12.2653238444006,7.04773274001302,-13.7429528415799,0.821627223133927,-14.1074642630375,1.02047093981622,-11.8478871921138,-21.6739867132891,-7.78404247450965,3.20430921695579,0.563869352833826,2.42746037443776,0.692666548056743,0.0203051671536146,0.499809093124917,0.467593621860553,0.483161969665241,1.19567086957704,0.198294350072086,88.23,1.0
10951.0,1.17171561835243,-0.0943573080980669,0.960921979539533,0.26718982843147,-0.907104598016112,-0.629009652484027,-0.543630170952179,-0.0534741669263276,1.50675469784951,-0.347083105686043,2.47167170159305,-1.76919951118727,1.37428666920295,1.74490775833503,-0.101349885301974,0.639574869604451,0.134652428113857,0.622900625979748,-0.191274328653509,-0.0769311523773531,5.63710975619772E-4,0.189459154207825,-0.00665846109295309,0.557558106703864,0.136481040615341,1.00064619967902,-0.0966730495640663,-0.00125760448911201,24.95,0.0
83994.0,-2.40412820572543,2.59376360892721,0.693632986203522,2.72262798481787,-0.753543160341063,-0.621859729868139,0.339882997806306,0.233197927449069,-0.368195821619355,2.85514817647787,0.284341028611849,0.725059988316074,1.69378949674356,-0.357817140001448,1.15937316889106,-0.283051699997728,0.080087471394207,-0.416061626772597,0.35406669820428,0.747662757469974,-0.218724618239125,0.257188978197073,0.108726276212524,0.930832952054362,-0.161494068416713,-0.0225158848390823,-0.396307223691756,-0.579835024375031,20.0,0.0
45525.0,-0.370448871661976,1.17270736861664,1.4449005901655,0.135932873896227,-0.0655689512323723,-1.16609059394046,0.747035897810822,-0.125792950642924,-0.503835309465938,-0.527138740928822,0.178997028476232,0.337720140733573,0.640137102758716,-0.524573166183278,0.806797541000632,0.259696056776336,0.0942666461115901,-0.31620915859608,-0.217615363442352,0.141348765888526,-0.235241727210826,-0.582334833578646,0.0185795087415326,0.67631658477875,-0.184407018536166,0.0497519719268572,0.249764426743342,0.103012347081734,2.28,0.0
41243.0,-10.9407391093978,6.26158585106885,-14.1823387841287,7.18360208606589,-9.95136334372547,-3.86082033664669,-13.5473021949163,7.09647164642187,-6.29402944276594,-13.6081431627279,7.12716532148781,-12.6110036871047,1.21455639781013,-13.9062968240505,1.51406990634864,-11.1257390593549,-19.7162573051191,-7.5527890897252,3.65678707068496,-0.0883420818722748,2.26744826134981,-0.492029167950335,-0.239302865923644,0.454368210214217,-0.101611062526814,0.446996732737119,0.062292646721181,-0.439769899530758,45.49,1.0
58217.0,-0.443793956538852,1.27139528958141,1.20617786290079,0.790371244425149,0.418935334538855,-0.848375714713356,0.917690595034239,-0.235511404707869,-0.285692136421657,-0.867899742347565,0.614977120327696,-0.657947690982211,-0.948412031653891,-1.63514452424164,1.26320316314475,0.0685328870737372,1.32579410174258,0.376383480838994,-1.09619645414336,-0.0672050359210024,0.119278777095323,0.513479449681292,-0.264243409026182,0.443311288026016,0.0295163920697956,-0.335141048988331,-0.188814985117408,-0.123391459240302,5.09,1.0
28883.0,-4.88523822208643,-0.89724800496759,1.20548268360793,1.45234610094595,-0.613356786414487,1.26558795213614,3.74714535146599,-2.05515717401921,1.41334786685688,3.86867138371797,1.55828720898363,-0.705431439226443,-0.219065052888727,-2.07706344826428,0.357612663934014,1.24616597510833,-2.29986754760594,0.317474559031635,-1.00316836963403,-1.77133108216457,-1.15828061274958,0.611173244850631,-0.331053331922268,0.0887633583953592,0.765438999498286,-0.158124686671009,-1.36424503820858,0.836781507877502,464.55,0.0
36922.0,-1.77606514046107,-2.17446522638906,1.41449950805927,-1.49185408609504,1.03852566824197,-2.14811883326412,-1.10624212397891,0.0877468070242482,-0.292926979924339,-0.411403658841558,-0.357827381971907,-0.418620145936032,-1.316727616959,0.514503428344941,1.4539531810315,-3.44944471469925,1.42036794598807,0.883775515847924,1.00297339577652,0.155994979288425,-0.133535518395085,-0.358682735626067,0.167412459145378,0.4051892552781,0.426496588900814,0.291495306078798,0.00687694501574515,0.102895015617607,26.2,0.0
107296.0,1.97982398102668,0.201501766073039,-1.85860625738496,1.26755686613341,0.764450800729277,-0.680743318048183,0.456306175490505,-0.243283418548322,1.1616924193164,0.206023181953011,1.59967221699828,-2.74411533659133,-0.573690537875111,2.84438877499902,-0.942098142390605,-0.186544430965657,0.201535817070851,0.538158246578436,-0.361994736865625,-0.37366250574622,0.016330670568411,0.185997793824541,0.0335255842931428,0.588002065061009,0.342725696007822,-0.569045929415304,-0.082396820713932,-0.0731364827011615,29.99,0.0
113511.0,1.37111684118753,-1.39838566856921,-2.01603932655626,0.122795102694341,0.0244845555391274,-0.173489937437139,0.50359667455567,-0.264918569531375,0.792367787191663,-0.26486484135602,4.97448840963172E-4,1.12868989510153,0.678694734635311,0.385090942489243,-0.291770971226557,-0.0680056497139739,-0.937206330256819,0.870269651457139,0.568059299742893,0.578766582738731,0.529890864281559,0.973113945940413,-0.5578411877438,-0.947230346767408,0.411025559589294,-0.238595379992277,-0.0593639452514867,-0.011248924902327,374.7,0.0
91502.0,0.0073790751145725,2.36518252886777,-2.60028738169342,1.11160176466249,3.2764413263667,-1.7761407852846,2.11453088108345,-0.830084106599812,0.900489974281822,-3.37617706712688,2.05681205985716,-3.9842567303491,1.02196791340796,-5.96790496861639,-1.15160831490592,1.67973960141233,5.58611468683053,2.78913115591619,-2.24107485298106,-0.00638849728163087,-0.563944162060269,-0.902099515410175,-0.404382448597275,-0.0129439005065412,0.589836154947909,-0.734449052212668,-0.447529183217452,-0.362374775122343,1.0,1.0
77202.0,-0.356326154090313,1.43530513012275,-0.813563965472736,1.99311717679272,2.0558775401316,-0.54357866590526,0.487691066602944,0.0854488054265826,-0.536351998021526,-2.23120932812687,0.273983570211148,-0.535839387011391,0.595677221650834,-5.14182349291966,0.732366764261792,0.623912780633594,4.09098324669186,1.63408402811385,0.26084733041578,0.303261648412104,-0.312862941766726,-0.687873797330169,-0.267002508610821,-1.15848006325515,0.271459963711122,-0.155397186179697,0.114328416432227,0.101525594435204,1.0,1.0
79212.0,-0.480726319204129,1.21772797535667,1.27029283496464,0.046288476259693,0.10094342995971,-0.974830453753293,0.744340587007261,-0.153221794185345,-0.439607790264898,-0.421775325360635,-0.073348955502362,0.325847697794449,0.880362310729523,-0.615188927943896,0.819756061558664,0.334622326488513,-0.0413339354636325,-0.23954235216614,-0.0931452146733528,0.150208595852469,-0.236609155916558,-0.629918142946681,-0.0180735335213946,0.35482615602036,-0.146485412255114,0.0563418767388196,0.113436891413104,0.10303458403794,5.49,0.0
42985.0,-4.07597468486268,0.963031254092613,-5.07607019842086,4.9559633578155,-0.161436852450419,-2.83266299767191,-7.619765445461,1.61889544068454,-2.99209215744034,-7.14219911358407,6.27866584548672,-9.40706094796316,-1.81887396082411,-10.7395718907673,0.224206083734093,-8.42708279627514,-13.5021528919623,-4.71296758855481,2.6304759946371,0.0588612515023862,1.03073825203134,0.165327776328984,-1.01750231442165,-0.477983380813876,-0.304986825039416,-0.106089275128594,1.89971434181658,0.51146170682063,1.0,1.0
29410.0,1.01091361252155,-1.02726333095299,0.662190605553803,-1.20418662212039,-1.38828292582961,-0.43854237614069,-0.688176912473113,0.129300787182748,2.13254909098813,-1.21501645108112,-0.418067100185855,0.0869088126071046,-1.31625592416933,0.0928014141277308,1.7485032935935,-0.634105537555346,0.280320055667492,-0.0616703808016635,0.292292743706118,0.0276119495800092,0.193009807045038,0.538810092550154,-0.158234767162427,0.124332527650385,0.326288306786346,0.136543794201253,0.0317960630264803,0.0366056220926072,116.0,0.0
62330.0,1.14086473658976,1.22131743135767,-1.45295546048243,2.06757505760281,0.854742052227546,-0.981222507744598,0.325713913670098,-0.0377214068783676,0.113219371615132,-2.12697274994354,0.915947028928619,-0.468571538051367,-0.523377293666349,-4.86186658087283,0.421013353871263,0.866440624739209,4.08248488419359,1.1963181517001,-1.10076358353881,-0.0677120411898438,-0.377597095255037,-0.79345965987036,-0.132333171548173,-0.33158626897425,0.664877856718148,-0.309312434134138,0.099941947375597,0.122988311929089,1.0,1.0
92102.0,-1.66293711018596,3.25389242362715,-7.0404847120185,2.26645647990886,-4.17764891282786,-0.746924828187599,-0.248336733243902,1.09115651568673,-0.307137450847617,-5.56794705115052,2.71273940377591,-5.94840312668093,2.14472605490538,-4.21175592358692,-0.137195538810617,-2.63940913979839,-2.53235540606601,-0.667067027160165,0.626059293435215,-0.842178336511866,0.450381285220709,0.521161529635377,0.308325446158517,-0.318011840652356,-1.25536156975299,-0.691963403718384,0.264878381232973,-0.130444804408444,600.73,1.0
38473.0,-3.68468063230341,-2.65223145516621,0.965988730002429,0.418045492076936,2.4930235251217,-1.89105943253547,-1.03429815703205,0.735834235045319,-0.785745870156426,-0.901618050686064,0.988652303522221,1.20570897567727,-0.0125338174981769,0.782316006015043,-0.848153878407895,-0.153762283277745,0.041560829258196,-0.347927315808807,-0.465105109087956,0.876528816298125,0.443557187844755,-0.102668914218438,-0.294521491410044,0.0991798766277846,0.567164415378674,0.451842712878077,-0.0981623523245563,-0.575905961917935,45.0,0.0
30852.0,-2.83098405592803,0.885657038258755,1.19993009832405,2.86129223993172,0.321668777779154,0.289966026429405,1.7677604489638,-2.45104966190813,0.0697358066743391,3.24508640095346,0.675287853392807,-0.677096334427304,-0.222741128141729,-0.913786970583513,1.60333192308268,-1.0245020918608,0.0220452070437295,-0.940684674142594,0.484758940230455,-1.01692314354721,0.546589339675499,0.334970736976198,0.172105676221893,0.623590288019672,-0.527114316331261,-0.079214654387473,-2.53244529803097,0.311176714703215,104.81,1.0
87202.0,-0.41982017420894,-1.15597800832635,-2.09251550244986,2.78675032975706,0.736296592040403,-0.167291965690249,1.60002746290919,-0.117426851332358,-0.796953814299879,-0.133950251206468,1.03303201224459,-0.284367998317494,-1.20827980965211,-0.429211904447448,0.248945360461687,-0.928921529997167,1.67998551904683,1.31533886586358,2.22616065557659,1.27535802653094,0.48063971759843,0.533516931196614,1.28464540597639,0.516131270391061,-0.60294109971583,-0.305023689896282,-0.0213631449369425,0.129096385608294,451.27,1.0
67571.0,-0.758468652663917,-0.0454102784513458,-0.168438290153528,-1.31327481447103,-1.9017625315847,0.739433414882114,3.07189204639003,-0.483422244220096,0.61820276215476,-1.7690597207318,-0.651414013964987,-0.00542329080098884,-0.517194341398293,0.217469760178719,0.883558824493356,-1.17397764863161,0.24334710955825,-0.342300728238465,0.68705620239513,-0.0324998988871344,0.0426194565214976,0.397223782011498,0.0722288654476503,-0.242275996603303,0.560916469624214,-0.540954584325348,0.150606446374032,-0.117140114799884,549.06,1.0
32745.0,-2.17913506011513,0.0202179180614602,-2.18273279614299,2.57204626116115,-3.6637331119316,0.0815679330899005,0.268048730691862,0.660437428502318,-2.37402736257173,-3.58281002008802,1.97582106179607,-3.50054226479879,0.170681027067223,-2.73594037401519,1.67025110352247,-4.04629299726117,-5.07947908460579,-2.58685704537203,1.66926055335833,1.95796029993605,1.02642111100453,0.299613501640326,1.65680000734873,0.328432501784239,0.106456827905221,0.691774505774569,0.196778974067123,0.241085157494976,717.15,1.0
60820.0,1.11125587309561,-1.32592368219537,0.349584870774313,-2.10802828088743,-1.22262248554654,0.180919571785731,-0.901124415996148,0.234805383919472,0.409036708420879,-0.289923501289611,1.51496929246394,1.13962089149253,-0.187868304860434,0.160894893854105,0.815921889196772,-2.53870668863457,0.632783316538718,0.862298214340761,-0.359530974243514,-0.398600521615186,-0.233994009097421,-0.135362249648207,-0.0159198952855871,-0.262524800769407,0.211599943383004,0.036656241748395,0.0614722209970125,0.0190639936864583,89.99,0.0
7519.0,1.23423504613468,3.0197404207034,-4.30459688479665,4.73279513041887,3.62420083055386,-1.35774566315358,1.71344498787235,-0.496358487073991,-1.28285782036322,-2.44746925511151,2.10134386504854,-4.6096283906446,1.46437762476188,-6.07933719308005,-0.339237372732577,2.58185095378146,6.73938438478335,3.04249317830411,-2.72185312222835,0.00906083639534526,-0.37906830709218,-0.704181032215427,-0.656804756348389,-1.63265295692929,1.48890144838237,0.566797273468934,-0.0100162234965625,0.146792734916988,1.0,1.0
64585.0,1.08043336974687,0.962830680816555,-0.27806547765439,2.74331806279958,0.412364075681078,-0.320778352962878,0.0412895489552235,0.176170299597767,-0.966951551053629,-0.194120466505581,2.14005681553663,-0.276308752749667,-1.19130573752489,-1.88027540328199,0.398271956336376,1.36743302249318,1.52266169956075,1.02631748255981,-1.57707047840184,-0.172658644566365,-0.00899617409257402,-0.0570361435998535,-0.0536915092211487,-0.0263732767799466,0.40029973123052,0.0728277709127376,0.0270429343018625,0.0632375727147923,0.0,1.0
11023.0,1.45161013240758,-0.389243509106278,0.435590744191638,-0.645435804417387,-0.685686355450879,-0.428211884819653,-0.733663914756386,-0.226165882194115,0.590536518240299,0.231228633581493,0.0412526044620253,-3.11187884303757,2.485969999606,1.05884058905182,0.146404882883798,1.45928561852117,0.582397335257229,-0.833181471234436,0.583006790254859,0.101558558675225,-0.0904580867394212,-0.0841648622172672,-0.0850233159606329,-0.484434789582446,0.46570569491982,-0.271931768578788,-0.00998888017797929,0.00867870587179483,15.95,0.0
42254.0,1.13144286117692,-0.439014788653184,1.14993239442945,0.84574484749234,-1.18111725772423,0.0947471959384211,-0.908477795231971,0.386272013234878,1.39309991211421,-0.194944888335315,-1.03639612124156,-1.11204011701304,-3.05491768797998,0.234776548058138,0.790019580654316,0.0152025525778764,0.280069368019874,-0.306362409456962,-0.378799050021099,-0.324687489279304,-0.0981200285154294,-0.209367538801791,0.0960130545929721,0.0384393146338596,0.076567170414793,0.356159568437013,0.0127812908903416,0.0177267676653357,11.32,0.0
76691.0,-0.711637013107687,0.506400047871338,1.1482459932584,0.942586854200861,0.459609836810838,-0.558449756471961,0.491598080179026,0.109702748611499,-0.337763215730644,-0.0255786796732376,-0.506493360927692,-0.670916349033266,-1.21856189077755,0.60754869700677,1.42444518419313,-0.570975669116786,0.163956236469501,-0.167189377856624,0.0428052676850161,0.219235675983021,0.179991452018625,0.474871904331057,0.0550378826384806,0.0483300513144999,-0.274705965192744,-0.284714641239669,0.397221372204954,0.230875454106675,45.6,0.0
58822.0,-4.38422089880268,3.26466481012305,-3.07715801666012,3.40359359659281,-1.93807528041028,-1.2210812776781,-3.3103166090276,-1.11197501012863,-1.97759328056305,-3.28820356526528,2.88609147657536,-6.84897793447677,-1.02923459062256,-7.46010298330266,0.0559060176229105,-4.33478342671028,-9.87456039324105,-3.54190332932228,-0.531558760456647,-0.141533268810834,2.07638272101207,-0.990302787008607,-0.330358452316133,0.158377625833497,0.0063514462492984,-0.493860013315231,-1.53765237842389,-0.994022490842227,45.64,1.0
35087.0,0.510168768155568,-2.53963061925506,0.176184394538763,-1.61387098948828,-2.02075122447102,-0.279000280826957,-0.415542905318208,-0.145151585531464,1.11787283610435,-0.762916120250042,-1.24615869022023,0.732673869370735,0.670200853065278,-0.57244877418362,0.240185521649034,-2.24160414875749,0.38048125656811,1.26368529256975,0.450950417571086,0.464151821126595,-0.298098644335934,-1.04249878485907,-0.393458410374085,-0.0754494229220148,0.236096881545239,-0.201469265486257,-0.00207267338921608,0.10505239333776,466.16,0.0
32513.0,-2.81075232642712,2.53418101672353,-2.95878678011595,1.1089729369646,0.395947529753011,-1.64728495434078,1.81980139566539,-0.862751697132177,2.63070466609421,3.76932571836081,3.11211468735514,-0.71272463520794,-1.3843285463792,-4.88826425793844,0.942742917033509,0.545513743244248,2.12698645983227,1.71788839533183,-0.463104572380089,1.29547566528264,-0.936264230783607,-0.186686076449858,-0.225725147857213,0.15758974207567,-0.165142513083711,-0.643354475069493,-0.689471805887989,-0.937880173397356,89.99,0.0
109297.0,0.745153216872909,2.80929887414381,-5.82540635746786,5.83556642595055,0.512319881201007,-0.615622343185995,-2.91657564356736,0.776710041712962,-1.87883185000296,-4.54693575081085,4.69879549591235,-8.50778570734412,0.718249309268122,-7.62871014660448,-2.24957848303647,-2.55866861696795,-5.30462366328046,-0.956938449028105,-0.585321852047277,0.40283675391689,0.284840710005163,-0.874383479410998,-0.0839950451669313,-0.651441658316508,0.454593823671078,0.0503758982755266,0.756952562644727,0.383868938615243,0.0,1.0
70872.0,1.20602463566445,-0.546707408826905,0.130712655871496,-0.403722782887249,-0.974231119015938,-0.849191511135767,-0.466741542784076,-0.0853455580318349,-0.919685859373131,0.260091835833857,1.75114882035839,0.199161553374457,0.0131649147480736,-1.15107536329673,-0.655567093691736,1.25109758692628,1.1290927992333,-0.820870445956295,0.858594216624403,0.23065119820735,0.0246458899333815,-0.0856014045969282,-0.0564601869079989,0.479696883043996,0.398650697083711,-0.338796459948622,0.00676404927369982,0.041510592564996,77.0,0.0
81177.0,-3.01496669360759,0.434070708158862,0.529773665028702,0.286858651768967,0.356036035384522,-1.20159739278958,0.352830501265417,0.120967817831103,0.531822583760974,0.90955544232895,0.459055805930574,0.356004274419557,0.446598543598777,-0.761230410590525,1.31856821246687,0.0879488030268308,0.325580158917735,-0.823263040322288,-0.480105848180784,-0.473007446443038,-0.707951819284647,-0.381345883441649,1.12993771905783,0.360309131592466,0.250806524328598,0.144250040360898,0.682876964514509,-0.0345721259450156,8.99,0.0
109693.0,2.25494554737934,-1.6102379775567,-1.90037675455101,-2.37984564568971,1.00661468952932,3.66418158649016,-1.97279070113717,0.810131197945355,0.0830131547657648,1.19503825061764,0.705489832274153,-3.21008379206646,2.02427919954214,1.07126743931331,-0.399247218377781,-0.547364669979882,1.08488983948662,0.149351710404664,-0.550960719600881,-0.384647493880694,-0.291546121078535,-0.186429653160959,0.304570788109679,0.623265841912446,-0.269073100231032,-0.194950070697422,0.0185391357551206,-0.0560728978356545,22.0,0.0
108044.0,-0.374143747142088,1.7114432986684,0.965111505660904,2.66616062564132,1.57471299194859,0.253285475055967,1.20764827909706,-0.144261247665868,-0.827872317266148,0.314330142351508,-0.514709493277154,-3.17429520526805,2.04472758671391,1.65228131395134,-1.48704808105973,0.921222156699511,-0.403686878541723,0.264691865728322,-1.98661858893004,-0.167061377750886,0.153233803522929,0.576633195467368,-0.303853355723698,0.515734156109303,0.0608646299200992,0.0252815768751315,0.0666990404700407,0.153564757019539,11.94,0.0
120118.0,0.28116810683219,-0.0420345097810419,0.844375147226171,-0.295518079489995,-0.800159559745322,-0.150095702976879,-0.220031706050664,-0.762883929336112,0.912945370165287,-0.600096536174532,-1.46054840859138,-0.543131293782905,-1.27395258508314,0.0773249871536349,0.175931542730635,0.520004902494074,-0.533895214243789,0.251427946237371,-0.580277344065321,-0.230009512252076,0.949784631904546,0.248345159216015,0.0283911490803986,-0.0977955377686959,0.36015057759226,0.60785609084748,0.160879601406458,0.269317940655087,74.99,0.0
14513.0,1.16105172091489,-0.0624585692863632,0.872879893302489,0.153903406983266,-0.540547029056605,-0.0252293158870525,-0.584328006433153,0.0559288124381807,1.39892223610068,-0.409853113753703,2.64269300750505,-1.33338993023614,2.17693846501131,1.60202252308073,0.0780745290303747,0.369117704391363,0.292757009842046,0.14274298979349,-0.474369435501776,-0.069848847206689,0.0182359316499923,0.335155472575239,-0.00415725948422749,0.0609835502416889,0.121140084265225,1.04145182781303,-0.0736085059896046,-0.00663511144631929,15.95,0.0
53451.0,0.385108461103674,1.2176203228402,-1.95387216540948,2.08707599095328,-1.14422540643716,-0.57688799482478,-2.58286504391682,0.643229999334504,-1.19123269237613,-3.09509360697848,2.82114488798301,-3.1005456578695,0.146199374342408,-4.51012391529804,0.574490022660784,-2.12346278453199,-6.05331938825344,-0.70637615273475,0.572791028207014,0.380545212283106,0.594623132460925,0.372143665842342,-0.310455791389476,-0.624065148802846,0.840216130296559,-0.159451766672991,0.599482364663208,0.288915549852885,8.0,1.0
100501.0,-6.9852674861123,5.15109356872598,-4.59933777342036,4.53447860064768,0.849053978611719,-0.210701203278644,-4.42522968507474,-5.13452515572624,0.0693205728889109,-0.870997150804889,5.20081516878268,-7.80222778971281,0.0339124179895287,-7.56013197197136,-1.01465193469311,-1.50792960088674,-3.41027456780471,0.107544007359072,-1.37551765637273,-1.24699631854492,5.45367185347674,-2.05617714358307,-0.280333720590026,0.120771472511766,0.569357720918146,0.145971466001576,0.300193469284684,1.77936385243205,0.76,1.0
55494.0,1.49960661653064,-0.734784171967683,0.142035179045359,-1.35116170576023,-1.13515645053953,-1.20669960898218,-0.417298862192304,-0.444552894986543,-2.37723277954819,1.38386820613765,-0.0946038923636486,0.0638415344279732,2.05505428914616,-0.410813869471338,0.184271690744094,-0.64399367409071,0.526977058238616,-0.769595235558441,0.0190768908255481,-0.191199913641616,-0.534226107448175,-1.1792881948101,0.171753068597385,0.363698139047749,0.284918421148632,-0.536008646200635,0.0161996028819057,0.0264742964734774,34.74,0.0
68353.0,-0.373158771477255,1.44160765833195,1.80688897536549,2.56676964013617,0.237320961738122,0.340843663224338,0.457822093584429,0.202617123853412,-1.66444060674504,1.02089938013923,0.901707936813629,0.0741397242072351,-0.028117734677764,0.469427548495762,0.621111079497879,0.317845709035426,-0.38490438180172,0.515659892369772,1.26721196771001,0.280924655951897,-0.167283645693455,-0.437913793819406,-0.0533069713833753,-0.0497518029561403,-0.403349092930391,-0.0363971442792094,0.375700921668793,0.188808876412963,2.68,0.0
41505.0,-16.5265065691231,8.58497179585822,-18.6498531851945,9.50559351508723,-13.7938185270957,-2.83240429939747,-16.701694296045,7.51734390370987,-8.50705863675898,-14.1101844415457,5.29923634963938,-10.8340064814734,1.67112025332681,-9.37385858364976,0.360805641631617,-9.89924654080666,-19.2362923697613,-8.39855199494575,3.10173536885404,-1.51492343527852,1.19073869481428,-1.12767000902061,-2.3585787697881,0.673461328987237,-1.4136996745882,-0.46276236139933,-2.01857524875161,-1.04280416970881,364.19,1.0
65226.0,1.1071629196703,0.454202236369292,0.709818789118401,2.45041268387328,-0.287660440156991,-0.360717383399147,0.0235829369523815,0.0295174468064478,-0.914644577079602,0.880414524787303,1.20857929568038,0.309453818945909,-0.683983330078121,0.61246053430303,-0.151442754630526,0.818515352992268,-0.76550073477034,0.30826536649073,-0.842684490712835,-0.156292568601255,0.119765700259884,0.228533159833413,-0.0630534612098385,0.516222930025139,0.476168030828705,0.0387402256952583,-0.0218222795525419,0.0140241089352592,18.92,0.0
41196.0,-0.352534685095203,-0.571008609584478,1.31957810256991,-2.26876796900816,-1.33921066812614,0.552534183438116,-1.87981917354249,-2.58082521299921,-2.36084417817641,0.152278737425038,-0.808661135822159,-0.568130393980964,0.896456541859474,-0.21137780792627,0.561813231295973,0.122134633501312,0.326640745423896,-0.060718689863458,-1.54212790435839,0.520754433773833,-1.3099000372628,0.40613152693823,-0.327965097079655,-0.431868965943807,1.29520720283918,-0.0424834614189922,0.0259052001498012,0.18066475613758,101.4,0.0
39897.0,1.10782866048329,-0.3086174273768,1.09671705623317,0.693354604865794,-0.900647126267556,0.219584872690875,-0.698185863474176,0.234457179655992,0.690956099478142,-0.083680679902771,0.6723369569547,1.01981302036542,0.0176915037526475,-0.222939845026965,-0.472588755275459,0.458889528127498,-0.54335201127826,0.372919543688139,0.363896006849751,-0.022280256245691,-0.0448244008075485,-0.0333109863855283,-0.0458925969400771,0.0530987953636686,0.257789893262101,0.316329501334904,0.00734021362800815,0.0186735578351996,36.8,0.0
58160.0,1.13539642441906,0.40975217407681,-0.0222348808026973,1.12136703041968,0.222693486629766,-0.473408954765516,0.442020028455217,-0.114986629997967,-0.704979084813589,0.201172668932999,1.82110179896048,1.32670626305172,0.408876541029095,0.693006718241127,0.120862295052652,-0.354316819691824,-0.255767084161266,-0.462461578128977,-0.46305568472378,-0.110107201888247,0.112873819299353,0.358696828298248,-0.124451104681902,0.247057922826247,0.726910731627939,-0.2842879872062,0.00356374967861724,0.00397146005045415,20.87,0.0
53076.0,1.29623080363477,0.417447287721689,0.193963067987499,0.901644194576026,0.13053136701763,-0.371634020776762,0.158125823740231,-0.202668656827626,-0.0795117562857989,-0.0450882478448673,-0.876737591678351,0.687487636238951,1.5747177026257,-0.00779123029058128,0.948315691837591,0.37715383740261,-0.868182736046053,-0.0671351121445059,-0.0644929660672327,-0.0295593500917474,-0.112113509551068,-0.2200020323662,-0.121021883862135,-0.440454448442227,0.671540040565908,-0.413518433654353,0.0328380408333744,0.0206001971066775,1.18,1.0
11635.0,0.919136507326981,4.19963266902077,-7.53560659365729,7.42694037455047,1.11821533001319,-2.88672235145027,-1.34103599607144,0.363933268353337,-2.20322443100109,-4.13784019622865,4.57011280759332,-7.62916958856017,1.73391746350254,-9.44037499459843,-0.0233533498971062,-1.23395828198259,1.63200885764087,1.3157345644727,-0.287188855297045,0.535434663150233,0.316093599204254,0.0551792270194195,0.21069215028398,-0.417917881438145,-0.91118827562932,0.466523924588163,0.627393270472548,0.157851282541588,1.0,1.0
35866.0,-2.04448868873478,3.36830621710984,-3.93711139061868,5.62311973109633,-3.0792320390481,-1.25347411822809,-5.77887959312275,1.70742815771205,-4.46710312294842,-6.0677981503786,3.83978771072745,-8.27784094846266,1.49391490811495,-8.41668121212274,0.792297928201949,-7.86265882647354,-14.5708366290177,-5.18538553288232,2.41438956859515,1.11202761894884,1.48359421639379,0.834310712862216,-0.148485620188757,0.00166885452328186,-0.0389957310939217,0.389526401954901,1.30023645611458,0.549940374167289,7.61,1.0
121544.0,1.57942205749629,-1.47945393180191,-2.85634791683381,-0.334885549539252,0.0596433087056156,-1.00938021381377,0.845419860207768,-0.526870404098179,-1.39572502425456,1.06420365041223,0.625324506566451,0.191858997841779,-0.494307382005923,1.04832912028916,-0.952213094264701,-2.0119332524564,-0.0294148134051457,1.2439596646286,-0.482063430101147,0.0411173970049592,0.13941795348521,0.196844159253361,-0.349319216982465,0.840548853547383,0.349068823141591,0.930009023983538,-0.196418148080206,-0.038021971028886,340.8,0.0
73280.0,1.4941504672544,-0.900203125312769,0.59300742056176,-1.24800206189682,-1.66389729449605,-1.20540319793171,-0.861355913689395,-0.305254410033896,-1.95445156729571,1.42310809573525,-0.0871730593104381,-0.466363270132164,1.01101042603849,-0.400811822123243,0.480247150136693,-0.52382232001665,0.595578036969574,-0.21882011828092,-0.372381357162163,-0.300201674269098,-0.185420190749649,-0.116437416282081,0.0669086353223012,0.7042268651308,0.362390585633307,-0.228483995476125,0.0339013308005153,0.0257388260128336,15.0,0.0
53507.0,0.909681287149055,-0.569129765902121,1.22693171514803,0.88932445098556,-1.25923410729498,-0.0664851179978639,-0.584923632213403,0.184811942695611,0.66570996817895,-0.118944091687453,1.12681893968421,1.12673462194434,-0.198549391515709,-0.14458577405878,-0.48684725057567,0.320432804235649,-0.338958867175715,0.232329124992137,0.137344498072009,0.120115653450301,0.0390163478886985,0.0107797219048778,-0.0522240161690932,0.573240544751977,0.151234158527404,0.27554291957199,-0.00844975080677797,0.0381010635239472,119.8,0.0
63270.0,-0.351276348345197,0.950885912484962,1.19049922655553,-0.219245671401628,0.231285210852325,-0.438923195789847,0.62078112429323,0.0481525327151065,-0.174054557929947,-0.280066979388589,-1.33441201786882,-0.905651720517845,-0.910191550226827,0.308188630877503,1.02847653701394,0.494198851732034,-0.63586667315854,0.054619039008833,0.336841242237593,0.0542341090775356,-0.295711735151412,-0.837778306833591,-0.11207669318843,-0.504173853124295,-0.11901299336805,0.126829672868556,0.257075573082505,0.110077548728768,3.56,0.0
102542.0,-1.45687631770562,3.74030556080113,-7.40451844591174,7.44096403590735,-1.5498779534738,-1.66169686169337,-5.75721301357641,1.61501101078404,-2.19488072574389,-6.80713525144464,6.82579316213884,-10.3997491177692,1.83644883978883,-11.872845098188,-3.6423925983095,-6.0441031440521,-9.75077638654123,-3.11637225405711,0.0653171492484702,0.529557330911833,0.957897451629944,0.145339479676781,-0.0447039008346728,-0.544961671329029,-0.757756535554721,-0.00535236923589807,0.318152285707546,-0.323553622642371,2.28,1.0
87100.0,2.24992615444516,-0.569882957024598,-2.35903400769359,-0.912849672665743,-0.0166587533479335,-1.72486395076559,0.295947944091268,-0.49271473512279,-1.07875197623234,1.15979045840912,0.795989538848819,-0.806361179703204,-1.81376022756525,0.960580316258157,-1.07499756126311,0.298455345329617,0.430452007094428,-1.10699200450018,1.01458797073783,-0.174426757758798,0.516111410700839,1.47373067875184,-0.209155805015326,0.137433178068734,0.668808579636326,0.280389121708131,-0.109163214622238,-0.105962541401658,10.0,0.0
67665.0,1.22846129167745,-1.18021769970696,1.62768962907847,-0.335551149863583,-1.78555502405721,0.901651410748022,-1.7863221661367,0.547646798668845,0.554463406786026,0.407591760858591,0.636279870131971,0.303857862010742,-0.792256549537135,-1.02934235748123,-1.74354292528513,0.496561685655395,0.95885873979039,-1.23077787752142,0.92670841070096,-0.0401287620313669,0.209043893810687,0.934033238206799,-0.0637735181470629,0.0814901908435992,0.354544554674425,-0.0309646545906447,0.0946430309105026,0.0118280569624043,2.0,0.0
80014.0,1.17532641256445,0.152907509126662,0.505611023320094,0.454340842521188,-0.234209108431296,-0.197021352718269,-0.119426639064841,0.0802592340996166,-0.218437444889389,0.0592134018658472,1.70267866364272,1.14339931575801,0.212524700601482,0.463667639803761,0.583206502611464,0.20715734640453,-0.396173417674355,-0.495592640065939,-0.186924979844692,-0.114796517588055,-0.178523438135322,-0.517493620757687,0.153743841012062,0.0126879735743169,0.115009369811402,0.106999442732774,-0.016288059522282,0.0053270226544405,1.29,0.0
94141.0,-13.5120737201635,8.21517673687939,-16.5826057272747,6.20736889019759,-11.3184715177058,-2.99720698778128,-17.6404704062016,0.0403490750758574,-5.62023218946632,-15.1237521803455,5.93465734341534,-14.1750301634055,-0.169044491655796,-6.55255368427192,-1.57000723316824,-12.1725530183154,-20.1645422294456,-8.66881519685045,2.55087034384644,0.694574465326517,-0.907905601256761,1.5140282763652,-0.141879203311202,0.789185965955202,-0.0313427677694401,-0.255056581600699,-1.86583088908172,-0.442204311521227,45.48,1.0
49309.0,1.31566523359095,0.383807279554403,-0.027335058499147,0.49169697462718,0.0956259281183829,-0.584210049848738,0.118265301503368,-0.192388772958581,-0.017661810303705,-0.302226767965137,-0.694258344335473,0.337876755473708,1.0847077142292,-0.479289459196039,1.07628356359701,0.689138268100189,-0.350347509444811,-0.113691005310367,0.112587556823021,-0.00850717442817051,-0.334434647947535,-0.92494272954765,0.0164815888880798,-0.488906298929957,0.351750175171664,0.144659065839484,-0.0194235107679721,0.0237192650342302,1.79,0.0
58642.0,-0.451382569628168,2.22514650025341,-4.95305045271638,4.34222824814605,-3.65619018970243,-0.0201214656089607,-5.40755361778584,-0.748436141338482,-1.36219775131112,-4.17062288702767,3.76230638231684,-4.22622469486547,-2.04669403006077,-4.71049793587464,0.217572360008267,-4.73908378383857,-6.13188675183675,-2.42587063860491,2.31416486951171,0.724381267691587,-0.575924092076688,0.495889440695266,1.15412793921228,-0.0161857864909953,-2.07992826296301,-0.554376906341192,0.455179270612071,0.00132065645985432,113.92,1.0
94362.0,-26.4577446501446,16.497471901867,-30.1773174564996,8.90415677106517,-17.8925996927224,-1.22790388102871,-31.1973285494605,-11.43892041491,-9.46257260540015,-22.1870885620007,4.41999660154863,-10.5923050053728,-0.703795803703315,-3.92620731586873,-2.40024649210124,-6.80988994039049,-12.4623149481086,-5.50105078380738,-0.567939572890149,2.81224110932946,-8.75569832116533,3.46089334478551,0.896537503959012,0.254835536763482,-0.738096558530353,-0.966564233789852,-7.26348214633855,-1.32488430656137,1.0,1.0
46009.0,1.14352054576884,0.20986667062724,0.92665412693229,1.88598599898106,-0.498745840640156,-0.101638545600394,-0.193784374376072,0.0492915677511195,-0.446397748317348,0.541636934045147,1.08587152442697,1.29919445692254,0.513013038926586,-0.183231288610625,-1.61475450389945,0.25312569953664,-0.250105041262535,-0.401166402365976,-0.113498166612968,-0.079639267166138,-0.0436325880718043,0.0575538280912783,-0.0321078141709957,0.620999715986904,0.390827548737117,0.977283210858007,-0.0610594260313244,-8.83310731443649E-4,3.59,0.0
121187.0,1.99984607953823,-0.0297419323718778,-1.69745313956588,1.41593206316514,0.189359724279555,-1.17160566083141,0.470748198321991,-0.257069295451677,0.637426344236374,0.334511398346095,-1.52244545467166,-1.2182547029608,-3.10589105200174,1.10208054854662,-0.197897782500099,-0.582663698264857,0.0115666564237645,-0.283622365896573,-0.183050289310135,-0.449247589676047,0.0223916555110397,0.118600190161821,0.00931088479656053,-0.155638078174532,0.364743019075831,-0.477275087040785,-0.0365306123522979,-0.0660181522308977,25.0,0.0
64093.0,-6.13398694801985,2.94149944882418,-5.59398556768425,3.25884522291112,-5.31551221858167,-0.637327763117765,-4.47648804491816,1.69599358704814,-1.60674315131804,-5.11725920989043,3.97722223959189,-8.06609609331146,-0.760887591756867,-8.66077095912039,2.22023798968633,-6.23759654204862,-11.0463816554829,-4.15587936834903,1.76361087438004,-0.815086315781228,0.86833985051032,0.793736498280638,0.217346586657621,-0.0219850652442062,0.145881913923651,0.665087660642875,-1.68418604869422,0.31019546302906,294.9,1.0
85285.0,-7.03030814445441,3.42199090467553,-9.52507177254752,5.27089100906596,-4.02463027558805,-2.86568161775739,-6.98919473439446,3.79155093755913,-4.62273033596451,-8.40966487562735,6.30904400603177,-8.57676143258937,0.246746716929862,-11.5340460181508,-0.3642651387587,-5.45249465771382,-11.8875700201872,-3.56358481007011,0.876018768156628,0.545698040621445,1.10339774484256,-0.541854751589521,0.0369432219896495,-0.355519004066217,0.353634382097,1.04245799282131,1.35951563156376,-0.272188101257294,0.0,1.0
18922.0,1.18059082878883,0.196898587376617,1.38900303333438,1.46605768126504,-0.79254212452183,-0.217793388908467,-0.591339345059418,-0.0734825211130711,1.91683354469493,-0.534003413530031,0.412521342153734,-1.63037687915657,2.71738978419445,0.979395501019898,-0.224191638279786,0.167520174278848,0.267641484645276,0.362660941270687,-0.6383297447032,-0.118506674402229,-0.016785937869368,0.435075254168332,-0.0888106918862097,0.375957859020197,0.524754811790435,-0.299867018530912,0.0495212767651432,0.0310197737894405,2.65,0.0
64819.0,1.20602856086463,0.605238489200167,0.417820256527569,2.22321143582934,0.440264232479965,0.424697666484433,0.0737019702396775,0.0514486314043039,-0.789033935919076,0.608606802477139,-0.891463416432873,0.137690030757055,0.878037661622764,0.123976429002691,0.794844697625052,0.693184123011032,-0.71515109464647,-0.734799892545622,-0.968435976537849,-0.116991055223801,-0.26991546424807,-0.776641045269699,0.0645331403608597,-0.80635642555094,0.311875718052437,-0.186033883070958,0.0137713837919322,0.0178251125780934,0.75,0.0
20926.0,1.20362216039555,0.882222482102857,0.261395038819091,2.69192930933788,0.344821551536322,-0.766534861111848,0.553966392355559,-0.417283315318638,0.0935177357875696,0.333279573590552,0.566809858071077,-2.15425511994101,2.49450010811667,1.78068557204113,-0.626737217607316,0.260101453737462,0.205072693232125,-0.333821623022826,-1.10112789894432,-0.120857574024581,-0.146142905806183,-0.184837150765883,-0.116363521011716,0.361097194125937,0.731489259441996,0.0249551603110567,-0.0635753133766853,0.00831091676105732,18.31,0.0
62102.0,-2.7406937112339,-6.15704898992073,-1.91155345229425,2.63193831709735,-1.90438233985122,0.943747857071467,2.58396786452344,-0.208709175507304,-0.402284954201758,-0.764714011023697,1.59380903002625,0.282074575887646,-1.61106168202479,1.52434125448324,1.08271567685802,0.107305598475446,0.0652467522213639,-0.485722693274323,-1.20226200035247,3.73207780047146,0.818413007938245,-2.27113414727991,-1.45594005627413,-0.321822802989691,-0.719434378976783,-1.00037730339498,-0.34725144799764,0.354750723048664,1993.32,0.0
40524.0,1.27064307242217,-0.0277052347853495,0.394368394237825,0.777900264314795,-0.441508816361859,-0.337300248693476,-0.184598282118553,-0.0400020727257976,0.735051372835494,-0.193924923685431,-1.32374525547136,0.018792906800515,-0.523570591069018,-0.113801923666575,-0.305572371224654,-0.196369308449527,-0.0598401941740211,-0.336484781613689,0.380051750439565,-0.154270277302376,-0.130902087739169,-0.138466759748645,-0.138902325452428,-0.0684590869842737,0.635927906960364,0.471769922228595,-0.0189556988155532,0.0036236465885662,0.99,0.0
45269.0,1.06546395161571,-0.166912995483338,-0.135804124587423,-0.0312204797548241,-0.174502221438089,-0.750677371280881,0.397251644130083,-0.211813903621881,-0.409373435608956,-0.0361265546618226,1.36033596797885,1.1748386973194,0.618533185605998,0.507185915872523,0.122802715470374,0.395669402602641,-0.603186274877489,-0.458598412755264,0.653362750922146,0.21337956638948,-0.339281088513357,-1.28993047074397,0.050543378012174,0.0459691656390654,0.09349979321911,0.610994531426749,-0.122456404235248,0.0110177138864649,118.93,0.0
41851.0,-19.1397328634111,9.28684735978866,-20.134992104854,7.81867331002574,-15.6522076772063,-1.66834770694329,-21.3404780994803,0.6418997011947,-8.55011032700099,-16.6496281595399,4.81815244707108,-9.44531478308794,1.31705629332341,-7.24346097400378,0.830910291033798,-9.53325705039319,-18.7506411474674,-8.09264877340557,3.32675827497024,0.42720343146936,-2.18269194560955,0.520543072366642,-0.760556415188733,0.662766638397236,-0.948454306235033,0.121795925829793,-3.3818429293561,-1.25652362136258,139.9,1.0
42571.0,-2.13797649387301,-2.85818608336939,-0.920066259250304,-0.029203710780454,-3.2001402474074,0.737229511978791,4.64564081294537,-0.370104980381045,-0.495703579039833,-1.45919217018798,0.703397289923197,-0.497463662691385,-2.0594258395279,0.775664719821969,-1.11890984085809,0.316777392676112,-0.41754682169485,0.495267438966157,-0.365718053623643,2.28940796486926,0.842883512103639,0.315441520052696,2.82380085370829,0.431008924420325,-0.598883707173591,0.682181549460696,-0.304257394173472,0.284277291379145,1174.0,0.0
82125.0,0.833190295617903,-1.76672354511575,-0.710455653993325,-1.77530387883172,-1.22336611212125,-1.14613896802021,0.224215768340922,-0.435442694717519,0.227632903655103,-0.427349844803879,-0.894904249872489,0.251245888108753,0.138469324811351,0.200356174670586,0.666990567695626,-2.4332488802615,0.372782297172965,1.09724885360756,0.298986295986871,0.167224015139029,-0.228945488269293,-0.699974598478112,-0.419955701109787,0.0834461678995548,0.630127732569534,0.0839761684263671,-0.0516817583338784,0.0606221473182937,337.31,0.0
64585.0,1.08043336974687,0.962830680816555,-0.27806547765439,2.74331806279958,0.412364075681078,-0.320778352962878,0.0412895489552235,0.176170299597767,-0.966951551053629,-0.194120466505581,2.14005681553663,-0.276308752749667,-1.19130573752489,-1.88027540328199,0.398271956336376,1.36743302249318,1.52266169956075,1.02631748255981,-1.57707047840184,-0.172658644566365,-0.00899617409257402,-0.0570361435998535,-0.0536915092211487,-0.0263732767799466,0.40029973123052,0.0728277709127376,0.0270429343018625,0.0632375727147923,0.0,1.0
91075.0,-1.85506070184998,1.55496360697718,-1.40580882850107,0.669327345741316,-0.280229520106465,1.17865246733203,-3.45997906611492,-2.81515495312599,1.24222876512242,-4.15635447965382,2.20944075185923,-5.12231410931103,0.66129710617156,-3.10393771952109,-2.41086973192388,-2.42501563217886,-3.96062268909989,-0.125017788038036,0.60039728842723,0.536916458029193,-0.0953083066630984,0.94662891847112,-0.297402959067305,-0.368343891207103,0.198731156287359,-0.0785905919566464,0.366709355889324,0.0737667168278096,38.76,1.0
67571.0,-0.758468652663917,-0.0454102784513458,-0.168438290153528,-1.31327481447103,-1.9017625315847,0.739433414882114,3.07189204639003,-0.483422244220096,0.61820276215476,-1.7690597207318,-0.651414013964987,-0.00542329080098884,-0.517194341398293,0.217469760178719,0.883558824493356,-1.17397764863161,0.24334710955825,-0.342300728238465,0.68705620239513,-0.0324998988871344,0.0426194565214976,0.397223782011498,0.0722288654476503,-0.242275996603303,0.560916469624214,-0.540954584325348,0.150606446374032,-0.117140114799884,549.06,1.0
25449.0,1.136481620334,-0.531342723052711,1.10148032633035,0.206167812521083,-1.35320074194685,-0.470537687589817,-0.700685116688004,0.0862164930823256,1.23042708059545,-0.380176632765983,-0.806647190700714,-0.0456425677455047,-0.871485940458283,-0.251298424572149,0.405160791866367,0.211509609070729,-0.019060220545008,-0.265949031251369,0.225096188433198,-0.0402249818677248,-0.104003182877636,-0.246276135333185,0.0357417509746381,0.450383322824612,0.0649832581074119,0.988608326965732,-0.0481232545786617,0.0216284962049542,50.0,0.0
25426.0,1.12533553530785,1.13014648418496,-0.962975334759173,2.67568785863118,0.990074518469203,-0.243317741184431,0.316192138064781,0.122960131988498,-1.1433427947576,-0.369908966047961,1.83449419801385,-0.491243315415958,-1.12990700459946,-2.23862224442526,0.27846874170613,1.47792560308038,1.77645429510255,1.14928218583042,-1.30699464468423,-0.138813697509247,-0.166736918429935,-0.52193383894905,-0.112376257435029,-0.592076750460089,0.520791314299405,0.0433535805717847,0.0151590212632604,0.0636117222853327,3.76,1.0
41791.0,-7.22273130585545,6.15577293013926,-10.8264598371575,4.1807791786876,-6.12355510135628,-3.11413648152623,-6.89511228298774,5.16151637665229,-2.51647653288733,-6.40337055173194,3.18605794805635,-6.85557098142662,-0.837722614772195,-8.03661487513855,0.956969643768367,-4.55719345408278,-7.65470424350142,-2.58841864362628,0.718555009324824,0.818859416826789,0.91270032192132,-0.630358133073199,0.190886662173033,-0.0612634320139128,0.379774656663009,-0.266845465234688,1.19369457713473,0.257468457389868,99.99,1.0
46720.0,0.937500855517836,-1.71850126299269,0.118180837167511,-2.60329557324192,-1.53711998337206,-0.421947684160234,-0.598848793002993,-0.0021212354834373,0.84695074448869,-0.769500137211802,1.44067190736506,1.55155291006068,0.309297276791556,0.134287681095354,0.844185076795906,-2.68169358489781,0.39202629631598,1.49613511079169,0.292267386030508,-0.108861079194793,-0.15243512376567,-0.124345336991481,-0.211306501673027,0.0290702673048234,0.448874613181458,-0.742973528759073,0.084152692324082,0.052052128785936,209.49,0.0
22798.0,-2.95885656467582,3.25323567093025,-4.9667714237311,1.99159780297774,-1.25578560829473,-1.83017827537707,-0.998864382868079,2.21272798761552,1.05688685860016,-1.41180518645448,0.348442591178372,-2.71638740473024,1.19421786118939,-0.402377229894712,0.396543743071277,1.73419401996863,4.36902669608278,2.18338236440551,-0.620705056993733,-0.0830938507417133,-0.290772233084843,-0.782614793849248,-0.00607310350857551,-0.520927106303768,-0.134151404316664,-0.385030348425933,0.124957521743406,-0.229858894689624,89.99,0.0
87740.0,2.27032500749799,-1.3882572910314,-0.717210540840919,-1.6797972004317,-1.2305595682976,-0.301310655420692,-1.2855582913513,-0.101844116791371,-1.41156739070051,1.69540932991567,0.422244266841119,0.303882182198966,1.46190161880536,-0.57723447947519,-0.849244954770026,-0.155230618655448,-0.037199043410532,0.53334147164096,0.241620877536573,-0.349325408030154,-0.112218260906623,0.230410977936084,0.177487002851217,-0.484972632010252,-0.215954050259029,-0.169460639447391,0.029012480570131,-0.0573473046438317,14.8,0.0
74262.0,-2.25053480921229,2.36575487772312,-2.95549117924385,0.0897905975142065,-2.83074456678034,-0.844461639207772,-0.174061560679368,-0.407138137833787,0.174216293591102,-2.9989262562074,2.60516857519668,-3.67771661422902,-0.961254636207547,-4.62948099682303,1.94218161282,-4.18037888438458,-4.60568646763486,-2.55718413666009,1.58958220191211,-0.48653714178381,0.256559618287662,-0.466245243122949,0.291104927494009,0.242566552797207,-1.27909371150404,-1.12353433717278,-0.630976512544474,0.326839204012689,311.28,1.0
110479.0,-0.305533353070159,0.537000844103106,1.49804477428853,-0.154551328259982,0.239599947761671,0.128152310380846,0.121066342082711,0.0451635978576451,1.77956524896992,-1.21918892990889,-0.330003603651558,-2.4768853859241,1.82163382443175,1.15073476330925,-0.357949435028231,-0.128067018393109,0.267864794971283,0.76743487635586,0.0232319660785193,-0.0284933400575176,0.137804122547413,0.766585434204348,-0.162542771459487,0.633928113716331,-0.30829826512607,-0.250511300402455,0.172074540392932,0.182989730034691,19.99,0.0
49812.0,1.29382925096612,0.120785235376365,0.271102538911514,0.519711559803376,-0.380447280452792,-0.745862784232704,-0.0567263977635474,-0.083096616510405,0.320824527491903,-0.0181927468875319,-0.93354136878019,-0.643940411589513,-1.19372772028241,0.527107160310141,1.24341172656713,0.522955619594173,-0.512876858595532,-0.183967627670072,0.0795352959956158,-0.17900488892499,-0.308429787517881,-0.966963756451662,0.0938916301108779,-0.16361748519829,0.229862309314861,0.130818256148559,-0.0401790573390889,0.0105720514443265,1.98,0.0
7891.0,-1.58550536691994,3.26158454822833,-4.13742198305023,2.35709625199132,-1.40504331370135,-1.87943719306477,-3.51368687087654,1.51560674568816,-1.20716636120056,-6.23456133227108,5.45074606689486,-7.33371406736393,1.36119332407831,-6.60806825219469,-0.481069424899829,-2.60247787045261,-4.83511205239717,-0.553026089102902,0.351948943356815,0.315957258937511,0.501543149467536,-0.54686881157389,-0.0765836358993043,-0.425550366841581,0.123644186352002,0.321984539336613,0.264028160503965,0.132816719764592,1.0,1.0
51593.0,1.23347462957872,-0.00254832347674654,0.269028717110191,0.371311956138241,-0.426005488855557,-0.535530903732016,-0.168580838573568,0.042667227538342,0.0967178384300029,0.154481648434811,0.853009252386194,-0.0323202095877346,-1.46028440748192,0.7511477609713,0.539630888577625,0.627671558284234,-0.673728274500208,0.421841727412723,0.253280910614886,-0.161377967110224,-0.070789645938262,-0.311450716764408,-0.0192079493017343,7.36611963977267E-4,0.319877799853678,0.399543699687514,-0.0563980824491502,-0.00257893147743508,9.99,0.0
81083.0,-1.62256939422175,-1.17078507535283,1.09707709680583,-1.50182693688666,1.15035230803044,-1.54161012518182,-0.55862879579252,0.0270924017914558,-1.40157521125391,-0.0717261099871561,1.3232463815926,0.0144297561853549,0.620359782405035,-1.20140948913943,-0.568636517851822,2.00947901158909,0.21725780668262,-0.548438194857885,0.177560436276162,0.252593550022898,0.0575081409000247,-0.263465591600179,0.157286403412446,-0.0836879164670683,-0.348804172354844,-0.727445459100491,-0.0942711595938267,0.405452236389891,40.0,0.0
119331.0,-0.687270533665641,-0.741641212935041,1.77610875283381,-1.7645854914986,-0.457922074097418,1.23866684590038,-0.307243111850508,0.439128179625547,-0.382568072474755,-0.340607779319516,-0.594565398543253,0.821664559645975,1.0735044958877,-1.08774815287893,-2.22875829014946,-0.853036763354946,-0.73436765804109,1.85727135060611,-0.773776675811264,-0.188741099119112,-0.261589603049131,-0.299110367502773,0.167901715249005,0.101236393280612,-0.408014553134173,0.400561690642323,0.104327181073268,0.159806193367093,116.2,0.0
77265.0,1.24701346281824,-0.328906853229454,0.916438887629509,-0.727601328805947,-1.18617120760115,-0.81895490412618,-0.554173049138961,-0.0486788570140485,1.78033849417478,-1.08779416204899,-0.391762132578863,0.885414107159761,0.229805169820906,-0.202658543554898,1.24239518847375,-0.455351907792665,-0.160172791143426,0.15431732678932,0.553996122774731,-0.108405428148494,-0.00919798055133094,0.236572341348777,-0.0388666603940023,0.416941182031092,0.509301752020622,-0.687510816140346,0.0954199967676718,0.035881467002106,1.0,0.0
69146.0,1.21204214149437,-0.332866997261507,1.16638493356831,0.164672938460137,-1.22278289730337,-0.459883914171699,-0.681951218920197,0.0375544952367608,1.07850779757823,-0.392495603774236,-0.630960951547648,0.502391383053496,0.155061391333571,-0.465733960998106,0.286902589960051,0.157925584876538,-0.0792640615247742,-0.400674235599056,0.230485544753263,-0.0528630115937214,-0.115582649695852,-0.141202939536917,0.0574650800778453,0.476691485286027,0.114167653260182,0.989274737292406,-0.0340513100651096,0.0171061768365854,11.28,0.0
71033.0,-3.17081841545902,0.185734554774403,-3.39985157931162,3.76115529034876,-2.14804702797609,-1.59894442520531,-2.51956531805231,1.31621501070214,-2.40010611621824,-4.99341703829647,4.44719176626515,-5.29376010254684,-1.41957829927441,-6.42527621352443,0.914083034195792,-3.51519716625381,-6.34745330751181,-0.90351216582405,1.19160626766329,1.93225372509724,1.09205113380931,-0.0410804286307278,0.904395217733676,0.180015601586537,0.0499703397242655,-0.257099837784436,0.859281566487016,0.225924185725605,426.4,1.0
46301.0,0.414153786654582,-1.89456628491923,0.566152834221429,1.04211299222684,-1.92675265688116,-0.453655183386514,-0.205022923405915,-0.119722050971433,-0.374891147518111,0.51698889855133,-0.78877388740336,-0.356747593888104,-0.642192294098913,0.0429996824895084,0.445761122912932,-1.44295578825909,0.122960782547344,1.5208801640561,-1.37260031114968,0.290333173379268,0.0369280336608676,-0.307130153593928,-0.391954307565594,0.700731513787198,0.286854007555562,-0.287186670788029,-0.0116334034213372,0.112919014623297,453.0,0.0
117513.0,2.00587233100859,0.154649029071772,-1.59506201990027,0.330332502120196,0.488983057623645,-0.552896249140954,0.131651136035816,-0.122751894738784,0.0949721197785072,-0.243663498985372,1.48201442595803,1.35417755524742,0.772164686463444,-0.795433735542576,-0.551310712260356,0.363783300237259,0.296791890897686,-0.0603670630118352,0.196785798295998,-0.0982326392175611,-0.284103641322091,-0.709436126320482,0.343748392895638,0.633058597839849,-0.300132824681982,0.145184692754823,-0.0582288190137969,-0.0371161594104185,4.56,0.0
114039.0,1.91779632449566,-1.61864116630905,-1.11934157489252,-1.2880643154476,0.684366691142315,4.28464645094068,-2.10565534835023,1.1872165932913,0.344493451016984,0.780184384506896,-0.396310317544817,0.0727492497393238,0.462884932333306,-0.427177941450433,1.18567822648056,-0.764288538169457,-0.56558758449995,1.58864587355282,-1.42069691127423,-0.359764579099038,-0.110118662172756,0.0715249736699413,0.304744027417377,0.706987913330418,-0.641762808148814,0.526962612296809,0.0452069848221119,-0.0224514627581944,77.8,0.0
102114.0,-28.2550528932108,21.4672029942752,-26.8713387797136,11.7374361361796,-17.9996302850189,6.0659013519233,-41.5067960832574,-38.9872627434095,-13.4340663182301,-24.4031849699728,3.40932261990014,-9.60826735632918,-3.07631796817408,0.240060357919937,-2.83667693195872,-6.594756991638,-12.9575309948449,-5.61352195004329,-0.248828402209821,10.4407179813405,-21.4537362781468,8.36198519168435,4.90911112135878,0.0983279449493119,-1.50873912052995,0.00871129047841733,-5.4078236392388,-0.183811044930697,0.0,1.0
29668.0,1.14009426279236,-0.676447957017915,1.08857442792963,0.496489782307417,-1.0560128510795,0.758461536603716,-1.07711563924095,0.355269684556872,-0.5996681350049,0.829840440426137,0.704560163832978,0.66853084751857,0.204348851113911,-0.144339072767861,0.0124047037036691,-1.1940719614797,-0.239053820407732,1.55669504259805,-1.11895753475395,-0.481837676279885,-0.308097885368769,-0.365338828514991,0.0339438357916505,-0.349986205634074,0.193806980582944,-0.36751700652685,0.0967884965676891,0.032619688254456,44.0,0.0
1632.0,1.29939162926603,1.2845743151973,-2.11505473253383,1.20315023694162,1.6459836480702,-0.704279112099599,0.714218274121865,-0.210202564428096,-0.766218725215932,-1.40951547090275,1.47617077382372,0.295857336404146,1.0242702022194,-3.46397243370826,0.359336598875708,1.58133592280469,1.90486780517212,2.14850516445742,-0.0430218709361808,0.08522767236013,-0.235933344791066,-0.561035249957311,-0.401926850013922,-1.32774333034444,1.04268596667404,-0.230843308023139,0.0407732639246085,0.0753373071984389,1.99,0.0
40276.0,1.15937314510686,2.84479469928473,-4.05067950821309,4.77770088131929,2.94898004123771,-2.01036111013216,1.74408581794948,-0.410286521869204,-2.45019774688553,-2.04216786301424,1.84409317018026,-2.42593281501277,-1.5842751343556,-7.2083115791564,0.459828383286257,2.37529619792022,6.4435098643744,2.59184606301795,-2.88977035831304,-0.059264385833904,-0.176541018596848,-0.433469859425429,-0.529323202003731,-0.597019604985794,1.33595405267787,0.547092070642555,0.00997894426391215,0.160769150049196,1.0,1.0
19956.0,1.19268107692911,-0.008048745745881,0.919497467195852,0.226901466239356,-0.844962692871488,-0.822723535549561,-0.397480115242134,-0.110624650179416,1.72604566269071,-0.614441132580344,1.32044335290563,-2.32753654577764,1.08466630906596,1.74021269421798,0.791067522006732,-0.04295068839104,0.873068802701541,-0.696297727701803,-0.73180165987465,-0.180917358711369,-0.224530096134715,-0.39744125001863,0.205376011034661,0.592727032826965,-0.07109444232266,0.863724231488206,-0.0852809160469648,0.00493503441965695,8.76,0.0
86376.0,-0.670238130057305,0.94520635153406,0.610050626297701,2.64006508673377,-2.70777462644103,1.95261056051566,-1.62460819938343,-5.22990786160988,0.21020202822781,-2.06990438955593,-0.529805728295342,0.999716276092526,-0.0861120244186652,-1.50855714024168,-0.450669492347937,-0.328387382736473,2.27027117814029,0.709666017682026,0.913175997078955,1.4749287568126,-2.50445018690737,1.43647237841825,0.351542386126581,0.648466904268149,0.579681417358758,0.0757375933335965,0.346717084034013,0.282208626038179,323.77,1.0
109118.0,-0.330747618864552,0.789508409794833,-0.277596338503618,-0.477041454614181,1.53736980309839,-0.780168484203422,1.04737668957317,-0.769060720912595,2.15624466931482,0.387572329596818,-0.852675482061233,-3.55988024362792,0.818260134903865,1.42950530351671,0.0176588796617895,-0.326782325375859,-0.293825279267983,0.789238767097783,0.237817573179067,0.0389616170115911,0.00499809024825459,0.898383862475127,-0.383782713282607,-1.04237223183642,-0.745304116678917,-0.267399272993072,0.0229305041990603,-0.0565629928638172,1.0,0.0
37536.0,1.42194179538632,-1.03264322201394,0.324224094315757,-1.37044532451618,-1.49305883246736,-0.913990141392727,-0.833731480576916,-0.182496038658919,-2.23417688947771,1.61925396276781,1.40842411600815,-0.133797539358973,0.389132219158793,-0.0168166411450014,-0.214954047360327,-0.376813208253546,0.369772528281277,0.382721931977503,-0.0398396352626131,-0.269196454870352,-0.0658953267862078,0.115881409527238,-0.0463065808526191,0.530059142372607,0.454015174620229,-0.148156722840651,0.0112339706310955,0.0124786500828917,41.5,0.0
41607.0,-18.2475132286673,8.71325017095966,-17.8801268207974,9.24945923683651,-14.5412125237225,-1.91156359308197,-18.0146601306809,5.52216218981207,-9.28392451240577,-14.5571590528859,4.39243558567834,-10.3800731219167,1.61182090128819,-6.91763950579126,0.158841037400664,-10.3282423879882,-20.2545556896053,-8.53452256380618,3.25653448060821,-0.526368288315335,0.598842606268504,0.615318868165234,-0.486498927270445,0.739268468431111,-0.236844752247958,-0.0460816699541002,-3.01147328474912,-1.02214746628442,53.95,1.0
7543.0,0.329594333318222,3.71288929524103,-5.77593510831666,6.07826550560828,1.66735901311948,-2.42016841351562,-0.812891249491333,0.133080117970748,-2.21431131204961,-5.13445447110633,4.56072010550223,-8.87374836164535,-0.797483599628474,-9.17716637009146,-0.25702477514424,-0.871688490451564,1.31301362907797,0.773913872552923,-2.37059945059811,0.269772775978284,0.156617169389793,-0.652450440932299,-0.551572219392364,-0.716521635357197,1.41571661508922,0.555264739787582,0.530507388890912,0.404474054528712,1.0,1.0
74159.0,-1.54878809850026,1.80869795041448,-0.953509033832342,2.21308539346999,-2.01572779170327,-0.913456844516923,-2.35601298316433,1.19716896702387,-1.67837405659509,-3.53865023182429,3.1020899271543,-3.99337305447702,-1.93741062327519,-3.82289410599595,0.830970110708369,-2.47535885382925,-5.21187516766885,-0.413871678166879,0.933262164554872,0.390785963777347,0.855138263312025,0.77474482148342,0.0590371520063436,0.343199807900813,-0.468937928609185,-0.278337986906642,0.625922215184372,0.395573378256676,76.94,1.0
53031.0,0.206075454303215,1.38735982061524,-1.045286987034,4.22868619369076,-1.64754917421782,-0.180896946218666,-2.94367757476862,0.859155533266087,-1.18174300683428,-3.09650359868717,3.20091235546057,-2.45083242908802,0.316619878616412,-6.39717031528651,-2.12972836543767,-2.42737307534442,-4.44847225233098,-1.21222044988735,0.0346554556282822,0.351484399563241,0.46919942584802,0.344930464195865,-0.203799378001586,0.376640378487856,0.715485489514387,0.226002880910544,0.628544616302757,0.319917987612491,0.76,1.0
57318.0,-1.06390927912969,0.979900166554828,1.34783184657338,-1.56097973687653,-0.226697591512171,-0.634993361870146,0.377646782898072,0.236767001467399,0.382260725021608,0.105951237525616,0.67738679899284,-0.34430594416642,-1.72359590682233,0.321813770408243,0.0449530720340141,0.92756257902471,-0.964667297366738,0.429035963232184,-0.322561584682786,0.199602338372645,-0.131860231434125,-0.316732613282579,-0.0881941281381306,-0.0172513707359682,-0.284919048786462,0.73659397128685,0.452505151310979,0.280978586985175,1.14,0.0
41194.0,-7.89688615307576,5.38101952251685,-8.45116161458266,7.96392808742307,-7.86241943013129,-2.37681997521459,-11.9497234569249,5.05135567269165,-6.91207600938549,-11.589748311433,6.64520072606617,-13.542095596465,0.888247918839909,-12.623316046432,1.00275519562895,-12.4322791426353,-23.2415971479491,-8.49529893803197,3.45394255518458,0.645974321869431,2.55794395644985,0.926277883497588,0.0327949396062788,0.638072585685807,0.361887213739485,0.444576520477986,1.10192314818996,0.205958012508108,1.52,1.0
120181.0,-2.16999515775575,2.56849937017823,-1.12322210142278,-1.23693535731587,0.666271311375941,-0.431684653363058,0.910253051711478,-1.04672059253963,1.98894038448505,2.81376766718292,1.46411059619018,0.217185633217247,-0.842450306386663,-1.79971732611271,-0.624311314405489,0.0765741989550659,-0.00955419655861301,0.0298055217367942,-0.328562828411317,1.13013115931883,0.039963895866173,-1.09708048069693,0.224229008302324,0.533111133364914,-0.102279879083641,0.0300416849848634,0.405807033934657,-0.282615400991682,8.95,0.0
38311.0,-1.25737345349173,1.23399415388705,1.18788607964934,0.382160900041971,-0.633594710160662,0.0108929727089706,1.81559814120063,-1.07873092709717,-1.15777700417209,-0.37025292312682,1.47446069587045,0.610423323694055,-0.332045139134766,0.637967126564844,-0.0663282780970693,0.0564974611408169,-0.426505442633743,-0.041227096123464,0.352781200199651,-0.401242567305054,0.459195263325234,-1.06210252787612,-0.0621237983124042,0.482155330101317,0.329404646978946,-0.687958681054038,0.128997408929053,-0.0322140189800491,246.98,0.0
91075.0,-1.85506070184998,1.55496360697718,-1.40580882850107,0.669327345741316,-0.280229520106465,1.17865246733203,-3.45997906611492,-2.81515495312599,1.24222876512242,-4.15635447965382,2.20944075185923,-5.12231410931103,0.66129710617156,-3.10393771952109,-2.41086973192388,-2.42501563217886,-3.96062268909989,-0.125017788038036,0.60039728842723,0.536916458029193,-0.0953083066630984,0.94662891847112,-0.297402959067305,-0.368343891207103,0.198731156287359,-0.0785905919566464,0.366709355889324,0.0737667168278096,38.76,1.0
53047.0,-2.22363988676139,-0.47568998712489,2.74314062804999,0.212612992173241,0.504725391007833,0.355166839284454,0.829314838623474,-1.39114468706234,0.745187272043494,-0.0439531558352491,-0.311662876774698,0.143317549803827,0.427629315499127,-1.26273474402617,0.237911377233535,0.120895586070134,-0.840763213609757,-0.356783877629232,-1.50706387919875,-0.863066922018857,0.567957658567919,0.649233015923107,0.365915027973186,0.110846541980883,0.655050084717461,-0.389790099985326,-0.244392193386705,-0.747816941960326,109.0,0.0
86619.0,-0.614963906463018,1.53779269164554,-0.0336579592902392,-0.438880169548622,1.36002945475674,-0.751056478877163,1.53849188209662,-0.561771506700988,-0.12288901210447,-0.585450258067661,-0.295133502040312,0.308654848436859,1.00093796282587,-1.464388985555,0.0957665877874799,-0.452204080874644,0.578421591031999,-0.0264962901797982,0.41856152092102,0.204107869951724,-0.19831883716262,-0.285150001126712,-0.26775870931948,0.651189503563594,0.0816100303804483,-0.475544842367191,-0.189067839730195,0.0168591801744528,7.38,0.0
41305.0,-12.9809425647533,6.72050777097643,-13.4556359425571,8.69861009281133,-11.4795517833437,-2.68151865053833,-14.0192907576919,8.21819051252864,-7.93089996826719,-12.6959474039839,5.58936163192341,-11.9608660326622,1.53867076186333,-9.88721406724695,0.6339792179337,-11.3502438549644,-21.7101876525534,-8.85945192496352,3.62971365041526,-0.84330261969681,2.54962823474498,-0.532227763596568,-0.235096473604284,0.673209169467055,0.22659797207791,-0.00616785819002466,-1.18569550568181,-0.747361321404312,59.68,1.0
67857.0,-1.73933378422429,-1.30465465035444,0.314102907291187,0.0537401062585881,-0.0586957001779964,0.0712595573040713,0.694861852921962,-0.313269934817745,-0.649377114028123,0.517567879914365,-1.35655775612738,-0.238382663867126,0.0695790190825196,-0.431690053731737,-0.674723889299605,-1.65416180710569,-0.0539606012956825,0.520745840192804,-1.55456174696529,-1.46399432399357,-0.665172078751849,-0.632078028662709,-0.421175799634968,-0.400774352865197,-0.00164030189404302,-0.495162312868153,0.0316326197006312,0.0662796878513276,320.0,1.0
65883.0,-1.10028471030005,0.858231198413338,-0.0732009760872502,-2.22131712869849,-0.152019045967372,0.102945347630521,-0.511843177683777,0.905683852197405,-1.69041739375904,0.00736488013389808,-0.513099813936962,0.0185348306877231,1.21572720982844,0.211239769160952,-0.717197912599769,2.14915106745929,-0.623543190941452,-0.266422894797965,0.832619673478142,0.0473311161769337,0.264869517463772,0.447969074954634,-0.276809648774606,-1.36130950319325,0.0675788144964242,-0.334875860824811,-0.0170553219394672,0.0425661124051423,10.0,0.0
1161.0,0.73566195828774,-2.17831412152834,0.297671135179886,-1.02364697097895,-2.0152398280233,-0.752536815055892,-0.47790624131617,-0.340175212471354,-1.94544952695523,1.19828180224924,-0.245604685787916,-0.267131622039554,1.65469048223935,-0.500297683416932,0.688636482054024,-0.184765497642535,0.375838637654114,-0.131051575186256,-0.372011726435739,0.55257543184899,-0.116226162637615,-0.833963320709856,-0.184236547977691,0.370844909391416,0.0215119953453041,-0.455393257273363,-0.025080485764713,0.101168065360166,410.49,0.0
67019.0,1.2712009601421,-1.2746482631216,0.145063481485392,-1.50431784281668,-1.10718261978896,-0.0250144674459929,-0.848502713954646,-0.0455459134290297,-2.30119365366883,1.50083898478364,1.33907737215286,0.314494570144146,1.47145425863267,-0.239976906549077,0.0624755849438467,-0.451228045304226,0.361426328592621,-0.00567988609278494,-0.228609897171376,-0.0730072356346989,-0.0820316145305528,-0.0245976652293135,-0.0946105895434128,-0.285375193054916,0.346570058170805,-0.182415502142095,0.0264133348660613,0.0223539327807133,112.5,0.0
57903.0,1.22719296954569,0.18203808651087,0.030831571147261,0.546598450369086,-0.068894447222777,-0.747858866333709,0.28775497141244,-0.305387780584227,-0.144310249418948,-0.0800947210426658,-0.559717035840497,0.67181435814246,1.39380170751372,0.0648630881118251,0.840332010353361,0.223417247295178,-0.605340259159967,-0.313136626498272,-0.0345815430170041,0.0738104582952863,0.00593101307728086,0.0226304103390552,-0.178032927047923,-0.0393934097101133,0.621395106013381,0.419911771372068,-0.0419442341878772,0.0143054592868079,46.14,0.0
74522.0,-0.454266837340917,0.816042262788272,1.6450142250703,0.0168929815714294,0.103925772456559,-0.969121751692967,0.63650742589107,-0.0971311182369978,-0.495263659881898,-0.495984191948365,-0.486807270176055,-0.1817615914979,-0.195330903562069,0.24907830646138,0.839378428797096,0.190747461938925,-0.380178425594434,-0.295690857462655,0.0721462652174315,-0.0245213874498816,-0.144789496934919,-0.514687503796586,0.0152463446447405,0.359649643527997,-0.463788597841042,0.0238653992093152,0.0797698202641235,0.135981117794367,1.98,0.0
88118.0,2.02686363785494,-0.219881936092333,-2.84590881202211,-0.531778130482586,2.46118588470338,3.26152869410636,-0.644994371378471,0.842036112089361,0.538084137306284,-0.424643564147488,0.308876593312936,0.0788404661432334,-0.2162394606906,-0.943418457183973,0.764700161146508,0.351411958136415,0.543568451867294,0.0142610120979645,-0.396949483889628,-0.105634218343013,-0.0630409892626792,-0.109165303545754,0.200521534178151,0.633307171102534,-0.106519897710229,0.5019629735045,-0.0237705612506217,-0.0384321068516666,2.43,0.0
80692.0,1.11087202417667,-0.140119924774545,1.52616676508431,1.25527188372197,-1.41112852786949,-0.537905683117755,-0.79489178415665,0.139625835809468,0.875628847800278,-0.0304339420569329,-0.405736195938427,-0.382217387649127,-1.09717099874383,0.111668614019835,1.69710818322626,0.72842225573038,-0.574437206679642,0.653050208702184,-0.908900332532242,-0.168537081738805,0.268520014284011,0.743939927740584,-0.0275142670815817,0.685844203976058,0.276967866453874,-0.271702749582969,0.066265127658973,0.046637355230127,22.66,0.0
70270.0,-1.51251575792702,1.13313858781029,-1.60105247993576,2.81340096831714,-2.66450340578315,-0.310371093924795,-1.52089516380539,0.852995775116439,-1.49649450564954,-4.05629261571005,1.55375586796783,-2.74355135914945,1.50454067059684,-5.42878849870488,-0.0160171233729703,-3.72718761269833,-3.94629958919926,-1.68028644319238,2.30361261010114,1.24958556268985,0.729827756052255,0.48528591471162,0.567005413227757,0.323585691602658,0.0408708540928058,0.825813553299941,0.41448227186994,0.267265082454707,318.11,1.0
3742.0,1.15564089107946,-0.850107406097667,-0.0569405152495437,-0.71887491272465,-0.256508772996477,0.34459802259582,-0.471798056121456,-0.14194178114951,0.445575515989225,0.0963240322294776,-0.105363308024217,-2.93485495716928,2.9816908279147,1.08204882108962,0.351900359556149,1.30074908378138,0.673030732407566,-1.37824309757736,0.516649610479799,0.423011071531918,-0.202539080634684,-0.735959607667572,-0.149031027071477,-1.38292438370672,0.292149985193361,-0.42327192792087,-0.0262729701958262,0.028498620916484,169.32,0.0
53159.0,-0.669837080037653,0.900407392049368,1.7045236257948,0.111664599121988,0.276017549851474,-0.669360005966677,0.876255856520876,0.0167675225043599,-0.541346728260564,-0.737798512623813,-0.17467716493913,-0.238273299826111,-0.803272474458766,0.387151864165367,0.658507909259154,-0.132137666645629,-0.213422129268764,-0.55217692725378,-1.37359574217966,-0.185630665702713,0.112762403430413,0.23221924998035,-0.260557803290151,0.380118483074039,0.636190879951419,-0.393480773814609,-0.029914730307938,-0.0261200074558789,16.24,0.0
49022.0,0.941409412621165,-0.869851788297643,0.737515591663124,0.528582502488924,-1.08525317196211,0.277393731176339,-0.66674940791313,0.180857456427016,-1.02711479823689,0.903611701728278,1.21308628200163,0.541674225318352,0.126816899441255,0.259051374638844,0.659725592985747,-1.11430578620911,-0.315219405261672,1.64066436309494,-1.4990287964321,-0.267299384223792,-0.0801403889690533,-0.0606724067383675,-0.0935232956645422,-0.0125095574389764,0.225857027739312,-0.301968648948585,0.0534369995566758,0.0488554426594033,153.0,0.0
79478.0,-1.2311994176564,0.220280639983447,1.31963474803673,-1.8904557616208,0.450862709354488,-1.54343882022091,1.42897559991179,-0.268733761951622,-0.0555955137064689,-1.89734470803161,0.572539848959599,1.16190176373415,0.690755756951706,0.354031065356362,0.809478222086143,-1.06964616890291,0.0623864556828543,-1.15888765091031,-0.442827803225687,0.215176288115619,-0.0940823002388314,-0.534035780569248,0.128576758248451,0.576380177043692,0.603250180534184,-1.05646175707541,0.00649084882080694,0.0778907781175876,108.05,0.0
35926.0,-3.89658259167336,4.51835470349753,-4.45402724041253,5.54745334718879,-4.12145857265685,-1.16340665785105,-6.80505305303552,2.92835625399971,-4.91712959933528,-6.60046062150676,3.36784560815482,-7.88897751950988,1.68260346667335,-7.62865191597326,0.779245995683184,-7.53340432942796,-14.0646239413114,-4.96010863308331,2.52578492424474,0.757286726552078,1.69104203001122,0.920020577187708,-0.151103893232396,0.0110068782298363,0.0803032669086078,0.412191351423526,0.635788870982512,0.501049550484962,4.56,1.0
94362.0,-26.4577446501446,16.497471901867,-30.1773174564996,8.90415677106517,-17.8925996927224,-1.22790388102871,-31.1973285494605,-11.43892041491,-9.46257260540015,-22.1870885620007,4.41999660154863,-10.5923050053728,-0.703795803703315,-3.92620731586873,-2.40024649210124,-6.80988994039049,-12.4623149481086,-5.50105078380738,-0.567939572890149,2.81224110932946,-8.75569832116533,3.46089334478551,0.896537503959012,0.254835536763482,-0.738096558530353,-0.966564233789852,-7.26348214633855,-1.32488430656137,1.0,1.0
27187.0,-24.5902447690465,14.0445667815106,-26.2787005866145,6.32008926518927,-18.2245126736673,-4.60996782569686,-17.6810033715155,16.2136267471409,-3.79409346877414,-8.37275316035861,4.90168265513877,-6.87283866404082,0.769776762734501,-6.82658448658054,-0.0544341798176028,-6.08495266503583,-12.375270529796,-4.81034474126699,0.936742237936608,1.64920202229571,1.77706277243531,-1.80487368611576,-1.14060456917063,0.152234466415679,1.71599702403257,-0.22047119903665,1.43495058143483,0.422491857762666,99.99,1.0
119171.0,2.03499679478385,0.273057863689555,-3.84855215332571,-0.366533565560665,3.05967908788535,2.71960210480265,-0.286078880894397,0.714514352542588,0.369412890387647,-1.17978287048035,0.942825428223049,-0.277846435174938,-0.29470776832437,-2.31449688884284,1.50269703231425,0.704777742844784,1.68941878058212,1.1632395421901,-0.821972246118257,-0.0823713548299367,0.0939508412916247,0.349181354647592,-0.00685080760649526,0.48386521084632,0.291347838553407,-0.0794000842611583,0.0385712096173226,0.00100322413848775,1.0,0.0
59154.0,0.299420219814192,-1.05999826605552,-0.819127154729304,1.49541934742127,-0.217063114649458,-0.0996247512607769,0.624232778686955,-0.0617659670039872,-0.185777768190535,-0.494959256579182,0.836567721945742,0.00428398840375728,-0.626183985174707,-0.540109892834421,0.633150902618225,1.18241470101447,-0.0245564358285813,1.32712570059778,-0.16123657436518,0.868183196723619,0.138197156158971,-0.736805902631488,-0.549323319655217,-0.624797499561855,0.379976037014771,-0.462627295557913,-0.0627310959760585,0.118301334597836,486.41,0.0
77974.0,-2.29375249399788,1.18425606997755,1.38523542610505,-1.95928398015077,-1.04075259103237,0.457885218821633,-1.57193218865231,-1.68678130543217,0.57193526683928,-2.25973938796744,0.986276720128262,1.66891519005755,-0.375814809486416,0.681532142001111,0.124103201899313,-0.0658532610306851,0.0125754165689262,0.400565982263239,-0.185150349966789,0.295797353442308,-1.07924067511373,0.882074980277533,-0.0119103332429966,0.0123019859128321,0.344335928590233,-0.827477701200981,-0.567753143759362,-0.311309605364937,1.0,0.0
63146.0,-2.78860319145873,-0.989778134298907,1.46329724473792,-1.27111927346667,-1.06430589506387,0.696387146944473,-1.08569398237745,1.3700686330944,-0.977751679513345,-0.547270798032515,0.921882918727792,0.80975789965732,0.311908288916072,-0.274950935603403,-1.45317284383239,0.806076842345279,1.08092734703277,-1.79475808468891,-0.0441698545582538,0.0488954765464451,0.221023425155239,0.495251262282474,0.139771322592644,-0.234034414188174,0.3896904181601,-0.276161481796257,0.140282657702372,-0.388524217488559,82.91,0.0
59011.0,-2.3269223698887,-3.34843873033788,-3.51340796089061,3.17505971028128,-2.81513703435586,-0.203362788049123,-0.892144430418318,0.333225702638422,-0.8020052289805,-4.35068531246963,3.06424584128211,-2.71873063246571,0.0687877027069899,-5.58687312563725,-0.966076477695954,-2.50204941657576,-4.46049463214891,-0.870525745045081,0.595629103995644,3.20917094389277,1.22664839880046,-0.695902072928095,-1.47849021051453,-0.0615525997443275,0.236155012156618,0.531910616094765,0.302324354380578,0.536375347733134,1389.56,1.0
406.0,-2.3122265423263,1.95199201064158,-1.60985073229769,3.9979055875468,-0.522187864667764,-1.42654531920595,-2.53738730624579,1.39165724829804,-2.77008927719433,-2.77227214465915,3.20203320709635,-2.89990738849473,-0.595221881324605,-4.28925378244217,0.389724120274487,-1.14074717980657,-2.83005567450437,-0.0168224681808257,0.416955705037907,0.126910559061474,0.517232370861764,-0.0350493686052974,-0.465211076182388,0.320198198514526,0.0445191674731724,0.177839798284401,0.261145002567677,-0.143275874698919,0.0,1.0
67571.0,-0.758468652663917,-0.0454102784513458,-0.168438290153528,-1.31327481447103,-1.9017625315847,0.739433414882114,3.07189204639003,-0.483422244220096,0.61820276215476,-1.7690597207318,-0.651414013964987,-0.00542329080098884,-0.517194341398293,0.217469760178719,0.883558824493356,-1.17397764863161,0.24334710955825,-0.342300728238465,0.68705620239513,-0.0324998988871344,0.0426194565214976,0.397223782011498,0.0722288654476503,-0.242275996603303,0.560916469624214,-0.540954584325348,0.150606446374032,-0.117140114799884,549.06,1.0
85573.0,-1.7567118508365,3.26657425418237,-4.15338789695403,3.92452561357555,-1.7537718434176,-1.0057867792296,-4.31321717578502,1.56071190324579,-3.29567366751075,-6.2133552491157,4.52299197543382,-6.6528440527591,-0.12468523386066,-8.60448620191387,0.110359314846888,-5.94548061159606,-9.33893779428438,-2.39019258818085,3.18415235636348,0.874720103498016,0.911427441871296,0.0530612807310541,-0.367700953962814,-0.776337755840596,0.292093831084717,0.025999713844171,1.0629681996854,0.501148168228208,1.0,1.0
57007.0,-1.27124419171437,2.46267526851135,-2.85139500331783,2.3244800653478,-1.37224488981369,-0.948195686538643,-3.06523436172054,1.16692694787211,-2.26877058844813,-4.88114292689057,2.25514748870463,-4.68638689759229,0.652374668512965,-6.17428834800643,0.594379608016446,-4.84969238709652,-6.53652073527011,-3.11909388163881,1.71549441975915,0.560478075726644,0.652941051330455,0.0819309763507574,-0.221347831198339,-0.523582159233306,0.224228161862968,0.756334522703558,0.632800477330469,0.250187092757197,0.01,1.0
34835.0,0.263029594139945,-2.37436978524159,-0.163969908223626,-1.71095217342797,-1.20770200187446,0.514005513833918,-0.100510100996248,0.13020415163151,2.37937676999112,-1.87204427862736,0.682862212920096,1.93364277960604,0.361314469234221,-0.150348809784296,0.25379881208644,-1.11932570133406,0.0913812899222447,0.265007167872757,1.54350175087688,0.937473183019418,0.17717738821143,-0.187409402093945,-0.584924100722738,-0.739851453174884,0.441972731748135,-0.829369198747959,0.0283711573939081,0.0980994881566456,509.56,0.0
79139.0,0.89147602129585,-0.212893238209504,0.336275767113968,1.37402409306978,-0.572573622781429,-0.785069323048587,0.302784009203802,-0.20468254032053,0.0159972148456297,-0.0271129039825829,-0.403472819977297,0.119737129608352,-0.0946163261469489,0.386760177898965,1.04384933946515,0.274366851652175,-0.485503683695723,-0.121277412593223,-0.480106280409522,0.201538390697654,0.0287824868026733,-0.30166833552509,-0.148601425856199,0.377932702072268,0.432340147332171,-0.46663715188702,-0.0108724756557076,0.0568268986947117,177.35,0.0
117245.0,-1.49059675761038,-1.67741540115227,0.956999218449891,-1.45956968969012,2.17204834039579,-2.38304697605071,-0.239644133780931,-0.442726516438795,-1.34303520749205,0.248715461109238,-0.624887119911362,-0.159248024739347,1.18246800932071,-0.482543023949966,-0.745549444283554,0.407378143618955,0.19205611075083,-1.83382958184946,0.740393956238259,0.714443215803914,0.210144464483536,0.197850622688629,0.0684132491527711,0.0833896484612958,0.263450651025071,-0.306240730938089,-0.159572070380363,-0.0716138484025175,15.0,0.0
77171.0,1.11855963468941,1.29185826269199,-1.29880532614411,2.13577170090141,0.77220369761071,-1.14729144173341,0.390577698285265,-0.107072317539989,-0.0383392686455211,-2.15251889070952,1.35275258963919,0.092848590126307,0.273152694590986,-5.01220235869184,0.303552415334761,0.731437272149243,4.15208557256771,0.985358288437165,-1.22925431837217,-0.0235757902669068,-0.346373779572415,-0.663587986293548,-0.102325808556082,0.0179105750224893,0.650301613577378,-0.332365629546077,0.105948676665863,0.12812372864866,1.0,1.0
71961.0,1.23345735985048,-0.792269125312658,0.169238598048286,-1.59290615267919,-0.561652578432609,0.359010535382393,-0.739237452623837,0.181953183339386,2.09361889664692,-1.21072222344329,-1.50640185816375,0.122951484961093,-0.145234542948867,-0.19205723787509,1.73950198040292,-0.279815099594637,-0.282203916974735,0.265140141887754,0.832050649119395,0.00258136599320641,0.0733189000202934,0.392579722306026,-0.285490417417968,-1.25008806234883,0.567659639660864,0.226712934579686,0.0481936965527373,0.0133332515231502,52.0,0.0
64093.0,-6.13398694801985,2.94149944882418,-5.59398556768425,3.25884522291112,-5.31551221858167,-0.637327763117765,-4.47648804491816,1.69599358704814,-1.60674315131804,-5.11725920989043,3.97722223959189,-8.06609609331146,-0.760887591756867,-8.66077095912039,2.22023798968633,-6.23759654204862,-11.0463816554829,-4.15587936834903,1.76361087438004,-0.815086315781228,0.86833985051032,0.793736498280638,0.217346586657621,-0.0219850652442062,0.145881913923651,0.665087660642875,-1.68418604869422,0.31019546302906,294.9,1.0
38826.0,1.26766696344572,-0.981939468464556,-0.497795836307591,-0.945362267498576,-0.0473930279270613,0.915918331492346,-0.579756308441557,0.186971479760611,-0.603419985680181,0.607777938220526,-0.31094127396048,-0.391115248185537,-0.215552338806863,-0.182035378306907,-0.829876843081293,0.910226836702843,0.146604149266053,-1.07171489594671,1.49383653005379,0.23042607803936,0.0670005965885005,0.0858931816037925,-0.373406690066625,-1.66201200430073,0.767414106843167,-0.0347371510801781,-0.00339022769114884,-0.00800734109461944,98.93,0.0
313.0,-0.907420423962009,1.10391183716414,1.2884892266535,1.2436118482978,-0.0680316048408579,0.21404012839384,0.32400011968304,0.436037213186944,-0.43740889051342,0.179317989830715,1.12228155764421,0.702855841339251,-0.757837177906632,0.398639586618295,-0.435503484338919,-1.02609510412569,0.538793314811572,-0.183179502176878,0.949006459134722,0.0282508067267462,0.0225195497068014,0.399523453715097,-0.0490805424857511,0.220258114015002,-0.162924386898815,-0.286993559363902,0.0150710723389773,-0.104667534476582,15.08,0.0
62341.0,-5.26775974325256,2.50671895922695,-5.29092481764433,4.8861341982102,-3.34318841087649,-1.10008548506579,-5.81050918581537,1.72634335514407,-0.749277159995058,-4.83482799462627,3.54601225001006,-7.75128547808951,-1.19569394502348,-10.0185024459282,0.29639612212368,-7.47716172698803,-9.78580026201852,-4.24397714797126,2.68112678165858,-0.286043269744833,0.764265624858483,0.473261684078133,0.54848172305712,-0.15685005182413,-0.71018694460215,-0.366422677340972,-1.48676592030738,0.677664104601632,1.1,1.0
14663.0,-1.13128829274493,0.623330293022149,2.63810677845497,0.6158602474784,0.369329207455681,-0.331857915292713,0.0790246916805629,0.206137468140276,0.223359911438122,-0.462100962209393,1.72538193555325,-2.76870407422335,0.604569656418385,1.67868032615886,-1.21861018336298,1.4460598673469,-0.420095152066622,0.83990525675433,-1.59267976048257,-0.0973473745502252,0.0767444078577673,0.128217405037115,-0.2444905764564,0.290940549793693,0.212420400190259,0.848690813791236,-0.101904768288847,0.0431981067414175,9.4,0.0
35695.0,-0.553019511905124,-0.383668021740041,2.51531503909962,-1.17803624403606,-1.48948079791672,-0.0988759716863567,-0.45164305939807,0.212778374653758,-1.16688058846938,0.263357033744955,1.14390939088773,0.399632333045321,0.64068992823889,-0.32839826371962,0.506581525155159,-0.617652669692374,-0.531163998439757,2.23589087591458,-0.792804989144913,-0.1620427214789,0.0641712829863515,0.480006788278463,0.155586066467674,0.568732400170109,-0.710123887095529,1.0114830772833,0.0802071218787804,0.14120914042826,85.85,0.0
56539.0,-0.746548148185753,1.23810929170882,2.15209234842611,2.81832854066526,0.151412127609012,0.795003454529962,0.269415396756059,0.190332142395133,-1.21157149151001,0.812253997756808,0.409662343863912,0.250595052279222,-0.189539053023143,-0.0517207286745813,-0.75152081834861,-0.383279857012671,0.14056647789835,0.454972198664809,1.66156065672257,0.112959174806362,0.0455452259406894,0.205023978965694,-0.375429304415024,0.044449554994239,0.313126437627012,0.339364022015233,-0.187432894536087,0.0881932958261342,4.56,0.0
78725.0,-4.31247908052279,1.88647569827836,-2.33863356144698,-0.475242891532036,-1.18544386151204,-2.1120788975769,-2.12279296550593,0.272565132222544,0.290273064048255,-3.8337413849476,2.50978140392157,-3.61123136485112,-1.02429952994167,-5.29192495475268,1.6498073488757,-3.26265841898301,-4.33311795972043,-1.86304896791862,-0.00953360656837195,-0.718705614884897,0.550540662080627,-0.0678702198276179,-1.11469186343039,0.269069433187685,-0.0205724593187757,-0.963488862263668,-0.918888353795928,0.00145356217673386,60.0,1.0
41254.0,-3.5480788567875,2.12119909189707,-0.155540477396159,-1.41827074875249,-0.221279820596039,-0.563803058387418,0.572217189337481,-0.420588875405636,1.04998490067273,1.58148559203725,-1.00330271847437,0.17694271474369,1.10398408433939,-0.705718935819976,0.604877329731271,0.479009664793768,-0.976224329390955,-0.378081753399801,-0.138275735927523,-0.390264990790437,0.0579587575385454,-0.104366554343222,-0.0593969997378535,-0.397455731777329,-0.36746645702618,0.470871701028185,-3.35570672641387,-0.54382555568294,9.99,0.0
28672.0,-0.4760569166179,1.02364900152858,1.6773809517625,-0.101551275644925,-0.0790595571581,-0.677578424871009,0.643160278564516,0.0421667041111053,-0.735857415615827,-0.158241020724497,1.55631761047208,0.93771996442122,0.347049432929939,0.264642890259113,0.0850855436306104,0.315303156350384,-0.59472632488775,0.0239578010858081,0.222841238361442,0.135615485589521,-0.156112270299788,-0.409248108326918,-0.00787234037759463,0.527973276133339,-0.235513522889474,0.0395676049769946,0.26361395945538,0.114065074918851,5.37,0.0
58217.0,-0.443793956538852,1.27139528958141,1.20617786290079,0.790371244425149,0.418935334538855,-0.848375714713356,0.917690595034239,-0.235511404707869,-0.285692136421657,-0.867899742347565,0.614977120327696,-0.657947690982211,-0.948412031653891,-1.63514452424164,1.26320316314475,0.0685328870737372,1.32579410174258,0.376383480838994,-1.09619645414336,-0.0672050359210024,0.119278777095323,0.513479449681292,-0.264243409026182,0.443311288026016,0.0295163920697956,-0.335141048988331,-0.188814985117408,-0.123391459240302,5.09,1.0
20451.0,-15.8191787207718,8.7759971528627,-22.8046864614815,11.8648680803607,-9.09236053189517,-2.38689320657655,-16.5603681078199,0.948348594786058,-6.31065843275059,-13.0888909176936,9.81570317447819,-14.0560611837648,0.777191846436601,-13.7610179615936,-0.353635939812489,-7.95744722625995,-11.9629542349435,-4.7805077876172,0.652498045264831,0.992278949261366,-2.35063374523783,1.03636187430048,1.13605073696052,-1.0434137405139,-0.10892334328198,0.657436778462222,2.13642447085514,-1.41194537483904,1.0,1.0
44708.0,1.16871758372601,0.0385657180464109,1.1324329631333,2.72850813946068,-0.499352167672787,0.839818994259674,-0.682774620736508,0.305835176052865,0.650868032558645,0.410884657730452,-2.25831725913427,-0.418360099611663,-0.862003822584856,-0.597704491759982,-1.3290395981044,0.315443163191108,-0.249776619197328,0.0714840267726164,-0.245004632694727,-0.215294534568199,-0.0435009601349008,0.195890788327153,-0.223437764281736,-0.43606371329398,0.698412213460329,0.26834113146051,0.0416768142118232,0.0167023410676538,1.52,0.0
75298.0,1.06190791411945,0.0853314355284528,0.187771557104641,1.12768626402089,-0.157389345083737,-0.472381315590787,0.234526099571132,-0.111987566823678,-0.0257106214969446,-0.0619223379543864,-0.175027495965784,0.263019795801241,-0.0352646931106668,0.438990682465015,1.18336883929893,-0.233037029045542,-0.14388306547876,-0.582987790072527,-0.752105124509772,-0.0306262286015106,0.098512384589565,0.201025873509233,-0.132612238404184,0.0895006452129268,0.587418207957813,-0.306324168728257,0.0164397139456754,0.0294493919333253,76.43,0.0
53215.0,-0.930854658378307,0.618317997962659,-1.06159403908884,-2.03164530612465,2.47372771977179,2.81093015293488,0.110319998098793,1.21124836003948,-0.668733475880012,-0.696531723320824,-0.444914814047414,-0.119465209094299,-0.108961235500381,0.700687653517551,0.337818554735141,0.622392354382195,-0.794553592742062,-0.0270748517402595,-0.104997412337517,0.170310679876216,0.0198693246496617,-0.276301301092918,-0.0233008580304272,1.05543190230709,-0.121704099069215,0.820808825524085,0.137481656253169,0.0901399691899089,38.5,0.0
110552.0,-2.45036662540267,2.10772866087808,-5.14066303982343,1.41130357398271,-1.69077950338918,-0.736427202926685,-3.65794634761755,1.94490590423047,-0.788387529063343,-5.62467713431414,3.51964234486905,-7.221590004268,1.20172802326675,-3.8114281425371,-1.70142802210083,-3.57140837935336,-7.31140729142311,-1.75435460658485,0.795448867520342,-0.130438203342561,0.800538093373868,0.364616671021501,0.233607611774679,-0.282077578211224,-0.320310972669244,0.49291998915127,0.35997644954193,-0.115471009476069,80.22,1.0
32290.0,1.38341736253165,-0.5895670148002,0.490341331355715,-0.445134348101341,-1.14008062818461,-0.824196858319043,-0.566906978777032,-0.150798364327082,-0.394002608654976,0.498351584282896,-0.648836645973929,-0.508737274424234,-0.286255614496282,-0.400551996401043,-0.452214673679953,0.592532366331378,0.699065838044117,-1.72794454585919,0.939661580081638,0.0350942582415148,-0.0221215449994814,0.00153306925787126,-0.0331150921351154,0.416391309829436,0.544546014162514,-0.244164761414856,0.0107264109078752,0.0135159993027643,15.0,0.0
41243.0,-10.9407391093978,6.26158585106885,-14.1823387841287,7.18360208606589,-9.95136334372547,-3.86082033664669,-13.5473021949163,7.09647164642187,-6.29402944276594,-13.6081431627279,7.12716532148781,-12.6110036871047,1.21455639781013,-13.9062968240505,1.51406990634864,-11.1257390593549,-19.7162573051191,-7.5527890897252,3.65678707068496,-0.0883420818722748,2.26744826134981,-0.492029167950335,-0.239302865923644,0.454368210214217,-0.101611062526814,0.446996732737119,0.062292646721181,-0.439769899530758,45.49,1.0
35953.0,-4.84437152213983,5.64943864783758,-6.73039574613665,5.25284201867297,-4.4095661499774,-1.74076745609347,-6.31169852901067,3.44916731253577,-5.41628435913526,-7.8335555711125,3.6573495649865,-7.7814479532704,1.50772042676786,-8.60475886835984,0.0105926875670707,-6.55397325691037,-12.6243936527694,-4.98990973846596,1.64541389333247,0.284555090358885,1.19488835625662,-0.845752531858704,0.190673885417928,-0.216443252531192,-0.325033100382822,-0.270327592956951,0.210214051535782,0.391854886292055,111.7,1.0
4311.0,0.208208688288518,1.27796882703557,0.245557871877301,1.05865730088231,0.607468918889309,-0.875900464643156,0.937976660372663,-0.336702770898596,0.756414950787911,-0.17178857753022,0.120468022190082,-2.57660973114458,1.8397254017349,1.87496617778727,-0.0633973850224141,-0.488575753291833,0.445689829236206,0.24944580837013,0.312937645026091,0.0294274494463298,-0.0371939531358695,0.370782232353849,-0.0173484145342964,-0.0154617727763458,-0.680742837334208,-0.432522277267377,0.413221982615711,0.22077893555986,5.19,0.0
114937.0,2.04596315223721,-0.206573725274665,-0.516528097268117,0.287514495274488,-0.283866114636356,-0.337945564533962,-0.398501784699545,-0.107624727188568,1.16126517120501,-0.190712809077661,-1.24033781177244,0.88665950918863,1.3144230430039,-0.29799560910728,0.579892179218731,0.340591844581163,-0.856183902250641,-0.106893885628042,0.179211705498712,-0.148190776890792,-0.216792055969827,-0.397935951422048,0.279831111986943,-0.669656882413571,-0.296693504091342,-0.584396752765008,0.0427093699863592,-0.0364075036906712,0.71,0.0
102619.0,-2.48836288474016,4.35901910783724,-7.77640985018266,5.36402677044258,-1.82387723220959,-2.44514013600669,-4.96422092061784,1.48489015991725,-2.94789885841072,-7.17534972178322,7.34365210856032,-10.178995535122,2.14215063066493,-8.98305216762269,-0.473746033414928,-8.14334226244301,-9.78567719982127,-3.08651950539248,3.37971333584943,0.792274684105994,1.32567239039937,1.02122620503862,-0.266476205063069,-0.370880444896658,0.365535186093547,0.081372023747405,0.184983040876449,-0.211582455539506,1.0,1.0
72632.0,-0.899303216229605,0.93055189192215,0.999635727026064,1.44738729361626,-0.385393419306836,-0.110685677922665,0.488423140705832,-0.145090593166024,0.441501673444177,0.518559073271928,-0.608962294583452,-0.755779364460655,-2.14980595259098,0.21332161021843,0.450803243301902,-1.20387501260022,0.77787750918257,-0.627198580776366,0.5965615571985,-0.488305801194959,0.0397198745566209,0.185376079971017,-0.134475034147891,0.375299902910667,-0.492220349644161,-0.35794790319322,-0.565742583704212,0.0323092081507172,67.59,0.0
32296.0,-2.37058676916701,-1.73002595562955,0.675523950352372,-1.81302285115958,0.124224300407929,0.619938971054152,-0.438223423052655,0.896966520510876,-1.29254836499308,-0.2097886606628,-0.441596052412466,-1.05732661134326,-0.465058977914587,0.208465528935674,0.239607816085288,2.12591147099692,-0.468681262079279,-0.0472597668146452,0.299777092503674,1.03130987182756,0.564916024235779,0.512798541088502,0.0611827726662854,-1.73462657198897,0.731582106009367,-0.0678494999770364,0.103238502740022,-0.165895465173217,256.6,0.0
85285.0,-7.03030814445441,3.42199090467553,-9.52507177254752,5.27089100906596,-4.02463027558805,-2.86568161775739,-6.98919473439446,3.79155093755913,-4.62273033596451,-8.40966487562735,6.30904400603177,-8.57676143258937,0.246746716929862,-11.5340460181508,-0.3642651387587,-5.45249465771382,-11.8875700201872,-3.56358481007011,0.876018768156628,0.545698040621445,1.10339774484256,-0.541854751589521,0.0369432219896495,-0.355519004066217,0.353634382097,1.04245799282131,1.35951563156376,-0.272188101257294,0.0,1.0
94141.0,-13.5120737201635,8.21517673687939,-16.5826057272747,6.20736889019759,-11.3184715177058,-2.99720698778128,-17.6404704062016,0.0403490750758574,-5.62023218946632,-15.1237521803455,5.93465734341534,-14.1750301634055,-0.169044491655796,-6.55255368427192,-1.57000723316824,-12.1725530183154,-20.1645422294456,-8.66881519685045,2.55087034384644,0.694574465326517,-0.907905601256761,1.5140282763652,-0.141879203311202,0.789185965955202,-0.0313427677694401,-0.255056581600699,-1.86583088908172,-0.442204311521227,45.48,1.0
84326.0,-0.0734725656979353,0.852489757578465,1.06610324910067,-0.345608604725667,0.506415080173307,-1.17261919080089,1.0837150394894,-0.446845083069918,-0.282263396422267,-0.588668991471508,-0.139603588111652,0.497385855180786,1.13852363103684,-0.813986672729425,0.168781291868957,0.511029740905476,-0.509413031146774,-0.347420568022503,-0.870677141382753,-0.00738456519260111,-0.129507694322291,-0.205018900025187,0.1936813727705,0.358823205761585,-1.27122195253623,-0.295298357566066,0.0321244460572442,0.0272143164773927,9.99,0.0
68207.0,-13.1926709562391,12.785970638298,-9.90665002092758,3.32033688288942,-4.80117593230105,5.76005855618556,-18.7508891580107,-37.3534426378925,-0.391539743919107,-5.05250236713858,4.40680552357904,-4.61075647740608,-1.90948796970811,-9.07271093398351,-0.226074450896345,-6.21155748212485,-6.24814535335983,-3.14924669470095,0.0515761185277783,-3.49304991519446,27.2028391573154,-8.88701714094871,5.30360690376998,-0.639434802306313,0.263203123457008,-0.108876929971315,1.26956635541013,0.939407362758877,1.0,1.0
46562.0,-0.615434463549193,0.688464347760685,0.512186294392112,-1.27977827292165,2.69550578394496,3.4722399926641,0.378021690541616,0.649805905722251,-0.592488349798931,-0.244132889687746,-0.0781027585627388,-0.406754138999797,-0.0977689164376047,0.0913070390867673,1.14428425070374,0.410638512246297,-0.953914348131637,0.0853171316085797,0.51670148833397,0.182583888077,-0.292144926845595,-0.956168776348936,-0.215032661135429,0.98960833198174,0.243853920240753,0.101992530877379,-0.291126378032819,-0.156117382167091,6.1,0.0
75581.0,-2.86636370525907,2.34694943137396,-4.05330668845935,3.98335888025187,-3.46318571327039,-1.28095301603103,-4.47476383461874,1.21665528478137,-2.30982869782019,-5.51550707258062,3.04839203447565,-7.12825076846601,0.00595580092517457,-7.49518733635876,-0.25108802193356,-7.5680148993231,-12.2236328477344,-4.89517519350497,2.52496746940249,0.270013154062001,1.04973156228305,0.475840283409025,0.404480059350581,0.282029789710327,-0.506901095688855,-0.371741093052833,0.615256964379468,0.803162841917988,124.53,1.0
102671.0,-4.99175779387947,5.2133398229232,-9.11132629809104,8.43198635177602,-3.4355156720863,-1.8275651016855,-7.11430284412379,3.43120663145462,-3.87564287029742,-6.86850850672582,7.15062516950116,-10.2629840447185,2.73308493575221,-10.1275247811671,-0.262783621001749,-5.19027103814098,-8.6557110398096,-2.02444347438745,1.5604792800844,0.0981321924634143,1.18942283937597,0.247858476295777,0.294448330047117,-0.548503502162266,-0.174616566570794,0.406702503092405,-0.40233927269736,-0.882885795448957,0.0,1.0
37713.0,-1.60075492838934,-0.879929197873772,2.50053588617826,1.84523176985652,0.647236254826521,0.210929553808066,0.0566528359212643,0.288480084808468,-0.334725535292173,0.208291094150712,0.0812412201071528,-0.164808187066633,-1.15653932433778,-0.293891387597129,-1.42150810113524,1.01924755227939,-1.05904397031888,0.712499805087125,-0.94287515892096,0.500716533907698,0.174963208455256,0.0426749904084272,0.406781702539867,-0.0780906335419599,-0.21633182478842,-0.249124590211506,-0.135049449040905,-0.0592986647698803,168.72,0.0
77182.0,-1.41085190223088,2.26827061391536,-2.29755364869312,1.87133052690782,0.248957097554545,-1.20879869131782,-1.35864849113679,1.10291613180529,-1.31736377078276,-4.62691916410905,3.35763973653551,-2.99881490434833,-1.95678634545881,-6.76663337149207,-0.869899592420961,-0.868576751992314,-0.370333268936992,0.419265507331837,-0.894893657235367,0.0580625903425241,0.155380926745126,-0.614880421672272,-0.196125537805858,-0.464375543427361,0.118473100986687,-0.484537034984231,0.373595915880442,0.187657248903867,1.0,1.0
52814.0,-1.10184700698197,-1.63244121283891,0.901066556872515,0.847752885502341,-1.24909072939532,0.654936785498635,1.44886782586722,0.0233079125519542,-0.136742416820243,-0.150129182778684,1.17235508293037,-0.795988136674965,-2.13695096583302,0.578869439330842,1.4121147225086,0.0134668068434063,-0.119204381070058,0.826814373772222,0.476859902488945,1.23027784051309,0.610653920616913,0.835795006603528,1.17995542066426,-0.0290908864225033,-0.300895693792436,0.699174952578756,-0.33607170899039,-0.177586827857027,519.9,1.0
51123.0,1.32328846236208,-1.19633306070527,0.136831886445434,-1.26961456220429,-1.24340826353475,-0.353663007770986,-0.777299769296967,-0.0613338315757424,-2.11071879778062,1.4852778473599,1.40077690630263,0.115368287419098,0.275265171688861,-0.124070887434738,-0.853366413507067,-1.13390517702184,0.9756159970458,-0.342509048664233,-0.112001755485387,-0.262431011366885,-0.0823378629192207,0.159654841734593,-0.0929023412837821,0.238461481055579,0.53026283822703,-0.0702113494012448,0.0193981443202611,0.00748542353342536,69.23,0.0
34256.0,0.539275913891047,1.5548897630737,-2.06618033324968,3.24161746276725,0.184735711234243,0.0283295594064726,-1.51552137985061,0.537035374444064,-1.99984603560986,-2.13317644293659,2.75617194535395,-2.24286436771513,0.615204246860345,-4.65280380668112,0.222163815521883,-0.775666019840941,-3.21861825150599,-0.370992501046414,-0.686196723569762,0.302734578907132,0.371773459120687,0.111954592156869,-0.305225078771695,-1.05383526243402,0.77117490696746,0.240878213732036,0.418434531995645,0.232169715166482,19.02,1.0
40919.0,-2.74048250153169,3.65809481979987,-4.11063552027473,5.34024166876747,-2.66677476000958,-0.0927818149405728,-4.38869880914515,-0.280132705503576,-2.82189458229917,-4.46628416302479,3.96979981229186,-7.34671678644283,-1.16331176961366,-8.22556891234807,0.82500183194645,-6.77286703365235,-8.81578542555918,-4.56885928410549,1.12659865645629,0.185325269832133,2.41749541196206,-0.0977119508973041,0.382154506973307,-0.154756519767143,-0.40395592644091,0.277894930235294,0.830061638644528,0.218690442242457,112.33,1.0
61032.0,-3.54928203028907,-3.40387999345421,2.38980058366466,1.08031138313724,1.68367629721457,-1.10010354881626,-0.699287336498943,0.171643986951373,0.935805047021096,-0.256182263086691,-0.805353655871512,-0.695017307928738,-1.4353465806256,-0.491482463195771,0.690937537021173,-0.136665572370574,0.0258245207008789,-0.229826041463691,0.140863479061471,-0.602424341858865,-0.284722289005852,0.428108591852227,2.84465040923917,0.00652835588853332,0.466552245134965,0.421108478564138,0.260494049546791,-0.472237349582836,5.83,0.0
1519.0,-0.715154064589696,-4.93069510607472,-0.0634454496172117,-0.167102782681605,-3.09548420601572,0.547832692075635,-0.219070117470696,-0.0538370358998245,-0.895242835005272,0.664765793591331,-0.973803703725295,-0.950163994434916,-0.512264825794821,-0.586231272206559,-0.329751654982605,-0.865891763467256,1.31834620435427,-0.29782083981367,-0.549904429485224,1.78241660933661,0.321989491196551,-0.939239081470384,-0.838176615866296,0.0882868539570583,-0.23866288039648,-0.326486588944189,-0.11783666707327,0.215738730028242,1109.2,0.0
34634.0,0.333499490680108,1.69987344643198,-2.59656116696059,3.64394526899047,-0.585067615145778,-0.65465853161144,-2.27578851019488,0.675228968561644,-2.04241592376479,-2.83487115980611,2.80200512615164,-4.39273243849001,-1.36967144973756,-5.32728665168661,0.16315896154,-1.35938947657172,-5.09518287931609,-0.338012656200231,-0.124137989024621,0.32934171405761,0.469211944535006,-0.144362651206432,-0.317980934036568,-0.769644309522666,0.807854587509663,0.228164299217237,0.551001873896763,0.305473419992231,18.96,1.0
68207.0,-13.1926709562391,12.785970638298,-9.90665002092758,3.32033688288942,-4.80117593230105,5.76005855618556,-18.7508891580107,-37.3534426378925,-0.391539743919107,-5.05250236713858,4.40680552357904,-4.61075647740608,-1.90948796970811,-9.07271093398351,-0.226074450896345,-6.21155748212485,-6.24814535335983,-3.14924669470095,0.0515761185277783,-3.49304991519446,27.2028391573154,-8.88701714094871,5.30360690376998,-0.639434802306313,0.263203123457008,-0.108876929971315,1.26956635541013,0.939407362758877,1.0,1.0
26556.0,-19.1798264145873,11.8179219897853,-21.9191735807843,6.0862356342864,-14.7088447898427,-4.30888760741835,-15.3579518065836,12.8571650181242,-3.99986076978115,-8.9286556608751,5.8492930661792,-8.26164983722413,0.153829148314596,-8.82935922766409,0.00887883882572681,-7.0709530089254,-13.6297209427085,-4.9588298158479,1.27209136353211,1.572949614923,1.74680154191934,-1.35314876613352,-0.762965072731218,0.117027851903743,1.29799375563032,-0.224825057048525,1.62105238966989,0.4846144027264,99.99,1.0
2907.0,1.37696842826385,-0.1227730732093,-0.397191732165796,-1.05486858806524,-0.241814277175556,-1.03329150289484,0.0745098721128519,-0.211898960476711,1.28864204174997,-0.884704070618961,-1.11439359147755,-0.331879934272805,-1.09606420153159,0.640696671836959,1.76573982397306,-0.355005495469402,-0.413752792343314,0.402267457032562,0.855191850552475,-0.178542446771157,-0.027497363376815,0.0144878754446227,-0.231183102066413,-0.466598769282065,0.872554331352577,-0.544806790025236,0.0307543234365271,0.00655935996991518,1.0,0.0
8614.0,-2.16992897559082,3.6396539992044,-4.50849778617728,2.73066814884895,-2.12269287053048,-2.34101682766366,-4.23525308290613,1.70353765763508,-1.30527913344307,-6.7167200227127,6.35361231915591,-8.60164826276464,0.449930038237225,-7.50616937408145,-0.438081781812467,-3.69451599830956,-6.30475338603049,-1.26758712788115,0.357987030484253,0.5007790539507,0.645103275621378,-0.503529448911197,-5.22821818299227E-4,0.0716957787676742,0.0920074334247208,0.308497931577036,0.552590914653841,0.298954478709399,1.0,1.0
80615.0,-1.50118311256699,1.58650786101432,-1.21218125261598,0.17162729279699,1.29736218234539,4.06172550655893,-0.120086083942628,1.66106985078131,-0.453209119556013,0.00565548800920111,-0.85998811069,0.169974966793073,-0.0690215077849179,0.607886349567607,0.131886685392503,-0.344149743051564,0.146407109986343,0.259726538623094,1.41669915230966,0.0568404461025363,-0.0753516191516252,-0.192636778765835,-0.126500553548504,1.02078636634392,0.213743316450626,-0.24981093883537,0.0893106525173347,0.0893256094480051,121.4,0.0
34577.0,1.25835339370858,0.391068665291206,0.316842407122752,0.6882759012136,-0.329421551561614,-1.06262136603724,0.117182396472875,-0.230081847842524,-0.0379294979153364,-0.295930902044081,0.0134672299236508,0.482689150672232,0.691440298426334,-0.380380139520493,1.04272418056964,0.456509488999183,-0.0318427652404633,-0.356572950714726,-0.201335698546697,-0.0527479686695408,-0.282781393201717,-0.791271469389119,0.124575212565662,0.358074839869264,0.232158218977421,0.092937806244631,-0.0198588404512546,0.0316689536531475,0.89,0.0
34256.0,0.539275913891047,1.5548897630737,-2.06618033324968,3.24161746276725,0.184735711234243,0.0283295594064726,-1.51552137985061,0.537035374444064,-1.99984603560986,-2.13317644293659,2.75617194535395,-2.24286436771513,0.615204246860345,-4.65280380668112,0.222163815521883,-0.775666019840941,-3.21861825150599,-0.370992501046414,-0.686196723569762,0.302734578907132,0.371773459120687,0.111954592156869,-0.305225078771695,-1.05383526243402,0.77117490696746,0.240878213732036,0.418434531995645,0.232169715166482,19.02,1.0
15817.0,-4.64189285087538,2.90208643306647,-1.57293870931742,2.507298518227,-0.871782564349351,-1.0409025722626,-1.59390073966645,-3.25490508581579,1.90896268593707,1.07741752106048,3.33850216040272,-6.54261034532574,1.09953638182128,-3.26647554459315,1.01472790444294,-4.84238307827835,-5.269876299726,-2.34466857415508,1.95922405409272,-0.465679220344122,1.96359666634146,-0.217413915973245,-0.54933995583883,0.645545202036521,-0.354557818794591,-0.611763845006479,-3.90808047547799,-0.671248265147117,11.39,1.0
32745.0,-2.17913506011513,0.0202179180614602,-2.18273279614299,2.57204626116115,-3.6637331119316,0.0815679330899005,0.268048730691862,0.660437428502318,-2.37402736257173,-3.58281002008802,1.97582106179607,-3.50054226479879,0.170681027067223,-2.73594037401519,1.67025110352247,-4.04629299726117,-5.07947908460579,-2.58685704537203,1.66926055335833,1.95796029993605,1.02642111100453,0.299613501640326,1.65680000734873,0.328432501784239,0.106456827905221,0.691774505774569,0.196778974067123,0.241085157494976,717.15,1.0
41851.0,-19.1397328634111,9.28684735978866,-20.134992104854,7.81867331002574,-15.6522076772063,-1.66834770694329,-21.3404780994803,0.6418997011947,-8.55011032700099,-16.6496281595399,4.81815244707108,-9.44531478308794,1.31705629332341,-7.24346097400378,0.830910291033798,-9.53325705039319,-18.7506411474674,-8.09264877340557,3.32675827497024,0.42720343146936,-2.18269194560955,0.520543072366642,-0.760556415188733,0.662766638397236,-0.948454306235033,0.121795925829793,-3.3818429293561,-1.25652362136258,139.9,1.0
11952.0,-3.9076626646331,-2.9048371485094,2.34315895449338,2.77375042028255,2.41449053286227,-1.6148920115893,-0.972505939333264,0.172154265641018,1.16597625755119,0.0665309573941016,-0.0158131728987681,-2.2579604668956,2.52912988352523,0.722292992162418,-1.13200370720292,0.987708017095329,-0.250149474782085,0.455310265974311,-1.60048068423231,-0.397957735869574,-0.139717227065912,0.770831366059773,2.64541789300677,0.297957985965885,0.404115425893991,-0.0360307044562166,0.578623113673982,0.0552504311495121,1.52,0.0
102676.0,-5.55212217135236,5.67813391258695,-9.77552798040134,8.41629539413803,-4.40984381923171,-1.50623535484733,-6.89983879692634,3.75044289681131,-3.8797925578861,-6.86416435989436,7.05106508958574,-10.1375291936462,2.81543981456255,-9.90916805374299,-0.262229551498562,-5.02255717747726,-8.52297487191683,-2.01293906157489,1.52573244095261,-0.0647801372282915,1.12847223060537,0.228484046768752,0.286257667302864,-0.536294098099933,-0.104924889157331,0.420919229293903,-0.297556884880609,-0.946184387308798,119.74,1.0
57027.0,-2.33565492855671,2.22537994112476,-3.37945038583039,2.17853822878821,-3.56826371512658,0.316813583664713,-1.73494800330036,1.4491394338594,-1.98003348126993,-5.71150474047788,1.83721490161197,-4.5403416445233,0.747845860345767,-6.28431406964108,-0.128887216546494,-3.5632394063049,-7.36832064555377,-2.69295315786876,-0.450550113544917,0.274027122680488,0.78554012192761,0.29741198434836,0.308536146370564,-0.598415746387816,-0.121850330815637,-0.491018310202025,0.701606041424924,0.206966343288918,444.17,1.0
121238.0,-2.62892199481027,2.2756363708417,-3.74536934909195,1.22694819658893,-1.13296649495042,-1.25635309994595,-1.75241984877631,0.281736387178617,-1.7923429718137,-4.82077941422469,4.17609762346479,-4.61900987976999,0.742689541505504,-7.63696288811138,-0.197887605182768,-4.14039566725884,-7.60471483249934,-1.52450539738207,1.27132193138436,0.133106474791523,0.870729582435536,1.26947278909845,-0.265494007565328,-0.480548610900827,0.169665130870596,0.0960810570397914,0.0700362725602789,0.0637683649579152,144.62,1.0
56180.0,-1.53711793863853,0.933174271789416,1.65276118545535,0.945839375904169,-0.421664076361104,0.204042516956696,-0.119952875015013,0.259814479933708,1.10782148354982,0.751493043770467,-0.925026674206265,-0.719476754355298,-1.75158655391956,-0.241807813399202,0.717256074178569,-0.746183195991937,0.397033860322714,-0.0571546772472069,0.182519982523664,0.0522191260749245,0.0935432502776477,0.717023292680856,-0.258261752578193,0.0768718502929911,-0.109911828099736,-0.159764948293701,0.276467723236842,0.412328797685192,26.94,0.0
28781.0,1.48210132167411,-0.207349364942589,-0.375907020452474,-0.783940683158869,-0.277711250232995,-1.09087058656892,0.0540044865227125,-0.455278686842622,-1.31852982821327,0.647889768397069,-0.448672686456911,-0.0777431418625251,1.52744018717719,-0.177523966503205,0.313884846577011,0.809766783345139,0.151509381407839,-1.60103215689931,0.813531393712027,0.168139882316866,0.173663394749058,0.500748927617893,-0.243198174571989,-0.0357701334560665,0.903519175647115,-0.058424424834818,-0.0210743671758775,-8.53820474798774E-5,15.0,0.0
77295.0,1.36374630504835,-0.351884800991813,0.0973614655052455,-0.582576267277948,-0.832844739019912,-1.25551836305976,-0.0480841703932521,-0.350827792559291,-1.15579895128387,0.655209304972791,-0.341022679723628,0.0885553156886788,0.535288656719937,0.23462985548843,0.678482503917751,-1.39452059647165,0.0427010030129251,0.312147736107073,-0.490814257763082,-0.41587504612673,-0.788515203211921,-1.90162586038589,0.266876921436923,0.369747836426591,-0.0118782790417299,0.620296616651863,-0.0783406067075009,0.0133452919281384,32.4,0.0
82772.0,1.08253797852626,-0.207567527463047,0.532114753645956,1.39746128451529,-0.182105111768804,0.776051788708883,-0.327992373102367,0.20587109310772,0.90634711013949,-0.280009812435859,-1.58280960990869,0.450135661921867,0.0490375620030765,-0.452333586338819,-0.648830997624636,-0.574370185446948,0.130196644101568,-0.619126331542193,0.0437186162895325,-0.065831949294563,-0.10910828333409,-0.0419568384716297,-0.219569125454715,-0.737897284989426,0.711201274476779,-0.211165474547619,0.0634918011617645,0.0228533956324878,57.5,0.0
65265.0,1.23875196040133,0.309978291739943,0.19151072648796,0.496701923986109,-0.135038366298608,-0.553588071146936,-0.0130289694345827,-0.0447323315716114,-0.229855090533163,-0.117879786277386,1.36281926574487,0.903508776998701,0.368963087714859,-0.144859811124218,0.399206326580163,0.764252841983234,-0.387101323108586,0.284147374293707,0.216092149094382,-0.049826863225873,-0.256451573657746,-0.76459054484739,0.0743943365120257,-0.0378935042620002,0.236604002064305,0.0971848447889705,-0.0260519162018362,0.0174670929660475,0.89,0.0
27610.0,1.28636030260008,-0.809800472171783,0.833950616937973,-0.860979561230427,-1.12389931403938,0.25690476176266,-1.19930834186565,0.242283872452036,-0.632230308622969,0.728977721959092,1.29867409357502,0.0030919471666656,0.215464507050251,-0.229985198846158,0.697399468726814,1.48284409780937,-0.0322841049749088,-0.691055484386471,0.274005882710482,0.103869351459492,0.446457117126559,1.21213776404528,-0.13641942303687,-0.253085985644819,0.361580975026997,-0.018319275900483,0.0469383948421099,0.0111840992147389,24.99,0.0
45327.0,-8.77050677666637,-8.78028601147616,1.72332082211624,3.01163916431654,10.6520151806608,-5.30724576131933,-7.20731503735923,0.246910928511515,1.26763353107701,1.89825293924178,1.24566581081922,1.03339682058721,0.568428310726495,-0.563642410184418,3.51986854227379,-1.05581192247934,1.49154222761403,-2.52776058090192,0.108023798302126,-3.41256669045896,-1.46423665607604,-0.69729564135929,-3.31828033021116,-0.500402703210357,-0.787324683629234,0.557869980857375,2.58677077497287,-0.957704642741222,6.15,0.0
29998.0,-2.57036016352456,-1.47725428633518,1.12489118837359,1.39822402651055,4.24564345375352,-0.389302949318343,0.147078424314846,-0.115786573701826,-1.23487143821921,0.86546629074774,-0.226948730009113,-0.425536779522206,-0.22054941430409,0.149800585925614,-0.460265571256241,0.721539972571548,-1.4800136990069,0.222982897048543,-0.718584043388307,0.288942535170431,-0.0208983437352332,-0.185134893161828,-0.0947627117441085,-1.73394628996124,0.968299913052109,0.0457185575352562,-0.647377393683761,-0.00493635455148314,7.83,0.0
64122.0,-2.61316527901839,2.51249454674644,0.00478293741017499,-0.141772117403612,-0.826309322449716,-0.549196482363635,-0.423532551174449,1.6176294124752,-1.63280581196174,-0.772478939716748,1.33840036323217,1.83823480107656,0.871374109865556,1.54374369457086,-0.0519353950365483,0.139307954768636,0.496126677606203,-0.684012233611722,0.136011622166409,-0.337939816387573,-0.0453712059023168,-0.81658354078289,0.117897574360261,0.215331453184128,0.200558413244649,0.0191982794907967,-0.799408881574248,-0.156555137482646,5.5,0.0
58495.0,1.09353181309763,0.59119476543529,0.295843042094387,2.4644128806948,0.289492525194669,-0.206621328409895,0.441849056693365,-0.147134507976817,-1.08559717742788,0.619638926308623,-0.141940078881399,0.542549046271196,1.02329765650463,0.246506793187629,0.436728245943522,0.125405103282414,-0.306367155850342,-1.01282759605304,-1.29374418251112,-0.0441482380850549,0.0154466690418324,0.0144040903026763,-0.0694928170869933,0.105510780456336,0.556754533464823,0.0282638015755828,-0.0118354937077334,0.0215349582521398,43.32,0.0
86129.0,1.27769718186508,0.253478802538977,-0.166404026544898,0.311584198829044,0.253573120794478,-0.0816147883249679,-0.0183652588089211,0.00591476468703038,-0.169214634497526,-0.120353505070738,0.613067024837611,0.613956929760118,0.486595249792046,-0.186365616493538,0.463832721443013,1.00943815317517,-0.687527500470236,0.561003651766068,0.526851792826204,-0.00473332517296411,-0.305342372657521,-0.924724558476567,-0.03780598154835,-0.886411840784646,0.34272874573375,0.148506825098963,-0.0291538941973157,0.0105821304016399,10.99,0.0
69235.0,1.31540417163793,-0.0335770857321864,-1.089984305864,-0.557087388354872,2.02993119987457,3.26812962634987,-0.534993827316445,0.80825009836415,-0.0527240382988317,0.00114875453377001,-0.0286089299546822,0.0736565150203547,0.04128482958256,0.425500485392321,1.2452765300024,0.640367512512013,-0.910236503458034,-0.0686980996025901,0.255267674459398,0.0169521541786674,-0.313307445437249,-1.06893437804012,0.103796606011009,0.992125714637669,0.369398160051982,0.110373548574965,-0.0283020664307734,0.0118363066968965,1.98,0.0
41237.0,-10.2817840384715,6.30238478416897,-13.271718028752,8.92511547634157,-9.97557831146449,-2.83251346361162,-12.7032526593299,6.70684583868978,-7.07842395823848,-12.8056831898117,6.78605830197451,-13.0642398936784,1.1795245105938,-13.694873039573,0.951479176238826,-10.9542857275047,-20.5835927904158,-7.51726213169106,2.87235363605874,-0.247647527731929,2.47941350799644,0.366932842343897,0.0428046480276363,0.478278891799746,0.157770817898023,0.329900959238367,0.163504340964582,-0.485552212695879,118.3,1.0
52140.0,-3.55077041012799,-3.90871464024374,1.72678909812763,-1.08903208008317,0.90449718240523,-1.46279764892905,-1.23798005172099,0.175995089010184,1.79154595536638,-1.47551519664328,1.71511983443968,1.28164213864453,-0.455057674697317,0.155214317512614,1.93684585048494,-1.35002781741217,0.507055996096419,0.770875424254492,2.15867679834674,0.02064755100114,0.239720508758959,0.95182604685488,-0.196943145176859,0.34577461806583,0.382494637674071,-0.44221476804196,0.349955404009563,0.171879827056622,345.26,0.0
94364.0,-15.1920640113629,10.4325276778611,-19.6295152518171,8.04607504591293,-12.8381666152727,-1.87585874614533,-21.3597382791388,-3.71784952676935,-5.96978174909567,-17.1415136412892,5.90239975502551,-13.5801472568557,-0.45140689941267,-8.33476258691073,-2.02514468652193,-10.1963336944105,-17.2709851692259,-7.07909577930568,1.51769533116994,1.65747618417276,-3.47409650326971,1.76544551266317,1.70125678162665,0.381586805077026,-1.41341748729956,-1.0230778939005,-2.63476129227348,-0.463930546269812,1.0,1.0
36193.0,0.938313168169133,-0.0721677166698033,0.437645265836617,1.54863517733252,-0.350318905549751,-0.312548898987976,0.260562022383504,-0.101328151538907,0.155003820998854,-0.193979390520683,-0.12980862254561,0.996636771819163,0.498555811070021,-0.0237068957687517,-0.177759906723415,-0.835504054956211,0.346939733040554,-1.14474356443681,-0.52867516293922,0.0570612221680115,-0.00873609631546656,0.00253381489653828,-0.122800987019101,0.44469830745303,0.603586368380667,-0.34650398679815,0.0247164049256303,0.0391657700678417,114.0,0.0
12093.0,-4.69679522444504,2.69386747884008,-4.47513271259153,5.4676845487781,-1.55675807549758,-1.54942028904253,-4.10421487278526,0.553934075416293,-1.49846813107494,-4.59495176285009,5.27550585077254,-11.3490285500915,0.374549235103921,-8.13869488434773,0.548570894168134,-6.65359434741365,-10.2467554066001,-4.19106626655491,0.991486122257293,-0.158970548660611,0.573898081112651,-0.0801627753981571,0.318407817148194,-0.245862202650853,0.338238431564141,0.0322706213908033,-1.50845793363219,0.608074682590101,0.0,1.0
64549.0,0.997379474432756,1.03626276663801,-1.69219909834737,1.3197816609816,1.73055914864162,0.544264591747354,0.379124326049157,0.334266602282333,-0.786125814053007,-1.58960918376241,3.54542221579549,0.795360752007755,0.106155190223366,-3.13896806767956,1.4173896947696,-0.0509040733492937,3.63735725169275,-0.162091072419701,-2.10473610713493,-0.114112068776356,-0.0279849231666592,0.12982633965101,-0.108094809874848,-1.33189135216291,0.522558426197478,-0.185470307563659,0.10811942174317,0.074781261983667,11.96,0.0
70165.0,-0.942624021864708,0.426381047027526,-0.202055542055012,-0.699364089776638,0.125304469747091,-1.74420113285244,0.785800518277708,0.147817999292805,-0.426214873176779,-0.605671928949656,-0.802745426417305,-0.14917688425623,-0.530855491724052,0.792697479973927,0.00762279068785759,0.202480055419891,-0.275027002471375,-0.442920469819518,-0.540855325664701,0.127288982963594,0.212680479765066,0.284341089246334,0.250055043132705,0.443396139991375,-0.862755827353233,0.737890817573558,0.203244996669432,0.132837141948189,78.95,0.0
94625.0,1.70785693746472,0.0248807914815549,-0.488140038578959,3.78754815533943,1.13945148482475,2.91467262159314,-0.743357877946301,0.699135879021363,1.0084706473096,0.912806096143303,0.7653541419638,-2.04386838674929,1.00154733873148,1.32288725448265,-2.72007696175136,-0.153429555378718,0.752610596119435,-0.755785824269169,-1.91256263382671,-0.368014254987192,0.0108651916304298,0.548257831746395,0.0912182952145324,-1.00795946020642,-0.0821828177765288,0.179709188704528,0.0077377190320074,-0.0688413102470406,33.76,1.0
41413.0,-15.1404496225073,7.37804241221284,-16.356367356494,9.19493491430021,-13.4661632895942,-2.95843050082103,-16.1655386244192,10.0752539455532,-7.90182112627786,-13.0094028057641,4.82823533219729,-11.0584014244364,1.99812557552295,-8.59204740189288,0.540385309176116,-10.6157452968661,-21.0178983428443,-8.39739305199317,3.18355894967976,-1.69148198782553,3.14742810473234,0.341677595071206,-1.15016247089952,0.795189734964946,-0.194542181109758,0.145963568626439,-2.45868034756574,-1.18988788135128,106.55,1.0
77154.0,-0.715413746430203,0.608590312773943,1.15550089022062,-0.267565092666965,-0.563747540811752,-0.618897959603515,0.698307698659261,0.0698369023541396,-0.133341030527008,-1.02533539256113,1.50062918076179,-0.417898026653376,-1.59029515148629,-1.07499904137371,0.288234297659522,1.37776850908719,0.22388685433899,1.31107267514226,-0.896071786353489,-0.186977992930248,0.130748607589043,0.239389294462508,-0.0902274074581911,0.411572390517299,-0.216125965872995,0.353896329216255,-0.0623612631790606,0.00843300173166346,129.0,1.0
72452.0,-0.673181884160942,0.566983949660554,1.72632024764526,0.353841113283341,0.84791261345919,-0.314145602941968,0.902882569309518,-0.142974897747098,-0.0923461554996222,-0.555921745341614,-0.703394827705211,0.192865633417451,-0.233825022573374,-0.273061260347815,-0.721705254722991,-0.67167476628355,-0.0891306821135109,-0.901476704547789,-0.889134867211245,-0.0706829792585514,-0.028109563615094,0.182738799240956,-0.198311406418504,0.0829008164821711,0.0865018854567944,-0.523983890951168,-0.0406287254567946,-0.0945798667074546,8.7,0.0
102622.0,-2.87717642607719,4.56964856472544,-9.55306876711684,4.44107935434428,-3.65396138652409,-1.87798085259887,-3.5143534876061,1.5476079597065,-2.50330396990855,-7.57563437993936,7.00213577397937,-9.95919399367656,2.12207206066581,-8.88487177224851,-1.64485747819635,-7.18992618738758,-10.4451050316273,-3.2719075376306,1.48227743472618,0.105615110186545,1.27289634389685,1.30026844858483,-0.00395013351868523,-0.36084777781177,-0.597525997544942,-0.390901228489311,0.592196918920005,-0.241010152850381,346.94,1.0
102619.0,-2.48836288474016,4.35901910783724,-7.77640985018266,5.36402677044258,-1.82387723220959,-2.44514013600669,-4.96422092061784,1.48489015991725,-2.94789885841072,-7.17534972178322,7.34365210856032,-10.178995535122,2.14215063066493,-8.98305216762269,-0.473746033414928,-8.14334226244301,-9.78567719982127,-3.08651950539248,3.37971333584943,0.792274684105994,1.32567239039937,1.02122620503862,-0.266476205063069,-0.370880444896658,0.365535186093547,0.081372023747405,0.184983040876449,-0.211582455539506,1.0,1.0
44393.0,-4.61746102917986,3.66339525318756,-5.29744641020372,3.88095965427288,-3.26355091342907,-0.918546733700683,-5.7152620778107,0.831039550183167,-2.45703377841015,-5.72681709632961,3.52572598717089,-6.48911156043177,-1.01279063167124,-7.05231095228929,0.78444540329242,-6.77397674966222,-8.58807007314333,-4.51089174541971,1.14787783834912,-0.34645583270524,2.69817489528664,-0.0270808907137453,0.366775230313112,-0.123011441662663,-0.300456526768528,-0.239996239629945,-0.183463054061235,-0.0733597031884566,1.0,1.0
66037.0,0.286302363835244,1.39934474808556,-1.68250270884931,3.86437703955242,-1.18537340204974,-0.341732013808781,-2.53938012266357,0.768378375007388,-1.54788162780199,-2.65971794652165,2.6215881261205,-3.46236188507757,-1.05430017332918,-4.95582330430277,-1.40027445820489,-2.33994291742419,-5.19779447735003,-1.34281449785555,0.288846910516582,0.270360155086889,0.352456413618901,-0.243677652080658,-0.194078546536702,-0.172201087463232,0.742237197555102,0.127789797006944,0.569730790365159,0.291205858831994,7.53,1.0
81210.0,-0.8943448739861,1.41145552928253,1.89058538714001,0.842401782455966,-0.42333079999804,-0.456748197310296,0.333388883899858,0.352632269935037,-0.978223581738573,-0.69065443747068,-0.379247025900261,0.586828224287158,1.18106395894071,0.278862859189492,1.24279120242619,0.0667879618520569,-0.13722635242091,-0.0183664714040912,0.509941501209134,0.0408312329382548,-0.0723543571374444,-0.345740892083238,-0.0959419828552241,0.381301561674202,0.189998900892661,-0.491723542251024,-0.0279276932473383,0.0310329392027764,20.0,0.0
31285.0,1.1186149475754,0.587940442996569,0.580295913525753,2.9864805785937,-0.340195301038335,-0.532026663550257,-0.0196911863438411,-0.00950441948289592,-0.181166391541549,0.0749303580619546,-0.480244816282679,-0.221056837338102,-0.780341679107929,-1.1869871182718,-0.747072669376625,0.386482202041722,0.871291366215045,-0.0687113606502103,-0.904947145456329,-0.182742187669206,-0.124138380696151,-0.189373234721912,-0.0534682796059394,0.613982237972114,0.562561420798809,0.0596348321287871,0.0184877756132844,0.0477175410356232,7.58,0.0
28242.0,-2.78724793061533,-0.0713403777285035,-1.50528777523306,3.36177713733967,-3.35742166883665,0.565834734346537,0.303653111125521,0.966914484943676,-2.24588195188782,-3.65142656863483,0.987277021963291,-3.83478156926117,-0.961354142524746,-3.18216808481143,-1.1260022842247,-2.95430081252595,-5.84121800175148,-2.91043029785417,-1.15585017273094,1.60739677185147,0.882940442444742,-0.246201930041865,1.75222678458672,0.219924964544368,0.15628169505776,-0.265894317684036,0.220694023253282,0.256076869786525,730.86,1.0
94364.0,-15.1920640113629,10.4325276778611,-19.6295152518171,8.04607504591293,-12.8381666152727,-1.87585874614533,-21.3597382791388,-3.71784952676935,-5.96978174909567,-17.1415136412892,5.90239975502551,-13.5801472568557,-0.45140689941267,-8.33476258691073,-2.02514468652193,-10.1963336944105,-17.2709851692259,-7.07909577930568,1.51769533116994,1.65747618417276,-3.47409650326971,1.76544551266317,1.70125678162665,0.381586805077026,-1.41341748729956,-1.0230778939005,-2.63476129227348,-0.463930546269812,1.0,1.0
52957.0,1.20339205598898,0.168665562941568,-0.644698318626713,1.51574339013625,2.16079143991352,4.06805575729638,-0.618957742226624,0.996693800236638,-0.410961774234075,0.582616597397475,-0.658331010391594,0.00355379929408402,-0.153310505320286,0.0345934162995414,-0.444194262330591,0.603253639059147,-0.738432994004177,-0.233242312561546,-0.210897813842863,-0.0417821537713085,-0.341581541500658,-1.03318384994862,0.0478669066459037,0.971598389952122,0.533626395621854,-0.164826497756392,0.0107029964073702,0.0203298043200426,7.82,0.0
75978.0,-5.14072311805277,3.56875123426923,-5.89624545735196,4.16471993013258,-4.09119263947502,-1.98996029061886,-5.47243601705169,2.42282066166249,-2.90973525837833,-6.28780335064533,3.70431215185119,-7.26754953396678,0.329269938095914,-8.45897495556967,1.35448720090917,-5.9762209822112,-10.5760149147501,-3.52516124688807,1.73797600497073,0.318995199686566,1.13113028151049,0.118021510216711,-0.332704205017834,0.139940733895169,0.324757896441424,-0.180769130367976,0.177810382911191,0.661555355551591,99.9,1.0
55311.0,-6.15960693036327,1.46871292315117,-6.85088814665684,5.17470627250374,-2.98670392387712,-1.795054145699,-6.54507152628193,2.62123613805269,-3.60587012643541,-8.12216107491307,6.02903256317613,-9.22585530778592,-1.54675863096913,-10.3093341893072,0.308062393533042,-7.78732622111619,-12.8221770045808,-4.36767713342358,2.64398422133793,-0.289829585956863,1.06131418230601,0.125737468595024,0.589592331660844,-0.568730604518481,0.582824720935876,-0.0425826450995479,0.951130233081124,0.158996023697089,0.83,1.0
109861.0,2.08331883691098,0.143406842780304,-1.33135708123903,0.347331065227337,0.438509076008189,-0.711518458488309,0.120913024084799,-0.397370123918028,1.8969565264408,-0.50622160776128,0.328859595463852,-1.71753735150598,2.66999977556506,1.71818073209484,0.112389978836445,-0.368437188217057,0.14680360921438,0.211969196592307,-0.427398526247127,-0.211513359555428,0.124226302873687,0.807511684633986,0.00811241461806766,0.591979302976003,0.360151809863928,-0.4846286253575,-0.0138159868779068,-0.0528333104260382,1.0,0.0
68207.0,-13.1926709562391,12.785970638298,-9.90665002092758,3.32033688288942,-4.80117593230105,5.76005855618556,-18.7508891580107,-37.3534426378925,-0.391539743919107,-5.05250236713858,4.40680552357904,-4.61075647740608,-1.90948796970811,-9.07271093398351,-0.226074450896345,-6.21155748212485,-6.24814535335983,-3.14924669470095,0.0515761185277783,-3.49304991519446,27.2028391573154,-8.88701714094871,5.30360690376998,-0.639434802306313,0.263203123457008,-0.108876929971315,1.26956635541013,0.939407362758877,1.0,1.0
41305.0,-12.9809425647533,6.72050777097643,-13.4556359425571,8.69861009281133,-11.4795517833437,-2.68151865053833,-14.0192907576919,8.21819051252864,-7.93089996826719,-12.6959474039839,5.58936163192341,-11.9608660326622,1.53867076186333,-9.88721406724695,0.6339792179337,-11.3502438549644,-21.7101876525534,-8.85945192496352,3.62971365041526,-0.84330261969681,2.54962823474498,-0.532227763596568,-0.235096473604284,0.673209169467055,0.22659797207791,-0.00616785819002466,-1.18569550568181,-0.747361321404312,59.68,1.0
18819.0,0.211437851410015,0.422475424985633,0.952278893337048,1.89824512989643,-1.14580644621945,1.11514647214846,0.397553195311812,-0.263927829588287,3.01897919873791,0.0485911377164415,-0.175179097371505,-2.03042265071041,0.992051447383507,0.22937142211548,-2.30187784176472,-1.41735642740572,1.47674067545258,-0.922580424857026,0.452307235257633,-0.480445526893626,-0.502361522782668,-0.529250139489812,0.368821293941197,-0.00723837990360409,-1.06465605680798,-0.755004782539105,-0.680203572198665,-0.403743239206305,151.98,0.0
78227.0,1.08541079158233,-0.856451920512736,1.0321083852468,0.537638750032234,-1.1817958603912,0.773033233122844,-1.1372563701001,0.396525007265359,-0.439375277097994,0.851527300812144,0.521875121803466,0.192151798335075,-0.608091941295224,-0.00376728385254222,0.119014365679259,-1.16722593373568,-0.20009570618771,1.82969091499711,-1.206446133272,-0.475702299076209,-0.151429607839903,0.0106636415464941,-0.0766208264178383,-0.345685282253342,0.27967463613846,-0.212398320784082,0.0871648922025944,0.0333940863377003,72.49,0.0
29785.0,0.92376442016477,0.34404807190464,-2.88000365579163,1.72168007534123,-3.01956477860235,-0.639736122583852,-3.8013245024591,1.29909588513018,0.864065471140902,-2.89525166830126,3.02816223099618,-2.54917730779636,-1.56043182473423,-2.97131675769274,1.07889539651163,-4.70201182527384,-4.90809850732764,-1.5088732903485,3.0016850593747,0.170871765618069,0.8999311755668,1.48127100376248,0.725265549161058,0.176959582872624,-1.81563797523647,-0.536517111308732,0.489035020411905,-0.0497285787992942,30.3,1.0
27187.0,-24.5902447690465,14.0445667815106,-26.2787005866145,6.32008926518927,-18.2245126736673,-4.60996782569686,-17.6810033715155,16.2136267471409,-3.79409346877414,-8.37275316035861,4.90168265513877,-6.87283866404082,0.769776762734501,-6.82658448658054,-0.0544341798176028,-6.08495266503583,-12.375270529796,-4.81034474126699,0.936742237936608,1.64920202229571,1.77706277243531,-1.80487368611576,-1.14060456917063,0.152234466415679,1.71599702403257,-0.22047119903665,1.43495058143483,0.422491857762666,99.99,1.0
49985.0,-1.55421636788274,1.69422928947167,-0.903333638062708,2.42543608490852,-2.89978748492542,0.133028430446298,-0.286225919411127,0.555944559014401,-1.39491838156524,-2.89261176082088,1.96223597455109,-2.38526266137636,0.458337202321203,-3.72454345377605,1.84397832505056,-2.01392370780293,-2.81560029569659,-1.09229027232613,0.139687230416985,-0.0323343863075664,0.493436338989664,0.733393182273647,0.202349959595007,0.492053700892718,-0.183790909215829,-0.19991711985608,0.395200622125666,0.0276930320930062,360.0,1.0
92506.0,-2.32169048193219,-2.16599429270898,1.41193022457729,-1.51653224697235,2.18283871244961,-2.47416926544742,-0.86342000238555,-0.117990921186701,-0.0581678154869676,-0.515997622152776,0.125835728842032,-3.4704231587734,1.57362727793649,1.41415210952948,-0.7602889108633,1.03732813123858,0.734482437750282,-0.927548964140204,-0.383115068574592,0.728468958073225,0.431122306456962,0.534886419196421,0.0307397566779042,-0.0546465006570698,1.02312006800825,-0.0337839253306669,-0.151480190486687,0.0784375848364199,64.75,0.0
48949.0,-0.699887746781715,0.71650553821281,1.32364270103597,0.812865560280623,0.638843218169256,0.217762189597904,0.883549419932937,-0.120072851147002,-0.651823067154193,0.371760411276851,1.25732304935039,0.134863327691071,-0.807018567727851,0.504433179691356,0.89664685715494,-0.425150580553249,-0.207642657687001,-0.1855068165397,1.12093095932666,-0.0257793049672803,-0.350977512707653,-0.918482221048029,0.254401609163735,-0.394842538412932,-0.64430788989377,-0.793299314691777,-0.259756098006165,-0.0327775436423136,38.39,0.0
85864.0,-3.36526491864606,2.92854110729003,-5.66099919906905,3.89115992835328,-1.84037510965314,-1.80088720390662,-5.55867935318221,2.40232168278639,-2.84892272106495,-5.99567612703198,4.22130410784879,-6.11966735264192,0.0230135705891201,-8.14932178394224,-0.301351931335019,-5.37528289323615,-9.31500138499105,-2.48756256913711,2.35591891159776,0.57637946532203,0.875260063301294,-0.102501391250503,-0.606282749133978,-0.743164794295893,0.096318936065612,-0.135060497401362,1.23869473001415,0.0998237563444676,1.0,1.0
54923.0,-0.191389540750644,-0.746252086432506,1.5075933692108,-1.70370780551595,-1.19835850427277,0.900991403406101,-0.653239623891724,0.325691139820759,-2.39287366171962,1.29846157798419,0.321728053661029,-1.52961818195015,-0.66876794820721,-0.078721330317745,0.933844506702515,-0.404769298155619,0.535410723492604,1.1348547591362,0.946653585050118,-0.0129287138651069,0.0969820642178552,0.493745181889094,-0.00377640777064225,-0.880915638668036,-0.303437821294625,0.0655789753170267,0.149073941288564,0.115297562569236,100.0,0.0
34267.0,1.08353534194779,-0.0747756322922173,0.6950907130622,1.10611776857769,-0.582359362641904,-0.102431370481612,-0.355150968559761,0.141144627564196,0.162225398763534,0.203706762519306,0.812187284806188,0.291838975611153,-0.759353825376762,0.472228161386903,0.643908826722874,0.797227578226694,-0.935511440154548,0.914377068620661,-0.219395362390119,-0.0581846101154274,0.166310069673858,0.335397033465103,-0.152783504743897,-0.0121667522768054,0.466708173902275,-0.300275036290635,0.0245592946704897,0.0258654381937791,55.8,0.0
52127.0,1.12103415891647,0.151243113939854,0.521249648542916,1.48217776599377,-0.355004549421155,-0.372963263693937,0.0597099356127963,-0.0140444809145086,0.333105465481466,-0.117354909425438,-0.319160086764389,0.406453146796115,-0.620728713528841,0.174166264356112,-0.0687644582580778,-0.796325163993257,0.407116224698427,-1.02896308761971,-0.490890494331916,-0.207030463312364,-0.0789738466381186,-0.0376060436639757,-0.0258366108148262,0.409642308406351,0.601169520595238,-0.332677975530462,0.0354600520291967,0.0202570978554361,19.0,0.0
57163.0,-10.3630494651588,4.54367201286394,-9.79589773551539,5.50800333404763,-6.03715599427489,-0.133492972364907,-11.7243461176622,-3.19834557193323,-4.76784222430147,-9.33212806886128,5.2241240042156,-7.74312234505579,-1.56034320038539,-7.14041803349475,1.18597782557697,-6.59870406570123,-12.1205390025684,-3.90409153348034,2.51343040062446,0.924396179705582,-2.45714487251707,1.68725664165106,0.977178353536712,-0.543368976583511,-0.289124786926125,-0.107586425389056,0.330641897772597,0.163577149556086,1.0,1.0
62341.0,-5.26775974325256,2.50671895922695,-5.29092481764433,4.8861341982102,-3.34318841087649,-1.10008548506579,-5.81050918581537,1.72634335514407,-0.749277159995058,-4.83482799462627,3.54601225001006,-7.75128547808951,-1.19569394502348,-10.0185024459282,0.29639612212368,-7.47716172698803,-9.78580026201852,-4.24397714797126,2.68112678165858,-0.286043269744833,0.764265624858483,0.473261684078133,0.54848172305712,-0.15685005182413,-0.71018694460215,-0.366422677340972,-1.48676592030738,0.677664104601632,1.1,1.0
61646.0,-1.52230450950001,1.50515204317029,0.372364350808073,2.28686855813503,-0.526518744404641,0.998593092488712,-1.0875560400314,-0.027248402908359,-0.533001251290556,0.169572797878818,2.79039639060721,-2.31695189213093,-0.78253178710191,-3.43173796295146,-0.527701760836688,-3.2935576903327,-3.90149898369755,-2.52544048175208,0.79514422023384,0.412800620721233,0.332216175668172,0.493980864616249,-0.0801982925908616,-0.253327337787628,-0.477799682605952,0.991739677999628,-0.952553959120801,-0.39036399798095,19.04,1.0
7535.0,0.0267792264491516,4.13246389713003,-6.56059996809658,6.34855667313983,1.32966566904142,-2.51347884762413,-1.68910220031328,0.303252800547589,-3.13940905736457,-6.04546779778801,6.75462544809695,-8.94817857893317,0.702724998099873,-10.7338541032306,-1.37951985681718,-1.63896011485587,-1.74635013628103,0.776744097926754,-1.32735663549015,0.587743219006407,0.370508651493253,-0.57675247317433,-0.669605371766238,-0.759907529538618,1.60505555017462,0.540675396428899,0.737040381683977,0.496699108168337,1.0,1.0
27784.0,0.288028928428076,0.965681439446855,-1.45949519977085,1.92186300234526,-1.91241402974899,-1.13028190025527,-2.81426265960526,0.648663224885543,-0.695262639845074,-3.46568908576121,2.35161910622909,-3.82670531942496,-0.767569849115369,-4.8528669146236,1.66486300420352,-2.61736133003734,-4.83555830647772,-1.92175160139324,-0.385884175181753,0.330916894188196,0.603127128021142,0.380690182113136,-0.0641251755885565,0.271380100640141,0.33721953478356,0.626155869423677,0.565124825956713,0.305925255390835,23.36,1.0
73850.0,-0.798838937065064,-0.950704231599383,1.23578139972879,-1.36255374356112,-1.49390338552806,-0.226244946110104,0.835058679770872,-0.18879350914762,-3.3729767009762,1.0650879311377,1.29979151868452,-0.532964419979403,0.504235083460024,0.0834445517935772,0.0756775811167631,-0.821786292938634,0.761650667802888,0.323387928549952,1.44917486225061,0.576467891845309,-0.270288282648813,-1.04656514230664,0.652143243410523,0.231543596260983,0.127689763656379,-0.373682126389209,-0.0330345092636065,0.0897699763676987,299.7,0.0
41273.0,0.839785414741293,-1.53792894122165,0.914883085122846,-0.211508333250512,-1.56519086921478,0.246791701074874,-0.809550714446184,0.0698573037814368,-0.0536896838714549,0.196434032455076,-0.406576261017276,0.406361244932752,1.1043442936495,-1.03887182995044,-0.51113117190876,0.429271933251353,0.917973125800627,-2.06985167950753,0.473127935251551,0.566735242596733,0.185611857190886,0.256869498704686,-0.18522346651518,0.156722754790025,0.258324176900397,-0.243743385420777,0.0323230865690413,0.065526272066105,247.46,0.0
84789.0,-1.43086372778891,-0.802528699267131,1.12332029999445,0.389760264731692,-0.281213534404278,-0.055123492429819,1.32623248909333,0.195699815379613,-0.546889550453909,-0.71347376073502,1.27462907751277,0.0236821347785728,-1.52169610821701,0.727242085814848,0.166504662441577,0.348037591565135,-0.5663900830288,0.216016101767291,-1.14037564250718,0.634184289933654,0.325575470468413,0.0140018451191784,0.844946015847872,0.114962884542335,0.156364810543393,-0.619437446641754,-0.120351072821334,0.0355941733717493,354.33,1.0
88737.0,1.91782653091941,0.951966571156228,-2.05920551344214,3.83399771227534,1.66819219140891,0.769825697337707,0.23246305671161,0.107940567202011,-1.14364568858013,0.541699242973355,0.301977229683697,0.257697090947377,0.709147651977866,-2.420715975085,-1.99774018079568,1.50669615001484,0.799832475247662,1.16276426158317,-1.15062735713932,-0.115922317627863,0.0152553539964535,0.239994342022941,-0.111915984520572,-0.380575889863537,0.370994788995014,0.189116547062326,-0.00582328067918961,-0.0121050906997506,9.21,1.0
35776.0,0.832232636472723,-1.21411009635754,-0.193995851301133,-0.689448804664712,-0.591140157529859,0.0385662608806905,-0.0868483451869238,0.0348606359338473,-1.35845317965712,0.603372880377897,2.00128759173139,0.321337856801723,-0.0429316389175504,0.388479378679148,0.357388018684649,0.573567081460448,0.690356268478198,-2.27070127923377,0.284653640794482,0.497936365264516,0.0494336986267292,-0.515730933082038,-0.03527012652055,-0.30823302345683,0.0777678565088391,-0.513227190327117,-0.0330398402512869,0.0392105203958314,254.0,0.0
118083.0,1.78839512577271,-0.0675682224574774,-2.23482802826788,1.1386546548774,0.84008589246736,-0.88716185452617,1.02946851832881,-0.472531660240152,-0.560985253701561,0.468091660252359,0.635402854060614,1.08646827824887,0.645771531086073,0.900135192270891,-0.605265519185582,-0.169508504762957,-0.873397590670444,0.173925817396725,0.0313648294702426,0.0818701430571896,0.290148443420528,0.638335541883391,-0.271690681310083,-0.452951877718972,0.569864696597003,-0.423589217792965,-0.0644910424709745,-0.0547472091974657,150.0,0.0
41237.0,-10.2817840384715,6.30238478416897,-13.271718028752,8.92511547634157,-9.97557831146449,-2.83251346361162,-12.7032526593299,6.70684583868978,-7.07842395823848,-12.8056831898117,6.78605830197451,-13.0642398936784,1.1795245105938,-13.694873039573,0.951479176238826,-10.9542857275047,-20.5835927904158,-7.51726213169106,2.87235363605874,-0.247647527731929,2.47941350799644,0.366932842343897,0.0428046480276363,0.478278891799746,0.157770817898023,0.329900959238367,0.163504340964582,-0.485552212695879,118.3,1.0
41199.0,1.16863610666724,0.669296836694021,0.22854416647606,2.76874208571444,0.121111840715419,-0.136119634263495,0.0116686451473616,0.0337376112422491,-0.258075244968523,-0.0180832188083161,-0.973552852346362,-0.382984632023542,-0.360435893010315,-1.43295029646022,-0.42952445787243,0.866802813215693,0.636057960976373,0.10635933664703,-0.595510825639739,-0.123747242701829,-0.396550171082103,-1.0414494679578,0.0017311868059232,-0.26923270969022,0.431495425998692,-0.147641963440691,0.0218942022463593,0.0513527481386541,9.68,0.0
73464.0,1.21908526351441,0.530382269996268,-0.484101112559711,0.816447658064394,-0.0303404511985997,-1.2769515495204,0.236216724714496,-0.120572191163413,-0.271408163094488,-0.511202993070067,1.88415470132957,0.0180186694964417,-1.32753628905063,-0.865662866303377,0.37556707669004,0.740180309316971,0.924126139281287,0.832055878785166,-0.145948561370032,-0.137460822267898,-0.10169306333082,-0.327426188808245,-0.0572113366119197,0.393099419725808,0.475594499614326,0.342567014284945,-0.0415488165629077,0.0323608702842253,0.76,0.0
11131.0,-1.42662331260887,4.14198623236944,-9.80410344235714,6.66627300324451,-4.74952679326515,-2.07312900595144,-10.0899311630826,2.79134529885187,-3.2495156171301,-11.4204509744097,10.8530116481991,-15.969207520809,0.546690084634152,-14.690729133641,0.91233739988339,-12.2271892780267,-18.5873662058916,-6.92076186060174,3.16699890688552,1.41067765264616,1.86567876848945,0.407809281593599,0.605809354312964,-0.769348118123441,-1.7463368287861,0.502039516709683,1.9772583297728,0.711606531209485,1.0,1.0
18675.0,-12.3396031574122,4.48826730168204,-16.5870729373632,10.1072738734101,-10.4201989827431,0.130669811857349,-15.6003233044816,-1.15769598093331,-5.3046309683427,-12.9389293107706,8.80568196718575,-13.5561301301468,1.16546376028499,-9.80988150207055,0.369987279150665,-9.50521044515487,-17.5420303090874,-6.79263778723153,2.06937744931751,-0.0855014634055812,-2.0896096332232,1.74531450014405,1.37681580939778,-0.554271418366818,-1.61074085196174,0.153725444536768,1.2124772080589,-1.86929047595671,188.78,1.0
80463.0,1.19551879983126,0.252570332208993,0.162992729984952,0.44920741614648,0.0373953752155109,-0.0896372946882151,-0.100154171007348,0.101277275733044,-0.213461565746414,-0.1579486593161,1.5657004104287,0.91858525978506,0.213151618731268,-0.0893798930802816,0.665543093539775,0.476580469983888,-0.0991157158488747,-0.149959852839281,-0.143283611858814,-0.0908130456503895,-0.230155689812584,-0.660186307822313,0.106358676147649,-0.347494428907094,0.158580125853133,0.127031347938328,-0.0104067835357548,0.0137840618917879,0.69,0.0
4165.0,1.16688224651937,-0.24301155748835,1.58478540056582,0.430918479659422,-1.48110317053559,-0.684677753785181,-0.951895232538524,-0.0279354992688707,2.16254356259734,-0.551645795643299,0.808909719791636,-2.49203069050491,1.41974451283478,1.28930353575103,0.943294365076441,0.783985036359851,0.261817962061859,0.500328838978205,-0.743853921681197,-0.0847212615076464,0.0745377429550711,0.447791852729684,0.0374766846800432,0.734863199315934,-0.0173650004698659,1.05314069971063,-0.0600636974719154,0.02167136275184,25.0,0.0
83934.0,-0.433222446537596,2.42837911824053,-3.99645439738162,4.87129854095106,-1.7963078560437,-0.586867589935922,-4.65454261848565,1.28522967071729,-2.74353881589949,-5.63894131284807,4.3437434980468,-6.65573446968769,-0.293108662762872,-9.50514082568186,-1.39614905931922,-4.85032315924603,-10.0062528282393,-2.78959811229388,0.98258385892977,0.745029329890697,0.713558821786954,-0.408953595906886,-0.320889532152165,-0.804230275167984,0.962851575679124,0.199558010666927,1.09453318209808,0.541147567735467,1.0,1.0
14073.0,-4.15301449873357,8.20479650456012,-15.0317142097481,10.330099825448,-3.99442609736294,-3.25001318447365,-10.4156978119079,4.62080391044331,-5.71124797098224,-11.7971810675777,11.2779207278067,-16.7283393320915,0.2413676825577,-17.7216383537133,-0.387299923381284,-10.3220166783853,-13.9590853730538,-5.03071003831832,1.19726633504633,1.41262488019492,1.97698839609887,0.25651048717528,0.485908106513804,-1.19882131436036,-0.526567394687845,0.634873502483478,1.62720907623952,0.723235068518316,1.0,1.0
7526.0,0.00843036489558254,4.13783683497998,-6.24069657194744,6.6757321631344,0.768307024571449,-3.35305954788994,-1.63173467271809,0.15461244822474,-2.79589246446281,-6.18789062970647,5.66439470857116,-9.85448482287037,-0.306166658250084,-10.6911962118171,-0.638498192673322,-2.04197379107768,-1.12905587703585,0.116452521226364,-1.93466573889727,0.488378221134715,0.36451420978479,-0.608057133838703,-0.539527941820093,0.128939982991813,1.48848121006868,0.50796267782385,0.735821636119662,0.513573740679437,1.0,1.0
96657.0,2.06567150858984,0.680899030688683,-3.03811333701684,0.827241727542638,1.253822858852,-1.33334543808286,0.552996935194442,-0.35736165832216,1.22123876124916,-1.21382898825498,2.52606061557137,-2.73913899780649,0.17130855661433,-0.555655524052397,-1.31461434790746,0.536641348646948,2.74039182221031,1.4463264710865,-0.224515990896796,-0.234168461523911,-0.179160356736769,-0.154493839101498,-0.0240847497861467,0.501974063082442,0.303681451581373,0.624029796230288,-0.119629647678954,-0.0314604214746833,0.76,0.0
81222.0,-0.867986863560982,0.601369526986123,2.28331504215225,-0.0852781526614078,-0.275707987370524,0.797912722202777,-0.142564161058693,0.504722459918133,0.281460333054721,-0.3005421551134,0.651196119223058,0.459033537591489,-0.657794476525669,-0.248515620796472,-0.341418099802091,0.0373202240998392,-0.203211655161877,0.158587809414183,0.208007639687118,0.0576624273919947,0.00799989868178975,0.214526227838517,-0.181409000351069,-0.281327465652106,-0.159030532437964,0.334471115027055,0.210441664679247,0.159830998653687,11.5,0.0
41413.0,-15.1404496225073,7.37804241221284,-16.356367356494,9.19493491430021,-13.4661632895942,-2.95843050082103,-16.1655386244192,10.0752539455532,-7.90182112627786,-13.0094028057641,4.82823533219729,-11.0584014244364,1.99812557552295,-8.59204740189288,0.540385309176116,-10.6157452968661,-21.0178983428443,-8.39739305199317,3.18355894967976,-1.69148198782553,3.14742810473234,0.341677595071206,-1.15016247089952,0.795189734964946,-0.194542181109758,0.145963568626439,-2.45868034756574,-1.18988788135128,106.55,1.0
72239.0,-2.65711112960276,-1.03126803590307,1.71768086928893,0.25168172069525,0.998597913863729,-2.39598104768825,-0.556453610828928,0.445658063302357,-0.64004445413293,-0.980070019248358,-0.214434234500518,0.250376114659727,-0.293227610686296,0.675713292445481,0.527417432796388,0.447492232312721,-0.201321839484295,-0.458808434324526,-0.843676071648233,0.394370551329411,0.0600338815204087,-0.866236768061455,-0.0840530731032529,0.907543580237096,0.132779773938406,-0.0417533021253254,-0.100238923294826,-0.339954160533035,1.98,0.0
101378.0,-2.22625383115557,-2.53623580516038,0.863680635661047,-0.443467709010651,3.26683755381128,0.359444163539148,-1.68198055582922,0.91860949684307,1.84674369969806,-0.910667794247596,1.09313077078395,-2.92642992499514,-0.431489386962391,2.03740173225591,-0.218779030101029,0.275981872625984,0.195932487958311,0.28493004945915,-1.86350505146517,0.390927124576024,0.467674733130354,0.699240870177086,0.61233714325397,-1.05489297612548,-0.865276014416189,0.19807377599177,0.0588622015587681,0.232465716931567,78.23,0.0
76876.0,-1.29835900258265,1.07967115744319,-0.180677930886891,1.28783908383189,1.85827347944352,-2.22369500209375,0.525166986044906,-0.0968743110676978,-0.168893374133313,-2.544410418956,0.706999574201444,-0.835695915134352,-1.02211731659325,-4.99399178918475,-0.455706843211384,1.31536513941655,3.63919954823548,1.62342609471098,-1.53933883157799,-0.18757199362802,-0.332983053581271,-0.851270427572191,-0.370799798865314,0.29824168728035,0.442929877216587,-0.522832450531743,1.04856507220322E-4,0.135698346061769,1.0,1.0
61646.0,-1.52230450950001,1.50515204317029,0.372364350808073,2.28686855813503,-0.526518744404641,0.998593092488712,-1.0875560400314,-0.027248402908359,-0.533001251290556,0.169572797878818,2.79039639060721,-2.31695189213093,-0.78253178710191,-3.43173796295146,-0.527701760836688,-3.2935576903327,-3.90149898369755,-2.52544048175208,0.79514422023384,0.412800620721233,0.332216175668172,0.493980864616249,-0.0801982925908616,-0.253327337787628,-0.477799682605952,0.991739677999628,-0.952553959120801,-0.39036399798095,19.04,1.0
95628.0,-17.5189091261484,12.5721178535385,-19.0385383213549,11.1908946558522,-13.5547207079601,-0.41192361337145,-23.189396512394,-5.30141221815132,-8.63039030596902,-16.2556117491401,5.70211147983179,-13.8124040899594,-0.306815322507812,-7.01360737195925,-1.18229035380557,-9.3601791927531,-16.6683693822389,-7.14746777723207,2.16209864550609,2.52851232971436,-4.96947772242457,0.976124822110751,1.8412479337881,0.334417748210128,-0.720128461316563,-0.232603423065217,-3.02199247294556,-0.478158234859683,1.63,1.0
66037.0,0.286302363835244,1.39934474808556,-1.68250270884931,3.86437703955242,-1.18537340204974,-0.341732013808781,-2.53938012266357,0.768378375007388,-1.54788162780199,-2.65971794652165,2.6215881261205,-3.46236188507757,-1.05430017332918,-4.95582330430277,-1.40027445820489,-2.33994291742419,-5.19779447735003,-1.34281449785555,0.288846910516582,0.270360155086889,0.352456413618901,-0.243677652080658,-0.194078546536702,-0.172201087463232,0.742237197555102,0.127789797006944,0.569730790365159,0.291205858831994,7.53,1.0
42606.0,0.593730001260757,-2.31174391860806,-0.549637334311874,-1.01668764822454,-1.45779078722537,-0.672790644194983,0.0760130861970997,-0.367918234499068,-2.25213935554674,1.19084656713714,-0.146035703719324,-0.695355425341031,0.508680748051505,0.0792979719260946,0.603255513731234,-0.889861859364504,0.942639808100853,-0.922180535301562,-0.476472857727512,0.589434083054955,-0.192514209976792,-1.24762249573758,-0.232721780970062,0.0507924198238261,0.0962629906625124,-0.470542687968394,-0.0690581049055245,0.0942973041833336,484.98,0.0
120587.0,0.0897054405635634,-0.0283457039845369,0.181141209294084,-1.65111710463477,-0.251268793181526,-0.360218370462288,0.17641187287608,-0.00565608184609405,-1.05808377979257,-0.526141591677234,1.03754670912249,7.97758075495088E-4,1.06177567183247,-2.24207325316343,-0.899211159053079,1.94295476139812,0.830008369843068,0.189361086701594,0.390793284169257,0.316599417070966,0.400429569360704,1.06922541958229,-0.0152465950501846,-0.422915024064783,-0.317582889469567,-0.167123505728766,0.0780805007672189,0.0767449106366528,89.9,0.0
73408.0,-2.86979494599423,1.33566696241079,-1.00953019777159,1.69388472852407,-0.741479894623347,-0.796772696354505,-2.61424187718441,1.06663646767929,-1.13549652218517,-3.9433368210052,2.57283021584331,-2.28866350030302,0.562084177710423,-5.33871420959882,-1.85325189141529,-2.619233053885,-5.23142512742468,-1.23485373672039,0.397308037124058,0.0115572104606548,0.528421372720921,0.228027080989586,-0.749297963439339,-0.0671789627433331,0.215792485177395,-0.453651011768872,0.349191042793996,0.198862268219404,16.48,1.0
80031.0,-1.3964950115357,2.02247267232585,-0.0642412585746227,0.830643092520891,-0.526462383903007,-0.592893738834378,-0.247366113281136,1.03692555608,-1.08799397940155,-0.685643722223572,-1.32989823860175,0.500406036498437,0.920007288463818,1.06632726707845,0.87850840695099,0.141190000592972,0.074055365467611,0.306746692954273,0.621728673370325,-0.317012073901171,0.289555375604125,0.427324002066881,-0.0822359549668799,-0.121570308522702,-0.120452383189829,-0.32265908245596,-0.468916458096892,-0.0351266075453545,6.28,0.0
44082.0,1.15916957545219,0.124333052739654,0.581947674837643,0.50754850531608,-0.374525876642242,-0.32510306051882,-0.143965482154016,0.0918865421412077,-0.166008606228483,0.0715140369640358,1.81182898290232,0.977376320948799,-0.263418860105376,0.563742153908616,0.616511515415164,0.167833959045109,-0.296149824735013,-0.508651629824113,-0.261785644413811,-0.148255264886271,-0.169625331020979,-0.515970789234946,0.183872056046538,0.206913730032559,0.0723869133443559,0.0956307127931237,-0.0190249312078937,0.00659046468675261,1.98,0.0
79540.0,-0.114360703589856,1.03612940153875,1.98440526119199,3.12824327369048,-0.740343559582751,1.54861869623,-1.70128395465886,-2.20384174839674,-1.24226477538834,0.269561809170344,1.29341829662131,0.933215784460268,-0.135325960632637,0.521483689902165,0.386884188055331,0.0598689535627266,0.306339379229928,0.265051988857439,0.223718288348024,0.732852498432027,-1.03293465200213,1.19642831010463,-0.112856718234204,0.254718993156121,0.69666788609654,0.482370416673402,0.129969314476127,0.223924333790406,0.2,1.0
42639.0,1.29735482314769,-0.858415966624372,-1.67344463656638,-1.77069173488703,1.70585545880645,2.9564565167984,-0.542283556254909,0.620323634266899,-1.25704917818451,0.65470963546252,0.0851573897015098,-0.675039456222759,0.111368275756631,0.246654537083732,0.672745370803204,1.22087196478155,-0.114557452368569,-1.45036476661797,1.13553951825754,0.392173356551895,-0.161753727628764,-0.973999713085519,-0.0281519207666299,0.985873215432756,0.531987630991787,-0.479049023493224,-0.0362982288104641,0.0227557432004113,112.17,0.0
8757.0,-1.86375555343732,3.44264397684973,-4.46825973145511,2.80533625940251,-2.1184124774924,-2.33228488731467,-4.2612371974404,1.70168184397858,-1.43939587542941,-6.99990663386522,6.31620967716699,-8.67081800476226,0.316023991908777,-7.41771206475053,-0.436537471366146,-3.65280196004741,-6.29314531907376,-1.24324829133852,0.364810482193887,0.36092400372093,0.66792657242141,-0.516242362128804,-0.012217811746839,0.070613703103445,0.0585044669560628,0.304882839588584,0.418012467185258,0.208858278145839,1.0,1.0
68089.0,-2.05895062313736,1.75847096008612,0.269696951424164,-2.20254524512519,-0.0930026401222723,-0.240677445658722,-0.410091130465527,-2.85472649297181,-0.0214570681890305,-0.912187052136845,-1.33782356972736,0.521546430489601,0.84862243837516,0.181554153210002,-0.263419199693347,1.22858167595956,-0.86006347965424,-0.357821973077615,-1.236844001159,-0.83294902059369,2.94994943196154,-1.35724334211673,0.197975757553048,-0.417255277783891,-0.0204819857343113,1.05113394435742,0.285780135723131,0.0635828715910196,35.0,0.0
44601.0,1.28118183314465,0.168224814681114,-0.0587947685608018,0.0940690310200589,-0.289991382647599,-1.38290559567622,0.408966987126395,-0.346627945108077,-0.0980321386870445,-0.121582178058227,-0.201318626902544,0.137850207402571,-0.2005797398457,0.514909784272708,0.809533555822196,0.0402986837944729,-0.158194063187047,-0.969379784973993,0.275748632122011,-0.0610066889987126,-0.376147923021478,-1.16555545626038,0.138513203182241,0.39671010240482,0.196254935594618,0.70397894133628,-0.11163241388321,0.00176111081039949,21.9,0.0
4462.0,-2.30334956758553,1.759247460267,-0.359744743330052,2.33024305053917,-0.821628328375422,-0.0757875706194599,0.562319782266954,-0.399146578487216,-0.238253367661746,-1.52541162656194,2.03291215755072,-6.56012429505962,0.0229373234890961,-1.47010153611197,-0.698826068579047,-2.28219382856251,-4.78183085597533,-2.61566494476124,-1.33444106667307,-0.430021867171611,-0.294166317554753,-0.932391057274991,0.172726295799422,-0.0873295379700724,-0.156114264651172,-0.542627889040196,0.0395659889264757,-0.153028796529788,239.93,1.0
70071.0,-0.440095203221886,1.13723897606434,-3.22707975693117,3.24229293383089,-2.03399815309639,-1.61841464754635,-3.02801259904704,0.764554819893569,-1.8019372093973,-4.7117686842189,4.66325458481107,-5.17173460782892,-1.62407024790733,-6.71387819491558,0.607986267670607,-3.27520749888835,-6.8238312134789,-1.35530868624906,0.291250739005026,0.895840844006848,0.764186724577691,-0.275577693085964,-0.343571526478397,0.233084829252444,0.606433640125543,-0.315433462199896,0.768290751269875,0.459623327730251,227.3,1.0
28344.0,1.25695445333275,0.405225655790291,-1.25495007354013,1.31851735813962,2.5685352848831,3.54462591442833,-0.177340706675471,0.781943096717031,-1.05079686206914,0.77082806902,-0.316373201989362,-0.276500289160194,-0.0600165184750249,0.560673571811064,0.483387520104826,0.788997757929792,-1.02548417977133,0.00300602732406732,-0.544965759857997,-0.0249845032985452,-0.0980777572283855,-0.472810017121375,-0.0923829978963688,0.991795246723306,0.765858543351127,0.0213690228767258,-0.0264004756040582,0.00992247529610106,9.37,0.0
113174.0,2.03232647685918,-0.241230622924904,-1.44993884580101,0.105174257842283,0.0216046729181066,-0.689327417950155,-0.0909753292001487,-0.0220332230835249,0.833095705938151,0.136605407336992,0.623482791487906,-0.210659771986253,-2.31846622784151,1.12891486272307,0.445442323049263,0.0200318707535911,-0.648034226179608,0.866904949202156,0.0974192364281315,-0.363738529052305,0.29406497959789,0.847448461121927,0.0362904718109703,0.725566111905759,0.236779227983151,-0.467912765500663,-0.015036110987591,-0.0613351314078572,1.0,0.0
73989.0,-1.06020971215855,-0.171126825742821,-0.22818642376863,-0.065348236966992,3.47218554227344,2.93397957869833,0.0916070221158675,0.861410400163318,-1.01989009523717,-0.240468578981785,-0.170965020603858,-0.190586349735847,-0.0678553063876258,0.664843538310332,1.16695124056413,-0.0670011641810816,-0.566819107100322,0.0826408978723849,1.11776797816509,0.536500018952183,-0.230740354351635,-1.25869352145661,0.278004484087326,0.929956491870468,0.0802333888865374,-0.663219946703342,0.055767780589934,0.138932318795382,78.51,0.0
120080.0,-0.758437979941333,0.438865652150383,0.362877005032046,-1.13621595237694,1.3106930664449,-0.749569450201711,1.10757774696841,-0.432628296484817,-0.0875507045597755,-0.066844711369047,0.591628929847558,0.889114966428944,0.36650913627469,-0.0706817418437465,-1.40422129120157,0.182406896926307,-1.09496670293144,-0.367169345680275,-0.191091939005635,-0.245142922011591,-0.145137610352399,-0.269882652311206,0.0852936406653661,-0.386103044710958,-0.910592373370116,-0.0870746877803403,-0.467218023679481,0.108717900915564,0.99,0.0
43494.0,-1.27813773524814,0.716241580332591,-1.14327922918382,0.217804800631468,-1.29389046969973,-1.16895152511977,-2.56418198278833,0.204532467641239,-1.61115462297744,-1.25028553742691,3.36736102310858,-4.58309584545642,-0.806939683730076,-5.20830522179452,0.525823682164556,-1.81591431259746,-5.24911146794949,-2.19669120679566,2.10905264474381,0.817203155491914,0.490182667533974,0.470427403079725,-0.126261344339209,-0.126644458784455,-0.661907559467122,-0.349792996571914,0.454851068382725,0.137843477172283,24.9,1.0
36862.0,0.526383822159193,-1.29559869439747,0.359874579745715,0.283537281205607,-0.808748427762107,0.610357176080302,-0.223047117880617,0.281681251613318,0.4186050742992,-0.287440499105452,1.54503830107267,0.922368263251886,-0.546510945779814,0.283983718964126,0.371600768184031,-0.199251364783108,0.216760554882672,-0.729567462675544,-0.409096599657658,0.464588060296324,0.216575800410742,0.0709682827069431,-0.21208284683517,-0.208038328566581,-0.0432074456482822,1.02496218686666,-0.0897617369103673,0.043780350093172,313.56,0.0
1260.0,1.25941843981117,0.209318255414544,0.501896123457197,0.626949691471588,-0.531268325028035,-1.00703853131813,0.0243477514655138,-0.174047903682843,0.129459543020544,-0.0494038110149856,-0.309851855438189,0.0728194238669421,-0.2434226594794,0.35053670292578,1.09302846950787,0.328617955353603,-0.390612507640222,-0.474239884006671,-0.11571250842122,-0.128698320936717,-0.263659841143062,-0.789994037643152,0.143175056628023,0.365012877256295,0.198321475333643,0.0963685923281516,-0.0327402188802166,0.0178658794721327,1.98,0.0
41397.0,-14.9703456545046,8.40142101040258,-16.8672384869515,8.25233430637468,-13.5651304873758,-2.78243755853826,-14.2637353490007,9.64341914576661,-7.70149868394332,-14.2266980575287,5.61099879659254,-11.7939788348294,1.59838653001563,-11.6069703760766,-0.0441804437896824,-9.28695473739369,-19.8997264249367,-7.518050849236,1.24351749943488,-1.61466005601289,2.71404480183882,-0.101355310559619,-0.439665974014017,0.519513861479409,0.789327982433797,0.0643574266343142,-1.62138568643941,-1.10481920857705,273.01,1.0
110408.0,2.0048344097265,-0.535171869650314,-0.439424775815683,0.1428760661523,-0.459805189059141,0.277426863192207,-1.02589926204632,0.215291061706552,2.83048742420631,-0.3617712592915,1.03032451029867,-2.46408742983632,-0.0387681769315271,1.73071862298839,-0.667183518113793,0.481049474411863,-0.0326419948306915,1.26378932157622,0.129142837076936,-0.329516829960955,0.024423554682965,0.434092952475502,0.153658700130211,0.282772738024919,-0.211632376676059,0.0632159899068994,-0.0299645898014491,-0.0604857712870396,0.0,0.0
41204.0,-8.44028396323147,6.14765332384605,-11.6837061588856,6.70277957100753,-8.15583929706995,-3.71626415558662,-12.4073130564101,5.62657129554302,-6.23216089363823,-13.3866834395246,7.60555947435276,-13.351815018081,0.827049642773684,-14.9794773489142,1.53281308437662,-11.7714969677127,-20.2992165093576,-7.60911006016911,3.80913643570604,0.520732330180873,2.19285541971989,-0.282596814624446,0.00806849811246454,0.403858336982018,-0.0187883930291726,0.522721636106603,0.792690689790115,0.0677895462043786,30.26,1.0
32448.0,1.15070360644015,0.168365213472954,0.355793087576065,1.07799163706414,-0.445232969407336,-0.783551619668524,0.056590053763951,-0.030712797864885,-0.0977652937745737,0.21293631583425,1.26780818646585,0.258686708753826,-1.41018688746838,0.85900360455824,0.348134537196767,0.24877934407845,-0.528391801501548,0.439147876242557,-0.155145991921493,-0.184837743219881,0.0888575541978075,0.161315884548458,-0.0868979776159295,0.51362594415329,0.579929692593957,-0.356124078757594,-0.00171186994073625,0.0126732447152095,22.7,0.0
37108.0,0.876682472693824,-0.962282548730366,0.694889986074061,0.212018241760957,-0.91700073042748,0.451984594513843,-0.513689411160969,0.181582302290419,1.2186891439294,-0.574931547961068,-1.05956846398397,0.490710031214803,0.0862689873220289,-0.522154578941119,0.00927193011093785,-0.231013234856925,0.228854145124648,-0.875602107567544,0.25918607554222,0.256095802322253,-0.138652035865848,-0.487976455419653,-0.109095858588688,-0.393479076992468,0.0738581194132728,0.988259766982927,-0.0501176341521005,0.0350741377784033,179.37,0.0
80596.0,0.954606410101851,0.0806734421355185,1.15627103400022,2.59330101082175,-0.736898203922067,-0.185547231257097,-0.220088249926946,0.0396304965564026,-0.337266222567443,0.600876534972952,-0.620341423591012,-0.215227927347404,-0.120462750782555,0.0824661442813335,0.848445309873221,1.07949535913898,-0.766948688459851,0.0315307292098039,-1.18416165701874,0.0508852544378538,0.0193749163525072,-0.225720985073828,-0.00251015587813518,0.361066889443003,0.163607241368337,-0.120630498293029,0.00160050220053533,0.0539024770135595,105.34,0.0
73179.0,1.13504338431268,0.0540446101816389,0.264326020211437,1.21649737248109,-0.0372469495987764,0.299831934050318,-0.109442471298993,0.212631590146838,0.220273504375953,0.0750203096666101,0.681727223751107,0.52481738930389,-1.26054758658122,0.463448402050214,-0.649748740547929,-0.37941855139153,-0.0425909235848784,-0.24046390048604,0.0509732204782152,-0.230399362819758,-0.0814251813294778,-0.0958862777896736,-0.106356777601654,-0.33010461129899,0.63746624187355,-0.306127623451616,0.0276467207527697,8.44623039339065E-4,12.99,0.0
93853.0,-5.83919161928092,7.1515323543223,-12.8167600806187,7.03111476501099,-9.6512721679897,-2.93842725771624,-11.5432071690832,4.84362653179436,-3.49427572506535,-13.3207888671784,8.46024444901677,-17.003289445516,0.101556614891384,-14.094451660329,0.747030766392512,-12.6616957230679,-18.9124938172188,-6.62697484523061,4.00892074227194,0.0556838813863639,2.46205591127559,1.05486518382957,0.530480596078193,0.472669814042592,-0.275997967880675,0.282435024801752,0.104886020210564,0.254417096767513,316.06,1.0
52162.0,-8.81079986702167,-2.39489615136035,-3.75079821371038,-0.0145709553376622,-1.97202033068558,-2.1935396446262,-1.38901809422969,-0.902254629480862,0.65583478279754,-1.93679060340192,-0.71678876445198,2.48405410615173,1.1929337779291,1.86888622799944,0.125706785531719,0.388520834634299,0.865625037907138,-0.409171126174231,0.0579049099827821,-2.19334001744986,-1.9962191378443,1.12589524283297,1.28943793117978,1.15324693445204,0.517346216243784,-0.69617510572654,2.19910569221829,-2.76077429022927,15.0,0.0
99186.0,0.116674376532616,0.0812371990334539,-0.0852763446640104,-2.1806078634764,-0.625001257949298,-0.353861160214158,-0.347063522119941,0.455062317746474,2.64685662862217,-1.91460809420766,1.5523457023852,-1.2719555853481,1.58729200972806,1.73326330119603,-0.732766078520273,-0.0327551101604086,0.139593090926168,1.31060668233263,0.247275057095469,-0.219167431554859,0.351166981370822,1.23344627892156,0.18767485548078,0.75136385819604,-0.72245754667039,-0.297525718807124,-0.0690526127746642,-0.0453003730451985,56.88,0.0
63199.0,-1.45962853955557,0.255893111738445,0.724476955463638,0.0949578181831318,0.785389096613326,-0.9637881989143,0.27691299646325,0.360044548499796,-1.25889205215656,-0.576291737735481,0.905881401927713,1.13735129506111,0.942708892778931,0.699062299477753,-0.201775945418326,0.250800038222495,-0.499333333073205,0.271341843418542,0.473465723608588,0.270424282105947,0.22057015965573,0.125210332570547,-0.181771848555593,0.0720665926582634,0.10618009037809,0.311328468853685,-0.0718797007125804,-0.110454516975135,37.0,0.0
64412.0,-1.34804164426498,2.52282067569291,-0.782432259389823,4.08304665188122,-0.662280329645865,-0.598775712530929,-1.94355185121781,-0.329578950885032,-1.85327422572214,-3.16213595485783,1.53319383793753,-4.63512694781183,-1.11357273401976,-6.4358707376348,-0.293191947937035,-2.84993079536978,-3.65425828769231,-1.18303413658687,0.831623853010765,0.348896285038196,1.07987140816824,-0.352026410347836,-0.218357652796912,0.125865683985355,-0.0741801756408069,0.17911552652805,0.612579819202836,0.234206089600607,1.0,1.0
115691.0,-1.55027271502021,1.08868850191044,-2.39338766218981,1.00873271714408,-1.0875618874048,-1.10460238189499,-2.67050327670088,0.147654676391109,-0.978625549290056,-3.51413330486723,3.58604242366444,-4.05335784837839,0.862426024955809,-5.76582302154173,-0.507511029549388,-4.92186514350783,-9.56726769048681,-2.77297411117016,1.71709526842855,0.327490457262181,0.802316031461701,1.03710478869922,0.0958154204904633,-0.320190913384423,-0.0807306312824349,0.0910116872058309,0.0249284934943241,-0.0778199786198624,17.06,1.0
59257.0,-1.2339357555042,0.822877128416285,0.724470420386959,-1.7393476845265,0.474190562753478,0.477474700361985,0.393680559343084,0.314238398887703,0.400104926447143,0.201155584724173,0.161551167445487,-0.0828895731094649,-0.562408033610402,0.0635764542149546,0.345734520142611,0.85464689168224,-1.09604846517333,0.20480122797167,-0.177841087062924,0.206443768367097,-0.154881895958497,-0.26972740566981,-0.148247929898981,-1.32947941010555,-0.330113673000043,0.813831106854549,0.369456552645025,0.333503814048159,38.42,0.0
43028.0,-1.10964552515211,0.811069300236989,-1.13813532731484,0.935264670223385,-2.33024787785051,-0.11610605479739,-1.62198623466478,0.458027900124116,-0.912189159098001,-2.96199570179906,2.77896789639267,-2.37959961108923,0.918962784041379,-4.01578678027745,-0.530009790602772,-2.81588776765893,-6.6493577879714,-1.74611328389964,1.08340676372199,0.168890572541282,0.641593528333926,0.841754904759402,0.176727750810022,0.0810041184974676,-0.258898742565752,0.707654245320429,0.418648658517389,0.0807557537005394,204.27,1.0
83343.0,1.1926333966218,0.724963609036297,0.806145248879538,2.4597754572701,-0.0893114369175426,-0.499396899016621,0.211089724386391,-0.175271406235429,-0.940419582171508,0.632734673701972,-0.257762060005639,0.670369458933112,1.3985711770279,0.016532321338447,0.411817671840735,0.712797548133847,-0.728105121803826,-0.636428378927469,-0.927918012613261,-0.0717727763151598,-0.235903210522152,-0.685357073070502,0.131554543084043,0.370531423012179,0.29602967501602,-0.270108738916776,0.00265450322950535,0.0310724123735987,0.0,0.0
58011.0,-2.05779257332685,-0.933931108557238,1.56382029989668,-0.800759977698661,-2.61183011207129,0.696570306034182,1.64223979362421,0.537929828203172,-0.0537519192136157,-1.82053733276844,0.688837028620324,0.825753984172895,-0.456284080583445,-0.0749508469480655,-1.5436035377381,0.437116121216765,-0.0709029816951968,0.121042934094855,0.132260470233774,1.03574239274169,0.235724787224173,-0.329558065697736,1.16703152358702,0.549298065035235,0.273265453320524,1.08474039922379,-0.363180097363117,0.0203841298522888,565.84,0.0
82316.0,-0.743651721692333,0.174073961280619,1.75579900483305,-1.82662501935995,-0.234373874474545,-0.0551709907333455,-0.0222645903930491,-0.249739420066316,-0.235649560766288,0.533825229566282,-1.40347476319767,-0.4989931322703,1.13187047417196,-1.47027657800791,-0.873251347574939,1.0694539671315,-0.220360204173658,-1.05651386723659,0.393921145253788,0.240123468073348,0.268368108384131,1.07848960194609,-0.468931398521212,-0.376135216326756,0.167518299197704,-0.19257998385448,-0.179937533299889,-0.0273566396229797,6.17,0.0
41397.0,-14.9703456545046,8.40142101040258,-16.8672384869515,8.25233430637468,-13.5651304873758,-2.78243755853826,-14.2637353490007,9.64341914576661,-7.70149868394332,-14.2266980575287,5.61099879659254,-11.7939788348294,1.59838653001563,-11.6069703760766,-0.0441804437896824,-9.28695473739369,-19.8997264249367,-7.518050849236,1.24351749943488,-1.61466005601289,2.71404480183882,-0.101355310559619,-0.439665974014017,0.519513861479409,0.789327982433797,0.0643574266343142,-1.62138568643941,-1.10481920857705,273.01,1.0
59777.0,-8.25711081724667,-4.81446073955621,-5.36530689032661,1.20422986423394,-3.3474200965739,-1.33160147516446,-1.96789279857039,1.29543781710486,-1.67441524280437,-3.42605225253339,0.144562690111297,-4.28352931016896,-0.24089504151477,-3.65749040377527,0.923104767832095,0.844221069436753,-3.94831185243281,-1.8075159915996,0.105878827218844,-1.23398725720348,0.436390207477188,-0.077552722802211,-3.09162435615504,-0.390200885685448,-0.288688941339997,-0.340004217403437,0.0398191045440342,-1.00790031022705,319.2,1.0
70137.0,1.40101982039855,-1.23884188230059,0.745046406006076,-1.0808087931571,-1.78177909098059,-0.45259676779235,-1.18815473242134,0.0352800661038195,-1.2786941768502,1.26785759209775,-0.495431649451752,-1.04262091840805,-0.903183620501363,-0.382446860669593,-0.211320938919963,-1.16281031627757,1.36659854508365,-0.84626796199611,-0.29778312656219,-0.447762163392998,-0.405998395346282,-0.677849375568578,0.184616816609115,0.336956766972089,0.168611772951325,-0.318962710836577,0.0535675439253141,0.0220048800207463,24.0,0.0
121303.0,0.134548906066323,-0.0428008409612515,0.330449692731655,-1.47827318624609,0.230485929773126,-0.193578055527568,0.668365535313784,-0.313736909000986,-1.64502947212972,0.748862555272741,1.07044140081525,-0.552409059447157,-0.0220871166415602,0.0340386572903847,-0.0444061001031833,0.503505035748179,0.163772631321926,-0.557217023987182,1.64630360927715,0.395888335976023,0.577526730088535,1.68324147006914,-0.174507987955618,0.769872169369837,-0.326899622629843,0.0859168681411225,-0.0167231443742716,-0.0451231669887844,64.43,0.0
78696.0,-0.368292726687601,-2.77399672444521,-0.159415007861297,0.659725058531432,-1.2654890810823,0.77701514101194,0.391490994850856,0.161479255356582,0.364057130471062,-0.503140435023013,1.55167334572303,0.941443171540359,-0.463944629193684,0.388829977551084,0.429859754193272,-0.138169684875192,0.230490421532578,-0.634682119961467,-0.557009412966943,1.40769317743128,0.49718843238783,-0.173455648002446,-0.620267769954145,-0.184275007152498,-0.213250080671928,0.975570446137857,-0.177264959050884,0.12441601469282,776.67,0.0
64220.0,1.39896145386789,-1.2591570698468,0.523490881988185,-1.55032702745225,-1.45262912871044,0.0425869707041156,-1.33169626067042,0.204021165751968,-1.77447905928896,1.57027808484929,0.963996120529721,-0.909186816619214,-0.890121677840582,0.103234302341399,0.483886720958021,-0.121398995916409,0.412798117607543,0.242850076114554,-0.181612299270057,-0.380254083655889,-0.314646600041388,-0.668013147315759,0.154772290233807,-0.390507107425246,0.0183626625184497,-0.375337871387831,0.0423915797572367,0.0135776479087175,33.6,0.0
63617.0,0.706923141326733,-2.35031935535333,0.254612923793083,-0.998650018897869,-1.83021073170404,0.206840967623562,-0.77521250277598,0.0630918720855386,-1.68938744131056,1.24879258880109,1.06350490904874,0.0169511240444743,0.00618428305687531,-0.30044489733122,-0.939719467940051,-0.865510441668523,0.956825635601983,-0.279383511128396,-0.00193746905630194,0.341473938483941,-0.154145520909797,-0.738682009699976,-0.186871479662786,-0.00348032209521545,0.0836388948147737,-0.356244359367065,-0.0109805270089727,0.0712064438364003,373.38,0.0
33785.0,1.24529236725645,-0.594492990031728,0.275981564008673,-0.578345976121267,-0.920598762260288,-0.865570235699127,-0.321688844438722,-0.217249312610008,-1.00729480408174,0.569954626678788,0.348491460896589,-0.154427444807251,0.605715207029509,-0.109553145460391,0.834030419646022,0.585637568402179,0.661764588697595,-1.99546765400307,0.0148165555716108,0.179558649645879,0.30333332881273,0.73626004730592,-0.102899537424641,0.452252815150999,0.51012510340163,-0.114928228887721,0.00312856493239881,0.0218500615579733,70.75,0.0
43572.0,1.21121422350701,-0.200208135682146,1.03083708796707,0.753483103542306,-0.878803134368089,-0.0311410238384727,-0.648876249014792,0.117673176552831,1.00459811863218,-0.232779422059377,-1.22231851060652,0.137504788879107,-0.131011618778739,-0.383784078802996,0.264610944141788,0.32026641322388,-0.339893039587219,-0.0412202051569716,0.147997068430814,-0.0965139653365628,-0.125889414721577,-0.183790460987026,-0.0297047150447811,-0.0859073971661035,0.310775263148837,0.348523812353223,0.014122435710765,0.0220364913554397,11.49,0.0
8757.0,-1.86375555343732,3.44264397684973,-4.46825973145511,2.80533625940251,-2.1184124774924,-2.33228488731467,-4.2612371974404,1.70168184397858,-1.43939587542941,-6.99990663386522,6.31620967716699,-8.67081800476226,0.316023991908777,-7.41771206475053,-0.436537471366146,-3.65280196004741,-6.29314531907376,-1.24324829133852,0.364810482193887,0.36092400372093,0.66792657242141,-0.516242362128804,-0.012217811746839,0.070613703103445,0.0585044669560628,0.304882839588584,0.418012467185258,0.208858278145839,1.0,1.0
43562.0,-0.537059072379383,0.549918170261692,1.39157168346713,0.264331434751146,0.189198248697846,-0.521192545914786,0.502385366901439,0.0501718070762332,-0.999424533058929,-0.0258243148147294,1.01112017754025,-0.397475867053745,-1.46407982420447,0.928345522619275,1.14403782276658,-0.271134771251944,0.183263950989827,0.174446417605996,2.55690131044652,0.276143492633046,-0.333580459777425,-1.21779241356303,0.0218728943526221,-0.0218428582484624,-0.216948101869901,0.914902060395787,-0.0451484765116348,0.0568625500240987,29.95,0.0
35371.0,1.10887105271726,0.32486127667677,1.01792130930708,2.47144191315347,-0.388142278983904,0.15196332136168,-0.350651810671867,0.174266505562018,-0.340522219061515,0.648867778714477,-0.512201270371471,-0.454804753945087,-0.659793140129842,0.250429151740592,1.10029232372542,0.677668404577343,-0.437789841418537,-0.254719303415191,-1.57497745117373,-0.207282863040993,0.16315063163677,0.445118377796559,-0.0239349869350212,0.0656428487659959,0.335146004243705,0.128479038434762,0.0232493082151089,0.02584639662377,10.65,0.0
53937.0,-2.04260819938332,1.57357807373238,-2.37265243271278,-0.572676430720841,-2.09735276458226,-0.174142123011242,-3.03951978687359,-1.63423295064356,-0.594808638750073,-5.45960189444545,2.37853722491518,-2.33027064686235,-0.24623272486659,-4.05852343611281,-0.316983146603949,-2.52266081131673,-5.60340034818128,-0.778439963776289,0.860211793588662,0.825565985313424,-0.723326195587733,0.501221637302624,-0.696892260580304,-0.600513726439022,0.127547028812739,-0.786072220292301,0.606097322391548,0.171696507911815,261.87,1.0
34516.0,-2.87295241844273,-0.13334717975369,1.44316954386996,1.25260132987231,-1.22560685307846,-0.407994600390881,-0.218985239771393,0.735139510281576,0.172105125134532,-0.0760124969515999,-0.841031989633925,-0.584062680299456,-0.875304016517078,0.436364587508829,1.94184209770871,0.588257969466231,-0.146650723588115,0.815673190017669,0.190354765667521,0.0301755102421773,0.068094734885054,0.324149072830359,-0.0824450991722583,0.375936595702913,0.308645082560519,-0.235330512360139,0.0691226996450545,-0.248055855408346,153.0,0.0
84563.0,-1.17110071311168,0.376604627113632,1.87824479328219,-1.9287566565049,-0.780276173962863,-0.390246858000302,-0.390967928964261,0.770057259591877,1.01533169448979,-1.84160670330734,0.283370832993002,0.158276062176046,-2.00322238344047,0.578779201678786,0.223249540714264,0.183960681987949,-0.429268401598912,1.16264851351053,0.550421339440216,-0.278912840893487,0.0998640450296774,0.133723695746561,-0.344268981464017,-0.0379611030617839,0.470531800687866,-0.750574296794136,-0.0260987047926641,-0.023869466972434,1.0,0.0
45344.0,-0.921286644469209,1.50968542734863,0.704072139280925,-0.147420031024645,-0.133805242314165,-0.520436829237524,0.27004010948794,0.521517717579745,-0.629948414257379,-0.265772935332532,1.08978539867501,0.731550033960821,0.270745388962315,-0.0311322784461021,0.180736174577911,0.772458530845062,-0.209630134877413,0.471347782857688,0.285634558581528,0.158639376087771,-0.221516362319761,-0.659900073535631,-0.00281457400884502,-0.0492703757425889,-0.0672638083775196,0.0815635278160385,0.226673643549932,0.0798639517396113,10.02,0.0
54692.0,1.22034830751127,0.655163717340368,-0.448288599240953,0.799710452403001,0.123376843959084,-1.23597184919788,0.353074386753794,-0.218425397807336,-0.532208100989471,-0.561791910686328,2.17788967841579,0.934066632915697,0.394881360479506,-1.20844533750078,0.186588331731835,0.659385196570047,0.825699630246518,0.620735929904885,-0.157577617555207,-0.0271046355121993,-0.0818894377272243,-0.186364118932326,-0.0778854359338245,0.44025772237046,0.533873434104634,0.336795070561591,-0.0302889522312142,0.0360600692168514,0.76,0.0
18675.0,-12.3396031574122,4.48826730168204,-16.5870729373632,10.1072738734101,-10.4201989827431,0.130669811857349,-15.6003233044816,-1.15769598093331,-5.3046309683427,-12.9389293107706,8.80568196718575,-13.5561301301468,1.16546376028499,-9.80988150207055,0.369987279150665,-9.50521044515487,-17.5420303090874,-6.79263778723153,2.06937744931751,-0.0855014634055812,-2.0896096332232,1.74531450014405,1.37681580939778,-0.554271418366818,-1.61074085196174,0.153725444536768,1.2124772080589,-1.86929047595671,188.78,1.0
62467.0,-5.34466537543542,-0.285760408166142,-3.83561578178611,5.33704802681048,-7.60990870021268,3.8746680317393,1.28962992438915,0.201741916806601,-3.00353243733788,-3.9905513318108,4.98601380361468,-6.11638322304304,0.0423244061770454,-6.04339314434942,1.82140103177852,-4.7454624675489,-10.0756455907271,-3.6045960155148,1.43529381015392,-1.56216235780532,0.276010822180054,1.34204455689584,-1.01657869464831,-0.0713612973880671,-0.335869334726878,0.441044176004645,1.52061262049821,-1.11593680318009,1402.16,1.0
38549.0,-0.709860615860759,0.705436930857269,0.869806439506596,0.344446183643826,0.33620137388483,-0.554577579670845,0.773222085113726,-0.12518252374671,-0.794761562102181,0.204488668919707,0.933793877006016,-0.113091135842877,-1.12288001810617,0.791719288722544,0.560108379035605,-0.112355499017757,-0.2089176260219,0.143081033976299,1.67307773532311,-0.0892503585847588,-0.253152644100496,-0.850881023675007,-0.0236888936603491,-0.00818221200931359,-0.580136676587743,0.194546065326279,-0.15138782786083,0.146099603491205,54.95,0.0
75556.0,-0.734303155037818,0.435519332206195,-0.530865546585229,-0.471119606930407,0.643214386605141,0.713832369657908,-1.23457207133269,-2.55141159871634,-2.05772382572102,0.166830707878014,0.567551954604602,-0.85805991589575,-0.448067929957678,-0.264936238828755,0.88886293915465,0.838120616560385,1.42505965449185,-0.169664182600728,2.50202738858443,0.864536120628702,-1.00487737851609,1.15035358786928,-0.152555282700309,-1.38674463324096,0.00471601482800044,0.21914583821982,-0.0582573076118087,0.158047988697071,29.95,1.0
58642.0,-0.451382569628168,2.22514650025341,-4.95305045271638,4.34222824814605,-3.65619018970243,-0.0201214656089607,-5.40755361778584,-0.748436141338482,-1.36219775131112,-4.17062288702767,3.76230638231684,-4.22622469486547,-2.04669403006077,-4.71049793587464,0.217572360008267,-4.73908378383857,-6.13188675183675,-2.42587063860491,2.31416486951171,0.724381267691587,-0.575924092076688,0.495889440695266,1.15412793921228,-0.0161857864909953,-2.07992826296301,-0.554376906341192,0.455179270612071,0.00132065645985432,113.92,1.0
62330.0,1.14086473658976,1.22131743135767,-1.45295546048243,2.06757505760281,0.854742052227546,-0.981222507744598,0.325713913670098,-0.0377214068783676,0.113219371615132,-2.12697274994354,0.915947028928619,-0.468571538051367,-0.523377293666349,-4.86186658087283,0.421013353871263,0.866440624739209,4.08248488419359,1.1963181517001,-1.10076358353881,-0.0677120411898438,-0.377597095255037,-0.79345965987036,-0.132333171548173,-0.33158626897425,0.664877856718148,-0.309312434134138,0.099941947375597,0.122988311929089,1.0,1.0
93888.0,-10.0406314557065,6.1391827154247,-12.9729718943545,7.74055544506762,-8.68470452840193,-3.83742916671056,-11.9077019040753,5.83327300056002,-5.73105424359056,-12.4389449056023,6.98988561330738,-16.218610393127,0.25330336584704,-8.72864506518152,-0.147529091109699,-14.1298545174931,-20.6850275533272,-8.48444905730181,4.85125513655685,-0.0822752254211996,2.82343143164188,1.15300501339169,-0.567342849673059,0.843011621641402,0.549937644887907,0.113891875585392,-0.30737499959267,0.0616306406149363,1.0,1.0
9064.0,-3.49910753739178,0.258555160773118,-4.48955807274398,4.85389435139681,-6.97452154477167,3.62838209065084,5.43127092073166,-1.94673371078472,-0.775680092900109,-1.9877731876087,4.69039566550924,-6.9980424321007,1.45401198637847,-3.73802333366749,0.31774206255503,-2.01354268083989,-5.1361351026702,-1.18382211654359,1.66339401354543,-3.04262575715977,-1.05236825623151,0.204816873569406,-2.11900744010783,0.170278608305444,-0.393844118118335,0.296367194488607,1.98591321801306,-0.900451638402827,1809.68,1.0
109297.0,0.745153216872909,2.80929887414381,-5.82540635746786,5.83556642595055,0.512319881201007,-0.615622343185995,-2.91657564356736,0.776710041712962,-1.87883185000296,-4.54693575081085,4.69879549591235,-8.50778570734412,0.718249309268122,-7.62871014660448,-2.24957848303647,-2.55866861696795,-5.30462366328046,-0.956938449028105,-0.585321852047277,0.40283675391689,0.284840710005163,-0.874383479410998,-0.0839950451669313,-0.651441658316508,0.454593823671078,0.0503758982755266,0.756952562644727,0.383868938615243,0.0,1.0
64643.0,1.42119245251624,-0.890346078837099,0.0859394541919887,-1.29642895727257,-1.17909461314051,-1.02376293856044,-0.493688963845667,-0.281805538268429,-2.23696329108044,1.39276142277633,0.156560395925815,-0.553861809826236,0.468520707936727,-0.0196031321965117,0.512626659383196,-1.04822786839411,1.04332696795454,-1.13142765666508,-0.459854876601715,-0.31220814115085,-0.436607461201392,-0.946160024668129,0.193918856145626,0.344233515741236,0.217222144389724,-0.443531421250061,0.015281294837702,0.0210235352688927,44.69,0.0
24841.0,-1.27246260116256,0.10974900741425,1.85698029835123,0.779492876077748,2.77883065521966,4.47937958219033,-0.976313613363867,1.34941410690996,1.14910790021538,-0.768576629958625,-0.420978606817791,-2.62962390116224,1.27985452956795,0.628523848517068,-2.60332786567084,0.763727743227099,-0.135689008716035,0.469887779430153,-1.15078278460188,0.0185846053774085,-0.222249787667044,-0.506601386982116,-0.252084661855847,0.938008198177414,0.581209275436907,-0.115782619612252,0.0265992518458505,0.0726142512214127,0.0,0.0
26556.0,-19.1798264145873,11.8179219897853,-21.9191735807843,6.0862356342864,-14.7088447898427,-4.30888760741835,-15.3579518065836,12.8571650181242,-3.99986076978115,-8.9286556608751,5.8492930661792,-8.26164983722413,0.153829148314596,-8.82935922766409,0.00887883882572681,-7.0709530089254,-13.6297209427085,-4.9588298158479,1.27209136353211,1.572949614923,1.74680154191934,-1.35314876613352,-0.762965072731218,0.117027851903743,1.29799375563032,-0.224825057048525,1.62105238966989,0.4846144027264,99.99,1.0
86324.0,-2.51318482350403,0.779011628578007,0.159861558426279,-0.331384641014231,-0.843945955269119,0.364766796297426,-0.308503488354233,1.23242622570823,-0.274109420291233,-1.31623207862174,-1.62782456241996,0.816852579625555,1.3025888017642,0.307956360973643,0.0128519737102394,0.619162660270515,-0.110045394983172,-0.226369063303828,-0.719572595179198,-0.533023013254802,0.289308236388808,0.608590652526428,-0.12742157489766,-0.664440389264955,0.0454488323712193,0.477123656124903,-0.578954669203442,-0.181990505318023,93.0,0.0
44258.0,-0.65047099077407,1.35671375452793,-0.2659654056705,-0.365004278243074,0.691221353087715,-0.161046015771925,0.54067066676616,0.466108574855716,-0.139698605111498,-0.614382619749583,1.76873175026853,0.838658104436733,-0.274721750563789,-1.22344633749136,-0.73105977185266,-0.0305369071644302,1.17936001592713,-0.348569357250169,-1.27685566985915,-6.67824267671427E-4,-0.00870866651232251,0.370428931733905,-0.0196417152921148,-0.377516715786686,-0.388280780838486,0.319274413191173,0.115791088500378,-0.113529348197959,0.01,0.0
32723.0,1.33025081375993,0.226679857174814,-1.71042855296215,-0.0693180849933964,2.55517406132696,3.06321704164407,-0.0316181397067138,0.646999100307122,-0.400803319986831,0.107354422345847,-0.146342920786183,0.00700532576756934,-0.116988060968459,0.718591981570079,0.877036268877056,0.112486682387179,-0.808367797191171,0.0829363395614663,0.119431929704814,-0.0334031701657056,-0.0503846500767064,-0.244080228717171,-0.181290460895382,1.0100822920792,1.00932088732171,-0.28067410070364,-0.00620214552880592,0.00415141187893657,2.69,0.0
62097.0,1.18090023520067,-0.250421490290116,0.531444582998797,0.782209272133935,0.025138450181588,1.5652328352502,-0.831979723845992,0.536022282444772,0.877762711745329,-0.0506848004210272,-0.564357834989337,0.223664698599186,-0.63635967102289,-0.0647347032099915,-0.0480011450497402,0.527258130032555,-0.799111562525969,0.655220761720019,0.375948347450637,-0.146942116685884,-0.104542160738986,-0.137885378487327,-0.193581593129338,-1.7237092319381,0.512018389898984,-0.28728205360585,0.0765085140741798,0.00598484617819388,12.99,0.0
120607.0,-2.12913730189949,2.77114262477842,-2.67404321375649,-0.474451031367731,0.00657574678119507,-0.384623291905381,-0.795159921448048,-0.358249755174331,-0.051050945428024,-0.701136864021336,-1.55992855685725,0.504966484766981,0.988646754262959,-0.103748918059594,0.592517805881085,0.603789325346627,0.768122395917982,0.995652658609879,0.0227721003840048,-0.516839494842847,1.87079343096353,0.30157596051012,0.104878778357808,-0.047790738161922,-0.0731697484792753,-0.172615457276585,-0.48961733360987,-0.231619318898169,15.7,0.0
80278.0,1.20332074779231,0.23798618223149,0.628969248888302,0.548671861207111,-0.481707128953577,-0.774355173822461,-0.00587062434775283,-0.0973918460888908,-0.297379756151753,0.0895183826969268,1.74302476049057,1.36679416434563,0.648498176184859,0.35782512966695,0.26664809653429,0.41832092685922,-0.62539708622397,-0.169326908852046,0.0905120235767198,-0.0597322806170595,-0.187087460527305,-0.557139050263274,0.143849183653935,0.542780351882643,0.175432150546657,0.0629445595592151,-0.0296394517006115,0.0118879520893283,1.79,0.0
406.0,-2.3122265423263,1.95199201064158,-1.60985073229769,3.9979055875468,-0.522187864667764,-1.42654531920595,-2.53738730624579,1.39165724829804,-2.77008927719433,-2.77227214465915,3.20203320709635,-2.89990738849473,-0.595221881324605,-4.28925378244217,0.389724120274487,-1.14074717980657,-2.83005567450437,-0.0168224681808257,0.416955705037907,0.126910559061474,0.517232370861764,-0.0350493686052974,-0.465211076182388,0.320198198514526,0.0445191674731724,0.177839798284401,0.261145002567677,-0.143275874698919,0.0,1.0
7535.0,0.0267792264491516,4.13246389713003,-6.56059996809658,6.34855667313983,1.32966566904142,-2.51347884762413,-1.68910220031328,0.303252800547589,-3.13940905736457,-6.04546779778801,6.75462544809695,-8.94817857893317,0.702724998099873,-10.7338541032306,-1.37951985681718,-1.63896011485587,-1.74635013628103,0.776744097926754,-1.32735663549015,0.587743219006407,0.370508651493253,-0.57675247317433,-0.669605371766238,-0.759907529538618,1.60505555017462,0.540675396428899,0.737040381683977,0.496699108168337,1.0,1.0
78743.0,-0.892778235482054,1.058163969267,1.42195631318397,1.46881526875953,-0.24375982983122,-0.161772420283082,0.283594538703634,0.484819299883622,-0.658854412781717,-0.589628692060659,-0.493859468216992,0.325798077168567,-0.278432789538345,0.416211300540656,0.214466020999328,-1.1791714122121,0.952111960582089,-0.716247647459008,0.654928212430665,-0.0410998125419193,0.0723751236406103,0.229914344970117,-0.100228548085343,0.41076891342439,0.103246624311985,-0.210088800695421,0.0207657282280152,0.0309362570744127,27.37,0.0
51963.0,-0.82983805552213,1.31632276313168,0.244190127922251,-0.638336413074034,-0.59799534528167,-0.142560251122971,-1.31514750523671,-5.57619283960644,-1.04206365653754,-1.76032861221143,-0.295749401093613,1.03316272494567,0.202549978592521,1.08776769451948,0.169100710852671,0.695377008674062,-0.231533898627714,-1.07957316734803,-0.784039993137198,1.21924235971727,-2.96605756019511,-0.64863192067047,0.0650628016654207,0.406708476379285,0.577755305952853,0.550168366973026,-0.0499823403884232,0.216305143394598,107.98,0.0
70536.0,-2.27175453696818,-0.457654560738072,-2.58905463865543,2.23077826688105,-4.27898250263823,0.388610079538804,0.102485457456358,0.813127838070308,-1.0929208385062,-5.03202838566819,3.51034756034463,-2.22739840581069,0.656823927974733,-5.19918574342056,-0.128311029598493,-3.94352099869908,-3.82052232662867,-0.570821093891663,2.78338340771804,2.28575790271371,1.09634200952947,0.658398654570846,1.71167573455248,0.333540036403021,0.538591373646869,-0.193528512332835,0.258194100840055,0.247269213953463,824.83,1.0
121067.0,1.68614232445542,-1.14935864172289,-0.836528131007936,-0.687241650855139,-0.742554951697676,-0.413757591715839,-0.36526320136816,-0.141751946528128,1.37880563584213,-0.505569053520042,-0.522974368180397,0.91678376917129,1.24354239925774,-0.236214656009108,1.18325707306381,0.19788346664384,-0.552430249731826,-0.0443841804910427,-0.0361919056955805,0.314377290764303,0.301175159342379,0.634952747624603,0.0358122572979429,0.782148827479564,-0.363447332980574,0.653877714378438,-0.069006705614508,-0.0106381572481455,198.0,0.0
4462.0,-2.30334956758553,1.759247460267,-0.359744743330052,2.33024305053917,-0.821628328375422,-0.0757875706194599,0.562319782266954,-0.399146578487216,-0.238253367661746,-1.52541162656194,2.03291215755072,-6.56012429505962,0.0229373234890961,-1.47010153611197,-0.698826068579047,-2.28219382856251,-4.78183085597533,-2.61566494476124,-1.33444106667307,-0.430021867171611,-0.294166317554753,-0.932391057274991,0.172726295799422,-0.0873295379700724,-0.156114264651172,-0.542627889040196,0.0395659889264757,-0.153028796529788,239.93,1.0
97235.0,-17.5375916846763,12.3525186682391,-20.1346128135864,11.1227714331133,-14.5710801396343,-0.381622313270995,-23.9286610291615,-4.72492103304407,-8.6030380974132,-15.2318333653018,4.41705461009659,-12.8935202086054,-0.10962845638889,-3.54722989444144,-2.17782399757845,-10.4020683266181,-18.3720191223339,-8.31409231206699,2.43582348553379,1.9251025961188,-4.35221313065903,2.38904092140055,2.01912792631133,0.627191869568278,-1.08599721239039,-0.0718032360759346,-3.83819790404877,-0.802564460951448,9.82,1.0
49985.0,-1.55421636788274,1.69422928947167,-0.903333638062708,2.42543608490852,-2.89978748492542,0.133028430446298,-0.286225919411127,0.555944559014401,-1.39491838156524,-2.89261176082088,1.96223597455109,-2.38526266137636,0.458337202321203,-3.72454345377605,1.84397832505056,-2.01392370780293,-2.81560029569659,-1.09229027232613,0.139687230416985,-0.0323343863075664,0.493436338989664,0.733393182273647,0.202349959595007,0.492053700892718,-0.183790909215829,-0.19991711985608,0.395200622125666,0.0276930320930062,360.0,1.0
76575.0,-5.62246941906299,3.48062317879011,-6.20067659397487,4.31123366835313,-5.22628632428769,-1.34176357284987,-5.22094094197327,2.68284353707778,-2.92148438224053,-6.56125741097377,3.21126387844398,-6.86166051434144,0.326461834627394,-7.7552536640417,0.50465219263742,-6.27661678567251,-10.6117146970978,-4.14677374512684,2.19728771323892,-0.156288522686099,0.949568986169808,-0.428985749759671,-0.35067550041691,0.197549503550848,0.15923422951036,-0.377790861014248,-0.213561786254573,0.459528918054306,219.8,1.0
93853.0,-5.83919161928092,7.1515323543223,-12.8167600806187,7.03111476501099,-9.6512721679897,-2.93842725771624,-11.5432071690832,4.84362653179436,-3.49427572506535,-13.3207888671784,8.46024444901677,-17.003289445516,0.101556614891384,-14.094451660329,0.747030766392512,-12.6616957230679,-18.9124938172188,-6.62697484523061,4.00892074227194,0.0556838813863639,2.46205591127559,1.05486518382957,0.530480596078193,0.472669814042592,-0.275997967880675,0.282435024801752,0.104886020210564,0.254417096767513,316.06,1.0
47914.0,0.73188177962147,-0.40849739085961,-0.428134150666479,1.39455305259087,-0.0930136912117818,-0.621892210793414,0.75876009976634,-0.228032409139459,-0.243690615882647,-0.0365394367698841,-0.300204954700858,-0.178591176891159,-0.853683479830637,0.821553144746696,1.02345432054069,-0.392411912762347,0.00886047684683045,-0.666858913001,-0.74183659022111,0.279483466625469,0.175511137873874,-0.034846859765689,-0.329304859197958,0.0828929050527581,0.648951300581595,-0.275417071904797,-0.047283532964425,0.0506016880788297,258.95,0.0
17838.0,-5.18787810836635,6.96770866359565,-13.510931139095,8.61789514115238,-11.2144223939458,0.6722478387604,-9.46253281088355,5.32870420774381,-4.89700552817542,-11.7868116556041,9.36907905765884,-15.0941631493865,1.25637700700759,-11.8521613037824,0.274429814172421,-10.6882417917386,-18.3888105354245,-6.89884013301839,2.38280793552097,-0.623737291574186,2.08608300107406,0.760190240866359,0.716805785858217,-0.646743429628277,-1.61704292571624,0.172346889503238,0.626646780979254,-0.169726031129409,766.36,1.0
72459.0,-2.64846235782153,2.20314061655463,-1.49281484839202,-2.61921851575823,1.15155437545996,2.94988604097528,-1.09002943031046,2.29322459493535,0.299959260711499,0.201293777564566,-0.595751213601906,0.293087924779965,0.101814873758363,0.691932584722507,0.651510553201671,1.1841337094827,-0.710447226336007,0.135100928747912,-0.479859951894997,0.471953832293075,-0.156012696531935,-0.635779932409258,0.11523063510858,1.01280821355876,0.144901657386071,0.764238704296075,0.408386576960664,0.28177252863357,1.46,0.0
12095.0,-4.72771265581559,3.04446910225824,-5.59835426695611,5.92819080241929,-2.19076972938784,-1.52932296564747,-4.48742195988547,0.916391814103266,-1.3070104231933,-4.13889121357616,5.14940878300581,-11.1240186070579,0.543067765541171,-7.84094220494304,0.743633944785042,-6.77706923974191,-9.93176515376766,-4.09302112201074,1.50492485905709,-0.207759445103882,0.650988236282379,0.254983288954681,0.628843468802127,-0.23812845429317,-0.671332331960485,-0.0335900627800998,-1.33177732223058,0.705697590023144,30.39,1.0
81657.0,-2.15571771060731,1.80511421382592,0.149724017800556,-0.614140279807467,-1.17697396014674,-0.892421870858551,-0.576634532518629,0.973941444627291,-0.367226464660088,-0.562447006189477,-0.227034165753804,0.631919781843362,0.263977367790559,0.846141217320616,1.08348213555684,0.0587609994590101,0.557497659261671,-0.844522840491921,-0.262448328944935,-0.504742150510123,0.255081375796504,0.0037159232733073,0.146938419002052,0.464672703514502,-0.323654675498337,0.844538284455129,-1.38283962705477,-0.153148836660505,7.68,0.0
27163.0,-23.9141008948243,13.7659421584186,-25.7337337663194,6.2909179135006,-17.7848236618953,-4.57249762015164,-17.3907644695894,15.7941361803271,-3.81983218698836,-8.44226241787632,5.02011249777419,-7.0464278465108,0.692785249374773,-7.07689932873899,-0.0465348409616521,-6.20823797273981,-12.5320624040465,-4.82885763250639,0.978636193358608,1.64003733516462,1.77339928248294,-1.74842552125898,-1.09310448820022,0.147807442391992,1.66379235724108,-0.221024471156944,1.45807561131952,0.43031504868091,99.99,1.0
102625.0,-4.22122078925031,2.87112058054735,-5.8887158872207,6.89095207502484,-3.40489435037622,-1.15439396843915,-7.73992801001653,2.85136330092288,-2.50756869395709,-5.11072764247853,5.35088988417692,-9.29980722738699,2.79314035729228,-6.10655192524523,-2.10694702580884,-6.25062921491661,-13.5663252216994,-4.19278019670633,0.510570181831806,-0.227881506131312,1.62059124560534,1.56794700869044,-0.578007459600926,-0.0590448081819941,-1.82916881940751,-0.0724287202294822,0.136734308772186,-0.599847542493268,7.59,1.0
26556.0,-19.1798264145873,11.8179219897853,-21.9191735807843,6.0862356342864,-14.7088447898427,-4.30888760741835,-15.3579518065836,12.8571650181242,-3.99986076978115,-8.9286556608751,5.8492930661792,-8.26164983722413,0.153829148314596,-8.82935922766409,0.00887883882572681,-7.0709530089254,-13.6297209427085,-4.9588298158479,1.27209136353211,1.572949614923,1.74680154191934,-1.35314876613352,-0.762965072731218,0.117027851903743,1.29799375563032,-0.224825057048525,1.62105238966989,0.4846144027264,99.99,1.0
75851.0,-4.79366743133161,3.41891065333381,-5.07444453285381,4.03598694267746,-3.52787459906065,-1.92324150219959,-5.06598083804842,1.99688475994042,-3.09737916358313,-6.44720227383046,3.77557843937585,-7.49878345527601,0.231306922054262,-8.65826843157538,1.34330765668858,-6.17333085967808,-10.7080182544535,-3.50489419159365,1.88404425730219,0.342122343012083,1.16861781897539,0.289530903898366,-0.371888203724815,0.144761276597316,0.0847348250689305,-0.19743147093529,0.328671522253493,0.835394921353057,99.85,1.0
7610.0,0.725645739819857,2.30089443776603,-5.32997618300917,4.007682804682,-1.73041059025206,-1.73219256822244,-3.96859261813707,1.06372815344105,-0.486096552344833,-4.62498495406596,5.5887239146762,-7.14824263637845,1.68045074096412,-6.21025774661028,0.495282117814298,-3.5995402092184,-4.83032424210571,-0.649090120211694,2.2501232487881,0.504646226103286,0.589669127323198,0.109541319229913,0.601045276521079,-0.364700278220039,-1.84307769215194,0.351909298434892,0.594549978086464,0.0993722360416487,1.0,1.0
68425.0,1.15619774214616,0.226724832435283,0.975353458530317,1.12567051536274,-0.623424761457661,-0.583005918871729,-0.152224257855488,-0.13228947074169,0.126966116644431,-0.0960666279336682,-0.135079033688806,1.00758974774017,1.56513252809833,-0.170152929953869,1.13916917575694,0.426949193092625,-0.69582668162174,-0.124409675763317,-0.511608440062761,0.0119718148710548,-0.0283348878152304,-0.0447639160287973,0.021789926987806,0.40620429242704,0.360627361970464,-0.519382253043081,0.0543023772661713,0.0442505221085166,27.48,0.0
82414.0,-5.1131930159997,4.28280415261353,-3.49684312445609,-0.1605701861241,0.0378731471306065,3.6343470481137,-2.35655854475375,2.60345835831918,0.567420709695637,1.84168714649311,-1.28730646161277,0.969616342979675,0.146621037861983,1.28209064589977,0.074724824130042,-0.0943093011657001,0.814587589912989,0.282088087576157,1.18302002537933,0.380906136900997,0.758735500233357,-0.666044241173412,0.305360050378338,0.963048049022777,0.636930513264784,-0.260569851911931,-0.280252770461238,0.314444299457306,15.99,0.0
48533.0,1.24384844934819,0.524525772902587,-0.538883626044331,1.20919597418592,0.479537596763788,-0.19742873374782,0.0491662598481355,0.0377916321310988,0.128118590882765,-0.552902906422504,-0.668358831257417,-0.818803693746743,-0.883832091051869,-0.994580854433906,1.50684875024006,0.62400331534091,0.705794271683871,0.524181774270524,-0.73174984602915,-0.171540654731681,-0.0516598862539047,-0.0840894090242923,-0.192846388954053,-0.917391985542652,0.681952813037122,-0.194418574345634,0.0459171449577401,0.0401359980627264,1.0,1.0
63578.0,-0.639191253440691,-0.0855947885921835,1.26545195854416,1.40116573166082,-0.260542078671007,1.00979457835355,1.30199897093176,-0.135257522932592,-0.431520921685507,-0.0913533730643921,-0.921051995675577,-0.61381552858098,0.198913055533638,0.0160870050482155,2.20626377523102,-0.527140627794259,-0.0572786796405291,0.448655661077036,1.16443546519237,0.861306751100051,0.340330752683629,0.76016976216338,0.353376975218638,-0.778892742566353,-0.0706811598435952,-0.0333546437243291,-0.0619624216383359,-0.0626865318467909,290.18,1.0
79480.0,-0.338638528792245,0.77064887880942,1.13873715416162,0.972620418288402,-0.845877942375466,-0.29693587110188,1.18335811554573,-0.168887174280708,-0.267260711395776,-0.194695231576769,-0.705338427929005,-0.900236862407941,-1.36019049120407,0.471945312534767,1.30504008782129,-0.054860726997148,-0.174187310778648,0.282824214790949,0.385082626492016,-0.0876275994542109,0.0452234786626435,0.0758916742331646,0.0227989998482026,0.347643430850775,-0.161446761234518,-0.39340644573626,0.00895540402006308,0.0166813625382332,165.63,0.0
110617.0,-1.10103546371767,-1.67492805871463,-0.573388195590639,5.6175556662941,0.765556412634615,0.440607080848915,1.93474047501363,-1.01978754945585,-0.19324423129657,1.7837390603636,0.606910821999133,-2.85427542751023,2.37947304553589,1.26814661675691,-0.28361908940932,-0.482192055998123,0.8110054093379,-0.357910684579857,0.752760921550722,-0.0383141473363703,-0.412525822025647,-0.208823118913215,0.344832725150856,1.09143473162108,-0.686512742633337,0.0758089204336296,0.0338647378770195,-0.83285502022751,635.1,1.0
93856.0,-6.75050851563533,5.36741605145469,-10.0546349530569,9.06447791765316,-7.96811808353808,-2.26379841398236,-10.317566180676,4.23766573099145,-5.32410880613734,-11.0923923688428,7.15408284221914,-17.1504052507291,-0.0953992277686904,-11.0301103643432,-1.95905455483077,-12.4485623424367,-22.6679054064789,-9.26460873295655,1.9823563171714,-0.0812198922441237,1.90903201764938,-0.34873973066671,0.425000563135111,0.674908669807175,-0.784208393488163,-0.247422102935353,1.1595813739152,0.197817874685768,209.65,1.0
42951.0,-23.7128394089686,-42.1726875231095,-13.3208246805279,9.92501936512661,-13.9455376404468,5.56489131600864,15.7106439822399,-2.84425261686592,-1.58072500831757,-5.5332559073632,1.44669482617669,0.90267505415758,1.74697926404009,2.35413099249729,0.801598168355565,2.06847490432671,1.413407352408,0.74831970603822,-3.63737113118018,26.2373907895659,7.92159987893745,-6.32070956224581,-11.3103376053523,0.404175327599178,-4.54727807360067,-1.57711817570979,-2.35738472087658,2.25366209932537,12910.93,0.0
41233.0,-10.6457996485752,5.9183066586857,-11.6710425949575,8.80736917876038,-7.97550136587277,-3.58680634405361,-13.6167970541448,6.42816934590602,-7.36845129274034,-12.8881582878915,6.85495311388866,-13.2116950297251,1.03561234332246,-13.7789556397675,1.04044835530024,-11.2903278082585,-20.5780220491922,-7.54782411219534,3.11847976563045,-0.0461701790327979,2.57196959291347,0.206809359357246,-1.66780140024191,0.558418754024331,-0.0278978765982558,0.354253781525514,0.273328726801416,-0.152908080809092,0.0,1.0
120258.0,-0.448343210809686,-2.15494599552896,0.270417484620061,-2.59333231908438,0.470786746558482,-1.27906429341714,-1.35543560872009,0.170024410835804,-1.48040767472075,1.17310455361302,-0.17491891473532,-0.895311832213866,-0.750635908144536,-0.177165650338593,-1.55108494720294,0.00471899716211981,-0.201052247157608,0.802562367930802,-0.687457681028467,-0.239597245337687,0.208841569002376,0.637734968463596,0.523134781700855,-0.461206410920001,-1.82446241638507,-0.567772345231295,0.301462678607144,0.341259823824197,18.4,0.0
96359.0,1.91636447992872,-1.07018222146472,-0.591141779112195,-0.244098567646056,-1.35083018095866,-1.5335165696343,-0.529958678279846,-0.49722818456978,1.0506863316852,0.368568753014688,0.918195875721302,-2.61160569551561,1.94341017352431,1.1549562144158,-0.923401097077899,0.490793188796457,1.31451870680416,-1.13792346734187,-0.1449070484233,0.138631486891061,0.558866959271252,1.75629593665093,-0.0918923837068114,0.979751813786964,0.121325839360003,0.1411289070424,-0.0619170526679415,-0.0406973346565959,128.14,0.0
19762.0,-14.1791651073631,7.42136996239257,-21.405835744128,11.927511869244,-7.97428068736155,-2.20271027666529,-15.4716122801735,-0.356594909586509,-6.38012489838839,-13.3482776536659,10.1875873241664,-14.5639797552132,0.59375935763569,-14.4915983463022,-0.281392503951236,-8.2641288443605,-12.4398049728466,-4.83707902601307,0.753149847889189,1.00276434172175,-2.36683606243662,1.13095519799655,0.991153238179024,-1.03313210707298,-0.327179344936207,0.634692903522304,2.17190494464567,-1.39528768393339,1.0,1.0
56975.0,-0.0570638629944145,1.27887021534557,0.557319040718585,3.05516037596802,-0.623208461165762,-0.371938773167668,1.83147081709442,-0.469597239628455,-1.67813367953025,0.87549930623442,-0.0895157276248554,-0.211747153250906,0.212963237251151,0.501539943378539,0.708236694100972,-0.50412731038192,0.205944634487398,-0.296146271896832,0.569617041614647,0.0562589298542329,0.230261441477491,0.738468961049183,0.256770101785722,0.941004638117617,-1.1261857947826,0.0368871204994554,0.194261047386688,0.201391770038828,205.98,0.0
76876.0,-1.29835900258265,1.07967115744319,-0.180677930886891,1.28783908383189,1.85827347944352,-2.22369500209375,0.525166986044906,-0.0968743110676978,-0.168893374133313,-2.544410418956,0.706999574201444,-0.835695915134352,-1.02211731659325,-4.99399178918475,-0.455706843211384,1.31536513941655,3.63919954823548,1.62342609471098,-1.53933883157799,-0.18757199362802,-0.332983053581271,-0.851270427572191,-0.370799798865314,0.29824168728035,0.442929877216587,-0.522832450531743,1.04856507220322E-4,0.135698346061769,1.0,1.0
118795.0,0.0122371515115623,-0.0302828171755637,-0.444334868284427,-0.925751758017345,1.19595493652213,-1.1752954370142,0.544215437991199,-0.0199925762562683,0.164528717805151,-0.299561658014649,-0.0789072624311739,0.0242464126012057,-1.53877155124361,0.68358143718023,-1.51281061861803,0.457517805434182,-1.02484501163091,0.0578795814418286,-0.259971489570248,-0.279282568255096,0.00557277251177191,-0.126078884919279,0.458938084011566,-0.457969013540001,-2.13851871206939,-0.24221448100677,0.265038210446969,0.340239335643292,0.99,0.0
38004.0,-0.396115720534724,-0.426268391818362,1.7554767534824,-2.21767637604746,-1.2991142026482,0.510476578285774,-0.447127091304067,0.178492843678154,-2.3927707079796,1.13012604935696,0.884479892767703,-0.809438940325332,0.0958681695198586,-0.348124680754677,0.254701323264369,-0.248260774874268,0.314337061789279,0.694348758916657,-0.183733337644139,-0.298983480308087,0.0935424669283676,0.607387583172485,-0.143885244686905,-0.315721269499892,-0.24293042109911,-0.124661948315768,0.0518686178626757,0.0846798451396086,79.0,0.0
14453.0,1.31959440189937,-0.165621607916258,0.551681660725437,-0.297764783238321,-0.813151730029101,-0.761420942806448,-0.687638371073706,-0.20676624142761,0.366402695034571,-0.220263975584331,1.70310320594848,-2.46042503085002,2.88903666077972,0.0716958235898613,0.335159502053277,1.0994711164211,1.97738022323819,-1.33060395154554,-0.360410054232039,0.103437450128466,-0.0302426150997568,0.160032542373541,0.0653315801047535,0.308725908165222,0.260937640954388,-0.31631630099316,0.0238732741130728,0.0393688377856623,15.95,0.0
70342.0,-1.27885390279379,0.338959088621696,0.901565342897166,1.19497432867504,0.626419054535864,-1.29952160575653,0.0540553841024822,0.240078952421257,-0.983877077529613,-0.449614642333884,-0.448301638630858,0.838507750921398,1.50699112653801,0.449028196102146,0.866260922734955,-0.26617064774126,-0.0775255152525981,0.0101494308598286,0.402091320379009,0.283128698695334,0.310809557176279,0.515758151481712,-0.128476793383437,0.448953890463238,-0.197824580578993,-0.348196426722368,0.0749047903257482,-0.0560723818419549,11.95,0.0
85864.0,-3.36526491864606,2.92854110729003,-5.66099919906905,3.89115992835328,-1.84037510965314,-1.80088720390662,-5.55867935318221,2.40232168278639,-2.84892272106495,-5.99567612703198,4.22130410784879,-6.11966735264192,0.0230135705891201,-8.14932178394224,-0.301351931335019,-5.37528289323615,-9.31500138499105,-2.48756256913711,2.35591891159776,0.57637946532203,0.875260063301294,-0.102501391250503,-0.606282749133978,-0.743164794295893,0.096318936065612,-0.135060497401362,1.23869473001415,0.0998237563444676,1.0,1.0
69394.0,1.14043132434726,1.13424300279892,-1.42945474072655,2.01222598912655,0.622800198240135,-1.1529230868157,0.22115947772768,0.0373717733484629,0.0344859259841517,-1.87964382107016,2.19166507997652,-0.487849732811135,-1.75713709936308,-4.46105120749925,-0.402884205654366,1.4109171085787,3.61925125200524,2.28492676267757,-0.443999191918561,-0.0997118777920308,-0.367136001490949,-0.891627120817809,-0.160578066799212,-0.10832596200032,0.668374321480191,-0.352393242949003,0.0719927692746503,0.113684370071235,1.0,1.0
11092.0,0.378274504006009,3.91479678866992,-5.72687201536627,6.09414095882864,1.69887526405022,-2.8073139468834,-0.591118212837213,-0.123495593086659,-2.53071281390832,-5.15309460989926,4.65408842254301,-7.83953899762349,1.37181858033581,-9.63468971263612,-0.739596855842826,-0.663203945673478,0.891934540534899,0.978675639075006,-2.00547660274646,0.440439440893876,0.149895683076911,-0.601967245529085,-0.613724335539499,-0.403113687819411,1.568445255978,0.52188393400233,0.527937749881352,0.411910405834512,1.0,1.0
102625.0,-4.22122078925031,2.87112058054735,-5.8887158872207,6.89095207502484,-3.40489435037622,-1.15439396843915,-7.73992801001653,2.85136330092288,-2.50756869395709,-5.11072764247853,5.35088988417692,-9.29980722738699,2.79314035729228,-6.10655192524523,-2.10694702580884,-6.25062921491661,-13.5663252216994,-4.19278019670633,0.510570181831806,-0.227881506131312,1.62059124560534,1.56794700869044,-0.578007459600926,-0.0590448081819941,-1.82916881940751,-0.0724287202294822,0.136734308772186,-0.599847542493268,7.59,1.0
35725.0,0.820990262692347,-2.06293670119693,-0.0252507876594844,-2.33949929246099,-2.01708152552358,-1.20920119414037,-0.384134150638335,-0.226652174002847,1.32856920647714,-0.898176027260485,-0.73620779130012,-0.0290158509594189,-1.09240324366744,0.236281531329795,1.4737995436588,-2.50048146011753,0.454945659608519,1.65811362841934,0.337532503147316,0.0270239610389419,-0.186063381164212,-0.531802935574197,-0.30108487670878,0.373016731526544,0.461993026847388,-0.761989205513492,0.0417226573991071,0.0806790130352738,313.79,0.0
14427.0,-0.436984921678328,0.64715713389449,1.82969553080997,-0.586624314377212,-0.00580032758594359,0.404002763250912,0.348942512169191,-0.142305125271926,1.18887926608294,-0.416155945416647,2.2536394789578,-2.02346735131036,1.82109729680661,1.2447400679974,-0.0251101094965274,0.296288597638953,0.0825991553301965,0.409202999505965,-0.19659183583875,-0.0337133236926124,0.0298813246880203,0.449555304509272,-0.186722957548256,-0.280642257401966,-0.324841005230827,0.971390197381334,-0.457694082501342,-0.25048877456592,39.0,0.0
53193.0,-1.01176447930186,0.0227592658528177,1.75412823735317,-0.527308293061243,0.662818431433166,-0.370949195481608,0.146371034316108,0.220605499388087,-0.430681156768488,-0.597594087985264,0.49404967728003,0.286504029854137,-0.135315138381906,0.16144677809668,-0.0204474957827355,1.00279880399849,-1.18661057126495,0.726326623345521,-0.321625799734273,0.149496604172451,0.112378355916873,-0.0248090080325353,-0.178929932059661,-0.341629346436799,0.514224217457371,0.290375502201316,-0.106648433217436,-0.0307820466575286,39.9,0.0
92133.0,-0.230536873418696,1.07266434846206,-1.90114513069734,-1.30181312715436,2.90254298203479,3.19368224219503,-0.104271951773525,1.26854924234487,0.957410571207361,-1.39498093083555,0.937178963238497,-2.50131725357959,1.27366557159883,0.999187586977641,-0.620533295233041,0.307741318060435,1.25335328518459,-0.0640901542249536,-0.607253362612451,-0.102202497641395,-0.441963216355244,-1.10520836560797,0.176603996448409,0.531258707606239,-0.423175924166248,0.12784250856811,0.0939982365851877,-0.00116239476433342,1.98,0.0
94625.0,1.70785693746472,0.0248807914815549,-0.488140038578959,3.78754815533943,1.13945148482475,2.91467262159314,-0.743357877946301,0.699135879021363,1.0084706473096,0.912806096143303,0.7653541419638,-2.04386838674929,1.00154733873148,1.32288725448265,-2.72007696175136,-0.153429555378718,0.752610596119435,-0.755785824269169,-1.91256263382671,-0.368014254987192,0.0108651916304298,0.548257831746395,0.0912182952145324,-1.00795946020642,-0.0821828177765288,0.179709188704528,0.0077377190320074,-0.0688413102470406,33.76,1.0
93268.0,1.98691732296261,-0.0685553154289803,-0.0805717109608467,0.657213272227751,-0.522264697075072,-0.679787629866414,-0.440735801475111,-0.257025462064036,2.33813088635405,-0.576976021211869,0.400185035293204,-1.18061204928732,3.22463856591428,1.10221164131143,-0.250883227133798,0.089720085975728,0.108407112880078,-0.108559661849954,-0.292638947639126,-0.175231104608764,-0.312659689349327,-0.426761165635543,0.367449055897966,-0.0185636980030293,-0.402461478470493,-0.668438283610574,0.018174202060968,-0.033700271819178,7.49,0.0
26899.0,-21.8854339051741,12.9305051249875,-24.098871851647,6.20331419234722,-16.4660991227874,-4.45984212550286,-16.519835984614,14.5355647151916,-3.89702188761405,-8.6507583293562,5.3754339072439,-7.56721354069937,0.461807829323489,-7.82789139878016,-0.0228148529460228,-6.57804150255676,-13.0024594617382,-4.88446723880536,1.10435473489394,1.6119982189969,1.76223176917351,-1.57905510076487,-0.951042744820554,0.13456529188962,1.50711039768212,-0.222670856855594,1.52765527810284,0.453698638993223,99.99,1.0
70861.0,1.22891782175987,-0.0835921180472248,0.264748246500884,0.647689952777065,-0.0671443309673926,0.374197219092677,-0.244041323806458,0.0974914208877569,0.682385788478712,-0.265091177342577,-1.30145330990754,0.317125994958485,0.125378348819434,-0.238324855267258,-0.0705810336800058,-0.385941743727071,0.0490877530427532,-0.748543589001994,0.14400421980537,-0.113616241409343,-0.132933762583724,-0.107704311674223,-0.147874249543225,-0.695644503897203,0.589772044603301,0.49179293972442,0.00109191754183501,0.00130529297763853,11.5,0.0
52934.0,1.03663855772541,0.407227280182074,0.75770616494457,3.16182144737059,-0.568122226356034,0.202180695126505,-0.68980405626803,0.41137993906161,0.336769232300548,-0.283731283967387,0.90311745288141,-0.158825775049249,-1.93070901899978,-2.37665364067708,-1.8101724846962,0.935791272330693,1.59150614830401,1.25947071382768,-0.666806394320072,-0.219461074162075,-0.0501076222906236,0.123760575662397,-0.132567901550036,0.350230553629671,0.507701400813083,0.189620904934317,0.0610156660255082,0.0631412801847289,0.76,1.0
94364.0,-15.1920640113629,10.4325276778611,-19.6295152518171,8.04607504591293,-12.8381666152727,-1.87585874614533,-21.3597382791388,-3.71784952676935,-5.96978174909567,-17.1415136412892,5.90239975502551,-13.5801472568557,-0.45140689941267,-8.33476258691073,-2.02514468652193,-10.1963336944105,-17.2709851692259,-7.07909577930568,1.51769533116994,1.65747618417276,-3.47409650326971,1.76544551266317,1.70125678162665,0.381586805077026,-1.41341748729956,-1.0230778939005,-2.63476129227348,-0.463930546269812,1.0,1.0
41743.0,-2.14441147422114,1.0734990949761,-2.77366294436956,1.38439373061694,-4.01547712730958,0.747235431622141,1.52563753547227,0.192987836205386,-2.43186196584916,-4.15583783449678,4.35477463025116,-2.87240010922107,0.468875462284219,-4.55566674751092,0.699671492981511,-2.90114077639634,-4.67466711122835,-2.21362325223921,1.29616504982889,0.668123787084126,0.14465327974064,-0.885681640451265,0.625098628062992,0.0965268919194303,-0.189454895625625,0.532908314019749,0.423044721673666,-0.210266310409715,802.52,1.0
59385.0,-7.62692409246447,-6.97642000754641,-2.07791115073952,3.41675415987856,4.45875840248762,-5.08040779918275,-6.57894786782983,1.76034141396682,-0.599508728352202,-4.00174208524931,2.61176184321338,-2.21069105518154,0.145323220628924,-5.28167813117348,-1.44622731547596,-2.34217826208892,-4.44208205885268,-0.812202197039381,0.254771833248553,2.87526030369363,1.22479498325958,-0.656639147267532,-0.330810728527997,-0.0789460153087798,0.270305924800976,0.431119110160139,0.821381426988655,-1.05608777393768,18.98,1.0
41607.0,-18.2475132286673,8.71325017095966,-17.8801268207974,9.24945923683651,-14.5412125237225,-1.91156359308197,-18.0146601306809,5.52216218981207,-9.28392451240577,-14.5571590528859,4.39243558567834,-10.3800731219167,1.61182090128819,-6.91763950579126,0.158841037400664,-10.3282423879882,-20.2545556896053,-8.53452256380618,3.25653448060821,-0.526368288315335,0.598842606268504,0.615318868165234,-0.486498927270445,0.739268468431111,-0.236844752247958,-0.0460816699541002,-3.01147328474912,-1.02214746628442,53.95,1.0
76661.0,1.05073031345584,0.0251525805366238,0.469602995698671,1.35653261916473,-0.277386599343423,0.015870918067851,-0.0329141577162953,0.144826859129203,0.107913106341453,0.0486846961996137,1.23977291579709,0.957835085205011,-0.866828362958449,0.404855008808689,-0.738474821007523,-0.553843281606636,0.12380071236925,-0.468067429973114,-0.160432053236254,-0.166921315632894,-0.0261146967158677,0.0286104656842488,-0.0679902157025421,0.216723505725076,0.573874610318487,-0.343314484896195,0.0268775933922265,0.0115284871497661,37.44,0.0
59513.0,1.20468688249622,-0.0119648415413807,0.0726688043733344,0.964460205016509,0.263362091725924,0.715718201493604,-0.159341864704693,0.17095492043027,0.657753961798877,-0.208540289430177,-1.82268030886971,-0.109421055019681,-0.312816571677256,-0.0188606412367137,0.251578281703424,-0.129191931884351,-0.276458275229031,-0.478347229680286,0.214764266185528,-0.124102760390785,-0.325561085525942,-0.791431772327319,-0.116708051562351,-1.36238397944968,0.5857549263905,-0.428964381667859,0.0473904259663637,0.0133687169338971,29.99,0.0
48942.0,-0.785341902951582,1.28628659152757,0.802142699080248,2.90095233554545,0.181938828025897,-0.135697279178748,0.213469255203665,0.550619846268306,-1.48784414618903,0.733738305852899,-0.729542016632569,-0.923854552240262,-1.23514184894757,1.04304090257261,1.32791123842705,-0.392805072684942,0.599620796238782,-0.301140610700808,0.4499866385915,0.125552985303661,0.131067316204998,0.238834890614578,0.0497829250456744,0.0380765496309267,-0.529654711847145,0.195929725395368,0.292220784543891,0.120931490936098,21.99,0.0
47545.0,1.17671575912859,0.557090903443645,-0.490799622910899,0.756424293386678,0.2491915585394,-0.781870546568533,0.228750322026116,-0.0408400791377636,-0.432110564245139,-0.585778431385528,2.28193937592012,0.654566719272309,-0.310379432324912,-1.04370522504569,0.513750399321109,0.399177755263914,1.14313007770305,0.256013886486252,-0.511210088142662,-0.10277180482264,-0.0621660000083396,-0.128168129786567,-0.0401759895545737,0.110040347467026,0.437891432381746,0.368808854483266,-0.0182873480981415,0.0311734033163997,0.76,1.0
16109.0,-0.867217523299963,1.05382129158375,1.84363192935068,1.05109960280573,-0.366882751301823,0.0890901768200207,-0.28064477886597,0.691171137528115,0.534431112237205,-0.778917681151779,2.21937673365027,-2.42482911174082,0.123420764742847,2.43532856100048,0.299814624432897,-0.0100967398835093,0.844431707735983,0.629837309757456,0.0692098772104986,-0.201609654859627,-0.0595893189978703,-0.188680602844019,-0.0802813601229082,0.0951970198873087,0.137278755582161,-0.390338458039145,-0.121948384722606,-0.104004246483782,9.49,0.0
40086.0,1.08369268125484,1.17950120574809,-1.34615039129229,1.99882440095464,0.818034176163642,-0.771419407716543,0.230307373480955,0.0936831311994367,-0.167594341704434,-1.95980925751416,2.80433477984687,0.312424168769405,-0.595976467281167,-4.66257695501824,-0.299515020029103,1.00141391934549,3.90282478361756,1.61960922680862,-0.888087464222472,-0.0601585380014646,-0.311999618117422,-0.639699711353317,-0.120249014807271,-0.180217694458199,0.609282565276013,-0.339524442352566,0.0967012906089022,0.114971915513805,1.0,1.0
31708.0,1.10588914443922,0.169466053085779,0.178234917572963,1.00668030233379,0.0572819917673517,-0.0215293893470984,0.0992220458965982,0.148337096305942,-0.234887301559866,0.173912081384126,1.14105168558686,0.318014769405261,-1.28858440760356,0.914601345858329,0.542113205312994,0.216461410517138,-0.431338095158329,-0.393913311811135,-0.0915018225347546,-0.169440252829839,-0.410141327470237,-1.36931018543637,0.190000435690188,-0.414537958730917,0.137789769406553,-0.803574999400116,0.00895028180707301,0.015636604492728,37.44,0.0
76876.0,-1.29835900258265,1.07967115744319,-0.180677930886891,1.28783908383189,1.85827347944352,-2.22369500209375,0.525166986044906,-0.0968743110676978,-0.168893374133313,-2.544410418956,0.706999574201444,-0.835695915134352,-1.02211731659325,-4.99399178918475,-0.455706843211384,1.31536513941655,3.63919954823548,1.62342609471098,-1.53933883157799,-0.18757199362802,-0.332983053581271,-0.851270427572191,-0.370799798865314,0.29824168728035,0.442929877216587,-0.522832450531743,1.04856507220322E-4,0.135698346061769,1.0,1.0
50706.0,-8.46184470133154,6.86619841481805,-11.8382692206767,4.19421096699453,-6.92309709702798,-3.22114664850055,-7.55349651116055,6.015618186942,-2.4661434402463,-6.24624318477127,2.94398521977131,-6.51238933713471,-0.698175946764313,-7.54364593187217,0.92645528395257,-4.3302948063467,-7.33969796421674,-2.55090085394741,0.645904895509124,0.814710155897088,0.918244480856236,-0.715366336614015,0.210747336284603,-0.0602114737129364,0.509534595479059,-0.257283692851139,1.17002651560613,0.229300914797861,99.99,1.0
78725.0,-4.31247908052279,1.88647569827836,-2.33863356144698,-0.475242891532036,-1.18544386151204,-2.1120788975769,-2.12279296550593,0.272565132222544,0.290273064048255,-3.8337413849476,2.50978140392157,-3.61123136485112,-1.02429952994167,-5.29192495475268,1.6498073488757,-3.26265841898301,-4.33311795972043,-1.86304896791862,-0.00953360656837195,-0.718705614884897,0.550540662080627,-0.0678702198276179,-1.11469186343039,0.269069433187685,-0.0205724593187757,-0.963488862263668,-0.918888353795928,0.00145356217673386,60.0,1.0
100924.0,-23.9847466495794,16.6978316913154,-22.209874815521,9.5849686202149,-16.2304387891461,2.59633265752887,-33.2393281671892,-21.5600394546929,-10.8425258685569,-19.836148851696,3.22323270290842,-10.8951335063028,-1.52345240330584,0.116303256118652,-3.09880532704263,-7.60642457511483,-18.1082610229766,-7.51186615794432,-1.24328515722898,5.80455066066397,-12.6150228644215,5.77408726884239,2.7502214496329,0.513411099654255,-1.60880380395117,-0.459624387540527,-4.62612660780224,-0.334560720645878,1.0,1.0
32745.0,-2.17913506011513,0.0202179180614602,-2.18273279614299,2.57204626116115,-3.6637331119316,0.0815679330899005,0.268048730691862,0.660437428502318,-2.37402736257173,-3.58281002008802,1.97582106179607,-3.50054226479879,0.170681027067223,-2.73594037401519,1.67025110352247,-4.04629299726117,-5.07947908460579,-2.58685704537203,1.66926055335833,1.95796029993605,1.02642111100453,0.299613501640326,1.65680000734873,0.328432501784239,0.106456827905221,0.691774505774569,0.196778974067123,0.241085157494976,717.15,1.0
109517.0,1.91579354196132,-0.281654146403584,0.083327760104988,0.57799034648963,-0.989179058829917,-0.830160307387403,-0.724887153195782,0.00881711816481731,2.53610171282794,-0.384691135383754,2.17761723618983,-1.91664792417845,0.0599070050592409,2.03384850315635,-0.251626114547499,0.293338563470883,0.114684201151376,0.778257088646187,-0.263434447924852,-0.389998925313853,-0.196759555132433,-0.292321425124083,0.439618841821407,0.387898976241286,-0.546207484176144,-1.01228572493388,0.0197174349779454,-0.0407787196687115,2.12,0.0
56780.0,-1.32246880611634,1.42592470585752,1.22179084509371,0.25126520533308,-0.579257405310877,-0.763407915526943,0.238856224052429,0.290252603984322,0.124434036868377,-0.168867799537868,-0.596016769342712,1.03815771580908,0.993052534396461,-0.341142547087853,-0.8097550786522,-0.570798997301174,0.291899541151487,-0.622972271482137,0.176543299606119,0.0772980346467789,0.0470885763532182,0.412304061842104,-0.0399478979825333,0.804086929865758,-0.076499642670012,0.323017467488747,0.0920901334883953,0.191972264670981,2.37,0.0
6786.0,0.610349664116746,0.457202110411481,0.474555567865101,-0.119625660061551,-0.0937178806507277,-0.296394812999036,-0.247180063028449,-1.27537974883828,-0.580534487078082,0.405882494374793,0.342905496381762,-2.79430070327624,3.39758582516084,1.38239901340105,0.461857704791439,0.252076966702745,1.42127850862747,-1.00395353510629,2.30168230446357,0.26320781120657,0.755925113635207,-0.00384653371128957,-0.469204721973566,-0.417371678520701,1.37912044477205,0.272618702989255,0.105928644301955,0.164197218314442,15.0,0.0
52814.0,-1.10184700698197,-1.63244121283891,0.901066556872515,0.847752885502341,-1.24909072939532,0.654936785498635,1.44886782586722,0.0233079125519542,-0.136742416820243,-0.150129182778684,1.17235508293037,-0.795988136674965,-2.13695096583302,0.578869439330842,1.4121147225086,0.0134668068434063,-0.119204381070058,0.826814373772222,0.476859902488945,1.23027784051309,0.610653920616913,0.835795006603528,1.17995542066426,-0.0290908864225033,-0.300895693792436,0.699174952578756,-0.33607170899039,-0.177586827857027,519.9,1.0
84694.0,-4.86810843844627,1.26441977404559,-5.16788542660662,3.19364784504611,-3.04562137708228,-2.09616609885545,-6.44561018266068,2.4225355920307,-3.2140554159387,-8.74597261185534,5.41604190908794,-8.16412507731485,-0.165010607208302,-10.1935303551514,-1.89521031032574,-7.36047460938421,-14.6687710766351,-4.87711900477519,1.38560952778492,0.66730977994879,1.26920538901712,0.0576572516592633,0.629307399675982,-0.168431773502721,0.443743902404587,0.276539471570389,1.44127396787951,-0.127943726430018,12.31,1.0
38822.0,0.81256431869827,-0.884198398689538,1.16319913015955,0.457091269922018,-1.40133872884562,-0.159308419403283,-0.470742282488546,0.0905211115437226,1.08300774004293,-0.585768783730586,-0.0223789613299998,1.06610215242895,0.307191556949217,-0.540535562529466,-0.115695177829518,-0.566457204039417,0.598256675705143,-1.28010006034907,-0.149191637708162,0.235052997726321,-0.0665063860463286,-0.251950542005338,0.0249821223971868,0.700433910721222,-0.0542999044772749,0.920474725294726,-0.0448641562476405,0.0458664314695318,173.3,0.0
68207.0,-13.1926709562391,12.785970638298,-9.90665002092758,3.32033688288942,-4.80117593230105,5.76005855618556,-18.7508891580107,-37.3534426378925,-0.391539743919107,-5.05250236713858,4.40680552357904,-4.61075647740608,-1.90948796970811,-9.07271093398351,-0.226074450896345,-6.21155748212485,-6.24814535335983,-3.14924669470095,0.0515761185277783,-3.49304991519446,27.2028391573154,-8.88701714094871,5.30360690376998,-0.639434802306313,0.263203123457008,-0.108876929971315,1.26956635541013,0.939407362758877,1.0,1.0
31658.0,-1.35616793140446,1.46991280217068,0.664367594057372,0.0477602285174158,-0.64027791853183,-0.140355445511475,-0.311971276479429,1.06170295148918,-0.194620122506855,-0.405364292817114,0.120712311790509,0.951083092220126,-0.282317154413938,0.476767270248844,-1.37426702904599,0.0207368455878961,0.0661055681041498,0.305376696316164,0.70317649998282,-0.0277644899368271,0.0585944273839026,0.276900667120982,-0.128421215626922,0.0587214085485908,-0.0327514386094029,0.375707527576857,0.209235143643542,0.122405076271515,1.0,0.0
48525.0,-0.628421742336081,0.965309361445736,1.81562697655037,1.67041976062716,1.08336802813212,2.11734438481268,0.306663401839147,0.758193980596,-1.36733520196489,0.112130226980035,1.74969350291378,0.85583577347439,-0.244310200568766,0.269691772132619,-0.0905783739767562,-0.792273348959316,0.610174888765441,-1.87864222674098,-1.80170807829573,-0.22322095293619,0.0243954350320994,0.194701880268973,0.0185650486430377,-1.05374104877282,-0.396957423244825,-0.0786422988912591,0.117940356763917,0.0402223722541931,5.48,0.0
64585.0,1.08043336974687,0.962830680816555,-0.27806547765439,2.74331806279958,0.412364075681078,-0.320778352962878,0.0412895489552235,0.176170299597767,-0.966951551053629,-0.194120466505581,2.14005681553663,-0.276308752749667,-1.19130573752489,-1.88027540328199,0.398271956336376,1.36743302249318,1.52266169956075,1.02631748255981,-1.57707047840184,-0.172658644566365,-0.00899617409257402,-0.0570361435998535,-0.0536915092211487,-0.0263732767799466,0.40029973123052,0.0728277709127376,0.0270429343018625,0.0632375727147923,0.0,1.0
73299.0,-0.859626312686276,0.808473965723159,1.26651590525952,-1.00601555999357,1.06899141897786,0.551901846567051,0.696875944031317,0.0571149721610358,-0.173930038609122,2.49702231829518E-4,0.308501767020136,-0.083416258350034,-0.480527199831933,0.0485318382433312,0.252537867097606,0.710384325247314,-1.1864398611977,0.0494454817187953,-0.250999367605926,0.0224931775664704,-0.319968948193978,-0.847668373186129,-0.339730354098976,-1.35690933447738,0.355397566199557,0.0755796787701858,-0.249594968801137,-0.216968736511053,8.04,0.0
114208.0,1.9951540449881,0.207984066827759,-3.6425872678067,0.46669290580099,3.23479699107114,3.06184412367312,0.101087255019983,0.661484248642681,-0.0156174077472823,-0.333382677765322,0.193380297695973,0.0414008985966187,-0.486132903501429,-0.781686726478833,0.00649760784142575,-0.269738351233812,0.889748533245505,-0.034860605477106,-0.50313950344729,-0.153197522633537,-0.0346155753139806,-0.00213388764107575,-0.00124028383603381,0.579159671728525,0.50836755953683,-0.472060170863997,0.017827673826189,-0.0334291753093274,17.69,0.0
93860.0,-10.8502815883108,6.72746568826853,-16.760583409542,8.42583167857118,-10.2526968683093,-4.19217104406337,-14.0770860104531,7.16828793346092,-3.68324217370244,-15.2399619587112,8.03070840755191,-16.0603057628826,0.270529742348469,-14.9529810390579,-0.241094883743813,-11.866730636746,-15.4869899240937,-5.74865155747378,4.1300314273319,-0.646818272966729,2.5416369467068,0.135534921100722,-1.02396689219897,0.40626452579196,0.106592778669641,-0.0262323892202069,-1.46463002356247,-0.411681819907858,78.0,1.0
94141.0,-13.5120737201635,8.21517673687939,-16.5826057272747,6.20736889019759,-11.3184715177058,-2.99720698778128,-17.6404704062016,0.0403490750758574,-5.62023218946632,-15.1237521803455,5.93465734341534,-14.1750301634055,-0.169044491655796,-6.55255368427192,-1.57000723316824,-12.1725530183154,-20.1645422294456,-8.66881519685045,2.55087034384644,0.694574465326517,-0.907905601256761,1.5140282763652,-0.141879203311202,0.789185965955202,-0.0313427677694401,-0.255056581600699,-1.86583088908172,-0.442204311521227,45.48,1.0
37432.0,1.17802750592311,0.153436937050149,0.39907691693742,1.46117907003045,-0.412524794813595,-0.659361787636255,0.11609476386446,-0.115376703911507,0.405139135294547,-0.066014434670751,-0.888284779328768,0.0499966913919773,-0.847250444195772,0.187791224793297,-0.262419023963259,-0.392436189475067,0.0260433505961401,-0.433674401267306,-0.00727777932171179,-0.17436805893803,-0.128965012767266,-0.240444326832624,-0.0968069069964629,0.381299392835968,0.706074920541478,-0.341345017236898,0.0156451804802095,0.0204899791836549,23.78,0.0
72327.0,-4.19873460983989,0.194120636801706,-3.91758567828042,3.92074784640417,-1.87548574659158,-2.11893292738694,-3.61444510993627,1.68788446543007,-2.18987113590881,-4.68423332514029,4.37690666362302,-5.00744082816051,-1.30474507803596,-6.19247526385522,1.00240426741391,-3.31693430074553,-6.18883415213498,-1.04041264854272,1.23304434947994,1.0033504305956,0.801312235949018,-0.183000576489906,-0.440386862411508,0.292539411877521,-0.144967421927777,-0.251743981877142,1.24941367428483,-0.131524643545312,238.9,1.0
2107.0,-0.806799260834183,0.643520825786877,0.899855266761064,-2.42532221110894,1.00707264820368,0.846424390354473,0.736909885936662,0.305536196276518,0.721229534070367,-0.869730096974058,2.36430979043141,1.38199094769247,-0.213643127512602,0.294201382052562,1.26912199864911,-1.67932139116451,0.364168095003188,-1.44170028056532,-1.39377045396277,0.0455068102656613,0.204508551602723,1.15411929315661,-0.171295617646827,-1.01256745333019,-0.214568845767442,-0.724252698258422,0.412383767891087,0.0217747944679694,1.0,0.0
30852.0,-2.83098405592803,0.885657038258755,1.19993009832405,2.86129223993172,0.321668777779154,0.289966026429405,1.7677604489638,-2.45104966190813,0.0697358066743391,3.24508640095346,0.675287853392807,-0.677096334427304,-0.222741128141729,-0.913786970583513,1.60333192308268,-1.0245020918608,0.0220452070437295,-0.940684674142594,0.484758940230455,-1.01692314354721,0.546589339675499,0.334970736976198,0.172105676221893,0.623590288019672,-0.527114316331261,-0.079214654387473,-2.53244529803097,0.311176714703215,104.81,1.0
76043.0,-1.69839972881653,-1.24423497102134,2.40794421743667,-0.260030218353053,-0.770441353789874,0.633926618730277,-0.9451862119173,0.205629497966487,0.352315093943658,0.296476162337501,-2.3856712560234,-0.525100845573671,-0.351409055119174,-1.37249171947949,-1.25717599654246,-2.09477235039036,0.764578228479882,1.16747027040911,1.2974960395201,-0.936282629947935,-0.763211459676994,-0.768471692695083,0.283809124552383,-0.392003306236881,0.191820941338479,1.22765973309836,-0.0665344167972982,-0.0146097014847607,40.85,0.0
88737.0,1.91782653091941,0.951966571156228,-2.05920551344214,3.83399771227534,1.66819219140891,0.769825697337707,0.23246305671161,0.107940567202011,-1.14364568858013,0.541699242973355,0.301977229683697,0.257697090947377,0.709147651977866,-2.420715975085,-1.99774018079568,1.50669615001484,0.799832475247662,1.16276426158317,-1.15062735713932,-0.115922317627863,0.0152553539964535,0.239994342022941,-0.111915984520572,-0.380575889863537,0.370994788995014,0.189116547062326,-0.00582328067918961,-0.0121050906997506,9.21,1.0
93742.0,-3.29112509261551,4.4011941515981,-8.39421162258901,4.45357956949695,-4.79005451824953,-4.24018208232724,-9.21900099642753,1.97402995723142,-2.91294270907847,-13.540168238225,9.41303953977606,-18.0475965708216,-0.728186553999085,-15.3930448312636,0.3494850489774,-13.30388757707,-21.2979057823155,-7.26231079476482,2.27422550991903,1.4908691418867,2.10234346771868,0.597370314627801,-0.328086184026121,0.445752402449364,0.585280580866405,-0.399005421878678,2.11600444233121,1.05074380386505,1.0,1.0
12093.0,-4.69679522444504,2.69386747884008,-4.47513271259153,5.4676845487781,-1.55675807549758,-1.54942028904253,-4.10421487278526,0.553934075416293,-1.49846813107494,-4.59495176285009,5.27550585077254,-11.3490285500915,0.374549235103921,-8.13869488434773,0.548570894168134,-6.65359434741365,-10.2467554066001,-4.19106626655491,0.991486122257293,-0.158970548660611,0.573898081112651,-0.0801627753981571,0.318407817148194,-0.245862202650853,0.338238431564141,0.0322706213908033,-1.50845793363219,0.608074682590101,0.0,1.0
58642.0,-0.451382569628168,2.22514650025341,-4.95305045271638,4.34222824814605,-3.65619018970243,-0.0201214656089607,-5.40755361778584,-0.748436141338482,-1.36219775131112,-4.17062288702767,3.76230638231684,-4.22622469486547,-2.04669403006077,-4.71049793587464,0.217572360008267,-4.73908378383857,-6.13188675183675,-2.42587063860491,2.31416486951171,0.724381267691587,-0.575924092076688,0.495889440695266,1.15412793921228,-0.0161857864909953,-2.07992826296301,-0.554376906341192,0.455179270612071,0.00132065645985432,113.92,1.0
72928.0,-0.736160490133083,0.0686126238747142,1.5450829650878,0.599034582868839,0.628664907762873,-0.0560990825671512,0.0719845360321369,0.236887868028008,-0.461789957291814,-0.276618215922276,1.17931518615476,1.172002886545,0.284864739172731,0.0629876976730157,-0.586926813265942,-0.781689653126232,0.28465185203975,-0.42650847226977,0.951732173984586,0.212607748002271,0.0397277991959938,0.120319163961554,0.115259091432879,0.0735453006330541,-0.546973993239282,0.272990308771319,0.125905476187349,0.156620853789344,25.4,0.0
93856.0,-6.75050851563533,5.36741605145469,-10.0546349530569,9.06447791765316,-7.96811808353808,-2.26379841398236,-10.317566180676,4.23766573099145,-5.32410880613734,-11.0923923688428,7.15408284221914,-17.1504052507291,-0.0953992277686904,-11.0301103643432,-1.95905455483077,-12.4485623424367,-22.6679054064789,-9.26460873295655,1.9823563171714,-0.0812198922441237,1.90903201764938,-0.34873973066671,0.425000563135111,0.674908669807175,-0.784208393488163,-0.247422102935353,1.1595813739152,0.197817874685768,209.65,1.0
73408.0,-2.86979494599423,1.33566696241079,-1.00953019777159,1.69388472852407,-0.741479894623347,-0.796772696354505,-2.61424187718441,1.06663646767929,-1.13549652218517,-3.9433368210052,2.57283021584331,-2.28866350030302,0.562084177710423,-5.33871420959882,-1.85325189141529,-2.619233053885,-5.23142512742468,-1.23485373672039,0.397308037124058,0.0115572104606548,0.528421372720921,0.228027080989586,-0.749297963439339,-0.0671789627433331,0.215792485177395,-0.453651011768872,0.349191042793996,0.198862268219404,16.48,1.0
81233.0,-0.883936355265199,1.83829879643347,-0.416785146865024,0.416325932786511,1.65370699389124,-1.18536873409997,1.47821286618518,-0.322356913600837,-0.719738550117076,-1.48344473539319,2.59266083911976,-0.553352591836085,-1.44641378312578,-3.38430348573955,0.0958646086805177,0.956089985251985,2.48026565705826,1.48899409816274,-1.50008515815418,-0.159214492804974,-0.0224698507090095,-0.0381847176953436,-0.283782747627246,-0.141384414109572,-0.0536148910010069,-0.562761660658051,-0.419661390795157,0.00661735682928158,3.8,0.0
70218.0,-1.76765667577739,-1.30924952259659,1.17581516319416,-2.22530049517056,1.5753852212866,-1.1978693182347,-0.445414797970935,0.234834617996689,1.20646697490024,-1.52504387253844,0.876901640503147,1.5493863848737,0.163524360084205,-0.0484462582745427,-0.688676752505101,-0.186033595239071,-0.835243780811118,0.116260073051416,-0.893795410657884,-0.10926485754216,0.275852178065327,0.679069491994068,0.0619433841615354,-0.284317951314873,-0.266568064454975,-1.04993566261578,-0.0444374426558078,0.463939246574415,5.14,0.0
39429.0,-3.170710171703,-2.67963520117226,1.61240737670943,-1.13924634972419,0.661247397828751,-0.251948858796702,-0.846576160298349,0.310770981382267,-0.818518175556944,0.266309338966843,1.39397183077417,-0.0965524214818459,-0.533716542104364,-0.328130613860593,-0.354361339649777,0.831399718223079,0.534190223989372,-1.6206225512108,-0.269028785447624,0.0490963614842106,0.353424091466251,0.635851258259248,-0.778652132860268,-0.213624562506344,0.202079967573841,-0.259438674826572,-0.493843210642856,0.374455889829135,10.0,0.0
121306.0,-0.0333216111285776,0.699434547009965,-0.762835836178169,-0.731566455322182,1.28100935175836,-0.830763907461351,1.50711045945279,-0.21419791564393,-0.483527366734165,-0.497082575653727,0.409102652686335,0.151635064876768,-1.34743767170097,0.977879851837621,-1.30440265103613,-0.666716779991607,-0.444555390449873,0.254462437644926,0.286760858408485,-0.177016731060274,0.349809793696841,1.00352505666282,-0.138569867217071,0.783104019386963,-0.378385506670541,-0.299314841893459,0.170489872033233,0.221512261586457,34.71,0.0
77171.0,1.11855963468941,1.29185826269199,-1.29880532614411,2.13577170090141,0.77220369761071,-1.14729144173341,0.390577698285265,-0.107072317539989,-0.0383392686455211,-2.15251889070952,1.35275258963919,0.092848590126307,0.273152694590986,-5.01220235869184,0.303552415334761,0.731437272149243,4.15208557256771,0.985358288437165,-1.22925431837217,-0.0235757902669068,-0.346373779572415,-0.663587986293548,-0.102325808556082,0.0179105750224893,0.650301613577378,-0.332365629546077,0.105948676665863,0.12812372864866,1.0,1.0
49095.0,-1.10359331282878,1.34952013255345,1.26604909117183,0.819625711162284,-0.399790061004816,0.357753596691626,0.520715323222471,0.46452232729124,-0.26801877193942,-0.524928348037382,-1.67083638572807,-0.0633651294159107,0.0398883711282047,0.0867697407227968,0.127796225555594,-0.272521652978557,0.0779682058021627,0.0277470610114674,1.2177298570203,0.0759492360666104,-0.263619371179611,-0.651529040754918,-0.227998312216548,-0.463793288214626,0.518389555521962,-0.350991575413024,0.109573890244074,0.0520609047955459,79.95,0.0
74283.0,-5.38504984763151,4.26374785344743,-3.90012763170056,-2.75599932274809,-0.496064273411557,2.57582984934019,-2.68381672834946,4.08081092771917,1.08118873917071,1.53044883058553,-0.9978534133754,1.04681821159009,0.368921313472249,1.43190032967736,0.611395286656879,1.58003040786191,-0.118119898519227,0.14789549027649,-0.785495353604726,0.90658913496604,-0.222667375889497,-0.90756189986328,0.461378196525716,0.977659873260701,0.691131261755068,0.809469312899939,0.567234924418496,0.33494150446004,1.0,0.0
80281.0,-0.985007691666635,0.825003756376145,0.874899863528872,1.31576760637366,-0.362846025286416,0.424952151124027,0.911364911029627,0.125339835197532,-0.132302429970369,0.681235880735002,1.46698399109876,1.25969197624263,0.368876567050357,-0.0995176593453479,-0.474728539658459,-1.01544573353787,0.346111836424375,-0.379284994321613,0.8003125845219,0.262109339013762,-0.122889617539536,0.366349974277199,0.164502588334558,0.245564349090882,0.152734526437329,-0.225945066598484,0.645965931789134,0.181025043639105,138.0,0.0
27219.0,-25.2663550194138,14.3232538097233,-26.8236729135114,6.34924780743689,-18.664250613469,-4.64740304866878,-17.9712120192706,16.6331030618556,-3.76835097141465,-8.303239351259,4.78325736701241,-6.6992520739678,0.846767864669643,-6.57627643636006,-0.0623303798952992,-5.96165987257541,-12.2184817176797,-4.79184198325342,0.894853521838799,1.65828884445902,1.78070097046593,-1.86131814726914,-1.18816729293127,0.156667050663465,1.76819198236914,-0.219916008250323,1.41185477685432,0.414656383638367,99.99,1.0
31851.0,1.23248411112097,0.102630251639942,-0.106151353087122,0.338286138270778,0.139333349595499,0.180886274158207,-0.237687627692117,0.241999000472224,0.1055266466095,-0.102665486775494,0.757139026413093,-0.251011726559016,-1.54856514506516,0.247459737827574,0.909626075871764,0.724091192808518,-0.192787820308417,0.257400731233319,0.0763972826330355,-0.191636598518271,-0.287542738806838,-0.913702461897699,0.0605262811855455,-0.948952392873848,0.169006872013612,0.167327802500246,-0.0233115653200044,0.00425327975883662,0.89,0.0
11131.0,-1.42662331260887,4.14198623236944,-9.80410344235714,6.66627300324451,-4.74952679326515,-2.07312900595144,-10.0899311630826,2.79134529885187,-3.2495156171301,-11.4204509744097,10.8530116481991,-15.969207520809,0.546690084634152,-14.690729133641,0.91233739988339,-12.2271892780267,-18.5873662058916,-6.92076186060174,3.16699890688552,1.41067765264616,1.86567876848945,0.407809281593599,0.605809354312964,-0.769348118123441,-1.7463368287861,0.502039516709683,1.9772583297728,0.711606531209485,1.0,1.0
98438.0,1.99465835296322,-0.724029400885127,-0.82650994279747,0.713984993032417,-0.34935976253526,0.129384507041935,-0.65613874315805,-0.154491284447725,1.09801991642197,0.597395597191872,-1.15792789073901,-2.83924627702218,2.04656300886811,1.33934106991711,-0.468738063864435,-1.12869287410037,0.0887609865002425,1.85706252963575,-1.16421026343961,-0.528891776127031,-0.484416300440351,-0.674626628563353,0.0844839894322715,-1.19545738951459,-0.098847938327952,-0.650267612454894,0.0276301024988244,-0.0339602149814353,87.0,0.0
41116.0,-3.60054350412378,4.51904694695796,-6.34088353532231,6.21476727765717,-5.829557636648,-2.4780949557906,-9.93841155861772,2.83008605053969,-5.65916161145799,-11.2981564915382,7.2529532268294,-14.2750918465127,0.18890328374228,-14.5559572107641,-0.338288547453357,-12.1465401437589,-25.1627993693248,-9.04284515066473,0.787578807808201,1.38474276211824,2.26377035551642,0.620749345000528,-0.094068667085379,0.536719087381271,0.398142307216228,0.00827658674987802,2.05352425334029,0.835749002954128,3.79,1.0
34687.0,-0.860826892469905,3.13178963278262,-5.05296813449749,5.42094070941518,-2.49414141557203,-1.81128662834635,-5.47911745062699,1.18947198655298,-3.90820579292615,-7.06074618169306,4.72997415443333,-8.62905440849263,1.17879796289388,-11.1820634139742,0.445243112696547,-6.53298227788478,-13.3892507167674,-4.48041256680694,0.432054206519352,1.0857595200589,1.19269353963797,0.09035581053399,-0.341880850908644,-0.215924151333767,1.05303194615504,0.271139003495332,1.37329957704625,0.691195095871691,19.02,1.0
58217.0,-0.443793956538852,1.27139528958141,1.20617786290079,0.790371244425149,0.418935334538855,-0.848375714713356,0.917690595034239,-0.235511404707869,-0.285692136421657,-0.867899742347565,0.614977120327696,-0.657947690982211,-0.948412031653891,-1.63514452424164,1.26320316314475,0.0685328870737372,1.32579410174258,0.376383480838994,-1.09619645414336,-0.0672050359210024,0.119278777095323,0.513479449681292,-0.264243409026182,0.443311288026016,0.0295163920697956,-0.335141048988331,-0.188814985117408,-0.123391459240302,5.09,1.0
103808.0,-4.51734375344642,2.50022390414582,-4.01392753708116,1.18945163355882,-2.48686063585833,-1.41347553285281,-4.24570662259591,1.26508694822894,1.16882778968781,-4.51390660472333,3.69471123994721,-6.11044323287235,-0.110521636054475,-4.18455528093394,-0.93103463417672,-1.61471832598223,-3.35318018239636,0.236762036968587,0.0038960221310578,-1.05616226010439,1.32694422202396,0.102998961106284,0.508166904438541,-0.278017536127694,0.139721094971637,0.0646100247346309,-0.972358289293076,0.351359561196795,2.27,1.0
119651.0,-0.239432920472495,1.32234870124678,2.03277240773373,3.92575298583723,1.16764455659386,2.92168597567155,0.0686385703075802,0.576551092601154,-1.82672400569338,1.73745969484137,0.885280575822933,0.389280634515401,0.984717964014042,-0.183036108328836,0.928631769755733,-0.437693945693056,0.24126079084083,-0.634403576914513,0.619876766251032,0.379669229116291,-0.126684068297575,0.108088359221132,-0.028272458596159,-1.66562964267206,-0.873308864981282,0.17611238784076,0.336815591058117,-0.0115019428189314,1.89,0.0
45024.0,-0.852260603344297,0.886191634180327,-0.378032117736433,-1.14204437788618,1.88094119352805,3.50587530603086,-0.403582435695631,1.36521807911659,-0.369192709383381,-0.345484256957249,-0.459962448829966,-0.120944627596736,0.0827224290823173,0.42120056093409,1.04504973747149,0.725021430537245,-0.820878110861394,0.538360847093538,0.18100430861073,0.0925142435343381,0.0918287848572474,0.0663366017331643,-0.0559697689648353,1.02754454784302,-0.327899830476132,0.255778373221435,0.132316520048892,0.133329297700371,28.98,0.0
60384.0,0.953593262153821,-0.0391100902727131,0.435987721318061,2.69418574345793,-0.276990568725128,0.0352155221256087,0.118241225021469,0.0305453934885997,-0.126714613850498,0.519998674583982,-1.56550290090889,-0.698543866294094,-1.32446024682243,0.200587325509483,-0.508598060341273,0.402874767235494,-0.305824439441507,-0.318563862926167,-0.428766115543349,0.0141553110960959,-0.194897289426947,-0.784533637798198,-0.135195107267493,-0.16112142921875,0.467658214559553,-0.0692501905795048,-0.03111020805505,0.0363742879820697,130.99,0.0
79094.0,0.364453353965717,0.0380173313629479,0.580354402902311,-1.91904318758291,-0.723455930543643,-1.13660007910628,0.0655048306762172,-1.16108843155967,1.44643134185686,-1.7117473929244,0.00313659293087348,1.6670363439669,1.21490124211044,0.0737266651372855,1.34761710625816,-1.57052560751448,0.394127252399575,-0.298885066183675,1.89274029603101,0.0397027910935017,0.651104878598097,-0.369581374716015,-0.200113140508039,0.450952715883041,0.831454341079108,-0.792965204899484,0.251587146210441,0.252672009145857,57.01,0.0
8408.0,-1.81328048476897,4.91785071056565,-5.92612969400656,5.70150043141163,1.20439257214362,-3.03513754815611,-1.71340206347108,0.561257390902032,-3.79635425171163,-7.45484065078351,7.38805512292025,-10.4752286504099,-0.379314526756117,-11.7367291212569,-2.08698895215593,-2.44235398293755,-3.53552351168246,0.130360306640887,-2.07145048844325,0.576656033332069,0.615641835107552,-0.4064272753179,-0.73701807643754,-0.279641772215917,1.1067663744335,0.323885477719453,0.894766671515833,0.569518600269514,1.0,1.0
4462.0,-2.30334956758553,1.759247460267,-0.359744743330052,2.33024305053917,-0.821628328375422,-0.0757875706194599,0.562319782266954,-0.399146578487216,-0.238253367661746,-1.52541162656194,2.03291215755072,-6.56012429505962,0.0229373234890961,-1.47010153611197,-0.698826068579047,-2.28219382856251,-4.78183085597533,-2.61566494476124,-1.33444106667307,-0.430021867171611,-0.294166317554753,-0.932391057274991,0.172726295799422,-0.0873295379700724,-0.156114264651172,-0.542627889040196,0.0395659889264757,-0.153028796529788,239.93,1.0
41285.0,-12.8357595817777,6.57461542943546,-12.7884624825347,8.7862568391843,-10.7231209172666,-2.81353585641993,-14.2488465310891,7.96052082227957,-7.71875064933864,-13.0740681657723,5.97513066688423,-12.375374654316,1.47220511856229,-11.4706925061593,0.993143253686908,-10.9738046181506,-21.047629901985,-7.99078328442082,3.33103902941017,-0.617296150458597,2.67949007049737,-0.0473351062766089,-0.836982346024597,0.625349328179101,0.125864937720446,0.177623612238763,-0.817680255865793,-0.521029795905738,37.32,1.0
40910.0,-1.08258031510889,0.470410813239276,0.701453378734844,-2.55558514099923,-1.58536296756191,0.610884815211497,-2.0718565984368,-4.78940533899334,-1.58124383113636,1.18580746989472,-1.53052104272001,-1.68088161277275,-1.12496031618891,0.0748627384137502,0.371572750392376,0.381332552182045,0.375960361887881,0.216633742044945,-0.660975434092724,-1.47412840590253,3.96728765970923,-3.09759645112591,0.130323491873219,-0.618059609930638,1.28448015297844,-0.358858676876891,0.315597592622377,0.146845847371684,79.5,0.0
41273.0,-11.6822148930584,6.33288209288301,-13.2971092469499,7.69077191542072,-10.8898905208867,-2.79236003834138,-12.5617825809497,7.28712220991134,-7.57032240879292,-12.8357376825339,5.80470785195987,-12.15623949431,1.18498466280471,-10.4686770874209,-0.41674319706657,-10.999792348619,-22.6088681905866,-9.49874592104677,2.10273540686125,-1.00931993766307,2.13345628394787,-1.27150896701449,-0.0353038871622371,0.615053695038953,0.349023768265454,-0.428922796793546,-0.694935387398427,-0.818970428930229,173.07,1.0
62080.0,-1.59945740179415,2.60772002929222,-2.98719294171061,3.06415614684784,-2.49791431686821,-0.54110279282052,-2.2777862276701,1.26816610842127,-1.99733105335741,-3.83477508791878,1.11335409263987,-4.97692104108215,-0.795530934675206,-4.54955674371782,1.81376325403563,-3.17746049642958,-5.36934877847861,-1.1214541569793,2.03059193793375,0.22533293042937,0.662933039629134,0.184086858369512,-0.0894518031771282,-0.505999935132595,-0.0622588885489331,-0.0527144132804191,0.322854004983613,0.135267636745646,180.0,1.0
59011.0,-2.3269223698887,-3.34843873033788,-3.51340796089061,3.17505971028128,-2.81513703435586,-0.203362788049123,-0.892144430418318,0.333225702638422,-0.8020052289805,-4.35068531246963,3.06424584128211,-2.71873063246571,0.0687877027069899,-5.58687312563725,-0.966076477695954,-2.50204941657576,-4.46049463214891,-0.870525745045081,0.595629103995644,3.20917094389277,1.22664839880046,-0.695902072928095,-1.47849021051453,-0.0615525997443275,0.236155012156618,0.531910616094765,0.302324354380578,0.536375347733134,1389.56,1.0
30852.0,-2.83098405592803,0.885657038258755,1.19993009832405,2.86129223993172,0.321668777779154,0.289966026429405,1.7677604489638,-2.45104966190813,0.0697358066743391,3.24508640095346,0.675287853392807,-0.677096334427304,-0.222741128141729,-0.913786970583513,1.60333192308268,-1.0245020918608,0.0220452070437295,-0.940684674142594,0.484758940230455,-1.01692314354721,0.546589339675499,0.334970736976198,0.172105676221893,0.623590288019672,-0.527114316331261,-0.079214654387473,-2.53244529803097,0.311176714703215,104.81,1.0
76876.0,-1.29835900258265,1.07967115744319,-0.180677930886891,1.28783908383189,1.85827347944352,-2.22369500209375,0.525166986044906,-0.0968743110676978,-0.168893374133313,-2.544410418956,0.706999574201444,-0.835695915134352,-1.02211731659325,-4.99399178918475,-0.455706843211384,1.31536513941655,3.63919954823548,1.62342609471098,-1.53933883157799,-0.18757199362802,-0.332983053581271,-0.851270427572191,-0.370799798865314,0.29824168728035,0.442929877216587,-0.522832450531743,1.04856507220322E-4,0.135698346061769,1.0,1.0
111239.0,-0.0991348306354969,0.513665777601595,-0.871701152760936,2.5628409041983,1.06351163802738,0.834993085685744,2.53922631806458,-0.685954876922317,-1.58988176143169,1.04209027467599,1.6285380069753,-2.55362525361308,2.72008311074026,1.99353014066023,-1.19599791474768,-0.706155735153193,0.881113761535206,0.126994973872611,2.12017274354062,1.08143526271764,0.339598686318311,0.938209493538616,0.394244669545045,0.343528577115522,-0.424805111651892,2.85916661478038,-0.305830118808005,-0.058106422120478,328.02,0.0
102572.0,-28.7092292541793,22.0577289904909,-27.8558111336212,11.8450129100508,-18.9838125824286,6.47411462748849,-43.5572415712451,-41.0442609210741,-13.3201546920984,-24.5882624372475,3.48195180343701,-9.12834128617468,-3.00825547830858,0.796579962453559,-2.1022985205307,-5.66036644069929,-13.0327849564566,-5.39234917412895,-0.901040817847599,11.0590042933942,-22.7976039055519,8.31627543891357,5.46622995370963,0.0238542303884927,-1.52714472319428,-0.145225187134896,-5.68233823990698,-0.439133675051458,0.01,1.0
42042.0,-0.533662085465981,-0.970975872405398,0.925950472625322,-1.45621183998804,-0.138399713136311,-1.00893217820931,-0.389391326188714,-0.391370635461092,-2.06683472373705,1.81745897292697,-0.446106620219915,-1.88263437670796,-1.1260733123273,-0.0730845936131585,0.931510968851948,-1.23008605624833,1.07554924182989,-0.645596930641217,0.5122017616408,-0.606307133169468,-0.512414877839839,-0.832212809947084,0.0461700827198168,0.00871533496494535,-1.24699008510231,-0.601146920769159,-0.0390927340521368,-0.0769071327378023,43.95,0.0
64927.0,0.937171682545412,-0.744344949795731,1.13669674081032,0.429996096561611,-1.46485383022174,-0.520249183211777,-0.456797065089201,-0.013650825327639,1.132560777614,-0.519971935438997,-0.460645422233056,0.812762326243993,0.173641244194565,-0.55280288774416,-0.335873950435981,-0.209153973982179,0.253769321726366,-0.747605372932269,0.299602499964699,0.191840503791821,-0.130908119705255,-0.40225754366908,0.00327974963626251,0.811558937283583,0.0529490465167749,0.907266056244391,-0.0563747525270601,0.0408931719635014,138.7,0.0
75163.0,-2.05199124682848,-2.15099479049042,0.192792940164206,0.00558000806538034,0.494871483278543,-1.31514272890397,-0.591984353540404,0.355620988773368,-1.60051352120537,0.111724727260329,-0.69868527903168,0.502218043281736,1.20751956635249,0.298928656205747,0.213510773665093,-2.34468547746007,0.953355062616284,0.46104363943501,-0.133413683012875,0.469914582150046,0.0681978798267285,-0.233785439657207,0.419497614762006,0.162665860996035,-0.82751707007558,1.02735183048542,0.0205167207221823,-0.20851481578912,153.99,0.0
31446.0,1.08030560841694,0.0169254638199802,0.244351815761762,1.23014637403223,0.00738857646159218,0.336639264740028,-0.0209690758723061,0.16398219050455,0.102011333871091,0.0392351454139699,0.810040634364237,0.927793507874748,-0.497227850935872,0.318844976229502,-0.728351074811716,-0.410334454543571,-0.0858780645002918,-0.326493899812687,0.0373031693312408,-0.122685383932831,-0.0554673335981136,-0.0502764529575163,-0.140267714891343,-0.295165487048854,0.653034568940014,-0.312301469827263,0.0270713887452903,0.00759913688329466,41.75,0.0
42772.0,0.766951388979519,-0.524666033215424,-0.198858616790925,1.22520402487582,-0.0654267992539553,0.089427927761443,0.338982205560706,-0.0572882875528014,0.0583395825348585,-0.0811730050199376,-0.904520108504791,-0.167996552843348,-0.171214037633791,0.440148447466807,1.31264011068454,0.118002945601989,-0.430136665510238,-0.187115854302798,-0.635886054217275,0.327459119633662,0.194913222742957,0.0743837070437498,-0.381292877732427,-0.633222672681793,0.595347923419842,-0.231364963697321,-0.0150384605803903,0.0533613958460391,250.0,0.0
28625.0,-27.84818067198,15.5981926625554,-28.923755945104,6.41844174657532,-20.346228155413,-4.82820246578157,-19.2108964179086,18.329405525597,-3.66873493861418,-8.00915938639777,4.30309581759563,-6.00866000668561,1.1389688287939,-5.58044712038062,-0.11073711578577,-5.49107326163426,-11.5885435992809,-4.71542017123115,0.734573493016404,1.69785626318366,1.8021491336386,-2.06293427611466,-1.26984343615924,0.165409188492223,1.99949911253199,-0.211058522431997,1.32480949279508,0.388090177732107,99.99,1.0
81565.0,-0.688232514103362,0.827348601007562,1.64527147904468,0.0873893463544273,-0.0337822424724018,0.191893996041498,0.450964826460933,0.209189958613578,-0.139615453775496,-0.235163193612293,1.23028501122668,1.28217836482634,0.24836870185916,-0.21196972867547,-1.17107331381669,-0.691884005564202,0.157448316906474,-0.475627466849112,0.181143044382348,0.0528037753541422,0.0927075943655109,0.597016688180885,-0.127941509546718,0.292663825458936,-0.255838826394751,0.348829530371331,0.246749149663316,0.183790780850829,14.39,0.0
38640.0,-5.70364898806439,3.20513669177873,-1.8937662818559,-0.133179211617509,-3.46161793430471,-0.557804736823398,-2.22539176781778,3.58792829813001,0.263498446104887,-0.234663282987839,-0.22689509756379,2.7392033766795,0.77119664488316,1.46004101946531,-2.44093584479733,0.68118184990173,1.06474303896128,-0.0157897077603247,-0.256048373299453,-0.00366648702283096,0.0813441770848164,-0.0405161717493612,-0.134729720359868,0.612711031530928,0.482822625540519,0.357036217679382,-0.0470372498757533,0.0363831133951809,49.74,0.0
115391.0,-0.604060861292119,-1.08107768168794,0.00524452124881486,-3.03013107273249,-0.244906702165451,-0.469807125515713,0.854497500190479,-0.327846900845104,-2.46358728244268,0.491397039487007,-2.03499253509652,-1.60725376317692,0.727849411062858,-0.343266388083231,-0.434062603756662,-0.0785143220474595,-0.286802996844769,0.591923106083969,-0.649613744891973,0.165900329185339,0.23111206940315,0.605463180685814,0.056555889527688,-1.01227642880695,0.453639258611489,0.0368605585533627,0.0135027895183441,0.131487878648629,224.7,0.0
56371.0,-4.01596989400646,-4.04621975058896,2.20376942567978,-2.26537306301926,2.74669156103298,-1.77735578258919,-1.81232410953415,0.240251100229764,1.99014713478345,-1.44140678532017,1.41258862613939,0.908113325574724,-1.27255591089817,-0.165068665688184,0.456125418777748,-0.25864425078345,-0.399345296330413,-0.172613010266725,-1.03131986191667,-0.792659758050535,0.0223298415808484,0.674466743661856,-0.82422775302363,-0.149328242544841,0.334668587233267,-0.181254708168968,0.368277454845298,-0.413487989908732,187.54,0.0
51467.0,1.49377149208739,-1.35032963330285,-1.53244270221455,-2.33764856389317,1.14383117016968,3.2303211225554,-1.196951157326,0.672627700714698,-1.95482519938736,1.42649070598171,-0.486765769941324,-0.935227284284761,0.303048453534409,-0.209160802752945,-0.195305779656446,-0.649430976666365,0.377055799489918,0.129723116613,0.409301251360745,-0.130113305026609,-0.233720920126001,-0.411930823525706,-0.16307706715692,1.01574431990651,0.82069592798207,-0.0537472435153521,0.00973275399234596,0.0108369930509963,61.75,0.0
472.0,-3.0435406239976,-3.15730712090228,1.08846277997285,2.2886436183814,1.35980512966107,-1.06482252298131,0.325574266158614,-0.0677936531906277,-0.270952836226548,-0.838586564582682,-0.414575448285725,-0.503140859566824,0.676501544635863,-1.69202893305906,2.00063483909015,0.666779695901966,0.599717413841732,1.72532100745514,0.283344830149495,2.10233879259444,0.661695924845707,0.435477208966341,1.37596574254306,-0.293803152734021,0.279798031841214,-0.145361714815161,-0.252773122530705,0.0357642251788156,529.0,1.0
61266.0,-0.316628691870533,0.859419289392844,1.31106178600457,0.0793835005323458,0.296825066214912,-0.560795641289455,0.545834193596437,0.0442810833494608,-0.453109949003883,-0.728211289997202,-0.0644313227537731,-0.173783637384027,-0.235567043844193,-0.295413435531238,1.17467735938643,0.113511411976833,0.307858718842431,-0.536441237337194,-0.418727370853089,-0.0628928922505666,-0.183786974567963,-0.582507972424775,0.0332621255908563,0.016315861429114,-0.324411298280565,0.0812208285337715,0.0138598867757723,0.0329230355512522,1.98,0.0
20332.0,-15.2713618637585,8.32658106147414,-22.3385905133352,11.8853128922128,-8.72133435613386,-2.32430694897567,-16.1964186599881,0.512881820424485,-6.33368515594745,-13.175198078736,9.93981974172569,-14.2254557039818,0.716033665192873,-14.0047761755606,-0.329447848153274,-8.0594194070953,-12.1220088158237,-4.79971013254961,0.686227163597458,0.993121017282391,-2.3568962794623,1.06801917704623,1.08561716724338,-1.03979707801119,-0.182006136246673,0.649920860777984,2.14924707788821,-1.40681133211222,1.0,1.0
48236.0,-0.341251185870539,0.395130750879071,1.08384553468098,-0.741592093828293,0.340538443830284,0.0631627374438809,0.383851484042381,0.0692745110427384,-1.42469476599388,0.210039464488301,-1.5470957552688,-0.867258370180692,-0.189365678372801,0.128320412348419,0.441132679363693,-1.22204618344247,-0.491771814393616,1.26361989158863,-1.85740037202254,-0.609899718326079,-0.199102488768843,-0.121576098211822,-0.184906093320952,-0.833940889647247,-0.169480558695317,-0.418578863138153,0.171245274312855,0.144247277775295,9.99,0.0
93860.0,-10.8502815883108,6.72746568826853,-16.760583409542,8.42583167857118,-10.2526968683093,-4.19217104406337,-14.0770860104531,7.16828793346092,-3.68324217370244,-15.2399619587112,8.03070840755191,-16.0603057628826,0.270529742348469,-14.9529810390579,-0.241094883743813,-11.866730636746,-15.4869899240937,-5.74865155747378,4.1300314273319,-0.646818272966729,2.5416369467068,0.135534921100722,-1.02396689219897,0.40626452579196,0.106592778669641,-0.0262323892202069,-1.46463002356247,-0.411681819907858,78.0,1.0
41227.0,-9.00135134450649,6.61328394324752,-12.4236347238918,7.51992923163014,-10.2662546389665,-2.11320754204122,-9.98428744767688,5.54194143253089,-7.38370453522347,-13.2151722995049,6.89518136811315,-13.2796997105282,0.755263578785977,-13.4170122721265,-0.210774362111057,-10.9226551270595,-21.90649321637,-8.82981976595275,1.85246698871594,-0.645393857931055,1.7758908996538,-1.22475761150578,0.0825935414630254,0.452088727391883,0.463827332847796,-0.296928065001458,0.526505578079938,-0.450890488772313,459.07,1.0
93860.0,-10.6323749061596,7.25193622855414,-17.6810718207918,8.20414440620562,-10.1665907519072,-4.51034377036334,-12.9816061559658,6.78358879797499,-4.65932958355558,-14.9246547735487,8.38914233451929,-16.4655039422141,0.33851695978655,-14.224403603167,0.556584472572111,-11.683998043525,-15.8416159780561,-5.75319975278369,3.81304079276336,-0.810146481561289,2.71535704420309,0.695602689761576,-1.13812206664164,0.459442241911828,0.386337323495895,0.522438449202614,-1.41660373652915,-0.488307035713995,188.52,1.0
55279.0,-5.75385192191905,0.577609830544052,-6.31278151817008,5.15940136394611,-1.69831984974091,-2.68328644007023,-7.93438913772177,2.37354992013064,-3.07307886895315,-7.14513662527302,6.25006758982915,-9.15082268467043,-1.37614146959781,-9.98258470738767,1.2022169675584,-7.56504249195105,-13.691474448179,-4.36686728138342,2.18142273556017,0.0175000205275833,1.17785240817647,0.175331359039045,-1.21112332108691,-0.446891081681294,-0.405520352964176,-0.165797490498776,1.50551591304239,0.359492050360598,1.0,1.0
50702.0,-1.56648592882538,0.731736884223651,0.0635450840471805,3.43347713266073,0.757454872178444,-0.0747990036168288,-0.211351449377283,0.503548975420516,-0.540469700804352,0.47900531664535,-1.32294191493398,-0.367912075994566,0.487391344895,-1.73485708415929,0.051839388856088,0.298667439424294,1.401384089892,0.742348979969483,1.2103003563417,-0.163260678247993,-0.315965346963194,0.00489934492543606,0.726051967529595,-0.564443830699322,0.234139267320732,0.35949526270374,0.45774592413219,-0.0563753917068144,7.55,0.0
63488.0,1.21693422237656,0.21867087201197,0.189303019484654,1.26034182955626,0.124213633528593,0.125507540866857,0.0483322726182698,0.020014730243835,0.325330707581488,-0.121104007914497,-1.01374176146328,0.36338139655953,-0.0166616096966135,0.0275404513229665,-0.0579453600296335,-0.568335931387698,0.066694953598006,-0.806962544237004,-0.162861134490561,-0.186491625563284,-0.141394576041249,-0.149730103349515,-0.12215811302248,-0.443378611199346,0.738417730709609,-0.278754016219894,0.040711168807545,0.00934803603946886,1.0,0.0
35906.0,-3.51902954497457,4.14086717613266,-3.62820236883577,5.50567203744754,-4.05746250583351,-0.905945282755562,-6.65203112089008,2.63452416520597,-4.67940204045465,-6.54624181523522,3.53820204012168,-8.04228514248667,1.69750938374612,-8.05104890186539,1.07045739646232,-7.39595692479141,-14.3296261567476,-4.86801023649552,2.46384303909831,0.898723234092648,1.58255593340505,0.778710245469243,-0.13570727840987,-0.00427780027496027,0.0327061591060809,0.362014053476722,0.900925137512513,0.554897499272323,9.13,1.0
68207.0,-13.1926709562391,12.785970638298,-9.90665002092758,3.32033688288942,-4.80117593230105,5.76005855618556,-18.7508891580107,-37.3534426378925,-0.391539743919107,-5.05250236713858,4.40680552357904,-4.61075647740608,-1.90948796970811,-9.07271093398351,-0.226074450896345,-6.21155748212485,-6.24814535335983,-3.14924669470095,0.0515761185277783,-3.49304991519446,27.2028391573154,-8.88701714094871,5.30360690376998,-0.639434802306313,0.263203123457008,-0.108876929971315,1.26956635541013,0.939407362758877,1.0,1.0
8528.0,0.447395553302475,2.48195386638743,-5.66081393141405,4.4559228120932,-2.4437797540431,-2.18504026247234,-4.71614294470093,1.24980325173147,-0.718326066573691,-5.3903302556601,6.45418752494833,-8.48534657377678,0.635281408794591,-7.01990155916612,0.53981407134798,-4.6498642988132,-6.2883575087823,-1.33931232244731,2.26298478762517,0.549612970886705,0.756052550277073,0.140167768675,0.665411100673545,0.131463791724986,-1.90821741154788,0.334807598686864,0.748534284767756,0.175413794422896,1.0,1.0
30035.0,-1.62832744555324,-0.635952179422396,1.7992296482619,0.411793742819324,-0.884524546933463,0.753357667386749,1.46467684663981,0.252231787270698,0.00204684710182973,-1.13044909839037,0.0107462159269481,0.0839872846877748,-1.39291199183048,-0.0515274139836019,-1.65846762659381,0.170406439664184,-0.499716206162036,0.714402201779845,-0.1441145000881,0.69144513238136,0.265618866860907,0.136857963002946,0.476087554589748,-0.0478273356469435,0.827080350138363,-0.366342564213099,-0.0777154627629796,0.0846066825511602,384.86,0.0
85576.0,-2.20763091845218,3.25907610397605,-5.43636546967173,3.68473739367705,-3.06640091036945,-0.671323195313701,-3.69617839443207,1.8222724578951,-3.04965272773018,-6.35388725151755,4.35148149710451,-6.4532473302497,-0.0614319367541572,-8.44287285721034,-0.328820639839654,-5.44079518325917,-9.5180378916264,-2.43806861829455,2.33675362049059,0.808336360421968,0.920899033968287,0.0376745089378149,0.026753977510545,-0.791488823729947,0.176492777047381,-0.136312279131778,1.08758482385547,0.373833528935625,240.77,1.0
25114.0,1.09059317708584,-0.054415008414159,1.21423123453389,1.84428757127766,-0.427766595961338,0.866735038606925,-0.592572730771451,0.200233186872375,2.49451685388702,-0.803750075742174,-0.407587302833855,-1.41338843006226,1.86925348418561,0.586694209559843,-2.46107528685677,-1.0900117901652,1.35158196561293,-1.0141744865052,0.100955239278943,-0.194070024732844,-0.579125490529552,-0.941480994556593,0.0385639861586675,-0.327458780686154,0.461935622353954,-0.528445179258991,0.0651779784741451,0.0212359500855625,19.89,0.0
77086.0,1.07085846625996,0.186117435455424,0.525802831784438,1.4877174309882,-0.233670105078042,-0.324050291564444,0.207190982428879,-0.114887692436915,0.0796044135179319,-0.178309591006883,-0.0367934066742135,1.28695481164032,1.03753465411197,-0.148882773989782,-0.246837787891738,-0.870380077495682,0.313415388779875,-1.22638023721422,-0.510550168611346,-0.0469186807590092,-0.0438446056764884,0.0837743808920858,-0.0691289729025663,0.456279190844366,0.64735043002519,-0.34105599234461,0.0412435329103844,0.0284398606015041,45.6,0.0
35641.0,-0.905617380777253,1.12370544993745,0.921499377789683,0.826021422443594,0.0145479951536164,-0.219043476241603,0.266730468114392,0.570994326349319,-1.0114424976579,-0.136356465641815,1.47176261799806,0.987828670305892,0.137403176895618,0.838860534477472,0.504527288992988,-0.372264990941922,0.0713830528178754,0.110145089850116,0.2403215304482,0.103558331119602,0.273319904012905,0.740479715149932,-0.0237424949585908,0.242122150780371,-0.288353723773907,-0.318455361867389,0.303056050986126,0.124988705967998,26.56,0.0
103808.0,-4.51734375344642,2.50022390414582,-4.01392753708116,1.18945163355882,-2.48686063585833,-1.41347553285281,-4.24570662259591,1.26508694822894,1.16882778968781,-4.51390660472333,3.69471123994721,-6.11044323287235,-0.110521636054475,-4.18455528093394,-0.93103463417672,-1.61471832598223,-3.35318018239636,0.236762036968587,0.0038960221310578,-1.05616226010439,1.32694422202396,0.102998961106284,0.508166904438541,-0.278017536127694,0.139721094971637,0.0646100247346309,-0.972358289293076,0.351359561196795,2.27,1.0
58642.0,-0.451382569628168,2.22514650025341,-4.95305045271638,4.34222824814605,-3.65619018970243,-0.0201214656089607,-5.40755361778584,-0.748436141338482,-1.36219775131112,-4.17062288702767,3.76230638231684,-4.22622469486547,-2.04669403006077,-4.71049793587464,0.217572360008267,-4.73908378383857,-6.13188675183675,-2.42587063860491,2.31416486951171,0.724381267691587,-0.575924092076688,0.495889440695266,1.15412793921228,-0.0161857864909953,-2.07992826296301,-0.554376906341192,0.455179270612071,0.00132065645985432,113.92,1.0
34521.0,1.08123377540659,0.416413936043849,0.862918740651629,2.52086280678918,-0.00502050005851413,0.563341022808024,-0.123372251574041,0.223121852791809,-0.673597550149872,0.644549730341658,1.1205051770709,1.23777331256672,0.342362114422749,0.0383719793321978,-1.19450308848281,0.0854063439558358,-0.219143226460215,-0.694259215394403,-0.655269928208246,-0.16524877677618,-0.159387123973102,-0.305154013019185,0.0536197364326817,0.0117614442207135,0.375145782072105,-0.106298753298543,0.0210082653765087,0.0105592082435436,1.52,1.0
34827.0,-1.683695609624,-0.752531295063319,2.16008590203414,-0.99761572090452,-0.749080548474822,1.08482783022082,0.37784648571082,0.474788555780624,0.540821756336991,-1.08463704577233,0.940945866537888,0.222547815723947,-1.75652663530533,-0.207378101792476,-0.818960252240042,-0.15408568608578,0.327903563402246,-0.830144319438838,-0.366834697181021,-0.201874202857201,-0.118547081344397,-0.228012581802184,0.0150782976459672,-0.230183324672142,-0.137707916927645,1.25487960351318,-0.0236861542517896,-0.00276389976592437,250.7,0.0
41273.0,-11.6822148930584,6.33288209288301,-13.2971092469499,7.69077191542072,-10.8898905208867,-2.79236003834138,-12.5617825809497,7.28712220991134,-7.57032240879292,-12.8357376825339,5.80470785195987,-12.15623949431,1.18498466280471,-10.4686770874209,-0.41674319706657,-10.999792348619,-22.6088681905866,-9.49874592104677,2.10273540686125,-1.00931993766307,2.13345628394787,-1.27150896701449,-0.0353038871622371,0.615053695038953,0.349023768265454,-0.428922796793546,-0.694935387398427,-0.818970428930229,173.07,1.0
26623.0,-0.578904098331237,1.17981172475776,1.63199727923201,1.14534601687055,0.480773215347071,0.150822687059952,1.09354457304847,-0.42320609551335,0.106153866395696,0.707491405184542,-0.236874724237314,0.51829589406048,0.802408166951698,-0.709492813892815,0.193226394369044,-1.46216903015025,0.347897365258763,-0.88521608919719,0.699188867453218,0.429110155971469,-0.148101530718797,0.382487029189688,-0.241689737315528,0.124367262937819,-0.0713896652510919,-0.291613483078305,0.0870387093479784,-0.174735946864005,17.18,0.0
7519.0,1.23423504613468,3.0197404207034,-4.30459688479665,4.73279513041887,3.62420083055386,-1.35774566315358,1.71344498787235,-0.496358487073991,-1.28285782036322,-2.44746925511151,2.10134386504854,-4.6096283906446,1.46437762476188,-6.07933719308005,-0.339237372732577,2.58185095378146,6.73938438478335,3.04249317830411,-2.72185312222835,0.00906083639534526,-0.37906830709218,-0.704181032215427,-0.656804756348389,-1.63265295692929,1.48890144838237,0.566797273468934,-0.0100162234965625,0.146792734916988,1.0,1.0
54101.0,0.875391045553328,-0.655182206050687,-0.0418458296345637,1.96877562368605,1.46098830929968,4.91133638374968,-1.09347820554663,1.25351362405629,0.586164177360882,0.257892606301035,-1.3182375551641,0.356241046877929,-0.30927800427021,-0.770159613301653,-2.0379224264512,0.132517300040974,-0.223470838449928,-0.270363345501567,0.137114362764148,0.198976163501349,-0.281236733646452,-0.853574440442211,-0.116815101696395,1.01568572872826,0.519171978961713,-0.0580913083920209,0.0368017473399265,0.04926753395238,138.71,0.0
41870.0,-20.9069081014654,9.84315322329519,-19.947726046163,6.15578864849515,-15.142013159868,-2.239565648142,-21.2344631540976,1.15179506554623,-8.73967037069304,-18.2711681738888,4.67734929657245,-9.58356643737056,1.03516582361622,-8.19969002891841,-0.32651888245129,-8.37643882097816,-18.4854603221489,-7.58997395860914,1.1266403652792,0.396654845079575,-1.97719619445615,0.652931885295435,-0.519776859411322,0.541701730134149,-0.0538607606750096,0.112670774311131,-3.76537100922261,-1.07123831223447,1.0,1.0
59011.0,-2.3269223698887,-3.34843873033788,-3.51340796089061,3.17505971028128,-2.81513703435586,-0.203362788049123,-0.892144430418318,0.333225702638422,-0.8020052289805,-4.35068531246963,3.06424584128211,-2.71873063246571,0.0687877027069899,-5.58687312563725,-0.966076477695954,-2.50204941657576,-4.46049463214891,-0.870525745045081,0.595629103995644,3.20917094389277,1.22664839880046,-0.695902072928095,-1.47849021051453,-0.0615525997443275,0.236155012156618,0.531910616094765,0.302324354380578,0.536375347733134,1389.56,1.0
68357.0,1.23260446981971,-0.548931183157109,1.08787266901823,0.894081819978967,-1.43305489904701,-0.356797142170886,-0.717492197160233,0.00316653108995309,-0.100396732730679,0.54318725600578,-1.03941706835478,0.285261608751792,-0.206006567752438,-0.498521775750102,-1.06410845071827,-2.1560365431533,0.564761098405632,0.837856659648528,-0.728989760343786,-0.576274061414969,-0.448670516618872,-0.517567967949267,0.0128333352729761,0.699216728009832,0.527257980520248,-0.322606503047991,0.080805437438631,0.0354271820131481,19.59,1.0
2601.0,-0.72957399202471,1.34052657040271,1.49485784279067,2.16840324878608,1.53789723313551,1.49698266444929,0.824215560007208,0.37098826787091,-2.06183029451996,0.229519959456455,0.526884984269229,0.301565891279398,0.748515569930496,0.438398084909854,1.60826310529423,-1.47809876631286,1.09861041352968,-2.25202524176311,-1.25016487495773,0.0038629677497319,0.182614697510851,0.655514314763297,-0.250341746366205,-0.929852463323301,0.232541141874344,0.374743793253952,0.101489893588441,0.0563642531909779,4.58,0.0
93853.0,-5.83919161928092,7.1515323543223,-12.8167600806187,7.03111476501099,-9.6512721679897,-2.93842725771624,-11.5432071690832,4.84362653179436,-3.49427572506535,-13.3207888671784,8.46024444901677,-17.003289445516,0.101556614891384,-14.094451660329,0.747030766392512,-12.6616957230679,-18.9124938172188,-6.62697484523061,4.00892074227194,0.0556838813863639,2.46205591127559,1.05486518382957,0.530480596078193,0.472669814042592,-0.275997967880675,0.282435024801752,0.104886020210564,0.254417096767513,316.06,1.0
81176.0,-0.271012984905731,-0.977955410827798,1.87875070315474,-1.65634467348344,-1.38142294488645,0.392010823761128,-0.154300554979408,-0.0355208888850416,-2.44905560719093,1.37296806543115,1.40378769489064,-0.575298887516126,0.396915132947148,-0.464221186686658,0.532456800936785,-0.63739565897326,0.548820633141476,0.428917478377898,0.393220008040744,0.202881882690358,-0.0387554680763663,0.162523123604768,0.403213782129771,-0.0435081985186444,-0.774199680848462,-0.343034688183647,-0.00461403466844275,-0.0606163236477127,156.9,0.0
18127.0,1.05094301328163,-0.321065044158375,0.757820281014854,1.5340960501467,-0.0197260313712598,1.74208498082404,-0.745398163795496,0.463527390278866,2.46694577581008,-0.616766405772806,0.209123939588871,-1.6404586911777,0.859896991478627,0.951344568772695,-2.96364401026248,-0.546146280807343,0.802002939296017,-0.0506230463161854,0.763613236193414,-0.152261939998385,-0.5850171935779,-1.12069114719465,-0.11504797203604,-1.42441905946889,0.514930755101556,-0.483217737403712,0.0464453275761816,0.00437556834486913,54.13,0.0
89652.0,2.0010699673458,-0.0382457431927276,-0.694089893086941,0.627327909638171,-0.596296957420493,-1.72992803126663,0.188653054075088,-0.380297563884395,0.511534432923746,0.078439196944147,0.0219910187264787,0.624001136258032,-0.297462417787939,0.369551898069634,-0.00285468679715173,-0.355932300543039,0.0480120591190174,-1.13578939727043,-0.188513478371294,-0.268306958332003,-0.23350493014793,-0.551078823775376,0.453779495975436,0.925411288874177,-0.42407585302771,0.141384465218668,-0.0707330839138206,-0.0514857652469398,0.89,0.0
110547.0,-1.53281036094493,2.23275183861699,-5.92310007493809,3.38670841159996,-0.15344334000728,-1.41974768064009,-3.8785763388613,1.44465586239817,-1.46554214173397,-5.20833459337633,4.54630106888309,-7.76119403219115,1.15954032168956,-5.23161145654992,-0.171642119460071,-4.71982949844975,-4.84799196061678,-1.13432874514983,3.52773827223549,0.520839865969216,0.632504705856676,-0.070837950713368,-0.490291315112446,-0.359983126080465,0.0506775325943162,1.09567132878655,0.471741401676933,-0.106667140739625,0.76,1.0
59284.0,1.1177813643819,0.258176815540969,0.478351810581916,1.00607926188786,-0.143770207656996,-0.205290075955942,0.0177999592978836,0.0213950325964778,-0.344073265452774,0.10658101928006,1.82724157518697,1.44020543447709,0.664141530447404,0.418699982636086,0.430266446037008,-0.0822232812506608,-0.399871578720743,-0.173098602320572,-0.574728479877341,-0.0967388486679566,0.179079785788662,0.582347897434027,-0.0879724965810805,0.263417519512356,0.572428971953609,-0.300932054372814,0.0356176289722639,0.0139549742109568,14.9,0.0
27252.0,-25.9424344479142,14.6019980426299,-27.3686502881266,6.37839460769688,-19.1040334039646,-4.68480620428185,-18.2613929340355,17.0525663121462,-3.74260500983864,-8.233721369876,4.6648362538527,-6.52566786025865,0.92375858946558,-6.32597461208273,-0.0702237027595964,-5.83836021908828,-12.0616957125199,-4.77334851403019,0.852969608454831,1.66730429040185,1.78431598423494,-1.91775921336107,-1.23578743924962,0.161104731783341,1.82037804128869,-0.2193590586868,1.38878576213598,0.406809649908512,99.99,1.0
65180.0,1.1157277019189,-1.07599106040847,0.633477809279125,-0.655356756017664,-1.06874016487744,0.524205972664125,-1.04866516806383,0.367669470539453,-0.460080227776077,0.611242276291662,1.44099116597965,-0.208943781214142,-1.13643906829372,-0.00482684233240295,0.0766518710716474,0.61892345414827,0.812956517602601,-1.60824644777758,0.188090093340317,0.0763274924170606,0.302172102338597,0.742218211047224,-0.0715278524301448,-0.27777015137698,0.265391099531661,-0.102726462807939,0.036093201193826,0.0116020926561181,80.0,0.0
40086.0,1.08369268125484,1.17950120574809,-1.34615039129229,1.99882440095464,0.818034176163642,-0.771419407716543,0.230307373480955,0.0936831311994367,-0.167594341704434,-1.95980925751416,2.80433477984687,0.312424168769405,-0.595976467281167,-4.66257695501824,-0.299515020029103,1.00141391934549,3.90282478361756,1.61960922680862,-0.888087464222472,-0.0601585380014646,-0.311999618117422,-0.639699711353317,-0.120249014807271,-0.180217694458199,0.609282565276013,-0.339524442352566,0.0967012906089022,0.114971915513805,1.0,1.0
65757.0,1.09448568555916,-0.0716069635654362,-0.0560168382997611,0.606936062324064,-0.179503043011897,-0.734678700384183,0.345946285744818,-0.295770918878512,-0.0793557959303016,-0.0978393112939614,-0.640981276642369,0.41814276761731,0.923739181981176,0.176352571046629,0.901864579663502,0.25507597372405,-0.575749714080114,-0.239930214076587,-0.0532068325185101,0.18242861932259,0.0418983198550044,-0.0530257295485883,-0.232628859082494,-0.0490823166231476,0.57992181244603,0.414221167418001,-0.0580417517638936,0.0251984896613822,114.65,0.0
70828.0,0.196706751987779,1.18975728641634,0.704882217511495,2.89138777331251,0.0455553693851548,1.24573045976205,-1.19871420021049,-2.42161641083942,-1.23208864617238,0.324238886093679,-1.27393508028395,-0.868686295319925,-1.18194465496857,1.0275841718551,1.68813234484864,0.256215978185418,0.120608339589106,-0.0523460171330233,0.329826631850516,0.646616407050903,-1.32813178943378,0.189310618105111,-0.00552418359572104,-0.814707739467747,0.400924279960331,0.286281378755055,0.135214945600326,0.257314769060283,0.76,1.0
86773.0,-0.258270238120476,1.21750145881185,-0.585348336980176,-0.875346547761171,1.22248109445085,-0.31102652428356,1.07385963518353,-0.161408468042856,0.20066502614308,0.154306750501054,0.88267348763024,0.547889913366208,0.269483949869989,-1.25330222237431,-0.883963370596502,0.495221115330117,-0.15321188173983,0.296709580106742,0.136147541511048,0.382304805346706,-0.424625641651046,-0.781157584449448,0.0193156993999902,0.178613716198862,-0.315615909944833,0.0966651031999488,0.26974027942159,-0.0206346191522653,10.78,0.0
54892.0,1.33579400520403,-0.423921821490884,0.281433619417426,-1.79869841079602,-0.553661592485917,-0.151961440179278,-0.621091858489531,0.0701030257876602,1.36136946346421,-0.917290612235405,0.627073406951156,1.19620365456003,0.782999473328193,0.0633117332648612,1.39980078145883,0.413927856823704,-1.03342625844342,1.00565352798887,1.25463473567193,0.00677447258166137,0.00246479006575614,0.136396328958179,-0.154226621809053,-0.772836322693596,0.455271180717893,-0.00756491603854034,0.0329872137894699,0.00521187083420847,0.05,0.0
96291.0,-3.55217282034342,5.42646054559111,-3.73181031980956,6.67906180701896,-2.18754337884152,2.43394023761172,-8.74811035885579,-12.1082840970182,-2.8563585144669,-5.66586179854092,2.54083553206878,-6.14705358343033,1.79689064160126,-4.32898899462283,-0.150037374792615,-1.83900466547168,-3.35463814070962,-0.282307261175205,0.148592393859995,3.79266672675409,-5.68899027177143,2.51097955615894,0.953932861684676,-0.542506228224687,-0.620152015985956,0.406012866709306,0.0230251633862463,0.164740605977244,33.59,1.0
21046.0,-16.9174682656955,9.66990017304097,-23.7364434105216,11.8249902296814,-9.83054822917941,-2.51482887310345,-17.2906566748216,1.8204078670595,-6.26490348784789,-12.9166361091709,9.56711029521397,-13.7170673789468,0.899540705915631,-13.2729650621928,-0.402260044266312,-7.75409405936683,-11.6446032058862,-4.74130270962407,0.58462597267458,0.996745095162688,-2.33611095619483,0.972754726208974,1.24186581168063,-1.05108624820763,0.0380090796054737,0.672317065099677,2.10847085205046,-1.42124325273233,1.0,1.0
102625.0,-4.22122078925031,2.87112058054735,-5.8887158872207,6.89095207502484,-3.40489435037622,-1.15439396843915,-7.73992801001653,2.85136330092288,-2.50756869395709,-5.11072764247853,5.35088988417692,-9.29980722738699,2.79314035729228,-6.10655192524523,-2.10694702580884,-6.25062921491661,-13.5663252216994,-4.19278019670633,0.510570181831806,-0.227881506131312,1.62059124560534,1.56794700869044,-0.578007459600926,-0.0590448081819941,-1.82916881940751,-0.0724287202294822,0.136734308772186,-0.599847542493268,7.59,1.0
34684.0,-2.43923696855219,2.59145816263611,-2.84012564998452,1.28624391005241,-1.7770161908324,-1.4361387710222,-2.20605624197635,-2.28272485775905,-0.292885036315821,-3.71744992918956,3.90739912775712,-7.22000368560677,-1.21173934568755,-9.6576265944335,0.927517899548728,-4.73866234284944,-9.27663556929158,-3.08196108095709,0.17774563450317,0.513529864634298,1.77446009213068,-0.771389807551225,0.0657267026225069,0.103915744896627,-0.0575779255552146,0.24265246086543,-0.268649222026483,-0.743712586038479,125.3,1.0
92189.0,-0.0536452891262762,-3.71671740393773,-3.44960913504435,1.76552312573445,-0.705421899763522,-1.03321078945269,2.12181230312606,-0.997087578973551,-0.115353920976017,0.295534803465455,-0.252726980978706,-2.88253301267148,1.41201767245828,2.55317584859256,-0.983346335609948,-2.25907533100856,0.866366563845587,1.37791708677233,-1.67061203808424,1.59557479981436,0.49666291124972,-0.324569964571824,-1.1597371388989,-0.0902101048963617,0.294880159399547,-0.348148057402692,-0.276012910570033,0.121450348621059,1175.63,0.0
8408.0,-1.81328048476897,4.91785071056565,-5.92612969400656,5.70150043141163,1.20439257214362,-3.03513754815611,-1.71340206347108,0.561257390902032,-3.79635425171163,-7.45484065078351,7.38805512292025,-10.4752286504099,-0.379314526756117,-11.7367291212569,-2.08698895215593,-2.44235398293755,-3.53552351168246,0.130360306640887,-2.07145048844325,0.576656033332069,0.615641835107552,-0.4064272753179,-0.73701807643754,-0.279641772215917,1.1067663744335,0.323885477719453,0.894766671515833,0.569518600269514,1.0,1.0
12597.0,-2.58961719821269,7.01671438495857,-13.7054072869097,10.3432280604117,-2.95446103475574,-3.05511578527804,-9.3012886151434,3.34957336071614,-5.65421202641103,-11.853866972601,11.6692047358121,-17.2286622386187,0.0555715664836118,-18.4937733551053,-0.304172113519045,-10.6294973901353,-14.4412111342765,-5.10548646597228,1.2702262705049,1.48885519236896,1.88773772551451,0.333998184533223,0.28765904061745,-1.18640640906644,-0.690272670076388,0.631703772210546,1.93422076005943,0.789687172212655,1.0,1.0
68207.0,-13.1926709562391,12.785970638298,-9.90665002092758,3.32033688288942,-4.80117593230105,5.76005855618556,-18.7508891580107,-37.3534426378925,-0.391539743919107,-5.05250236713858,4.40680552357904,-4.61075647740608,-1.90948796970811,-9.07271093398351,-0.226074450896345,-6.21155748212485,-6.24814535335983,-3.14924669470095,0.0515761185277783,-3.49304991519446,27.2028391573154,-8.88701714094871,5.30360690376998,-0.639434802306313,0.263203123457008,-0.108876929971315,1.26956635541013,0.939407362758877,1.0,1.0
70768.0,0.913242159949583,-0.901775787168665,1.08109686083968,0.299113169657687,-1.49826515896461,-0.176322666394427,-0.684873090904995,0.237711170874207,1.13976754738335,-0.297965604790413,0.839448639240352,0.55700963809736,-1.59256822194105,-0.0260303826908312,-0.842375168247558,0.101185639855683,0.0563404117269726,-0.00578428932009231,0.648145122563392,0.0847800136103144,-0.110369940396647,-0.447202625177826,9.84151897594697E-4,0.575879567580236,-0.0166061528936775,0.904330370574777,-0.0702215757382322,0.024629452252573,132.56,0.0
93920.0,-12.3810482122443,8.21302215295327,-16.9625296493409,7.11609059812684,-9.77282635905051,-3.66683564785878,-16.1473633736285,2.07870595319163,-4.25065683444105,-16.7460441053944,7.42580096307482,-15.5648376012203,-0.426338420425742,-14.0295376738875,-1.68188923012087,-11.1337609764854,-15.8335888785336,-5.74853293843859,2.27108150670047,0.53779490001906,0.1677033350947,1.5034133341063,-0.767755381526479,0.371951476263823,-1.41563947948017,-0.517022160118675,-0.434620522533755,0.292721057342818,97.0,1.0
51022.0,-1.34118910953392,-0.310101771030559,1.59880768333175,-2.6299124635629,-1.34663295589986,0.890878362952007,-0.941737891015726,0.574252443548276,-1.91924200867394,0.697152575077499,-0.624788710755069,-0.334731598744168,1.02420408615072,-0.893215486809293,-1.46027773101767,0.356502836139199,-0.117072860216094,1.02265601203592,0.225105211521743,-0.499280708180987,-0.171807007822808,-0.194690056027716,-0.398984821909694,-1.00396611488921,0.409891729534579,-0.248947791056423,-0.375916556900618,-0.0344653577176025,75.0,0.0
74521.0,-0.641963141980484,1.22150281910996,1.28537605780387,-0.0244096494873365,-0.160325697260926,-0.635892201383435,0.272909771599173,-0.665436006919293,-0.4518463840165,-0.242822746090321,1.49298668875143,0.214659129415762,-1.01038733377424,0.00219566081878697,0.269401118860682,0.571581018082953,-0.048429242872144,0.424389947556486,0.112811998978838,-0.113710651468229,0.552033586450926,-0.880381376658384,0.119209371844466,0.443138506537645,-0.23284672221043,0.0514648448888988,0.271974627216469,0.0952989231086464,2.69,0.0
50335.0,-1.81541589752143,1.12166008404362,2.00960832558367,1.51612856963638,-1.13674356767084,2.18902433229089,-2.17342431044093,-1.49393585692388,0.538975295844004,-0.771108995527772,-0.104196997530246,1.55310383795841,-0.265043836409005,-0.321357631327364,-1.79578090503326,-0.750595925363782,0.883327008525444,0.273024222707922,1.18495223898669,0.604208582605935,-1.15351527708145,1.15993090557274,0.0511781399987048,-0.26310251544267,-0.155759969385761,-0.113256523481349,0.0974749438547327,0.110011398913437,5.5,0.0
76513.0,1.24230094172485,0.17541069615061,-0.270470178756078,0.348659691538348,0.244261941842289,-0.358028417149485,0.279118167928274,-0.149897305311007,-0.396687945053648,0.12146008113275,0.744652250276325,0.917417669701428,0.671946672382259,0.455057752953119,0.0921011567828877,0.414741097959723,-0.870468876386866,0.214497873003319,0.475876663583233,0.0230140418187124,-0.0360416965366031,-0.140311615232123,-0.207255613483996,-0.444047197366423,0.65817137629571,0.396414720299506,-0.0585339696926292,-0.00628433422286696,33.82,0.0
74951.0,1.25293163546227,0.0660686071091451,0.640318109372197,0.0956049012694376,-0.660008783451517,-0.95367094579391,-0.0911670396491517,-0.239558820250886,0.118974865635504,-0.195809764930573,-0.0177823308090442,0.919139645022015,1.48452004966092,-0.136798731325843,1.06144910598986,0.384234819634595,-0.462479518466082,-0.578144193447781,-0.0527820676710568,0.0435652533054615,-0.109745640877876,-0.271249009327664,0.0688771155912158,0.463571623128323,0.162430252075774,0.867381992487303,-0.0621124422934959,0.0153303625033819,15.25,0.0
55618.0,-7.4279242314783,2.94820920837905,-8.67855038407896,5.18530347959595,-4.76108997261691,-0.95709501604379,-7.77337978477431,0.717309273781191,-3.68235923846278,-8.40315026242229,5.70520550718269,-8.6407464115182,-1.60292501896209,-9.46613912320431,0.137324186945341,-7.30324272860725,-12.4480392359586,-4.33283424125087,2.35202964025176,-0.123085015912889,-0.299847070706951,0.610478813685703,0.789022761446755,-0.564511939509452,0.201195825477742,-0.111225430586455,1.14459850910478,0.102279545438297,130.44,1.0
41116.0,-3.60054350412378,4.51904694695796,-6.34088353532231,6.21476727765717,-5.829557636648,-2.4780949557906,-9.93841155861772,2.83008605053969,-5.65916161145799,-11.2981564915382,7.2529532268294,-14.2750918465127,0.18890328374228,-14.5559572107641,-0.338288547453357,-12.1465401437589,-25.1627993693248,-9.04284515066473,0.787578807808201,1.38474276211824,2.26377035551642,0.620749345000528,-0.094068667085379,0.536719087381271,0.398142307216228,0.00827658674987802,2.05352425334029,0.835749002954128,3.79,1.0
92092.0,-1.10847821852891,3.44895257232738,-6.21697180605649,3.02105161812575,-0.529900931709915,-2.55137517507643,-2.00174290819286,1.09243237369483,-0.836098368778531,-4.09564897273592,2.42595071598052,-6.06726194524698,1.83243272022382,-3.50170251648822,-1.00400820464185,-3.5012811030282,-2.941876323532,-1.12574106196719,0.37371480785248,-0.0685983809223332,0.825951491439622,1.14416978988846,0.208559481945769,-0.295497424488562,-0.690232196243341,-0.364749075788586,0.229327220125504,0.208829891689567,18.0,1.0
57027.0,-2.33565492855671,2.22537994112476,-3.37945038583039,2.17853822878821,-3.56826371512658,0.316813583664713,-1.73494800330036,1.4491394338594,-1.98003348126993,-5.71150474047788,1.83721490161197,-4.5403416445233,0.747845860345767,-6.28431406964108,-0.128887216546494,-3.5632394063049,-7.36832064555377,-2.69295315786876,-0.450550113544917,0.274027122680488,0.78554012192761,0.29741198434836,0.308536146370564,-0.598415746387816,-0.121850330815637,-0.491018310202025,0.701606041424924,0.206966343288918,444.17,1.0
67519.0,-0.997887316640293,1.77438743920432,-0.388146379387348,0.472506014409399,0.540233455108905,-0.185041770016318,0.907300135433401,0.0298765503692573,0.0685361411952389,1.74732179977717,1.28490544846288,0.841398247389993,0.310773973664219,0.242392948118563,0.292874492111549,-0.687689044770054,-0.337039963875357,-0.0987249118661944,0.318556956727017,0.567623071668756,-3.34004015598799E-4,0.753051696564723,-0.0425646852238386,-0.291646037780457,-0.590489310943731,-0.41995822862003,0.454559185542543,-0.0701664377779031,22.9,0.0
37447.0,-2.0792039971218,-1.66564599326328,1.72368782758767,1.0214052379569,2.84634448774089,-2.24719184355336,-0.558921522576714,-0.14499450694808,0.0150634822800862,-0.269909243449685,-0.807654022694754,0.788080489964066,0.77457612896693,-0.376509511860094,-1.01071348088236,-0.488129321393945,-0.383788970128745,-0.496291329714558,-0.509588740847836,0.577886742325227,0.156543008536493,0.0855328170800433,0.24184875335565,0.411328542404131,0.0436112560693006,-0.593248509748704,-0.0967759001291031,-0.017073054884473,1.0,0.0
120550.0,1.9461317940035,-0.632943786114407,-1.57351882964253,-0.813163002608459,-0.0959477504190911,-0.855922480301457,0.139871711756676,-0.220295588602046,0.90370376757226,-0.246096342054823,0.518674740345814,0.972410363084032,-0.337203327309729,0.505132670492285,-0.534115655638023,-0.191499065479111,-0.445557923158729,-0.196002234806757,1.13709487480559,-0.0437001820861161,-0.190804225968114,-0.561821700808622,0.142134227833353,-0.457515540594859,-0.212981448776269,0.446742064029571,-0.105256293549079,-0.0709178491530476,79.9,0.0
27219.0,-25.2663550194138,14.3232538097233,-26.8236729135114,6.34924780743689,-18.664250613469,-4.64740304866878,-17.9712120192706,16.6331030618556,-3.76835097141465,-8.303239351259,4.78325736701241,-6.6992520739678,0.846767864669643,-6.57627643636006,-0.0623303798952992,-5.96165987257541,-12.2184817176797,-4.79184198325342,0.894853521838799,1.65828884445902,1.78070097046593,-1.86131814726914,-1.18816729293127,0.156667050663465,1.76819198236914,-0.219916008250323,1.41185477685432,0.414656383638367,99.99,1.0
56149.0,-0.684972842539185,0.244065294930175,2.17080665912834,0.930257093198226,-0.917731499001638,0.467988329096422,0.722268844827452,0.145984946669765,-0.101363515530068,-0.750228643151372,-0.172559158299015,0.736972664074098,1.04703589953063,-0.522498225056565,0.493190568741229,-0.204147512782961,-0.0864950962048037,-0.246616839595965,-0.879357353722652,0.349977613479798,0.365677449564734,0.947331425309693,0.261359998383018,0.428557991845149,0.0648333609551125,-0.282817583181267,0.0527607361163128,0.0570101338519497,191.0,0.0
40315.0,1.12824046014993,-0.984932929347865,1.30574556198731,-0.733983510808165,-1.37063340866816,0.811883151236186,-1.43136020707613,0.41011392021103,-0.602178229222682,0.66065040801061,1.69547604944841,1.13020447217845,1.23307067072438,-0.309054572207703,1.2107591719522,-1.05167435163659,-0.084994352793459,1.11716682824599,-1.62381698936436,-0.369524104457912,-0.0249517948802796,0.433834475901161,0.0820332866967884,-0.211217712694453,-0.203718776890693,1.1498660976768,0.0259779028873289,0.018791127825079,45.9,0.0
64585.0,1.08043336974687,0.962830680816555,-0.27806547765439,2.74331806279958,0.412364075681078,-0.320778352962878,0.0412895489552235,0.176170299597767,-0.966951551053629,-0.194120466505581,2.14005681553663,-0.276308752749667,-1.19130573752489,-1.88027540328199,0.398271956336376,1.36743302249318,1.52266169956075,1.02631748255981,-1.57707047840184,-0.172658644566365,-0.00899617409257402,-0.0570361435998535,-0.0536915092211487,-0.0263732767799466,0.40029973123052,0.0728277709127376,0.0270429343018625,0.0632375727147923,0.0,1.0
39141.0,-0.00585746776495769,-2.36387816153611,0.395488696409172,1.17096243723529,-1.87734533081699,-0.179593686040617,0.116618739916611,-0.141772547400355,-0.892513396714764,0.498560915939684,0.0351878662617439,0.158139102841339,0.406966585285692,0.166320900653161,1.36008166209295,-1.41185509246985,0.133747560902181,1.04615271176184,-2.1494286545471,0.720598799063587,0.204520282701518,-0.317137954722662,-0.452499854215176,0.594128069290296,0.00995942215892434,-0.370336333096955,-0.0337823211336913,0.150606532700116,646.0,0.0
76476.0,-1.81860775471536,-0.251013956037035,1.36113643939497,2.16770386933924,1.92762602675589,1.69194352543827,-0.098040125077002,0.659386276301853,-1.29408287983777,0.75746416738953,1.70785741296448,0.338765816899316,-0.455935954070307,0.514439792591318,1.24427542557728,-0.491302644039083,0.391937988706844,-1.49974908657034,-1.10681881541167,-0.673618498415642,-0.129548928598422,0.20664417408365,1.0667450173184,-1.39972833331425,-0.784885718440341,-0.108790908766558,0.210954471704891,0.0122128954518827,0.75,0.0
91502.0,0.0073790751145725,2.36518252886777,-2.60028738169342,1.11160176466249,3.2764413263667,-1.7761407852846,2.11453088108345,-0.830084106599812,0.900489974281822,-3.37617706712688,2.05681205985716,-3.9842567303491,1.02196791340796,-5.96790496861639,-1.15160831490592,1.67973960141233,5.58611468683053,2.78913115591619,-2.24107485298106,-0.00638849728163087,-0.563944162060269,-0.902099515410175,-0.404382448597275,-0.0129439005065412,0.589836154947909,-0.734449052212668,-0.447529183217452,-0.362374775122343,1.0,1.0
54924.0,-17.400945107844,-18.2407529282164,-3.97139572898138,4.81738098793414,1.45752413041534,-2.33498326624748,2.28579117802422,-1.44646390823072,0.184893710376253,1.80530915754296,1.49522484979744,-0.811453559191488,0.509521266316833,-0.662218248913406,2.03753531803894,2.42282902684903,0.192685874248086,-0.882244474230229,4.8910624409521,-9.51498133218725,-3.45485172478379,1.866280169898,7.09132945325793,0.444013444688055,3.11352043954337,0.755571789825604,2.27942983745398,-0.196384737334203,481.02,0.0
11131.0,-1.42662331260887,4.14198623236944,-9.80410344235714,6.66627300324451,-4.74952679326515,-2.07312900595144,-10.0899311630826,2.79134529885187,-3.2495156171301,-11.4204509744097,10.8530116481991,-15.969207520809,0.546690084634152,-14.690729133641,0.91233739988339,-12.2271892780267,-18.5873662058916,-6.92076186060174,3.16699890688552,1.41067765264616,1.86567876848945,0.407809281593599,0.605809354312964,-0.769348118123441,-1.7463368287861,0.502039516709683,1.9772583297728,0.711606531209485,1.0,1.0
68952.0,1.11706780209195,-0.098310144371706,1.33200187218999,1.33813035042429,-1.10318522785991,-0.0925747534855653,-0.751530680575908,0.275856046008575,0.642228512897563,0.129650713624756,0.94578559128601,0.389896351253762,-1.33925651617586,0.207200836997836,0.00929907119082838,0.481097827437824,-0.522412456454544,0.789110312088601,-0.262851973032434,-0.22343535904481,0.170974739232601,0.578040372987864,-0.0560536053193944,0.515574487735783,0.405677774589025,-0.26739069851153,0.0566289380701832,0.0241587061707845,1.0,0.0
26833.0,-20.5327510764355,12.3739891389716,-23.0090029136283,6.14482097803751,-15.5872960035928,-4.38449066917613,-15.9390026942523,13.696416119399,-3.94845491908543,-8.78972336330438,5.61234710799626,-7.91442236630349,0.307819968365149,-8.32860088836825,-0.00697929458963793,-6.82452417207669,-13.3160791903173,-4.9216120866876,1.18820420779718,1.59275393136331,1.75460760918813,-1.46611525253641,-0.85677863566488,0.125776576475404,1.40258698975375,-0.223754856770293,1.57424873519633,0.469200693158523,99.99,1.0
97121.0,-17.9762660516057,12.864988563015,-19.5750661905691,11.3451198184298,-13.9986456031027,-0.35489996091484,-23.7834698823143,-4.87235340557097,-8.50428479375643,-16.6011969664137,5.56925817499418,-13.9322487527403,-0.204854827407058,-7.58102324741972,-1.01361239001659,-9.01481328062598,-16.0920320589503,-6.05014766257303,1.66102935873752,2.41992113013135,-4.30043186631826,2.8657718597682,1.48930201538756,0.386039288843108,-0.232391836340479,0.413826703027495,-3.25598090607432,-0.538963227046118,8.64,1.0
35953.0,-4.84437152213983,5.64943864783758,-6.73039574613665,5.25284201867297,-4.4095661499774,-1.74076745609347,-6.31169852901067,3.44916731253577,-5.41628435913526,-7.8335555711125,3.6573495649865,-7.7814479532704,1.50772042676786,-8.60475886835984,0.0105926875670707,-6.55397325691037,-12.6243936527694,-4.98990973846596,1.64541389333247,0.284555090358885,1.19488835625662,-0.845752531858704,0.190673885417928,-0.216443252531192,-0.325033100382822,-0.270327592956951,0.210214051535782,0.391854886292055,111.7,1.0
58199.0,0.340390790889508,2.01523346310003,-2.77732956104823,3.81202413104427,-0.461729071578821,-1.1520219714746,-2.00195866818811,0.548681056661142,-2.34404166261939,-3.07669858515182,3.55473755027372,-3.96968929955842,-0.932183689489454,-5.87606732124924,-0.0667394504128529,-1.49528077472825,-4.42475717388751,-0.619323237398381,-0.231198386269899,0.326772803133095,0.29976881646527,-0.583282924090166,-0.187696049565752,-0.329255753153177,0.732328138266652,0.0580797142765515,0.55314334331356,0.318832445723953,1.75,1.0
41397.0,-14.9703456545046,8.40142101040258,-16.8672384869515,8.25233430637468,-13.5651304873758,-2.78243755853826,-14.2637353490007,9.64341914576661,-7.70149868394332,-14.2266980575287,5.61099879659254,-11.7939788348294,1.59838653001563,-11.6069703760766,-0.0441804437896824,-9.28695473739369,-19.8997264249367,-7.518050849236,1.24351749943488,-1.61466005601289,2.71404480183882,-0.101355310559619,-0.439665974014017,0.519513861479409,0.789327982433797,0.0643574266343142,-1.62138568643941,-1.10481920857705,273.01,1.0
102114.0,-28.2550528932108,21.4672029942752,-26.8713387797136,11.7374361361796,-17.9996302850189,6.0659013519233,-41.5067960832574,-38.9872627434095,-13.4340663182301,-24.4031849699728,3.40932261990014,-9.60826735632918,-3.07631796817408,0.240060357919937,-2.83667693195872,-6.594756991638,-12.9575309948449,-5.61352195004329,-0.248828402209821,10.4407179813405,-21.4537362781468,8.36198519168435,4.90911112135878,0.0983279449493119,-1.50873912052995,0.00871129047841733,-5.4078236392388,-0.183811044930697,0.0,1.0
14073.0,-4.15301449873357,8.20479650456012,-15.0317142097481,10.330099825448,-3.99442609736294,-3.25001318447365,-10.4156978119079,4.62080391044331,-5.71124797098224,-11.7971810675777,11.2779207278067,-16.7283393320915,0.2413676825577,-17.7216383537133,-0.387299923381284,-10.3220166783853,-13.9590853730538,-5.03071003831832,1.19726633504633,1.41262488019492,1.97698839609887,0.25651048717528,0.485908106513804,-1.19882131436036,-0.526567394687845,0.634873502483478,1.62720907623952,0.723235068518316,1.0,1.0
11629.0,-3.89119195123086,7.09891625215749,-11.4264670967961,8.60755678650129,-2.06570621026229,-2.98528802203595,-8.13858941693861,2.97392807853452,-6.27279046836547,-13.1934150665232,11.6197234753825,-17.6316063138707,-0.355194389515515,-18.8220867423816,-1.2831290856146,-10.0310966568698,-15.2270075099256,-5.32200898058982,-0.501750653452579,1.38261899967275,1.75708522742867,-0.18970915318715,-0.508629244173448,-1.18930816877394,1.18853649934791,0.605241885913626,1.8815287524148,0.875260407222375,1.0,1.0
75978.0,-5.14072311805277,3.56875123426923,-5.89624545735196,4.16471993013258,-4.09119263947502,-1.98996029061886,-5.47243601705169,2.42282066166249,-2.90973525837833,-6.28780335064533,3.70431215185119,-7.26754953396678,0.329269938095914,-8.45897495556967,1.35448720090917,-5.9762209822112,-10.5760149147501,-3.52516124688807,1.73797600497073,0.318995199686566,1.13113028151049,0.118021510216711,-0.332704205017834,0.139940733895169,0.324757896441424,-0.180769130367976,0.177810382911191,0.661555355551591,99.9,1.0
62080.0,-1.59945740179415,2.60772002929222,-2.98719294171061,3.06415614684784,-2.49791431686821,-0.54110279282052,-2.2777862276701,1.26816610842127,-1.99733105335741,-3.83477508791878,1.11335409263987,-4.97692104108215,-0.795530934675206,-4.54955674371782,1.81376325403563,-3.17746049642958,-5.36934877847861,-1.1214541569793,2.03059193793375,0.22533293042937,0.662933039629134,0.184086858369512,-0.0894518031771282,-0.505999935132595,-0.0622588885489331,-0.0527144132804191,0.322854004983613,0.135267636745646,180.0,1.0
12393.0,-4.06400473842815,3.10093489093256,-1.18849800365476,3.26463274045175,-1.90356235801726,0.3203505872957,-0.954940039087007,-3.27753491983773,2.82082866173719,1.01511287978593,3.18718689736493,-7.00432728360605,0.872710605485111,-6.22060535304292,-0.904444629573358,-3.07509188469837,-5.04473569177435,-1.71808268516882,-0.662462068430895,-0.531897693292296,1.68866543097474,-0.0788446980063478,0.19373092657711,0.479495953884992,-0.50660305739906,-0.409862744197452,-3.03627132936069,-0.630605198840545,179.66,1.0
33416.0,-0.636320825407409,1.1459449462457,0.809529913451429,0.579421109900352,0.65008920234001,0.929314786267717,0.130935950783648,0.599644496575723,-0.736366361728696,-0.534484263403643,-0.589977929357822,1.1924485315279,1.60990306044728,0.034340971627165,-0.802714419391009,0.0887159390333253,-0.596973779644335,0.643011492124019,1.8074282589641,0.0523078563496319,-0.148884219960364,-0.3533097900718,-0.300819730989173,-1.36179427016952,0.0827723253705679,-0.403052569213628,0.0482085864437592,0.045095816199321,3.96,0.0
28625.0,-27.84818067198,15.5981926625554,-28.923755945104,6.41844174657532,-20.346228155413,-4.82820246578157,-19.2108964179086,18.329405525597,-3.66873493861418,-8.00915938639777,4.30309581759563,-6.00866000668561,1.1389688287939,-5.58044712038062,-0.11073711578577,-5.49107326163426,-11.5885435992809,-4.71542017123115,0.734573493016404,1.69785626318366,1.8021491336386,-2.06293427611466,-1.26984343615924,0.165409188492223,1.99949911253199,-0.211058522431997,1.32480949279508,0.388090177732107,99.99,1.0
58222.0,-1.32278906321956,1.55276821126964,-2.27692070362638,2.99211739124618,-1.94706392017319,-0.480288250384527,-1.36238752318047,0.953242226598613,-2.32962885992389,-3.39355348115172,3.1284396921776,-3.57039373078107,-0.595198191474463,-3.98841505479623,0.995905842419722,-2.84378455855144,-4.82624611607161,-0.703883464864473,2.15221455770756,0.988493486888991,0.614968996752659,-0.195199717277462,0.590711261700839,-0.233377663885038,-0.164285286785183,-0.27749787053455,0.428610084734921,0.246393746180351,270.0,1.0
121601.0,1.97383403672024,-0.54772133408141,-0.532264786988738,0.245136077670564,-0.457053644118986,0.187422858079971,-0.789037866984497,0.203621195996696,1.38854241279955,0.0212485745811593,-0.04076711218395,0.496011187620871,-0.704079218248421,0.131254516466439,-0.0314807784473376,0.464564561756047,-0.909062740742579,0.946687274599153,0.265836866023024,-0.248208077834909,0.193535451862619,0.749557680875259,0.0330984411003281,-0.7994092347194,-0.0734417974113434,-0.17918157309744,0.034538606299462,-0.0562596606166905,9.99,0.0
12597.0,-2.58961719821269,7.01671438495857,-13.7054072869097,10.3432280604117,-2.95446103475574,-3.05511578527804,-9.3012886151434,3.34957336071614,-5.65421202641103,-11.853866972601,11.6692047358121,-17.2286622386187,0.0555715664836118,-18.4937733551053,-0.304172113519045,-10.6294973901353,-14.4412111342765,-5.10548646597228,1.2702262705049,1.48885519236896,1.88773772551451,0.333998184533223,0.28765904061745,-1.18640640906644,-0.690272670076388,0.631703772210546,1.93422076005943,0.789687172212655,1.0,1.0
93860.0,-10.8502815883108,6.72746568826853,-16.760583409542,8.42583167857118,-10.2526968683093,-4.19217104406337,-14.0770860104531,7.16828793346092,-3.68324217370244,-15.2399619587112,8.03070840755191,-16.0603057628826,0.270529742348469,-14.9529810390579,-0.241094883743813,-11.866730636746,-15.4869899240937,-5.74865155747378,4.1300314273319,-0.646818272966729,2.5416369467068,0.135534921100722,-1.02396689219897,0.40626452579196,0.106592778669641,-0.0262323892202069,-1.46463002356247,-0.411681819907858,78.0,1.0
57027.0,-2.33565492855671,2.22537994112476,-3.37945038583039,2.17853822878821,-3.56826371512658,0.316813583664713,-1.73494800330036,1.4491394338594,-1.98003348126993,-5.71150474047788,1.83721490161197,-4.5403416445233,0.747845860345767,-6.28431406964108,-0.128887216546494,-3.5632394063049,-7.36832064555377,-2.69295315786876,-0.450550113544917,0.274027122680488,0.78554012192761,0.29741198434836,0.308536146370564,-0.598415746387816,-0.121850330815637,-0.491018310202025,0.701606041424924,0.206966343288918,444.17,1.0
57007.0,-1.27124419171437,2.46267526851135,-2.85139500331783,2.3244800653478,-1.37224488981369,-0.948195686538643,-3.06523436172054,1.16692694787211,-2.26877058844813,-4.88114292689057,2.25514748870463,-4.68638689759229,0.652374668512965,-6.17428834800643,0.594379608016446,-4.84969238709652,-6.53652073527011,-3.11909388163881,1.71549441975915,0.560478075726644,0.652941051330455,0.0819309763507574,-0.221347831198339,-0.523582159233306,0.224228161862968,0.756334522703558,0.632800477330469,0.250187092757197,0.01,1.0
42866.0,1.42026575812389,-0.44980661939545,-0.632825702868755,-1.23503013792405,0.367486065827977,0.507718279491411,-0.273732971858323,0.0124161133345894,-1.34806266223239,0.725241543135848,0.375427575714377,0.136311301414948,1.15343642443565,0.0247454839281075,0.102819048033892,1.30534181950327,-0.281956070981183,-1.40510210028232,1.36594117190309,0.201342239090988,-0.21448265655982,-0.762893272823108,-0.0980130678772996,-1.70542288725848,0.494541341979071,-0.416010880249114,-0.00495634139284674,-0.010823129380751,36.0,0.0
84496.0,1.30454834890454,-0.48303288250319,0.530295584468335,-0.904826685447809,-0.944696860189043,-0.390043108544176,-0.694513621342563,0.106671664332446,2.1136721147952,-1.03296413928908,-1.45198257377298,-0.358692913990198,-1.44398905177038,0.109567345792784,1.50261584594068,-0.125887698480357,-0.360592406892492,0.650598812308757,0.882161696781227,-0.198424872259869,-0.0851609237787554,-0.0658983934024977,-0.121358105333989,-0.486676101171382,0.559289444755542,-0.628767237018981,0.0825135415081669,0.0233360337018693,1.0,0.0
59840.0,-3.21538175967748,-0.364223121381638,-1.26188334354906,3.79494903930385,0.71120593031272,-1.31647560298004,-5.16514055601052,0.625278383544947,-1.582300584728,-3.25263359468289,5.04075120270381,-5.31444220386187,-0.656470662006063,-6.23304367078495,0.974771279276835,-6.8903177453801,-9.51641148491956,-4.36412771489086,2.59857755637223,0.0196261688931224,0.40134124079647,0.152191258747201,-0.93467547449829,-0.256148382367333,-0.469403308828214,-0.282495914081921,0.86607691066145,-0.433465943783225,5.91,1.0
70968.0,0.657179310180495,-1.83336537944346,-0.355934777921728,-0.647864802845418,-0.875211488429937,0.0171611268897535,-0.051812365625708,-0.240661756194131,-0.796840379496146,0.376356979968227,-1.26993794764785,-0.447285489309058,1.58194084594781,-0.41726144749656,0.951569110946453,1.73344744026859,-0.385379886629537,-1.00774920408861,0.904774779335501,1.07172204800889,0.17427185416886,-0.538793391380523,-0.467899525697018,-0.968901504729131,0.304976232127398,-0.374660494608657,-0.0596445059535279,0.0882473200387378,444.3,0.0
26961.0,-23.237920244511,13.4873857909274,-25.1887729688701,6.26173255148578,-17.3451881651558,-4.53498915241687,-17.1004924771637,15.3746300252798,-3.84556677176243,-8.51176669710133,5.1385473219039,-7.22001986441493,0.615793286019405,-7.3272215995796,-0.0386320690669864,-6.33151509399145,-12.6888576275064,-4.84738160696153,1.02053587929144,1.63078748322503,1.76970812949114,-1.69197330547661,-1.04567292278161,0.143386499863412,1.61157707182701,-0.221575644736264,1.48123260638065,0.438124804842523,99.99,1.0
27252.0,-25.9424344479142,14.6019980426299,-27.3686502881266,6.37839460769688,-19.1040334039646,-4.68480620428185,-18.2613929340355,17.0525663121462,-3.74260500983864,-8.233721369876,4.6648362538527,-6.52566786025865,0.92375858946558,-6.32597461208273,-0.0702237027595964,-5.83836021908828,-12.0616957125199,-4.77334851403019,0.852969608454831,1.66730429040185,1.78431598423494,-1.91775921336107,-1.23578743924962,0.161104731783341,1.82037804128869,-0.2193590586868,1.38878576213598,0.406809649908512,99.99,1.0
6986.0,-4.39797444171999,1.35836702839758,-2.5928442182573,2.67978696694832,-1.12813094208956,-1.70653638774951,-3.49619729302467,-0.248777743025673,-0.24776789948008,-4.80163740602813,4.89584422347523,-10.9128193194019,0.184371685834387,-6.77109672468083,-0.00732618257771211,-7.35808322132346,-12.5984185405511,-5.13154862842983,0.308333945758691,-0.17160787864796,0.573574068424352,0.176967718048195,-0.436206883597401,-0.0535018648884285,0.252405261951833,-0.657487754764504,-0.827135714578603,0.849573379985768,59.0,1.0
44323.0,-0.688393955885218,0.858812173563763,2.31666732266519,2.65651556115569,0.93944226576247,0.17536447278782,0.441280108750319,-0.0595707330277055,-1.85479020039859,0.961369479486333,1.17422698797856,0.484812700963186,0.913565196164218,0.117224601564216,0.630369942118779,0.182054342879061,-0.495728862729295,0.391771300815689,1.34757572027561,0.443320245709402,-0.154360225875853,-0.475910435138855,-0.118597712856421,-0.00316596881383317,-0.0156281456885494,-0.0103693606112613,-0.100427694321295,-0.132181512699583,8.6,0.0
58642.0,-0.451382569628168,2.22514650025341,-4.95305045271638,4.34222824814605,-3.65619018970243,-0.0201214656089607,-5.40755361778584,-0.748436141338482,-1.36219775131112,-4.17062288702767,3.76230638231684,-4.22622469486547,-2.04669403006077,-4.71049793587464,0.217572360008267,-4.73908378383857,-6.13188675183675,-2.42587063860491,2.31416486951171,0.724381267691587,-0.575924092076688,0.495889440695266,1.15412793921228,-0.0161857864909953,-2.07992826296301,-0.554376906341192,0.455179270612071,0.00132065645985432,113.92,1.0
37394.0,-0.180728563953816,0.472984424089419,-0.182561664678609,-0.610067777249434,0.814512520787259,-0.893277268266986,0.655992149498377,-0.00657927354224398,-0.0797938256492442,0.113140665004679,1.11559003493007,0.775098309700209,-0.417401502343872,0.516578137733689,-0.829488547349207,0.199276038080126,-0.815359533938401,-0.351520928291492,-1.31925077170694,-0.249514024209536,0.278834552967727,0.910334970783621,0.386945494962689,0.0388890529303994,-2.13779054199357,-0.235868506544296,0.442646808518802,0.421895734411456,11.72,0.0
29785.0,0.92376442016477,0.34404807190464,-2.88000365579163,1.72168007534123,-3.01956477860235,-0.639736122583852,-3.8013245024591,1.29909588513018,0.864065471140902,-2.89525166830126,3.02816223099618,-2.54917730779636,-1.56043182473423,-2.97131675769274,1.07889539651163,-4.70201182527384,-4.90809850732764,-1.5088732903485,3.0016850593747,0.170871765618069,0.8999311755668,1.48127100376248,0.725265549161058,0.176959582872624,-1.81563797523647,-0.536517111308732,0.489035020411905,-0.0497285787992942,30.3,1.0
56887.0,-0.0754834663888726,1.81235458422751,-2.56698081016962,4.12754860722303,-1.62853157024518,-0.805895445766318,-3.39013454458215,1.01935326231828,-2.45125125188341,-3.55583492739064,4.31571103012142,-5.47980167679906,-2.11550315600957,-5.5887855765974,0.280108069299552,-3.50723062361012,-7.45709493793125,-2.32549168188332,-0.440434552920779,0.338598140549314,0.794372451897782,0.270471232297866,-0.143624140755259,0.0135659145316466,0.634203128800614,0.213693187250942,0.773625466697089,0.387434054572014,5.0,1.0
120910.0,2.05031466766768,-0.00819699033027581,-1.18147299220176,0.41958205804858,0.0732030213180635,-1.07590170910853,0.3253654290479,-0.416424683078171,0.380518904362904,0.0118729199458109,-0.723371597937196,1.14189117529841,1.41604520705758,-0.0396962077377652,-0.365239245237239,-0.283578865308509,-0.319775385944761,-1.01557886608412,0.248644056280059,-0.111908265674744,-0.236049019825814,-0.462238081216405,0.238456581350426,-0.0568085556727821,-0.131471000354014,0.277406197143081,-0.0665332479132537,-0.0596949110793148,14.78,0.0
49666.0,1.27968467222502,-0.424229928226471,0.893955767982759,-0.96228119748422,-1.18484591019017,-0.564390197164937,-0.825179815991425,0.0510729329658386,1.88783538489635,-0.991471817483139,-0.769823002306078,0.182978593269324,-0.171553318259668,-0.0413885630013786,2.32597730431873,0.213155834826892,-0.673486096503294,0.958164899071992,0.310712576778673,-0.111172450915231,0.227463513745881,0.812900460730919,-0.167261549161725,-0.0980397411970582,0.541767377575629,-0.518397255841003,0.101793604162201,0.03454141890936,1.0,0.0
28658.0,-28.5242675938406,15.8769229879536,-29.4687320925264,6.44759140152748,-20.7860000418837,-4.86561341755669,-19.5010840750712,18.7488719520883,-3.64298981925263,-7.93964241937325,4.18467368942509,-5.83507521523889,1.21595964527928,-5.33014378246253,-0.118631138153322,-5.36777527618834,-11.4317569116986,-4.69692444373293,0.69268841200477,1.7068890619925,1.80576978392608,-2.11937616760819,-1.31744962200248,0.169845630469178,2.05168733506275,-0.210502000459411,1.30173396497076,0.380246181418509,99.99,1.0
84001.0,1.14300182370059,0.188115711871685,0.39777354388907,1.39986161242074,-0.13793466,-0.170562293238418,0.0986761292479928,-0.0309990575077423,0.255071820782193,-0.136676339112989,-0.49746812227948,0.65118611796766,0.0986025447653396,0.023023264532781,-0.11751046569289,-0.732322589716413,0.250922443695743,-1.00381111392037,-0.372872871620316,-0.152525924685365,-0.0923155236584996,-0.0437389367986105,-0.0746982308362847,0.101683255094965,0.66675584447994,-0.314784079810481,0.0392202931381169,0.0185075644983827,19.75,0.0
27252.0,-25.9424344479142,14.6019980426299,-27.3686502881266,6.37839460769688,-19.1040334039646,-4.68480620428185,-18.2613929340355,17.0525663121462,-3.74260500983864,-8.233721369876,4.6648362538527,-6.52566786025865,0.92375858946558,-6.32597461208273,-0.0702237027595964,-5.83836021908828,-12.0616957125199,-4.77334851403019,0.852969608454831,1.66730429040185,1.78431598423494,-1.91775921336107,-1.23578743924962,0.161104731783341,1.82037804128869,-0.2193590586868,1.38878576213598,0.406809649908512,99.99,1.0
76876.0,-1.29835900258265,1.07967115744319,-0.180677930886891,1.28783908383189,1.85827347944352,-2.22369500209375,0.525166986044906,-0.0968743110676978,-0.168893374133313,-2.544410418956,0.706999574201444,-0.835695915134352,-1.02211731659325,-4.99399178918475,-0.455706843211384,1.31536513941655,3.63919954823548,1.62342609471098,-1.53933883157799,-0.18757199362802,-0.332983053581271,-0.851270427572191,-0.370799798865314,0.29824168728035,0.442929877216587,-0.522832450531743,1.04856507220322E-4,0.135698346061769,1.0,1.0
30839.0,1.09048214890976,0.0877270834451866,0.265693442341246,1.21873671164278,0.0799356942956781,0.35287819566754,0.0238399306706015,0.122219357891687,-0.012154063776759,0.019295526058897,0.939212675094379,1.3306494919518,0.25974804748981,0.166893236747081,-0.812128203883572,-0.446541138955918,-0.1293333710139,-0.420495015914979,0.0337769479970372,-0.0842702339210021,-0.0497712739228791,0.0144192423508057,-0.144974949075733,-0.274671370022717,0.680505833989814,-0.314309996675244,0.0329666848635905,0.00835967808965318,36.77,0.0
36170.0,-5.68501341827133,5.77651621042963,-7.06497672861513,5.90271545151069,-4.71556383098609,-1.75563332378958,-6.95867914257843,3.87779518702774,-5.54152882782373,-7.50211219093686,3.67670318691664,-7.64298306727846,1.68986512270453,-8.29965953059956,0.646996364810759,-6.79279505972775,-12.075932061394,-4.88217964265137,2.62662452479163,0.299488632233821,1.12864107441301,-0.962959729230981,-0.110045083655872,-0.177733240766768,-0.0891754157062679,-0.049446723229275,0.303444581632884,0.219380438614266,111.7,1.0
28261.0,-1.77266927389094,1.44522731680293,0.59218007526882,-1.95409114418092,0.327146999160013,0.710445296534176,-0.310943816830088,-1.10726084392665,0.790122077694706,0.520611012482993,-0.0306542849579637,-0.50120060861006,-1.67728188623828,0.286058851663232,0.3631992367933,0.930793157680659,-0.939072463676358,0.3354235593845,-0.350959291410982,-0.0168875819745632,1.31983583191864,-0.943334508153769,0.0392702411910866,-1.39551251671579,-0.135549067467374,0.848296502967633,0.653027403733462,0.33618198711032,1.54,0.0
87134.0,1.93651135308283,-0.199759493945605,-1.54251034113759,0.760799286971795,0.256747866771707,-0.249745170785286,-0.00839367325992016,-0.10092698786642,1.13267451261584,-0.723695985441632,-1.14842237606777,0.666460150357839,0.373057243351588,-1.75431819859319,-1.52947209658773,-0.270440423077562,1.12835957924489,-0.525253839065397,0.561246028313778,-0.0389157682722627,-0.442660895884391,-0.985687185641218,0.213298690688987,0.409997772599329,-0.114453926957829,0.256573332318382,-0.0392239132620341,-0.0185950275098183,54.0,0.0
11754.0,-0.767278195420847,1.34695187889398,1.08999486414825,-0.463187862207348,1.02850560782503,0.762736650767055,0.688751216631486,-0.0383586527444087,1.08677648611503,0.236390698032091,1.56854462140428,-1.74717324637564,2.83107142130069,1.15963070976361,-0.291485996190977,0.300049425618599,-0.311156784776794,0.222862147469412,0.192300221690033,0.45934204372609,-0.493491948003152,-0.732647894014468,-0.171813509019059,-1.40087426490914,-0.0213579242930126,0.1076695407724,0.313479274077305,-0.0178380206279217,10.68,0.0
65641.0,1.212124394156,-0.0965945084203014,0.33703824232368,-0.228709634194026,-0.420644244945018,-0.370099318772824,-0.237595104002798,0.0792387636747007,0.0670108148126284,-0.0505651456778518,1.61018359837576,0.706161734353062,-0.522906011970142,0.564247148082621,0.745143059755751,0.185329164863495,-0.247359855222074,-0.386537709258456,0.00674178801898496,-0.122504359330163,-0.0366862336699566,-0.115684975566161,0.0688673199098882,0.0764771291928999,0.120419542190092,0.974239869560258,-0.0746471039598138,-0.0109717641939608,2.92,0.0
63578.0,-0.639191253440691,-0.0855947885921835,1.26545195854416,1.40116573166082,-0.260542078671007,1.00979457835355,1.30199897093176,-0.135257522932592,-0.431520921685507,-0.0913533730643921,-0.921051995675577,-0.61381552858098,0.198913055533638,0.0160870050482155,2.20626377523102,-0.527140627794259,-0.0572786796405291,0.448655661077036,1.16443546519237,0.861306751100051,0.340330752683629,0.76016976216338,0.353376975218638,-0.778892742566353,-0.0706811598435952,-0.0333546437243291,-0.0619624216383359,-0.0626865318467909,290.18,1.0
23859.0,-1.36638580685236,0.507308315620438,2.42996229599717,2.61024586279714,1.14903627844606,1.01036688774186,-0.324502151618248,0.447115312807252,0.242617423549072,0.0747744878240694,1.91336064761194,-2.15781059984591,0.758656077853304,1.54674893506665,-1.47385509732821,-0.682040427464471,1.23553309208383,-0.343937756148657,-0.31778150925137,-0.256991380065349,-0.0932431415396692,0.167019601779963,-0.404182973243208,-0.310599312983513,0.195456383821389,0.210614533084517,0.0366448572533195,0.00688161764877468,7.6,0.0
56634.0,-1.41486112180727,1.43327982786987,1.03519684682138,0.890431571718147,-0.762027377158712,-0.677551092646242,-0.0219477561246215,0.68118362489148,-0.363965032223086,-0.864840369307441,-0.874005821468398,1.10636888895666,0.831148583797932,0.176899716186998,-0.863598086635657,-0.486134226949356,0.411251057906307,-0.359638714112052,0.0604652229078112,-0.336008311902764,0.197608164601652,0.513111338447343,-0.0718857297364521,0.757382134985992,-0.0252723737807846,-0.423229087911771,-0.308780327501417,-0.0308094494826049,9.13,0.0
91407.0,-3.95120850670532,2.88180518239049,-6.42149029451106,2.43418142416554,-1.32732453838007,-2.12210598673342,-3.2275333300383,-0.68556047558208,0.775985124963588,-4.72309174576035,4.921657447038,-8.75277008726404,1.52019774197935,-8.5520227319441,0.351975957711389,-4.5340297530839,-6.46540863418339,-1.89030997911689,0.174840185624481,-0.669351428982036,1.41047856462921,0.279402820830601,0.570821171370176,0.65627101478476,-0.298600548903483,-0.407571358894306,-1.37870253026193,1.37913029153249,52.69,1.0
103028.0,2.03021888426165,-0.0502253089415729,-1.05427425305779,0.426572276778524,0.135055908758969,-0.579198916252058,-0.0603449213230656,-0.195626100464516,1.65868542433692,-0.124085733692531,1.58152695761918,-1.71831320635038,1.20265034538066,1.98702396378182,-1.27445550725186,0.121690316680417,0.157445041899283,-0.0242205470121849,0.286507344613093,-0.275894143369898,-0.407268211224124,-0.849964651863329,0.308499485159825,-0.469271827122298,-0.3399321436236,0.166610710575753,-0.102219992038602,-0.0808754236878864,4.98,0.0
91472.0,-1.18500260250544,0.902299251758822,0.294948098195399,0.235739196819364,2.35483476617821,4.58564452974845,-0.448879039908906,1.60716800660409,0.997795213628552,-1.0911098779123,0.225696596261022,-2.15842528213665,1.2395624791266,1.63802569603828,-1.15829944421292,-0.884470518950105,1.18930522997723,-0.384095109324557,0.981511998972287,0.172046958833268,-0.645862984073989,-1.62588976167128,0.00413763306230175,0.566133421220396,0.440693371878369,-0.80112470411509,0.217432860513968,0.0448263105431991,37.43,0.0
76826.0,-6.61629292560656,3.56342789803106,-7.05890129814843,4.28434595524384,-5.09629887292392,-1.76861780360559,-4.93755412732933,2.74845954534783,-3.79675959454545,-6.8254901042394,3.25959475409854,-6.94389061823948,0.43597516308899,-6.94701030902337,1.01100406527995,-6.16683742461485,-10.564346602529,-4.01018815310236,2.14350179519978,-0.54163415582255,1.21597610572025,0.0411777442210425,-1.05909770217904,0.275662062254882,0.057424927985318,-0.265838484019501,-0.514636936427821,0.388590269335523,254.76,1.0
70270.0,-1.51251575792702,1.13313858781029,-1.60105247993576,2.81340096831714,-2.66450340578315,-0.310371093924795,-1.52089516380539,0.852995775116439,-1.49649450564954,-4.05629261571005,1.55375586796783,-2.74355135914945,1.50454067059684,-5.42878849870488,-0.0160171233729703,-3.72718761269833,-3.94629958919926,-1.68028644319238,2.30361261010114,1.24958556268985,0.729827756052255,0.48528591471162,0.567005413227757,0.323585691602658,0.0408708540928058,0.825813553299941,0.41448227186994,0.267265082454707,318.11,1.0
70770.0,-1.80097731079778,-0.62714417369178,1.81719065015143,-0.673835492417775,-1.31603853820343,-0.134720633516273,0.227719921703834,0.702539957101896,0.245161297691639,-1.42818874246042,0.525298624889438,0.693165683371276,-1.05985315302465,0.0512631990069227,-1.63287819598969,0.429572945862108,-0.108811360426572,0.122962837815999,-0.0389625643719599,0.38370087154553,0.122963925958003,-0.275322831868377,0.468685997237943,0.548158300007429,-0.129846062933964,0.74384660236367,-0.183879556692224,-0.0477978282501366,237.68,0.0
50647.0,1.49572689701692,-0.297568150009478,-0.600778201528881,-0.882599072829548,-0.108909814179679,-0.824457843060467,0.0135015758644503,-0.390175250509008,-1.19247171423713,0.662238615240144,-0.977863852258157,-0.567961698356331,0.983832596908207,-0.0787714933667048,0.419398901218118,0.978623617986961,0.0158022406154322,-1.36733633970013,0.992564120989421,0.164096677820249,0.141379709980796,0.356092047561482,-0.302106823297875,-0.511025507671275,0.941879113834077,-0.0287723177563664,-0.0277824165271757,-0.00434604664044475,25.0,0.0
85864.0,-3.36526491864606,2.92854110729003,-5.66099919906905,3.89115992835328,-1.84037510965314,-1.80088720390662,-5.55867935318221,2.40232168278639,-2.84892272106495,-5.99567612703198,4.22130410784879,-6.11966735264192,0.0230135705891201,-8.14932178394224,-0.301351931335019,-5.37528289323615,-9.31500138499105,-2.48756256913711,2.35591891159776,0.57637946532203,0.875260063301294,-0.102501391250503,-0.606282749133978,-0.743164794295893,0.096318936065612,-0.135060497401362,1.23869473001415,0.0998237563444676,1.0,1.0
47385.0,-1.04879205835447,1.30689991929546,1.8789848202055,0.634058927309905,-0.480368508980226,0.1670666740167,0.00667251763627946,0.662036174511753,-0.844241766412187,-0.318570566766838,0.884151754258964,0.812184790627352,0.567673867602835,0.427761355271314,0.767998984899328,0.500940026451681,-0.542134297188092,0.897262658752736,0.768049767776473,0.186635876047203,0.0397169162157219,0.0410850639675199,-0.170259993178882,-0.0105174518077797,0.272009248462142,-0.357599541911979,0.216421827880297,0.0809671794674708,28.16,0.0
116136.0,2.09268003729619,-0.151726203538588,-1.47755444606898,0.0638038068438399,0.379193955577201,-0.31459026039521,0.0339114521759671,-0.101550721627723,0.407291205105771,0.254830815307635,-0.0168380432500445,0.595946237804794,-0.208514621164437,0.483539997272166,-0.545818420367976,0.405626247993757,-0.888562028501553,0.00313625533699756,0.822681251647407,-0.205602112175225,-0.309361621971618,-0.803905643980966,0.206932828541969,-1.04711046105798,-0.204488526098986,0.24302348957187,-0.0781111326534615,-0.0813985617223898,0.89,0.0
11080.0,-2.12548982597957,5.97355569173344,-11.0347272274446,9.00714687170235,-1.68945053397167,-2.85441528535313,-7.81044074525876,2.03086994595841,-5.90282812214984,-12.8409338181318,12.0189131816199,-17.7691434633638,-0.431035658230095,-19.2143254902614,-0.962464574748091,-10.2666091836641,-15.5033921000669,-5.49492764246329,-0.410480977392724,1.49377464554928,1.6465182926595,-0.278484510810644,-0.664841293974353,-1.16455536944202,1.70179641354046,0.69080561470369,2.11974873337031,1.10893340333617,1.0,1.0
15051.0,0.392762884743633,-0.855098384887918,0.13163928265493,1.91074349487603,-0.343018114290772,0.0379920598349924,0.609029390497721,-0.28516236968921,1.30641009660465,-0.725313068402131,0.668509392802308,-1.17883802386846,3.04780734835065,1.2995169175615,-0.942870006194603,-0.769114111303929,0.924772009392027,-0.803677326964303,-0.709746666712749,0.677823680999748,0.00809364142298349,-0.333109259768852,-0.422324187576327,0.0819218057284186,0.541817768959761,-0.398593935072973,-0.053048233185859,0.0825896901775211,410.01,0.0
76983.0,-1.3846361690677,1.70990432997673,0.736230060231312,1.24863196918876,-0.472109311601756,0.141076216164358,-0.181576263547488,1.07203931954264,-0.799948327994128,-0.0885934853135558,1.08573218680601,1.55413444822962,0.428871602276112,0.671645322261016,-0.623812171351965,-0.886686485411885,0.749093763168093,-0.265440640555234,0.893727376142927,0.0705014664949412,0.0870164143766085,0.423350652861851,-0.0419043055930473,0.247998128558015,-0.0314390188189172,-0.245589173307366,0.293557792614697,0.119441505332261,5.99,0.0
30694.0,1.13837355871856,-1.15150442273154,1.03003614318466,-0.563090232701591,-1.69871435759314,-0.164234219553962,-1.11838804780451,0.0298693108522314,-0.213525119709438,0.562832344512433,-1.00709903967258,-0.229902345567827,0.825738823477274,-0.448372164308701,1.5199801866785,-0.472351859847194,-0.539120801943623,1.78367902292177,-1.02311574777636,-0.178607745505163,-0.124185152909265,-0.0950297932885778,-0.0909672049523249,-0.0649426155210134,-0.0107790174694311,1.13312623823016,-0.0232092255244696,0.0431458732156734,125.9,0.0
41582.0,-1.04800528916284,1.30021877705413,-0.180400575706546,2.58984264330545,-1.1647935523262,0.0318234062644092,-2.17577809872951,0.699071737631603,-1.14020827768059,-3.22678710680364,3.49080495043995,-2.45433920979968,0.177189485247745,-5.16060809721957,-0.686114234287445,-3.99614471325468,-4.69556272249452,-1.81916096350279,1.46108031890323,0.644993308471186,0.549014458224783,0.624321410729297,-0.136662719519743,0.131737918713915,0.0309213718346795,-0.176701082429858,0.504897671691263,0.0698824528615783,39.45,1.0
41675.0,0.823979623255557,-0.830013212588902,-0.341428040115921,-0.0893484329201362,-0.469030450145808,-0.579611386911944,0.393817345577564,-0.211712021449441,-0.0151868265772233,-0.191162486564302,1.00006178740402,1.04998399355118,0.269949676174245,0.303799973457131,-0.547731063124811,0.0369183374158293,-0.280809863794458,-0.232377704336931,0.753186392049378,0.464757110322737,0.0789555353718067,-0.204239967762986,-0.341780029903446,0.132311293811432,0.399663368880384,1.44715705020213,-0.171291280048892,0.0167349339944163,249.0,0.0
35866.0,-2.04448868873478,3.36830621710984,-3.93711139061868,5.62311973109633,-3.0792320390481,-1.25347411822809,-5.77887959312275,1.70742815771205,-4.46710312294842,-6.0677981503786,3.83978771072745,-8.27784094846266,1.49391490811495,-8.41668121212274,0.792297928201949,-7.86265882647354,-14.5708366290177,-5.18538553288232,2.41438956859515,1.11202761894884,1.48359421639379,0.834310712862216,-0.148485620188757,0.00166885452328186,-0.0389957310939217,0.389526401954901,1.30023645611458,0.549940374167289,7.61,1.0
80949.0,-1.08342837511845,0.107919306375789,0.963281415452702,-2.48948800064352,-0.638444773161264,-1.45426458876256,0.531511495932164,0.00647226198268807,1.5395499617742,-1.99303302683031,-0.630844940761778,0.106033328289796,-1.35611120312707,0.450174222199505,1.22219528554116,-1.29094037408458,0.367902065960044,0.0907398071059545,1.59067917810698,-0.0867663548461641,-0.0961065950921595,-0.197680581632568,-0.210752381567313,0.382254410692718,0.260440802208523,-0.954895207001611,-0.279019161533447,-0.196328787438303,57.01,0.0
88672.0,-3.85988078691481,2.63288131193679,-5.2642653095088,3.44611314661501,-0.675231056544998,-1.90495945391597,-3.2910408690196,-0.985766040904484,-1.16811416733417,-3.93629417027159,4.25656448730292,-6.60065448140166,0.00562637646602147,-9.9585309187018,2.47135790380837,-5.7001414199952,-6.38809273753128,-1.83815930102503,2.99317350708135,-0.178626358366056,1.66411901528299,0.785075271950043,0.0684124857414983,0.778960915978384,-0.863165919910699,-0.00680961441649656,-1.06573404007904,1.77332644564776,1.18,1.0
113731.0,0.0633023580709668,0.863456349838569,0.188699172967842,-0.515109855388591,0.938378421416667,-0.285362700129352,1.04773794770519,-0.237265823479206,-0.136941019558908,0.00447002941966695,1.00077965048117,0.608622854377283,0.0341011052560262,0.396028409628551,0.255387196410275,-0.606604242306277,-0.636000882008076,0.72206364688822,0.701015664907346,0.151056173453536,0.36620089460833,1.46483450503947,-0.262175125494325,0.741414685290469,-0.447686904944428,-0.482976758142822,0.331634538034397,0.0603520341878125,1.0,0.0
47958.0,0.76788325743267,-0.448542362801048,0.940124555652439,2.80883780941496,-0.304853365378488,1.42805145476765,-0.368673486512352,0.274672001208569,0.301348980879204,0.217314193156781,-1.6698777798403,0.812118513078903,1.29065629256072,-0.953024765126829,-1.28840774743792,-0.0527398356215756,-0.088252176106122,-0.601699847567431,-0.677105758062668,0.268742959413052,0.121385382155598,0.387275825650588,-0.383547706076055,-0.67939889043595,0.62972404089599,0.271054801823851,0.0370061315067693,0.0502630367327169,187.49,0.0
70270.0,-1.51251575792702,1.13313858781029,-1.60105247993576,2.81340096831714,-2.66450340578315,-0.310371093924795,-1.52089516380539,0.852995775116439,-1.49649450564954,-4.05629261571005,1.55375586796783,-2.74355135914945,1.50454067059684,-5.42878849870488,-0.0160171233729703,-3.72718761269833,-3.94629958919926,-1.68028644319238,2.30361261010114,1.24958556268985,0.729827756052255,0.48528591471162,0.567005413227757,0.323585691602658,0.0408708540928058,0.825813553299941,0.41448227186994,0.267265082454707,318.11,1.0
14152.0,-4.71052878230567,8.63621438967976,-15.4962220036783,10.3133493732845,-4.35134098287048,-3.32268873543923,-10.7883728387388,5.06038112024979,-5.68931118776998,-11.7121866242875,11.1524905985837,-16.5581971409376,0.302644522406362,-17.4759212828566,-0.412393267331071,-10.222203169604,-13.7991476446987,-5.00858517858957,1.16202614780693,1.43423977941906,1.9905453513529,0.223785002572736,0.554408428563337,-1.20404159623154,-0.450684594730258,0.641836059375492,1.60595762479265,0.721643614506061,1.0,1.0
19901.0,1.34196677858765,-0.644106988415416,0.472490555611117,-0.480556681251924,-0.76288573557906,0.172624059694311,-0.946099393874469,0.149529200114494,0.841762383731238,0.294606648947675,1.70981833099554,-3.01987039565138,0.0467624314234073,1.48741859078426,-1.47737781641123,0.620840891312293,1.41106151930711,-1.14852270248276,0.803202394708064,-0.119166274812581,-0.135442038211671,-0.116157983943987,-0.0210012654808642,-0.373343716964202,0.423472907947334,-0.244854299852549,-0.0101073367963718,-0.01426410662605,5.0,0.0
51850.0,1.22986527662276,0.295293592773781,0.186352703333651,0.500438538992692,-0.139575100563195,-0.551932683358537,-0.00692485741246117,-0.0459262794085853,-0.230396906822185,-0.120022300378185,1.36288517061713,0.903698245112382,0.369783206166839,-0.14381838945442,0.399785004077178,0.764859556862154,-0.386964946466774,0.285089855726811,0.214622953997704,-0.040459145969021,-0.253664291787143,-0.767018369945667,0.0703398988053312,-0.0376574668659068,0.234914994871394,0.0966942442678147,-0.0269210721730879,0.0182680345504624,5.49,0.0
26523.0,-18.474867903441,11.5863805198184,-21.4029168131391,6.03851541556808,-14.4511581398683,-4.14652350569915,-14.856123673178,12.4311404723263,-4.05335328722588,-9.04039624894471,5.96620250720685,-8.46396612952571,0.0786921317878341,-9.09253265181295,0.0108220973904713,-7.1863755078292,-13.7974745003699,-4.95849390971089,1.32116655982617,1.5779244011474,1.74113559593371,-1.25113794883836,-0.396219126116475,0.0957055555718895,1.32275094272025,-0.217954564863573,1.62879253147016,0.482248274865402,99.99,1.0
60994.0,-0.0353546644217714,0.604585038690798,-0.286931450430761,0.0874307721220735,2.50587333070825,3.80088903631621,0.108268509791313,0.918540476251831,-0.390337624748842,-0.216580610059169,-0.654119236360092,-0.0797580031180319,-0.232171593833692,0.128301073089175,-0.035584179587555,-0.432816213807202,-0.27999032684153,0.172736844417259,1.1118625857728,0.101373384763826,-0.0755947836429909,-0.182005900708622,-0.146190616245685,1.00808019610083,0.101573500490341,-0.315864751777113,0.104246885913985,0.0588227597987172,17.99,0.0
93853.0,-5.83919161928092,7.1515323543223,-12.8167600806187,7.03111476501099,-9.6512721679897,-2.93842725771624,-11.5432071690832,4.84362653179436,-3.49427572506535,-13.3207888671784,8.46024444901677,-17.003289445516,0.101556614891384,-14.094451660329,0.747030766392512,-12.6616957230679,-18.9124938172188,-6.62697484523061,4.00892074227194,0.0556838813863639,2.46205591127559,1.05486518382957,0.530480596078193,0.472669814042592,-0.275997967880675,0.282435024801752,0.104886020210564,0.254417096767513,316.06,1.0
57163.0,-10.3630494651588,4.54367201286394,-9.79589773551539,5.50800333404763,-6.03715599427489,-0.133492972364907,-11.7243461176622,-3.19834557193323,-4.76784222430147,-9.33212806886128,5.2241240042156,-7.74312234505579,-1.56034320038539,-7.14041803349475,1.18597782557697,-6.59870406570123,-12.1205390025684,-3.90409153348034,2.51343040062446,0.924396179705582,-2.45714487251707,1.68725664165106,0.977178353536712,-0.543368976583511,-0.289124786926125,-0.107586425389056,0.330641897772597,0.163577149556086,1.0,1.0
87316.0,-0.114217969303455,-0.72586347670853,0.609978869097625,-1.93515743578443,-0.73221795723065,0.0770976397076848,-0.213763853699622,-0.0546499207280751,-1.92095226614433,1.12836512332386,-1.44465979695708,-1.58387647654635,-0.295445781982518,-0.393093459070451,0.043955937132916,-0.889888318826509,0.841577028171725,-0.17187323322667,1.22238416612508,-0.251304851295051,-0.55347182274372,-1.23830051550407,0.355428267318997,0.313617753271917,-1.09594435641985,-0.585135865466272,0.120034587041411,0.218380231763051,97.49,0.0
10930.0,-1.00138354838007,0.423989910732458,2.07028792363709,-0.983255006608839,0.284032955535999,-1.39402608507452,0.597564232769577,-0.538273895576375,1.38271636750537,-0.860370065017708,0.962615565645032,-2.10009241590874,2.33957870377406,0.990092700519528,-0.370746455163489,0.413460843465004,-0.0533274547440659,-0.329255565092317,-1.09925961342732,-0.204339566885299,-0.20344375059617,-0.172037481322303,0.105267114351076,0.710098746651235,-0.539269249675552,0.554372062421121,-0.389671128555486,-0.0802375029440743,0.95,0.0
59011.0,-2.3269223698887,-3.34843873033788,-3.51340796089061,3.17505971028128,-2.81513703435586,-0.203362788049123,-0.892144430418318,0.333225702638422,-0.8020052289805,-4.35068531246963,3.06424584128211,-2.71873063246571,0.0687877027069899,-5.58687312563725,-0.966076477695954,-2.50204941657576,-4.46049463214891,-0.870525745045081,0.595629103995644,3.20917094389277,1.22664839880046,-0.695902072928095,-1.47849021051453,-0.0615525997443275,0.236155012156618,0.531910616094765,0.302324354380578,0.536375347733134,1389.56,1.0
102486.0,-0.33484997973928,1.23393272653883,1.60928346222899,2.86564717063801,0.814193785600794,1.03719768155151,0.161050953761737,0.226315545404199,0.405507123939973,0.409771774529258,-1.04636705696575,-3.43861388456187,1.21306507028768,1.12667544844923,-1.65808623447416,1.19719406968694,-0.364037369024385,0.582085314076822,-2.01485863860601,-0.294382738503971,0.149928704271716,0.639360454420391,-0.0315365402077196,0.315989751248494,-0.941132580606666,-0.172685551839542,0.0731795175950761,0.242157005294265,4.95,0.0
93879.0,-13.0865194204794,7.35214833905529,-18.256576111808,10.6485054461688,-11.7314764509112,-3.65916740569145,-14.8736579646075,8.81047267511276,-5.4182040716445,-13.2025771482197,6.35722736343626,-15.5316111795156,0.659694875353275,-11.4123295951252,-2.44757607431839,-9.83374302098841,-18.1746174349071,-7.269904593126,0.623796611777714,-1.37629840858733,2.7611570593153,-0.266161809571132,-0.412860724865388,0.519952215674181,-0.743908960008006,-0.167808225140728,-2.498300252188,-0.711066151912636,30.31,1.0
39220.0,-1.30924239024007,0.295761994885215,2.04071202184945,0.0952854072100115,1.16061661612516,-1.09925625882379,1.38659071629711,-0.674394856261165,-0.462465622565926,-0.237971282887645,-0.215051040460007,0.297471786958077,1.00849911032224,-0.461081824144979,0.328595023313522,-0.00197683860929606,-0.942256722536351,-0.23869077631051,-0.796228540116748,-0.033867516533511,-0.0466688715359205,0.375464378805765,0.137613273619954,0.407170229531454,0.833833464474094,-0.458841131104024,-0.329515642429204,-0.451521863694511,10.94,0.0
81035.0,0.894882036977565,-0.27047915796882,1.25703208325713,1.49725259535928,-0.9187475961949,0.0899385582898984,-0.409807578450706,0.0925360783511508,0.503637383299136,-0.207909716707672,-0.00201188381300161,1.13996905860689,1.18730726104339,-0.418915747247547,0.697474441497544,-0.143420713795551,-0.0871077485484051,-0.473354649438205,-1.00844642893283,0.115218613088421,0.250635916603519,0.744065831826295,-0.126279056105209,0.466055739377288,0.389519669021264,-0.248526546628072,0.0720282007723812,0.0569881317224829,112.5,0.0
64722.0,-1.31801947675869,-0.362499299904444,1.56316609059136,-0.650970835373551,-1.25723109673206,0.443741601018379,0.1798796564447,0.766257257502742,0.206542630936286,-1.35495994707283,0.950212115386904,1.36159135820645,-0.0242581391289674,-0.15799910981765,-1.44528266106895,0.0671370528439618,0.132454223416633,-0.470515947536018,-0.324626854181252,0.28622138122039,0.126497805887568,-0.0335385459562134,0.544302797186518,0.261688336347637,-0.315598359135891,0.766027003273282,-0.196461724001989,-0.0712751256661488,220.28,0.0
7595.0,-0.351955334053915,0.634483669324242,1.21904466150594,0.156857851217203,0.766962704444111,0.194525224142093,0.368788514571926,0.109539400776133,0.866230448100038,-0.73151813152213,0.969821638617877,-2.23750911395571,1.69718775874058,1.63589826263017,-0.895301901841479,1.0649954958116,-0.759832793012099,1.15202671520585,-0.541301107458705,-0.0705985709261319,-0.134774206438908,-0.334643571336519,-0.0753612286062089,-0.93960452167313,-0.0489692468117637,-0.656686723492346,-7.87479096488075E-4,0.00685304247876929,36.0,0.0
78725.0,-4.31247908052279,1.88647569827836,-2.33863356144698,-0.475242891532036,-1.18544386151204,-2.1120788975769,-2.12279296550593,0.272565132222544,0.290273064048255,-3.8337413849476,2.50978140392157,-3.61123136485112,-1.02429952994167,-5.29192495475268,1.6498073488757,-3.26265841898301,-4.33311795972043,-1.86304896791862,-0.00953360656837195,-0.718705614884897,0.550540662080627,-0.0678702198276179,-1.11469186343039,0.269069433187685,-0.0205724593187757,-0.963488862263668,-0.918888353795928,0.00145356217673386,60.0,1.0
58222.0,-1.32278906321956,1.55276821126964,-2.27692070362638,2.99211739124618,-1.94706392017319,-0.480288250384527,-1.36238752318047,0.953242226598613,-2.32962885992389,-3.39355348115172,3.1284396921776,-3.57039373078107,-0.595198191474463,-3.98841505479623,0.995905842419722,-2.84378455855144,-4.82624611607161,-0.703883464864473,2.15221455770756,0.988493486888991,0.614968996752659,-0.195199717277462,0.590711261700839,-0.233377663885038,-0.164285286785183,-0.27749787053455,0.428610084734921,0.246393746180351,270.0,1.0
42985.0,-4.07597468486268,0.963031254092613,-5.07607019842086,4.9559633578155,-0.161436852450419,-2.83266299767191,-7.619765445461,1.61889544068454,-2.99209215744034,-7.14219911358407,6.27866584548672,-9.40706094796316,-1.81887396082411,-10.7395718907673,0.224206083734093,-8.42708279627514,-13.5021528919623,-4.71296758855481,2.6304759946371,0.0588612515023862,1.03073825203134,0.165327776328984,-1.01750231442165,-0.477983380813876,-0.304986825039416,-0.106089275128594,1.89971434181658,0.51146170682063,1.0,1.0
28242.0,-2.78724793061533,-0.0713403777285035,-1.50528777523306,3.36177713733967,-3.35742166883665,0.565834734346537,0.303653111125521,0.966914484943676,-2.24588195188782,-3.65142656863483,0.987277021963291,-3.83478156926117,-0.961354142524746,-3.18216808481143,-1.1260022842247,-2.95430081252595,-5.84121800175148,-2.91043029785417,-1.15585017273094,1.60739677185147,0.882940442444742,-0.246201930041865,1.75222678458672,0.219924964544368,0.15628169505776,-0.265894317684036,0.220694023253282,0.256076869786525,730.86,1.0
29526.0,1.10280432542075,2.82916799881581,-3.93287026485548,4.70769143992869,2.93796685530025,-1.80090371765217,1.672734122106,-0.300240348680253,-2.78301108805298,-1.88484243991678,3.79256535985687,-1.46047112296734,-1.31277627644381,-7.07736060637589,-0.299466316598551,2.4932276042067,6.24498710234308,2.97174936407353,-2.67995024218857,-0.0308799718381793,-0.106994395673876,-0.250050303584088,-0.52162653336055,-0.448949514169716,1.29164648168516,0.516326673768638,0.00914628141124173,0.15331763551135,0.68,1.0
32661.0,-1.70528976057212,-1.54528013587345,2.60334966687886,0.791865877685634,-0.589449695221245,-0.215611641322632,-0.619799667827513,0.393166700829307,-1.27379007787197,0.470391602281071,0.678907844063715,-0.194464220548466,-0.941525078914388,0.0898725150656849,0.125596228873367,-1.37924159886814,0.0502614542932086,2.33593400360937,-0.0871242976698352,0.321063642419204,-0.0626296176793898,-0.40203108313138,0.534397388374488,0.439407012921612,0.132430668624751,-0.295076314522577,0.0267705451765884,0.125219086529187,204.0,0.0
13126.0,-2.88004235163471,5.22544230971559,-11.0633302799459,6.68995065770063,-5.7599239886738,-2.24403079081521,-11.1999752166959,4.01472180864313,-3.42930426351801,-11.5619497720699,10.446846814514,-15.4790524832016,0.734441608104148,-13.8837785491112,0.821439545395249,-11.911483017197,-18.1030037037729,-6.83783453880068,3.12692935212663,1.19144396640797,2.00288287701632,0.351102064721284,0.79525514045211,-0.778379381413672,-1.64681511254223,0.487538823287331,1.42771309550336,0.583172486219188,1.0,1.0
35926.0,-3.89658259167336,4.51835470349753,-4.45402724041253,5.54745334718879,-4.12145857265685,-1.16340665785105,-6.80505305303552,2.92835625399971,-4.91712959933528,-6.60046062150676,3.36784560815482,-7.88897751950988,1.68260346667335,-7.62865191597326,0.779245995683184,-7.53340432942796,-14.0646239413114,-4.96010863308331,2.52578492424474,0.757286726552078,1.69104203001122,0.920020577187708,-0.151103893232396,0.0110068782298363,0.0803032669086078,0.412191351423526,0.635788870982512,0.501049550484962,4.56,1.0
47545.0,1.17671575912859,0.557090903443645,-0.490799622910899,0.756424293386678,0.2491915585394,-0.781870546568533,0.228750322026116,-0.0408400791377636,-0.432110564245139,-0.585778431385528,2.28193937592012,0.654566719272309,-0.310379432324912,-1.04370522504569,0.513750399321109,0.399177755263914,1.14313007770305,0.256013886486252,-0.511210088142662,-0.10277180482264,-0.0621660000083396,-0.128168129786567,-0.0401759895545737,0.110040347467026,0.437891432381746,0.368808854483266,-0.0182873480981415,0.0311734033163997,0.76,1.0
77544.0,1.21711286354391,0.206685883413157,0.486815658691967,0.570788917706682,-0.28844107927782,-0.521861031156667,-0.0114166164784284,-0.0707817068259075,0.0313715063331479,-0.111749413954903,0.0174337024938995,0.489508136565319,0.360320086901285,0.254719122027965,1.27654278903229,0.00698116839741812,-0.14799183999836,-0.99960401715525,-0.478122377564111,-0.12088171576474,-0.229000774825317,-0.624490595659374,0.165339653427903,0.070626062992089,0.146701227163966,0.124015962954647,-0.0121452179345052,0.0157575223906858,1.79,0.0
81500.0,1.33186303334334,-0.0641462982492329,-0.120428449236193,-0.272668352962702,-0.0160067162177767,-0.11057726657493,-0.195389392038825,0.00698538451099494,0.0946995432648029,0.0601303901226176,0.301599254838327,0.291703955725188,-0.087029440121099,0.384873040106476,0.462766094736173,0.790672042092181,-0.96784726184305,0.589816655102844,0.656356540661432,-0.0432773509189483,0.0330580819817966,0.103955606478502,-0.22412282240852,-0.759002287128058,0.519317370328786,1.17107267535973,-0.0885755136986734,-0.0215868382837483,3.37,0.0
66037.0,0.286302363835244,1.39934474808556,-1.68250270884931,3.86437703955242,-1.18537340204974,-0.341732013808781,-2.53938012266357,0.768378375007388,-1.54788162780199,-2.65971794652165,2.6215881261205,-3.46236188507757,-1.05430017332918,-4.95582330430277,-1.40027445820489,-2.33994291742419,-5.19779447735003,-1.34281449785555,0.288846910516582,0.270360155086889,0.352456413618901,-0.243677652080658,-0.194078546536702,-0.172201087463232,0.742237197555102,0.127789797006944,0.569730790365159,0.291205858831994,7.53,1.0
75581.0,-2.86636370525907,2.34694943137396,-4.05330668845935,3.98335888025187,-3.46318571327039,-1.28095301603103,-4.47476383461874,1.21665528478137,-2.30982869782019,-5.51550707258062,3.04839203447565,-7.12825076846601,0.00595580092517457,-7.49518733635876,-0.25108802193356,-7.5680148993231,-12.2236328477344,-4.89517519350497,2.52496746940249,0.270013154062001,1.04973156228305,0.475840283409025,0.404480059350581,0.282029789710327,-0.506901095688855,-0.371741093052833,0.615256964379468,0.803162841917988,124.53,1.0
54507.0,1.06648952593738,-1.63029643146141,1.09995895548555,-0.431756047358593,-1.36769799034591,1.74991200515477,-1.69405908944354,0.607174152111048,0.738261715013199,0.28278029653738,-0.483257195810835,0.23673442931713,-0.208837757072674,-1.30964495422998,-2.14253975708918,0.64991009095904,0.670698617897775,-0.966473325400742,1.45892507389384,0.259876381490806,0.18102788608075,0.678201506300007,-0.331145450395865,-1.07312400409166,0.511829559660837,0.0454065723397462,0.0800024583424693,0.0213110535127106,122.21,0.0
62863.0,-0.484341739234627,1.16491600631575,2.39779346740798,1.96302860736328,-0.0781166613848572,0.0100692121989847,0.442682812599015,0.132570492032952,-1.20063997059449,0.150316558862217,0.056533180955345,0.196591659187416,0.669067963510272,-0.120188334331644,0.681026750252863,0.346106812338413,-0.309981152466552,-0.438747221705023,-1.62104458594294,-0.0685635870762051,0.294881117669281,0.858684255550056,-0.119374866827203,0.619810577150711,-0.147746116212917,0.0499820181862987,0.0852688928827996,0.0740673601393473,10.62,0.0
43028.0,-1.10964552515211,0.811069300236989,-1.13813532731484,0.935264670223385,-2.33024787785051,-0.11610605479739,-1.62198623466478,0.458027900124116,-0.912189159098001,-2.96199570179906,2.77896789639267,-2.37959961108923,0.918962784041379,-4.01578678027745,-0.530009790602772,-2.81588776765893,-6.6493577879714,-1.74611328389964,1.08340676372199,0.168890572541282,0.641593528333926,0.841754904759402,0.176727750810022,0.0810041184974676,-0.258898742565752,0.707654245320429,0.418648658517389,0.0807557537005394,204.27,1.0
57073.0,-1.73207549358542,0.578222215740362,0.453474382050254,-1.76596419307936,-1.29892655315249,0.539097590381141,0.209678438001672,0.952679227162315,-1.73184187907607,-0.427826021505766,0.942841569944247,-0.45711462169628,-1.53722681403978,0.732823402490534,-0.882236264316016,0.643251651650115,1.09525353895967,-1.73810614453111,-0.118393889597593,-0.412787875997156,0.366963286770026,0.73678936567163,-0.284901585316618,-0.274201295259458,0.604378022595852,-0.119915721701646,-0.392292973169755,-0.163115306006279,170.0,0.0
41646.0,-3.24018658731411,2.978121790406,-4.16231393691373,3.86912437879902,-3.64525645477793,-0.12627056104764,-4.74472973694714,-0.06533104369042,-2.16836609501902,-4.75830407509117,3.47109784646449,-6.5331067689397,-0.983468669556775,-6.07398900285949,1.12540670902583,-7.71804240456347,-9.85592743669396,-5.19390789281555,2.04269768780688,-0.224043462894117,2.60144102940002,0.23191011639882,-0.036489849092758,0.0426396452203885,-0.438330345949387,-0.125821080392006,0.421299802439127,0.00314587612156787,172.32,1.0
40125.0,-0.0674169697006486,0.602580676780988,0.682479984791558,1.3756896238106,0.546689499540382,1.30666485441078,0.0238006952793052,0.501602183633743,-0.0570212365077368,-0.793489022919436,0.815104828390245,0.513735752135602,0.0733001622057163,-1.43383313922248,1.33298729605117,-2.00301439857651,2.97979877507787,-1.65308865491669,-0.0158745067291558,0.0538429374947616,0.180260573673512,0.980492810283966,0.297452925528134,-0.665712326859064,-1.5955748799851,0.530057175522045,0.353032816994265,0.27152506245872,29.56,0.0
41227.0,-9.00135134450649,6.61328394324752,-12.4236347238918,7.51992923163014,-10.2662546389665,-2.11320754204122,-9.98428744767688,5.54194143253089,-7.38370453522347,-13.2151722995049,6.89518136811315,-13.2796997105282,0.755263578785977,-13.4170122721265,-0.210774362111057,-10.9226551270595,-21.90649321637,-8.82981976595275,1.85246698871594,-0.645393857931055,1.7758908996538,-1.22475761150578,0.0825935414630254,0.452088727391883,0.463827332847796,-0.296928065001458,0.526505578079938,-0.450890488772313,459.07,1.0
56887.0,-0.0754834663888726,1.81235458422751,-2.56698081016962,4.12754860722303,-1.62853157024518,-0.805895445766318,-3.39013454458215,1.01935326231828,-2.45125125188341,-3.55583492739064,4.31571103012142,-5.47980167679906,-2.11550315600957,-5.5887855765974,0.280108069299552,-3.50723062361012,-7.45709493793125,-2.32549168188332,-0.440434552920779,0.338598140549314,0.794372451897782,0.270471232297866,-0.143624140755259,0.0135659145316466,0.634203128800614,0.213693187250942,0.773625466697089,0.387434054572014,5.0,1.0
22768.0,1.14252322096476,-0.424387310781288,1.01646644082688,-0.67186501094869,-0.967416137046733,0.0045476128666319,-0.882902886724674,0.212113252809695,2.95597698271946,-1.30858440585217,2.29825253434722,-1.39321736790102,0.743000126193989,1.66309831235883,0.170426374045873,-0.53021049367685,0.65747526369877,0.603126388038891,0.286573376323646,-0.215797740814886,-0.0857908052542675,0.186966235416426,-0.00767997459711796,-0.0392041245638496,0.345016377558555,-0.711399350437853,0.0725998832811077,0.0155354209673458,11.85,0.0
21046.0,-16.9174682656955,9.66990017304097,-23.7364434105216,11.8249902296814,-9.83054822917941,-2.51482887310345,-17.2906566748216,1.8204078670595,-6.26490348784789,-12.9166361091709,9.56711029521397,-13.7170673789468,0.899540705915631,-13.2729650621928,-0.402260044266312,-7.75409405936683,-11.6446032058862,-4.74130270962407,0.58462597267458,0.996745095162688,-2.33611095619483,0.972754726208974,1.24186581168063,-1.05108624820763,0.0380090796054737,0.672317065099677,2.10847085205046,-1.42124325273233,1.0,1.0
75783.0,-4.30216416891927,3.4752306236445,-1.53966808440439,-2.80033649635822,2.24495126187919,5.06256826871847,-4.45142986768152,-10.8237353597419,0.765677610818666,0.529710868918079,-0.373578157574355,0.788880902331364,-0.508827642721365,0.691806502529291,0.246778259315856,0.789187020603221,-0.0842976947818073,0.0226516599556542,-0.442525829949116,-2.29333412731248,11.2495727153225,-4.82426192786873,0.740883823620673,0.854114064845132,-0.0945705294769269,0.741423825806012,0.787877705064799,0.324605444399417,1.0,0.0
45463.0,-1.47689343619361,2.12231379246165,-1.22946956041319,1.20184879823143,-0.343264387787516,-1.31770390932283,-1.52814215893659,-0.620953383361586,-1.21304032250238,-2.97526724837752,3.53221960237349,-3.68263987014104,-1.15477748628793,-5.16522922685485,-0.240091425455286,-2.40492728839102,-5.67173864053893,-0.99429395124741,-0.289935891439032,0.276893466308702,1.18603560532412,-0.0402148700651311,-0.238930086824211,0.110144325976026,0.0454183699836296,-0.56923231725429,0.481018701576887,-0.0475554426964208,1.0,1.0
93853.0,-5.83919161928092,7.1515323543223,-12.8167600806187,7.03111476501099,-9.6512721679897,-2.93842725771624,-11.5432071690832,4.84362653179436,-3.49427572506535,-13.3207888671784,8.46024444901677,-17.003289445516,0.101556614891384,-14.094451660329,0.747030766392512,-12.6616957230679,-18.9124938172188,-6.62697484523061,4.00892074227194,0.0556838813863639,2.46205591127559,1.05486518382957,0.530480596078193,0.472669814042592,-0.275997967880675,0.282435024801752,0.104886020210564,0.254417096767513,316.06,1.0
47810.0,-1.71905834026653,1.44289804209716,-0.417972622949069,-2.90371693552106,2.6930984246977,3.14477340981341,0.863025650099065,-0.238096276928533,1.71429843101736,2.37693229300124,0.266973125677412,-0.558798998620053,-0.226391138989642,-1.21338781027722,0.81401825712368,0.296987442779719,-1.63256032135708,-0.22780757438392,-0.426654029479231,0.835679262611334,-0.297488348642007,-0.450557772688315,-0.151272522141484,1.0172932629597,-0.0482447940976861,0.581474855412639,-1.15110006574092,-0.581520425432338,3.76,0.0
30909.0,0.92148740697995,-0.188422509579436,0.52300668188598,1.53697448620609,-0.585825674084735,0.241082591929374,-0.444832061930757,0.343053224980059,0.737874335423909,-0.551688964374759,1.244180615502,0.505733479053876,-1.57815937648661,-0.962251197317202,-0.766265273239087,-0.131612196446949,1.07094795451921,0.348896426245183,-0.306186269034658,-0.0882670065683218,0.0171118611651258,0.139384437155157,-0.135959510847761,0.137238815393564,0.477555786914669,-0.280113337674719,0.0630093501191998,0.0497652781565479,79.43,0.0
89321.0,1.86596548429131,-0.882535119837147,-1.77072856809512,-0.569516584042922,1.66209953651548,3.9351735613741,-1.19507115680138,1.04006587643816,1.31763164773616,-0.167691642069541,-0.237612307380388,0.484120342935704,-0.0405557489558197,0.00444769533064842,0.900316917127442,-0.00389888880687044,-0.582950238869773,0.143066439415236,-0.403251218364474,-0.0417019003609989,0.277288388957086,0.835891530777715,0.0778817610744933,0.73885888440844,-0.0283818606785595,-0.138744571192632,0.0514385793581017,-0.0352638658475325,59.85,0.0
113958.0,-0.0500108739681484,0.935102563971168,-1.50708771523363,-0.788560962899109,2.02948360034343,-0.7379494642425,1.70826281599382,-0.687242059720706,0.0625527097450025,0.213698350747419,0.559542669266288,-0.493744825721903,-1.25372253842645,-1.03755975411387,-1.15742842020198,0.00373454452567085,0.100885814168795,0.661429443983198,0.208020274726066,-0.0588334159546101,0.025136476279182,0.569107629548867,-0.143475507894738,0.131600967720819,-0.391227080114013,0.455179703943769,-0.392400107667854,-0.302936416843628,1.58,0.0
35495.0,0.792287212773901,-1.66397923542742,1.02331697607609,-0.0448650130300593,-2.04045513497174,-0.430032376470607,-0.746396879320491,-0.043086760372508,0.0766947374806446,0.253798509157825,-0.506711562785895,-0.105778291548341,0.0627829608678791,-0.838524184518356,-0.672653359446588,0.677765128797673,0.817670145267584,-1.59732148686647,0.703822926298722,0.59292145580717,0.188901420441543,0.102832376889367,-0.193288509769963,0.75570026826023,0.240316652379309,-0.293382653640965,0.00323672181553374,0.0759648442700181,281.98,0.0
35942.0,-4.19407367570647,4.38289736244467,-5.11836337307965,4.45522984017686,-4.81262068168969,-1.22464470658392,-7.28132786701771,3.33224979453268,-3.6796585127756,-7.52436833681058,2.95434436554049,-7.09982534281257,1.52036890797685,-7.68780276684597,-0.225002021021292,-8.52085016639749,-13.2772997431934,-5.25370461976771,3.62333181402755,0.579098497681141,1.55047296606276,0.614572855219804,0.0285207917962781,0.0137043244720008,-0.149512012856955,-0.131686656095248,0.473934221832509,0.47375748155095,14.46,1.0
76845.0,1.141572041228,1.29119504187036,-1.43290045302393,2.05820222243243,0.940823737515849,-0.958273875563986,0.391154204412105,-0.0925192025989645,-0.0328285936060586,-2.15530254380865,1.0804386160969,0.0444153214634158,0.441176590070526,-5.05382476474338,0.315185256694669,0.821195361600931,4.02736603913411,1.07797898032715,-1.10727585500251,-0.00591257660665234,-0.366507064917023,-0.714464900739845,-0.14391066716844,-0.305177619493244,0.697514060032721,-0.312544722619217,0.106247471401345,0.125059863331359,1.0,1.0
28929.0,-1.96386161154104,-4.75622568626671,-2.40963605553736,2.379288680741,-0.83164216056536,0.843814025236145,2.3372780271898,-0.441271771038222,-0.292420757664284,-1.31342406036923,-0.841550939649235,0.178923971734796,1.47762520426504,-0.816126559696599,1.58810420711893,0.936904824556872,0.233148303763531,0.602290650574181,-0.985999741488728,3.38385917878605,0.819159871363069,-1.32859010990873,-1.65031408854391,-1.34763950012443,0.0340526593905575,-0.512975176526816,-0.257299299749389,0.330680040091654,1679.35,0.0
74030.0,-1.13561853962778,0.904336425491377,0.541163562070965,0.733258373546649,0.326297563644921,-0.230220556704795,0.255844364091359,0.382825008988927,-0.790354109025838,-0.0125479212531715,0.34789506953853,0.209744755894742,-0.373888438234225,0.825340558933065,0.431824249380551,0.227765028904283,-0.523636146260914,0.918857579097646,1.03705085931646,-0.343380648365329,0.158913714068673,0.491551786024899,0.155898576034849,-0.355853033104752,-0.11590628802561,-0.309083435052964,-0.115634284304383,0.00515034478433377,14.2,0.0
41125.0,1.18519719775571,0.316175347975878,0.653268209436208,2.64075315515867,-0.194438385995685,0.114266844895045,-0.120874487583797,0.0678769864210016,-0.0334569947385278,0.543053384426009,-1.60608424511881,-0.443201261442339,-0.880072207915347,-0.0474749253097486,-0.76774824491678,0.280236857145707,-0.280014579179226,-0.254568343788865,-0.424116296283742,-0.208740169456206,-0.120392104180435,-0.199738532992696,-0.133926054450169,-0.124382605818142,0.66163938933155,0.111300384243248,0.00185833535548603,0.0139650310273911,7.57,0.0
94364.0,-15.1920640113629,10.4325276778611,-19.6295152518171,8.04607504591293,-12.8381666152727,-1.87585874614533,-21.3597382791388,-3.71784952676935,-5.96978174909567,-17.1415136412892,5.90239975502551,-13.5801472568557,-0.45140689941267,-8.33476258691073,-2.02514468652193,-10.1963336944105,-17.2709851692259,-7.07909577930568,1.51769533116994,1.65747618417276,-3.47409650326971,1.76544551266317,1.70125678162665,0.381586805077026,-1.41341748729956,-1.0230778939005,-2.63476129227348,-0.463930546269812,1.0,1.0
75033.0,-0.430330205681344,0.985632693552081,0.645789437298841,0.317131047127407,0.616332206255463,-1.34746245720975,1.0782335690849,-0.161518267508932,-0.492855874580938,-1.03963769713185,-0.39560772252726,-0.664683930228673,-0.985700496668287,-0.660967626671015,0.344105202877093,0.530852433867815,0.278141865207384,0.355529916892446,-1.08122326117298,-0.115281935429531,-0.0163780179250957,-0.207609058231514,-0.164119225784612,0.255280162145255,0.454797817761532,-0.505032215885219,-0.0394559687978208,-0.00635758223393408,30.14,1.0
79912.0,-0.44273954428639,-0.48349879433775,2.54371295217396,0.155062838320985,-0.767994230597223,0.609001892813191,-0.669910513945096,0.288041787253866,-0.920117460430696,0.873448009288106,0.955806551479103,-0.371035532041816,-0.760645970466169,-0.0908675661599332,1.2457033462277,-1.23762083074437,-0.279474869568048,2.40019383930371,-0.811446222829787,-0.226701779913794,0.0843495700729987,0.740149478024724,0.104958333317962,-0.0387620004461491,-0.822660225924032,-0.272855650182336,0.0782761789780888,-0.0383921393529405,53.32,0.0
72297.0,-0.213127045253992,0.601746956960672,1.16991841965023,-0.429602809641497,-0.0227016421055752,-0.988516328893925,0.555326124492592,0.0630909040470783,-0.270037458759185,-0.329688534208158,1.02998514943699,0.00901000928788821,-1.63147307060419,0.679690006737985,-0.336031424336612,0.683802534592961,-0.841747809094449,0.202674348534765,-0.562590066207915,-0.27570231659548,-0.0175709845813184,-0.221645959283926,0.273370975362577,0.468581463041217,-1.39645631125575,-0.287362647420019,0.169937923168549,0.223989391742516,4.49,0.0
54017.0,-6.9407983495966,-9.17708559388413,-1.2539555656554,1.30842992098589,9.16604704900567,-1.47745316658188,-3.33994167901734,1.2888737007978,-0.341111908927356,0.142252169080479,-0.359252521215803,0.21545774634872,0.243352396701631,0.965594899343964,0.961272279377426,-0.0296359839367494,-0.629685617906267,0.535028084126008,0.354440658342672,3.52177678006776,0.993736281652929,-0.547755499054162,2.61598794805285,0.947874636544198,0.595526501144737,0.334602355468329,-0.154035965588238,0.401497703149297,529.44,0.0
17187.0,1.08837493830851,0.898474023721059,0.394684329076182,3.17025757451452,0.17573879687403,-0.221980885195245,-0.0229887284923858,-0.0108735366656839,0.860043617194172,-0.592472935320844,1.07272839973578,-2.54755681422931,1.23595005675711,-0.330305803751441,-1.02235437464957,0.335642172519614,2.29899822072815,-0.1620962094812,-1.53270721248432,-0.217358192249005,-0.423553904215867,-0.800852284805578,0.0776144554303444,0.167608452574198,0.350181817443194,-0.118940929478619,0.0129477659306532,0.0542542721018558,3.79,1.0
121181.0,-0.329809203457906,0.852493796021989,-0.170247132603224,-0.636742152193013,1.49696163618478,-0.927924194217944,1.11339356527617,-0.385004305894001,0.0459364956576288,-0.538518487259642,-0.520429137882126,0.0541128185352651,0.413718630223764,-1.27642978198887,-0.310388443378143,0.0908404677165829,0.275118688332919,-0.371177432616849,-0.278187107860031,0.0610162885411286,-0.293057637264158,-0.500213148978344,0.0707308176812361,0.597302047132611,-1.05993645593942,-0.0221220446510502,0.159809852428781,0.0879433926497932,3.58,0.0
78625.0,1.16702623617644,-0.860939326029406,-0.768435714883396,-1.83731450605674,1.23313300562145,3.48569400084989,-1.09334979516967,0.942513613980986,1.70145518802493,-1.04513653864894,-0.2325124826415,0.596084124210632,0.0537274678219477,-0.0458646981639317,1.46781922389388,-0.128207201706259,-0.658444593795109,0.79815238083285,0.821092751739297,0.150536885960077,0.127457246837145,0.340921142268901,-0.230559786184916,1.0472315950107,0.761969244285754,-0.523461553260992,0.0846330775440101,0.0385720250056711,71.56,0.0
35976.0,-0.629345377659129,0.84810361054774,1.14675604740349,0.566687602349143,0.934798039705248,0.0737846409611086,0.859693260240174,-0.0661396429278852,-0.817268124295442,-0.399710556882075,-1.65390722039089,-0.452359229052486,0.640621740072453,0.181769033324736,1.2157617642735,0.0589803447466546,-0.652473142971658,0.538072726178384,1.03832321711035,0.262834974169052,0.0406006758827501,0.0237121490462227,-0.422906039433808,-0.992321729366533,0.73984033350458,-0.111136462831369,0.050766239034966,0.0686943902425747,46.95,0.0
73861.0,-1.28742544574405,1.10331195236352,1.19036025148399,2.03520285951892,0.444757169050494,-0.874740565652189,0.663972857410048,-0.923804316323054,-1.04714471190513,0.745715039988522,-0.586905732778263,-0.718986683606074,-1.06473870473312,0.480861413186814,0.136509416539017,0.310804707576476,-0.321660230456167,-0.25089683744992,-0.867464330262518,-0.430343968363397,0.740940609227752,-0.0819794391728761,0.318431682997271,0.659084826784135,-0.211083221311707,-0.0912582610722937,0.378724724096373,0.1763237942767,28.7,0.0
36164.0,-2.57987849247578,-1.41027347708844,1.12750751369343,0.0658488120652603,1.89831282279687,-1.81451529081194,0.428515750275441,-0.165444693200198,-0.361323266658786,-0.791722019863965,-0.490277866531174,0.307413576495106,1.11902324876199,-0.713631173302384,0.435180672524021,0.836579989184096,-0.56727851909427,-0.131852438022127,-0.544574400216593,-0.420220348008809,-0.350371991836307,-0.411077270295794,1.96316215968063,-0.0457730054917083,0.244367839294581,-0.0185848387641559,0.247967810701456,-0.108681119151898,1.98,0.0
77990.0,-0.494925262118273,0.312726133839402,1.8102274684703,-1.55224186583974,-1.19609135897707,-0.0164144621013655,-1.43631791652338,-2.38511441876713,1.32241001167771,-2.26062189597477,-0.347769312466021,0.260003331198952,-1.94070141708105,0.572910820819805,1.13508503570504,-0.318003734554881,0.213644514607876,-0.21798982017934,-0.834103197214831,0.372696919843351,-1.28525391362541,0.408458394857588,-0.158358116763513,0.365611465014511,1.31146001340433,-0.664083525403603,0.0714820814611522,0.176955815923798,1.0,0.0
43369.0,-3.36531852073793,2.42650326490524,-3.75222652688429,0.27601659835291,-2.30587029698066,-1.9615783188747,-3.029283444673,-1.67446174770883,0.183961286375875,-4.98092843827312,3.65788166668826,-6.40982235504524,-1.0873102947816,-8.50943318717532,1.43257178733402,-5.36989001074152,-9.06907940021057,-2.81980659631422,0.874542948076265,-0.0368373256714411,2.07000816413804,-0.512625728150551,-0.248501692422131,0.126549624264963,0.104166256940212,-1.05599732614735,-1.20016496678239,-1.01206584314534,88.0,1.0
76638.0,-0.339556990768789,0.367168847490183,0.239493020399553,-2.91035745073027,-0.142762771840197,-0.646235336830976,0.548426745015463,-0.0366693879488783,1.38230255163083,-1.25964719609743,1.38575449377038,1.0998701882045,-0.353642785569985,0.470801242952321,1.32994851664703,-1.09504913681182,-0.19517918444125,0.468824858704405,1.12042598112634,-0.0156931314445786,0.255994494169508,0.952747335302891,-0.162723414975955,-0.27060011307787,-0.213362956430648,-0.801311144764671,0.155420831991999,0.141488213124657,34.99,0.0
81226.0,-0.708327284420019,0.583911061882656,1.88492081473626,0.0496184565346884,0.23557763309257,0.124778458114951,0.83970333633547,-0.00491863783545319,-0.313101916081595,-0.192785233970435,1.48659871949216,1.27487761227708,0.441693004962807,-0.295628890101983,-0.931131232820082,-0.688580469251529,0.0138256280348387,-0.65007330918826,0.230425879923808,0.307555982267033,-0.101822672171872,0.068348219582834,-0.0340738071771645,0.263861410929031,-0.125126134591995,0.206891881578184,0.153670904178387,-0.0540110159125482,51.0,0.0
110547.0,-1.53281036094493,2.23275183861699,-5.92310007493809,3.38670841159996,-0.15344334000728,-1.41974768064009,-3.8785763388613,1.44465586239817,-1.46554214173397,-5.20833459337633,4.54630106888309,-7.76119403219115,1.15954032168956,-5.23161145654992,-0.171642119460071,-4.71982949844975,-4.84799196061678,-1.13432874514983,3.52773827223549,0.520839865969216,0.632504705856676,-0.070837950713368,-0.490291315112446,-0.359983126080465,0.0506775325943162,1.09567132878655,0.471741401676933,-0.106667140739625,0.76,1.0
11092.0,0.378274504006009,3.91479678866992,-5.72687201536627,6.09414095882864,1.69887526405022,-2.8073139468834,-0.591118212837213,-0.123495593086659,-2.53071281390832,-5.15309460989926,4.65408842254301,-7.83953899762349,1.37181858033581,-9.63468971263612,-0.739596855842826,-0.663203945673478,0.891934540534899,0.978675639075006,-2.00547660274646,0.440439440893876,0.149895683076911,-0.601967245529085,-0.613724335539499,-0.403113687819411,1.568445255978,0.52188393400233,0.527937749881352,0.411910405834512,1.0,1.0
8808.0,-4.61721720415581,1.69569365346656,-3.11437220079491,4.32819855298178,-1.87325699086527,-0.989908135538263,-4.57726462658038,0.4722161584519,0.472016953377646,-5.57602263642415,4.80232276125089,-10.833164469314,0.104303875698575,-9.40542306160986,-0.80747786866047,-7.55234220350747,-9.8025617903912,-4.12062883466552,1.74050729036196,-0.0390459343384186,0.481829697240067,0.146023056445948,0.117038527549065,-0.21756459883966,-0.138776043706563,-0.424452881068275,-1.00204142597227,0.890780287970655,1.1,1.0
7519.0,1.23423504613468,3.0197404207034,-4.30459688479665,4.73279513041887,3.62420083055386,-1.35774566315358,1.71344498787235,-0.496358487073991,-1.28285782036322,-2.44746925511151,2.10134386504854,-4.6096283906446,1.46437762476188,-6.07933719308005,-0.339237372732577,2.58185095378146,6.73938438478335,3.04249317830411,-2.72185312222835,0.00906083639534526,-0.37906830709218,-0.704181032215427,-0.656804756348389,-1.63265295692929,1.48890144838237,0.566797273468934,-0.0100162234965625,0.146792734916988,1.0,1.0
87156.0,2.03741990071285,-0.204353049934242,-1.23675998236587,0.210618214531656,0.0371851606802269,-0.603160495100136,-0.0191958265705084,-0.0711656092760879,0.481849542772533,0.267957005583857,0.454971230357421,0.403658591330747,-1.1052174915292,0.682765106968778,-0.457629752254897,0.202984763204876,-0.561721861650726,-0.19182067783961,0.52183392722656,-0.280012099010238,-0.271032826862548,-0.730796666644684,0.298825318045844,-0.497578024948744,-0.32931162876151,0.21217692369153,-0.079457149242667,-0.0771591669494092,1.98,0.0
41181.0,-7.33434102050082,4.96089229123138,-8.45140959148547,8.1748251681484,-7.23746372952055,-2.38271066458273,-11.5088418575552,4.63579753722901,-6.55776036636164,-11.5198609264142,6.45582813287588,-13.3802218737527,0.545279226790884,-13.0268638593173,-0.453594543596495,-13.2515419788937,-22.8839985767803,-9.28783221397402,4.03823050489431,0.723313822249839,2.15375502636012,0.0339216178167887,-0.0140949200284419,0.625249955306557,-0.0533903339689031,0.164708739959664,1.41104749421382,0.315644799820923,11.38,1.0
13323.0,-5.45436177939673,8.28742055534983,-12.7528112729386,8.59434189301081,-3.10600228114338,-3.17994875686414,-9.25279393795831,4.24506220985367,-6.32980084623466,-13.1366983691039,11.228470279576,-17.1313009454468,-0.169401056814124,-18.0499976898594,-1.36623566099065,-9.7235653091894,-14.7449024646768,-5.24730110631125,-0.574675143795817,1.30586191483437,1.84616479291417,-0.267171794223081,-0.310803969751621,-1.20168545799806,1.35217609502433,0.608424596360403,1.57471478384204,0.808725205090233,1.0,1.0
51823.0,-0.456934977617221,-3.52125007361648,-1.44643349017199,-0.444571277844389,0.367938427567767,4.08829705322243,-0.104653375922994,0.802728384497813,0.836750970922446,-0.736490496140383,-0.385356643771829,0.29299669118257,0.198842766959805,-0.130269171264216,0.585201025382159,0.668596554624813,-0.521514254026972,0.152372811941026,0.368131284033086,1.91069618319187,0.360383640393734,-0.976174532416643,-0.751193758754923,1.14319133483813,-0.137683384326108,1.25811300328438,-0.22878253655743,0.161420693448808,909.49,0.0
102619.0,-2.48836288474016,4.35901910783724,-7.77640985018266,5.36402677044258,-1.82387723220959,-2.44514013600669,-4.96422092061784,1.48489015991725,-2.94789885841072,-7.17534972178322,7.34365210856032,-10.178995535122,2.14215063066493,-8.98305216762269,-0.473746033414928,-8.14334226244301,-9.78567719982127,-3.08651950539248,3.37971333584943,0.792274684105994,1.32567239039937,1.02122620503862,-0.266476205063069,-0.370880444896658,0.365535186093547,0.081372023747405,0.184983040876449,-0.211582455539506,1.0,1.0
7672.0,0.702709900098753,2.42643280600508,-5.23451329584052,4.41666124290876,-2.17080621591773,-2.66755356121463,-3.87808845483572,0.911337122229195,-0.166199039175942,-5.00924850212751,4.67572941865677,-8.16718805173089,0.638559282180499,-6.76333439062322,1.29686025605627,-3.81175840977789,-3.75412806618729,-1.04917740227906,1.55419726345897,0.422743129198702,0.551179689117248,-0.00980235731325313,0.721698230069415,0.473245751402033,-1.9593037711687,0.31947554010746,0.600484916486359,0.129305225096566,1.0,1.0
93879.0,-12.8336314219519,7.50878980635543,-20.4919522106577,7.46577999198461,-11.5753037055975,-5.14099947650773,-14.0205637048257,8.33212047126021,-4.33771253089739,-15.5637913387301,7.61081978841573,-15.5923232225286,0.504789055226229,-13.2478885958622,-0.796526030140245,-10.3423283585648,-16.0445243414767,-5.8821359384126,1.57369789640089,-1.37892322363159,2.96684240389381,0.615344322057327,-0.766494757432984,0.431261005079751,-0.104974994617143,-0.0100913270781415,-2.4008113496639,-0.720556600051925,104.03,1.0
84204.0,-0.937843305478391,3.46288948991687,-6.44510395393435,4.9321986662268,-2.23398306982245,-2.29156112129773,-5.69559392853253,1.33882463362261,-4.32237655329329,-8.0991193981365,7.18296700883659,-9.44594338249901,-0.314619967520224,-12.9914655817567,-0.136358931959623,-6.36752437517144,-12.7343938853776,-3.84512965889743,1.00766725992114,1.12953228130351,1.06655024941577,-0.521657289347299,-0.319917292909547,-0.405859088093617,0.906802159957716,1.16578389011737,1.37449533233535,0.729889341911333,0.0,1.0
26859.0,-0.898102431200738,0.44649064602607,2.52025732814236,0.230987634189093,-0.128567564920093,0.398574551532995,0.137867581331926,0.394867561340653,-0.193379931320466,-0.685094765978618,1.19727680624635,1.07154043657499,0.199842497294017,-0.226223683723307,-0.573014493776494,0.267669149746625,-0.592048062151585,0.249941829324356,-1.18451856566332,-0.042173079249847,0.344087125039591,0.996536868861078,-0.133914620207016,0.233722541684378,-0.0201846067096023,-0.408694679282637,0.140045441899715,0.122315855627099,41.0,0.0
68160.0,-0.344017347017739,1.04734379161327,1.26371198465102,0.0728484256008202,-0.0843263998778099,-0.997177893140935,0.655160128934532,-0.0122751216421791,-0.230192570840538,-0.483293192014936,-0.403489334906964,-0.667516113039794,-0.981189323728355,-0.210461115974245,1.01496108989527,0.436522702189875,0.0691345254600569,-6.6081900898399E-4,-0.0828103002255152,0.0504934465191981,-0.274913274567564,-0.780150180763291,0.00585613391695095,0.298126686375886,-0.195814297288335,0.075756404773489,0.237289431903043,0.0960455208577207,7.16,0.0
102318.0,-1.02063166582361,1.49695912243222,-4.49093711758335,1.83672705849852,0.627318467501556,-2.73556861001066,-1.54627364241291,0.459821576439238,-0.68274140597399,-4.36310219273296,4.28702087961434,-5.40376835689762,1.26026230900043,-3.08774290682652,-1.31748806297981,-3.53705628406879,-3.17202752176385,-0.52988508450368,1.01162645030639,0.443488532055906,0.773630966413973,0.86061818130652,-0.304666447555476,-0.155499583027691,0.41216629075428,-0.220079647308722,0.392337584118175,-0.0200894870934853,22.04,1.0
114842.0,1.85429681638711,0.31103418446751,-0.260539305756123,3.82941111906484,0.323135715252312,0.915647524012189,-0.291150763032055,0.221628977560354,-0.609586525563565,1.4375116847696,0.107789794380415,0.969888011700998,0.374789308576722,-0.258913160725058,-2.67849693177229,0.560109314046101,-0.682822710277815,-0.0278750015076956,-0.980690046875659,-0.246947796334869,0.138483465745379,0.643336434415113,0.10065062332708,0.786195318926889,0.10760872633535,0.076741108171988,-0.00776502298085788,-0.0484671037561217,1.51,0.0
39729.0,-0.964567282813312,-1.64354066791439,-0.187726849232163,1.15825311047012,-2.45833564593802,0.852221660377025,2.78516254594393,-0.30360853861401,0.94000553101046,-1.96530880945923,0.159743522312315,-0.490697387341298,-1.1819769933833,-1.95887596969497,1.15274328622613,-1.34126935794233,2.49832484974359,0.777831088916474,1.4060448737262,1.78444933498197,0.447180121733859,0.536203895046365,1.63406050110051,0.203838849073356,0.218748854725954,-0.221885828382479,-0.308554718022245,-0.164500017914328,776.83,1.0
93860.0,-10.6323749061596,7.25193622855414,-17.6810718207918,8.20414440620562,-10.1665907519072,-4.51034377036334,-12.9816061559658,6.78358879797499,-4.65932958355558,-14.9246547735487,8.38914233451929,-16.4655039422141,0.33851695978655,-14.224403603167,0.556584472572111,-11.683998043525,-15.8416159780561,-5.75319975278369,3.81304079276336,-0.810146481561289,2.71535704420309,0.695602689761576,-1.13812206664164,0.459442241911828,0.386337323495895,0.522438449202614,-1.41660373652915,-0.488307035713995,188.52,1.0
25254.0,-17.2751911945397,10.8196653713117,-20.3638859739149,6.04661174671427,-13.4650333517322,-4.16664724489873,-14.4094479851747,11.5807967244857,-4.07385571204177,-9.15336803834587,6.21088301172371,-8.77857203246194,-0.0613674966661798,-9.57466229922106,0.0492885399107771,-7.41848727872681,-14.1027718764864,-5.01642333521081,1.39031436050276,1.54497046707519,1.7298040916597,-1.20809608165502,-0.726839224163999,0.112539673508366,1.11919347248491,-0.233188990129274,1.68406299250578,0.503739738280361,99.99,1.0
93823.0,-3.82193880087939,5.66724730913206,-9.24496345774236,8.24614693395311,-4.36828608664298,-3.45073451820581,-8.42737802930292,2.30560850484611,-5.33807918394682,-12.0111608836062,8.62125508140256,-18.6837146333443,-0.962073428413392,-15.2976561861343,-2.41413212341002,-12.105602245184,-21.3381950868483,-8.04543571561822,0.15601503277122,1.11524688892983,1.99051970513882,0.0833533215963405,-0.0622635530228708,0.390187802079359,0.329883884451897,0.0980170825531413,1.86957016296191,1.00084956292018,75.86,1.0
70346.0,1.14098397048376,0.0592113084717943,0.11231178113,1.13163794114542,0.192664694871943,0.533776996748782,-0.0591684289076751,0.196970368107788,0.142647544492426,0.0509799700878083,0.472450801636945,0.759765051141995,-0.528775211341298,0.311282014977681,-0.694335691445771,-0.303554807607642,-0.211985812015714,-0.201679602462398,0.179361567148549,-0.154204961529409,-0.0912763981378626,-0.114328739121853,-0.167486367928284,-0.658905079136565,0.704686671067508,-0.287731904747932,0.0294665122560579,5.63243699102114E-4,23.42,0.0
110087.0,1.93494645561548,0.650677737498259,-0.286957048622899,3.98782809057201,0.316051835129206,-0.0994493763543019,-0.0214831582313935,-0.172327298889228,0.508730034701461,1.07295520625891,-0.427567391481657,-2.777649223895,1.63714014878874,1.5710801214626,-1.44536681818908,0.908649625166723,-0.122016068028642,-0.104109917156777,-1.6840216339214,-0.344452123814994,-0.173601631022283,-0.190973581696087,0.219975571293889,-0.216596550704603,-0.136691885594352,-0.129953649978571,-0.0500768352982461,-0.0510818960798855,1.0,1.0
77154.0,-0.715413746430203,0.608590312773943,1.15550089022062,-0.267565092666965,-0.563747540811752,-0.618897959603515,0.698307698659261,0.0698369023541396,-0.133341030527008,-1.02533539256113,1.50062918076179,-0.417898026653376,-1.59029515148629,-1.07499904137371,0.288234297659522,1.37776850908719,0.22388685433899,1.31107267514226,-0.896071786353489,-0.186977992930248,0.130748607589043,0.239389294462508,-0.0902274074581911,0.411572390517299,-0.216125965872995,0.353896329216255,-0.0623612631790606,0.00843300173166346,129.0,1.0
65049.0,-1.08507317256729,-0.789745655575111,2.30529331436476,0.8099654406139,0.627217922913341,-0.0404442873886618,-1.05800986170214,0.515827667173692,0.0772234966748536,-0.257892728879192,1.17567448911003,1.24838028778526,0.477327004972438,-0.307947673983956,-0.0973901731153505,-0.3124618765481,0.0959226364590817,0.0231756036382492,0.667299567956779,0.361640319186406,0.165330081980461,0.329342278813003,0.169003544832247,0.0748334529483691,-0.28793941631558,0.38811841849481,0.0224813798540528,0.035545141461099,11.5,0.0
68281.0,1.27645609435674,-0.704275588105351,0.246262113537047,-0.663922318541966,-1.1544668441331,-0.992483943659345,-0.5001632442726,-0.0852052066702005,-0.953534711316019,0.847015707998864,1.37861395444926,-0.645190374274057,-1.42055714895672,0.44275254366468,0.10635062794051,1.20145807584282,0.201009322767092,-0.770789240819493,0.726103760921179,0.0744099281648941,0.289143187547302,0.556097090831966,-0.125362948919523,0.532779810245358,0.506663065937272,-0.146555303262007,-0.027957031247517,0.00744813132670271,58.45,0.0
68207.0,-13.1926709562391,12.785970638298,-9.90665002092758,3.32033688288942,-4.80117593230105,5.76005855618556,-18.7508891580107,-37.3534426378925,-0.391539743919107,-5.05250236713858,4.40680552357904,-4.61075647740608,-1.90948796970811,-9.07271093398351,-0.226074450896345,-6.21155748212485,-6.24814535335983,-3.14924669470095,0.0515761185277783,-3.49304991519446,27.2028391573154,-8.88701714094871,5.30360690376998,-0.639434802306313,0.263203123457008,-0.108876929971315,1.26956635541013,0.939407362758877,1.0,1.0
76876.0,-1.29835900258265,1.07967115744319,-0.180677930886891,1.28783908383189,1.85827347944352,-2.22369500209375,0.525166986044906,-0.0968743110676978,-0.168893374133313,-2.544410418956,0.706999574201444,-0.835695915134352,-1.02211731659325,-4.99399178918475,-0.455706843211384,1.31536513941655,3.63919954823548,1.62342609471098,-1.53933883157799,-0.18757199362802,-0.332983053581271,-0.851270427572191,-0.370799798865314,0.29824168728035,0.442929877216587,-0.522832450531743,1.04856507220322E-4,0.135698346061769,1.0,1.0
21662.0,-18.0185611876771,10.5586001882538,-24.6677412485732,11.7861803616399,-10.564656569212,-2.64568119936245,-18.02346767268,2.69365540308048,-6.21946362785238,-12.7447607871859,9.31813768535999,-13.3778574339457,1.02192386777466,-12.7843458873548,-0.451145843251939,-7.55136493140559,-11.3259968724596,-4.70125277749548,0.516317073274611,1.00770320533757,-2.31947946208034,0.908838783150801,1.35290370698024,-1.05922233762791,0.185750941504222,0.687037383632165,2.07808058379956,-1.42951702264525,1.0,1.0
61108.0,-2.7560071191969,0.68382137690334,-1.39016888269883,1.50188726081003,-1.165614355805,-0.13120694925796,-1.47874061646082,-0.246921578045176,-0.100522731731488,-2.30110989675506,1.91445404493049,-3.8309980112302,0.719488566785256,-6.35301985790071,1.43871619241123,-3.29723907467834,-4.86297149937169,-2.00235399924327,1.54523326964355,-0.106944639579729,0.320473875601072,0.61102668559867,0.174863684107414,-0.502151101117601,-0.174712784335661,1.17924208342707,-1.16631532833921,0.821214803121569,101.5,1.0
41204.0,-8.44028396323147,6.14765332384605,-11.6837061588856,6.70277957100753,-8.15583929706995,-3.71626415558662,-12.4073130564101,5.62657129554302,-6.23216089363823,-13.3866834395246,7.60555947435276,-13.351815018081,0.827049642773684,-14.9794773489142,1.53281308437662,-11.7714969677127,-20.2992165093576,-7.60911006016911,3.80913643570604,0.520732330180873,2.19285541971989,-0.282596814624446,0.00806849811246454,0.403858336982018,-0.0187883930291726,0.522721636106603,0.792690689790115,0.0677895462043786,30.26,1.0
91634.0,1.96334587708166,-0.35292047487887,-0.281859589079449,0.569873527893154,-0.373951568911322,0.0535440503537397,-0.730724361953785,-0.0769660328391925,2.39541733391062,-0.413243750290552,0.0450586949838111,-1.67426436389498,2.86257878851447,0.948248271113517,-0.401428563529755,0.235510400169962,0.177535822950291,0.189762356764369,-0.525393907048098,-0.0996498470218374,0.082098102333321,0.693385403716786,0.136132892093514,0.638074571022454,-0.206173551128292,0.560051606468588,-0.0449010345436288,-0.0432326027390439,29.99,0.0
34256.0,0.539275913891047,1.5548897630737,-2.06618033324968,3.24161746276725,0.184735711234243,0.0283295594064726,-1.51552137985061,0.537035374444064,-1.99984603560986,-2.13317644293659,2.75617194535395,-2.24286436771513,0.615204246860345,-4.65280380668112,0.222163815521883,-0.775666019840941,-3.21861825150599,-0.370992501046414,-0.686196723569762,0.302734578907132,0.371773459120687,0.111954592156869,-0.305225078771695,-1.05383526243402,0.77117490696746,0.240878213732036,0.418434531995645,0.232169715166482,19.02,1.0
11131.0,-1.42662331260887,4.14198623236944,-9.80410344235714,6.66627300324451,-4.74952679326515,-2.07312900595144,-10.0899311630826,2.79134529885187,-3.2495156171301,-11.4204509744097,10.8530116481991,-15.969207520809,0.546690084634152,-14.690729133641,0.91233739988339,-12.2271892780267,-18.5873662058916,-6.92076186060174,3.16699890688552,1.41067765264616,1.86567876848945,0.407809281593599,0.605809354312964,-0.769348118123441,-1.7463368287861,0.502039516709683,1.9772583297728,0.711606531209485,1.0,1.0
48884.0,-2.13905055735992,1.39436766175691,-0.612034894995233,1.04932705568948,-1.1621019076536,-0.768219363115428,-1.99723740081007,0.574996543366778,-0.98083177624058,-2.49561924548174,2.5555891530874,-3.53043627008024,-1.01623381526368,-3.45519657744236,-0.0563633864076254,-2.46773703008032,-7.14032596614864,-1.27128002161365,-0.00172192354163427,0.0254265126136498,0.696954881120808,0.740003045389771,-0.15511524943514,-0.0506074460808317,0.268368293338874,-0.469432841163864,-0.405813768055179,-0.152170846988601,19.73,1.0
55614.0,-7.34795494690262,2.39704134824746,-7.57235581757844,5.17781925521834,-2.85483828261718,-1.79523877381611,-8.78323473517424,0.437156561210431,-3.74059750992972,-8.33286306292127,5.76318940883843,-8.70787929219866,-1.71694948774786,-9.57719439289905,0.146369002626258,-7.58649078643175,-12.5039309695675,-4.37563101237668,2.46519487038601,0.0731637913502985,-0.175273369741836,0.543325051876651,-0.547955067054245,-0.503721690122004,-0.31093277648824,-0.16398601754964,1.19789504657005,0.378186688214491,0.83,1.0
121234.0,2.19397481375918,-0.779548956515127,-1.53218082973019,-0.793494237088174,-0.434267207830336,-0.338474692589071,-1.03879422382823,0.0394503246315099,0.300213753680141,0.115289932778775,-1.20439144664663,-1.73491846024973,-1.00932597547412,-1.89912924521763,0.570732959419811,1.95577843408116,1.17490965242275,-0.0274376773891734,0.483814964879951,8.95271134447637E-4,0.173228600526401,0.492169156647796,0.0686743681901179,-0.0512752510426639,-0.0835993265030817,-0.0766150237857277,0.0142508199112991,-0.01391447914645,19.95,0.0
96135.0,-1.95293262584861,3.54138524292281,-1.31056140773257,5.95566359407,-1.00399266347247,0.983049267722507,-4.58723460197373,-4.89218360319852,-2.51675203271071,-2.85032390160027,2.02467408050134,-6.48774641306604,2.37646259977422,-2.24151634571345,-0.566869734947616,-3.93685691797738,-6.12719357199364,-2.32855196140235,1.56212955232854,1.96502978343686,-1.99809122812016,1.13370623369264,-0.041460872197789,-0.215378738296157,-0.865598577097396,0.212544577403768,0.532896738259478,0.357891632792824,18.96,1.0
41991.0,-4.56634156694274,3.35345148012501,-4.57202780762531,3.61611930403552,-2.49313810882875,-1.0899997127127,-5.55143306976649,0.44778308394893,-2.42441402571208,-5.69992228265959,3.58682418337431,-6.63622904939297,-1.1281764439465,-7.24554959537009,0.638325536245456,-6.85681003898144,-8.85187850534679,-4.5918832274368,0.936939858866071,-0.249127726683026,2.67446587862872,-0.0208799797343963,-0.302447083877198,-0.0863964000107124,-0.516059779833395,-0.295102234035121,0.195985145691014,0.141115102721758,1.0,1.0
64785.0,-8.7444146436792,-3.4204679837707,-4.85057473189452,6.60684578567387,-2.80054617200457,0.105511583647205,-3.26980129883546,0.940377922978903,-2.55869060182863,-3.62477471396623,5.26786160380362,-5.58369692598496,0.173895592410693,-6.67997675520914,2.08419914311417,-4.3488914455328,-8.76078602293495,-3.40754854415232,1.33293006548133,-1.81831542477292,0.102912553839685,0.311626102287519,-4.12919549979785,0.0346387321763146,-1.13363123097119,0.272265246225774,1.84130726881613,-1.79636258672205,720.38,1.0
26585.0,-19.8563223334433,12.0958932259299,-22.4640827464876,6.11554110191771,-15.1480215209615,-4.34672408349599,-15.6485074722661,13.2768048056341,-3.97416161954102,-8.85919405880884,5.73081553744459,-8.08803351213651,0.230824969324902,-8.57897327333454,9.46636693186079E-4,-6.94774606726094,-13.4728970076501,-4.94021082886802,1.23014255193802,1.58292955492187,1.75072984045421,-1.40963570908141,-0.809809278333882,0.121396659905885,1.35030007077468,-0.224291873525585,1.59762136835254,0.476919818025438,99.99,1.0
55279.0,-5.75385192191905,0.577609830544052,-6.31278151817008,5.15940136394611,-1.69831984974091,-2.68328644007023,-7.93438913772177,2.37354992013064,-3.07307886895315,-7.14513662527302,6.25006758982915,-9.15082268467043,-1.37614146959781,-9.98258470738767,1.2022169675584,-7.56504249195105,-13.691474448179,-4.36686728138342,2.18142273556017,0.0175000205275833,1.17785240817647,0.175331359039045,-1.21112332108691,-0.446891081681294,-0.405520352964176,-0.165797490498776,1.50551591304239,0.359492050360598,1.0,1.0
82911.0,1.29259941254041,0.336997108644494,-0.140916330729744,0.297539263796637,0.334655647156676,-0.0646075473080172,0.0279067604995727,-0.0391340758077903,-0.293526987178689,-0.141189532407868,0.753953792957536,1.05335515567066,1.31203640057854,-0.352576533180574,0.372192007889616,0.969680479468818,-0.734991613317666,0.458053910519844,0.523633333621542,0.0331678384478789,-0.300320520594416,-0.853109133256289,-0.0412071929120948,-0.864155567848058,0.373419732816824,0.14652551903709,-0.0223509518860892,0.0110692746448068,3.59,0.0
27163.0,-23.9141008948243,13.7659421584186,-25.7337337663194,6.2909179135006,-17.7848236618953,-4.57249762015164,-17.3907644695894,15.7941361803271,-3.81983218698836,-8.44226241787632,5.02011249777419,-7.0464278465108,0.692785249374773,-7.07689932873899,-0.0465348409616521,-6.20823797273981,-12.5320624040465,-4.82885763250639,0.978636193358608,1.64003733516462,1.77339928248294,-1.74842552125898,-1.09310448820022,0.147807442391992,1.66379235724108,-0.221024471156944,1.45807561131952,0.43031504868091,99.99,1.0
83999.0,0.427680744987636,-1.0575514902512,-0.666178853490419,1.41032999828802,-0.136650085868886,-0.229986188026544,0.965491768033886,-0.364394608560961,-0.0297326391144684,-0.299878992778733,-1.19920354686258,0.611087215322831,1.09731348851328,0.106401491239072,0.0364840917456876,-0.161594639892052,-0.445540954777243,-0.187732069352052,0.0887363444595397,0.848473938462218,0.197025060997842,-0.241737952742464,-0.665380626112572,-0.387567125120808,0.825058066813841,-0.276130678005261,-0.0694947476216676,0.0862079399163365,456.89,0.0
57837.0,-1.99986575520859,0.825302757207352,2.05910310747842,0.678384317590997,3.23398771324577,-0.741131131847671,-2.64544614310651,-2.95692296450222,1.2100148865932,1.34479845590229,-0.875284657477393,0.622433898401416,0.198267168073004,-0.873456813499856,-0.276966437259271,-1.10889200986624,0.0971875246416887,-0.899632075428665,-0.122243379500962,-0.675598682782396,2.26792718238971,-0.963323721936531,-4.51990501731914,-0.204333459145692,-0.929882429401892,-0.493206474641193,-0.717754977657758,-0.32818099779027,1.18,0.0
113941.0,2.33422599290293,-1.33780097211565,-1.01178932152123,-1.7413684255525,-0.860336719947999,-0.0370691845603118,-1.21117453978884,-0.160364090455238,-1.210342256066,1.50486995645287,-1.46659231495771,-0.291965659662151,2.0389419064585,-0.888129492617685,-0.130219967908724,-0.263503494791837,0.0657587815799918,0.112559263856087,0.0627982664937077,-0.284406936369618,-0.180076722259644,0.0427659590960928,0.182870582048539,0.0501591714305307,-0.117916115602527,-0.171160692701358,0.0293824861228432,-0.0411876877442154,19.4,0.0
94362.0,-26.4577446501446,16.497471901867,-30.1773174564996,8.90415677106517,-17.8925996927224,-1.22790388102871,-31.1973285494605,-11.43892041491,-9.46257260540015,-22.1870885620007,4.41999660154863,-10.5923050053728,-0.703795803703315,-3.92620731586873,-2.40024649210124,-6.80988994039049,-12.4623149481086,-5.50105078380738,-0.567939572890149,2.81224110932946,-8.75569832116533,3.46089334478551,0.896537503959012,0.254835536763482,-0.738096558530353,-0.966564233789852,-7.26348214633855,-1.32488430656137,1.0,1.0
65011.0,-4.47104774956186,-1.0727119748181,0.13707477049447,-1.89528588159079,-1.63993111905241,-1.07248860377152,-1.1050828587179,1.58550259677532,0.598413683801153,-2.49686633123086,0.640431084757378,2.1144466483305,0.828927695575968,0.860764354381093,-0.113129715732181,0.711375888020245,-0.0877573305562284,0.789738785592021,0.209629121408468,-0.964041513641817,0.248133869368119,0.622309642850034,-0.38885071218119,0.503019804881044,0.572192856652004,-0.0583757772840755,-0.302934066058625,-1.01311940648881,59.0,0.0
45757.0,-1.08709008938684,0.422287070260334,-0.29157596998687,-0.265648221871534,0.117342538854782,0.907003863509472,1.71817888569612,0.377479095375929,-1.39339031422416,-0.861698108339939,0.314421865653737,0.965730860264701,1.30475974244055,0.681543701039564,-0.022613238823866,0.32929278403246,-0.651320955121937,-0.149079254661311,0.588172271049763,0.605548497513054,-0.0230331101348592,-0.744292981721385,0.696959348899648,-1.3731312273911,-0.319729211680754,0.00494684353638819,-0.126414374116125,0.0881594326585271,321.07,0.0
56284.0,1.26063135814982,0.254749792329021,0.51269291600575,0.619459940477197,-0.472974955088702,-0.989162157023294,0.0660945759563179,-0.208911146823529,0.0358655338079554,-0.0675402747198971,-0.208949105786064,0.401139578961346,0.378302486598467,0.226616522476787,1.02529916177816,0.301090770508738,-0.428109255954499,-0.548632171565453,-0.117752414068419,-0.0891313203353249,-0.257002134887053,-0.740074240661555,0.135205521638323,0.376444060930128,0.220136223711258,0.0946525457605997,-0.0286533503570675,0.0191097940031869,1.79,0.0
62793.0,-0.139624319781612,0.128929942089121,-0.293454835801229,-1.00137724246418,2.03175762933131,3.60351581932438,0.0807800982587749,0.912374829592208,-0.270586613198398,-0.393764876891,-0.331978126523236,-0.251265820134932,0.0523981357486719,0.16421100512958,1.03900821031079,0.673509559594733,-1.01709382530702,0.531391276413871,0.108841582146257,0.255289932498326,0.140832430113611,0.103601842989327,0.206244228625123,1.01313840631245,-0.500429014033319,0.210985625220933,0.0591358694650991,0.0978229608339084,97.12,0.0
67451.0,1.28229632751559,-1.17693847140187,1.51126088315266,-0.35248847467253,-1.84636054777092,0.605748552047567,-1.72233366335447,0.439872459472371,0.61576068046762,0.456437488757331,0.0851046364529781,-0.0131834469347587,-0.951663349250307,-1.02836408968662,-1.94584784902567,0.894968181230662,0.576777639029404,-0.646451580900532,1.40671610108377,-0.00117834270375713,0.161183492051688,0.738381886662016,-0.136574616578211,0.0479236715205875,0.460046309149294,-0.0397780729461398,0.0751272845408349,0.0123742161403585,8.1,0.0
48884.0,-2.13905055735992,1.39436766175691,-0.612034894995233,1.04932705568948,-1.1621019076536,-0.768219363115428,-1.99723740081007,0.574996543366778,-0.98083177624058,-2.49561924548174,2.5555891530874,-3.53043627008024,-1.01623381526368,-3.45519657744236,-0.0563633864076254,-2.46773703008032,-7.14032596614864,-1.27128002161365,-0.00172192354163427,0.0254265126136498,0.696954881120808,0.740003045389771,-0.15511524943514,-0.0506074460808317,0.268368293338874,-0.469432841163864,-0.405813768055179,-0.152170846988601,19.73,1.0
102542.0,-1.45687631770562,3.74030556080113,-7.40451844591174,7.44096403590735,-1.5498779534738,-1.66169686169337,-5.75721301357641,1.61501101078404,-2.19488072574389,-6.80713525144464,6.82579316213884,-10.3997491177692,1.83644883978883,-11.872845098188,-3.6423925983095,-6.0441031440521,-9.75077638654123,-3.11637225405711,0.0653171492484702,0.529557330911833,0.957897451629944,0.145339479676781,-0.0447039008346728,-0.544961671329029,-0.757756535554721,-0.00535236923589807,0.318152285707546,-0.323553622642371,2.28,1.0
84789.0,-1.43086372778891,-0.802528699267131,1.12332029999445,0.389760264731692,-0.281213534404278,-0.055123492429819,1.32623248909333,0.195699815379613,-0.546889550453909,-0.71347376073502,1.27462907751277,0.0236821347785728,-1.52169610821701,0.727242085814848,0.166504662441577,0.348037591565135,-0.5663900830288,0.216016101767291,-1.14037564250718,0.634184289933654,0.325575470468413,0.0140018451191784,0.844946015847872,0.114962884542335,0.156364810543393,-0.619437446641754,-0.120351072821334,0.0355941733717493,354.33,1.0
93824.0,-3.63280894927825,5.43726336227612,-9.13652148062595,10.3072263079132,-5.42183029451154,-2.86481514933136,-10.6340876212042,3.01812657999175,-4.89164032107494,-11.2350479111446,8.78878366710272,-18.5536970096458,-0.339533407676443,-15.6231873302985,-0.188978574214972,-12.4279613630565,-20.1590474539227,-6.88889109280947,2.58609321670737,1.35406479520345,2.30988016889674,0.978660126299279,-0.0961301444473713,0.432376722544823,-0.435627929953396,0.65089278643537,1.69360750804844,0.857685371687245,8.54,1.0
23573.0,-0.517234231962163,1.10502830802141,1.94139909499762,1.23786918384332,0.292812181595374,-0.717888324151946,0.360351989601494,-0.209736144324514,0.278110023997499,-0.759681776064424,1.03522823161042,-2.26733852082274,2.74457254832583,1.00530196652857,1.06812479069253,-0.345232589448829,1.35001196079767,0.25954943099462,1.45204348653341,0.30396223717252,-0.344647608471268,-0.763592202708893,-0.0924347558446431,0.319293137340463,-0.0720956019641612,0.337669560837921,0.0344653756355359,0.0949544307228999,1.98,0.0
62341.0,-5.26775974325256,2.50671895922695,-5.29092481764433,4.8861341982102,-3.34318841087649,-1.10008548506579,-5.81050918581537,1.72634335514407,-0.749277159995058,-4.83482799462627,3.54601225001006,-7.75128547808951,-1.19569394502348,-10.0185024459282,0.29639612212368,-7.47716172698803,-9.78580026201852,-4.24397714797126,2.68112678165858,-0.286043269744833,0.764265624858483,0.473261684078133,0.54848172305712,-0.15685005182413,-0.71018694460215,-0.366422677340972,-1.48676592030738,0.677664104601632,1.1,1.0
35653.0,1.54402641302852,-0.761242908980963,-0.17433402858969,-1.39811110656457,-0.898719910889933,-0.884399729263868,-0.51660346246968,-0.301736229758136,-2.25225483023085,1.44899397411146,-0.189409114291241,-0.669419519666465,0.690550280560672,-0.0730806840158219,0.487416782621338,-1.08547118788045,0.923324456707021,-0.745374368074212,-0.480295597518074,-0.38200833283334,-0.149320674156989,0.0567173843627435,-0.0448383149098325,0.0752607543275107,0.625484743368405,-0.0526323081015999,0.0182675866380892,0.00142420067640674,0.01,0.0
18088.0,-12.2240206243564,3.85415032971366,-12.4667657248211,9.64831072711484,-2.72696132147655,-4.44561038185083,-21.9228110340575,0.320792273696859,-4.43316165783721,-11.2014000859835,9.32879925655782,-13.1049334662012,0.88848078772943,-10.140200337183,0.713465392614318,-10.0986706554809,-17.5066115481045,-8.06120798966267,1.60687003263877,-2.14718143950284,-1.1598299509044,-1.50411888189644,-19.2543276173719,0.54486672601225,-4.78160552206407,-0.00777228109993075,3.05235768679424,-0.775035651186717,1218.89,1.0
87967.0,-3.09270442037151,2.6180032778823,-1.1310598131476,-2.66327463103295,-0.709831203392834,-1.79837770163089,0.11916134365071,1.10487802888948,0.934158171524281,0.0945558961077889,-1.36399374038407,0.114435117065873,-0.908978339471188,0.844233076146452,-0.405602700346689,0.546227705416725,-0.296445924762799,-0.718115934599168,-0.979772100424665,0.23359109547462,-0.341029049113955,-0.990173095109643,0.148665080972055,-0.0682310534471772,0.26402261155983,0.400344481020477,0.355035974084468,0.329634052921812,1.0,0.0
48448.0,-0.494880680531803,0.683693928063198,1.72334244548808,-0.145873266715035,0.021973574599256,-0.141889331117106,0.818206160459365,0.0229067500250723,-0.410477387933484,0.0117481840872963,1.64454459665583,0.226279710968051,-1.00017891783245,0.349058041023165,0.513611702021089,0.00992824739464134,-0.348523905012353,-0.275368537348564,-0.13283854506375,0.18176834368633,-0.17084290282989,-0.37874074537574,0.095184569377417,0.175914705443762,-0.362105020971956,0.0439157741536891,0.0936213006645503,-0.112171928711231,46.78,0.0
55438.0,-1.11894599835523,0.836745476128703,1.29629957457612,-0.575257001410728,0.79947206359839,0.812294122554724,0.900960362495024,0.0393345113407772,-0.100622401857331,-0.0453208792702783,0.788864821228478,-0.306004310617622,-1.18636616947173,0.23349277562114,1.91342047503541,-1.6263566018111,1.01077393524486,-2.34522689705363,-1.40946097559255,-0.19194611785573,0.0729865611713334,0.569142540321444,-0.129862941263407,-0.601750073908453,-0.346714620638059,0.569523056962954,-0.940117653480208,-0.656029507734215,23.0,0.0
41369.0,1.23258090277817,0.176801533935338,-0.0174936532626392,1.15752220729884,0.343282454504077,0.397087704549406,0.0496965568021839,0.0482010474985813,0.357673324336943,-0.124367496965204,-1.43464948933652,0.204531221479242,0.058871777467377,0.00307412974797343,-0.0216016020277985,-0.429934367260855,-0.103128276568515,-0.651035957703914,0.0111500698511471,-0.153488211242012,-0.166883349299316,-0.241557570388479,-0.187988976894841,-0.913036457255589,0.797448340317991,-0.250591778922972,0.0383418219573734,0.00613941920879928,10.0,0.0
84204.0,-1.92745281973369,1.82762056700016,-7.01949468454197,5.34830323951426,-2.73918788004738,-2.10721929638307,-5.01584797563431,1.20586815982046,-4.38271250852199,-8.33770697381781,7.19030608944843,-9.42484446049178,-0.223292646427513,-12.8754942229841,-0.071918160688794,-6.2999613976222,-12.719207160428,-3.74017615583058,0.844059610296466,2.17270905626492,1.37693832294098,-0.792016725563067,-0.771414187530036,-0.379574271539528,0.718716522008066,1.11115125599517,1.27770725705846,0.819081152045361,512.25,1.0
48884.0,-2.13905055735992,1.39436766175691,-0.612034894995233,1.04932705568948,-1.1621019076536,-0.768219363115428,-1.99723740081007,0.574996543366778,-0.98083177624058,-2.49561924548174,2.5555891530874,-3.53043627008024,-1.01623381526368,-3.45519657744236,-0.0563633864076254,-2.46773703008032,-7.14032596614864,-1.27128002161365,-0.00172192354163427,0.0254265126136498,0.696954881120808,0.740003045389771,-0.15511524943514,-0.0506074460808317,0.268368293338874,-0.469432841163864,-0.405813768055179,-0.152170846988601,19.73,1.0
100501.0,-6.9852674861123,5.15109356872598,-4.59933777342036,4.53447860064768,0.849053978611719,-0.210701203278644,-4.42522968507474,-5.13452515572624,0.0693205728889109,-0.870997150804889,5.20081516878268,-7.80222778971281,0.0339124179895287,-7.56013197197136,-1.01465193469311,-1.50792960088674,-3.41027456780471,0.107544007359072,-1.37551765637273,-1.24699631854492,5.45367185347674,-2.05617714358307,-0.280333720590026,0.120771472511766,0.569357720918146,0.145971466001576,0.300193469284684,1.77936385243205,0.76,1.0
76091.0,0.704141373606496,-0.551401263443635,0.350998876532505,1.38605413463224,-0.598464897800962,-0.26611634665029,0.206155413655471,0.00709004392233266,0.186548839501864,-0.105534463930298,-0.306326684338357,-0.234822771381472,-1.05600399822921,0.592477499030249,1.41179902096867,0.115732186532396,-0.155880227279661,-0.621447378378385,-0.755274534191378,0.249227169097473,-0.119805762217713,-0.93298055417935,-0.020548361442693,0.00661799607280359,0.0821665587182172,-0.668481217558626,-0.00796862397242513,0.0693630329296646,246.17,0.0
39564.0,-0.370333521214072,0.688085705756446,1.45708300310663,0.817634011159288,0.500841859713186,-0.1560674643622,1.32890850982372,-0.574552670602986,-0.353146104895739,0.232208942369489,-0.0478265805222562,-0.0541988808446773,0.309177995837227,-0.149793444900851,1.31743389341733,-0.780199152894209,-0.15322728698971,-0.438318805634792,0.0836662068597747,0.08645901584343,0.0862982548978527,0.696330789184962,-0.201304827983937,0.109319249145236,-0.380194591477495,-0.372933893780013,-0.207970693707288,-0.317693565516547,82.49,0.0
12093.0,-4.69679522444504,2.69386747884008,-4.47513271259153,5.4676845487781,-1.55675807549758,-1.54942028904253,-4.10421487278526,0.553934075416293,-1.49846813107494,-4.59495176285009,5.27550585077254,-11.3490285500915,0.374549235103921,-8.13869488434773,0.548570894168134,-6.65359434741365,-10.2467554066001,-4.19106626655491,0.991486122257293,-0.158970548660611,0.573898081112651,-0.0801627753981571,0.318407817148194,-0.245862202650853,0.338238431564141,0.0322706213908033,-1.50845793363219,0.608074682590101,0.0,1.0
45931.0,-2.24937977638162,-1.70447601447394,2.09776616088119,0.846277558055654,-0.527380363331376,-0.0754544012832714,0.191272074364868,0.0373632053333514,-1.15930562280576,0.321158786141757,-0.447731869425901,-0.245904749370978,0.266356315226686,-0.352846333561786,0.919301746111757,-2.08509644644822,0.560158950102204,1.204528128839,-0.574767436037952,-0.607822709060277,-0.244845365836291,0.393912981183087,1.3277312985954,0.36100732072662,0.620578542947216,-0.0262528171378717,0.300181107622179,-0.104540846598305,197.0,0.0
70634.0,1.47484655791503,-0.957294364799606,0.571148971582612,-1.23888013948837,-1.69913885150972,-1.20157397868979,-0.872565583171121,-0.28640852668024,-1.90359210937777,1.42843757017679,-0.147118811294132,-0.650430548543686,0.668638208993442,-0.33028165562227,0.520231214853983,-0.50550369256034,0.614727682314588,-0.173449035473106,-0.372617051478084,-0.30131964963159,-0.183503925989912,-0.15120601207406,0.0627641762459338,0.708022053612117,0.347548606569235,-0.228963000960807,0.0296643304078568,0.0268594038173817,25.0,0.0
87208.0,-2.11471345501696,1.38075811864016,-1.61393173118748,-2.59120030988031,0.730275218268156,-1.98387899289854,1.27108232287797,-1.02881353718952,1.27919279219243,0.450799636301007,-1.07298921290536,-0.0147255410225139,-0.915687686721555,0.26035498264228,-1.05381708165691,-0.593811659641921,-0.412679095992352,-0.846851106161427,-0.928644787042984,-0.160237040821214,0.665529921561227,0.556594981695716,0.231431736859807,0.0337915706117289,-0.0586706483975539,0.502453301029666,0.102955038437657,-0.199586664779753,8.0,0.0
68207.0,-13.1926709562391,12.785970638298,-9.90665002092758,3.32033688288942,-4.80117593230105,5.76005855618556,-18.7508891580107,-37.3534426378925,-0.391539743919107,-5.05250236713858,4.40680552357904,-4.61075647740608,-1.90948796970811,-9.07271093398351,-0.226074450896345,-6.21155748212485,-6.24814535335983,-3.14924669470095,0.0515761185277783,-3.49304991519446,27.2028391573154,-8.88701714094871,5.30360690376998,-0.639434802306313,0.263203123457008,-0.108876929971315,1.26956635541013,0.939407362758877,1.0,1.0
73225.0,-2.01354861945701,0.42555508160904,0.833028940429479,1.56522730600621,0.324868237572865,-0.220372825001503,0.29838199049112,0.307323200155766,-0.340631937205682,0.0262024908230602,-0.511902125500124,0.931565429665343,1.14993476012107,-0.0640176142771418,0.167264801670872,-1.10765087413404,0.662918038566015,-0.798745063255423,0.822648441760019,-0.304017912669217,-0.0799767509738232,0.44484689978477,0.670356208946985,0.122544872075065,0.16178723428594,-0.225366777885055,-0.0277215139221596,0.308361278973583,31.46,0.0
48812.0,-1.64577393337735,1.74317499477453,0.623723049632917,0.69867857128341,0.272636327445145,1.51009035241016,-0.706782467254178,-1.54242538225342,-0.564305636763305,-0.302913041320523,0.525540099340119,0.586552867259444,-0.314532208963616,0.881066078395128,2.02113212985715,-1.54457082300869,1.49486659376476,-1.845232642498,-1.28058916202459,-0.835372693218866,2.62812555085875,0.265902931021731,0.4454060608723,-0.668067510963241,-0.540355589401456,-0.213658536531044,0.113339338272576,0.0960020599067649,8.83,0.0
60377.0,1.01137649438193,0.38676900015711,0.3748099050016,2.96173339912892,-0.219700829814191,-0.313800516881928,0.0844794482479788,-0.0242135760773469,-0.214902274160148,0.03463696923933,-0.716343510209957,-0.15678411176601,-0.393593318835074,-1.25446168984283,-0.749625814140289,0.475447759339228,0.736761830680391,0.0123808279685971,-0.80592300992145,-0.014375163155329,-0.100994899171446,-0.258948395159994,-0.15702849648516,0.300016631999021,0.591982994714411,0.0715640764223185,0.00738383492520255,0.0568505267528476,75.08,0.0
71245.0,1.1548894930223,0.273732846412264,0.446624183325811,1.13713326556725,-0.334369926158862,-0.855596922384668,0.225782179940118,-0.25026625931658,-0.0903571915348808,-0.0493877229686377,-0.207684597455313,0.717451229948473,0.97576612563408,0.155330913483399,0.924873398941974,0.135351185783796,-0.527372212160535,-0.27210118151025,-0.391902270217691,0.00314269498450804,-0.0186167043170212,-0.0736890138362264,-0.0663090947417985,0.406985140552263,0.558589259404928,-0.446479749894538,0.0207680502901582,0.0347850288185486,44.99,0.0
8408.0,-1.81328048476897,4.91785071056565,-5.92612969400656,5.70150043141163,1.20439257214362,-3.03513754815611,-1.71340206347108,0.561257390902032,-3.79635425171163,-7.45484065078351,7.38805512292025,-10.4752286504099,-0.379314526756117,-11.7367291212569,-2.08698895215593,-2.44235398293755,-3.53552351168246,0.130360306640887,-2.07145048844325,0.576656033332069,0.615641835107552,-0.4064272753179,-0.73701807643754,-0.279641772215917,1.1067663744335,0.323885477719453,0.894766671515833,0.569518600269514,1.0,1.0
67571.0,-0.758468652663917,-0.0454102784513458,-0.168438290153528,-1.31327481447103,-1.9017625315847,0.739433414882114,3.07189204639003,-0.483422244220096,0.61820276215476,-1.7690597207318,-0.651414013964987,-0.00542329080098884,-0.517194341398293,0.217469760178719,0.883558824493356,-1.17397764863161,0.24334710955825,-0.342300728238465,0.68705620239513,-0.0324998988871344,0.0426194565214976,0.397223782011498,0.0722288654476503,-0.242275996603303,0.560916469624214,-0.540954584325348,0.150606446374032,-0.117140114799884,549.06,1.0
45463.0,-1.47689343619361,2.12231379246165,-1.22946956041319,1.20184879823143,-0.343264387787516,-1.31770390932283,-1.52814215893659,-0.620953383361586,-1.21304032250238,-2.97526724837752,3.53221960237349,-3.68263987014104,-1.15477748628793,-5.16522922685485,-0.240091425455286,-2.40492728839102,-5.67173864053893,-0.99429395124741,-0.289935891439032,0.276893466308702,1.18603560532412,-0.0402148700651311,-0.238930086824211,0.110144325976026,0.0454183699836296,-0.56923231725429,0.481018701576887,-0.0475554426964208,1.0,1.0
61857.0,-0.835737308294591,0.939148843822879,0.989446916139027,-1.64334801304847,0.182526338880696,0.0552598815989052,0.293009122477741,0.326924030009499,0.315401974620315,0.0910456588541211,0.835877957490911,0.386746245285042,-0.306757646340176,0.0250757486015718,0.181398804815549,0.726344212188703,-0.914307471079865,-0.0951114027138847,-0.629312308629947,0.244885205738363,-0.135915275213094,-0.228546167326926,-0.0722419448965998,-0.644614856034636,-0.175093550311876,0.787739965999843,0.396393390549731,0.16533619504372,0.77,0.0
26924.0,1.28852476582147,-1.32854356170773,-0.155661200421278,-1.49887606169972,-1.10987388280797,-0.280255115357188,-0.735493173166344,0.0352261900921474,-2.11334279681653,1.57375307734125,0.958324657584916,-1.0713095262579,-1.37403682043169,0.487320226507679,0.141293639657845,-0.4765930477096,0.633290962796355,-0.185783099343103,0.0709598658393932,-0.265733863459343,-0.469612923243179,-1.32966746349362,0.123323971747393,-0.413577880448269,0.0826472893810567,-0.500371599519395,-0.00796121381631472,0.0154117157152329,109.95,0.0
39729.0,-0.964567282813312,-1.64354066791439,-0.187726849232163,1.15825311047012,-2.45833564593802,0.852221660377025,2.78516254594393,-0.30360853861401,0.94000553101046,-1.96530880945923,0.159743522312315,-0.490697387341298,-1.1819769933833,-1.95887596969497,1.15274328622613,-1.34126935794233,2.49832484974359,0.777831088916474,1.4060448737262,1.78444933498197,0.447180121733859,0.536203895046365,1.63406050110051,0.203838849073356,0.218748854725954,-0.221885828382479,-0.308554718022245,-0.164500017914328,776.83,1.0
38719.0,-1.24117777547901,0.913341167669987,1.54485849396485,1.63033988060408,-1.10015343367249,1.00890448872355,-1.00558361419803,1.45831595944202,0.374095395324552,-0.685172444382346,-0.197434595953655,0.369034444111819,-2.58304785361822,0.500911861632569,-1.91250226136796,-1.09685673808754,1.35611541854639,-0.200994193085841,1.60110349814919,-0.42458458065706,-0.180811947435359,-0.477698625262624,0.077254596500356,-0.0304404962438253,-0.472669564605124,-0.455701530698339,-0.152694862370946,-0.00577218049007486,5.45,0.0
48793.0,-0.67487070821519,1.64590065384023,1.08823281155274,2.41642129190557,0.356133042420011,0.765660276549076,0.0823560552775552,0.680205339465829,-1.79115642811337,0.794522112597932,0.0248618099614605,0.0173069515292035,0.29012957910653,0.715215863202371,0.633314349957794,0.679379934637873,-0.526353105370562,0.81522500920564,1.57576550223568,0.218747397319865,-0.175042497407928,-0.5977253503813,-0.0978401694021213,-0.87043647327585,-0.263322767418877,0.0164590510345347,0.249897901167549,0.112974336961766,5.52,0.0
93860.0,-10.6323749061596,7.25193622855414,-17.6810718207918,8.20414440620562,-10.1665907519072,-4.51034377036334,-12.9816061559658,6.78358879797499,-4.65932958355558,-14.9246547735487,8.38914233451929,-16.4655039422141,0.33851695978655,-14.224403603167,0.556584472572111,-11.683998043525,-15.8416159780561,-5.75319975278369,3.81304079276336,-0.810146481561289,2.71535704420309,0.695602689761576,-1.13812206664164,0.459442241911828,0.386337323495895,0.522438449202614,-1.41660373652915,-0.488307035713995,188.52,1.0
49579.0,-0.430911200433857,1.61676489360044,-0.228290249547416,0.330844974037548,0.17868551254937,-1.48426323138218,0.612764235531134,0.228569216770728,-0.625947766591292,-1.06522336522,-0.133575382411732,-0.274272294145509,-0.163616054805958,-1.11552296288387,0.668585001429471,0.596733301339597,1.18255724661401,0.464966871128328,-0.326291139430733,-0.0281625444286563,-0.0615417516581251,-0.157028378899204,-0.0615764383412854,0.252775443041063,-0.145812460399971,0.280730831244071,0.142093813324348,0.0637975535414107,0.76,0.0
36556.0,1.2879438381484,0.807169537921616,-0.208933789928739,2.27978308755773,0.704598872553257,-0.342406856613534,0.622447116342469,-0.29108494089352,-1.15890507876959,0.70684286920169,-1.10044346697786,0.170570992612352,1.17627692326742,0.257304601817887,0.149879120315118,0.5231573451281,-0.842271637914159,-0.359064137437903,-0.578536944143663,-0.0695122671602044,-0.0575324333285896,-0.129683933524866,-0.221658242772222,-0.427543327832704,0.877593768146082,0.11716881234565,-0.0339119454587275,0.00391200955413034,3.62,0.0
68207.0,-13.1926709562391,12.785970638298,-9.90665002092758,3.32033688288942,-4.80117593230105,5.76005855618556,-18.7508891580107,-37.3534426378925,-0.391539743919107,-5.05250236713858,4.40680552357904,-4.61075647740608,-1.90948796970811,-9.07271093398351,-0.226074450896345,-6.21155748212485,-6.24814535335983,-3.14924669470095,0.0515761185277783,-3.49304991519446,27.2028391573154,-8.88701714094871,5.30360690376998,-0.639434802306313,0.263203123457008,-0.108876929971315,1.26956635541013,0.939407362758877,1.0,1.0
64993.0,-1.0283874528783,0.0360948324814471,1.48846044731681,-1.18775067948495,0.924242833736221,-1.11379094198582,0.272668349126437,0.0564136320310144,-0.564982527778345,-0.67552884143779,0.952848448592255,0.591427222298304,-0.0396078952392584,0.334163829303104,-0.255071300689056,0.637871029077417,-0.868974731260355,0.0499030288917059,0.048928826006341,0.111814025746901,-0.0590776598571333,-0.489666731191731,-0.0314138078157345,0.0452411469961182,-0.164002126503408,0.695242785708002,-0.0476702257154454,0.0905546869538711,0.0,0.0
110435.0,-1.39530505100176,2.13650379236108,-1.45149339368726,-1.19705886561014,1.12495039626625,-1.20619132466231,1.35020664562232,-0.365762068456401,1.71300495428171,0.49262893447197,-0.0162700340660891,-2.64491579543371,1.34604434771614,1.91223324803657,-0.740465392775121,-0.759438439152957,0.334228483809957,-0.179422412922549,-0.426990843041397,0.173917273519349,0.0539198657709161,0.626031200891711,-0.117082386862826,0.576597365880549,-0.204085494632601,-0.0365130295201388,-0.1534981995426,0.16596557232523,3.7,0.0
76867.0,1.08256623409747,1.09486151295003,-1.36702004784737,2.01255429562949,0.708142047645968,-0.807712094137058,0.151952109111841,0.158352530916403,0.00987228422733163,-1.92527812380296,2.60593702345612,-0.309218873424363,-1.76754891562268,-4.42919458671376,-0.171939794624445,1.05551393649543,3.9705869371836,1.76224857169611,-0.880812102847679,-0.135789404251701,-0.32528376499397,-0.734343617700577,-0.106725343342181,-0.224999064492694,0.569167327221417,-0.33503264926341,0.0891401408869493,0.11233722000597,1.0,1.0
85285.0,-7.03030814445441,3.42199090467553,-9.52507177254752,5.27089100906596,-4.02463027558805,-2.86568161775739,-6.98919473439446,3.79155093755913,-4.62273033596451,-8.40966487562735,6.30904400603177,-8.57676143258937,0.246746716929862,-11.5340460181508,-0.3642651387587,-5.45249465771382,-11.8875700201872,-3.56358481007011,0.876018768156628,0.545698040621445,1.10339774484256,-0.541854751589521,0.0369432219896495,-0.355519004066217,0.353634382097,1.04245799282131,1.35951563156376,-0.272188101257294,0.0,1.0
77171.0,1.11855963468941,1.29185826269199,-1.29880532614411,2.13577170090141,0.77220369761071,-1.14729144173341,0.390577698285265,-0.107072317539989,-0.0383392686455211,-2.15251889070952,1.35275258963919,0.092848590126307,0.273152694590986,-5.01220235869184,0.303552415334761,0.731437272149243,4.15208557256771,0.985358288437165,-1.22925431837217,-0.0235757902669068,-0.346373779572415,-0.663587986293548,-0.102325808556082,0.0179105750224893,0.650301613577378,-0.332365629546077,0.105948676665863,0.12812372864866,1.0,1.0
47982.0,-1.23280412810524,2.24411874456383,-1.70382579275654,1.49253586483501,-1.19298516971563,-1.68611021267902,-1.86461150490967,0.856122313785725,-1.97353527775248,-3.94238290411726,2.40165068027699,-3.39426561777896,-0.145161724970334,-4.32979551307589,0.758760885824274,-3.19904647594093,-4.48018356526203,-2.48566878350317,-0.0958074336903356,0.207889301735382,0.560475065574211,0.165681717805126,-0.0137535165177887,0.474935180269258,-0.218725074414735,0.302809125708237,0.46603094153746,0.250133538809307,0.76,1.0
7526.0,0.00843036489558254,4.13783683497998,-6.24069657194744,6.6757321631344,0.768307024571449,-3.35305954788994,-1.63173467271809,0.15461244822474,-2.79589246446281,-6.18789062970647,5.66439470857116,-9.85448482287037,-0.306166658250084,-10.6911962118171,-0.638498192673322,-2.04197379107768,-1.12905587703585,0.116452521226364,-1.93466573889727,0.488378221134715,0.36451420978479,-0.608057133838703,-0.539527941820093,0.128939982991813,1.48848121006868,0.50796267782385,0.735821636119662,0.513573740679437,1.0,1.0
81734.0,-0.805590584890628,-0.327814325313075,1.01060583101151,-1.79469152249963,0.174877889374129,-0.947109932308442,0.164300273673735,0.0157168585937654,-1.48415683522137,0.387934800923802,0.880646577052253,-0.275108226115412,0.0378283011468425,-0.0328273490285149,-0.708037294447651,1.42987416713215,-0.356420372403023,-0.660502059626322,0.309403365542754,0.433191184489559,0.386407403026028,0.836657912960626,-0.0259999170240967,0.0260175818007257,-0.00647313261753252,-0.321646890482509,0.314915429930612,0.20223487619847,62.8,0.0
116412.0,1.71615442545683,1.00622503472119,-1.19533046127352,4.28877850973559,0.615260104992555,0.232407485177096,-0.536081859335132,0.315861213433636,-0.675290550832606,-0.353846024277379,1.61889457117501,-0.127882605170857,0.494130059560252,-4.80491524239847,-0.376202785648622,3.21220896433088,2.05791300850316,2.5371339360706,-2.18543301328109,-0.0140190823870316,-0.125894020248815,-0.344560158467076,0.179926724066524,-0.825192217073224,-0.519711161269775,-0.165729051219671,0.0836766817548139,0.0728523060997503,39.45,0.0
93860.0,-10.6323749061596,7.25193622855414,-17.6810718207918,8.20414440620562,-10.1665907519072,-4.51034377036334,-12.9816061559658,6.78358879797499,-4.65932958355558,-14.9246547735487,8.38914233451929,-16.4655039422141,0.33851695978655,-14.224403603167,0.556584472572111,-11.683998043525,-15.8416159780561,-5.75319975278369,3.81304079276336,-0.810146481561289,2.71535704420309,0.695602689761576,-1.13812206664164,0.459442241911828,0.386337323495895,0.522438449202614,-1.41660373652915,-0.488307035713995,188.52,1.0
73378.0,-0.55286235591406,0.931828187104696,2.01974939352794,0.904277992779744,0.0768634154455955,-0.812478898515704,1.14385511148839,-0.377891303642513,-0.721805124327092,-0.183949761313713,-0.104083536182819,-0.250367421798546,-0.19667085631592,0.170359231711409,1.1694606550583,-0.501363056632389,-0.102129973615479,0.00345264270424407,0.395105566568954,0.199812922388658,0.0825978147342366,0.335310886195268,-0.279949465901068,0.723650794847909,0.458054219061928,-0.244820926999328,-0.107252646617828,-0.141034435045719,42.81,0.0
51135.0,-10.5273044341626,7.63974510878724,-13.4431145027514,4.30340291762786,-8.04820986720506,-3.46699653575204,-8.64319279153494,7.28410530047069,-2.36209663777244,-5.99659592015915,2.5891035399443,-5.9622614216576,-0.468955402702701,-6.77818372152522,0.907946622048306,-3.97013003226966,-6.85761265464239,-2.51173568202806,0.511761951503497,0.847085223070639,0.937415595523653,-0.931178206442092,-0.235696693319785,-0.0313933540844794,0.591558276561224,-0.263516323288921,1.10889729755393,0.219021143211497,99.99,1.0
104529.0,2.03838733756109,-0.927304726372293,-0.925082081053831,-0.408326250774991,-0.47821146423163,0.135013818564054,-0.852787004166256,-0.031634292331757,0.929251266711122,0.633506943712287,1.09018934552372,-2.19084380268384,1.60775606055881,1.58078440178098,-1.1565189198709,-1.01986343975477,0.176854321394306,1.96994387907852,-0.590499599919417,-0.508463088637896,-0.47134215922132,-0.692819731457266,0.236762850205433,0.208812767462948,-0.382918759360361,0.489874018353987,-0.0802971047928807,-0.0570577959622725,62.7,0.0
32745.0,-2.17913506011513,0.0202179180614602,-2.18273279614299,2.57204626116115,-3.6637331119316,0.0815679330899005,0.268048730691862,0.660437428502318,-2.37402736257173,-3.58281002008802,1.97582106179607,-3.50054226479879,0.170681027067223,-2.73594037401519,1.67025110352247,-4.04629299726117,-5.07947908460579,-2.58685704537203,1.66926055335833,1.95796029993605,1.02642111100453,0.299613501640326,1.65680000734873,0.328432501784239,0.106456827905221,0.691774505774569,0.196778974067123,0.241085157494976,717.15,1.0
30852.0,-2.83098405592803,0.885657038258755,1.19993009832405,2.86129223993172,0.321668777779154,0.289966026429405,1.7677604489638,-2.45104966190813,0.0697358066743391,3.24508640095346,0.675287853392807,-0.677096334427304,-0.222741128141729,-0.913786970583513,1.60333192308268,-1.0245020918608,0.0220452070437295,-0.940684674142594,0.484758940230455,-1.01692314354721,0.546589339675499,0.334970736976198,0.172105676221893,0.623590288019672,-0.527114316331261,-0.079214654387473,-2.53244529803097,0.311176714703215,104.81,1.0
34988.0,-0.70714489145078,0.432506516565195,1.95364656113873,-0.759864022162861,0.520195485266759,-0.680604072540845,0.756059686508138,-0.174329703541604,-0.339893327433294,-0.557276956289788,1.14962291937845,1.01365312889586,0.312270632976083,-0.200479215912294,-1.07098384333235,0.130455489571569,-0.703804498508951,-0.187686584413401,-0.0106667415179425,0.0674965752892522,-0.135169085171957,-0.269069400582253,-0.161473076259928,0.364495330385551,-0.0635697236701243,0.246347471981922,-0.150492999128266,-0.132121971363997,4.0,0.0
41181.0,-7.33434102050082,4.96089229123138,-8.45140959148547,8.1748251681484,-7.23746372952055,-2.38271066458273,-11.5088418575552,4.63579753722901,-6.55776036636164,-11.5198609264142,6.45582813287588,-13.3802218737527,0.545279226790884,-13.0268638593173,-0.453594543596495,-13.2515419788937,-22.8839985767803,-9.28783221397402,4.03823050489431,0.723313822249839,2.15375502636012,0.0339216178167887,-0.0140949200284419,0.625249955306557,-0.0533903339689031,0.164708739959664,1.41104749421382,0.315644799820923,11.38,1.0
73683.0,-0.288363999258816,0.785183713117533,1.15985390723442,1.06939621662611,0.052951989207075,-0.465651705183274,0.933662883887846,-0.195077857363186,-1.07108124606187,-0.11455735632298,0.343882236120327,0.551335248392291,1.09607889828995,0.29068706589343,1.58280717271445,-1.16861741053174,0.653907388540652,-0.758631489945316,1.15725388696478,0.354602943804292,0.180646673529337,0.541372831118416,0.110586401905308,0.472652864367537,-0.476969912434121,0.529790968737498,0.123637573297333,0.159170664146134,74.99,0.0
85285.0,-7.03030814445441,3.42199090467553,-9.52507177254752,5.27089100906596,-4.02463027558805,-2.86568161775739,-6.98919473439446,3.79155093755913,-4.62273033596451,-8.40966487562735,6.30904400603177,-8.57676143258937,0.246746716929862,-11.5340460181508,-0.3642651387587,-5.45249465771382,-11.8875700201872,-3.56358481007011,0.876018768156628,0.545698040621445,1.10339774484256,-0.541854751589521,0.0369432219896495,-0.355519004066217,0.353634382097,1.04245799282131,1.35951563156376,-0.272188101257294,0.0,1.0
65936.0,-3.5934760029271,0.78144226309285,-1.82244751422669,0.605760683474701,-1.19465586719981,-0.517194856719497,-1.72252312325165,0.128889523769538,0.0149633080909052,-2.85611682977408,1.61826162043188,-3.58137450130299,0.623706919914784,-6.16045662030601,0.494733399107095,-2.54310504010287,-5.30127339068683,-2.19271270602319,-0.09472379272847,-0.478219313417121,0.351792125839819,0.391248950287018,-0.252874890557857,-0.498042480147132,0.0101721931231225,0.909928721553306,-1.47876724603751,0.722673039450917,101.5,1.0
28242.0,-2.78724793061533,-0.0713403777285035,-1.50528777523306,3.36177713733967,-3.35742166883665,0.565834734346537,0.303653111125521,0.966914484943676,-2.24588195188782,-3.65142656863483,0.987277021963291,-3.83478156926117,-0.961354142524746,-3.18216808481143,-1.1260022842247,-2.95430081252595,-5.84121800175148,-2.91043029785417,-1.15585017273094,1.60739677185147,0.882940442444742,-0.246201930041865,1.75222678458672,0.219924964544368,0.15628169505776,-0.265894317684036,0.220694023253282,0.256076869786525,730.86,1.0
60923.0,1.11741915782528,1.11535241162923,-1.62962643474592,1.4381122242894,1.21837728801311,-0.577976046195425,0.480164581554355,0.0694674027795623,-0.632794257185064,-1.45426507277762,2.88049635113701,0.09491793586045,-0.804058529127339,-3.01696507897791,0.936117098523458,0.66639770504076,3.05074886079793,0.988583051512456,-1.26889042956919,-0.124672341741754,-0.108949749309566,-0.205152881089478,-0.153809177502958,-0.626651854435359,0.661634140849594,-0.250568243633841,0.0658416161605533,0.0788063084414129,0.79,0.0
44429.0,-0.78506746631526,1.31799697592011,1.69387747485262,2.67383551430996,-0.52539036731768,0.46032003814049,-0.38694612803342,0.837810000020967,-1.25251100979423,0.850436634016226,0.297768972578432,-0.905431404319267,-1.86714548233782,0.964374615574358,1.00850376501911,0.692350238687301,-0.212500065582763,1.37135102150138,0.977802929276404,0.08649473362886,0.248219714472225,0.571901310877756,-0.165084010198998,-0.0468054846422934,-0.23738746339265,0.338497436632356,0.253557052251006,0.112481032535352,10.62,0.0
53937.0,-2.04260819938332,1.57357807373238,-2.37265243271278,-0.572676430720841,-2.09735276458226,-0.174142123011242,-3.03951978687359,-1.63423295064356,-0.594808638750073,-5.45960189444545,2.37853722491518,-2.33027064686235,-0.24623272486659,-4.05852343611281,-0.316983146603949,-2.52266081131673,-5.60340034818128,-0.778439963776289,0.860211793588662,0.825565985313424,-0.723326195587733,0.501221637302624,-0.696892260580304,-0.600513726439022,0.127547028812739,-0.786072220292301,0.606097322391548,0.171696507911815,261.87,1.0
81419.0,1.47304568866054,-0.980748615395491,1.07007972823149,-1.20134989867952,-2.02624800427608,-1.09947104097788,-1.19224977132263,-0.222300523377923,-1.7575384773643,1.40477539246407,0.103918082896396,-0.287648265939737,1.32567882653334,-0.633029018047751,0.708285210718429,-0.345489311517061,0.519955903023143,0.0290764260180657,-0.646461874937735,-0.295863125118398,-0.0194698939012744,0.411176961931386,0.0603556007804771,0.932366912939824,0.299522369849403,-0.138302735078411,0.0592324651692138,0.0333945263668487,6.3,0.0
81372.0,-0.88525408859895,1.79064923163963,-0.945148961205205,3.85343274655953,-1.54351007486649,0.188582114329739,-2.98838275644296,1.34405855095688,-2.29453470924744,-1.88617599041763,1.90428359307622,-4.00241403073237,-0.936955588407958,-2.80191542309724,0.798328052783254,-2.34873992555213,-6.42673430721498,-0.827308425201024,1.73238175785046,0.370040520565647,0.746159905151139,0.550802011985416,-0.0348823420887786,-0.56760840448119,-0.528317952733951,0.258782456503747,0.506892694941992,0.176735548819463,7.57,1.0
47670.0,1.09736718818061,-0.0400060886305047,0.464014352704765,1.51222470007374,-0.556896656283395,-0.419661214637497,-0.0700129041130923,0.104324198964177,0.655149914917674,-0.0599529909971736,-0.68322755579942,-0.72897512888278,-2.75448700001346,0.601806499054476,0.16700833126528,-0.694630350662105,0.529504258680309,-0.764582440661484,-0.48012428898969,-0.320575029363695,-0.0965984935605579,-0.218560905771918,-0.0102839379523132,0.351753027868571,0.524703154373583,-0.32674086747916,0.0193362671467839,0.0176619980758725,30.44,0.0
77474.0,-1.74975986763472,1.49394262844574,0.24855586222184,-1.00187310589629,0.206160234574159,0.44751818029699,-0.0776023034704021,-2.26232247631035,0.321100613214703,0.554561239217481,0.0686309555346683,0.0585733621561042,-0.650807343916961,0.210530587633481,-0.123504556156377,0.988501601910243,-1.17263379515532,0.654643456427947,-0.126869384961618,-0.457766204879266,2.09062748047771,-1.017414812151,-0.0187919219772995,-0.869154646456596,0.0389015821590364,0.237699456640798,-0.0852589833384334,-0.379931981806404,49.99,0.0
62365.0,-0.724301986306564,0.51340854422001,-0.0967428074974004,-1.14678449035499,2.60143813520416,3.26484012288545,0.0651768465900979,0.900622433437777,-0.435102095148409,-0.12993795726614,-0.168103933060664,-0.241876645903034,-0.031410319270814,0.246927390046887,1.06761050341014,0.528608757026355,-0.90698361330969,0.100362558956559,0.414902097199759,0.16307531439242,-0.284915810030677,-0.879020958139871,0.2084347373204,0.977763396150026,0.0182780090228076,0.0846605400647374,0.170655597135402,0.0823281138407902,7.16,0.0
50237.0,-0.367516057440381,1.02083193432456,1.1606397591644,-0.122735638553102,0.184129509726585,-0.47883053318421,0.576625748597335,0.126027961086496,-0.547316284322175,-0.328825462827766,1.09648257874117,0.196416457036621,-0.480094903296019,-0.1382964815023,0.280279492186966,0.702141021488857,-0.329134842752843,0.535277336826882,0.324953031597194,0.107068388554279,-0.237992637408795,-0.684165333759094,-0.052152812087638,-0.0641341604179112,-0.164740623091917,0.076556835961446,0.236359123872043,0.0838315316764259,6.99,0.0
29127.0,-2.69650162841459,-0.0403235634717566,0.825282371312825,-2.54686635943713,-0.381831044944131,0.175854268878135,-0.328711082016256,0.568492037244885,1.51841359380709,-0.751600196321514,0.340800927090936,-0.148821429815615,-1.60608957052113,0.414841043727862,1.67963546349358,0.305197707755231,-0.573507889796661,0.92268341265596,0.838945214777577,-0.519317184098199,0.0293985701791085,0.153660052391266,0.134931819447049,-1.05050313923483,0.410293018271805,-0.0548573640294614,-1.01314581797308,0.779141043693191,25.9,0.0
84711.0,1.15041976736139,-0.245631018880289,0.41697345628271,-0.276406446684879,-0.418096632001235,-0.0276989213244328,-0.346101165241763,0.130432701786097,0.14623673440546,-0.105140730367865,1.4047970486708,0.903704321360899,0.114548010393786,0.338172767334906,0.829031837329492,0.409385546044933,-0.45597527094393,-0.261048270120016,0.0715833836650601,4.49892660169269E-5,-0.0540221367244691,-0.223764453068997,0.0415220114562439,-0.243003301683156,0.0460531304531021,0.933026837532579,-0.0651855600408592,-0.00110186096633075,38.42,0.0
8415.0,-0.25147096006823,4.31352332575143,-6.89143771650147,6.79679668055103,0.616296505250374,-2.96632654187403,-2.43665252687714,0.489327898838014,-3.37163857159343,-6.81081309938215,7.62008905836908,-10.2852825163315,-0.342444334069655,-11.5434979157865,-1.3349879032835,-2.68928420445067,-3.20438340295762,0.0865218956911394,-1.31449509665307,0.632709963789826,0.536892074447128,-0.546126023729244,-0.605239547613772,-0.263743459593593,1.53991583077868,0.523573696680871,0.891024688365269,0.572740666549584,1.0,1.0
40892.0,-2.14051149219032,4.10487145129475,-8.99685940156949,4.02839095079544,-5.13135934640223,-4.15356844523859,-9.36009513383968,1.92207487977653,-4.02618037499445,-13.6913151328525,9.09528815249629,-14.1681208819376,-0.140455389751523,-17.6206343516773,1.48274041096936,-13.2568330912778,-21.675483501012,-7.82346881553754,2.9951111673215,1.72557761649372,1.85426666080646,-0.165533725878965,-0.339938978813788,0.296313762529247,1.36422533027428,-0.518995630979066,2.35233346525926,1.13062483533989,0.76,1.0
117593.0,1.76921300365543,-1.50889953480113,0.243330479640397,-0.052631298580738,-1.88251455785548,-0.238381658700896,-1.28812133425177,0.0373008362581487,0.680030395232049,0.551749484262551,-1.14249464944501,0.241297946198983,0.701240584788396,-0.562187208654085,0.891972610292126,-0.932454250509064,-0.495186181758943,1.91434130777942,-1.29061374542214,-0.305110750591145,-0.0271092717159634,0.293605139698111,0.152016775527539,0.0253379826676193,-0.520680696668684,-0.286636647530915,0.0729383264888145,0.00824553525056959,155.0,0.0
121048.0,-1.07922135715712,1.44606672529085,-1.99704733737499,-1.68582621135086,2.29277476773795,4.05764106725843,-1.38777778291402,-2.02738330714249,-0.524505978988769,-1.04128119123166,-0.442957900271582,0.496953873153339,-0.551801101138295,1.10014013254391,-0.0955076357318274,0.145060636048506,-0.115042165611486,-0.746719861261919,-0.392847714405852,0.373813463855186,-0.718485207115828,-0.585604864323677,0.505266782930209,0.653487144481409,-0.485187076040136,0.154368489501316,0.148809834987418,0.0663291925743877,17.99,0.0
77809.0,-2.52111623908231,-1.79452956175804,1.73160564235906,1.50752549477244,2.55317871158977,-1.74298397520017,-0.712894621651528,0.183924539214711,-0.723847197168141,-0.261835093490753,-0.220773216651619,0.223348490285744,0.36858449464339,0.422930007685263,1.46862760716853,-0.686179270874098,0.181684753245966,-0.269109219048223,0.16225707620239,0.90469509554461,0.382436089796256,0.240072300782065,0.345988886628614,0.0816835413740854,0.600340963015637,-0.168543714331298,-0.0331075927046526,0.130716830846322,89.65,0.0
84204.0,-0.937843305478391,3.46288948991687,-6.44510395393435,4.9321986662268,-2.23398306982245,-2.29156112129773,-5.69559392853253,1.33882463362261,-4.32237655329329,-8.0991193981365,7.18296700883659,-9.44594338249901,-0.314619967520224,-12.9914655817567,-0.136358931959623,-6.36752437517144,-12.7343938853776,-3.84512965889743,1.00766725992114,1.12953228130351,1.06655024941577,-0.521657289347299,-0.319917292909547,-0.405859088093617,0.906802159957716,1.16578389011737,1.37449533233535,0.729889341911333,0.0,1.0
2770.0,1.22668070348135,0.636129569152383,0.083839077445949,2.50071200966954,0.063232721017942,-0.877783103644673,0.459262972844999,-0.192076822357663,-0.814185951677507,0.783436906539011,-0.803930670964302,-0.96703721772207,-1.62817373799704,0.836365208666943,0.381032133614371,0.40379076470174,-0.385936279842603,-0.305866631796955,-0.876540431823536,-0.265950522750805,-0.0329195525769842,-0.194095971705894,-0.0856168614806173,0.353474170363479,0.675996395376715,0.0734077568789482,-0.0503245952601886,0.00687957270876008,3.85,0.0
19762.0,-14.1791651073631,7.42136996239257,-21.405835744128,11.927511869244,-7.97428068736155,-2.20271027666529,-15.4716122801735,-0.356594909586509,-6.38012489838839,-13.3482776536659,10.1875873241664,-14.5639797552132,0.59375935763569,-14.4915983463022,-0.281392503951236,-8.2641288443605,-12.4398049728466,-4.83707902601307,0.753149847889189,1.00276434172175,-2.36683606243662,1.13095519799655,0.991153238179024,-1.03313210707298,-0.327179344936207,0.634692903522304,2.17190494464567,-1.39528768393339,1.0,1.0
75556.0,-0.734303155037818,0.435519332206195,-0.530865546585229,-0.471119606930407,0.643214386605141,0.713832369657908,-1.23457207133269,-2.55141159871634,-2.05772382572102,0.166830707878014,0.567551954604602,-0.85805991589575,-0.448067929957678,-0.264936238828755,0.88886293915465,0.838120616560385,1.42505965449185,-0.169664182600728,2.50202738858443,0.864536120628702,-1.00487737851609,1.15035358786928,-0.152555282700309,-1.38674463324096,0.00471601482800044,0.21914583821982,-0.0582573076118087,0.158047988697071,29.95,1.0
65520.0,1.09644576962454,0.0632271837582629,0.259332620289079,1.22076688334286,0.0401198779657005,0.340227114779829,-0.0132194421596061,0.150466996931747,0.0612550795436416,0.0349834710587568,0.856920031742351,1.07402137507881,-0.223111891626013,0.262132013712737,-0.759625519515979,-0.424349802528967,-0.101870894488235,-0.361995411595077,0.0380774898084815,-0.121829191306056,-0.0572976829433793,-0.0233522702424155,-0.136304024895841,-0.288043486564355,0.665388396141401,-0.312345099453535,0.0304317793781061,0.00675453739264032,33.5,0.0
17838.0,-5.18787810836635,6.96770866359565,-13.510931139095,8.61789514115238,-11.2144223939458,0.6722478387604,-9.46253281088355,5.32870420774381,-4.89700552817542,-11.7868116556041,9.36907905765884,-15.0941631493865,1.25637700700759,-11.8521613037824,0.274429814172421,-10.6882417917386,-18.3888105354245,-6.89884013301839,2.38280793552097,-0.623737291574186,2.08608300107406,0.760190240866359,0.716805785858217,-0.646743429628277,-1.61704292571624,0.172346889503238,0.626646780979254,-0.169726031129409,766.36,1.0
110617.0,-1.10103546371767,-1.67492805871463,-0.573388195590639,5.6175556662941,0.765556412634615,0.440607080848915,1.93474047501363,-1.01978754945585,-0.19324423129657,1.7837390603636,0.606910821999133,-2.85427542751023,2.37947304553589,1.26814661675691,-0.28361908940932,-0.482192055998123,0.8110054093379,-0.357910684579857,0.752760921550722,-0.0383141473363703,-0.412525822025647,-0.208823118913215,0.344832725150856,1.09143473162108,-0.686512742633337,0.0758089204336296,0.0338647378770195,-0.83285502022751,635.1,1.0
32264.0,-0.897533612141833,0.604605225366586,1.41871229988226,0.394747941745797,0.848430670308187,-0.430986050180693,0.644358661613561,0.00240323779403647,-0.182575201258355,-0.620922596777267,-0.707237845972787,0.6063286137896,0.358992582565313,-0.210686582395958,-0.848964622686985,-0.611046197776184,-0.0539622967915065,-0.956358963395253,-0.941797248120442,-0.164539231762154,0.0556933828802989,0.258186402176566,-0.112094794657266,0.0981681475100351,-0.0723156483972876,-0.551684552131138,-0.0105751164898197,0.226392712310264,1.0,0.0
62330.0,1.14086473658976,1.22131743135767,-1.45295546048243,2.06757505760281,0.854742052227546,-0.981222507744598,0.325713913670098,-0.0377214068783676,0.113219371615132,-2.12697274994354,0.915947028928619,-0.468571538051367,-0.523377293666349,-4.86186658087283,0.421013353871263,0.866440624739209,4.08248488419359,1.1963181517001,-1.10076358353881,-0.0677120411898438,-0.377597095255037,-0.79345965987036,-0.132333171548173,-0.33158626897425,0.664877856718148,-0.309312434134138,0.099941947375597,0.122988311929089,1.0,1.0
50459.0,0.866669042927607,-0.27474343325479,0.360534876371634,1.43104117442368,-0.360000913251054,0.0602822942221301,0.0972992575979489,0.118011689585915,0.0861169305267471,0.00207795981059884,1.25154766968056,0.99713848228214,-0.780587535303848,0.412460657758701,-0.733097349570431,-0.543646411806352,0.121861043432098,-0.455907566713003,-0.190747423006226,0.0324413595706442,0.032325169280962,-0.0173974455976853,-0.152403232020509,0.236220824911157,0.541648102801161,-0.354291128293517,0.00919933300792549,0.0284134920399723,132.88,0.0
58222.0,-1.32278906321956,1.55276821126964,-2.27692070362638,2.99211739124618,-1.94706392017319,-0.480288250384527,-1.36238752318047,0.953242226598613,-2.32962885992389,-3.39355348115172,3.1284396921776,-3.57039373078107,-0.595198191474463,-3.98841505479623,0.995905842419722,-2.84378455855144,-4.82624611607161,-0.703883464864473,2.15221455770756,0.988493486888991,0.614968996752659,-0.195199717277462,0.590711261700839,-0.233377663885038,-0.164285286785183,-0.27749787053455,0.428610084734921,0.246393746180351,270.0,1.0
53132.0,-2.30366796484188,-0.377176753803233,1.09814859697044,0.863363433960954,-1.03464189789811,-0.0910389600678796,-0.581192335432752,0.520816344644893,0.79874885726046,0.365179151668928,0.442704021105046,-0.023116279490009,-1.77452268343729,0.168520669156504,-0.110303342305601,0.219871547945227,-0.0402528348285053,0.727348282281501,1.08376060983595,-0.538945966029568,0.0373427123212816,0.34863050814426,0.0330676884346509,0.353695098320048,-1.16870683237794,0.124285716212941,-0.955220160270544,-0.378385099090591,28.75,0.0
84940.0,-1.76361912538402,2.20343892730336,-0.361506273358023,-0.119018277422997,-0.58803648728586,-0.693024502079111,-0.381958626999057,1.26920518672361,-0.486143377443692,-0.569895315562188,-1.32755737830199,0.240832102068053,0.6319068947811,0.291436773059572,0.850907519268343,0.946583960028302,0.18014715617417,0.193119503885128,0.149778648043382,0.0668466387434019,-0.254817695992851,-0.908620165365644,0.0455633184594921,-0.509961357865914,0.128371793196374,0.139965440990137,0.0944350011550632,0.00922760382593658,9.98,0.0
58611.0,1.13891703779931,-0.241452919390811,0.670945336119528,0.0949629862542528,-0.724838960744448,-0.39235972392893,-0.360588253048194,-0.00706088085746471,0.401801906523301,-0.216772345231898,-0.036654669086663,0.374367100682723,0.414930820988974,0.0203746000539297,1.54305653617271,0.215261776586216,-0.174696701296517,-0.5944068005232,-0.570511794350846,0.0136209930679663,0.134118577350021,0.375254765521022,-0.0286986158060667,0.174014433496253,0.155097446337739,1.09464178274556,-0.0504674270802423,0.0150840582325351,47.85,0.0
44135.0,1.11308206999715,0.145103233485451,0.444266516343091,2.53657099324846,0.098878123916497,0.780571265078507,-0.194597248954287,0.242028233571187,0.0383625214341898,0.497476862846464,-1.75152641688397,-0.663924020717864,-1.20128454302046,0.0394233689858661,-0.447334301364522,0.107884512346933,-0.103756013411923,-0.541880429156781,-0.660350968210318,-0.197369324458792,-0.10284592741581,-0.192434916765745,-0.166157098390661,-0.785292572281741,0.611875451787203,0.160438760253502,0.0103504945026911,0.0110616780587336,34.84,0.0
77171.0,1.11855963468941,1.29185826269199,-1.29880532614411,2.13577170090141,0.77220369761071,-1.14729144173341,0.390577698285265,-0.107072317539989,-0.0383392686455211,-2.15251889070952,1.35275258963919,0.092848590126307,0.273152694590986,-5.01220235869184,0.303552415334761,0.731437272149243,4.15208557256771,0.985358288437165,-1.22925431837217,-0.0235757902669068,-0.346373779572415,-0.663587986293548,-0.102325808556082,0.0179105750224893,0.650301613577378,-0.332365629546077,0.105948676665863,0.12812372864866,1.0,1.0
46925.0,-0.481531150954278,1.05954227713479,0.647117402910268,0.905586233912649,0.81936824001549,-0.0911835663506086,0.504134851323607,0.161064336313081,-0.765053776949662,-0.55054534794377,1.48028602025778,-0.105359122514952,-0.804841454759319,-0.819901849432008,0.916881766469427,0.201150538864914,0.874890632270019,0.941476678511478,0.272698476205832,-0.0425151328862889,0.0706328691882125,0.192490772493404,-0.174659253437827,-0.438908072947488,0.239258996609831,-0.217823405004998,-0.0728522476980958,0.0104633125817071,1.0,1.0
41319.0,0.504568789766657,-1.81151596570429,0.806140084282989,-0.146359460961571,-1.90823907151789,-0.247031364021462,-0.439746219397216,0.0784763890401578,2.56290754137026,-1.41363155779516,-1.1117609394313,0.5172273976461,-1.1592803595727,-0.406295872729931,-0.0434750959335574,-0.925019473912404,0.421776843128239,0.143442169733115,0.86431731207244,0.519439597985434,0.128438569428002,-0.011074758971691,-0.3942032514677,0.417372602206507,0.444437470405154,-0.638182023699046,0.0439172580745144,0.0952767438059312,362.97,0.0
109298.0,-1.00061051985933,3.34685000184439,-5.53449117133595,6.83580203854396,-0.299803293657807,0.0959512989990878,-2.44041927394713,1.28630119597073,-2.7664382829404,-4.45800770078481,4.69653339192897,-8.76211333956078,0.985826601093264,-7.32027202211023,-1.06384045772504,-3.37112471078725,-4.25115786762875,-0.43005729986925,1.80401333906519,1.18981379228675,0.439756764345897,-0.694099203587273,0.299660329499667,-0.657600627722995,0.101647558980344,0.430457439169415,0.824685450418745,0.326952273050223,186.13,1.0
41577.0,-1.86238624974297,-0.244013801662055,1.05361235638224,0.679927091976986,-0.487007993596838,-0.882239480049839,1.13181864105833,0.254336882024532,-0.617502490899906,-1.21437592058413,-0.581051694500437,0.76996221676858,0.65042432667406,0.246635121152291,-0.520747568271302,0.0211763917816751,-0.195432654044338,-0.38868109341832,-0.778221149561612,0.564912904331905,0.195381160037382,-0.224586000735493,0.582467693103023,0.672084930826662,0.0445744164898937,-0.731776426368257,-0.0730107434986978,-0.0222409861013264,276.35,0.0
120824.0,-0.287188630250751,0.94222392620181,0.0247761569104196,-0.553463744042997,0.521138699850227,-1.09865623735725,1.20979739938184,-0.21031931828621,0.17476496539206,-1.49758645044545,-0.463458929607048,0.472690122178379,0.745324881269554,-1.81068089759632,-0.622951231739633,-0.0263373737607928,0.924233424680435,0.0206010449197689,-0.13583682913449,0.204500484935386,-0.222305440501979,-0.404924682588985,-0.0765119626230165,-0.0573225790733429,0.316961017269177,-0.0719715230576419,0.220633153958681,0.0714453221220639,60.0,0.0
44923.0,-2.50846121234037,-1.36776219280145,2.2887287858206,-0.0496276736299463,1.97508583610045,-1.36952250930274,-0.60662799002922,0.474804538531644,-0.349810538635973,-0.729281263812892,1.1155477334668,0.243737357048714,-1.33741936044867,0.519314117061436,-0.305415240452422,0.733436673440229,-0.96137210886304,0.342981545578663,-2.24384925577453,0.275142166767085,0.48478713879924,0.567088927956276,0.0823857377159278,0.169020835168579,0.700126025064116,-0.461837203083163,-0.0613278144557156,0.088617621107226,49.51,0.0
41607.0,-18.2475132286673,8.71325017095966,-17.8801268207974,9.24945923683651,-14.5412125237225,-1.91156359308197,-18.0146601306809,5.52216218981207,-9.28392451240577,-14.5571590528859,4.39243558567834,-10.3800731219167,1.61182090128819,-6.91763950579126,0.158841037400664,-10.3282423879882,-20.2545556896053,-8.53452256380618,3.25653448060821,-0.526368288315335,0.598842606268504,0.615318868165234,-0.486498927270445,0.739268468431111,-0.236844752247958,-0.0460816699541002,-3.01147328474912,-1.02214746628442,53.95,1.0
17838.0,-5.18787810836635,6.96770866359565,-13.510931139095,8.61789514115238,-11.2144223939458,0.6722478387604,-9.46253281088355,5.32870420774381,-4.89700552817542,-11.7868116556041,9.36907905765884,-15.0941631493865,1.25637700700759,-11.8521613037824,0.274429814172421,-10.6882417917386,-18.3888105354245,-6.89884013301839,2.38280793552097,-0.623737291574186,2.08608300107406,0.760190240866359,0.716805785858217,-0.646743429628277,-1.61704292571624,0.172346889503238,0.626646780979254,-0.169726031129409,766.36,1.0
82228.0,0.889886787924131,-0.570427485825862,-0.66164936294471,0.0837303787374405,-0.0790563640807623,-0.812420373529341,0.726485325809343,-0.37547535234855,-0.126372647312017,-0.240193264306858,-0.878721547747063,0.0760653830947932,0.370519021038745,0.44133220930944,0.857788651721627,0.296346309618822,-0.476463427721164,-0.696492214103069,0.513125676035459,0.46529163406193,-0.285345592770221,-1.41080961274766,-0.174666271466124,-0.416333834784192,0.234972054834437,0.729565323748053,-0.154262752373362,0.0347114512940197,255.0,0.0
102480.0,-1.92959692675373,4.0664132778545,-4.86518400996861,5.89860229319899,-0.552492585328532,-1.55596245330906,-3.83362344068736,0.679511648528001,-3.46376549143694,-6.68368922880726,7.02127774818005,-11.1024933822497,1.71175507363653,-10.447632938235,-2.79907615915518,-6.26174085045904,-11.6471577741668,-3.45143614190286,-0.507536514254236,0.942488941965831,1.13721164676769,0.674245235425331,-0.531765489027487,-0.433409350510738,0.378658562357166,0.198107291025294,0.869694411928137,0.228047851815119,0.0,1.0
9145.0,-0.373098224952387,0.752835431513188,0.426572898311057,-0.983255968302521,-0.289831561003838,-0.504177037839795,1.01197721122192,-0.47728120124493,-0.430897666079701,-0.437939731387993,1.21873411734836,-3.13000014680824,2.4796489181079,0.213912005188085,-0.232569685264771,0.627302922804293,2.07305603505407,-1.23837829308797,0.0363758803250434,0.0185566015157785,0.14029692657568,0.666199055374917,-0.266155588863648,0.017086116540399,0.299981476848783,-0.11183569307684,-0.185840105620775,-0.0219513634557176,129.0,0.0
84204.0,-0.937843305478391,3.46288948991687,-6.44510395393435,4.9321986662268,-2.23398306982245,-2.29156112129773,-5.69559392853253,1.33882463362261,-4.32237655329329,-8.0991193981365,7.18296700883659,-9.44594338249901,-0.314619967520224,-12.9914655817567,-0.136358931959623,-6.36752437517144,-12.7343938853776,-3.84512965889743,1.00766725992114,1.12953228130351,1.06655024941577,-0.521657289347299,-0.319917292909547,-0.405859088093617,0.906802159957716,1.16578389011737,1.37449533233535,0.729889341911333,0.0,1.0
8808.0,-4.61721720415581,1.69569365346656,-3.11437220079491,4.32819855298178,-1.87325699086527,-0.989908135538263,-4.57726462658038,0.4722161584519,0.472016953377646,-5.57602263642415,4.80232276125089,-10.833164469314,0.104303875698575,-9.40542306160986,-0.80747786866047,-7.55234220350747,-9.8025617903912,-4.12062883466552,1.74050729036196,-0.0390459343384186,0.481829697240067,0.146023056445948,0.117038527549065,-0.21756459883966,-0.138776043706563,-0.424452881068275,-1.00204142597227,0.890780287970655,1.1,1.0
79514.0,-0.995923913347162,0.549901801396717,1.02896259672305,0.0492411724686958,0.527071342173141,-1.08292618534506,0.850455181954603,-0.151322287993193,-0.836747404870178,0.0424441673490386,1.53257441686545,1.11364551085442,0.715232962282186,0.304827984481154,-0.248877066437984,-0.0276430778238549,-0.534654240604487,0.0306644393481758,0.252267357083407,0.116863543904375,0.0999052293499744,0.425952107870909,0.19801819754382,0.582617053900899,-0.221980571268343,0.238015804479945,0.23136616356586,0.215336512254102,33.45,0.0
40214.0,0.509046319975167,-0.691520549072211,1.34630091941512,-1.26793509271037,-1.47682595353505,-0.0583491551031876,-1.57224147714696,-0.582541305643951,-2.1823868839168,1.63428217452105,1.38045627142443,-1.17149597826426,-1.71917226149415,0.480302890676478,0.866776491868418,-0.699250150632261,1.09684171749233,0.129303091480605,0.580780194303627,-0.499270816041249,0.386904464316247,-1.13055321290962,-0.0970793595005406,0.131731434030122,0.114219261584695,-0.285142351410204,0.219466291809563,0.219178298756576,6.26,0.0
32605.0,-23.3831285417502,-18.098803947539,-20.1953671409547,4.24910423701076,-42.1478983728015,22.5292984665587,36.6772679454031,-4.8627999588005,1.64561851416485,-7.76189037578948,-0.0510134671318581,-0.0238195663700281,3.02741432629213,-0.504989389657,2.03253173302288,6.0985294505409,-0.205513759087468,-1.03132081000606,0.220769294456792,-13.6945840902438,-5.89322954903298,-0.139750972138201,-6.08617267981218,1.92497292619687,0.669689054390332,0.449781075174425,11.1357398445742,-9.61791545238239,7429.15,0.0
53920.0,-1.2217535069171,0.762041473571672,1.84493606352196,1.15483417263749,-0.503005824783292,0.19890824213373,0.0192664433875027,0.761543681812847,-1.00294107675734,-0.393246879316913,1.33650285350267,0.144262310401684,-1.263669704361,1.02157055400085,1.18839328774232,-0.0399362176077371,0.198100857661351,0.306944599051207,0.609567028636608,0.0927681073794964,0.0490940735787163,-0.28772494455986,0.111096678547418,0.140840650573098,-0.0468460594872377,-0.424846020841322,-0.0373167013988239,-0.0176586493217685,75.0,0.0
35926.0,-3.89658259167336,4.51835470349753,-4.45402724041253,5.54745334718879,-4.12145857265685,-1.16340665785105,-6.80505305303552,2.92835625399971,-4.91712959933528,-6.60046062150676,3.36784560815482,-7.88897751950988,1.68260346667335,-7.62865191597326,0.779245995683184,-7.53340432942796,-14.0646239413114,-4.96010863308331,2.52578492424474,0.757286726552078,1.69104203001122,0.920020577187708,-0.151103893232396,0.0110068782298363,0.0803032669086078,0.412191351423526,0.635788870982512,0.501049550484962,4.56,1.0
8528.0,0.447395553302475,2.48195386638743,-5.66081393141405,4.4559228120932,-2.4437797540431,-2.18504026247234,-4.71614294470093,1.24980325173147,-0.718326066573691,-5.3903302556601,6.45418752494833,-8.48534657377678,0.635281408794591,-7.01990155916612,0.53981407134798,-4.6498642988132,-6.2883575087823,-1.33931232244731,2.26298478762517,0.549612970886705,0.756052550277073,0.140167768675,0.665411100673545,0.131463791724986,-1.90821741154788,0.334807598686864,0.748534284767756,0.175413794422896,1.0,1.0
119808.0,-0.497962903608233,0.446631132724961,1.55431148391731,-1.07413602590462,0.559949955081235,0.38103457371552,0.210877103388475,0.177830382090577,0.26874352746501,-1.01178913535531,-1.58034969090269,0.430062156887736,1.53285927685449,-0.720062636352262,-0.0565600931144182,0.970268563889452,-1.30479601378175,0.247961839721745,-0.766125120403323,0.0123718574031495,0.076052259301523,0.238302002840188,-0.117538416158126,0.120646323497983,-0.382263782053118,0.0438538075052844,0.129063411930127,0.169043351793315,15.0,0.0
87318.0,-3.86804975174332,4.07983168393029,-2.0798157464261,-1.58823590625184,-0.126823232644012,-1.03852663190253,0.777707280466386,0.0798718518009353,3.18998313066518,5.42431121648655,0.839677322296435,0.575682453934798,-0.26885447735849,-0.611266728803447,0.0593036643656701,-0.534487099847183,-0.981690869107545,0.504755734249636,-0.103812133453142,2.3590970322135,-0.116324978420841,0.981915842957224,0.0495443196278805,-0.379303230719756,0.14135388763163,-0.139177443561993,2.38110078678963,1.39556537604161,0.89,0.0
78752.0,0.654992670100157,-0.689233099140784,-0.491492593197675,1.18700847939515,0.0175428729548863,0.0278361608546819,0.648570860520744,-0.158289098176427,-0.211615578474765,-0.0535757779372553,0.438105985747676,1.07984257751323,0.575609008824012,0.353479451868706,-0.63752927036386,0.0320849444910035,-0.672736994728251,0.325306891248581,0.421436817348792,0.546867132860702,0.159679736727861,-0.0865340479311951,-0.547641969056275,-0.447455884785233,0.831075281450393,-0.277970481645539,-0.0494377068084659,0.0508129983755791,316.43,0.0
28802.0,-3.54433151255607,2.37467589832243,-2.634763506445,1.12077729600763,-1.87087605473939,-0.65504516804841,-0.886235662742106,2.36510840604468,-1.17006222063954,0.0378778806935987,0.903640383540306,2.11893078356678,0.876295632816044,2.24536417714219,0.0566096354363791,0.0287397092459295,0.87169206856263,-0.0634327385153788,0.101215469849928,-0.351139584175878,0.369849457685615,0.685130067837165,-0.0503536474761891,0.290360376386881,-0.647114379761974,-0.432152995807329,-0.108838657977881,-0.153666918832397,99.99,0.0
47826.0,-0.887286905534409,1.39000150924187,1.21968581996397,1.66142517591961,1.00922783931161,-0.733908444749524,0.855828927220991,7.68462281197611E-5,-1.27563149417191,-0.433393925731893,0.141178993422237,-0.46034845602669,-0.367867931021877,-1.16833941780754,0.152107630618373,0.882231823726865,0.601804858067329,-0.304092391463557,-2.19176427800358,-0.268347371086252,-0.0837343767453397,-0.346930257215667,-0.0506187067885922,0.23104442462061,-0.450759875468406,-0.376205380931623,0.0345043694610426,0.157775320404088,7.58,1.0
41505.0,-16.5265065691231,8.58497179585822,-18.6498531851945,9.50559351508723,-13.7938185270957,-2.83240429939747,-16.701694296045,7.51734390370987,-8.50705863675898,-14.1101844415457,5.29923634963938,-10.8340064814734,1.67112025332681,-9.37385858364976,0.360805641631617,-9.89924654080666,-19.2362923697613,-8.39855199494575,3.10173536885404,-1.51492343527852,1.19073869481428,-1.12767000902061,-2.3585787697881,0.673461328987237,-1.4136996745882,-0.46276236139933,-2.01857524875161,-1.04280416970881,364.19,1.0
7672.0,0.702709900098753,2.42643280600508,-5.23451329584052,4.41666124290876,-2.17080621591773,-2.66755356121463,-3.87808845483572,0.911337122229195,-0.166199039175942,-5.00924850212751,4.67572941865677,-8.16718805173089,0.638559282180499,-6.76333439062322,1.29686025605627,-3.81175840977789,-3.75412806618729,-1.04917740227906,1.55419726345897,0.422743129198702,0.551179689117248,-0.00980235731325313,0.721698230069415,0.473245751402033,-1.9593037711687,0.31947554010746,0.600484916486359,0.129305225096566,1.0,1.0
102480.0,-1.92959692675373,4.0664132778545,-4.86518400996861,5.89860229319899,-0.552492585328532,-1.55596245330906,-3.83362344068736,0.679511648528001,-3.46376549143694,-6.68368922880726,7.02127774818005,-11.1024933822497,1.71175507363653,-10.447632938235,-2.79907615915518,-6.26174085045904,-11.6471577741668,-3.45143614190286,-0.507536514254236,0.942488941965831,1.13721164676769,0.674245235425331,-0.531765489027487,-0.433409350510738,0.378658562357166,0.198107291025294,0.869694411928137,0.228047851815119,0.0,1.0
93528.0,0.307715138695538,2.49222531910403,-0.690614796351579,4.85819522379531,1.51571643840615,0.144908401460416,0.883059903144238,-0.321200633619509,-0.0939231302589023,1.15568023619343,0.385938895200012,-3.46661696848022,2.46549581124709,-1.60885439455741,-0.098547345068649,0.665324850400791,2.6515100106281,1.17280447959729,0.756188120602892,0.642984814546805,-0.708508145973454,-1.21626956619222,0.063680566155972,-1.00128250647801,-0.551534888213867,0.0290817259983333,0.337078450632931,-0.0321631486666032,6.0,0.0
14623.0,-0.774381018928816,0.945527383984876,1.87709310160098,1.37008995128946,-0.641256907506731,0.305428671954003,-0.330971529741862,0.668749440227628,1.27896616175463,-0.942923277038377,1.10419419455668,-2.07804708503058,0.155629613499955,1.7365793220994,-2.11642868933337,-0.596852500132095,1.15786426022799,0.795665607991065,1.0803363150443,-0.225950915654394,-0.0745774693307282,0.134359204203995,-0.159305783820517,0.274838714071231,-0.0634901096516745,-0.312930677222388,0.0195242274977759,0.0543105585328197,12.39,0.0
87049.0,1.94313182702452,-0.173645683849975,-0.546580310006458,1.32514230409886,-0.200570184537291,-0.0811439099023528,-0.322263748083891,0.0705414340327121,1.05313461597298,0.111089989207007,-1.3143374490679,0.00984771106387641,-0.881169178419036,0.105739680877743,-0.119962204780558,0.101481044756043,-0.406104483476179,-0.380783247345087,-0.0689555307427563,-0.269455451544867,-0.39946939497152,-1.0786645128458,0.44699584917566,0.549865661878047,-0.365893071277059,-1.09585052168046,0.0364459291532297,-0.0216408080805463,20.0,0.0
101597.0,0.91311613528992,1.1453810871791,-4.60287793273505,2.09180337375362,-0.473223859280585,-2.0854358325571,-1.67124403232231,0.0943965856348779,0.337798765397573,-4.4318096317282,4.87197985976052,-5.39522117678937,1.33250215621937,-4.60379669207464,-0.77731354811867,-2.57189156103509,-3.00361530529652,-0.225441388417525,0.252273565031692,0.50898474829098,0.40141574109896,-0.0849334160429759,-0.197684434494785,-0.283271078982557,0.387597335722074,-0.553526986386025,0.516274456782261,0.270828187083758,147.87,1.0
76703.0,-0.888808565027414,0.627804864586667,1.84949569699967,1.99070670706389,0.807281405120259,1.00478217929537,0.0703128894918702,0.479667069085668,-0.837986298213752,0.352316743989684,0.880641306155988,0.568307989282025,-0.657977631218195,0.0155362039218194,-1.28369347305995,-0.387750504335494,0.167327298323309,-0.716687542718762,-0.869813864448328,-0.267107794709958,0.132871425194757,0.542552333452878,-0.126376209682072,-0.282090490877157,-0.518592021803754,-0.0292135418606795,0.0929848239301106,0.133455781803308,9.26,0.0
64708.0,1.22055151113341,-0.974012668378443,1.07411723793778,-0.439249802739172,-1.67707883697857,-0.469622614563909,-1.0467174018217,-0.0177637759488402,-0.124974852038601,0.470973202305581,-0.537615876570987,-0.391820355549141,0.384455017934897,-0.724588988584062,0.353024824750684,1.18663055649774,0.306584209724925,-1.0280871548799,0.435767315244891,0.226778218080464,0.352006793632735,0.936923910747022,-0.167005541343485,0.457705874957276,0.435412091765097,-0.054831842814639,0.0373816987255346,0.0383021844150026,80.9,0.0
72634.0,1.03108624680804,-0.424046090542937,-0.852513467971584,-0.157193780265168,0.424177914661726,-0.0494552025473605,0.508499662702623,-0.156509852633569,-0.0214197782517274,-0.236757083986908,-1.23076125257939,-0.244296266172055,0.0295199296075516,0.499628707196338,1.18680128973047,0.177443335095228,-0.381786854317739,-0.926916431293794,0.393430540818096,0.273525054163592,-0.344889051075037,-1.39465979890886,-0.142949258001967,-1.29136296545173,0.251255526449547,0.802831032285999,-0.127095430195985,0.0118009918533001,180.0,0.0
33265.0,0.400064590765485,-1.59188886288359,0.658871749027648,0.296986662936269,-0.705258259507096,1.76262607911344,-0.554805343365435,0.565419043285888,1.14258311399762,-0.795313289709829,0.17445752643122,0.989746741303737,0.00871184145424996,-0.371916095910636,0.821171884987347,-1.34544143969331,1.35424540987155,-2.52282395348761,-1.18759346169661,0.447116308766502,0.0821191652123624,-0.0830749658017497,-0.0788475710301692,-0.87579962908365,-0.295178653484615,1.03696958013152,-0.0229983598825321,0.0559151251946229,331.95,0.0
62080.0,-1.59945740179415,2.60772002929222,-2.98719294171061,3.06415614684784,-2.49791431686821,-0.54110279282052,-2.2777862276701,1.26816610842127,-1.99733105335741,-3.83477508791878,1.11335409263987,-4.97692104108215,-0.795530934675206,-4.54955674371782,1.81376325403563,-3.17746049642958,-5.36934877847861,-1.1214541569793,2.03059193793375,0.22533293042937,0.662933039629134,0.184086858369512,-0.0894518031771282,-0.505999935132595,-0.0622588885489331,-0.0527144132804191,0.322854004983613,0.135267636745646,180.0,1.0
52814.0,-1.10184700698197,-1.63244121283891,0.901066556872515,0.847752885502341,-1.24909072939532,0.654936785498635,1.44886782586722,0.0233079125519542,-0.136742416820243,-0.150129182778684,1.17235508293037,-0.795988136674965,-2.13695096583302,0.578869439330842,1.4121147225086,0.0134668068434063,-0.119204381070058,0.826814373772222,0.476859902488945,1.23027784051309,0.610653920616913,0.835795006603528,1.17995542066426,-0.0290908864225033,-0.300895693792436,0.699174952578756,-0.33607170899039,-0.177586827857027,519.9,1.0
86565.0,1.93331109579358,-0.0328357936250454,-1.60023945665177,0.503380896033652,0.0307066714507968,-1.20848324968171,0.195555608512608,-0.299964489202866,0.955778707118937,-0.875562778764592,-0.361021213609198,0.561713929959624,0.286773713012229,-1.51614052356988,-0.126936833462172,-0.096794864233846,1.11492166204746,-0.12323253549507,0.0357192009985472,-0.0822856345747703,-0.210746752736581,-0.40368676807242,0.152178812920322,-0.114737746496147,-0.0798354854417729,-0.0913460982864675,-0.00835932259514108,-0.0137230541113484,50.66,0.0
93860.0,-10.8502815883108,6.72746568826853,-16.760583409542,8.42583167857118,-10.2526968683093,-4.19217104406337,-14.0770860104531,7.16828793346092,-3.68324217370244,-15.2399619587112,8.03070840755191,-16.0603057628826,0.270529742348469,-14.9529810390579,-0.241094883743813,-11.866730636746,-15.4869899240937,-5.74865155747378,4.1300314273319,-0.646818272966729,2.5416369467068,0.135534921100722,-1.02396689219897,0.40626452579196,0.106592778669641,-0.0262323892202069,-1.46463002356247,-0.411681819907858,78.0,1.0
40646.0,-1.66894234126802,1.75406469782717,0.60273015483904,1.07267648705239,-0.402204025304391,-0.197214146981943,0.120874696360546,0.456563199219344,0.896875985703739,1.58017199437596,-0.580617577239909,-0.384751106169153,-1.25251647200044,0.0488097881564958,0.967980797976577,-0.850965573862276,0.500993273813102,-0.574149286342543,0.397837089650681,0.58515857647061,-0.338122263105545,-0.318688574839349,0.107338072181237,-0.00723214938130783,0.0282046838245977,-0.369573515207523,0.561023147631496,0.1892978537755,5.1,0.0
8097.0,-2.59135835337427,-0.470210250545084,1.34520788894059,-1.14056195915138,1.74390291576103,0.289195679218533,2.35855557096445,-1.7899546904704,2.6700133485927,1.32647713542366,0.204148719375369,-3.88990672695338,1.01353821603346,-0.0295299442439537,0.559258079013951,0.0405391815147585,-0.698064591364921,-0.867843018276032,-0.0208258414456678,-0.579851984183293,-1.34512231919694,-1.71057960477417,-0.211435414988583,-1.3810943229259,-0.0535612766445241,0.248308911607899,-2.23099243120699,-1.3081466726326,117.3,0.0
34434.0,0.935230984052187,-0.640775106400036,1.79816741510332,1.72738666909245,-1.38058728670877,1.120568461736,-1.243950046968,0.669724779729716,1.65370832686662,-0.227378725160901,0.360234195927156,0.744006454520974,-2.01079994940674,-0.49688974098377,-1.89566816377703,-0.613178376962039,0.523680881805897,-0.0692135802548073,0.0521642358834207,-0.246270630183983,0.00165940470655082,0.363271949918717,-0.0506444254474654,0.219171686314851,0.356818795298539,-0.239785393179797,0.103825094989985,0.028184333305861,37.5,0.0
77182.0,-1.41085190223088,2.26827061391536,-2.29755364869312,1.87133052690782,0.248957097554545,-1.20879869131782,-1.35864849113679,1.10291613180529,-1.31736377078276,-4.62691916410905,3.35763973653551,-2.99881490434833,-1.95678634545881,-6.76663337149207,-0.869899592420961,-0.868576751992314,-0.370333268936992,0.419265507331837,-0.894893657235367,0.0580625903425241,0.155380926745126,-0.614880421672272,-0.196125537805858,-0.464375543427361,0.118473100986687,-0.484537034984231,0.373595915880442,0.187657248903867,1.0,1.0
53959.0,1.19820578091208,-1.82873858474007,1.47623056099853,-0.693054064782085,-2.42263422347504,0.245293858257489,-1.65391947535278,0.114057768477861,-0.440126107507373,0.938681633891002,-1.35348491369916,0.183521200321689,1.08993944606137,-1.74214234418062,-2.16588783610585,-1.25589141677559,1.3160115432476,-0.400686073580604,0.430111909864837,-0.100242305407866,-0.288657429161199,-0.169395626646238,-0.0856933145698759,0.434142498035794,0.369187660786529,-0.138486359052871,0.0921821513996342,0.0513242701422072,119.95,0.0
94625.0,1.70785693746472,0.0248807914815549,-0.488140038578959,3.78754815533943,1.13945148482475,2.91467262159314,-0.743357877946301,0.699135879021363,1.0084706473096,0.912806096143303,0.7653541419638,-2.04386838674929,1.00154733873148,1.32288725448265,-2.72007696175136,-0.153429555378718,0.752610596119435,-0.755785824269169,-1.91256263382671,-0.368014254987192,0.0108651916304298,0.548257831746395,0.0912182952145324,-1.00795946020642,-0.0821828177765288,0.179709188704528,0.0077377190320074,-0.0688413102470406,33.76,1.0
10325.0,1.01280847951084,-0.117750697880359,1.18554190455469,1.33778445063854,-0.666696995637576,0.315610006842506,-0.610747493290831,0.0835926080425735,1.69450780638693,-0.395534590585144,1.79614429363217,-1.13023008519734,2.54294083547241,1.20572951862896,-0.873876888113757,0.475701834874983,-0.0891124939354868,0.998675168047439,-0.250389407127745,0.0482752662003997,0.0581039356693014,0.434670181361491,-0.20655169754353,-0.00124800143405198,0.504299924747943,-0.304907816089329,0.0298080556214462,0.0305171675706805,79.0,0.0
117560.0,1.90926250173601,0.180221177456555,-0.675715872271148,3.61874619551142,0.683523418766832,1.49549300501762,-0.416516212144499,0.382755627118397,-0.344693101132606,1.46980723784025,-0.894097278685283,-0.0281561321768472,-0.810814747032983,-0.0412104058310328,-2.41646138095713,0.832983754606412,-0.88435592702122,0.348294031122897,-0.696561686334625,-0.309428503952605,0.0684006880155416,0.387453967622931,0.00969829148185627,-0.223142677265629,0.169960787859791,0.143453102835346,-0.0145769312656942,-0.0612463604926996,1.51,0.0
47424.0,1.09777138248754,-0.444513654034246,0.436714886470368,-0.605826678129356,-0.874931824613063,-0.772357301407961,-0.124655588091504,-0.0476995089846197,1.61226888898513,-1.17248145433389,-0.0429785142455439,0.86778860718325,-0.637216365139836,0.153905062576547,0.789231433766737,-1.34379040793185,0.599716442950067,-0.895735752679119,0.462633806740518,-0.10076680701712,-0.178283552475027,-0.345289449331305,0.0250594159589643,0.388884528916261,0.464490982024989,-0.836398393902782,0.0716141118208417,0.0340048495770777,57.76,0.0
77994.0,1.0987610387594,0.013172009639251,0.424687929985564,0.938312062290531,-0.14814881318326,0.398194544776223,-0.345349920399368,0.342896930144182,0.119751506250485,0.131977709371098,1.42983526279742,0.18166432107696,-1.68479410289168,0.834762677068782,0.987369069226185,-0.173768590196545,-0.0748756777170696,-0.132245553152559,-0.912693647055321,-0.292714922650864,0.254433483775339,0.764860634449437,-0.0928134263724629,-0.298870842010035,0.488904247893949,-0.16151778075594,0.0446707915559719,0.00225620476879845,5.04,0.0
54756.0,1.20768905890422,-0.156919624678448,0.680921520755516,-0.115471232034822,-0.911610809740492,-0.831816443525808,-0.349090110692275,0.0119090143472929,0.242368002852879,-0.024838466607953,1.51732319485191,0.551486721789063,-0.793651076098946,0.500816589286451,0.625885393432928,0.582103294950827,-0.494364971528537,0.11065788569799,0.243736107381342,-0.0936192165336399,-0.0725884966301739,-0.293935725980085,0.111517900534406,0.576698019088948,0.0297347866441635,0.876009973585127,-0.081294524098237,0.00121749960139947,11.41,0.0
57007.0,-1.27124419171437,2.46267526851135,-2.85139500331783,2.3244800653478,-1.37224488981369,-0.948195686538643,-3.06523436172054,1.16692694787211,-2.26877058844813,-4.88114292689057,2.25514748870463,-4.68638689759229,0.652374668512965,-6.17428834800643,0.594379608016446,-4.84969238709652,-6.53652073527011,-3.11909388163881,1.71549441975915,0.560478075726644,0.652941051330455,0.0819309763507574,-0.221347831198339,-0.523582159233306,0.224228161862968,0.756334522703558,0.632800477330469,0.250187092757197,0.01,1.0
17838.0,-5.18787810836635,6.96770866359565,-13.510931139095,8.61789514115238,-11.2144223939458,0.6722478387604,-9.46253281088355,5.32870420774381,-4.89700552817542,-11.7868116556041,9.36907905765884,-15.0941631493865,1.25637700700759,-11.8521613037824,0.274429814172421,-10.6882417917386,-18.3888105354245,-6.89884013301839,2.38280793552097,-0.623737291574186,2.08608300107406,0.760190240866359,0.716805785858217,-0.646743429628277,-1.61704292571624,0.172346889503238,0.626646780979254,-0.169726031129409,766.36,1.0
42805.0,-1.93454284214291,1.60783499772365,-1.24638135910277,-2.61433096501831,1.91122122271493,2.91149678360114,-0.275081413746023,1.23953543552241,0.631363406348458,0.767591587157064,-0.272901946014625,-0.0227909216383246,-0.0444219274683697,0.103105115645785,0.627717664468561,0.825376388826788,-1.02276602624023,-0.0481557469684219,-0.448575336523267,0.441052109090545,-0.165804163116959,-0.552840372960737,0.0591660468310155,1.02302267361837,0.155323245699363,0.767183107062553,0.0895510735523016,0.254073093037665,2.69,0.0
35533.0,-0.674398899894018,0.335458182398237,0.66548122947447,-1.58229831063858,-0.204369576753845,-0.189006999035981,-0.574710224776328,-2.87281282767634,-1.11269070250487,-0.27865815520615,-0.746939630993161,-1.03167292036979,-1.39080620657586,0.102399780633527,-0.681998831394359,0.536222064450927,0.680379683727769,-1.87312942825778,-0.313076197957986,0.546687571611406,-1.00392142022817,1.33734065590946,0.053552787245327,0.0813316942198718,-0.50390376766679,-0.35875731202268,-0.0019340228981314,-0.0361744262417319,34.0,0.0
29816.0,-1.91562505747947,-0.0238706274049848,1.83889481657582,-0.817337203642215,-0.862678883154902,-0.575066690315354,0.0645735231186473,0.474605121180364,0.463120053173851,-1.11968011419762,-0.91610588576595,0.580072458461867,0.568144833351119,-0.486310866335861,-0.431922617647072,0.507538794144268,-0.268168546057801,-0.317593718911084,-0.402562306066266,-0.145848908354856,-0.0872896531182694,0.0630083140989345,0.611107567517878,0.447570047904492,0.113673037227062,0.868215723240426,0.143369547483513,-0.0123461801622224,100.0,0.0
59454.0,-0.647603273905069,1.2577450078269,1.06997170014868,0.659969400103144,-0.351383176602178,-1.01088476569204,0.694525213277687,0.19086734543603,-0.902890104755409,-0.691693906723422,-0.254367386119159,0.610216055702927,0.81608812823282,0.438925479695376,0.547103706294484,-0.0450748888133283,-0.180792711168264,-0.148302525760557,-0.37930993984874,-0.0697583370685304,0.197977095366794,0.41541794588122,-0.0572974763500174,0.734816416900454,0.257808366083279,-0.394332507947745,-0.0939510826135133,-0.0292018180885356,45.45,0.0
83993.0,-0.93378851634996,0.258870694881723,2.5997738026196,1.4916855536858,-0.0346762423490445,0.939353127730128,0.724749425379979,-0.582930491845069,1.91611634004373,1.07390036606043,-1.1054920721793,-0.792511135757789,-2.30554785199554,-1.44039804954212,-0.989619444340197,-1.91350909763464,0.786325175467328,-0.975349802482749,1.33655560312145,0.0356807247646555,-0.554367121308916,-0.432046475597242,-0.0161644785144424,0.0359483694998574,-0.51698007220126,-0.583397523698475,-0.848956614533266,-0.589432294260798,33.98,0.0
65956.0,-0.384805084712516,0.331862026099579,1.3760503643538,-1.82600472800065,-0.17825335082021,-0.983873703794854,0.919113380286995,-0.442089801812985,-1.72925673511261,0.455973514706954,1.65640443723009,0.110508470286649,0.322343225583708,-0.196607125010502,-0.871055737412709,1.09949622774304,-0.201684733594551,-1.47478417839831,0.506275341531395,0.102414014238715,-0.0657108202658769,-0.247012372374491,-0.00574702888933522,0.507324730238759,-0.41234047878617,-0.798700560666144,-0.179620264973516,-0.112860961612626,47.0,0.0
70828.0,0.196706751987779,1.18975728641634,0.704882217511495,2.89138777331251,0.0455553693851548,1.24573045976205,-1.19871420021049,-2.42161641083942,-1.23208864617238,0.324238886093679,-1.27393508028395,-0.868686295319925,-1.18194465496857,1.0275841718551,1.68813234484864,0.256215978185418,0.120608339589106,-0.0523460171330233,0.329826631850516,0.646616407050903,-1.32813178943378,0.189310618105111,-0.00552418359572104,-0.814707739467747,0.400924279960331,0.286281378755055,0.135214945600326,0.257314769060283,0.76,1.0
93904.0,-11.3206331107815,7.1919501426236,-13.1790825454686,9.09955188204157,-10.094748875094,-2.44011507020033,-14.1843372950953,4.45250293397358,-6.24196000276902,-12.618162687238,6.05731930477932,-15.7176066468772,0.117817409556609,-8.65374335706751,-2.50255377627617,-11.2313644545234,-21.5851521412337,-9.09089206099764,1.17118873250237,-0.180934725269677,1.08223532776525,-0.350562500439559,0.483043945803059,0.661132920850802,-0.396521511995203,-0.413315388408682,-0.997547797965388,-0.235035882545031,37.93,1.0
55279.0,-5.75385192191905,0.577609830544052,-6.31278151817008,5.15940136394611,-1.69831984974091,-2.68328644007023,-7.93438913772177,2.37354992013064,-3.07307886895315,-7.14513662527302,6.25006758982915,-9.15082268467043,-1.37614146959781,-9.98258470738767,1.2022169675584,-7.56504249195105,-13.691474448179,-4.36686728138342,2.18142273556017,0.0175000205275833,1.17785240817647,0.175331359039045,-1.21112332108691,-0.446891081681294,-0.405520352964176,-0.165797490498776,1.50551591304239,0.359492050360598,1.0,1.0
77550.0,-0.254305703052382,-0.154939900902952,1.63836470237392,-0.902839663781269,-1.85474591317491,-0.246032901303276,-1.30569707534633,0.50684809100586,-2.49318665394475,1.20238944955487,-0.2566431645269,-1.17414081049022,0.204895282454701,-0.0225317365601686,1.75577385029784,-1.1404658867537,1.57605517088763,0.223585533473772,0.85694306313454,-0.242738777921692,0.147353348754491,0.778457961187725,0.0487866262296193,0.409093745713694,-0.720819142143065,0.0762497539618551,0.117775896463373,0.0936621891291343,3.9,0.0
35771.0,-3.21895201068387,2.70853541135777,-3.26304158740062,1.36186594394607,-1.64577567536596,-1.85298187130258,-3.06995821412732,-1.79687585578416,-0.213356097435365,-3.55198400939375,3.77974953895486,-6.98477147722078,-1.14097718858781,-9.37787845231763,0.921463506707037,-4.65207119462111,-9.09423129737693,-3.08254995409724,0.132330776389272,0.571654488206511,1.80787725006384,-0.890421395077162,-0.325814386573867,0.123039596922715,-0.0930137472776971,0.232105969675678,-0.310518998304807,-0.745294626799623,60.6,1.0
54974.0,1.16783711190407,0.118961642585452,0.135745614193879,1.12063825705378,0.219514404726859,0.525244328515403,-0.0625622166516151,0.186980574640954,0.11311851475924,0.0515420342379909,0.508841019955015,0.870385385147329,-0.324902421273842,0.267277917952414,-0.719699622411661,-0.315932128418225,-0.223378739138289,-0.230956442941331,0.181792371303381,-0.16997986378936,-0.0971764390779711,-0.08875506818317,-0.158197638880402,-0.666676129240004,0.716320350260165,-0.286368800708038,0.0335509534252583,-0.00154277625359587,9.46,0.0
29531.0,-1.06067628419757,2.60857946990866,-2.97167900258071,4.36008935234848,3.73885304346426,-2.72839507263672,1.98761635466291,-0.357344707416169,-2.75753451251209,-2.33593332652232,2.11151686706104,-2.59194964968951,-1.9505893546741,-7.31157981735935,0.0777527657738322,2.29060783198994,6.50927165018434,2.56997142628646,-3.28615008214787,-0.0890615369649179,-0.0631678773494982,-0.207385284031508,-0.183260817119722,-0.103679373403096,0.896178353364318,0.407386872028391,-0.130918311231478,0.192177382137495,0.68,1.0
77496.0,1.09843687056875,-0.214529772838928,0.434133559193451,1.19016117033145,0.0462019537968905,1.28015305290151,-0.46866015826382,0.383965375302636,0.685032979684191,-0.0993997854757269,-0.193635309099628,0.981568338411543,-0.0717364999395164,-0.261660005191895,-1.31768053329461,-0.280346410668515,-0.235363994014069,-0.00927663747766732,0.463573826164778,-0.0875683173161964,-0.091255277182826,0.0123784415608587,-0.255230677510966,-1.12361985772791,0.728668707401287,-0.205979591175024,0.0621480102678325,0.00592897542096921,39.0,0.0
48380.0,-2.79077103894771,-1.46426898705405,1.03116500769674,1.9213560843992,-0.0900138203463016,-0.483871347899329,0.780731181206493,-0.348775795673106,0.609133451935087,0.225933803313285,-1.06453419450651,-0.787372737955552,-1.57646958451914,-0.126756361711439,0.367012281940972,-0.635321654596588,0.327006411459276,0.0438160872305435,1.40357376229763,-1.37672077946455,-0.392667221970544,0.440019838749267,0.777659196131864,0.418551935584405,0.244563185949918,-0.159360689127314,0.0605395343366452,0.356958362771354,208.58,1.0
49517.0,1.27065461414009,-0.621260264085116,0.70753063259877,-1.9067911764116,-1.38106366827724,-1.09880505504798,-0.604416641290784,-0.115616603716975,2.43175048064112,-1.63599439384649,-0.282269253824936,1.12169487247532,0.307228907086573,-0.214569471802288,1.63045735938948,-0.87880782000682,-0.0249447321984214,0.378832811400617,1.00738010729954,-0.0659639447698352,0.153823604273712,0.771067534167364,-0.16943424696734,0.442534428040082,0.687837807245984,-0.641220931299894,0.106174302202915,0.0332795337525302,11.05,0.0
89301.0,2.03018300962356,0.157990604882777,-1.63787098828265,0.782259564741841,0.146697743918028,-1.15370819581389,0.110811197243563,-0.290930512826627,0.747456593154175,-0.692774529867818,-0.439588410056072,0.394365545981181,0.328357043155185,-1.79571502306524,-0.434321608405883,0.0299960123781109,1.2687943573414,0.0222009426965516,-0.196622243174635,-0.1654950814039,-0.0227179105613007,0.296111921549481,0.0413375119617824,-0.0678268778846891,0.0940043650711939,0.640467081695539,-0.0334325568132471,-0.0302164791219711,1.0,0.0
41233.0,-10.6457996485752,5.9183066586857,-11.6710425949575,8.80736917876038,-7.97550136587277,-3.58680634405361,-13.6167970541448,6.42816934590602,-7.36845129274034,-12.8881582878915,6.85495311388866,-13.2116950297251,1.03561234332246,-13.7789556397675,1.04044835530024,-11.2903278082585,-20.5780220491922,-7.54782411219534,3.11847976563045,-0.0461701790327979,2.57196959291347,0.206809359357246,-1.66780140024191,0.558418754024331,-0.0278978765982558,0.354253781525514,0.273328726801416,-0.152908080809092,0.0,1.0
40660.0,-0.833350168521801,1.24419229928347,1.05586370542527,1.3520409861806,-0.106820642615795,0.0655584431162954,0.421573662926881,0.468910930458731,-0.628542594051037,-0.385968753789888,-0.59785419328496,0.851148352164298,0.929193893875876,0.136219687698446,0.0707996994064573,-1.13918544299711,0.739003687100525,-0.752525935455387,0.703051950035221,0.174114793600984,0.0422624473076152,0.335869687724952,-0.0347143672208159,0.122198949047221,-0.0194387599025101,-0.22622258130675,0.301059060543494,0.13726600781774,42.53,0.0
57456.0,-0.362419137442793,-0.315671565857171,1.54208735626955,-0.940422861272417,-1.98937507151379,0.168899823492081,1.23356669598107,-0.396792455015688,-0.629493326763498,0.207985307164454,-0.99512724455135,-0.818142178748,-0.761935820579673,-0.539670632708349,-0.183779022708082,-1.57671106665658,0.214038374158245,0.746288955272597,-0.211404475796459,-0.394221310713945,-0.748220179428137,-1.45235770654854,0.293704610689499,0.361612979194609,-0.503958728025404,0.655145796403283,-0.201212101701772,-0.272435650945921,279.95,0.0
116425.0,1.79039977399321,-0.279311566168932,-1.74812070432204,1.46499624932151,0.186920977542336,-1.0676589395464,0.650316412050316,-0.388938771970377,0.355504938456254,0.264361009073551,-1.18814035060316,-0.282387348023555,-1.09177816993931,0.729331305857371,-0.117123507463164,-0.544728988791555,-0.20707728642407,-0.157058186292481,-0.449373731750831,-0.0932344248386733,0.361724356390757,0.953171235648741,-0.244178517850542,-0.0622799535440048,0.535726926931849,-0.268414173236961,-0.0414991387180965,-0.0444430105152399,135.0,0.0
65712.0,1.08108086963972,0.417407726308334,1.23014077586954,2.61835568456351,-0.439086729177455,0.0968094042387968,-0.18279116465658,0.128959348501568,-0.596905103229787,0.651679583261693,1.14197365502321,1.36149198336821,0.551785222990664,-0.10074598294587,-1.3546856235871,0.481069713601944,-0.495703397789919,-0.356477851620287,-0.373595003719093,-0.110575366754849,-0.285913249265902,-0.737047638532023,0.155645088762283,0.508219977894315,0.216910624385811,-0.307545410797447,0.0174692138529435,0.0251222508130488,7.57,0.0
69394.0,1.14043132434726,1.13424300279892,-1.42945474072655,2.01222598912655,0.622800198240135,-1.1529230868157,0.22115947772768,0.0373717733484629,0.0344859259841517,-1.87964382107016,2.19166507997652,-0.487849732811135,-1.75713709936308,-4.46105120749925,-0.402884205654366,1.4109171085787,3.61925125200524,2.28492676267757,-0.443999191918561,-0.0997118777920308,-0.367136001490949,-0.891627120817809,-0.160578066799212,-0.10832596200032,0.668374321480191,-0.352393242949003,0.0719927692746503,0.113684370071235,1.0,1.0
21723.0,1.13902787779792,0.765946361127232,1.08477460614113,2.81657162806075,-0.316181628544836,-0.77821945796431,0.117134961230933,-0.287014494577274,0.379055303010993,0.285572801214734,1.05266099913276,-1.92646713963843,2.52960402135549,1.56064687877075,-0.337434559199898,0.489785509066716,0.230764519564006,-0.316659809459506,-1.41922979709063,-0.135235739567112,-0.172341604528753,-0.268903416778183,0.0814910892393971,0.855613026909892,0.355770732512976,-0.149348556333638,-0.0302249396699722,0.0269627391682441,12.13,0.0
88737.0,1.91782653091941,0.951966571156228,-2.05920551344214,3.83399771227534,1.66819219140891,0.769825697337707,0.23246305671161,0.107940567202011,-1.14364568858013,0.541699242973355,0.301977229683697,0.257697090947377,0.709147651977866,-2.420715975085,-1.99774018079568,1.50669615001484,0.799832475247662,1.16276426158317,-1.15062735713932,-0.115922317627863,0.0152553539964535,0.239994342022941,-0.111915984520572,-0.380575889863537,0.370994788995014,0.189116547062326,-0.00582328067918961,-0.0121050906997506,9.21,1.0
68357.0,1.23260446981971,-0.548931183157109,1.08787266901823,0.894081819978967,-1.43305489904701,-0.356797142170886,-0.717492197160233,0.00316653108995309,-0.100396732730679,0.54318725600578,-1.03941706835478,0.285261608751792,-0.206006567752438,-0.498521775750102,-1.06410845071827,-2.1560365431533,0.564761098405632,0.837856659648528,-0.728989760343786,-0.576274061414969,-0.448670516618872,-0.517567967949267,0.0128333352729761,0.699216728009832,0.527257980520248,-0.322606503047991,0.080805437438631,0.0354271820131481,19.59,1.0
46395.0,-4.78214223887027,3.64088346907466,-1.84791756346568,0.0241240111589406,-2.61641128234729,-1.49653787203471,-1.40565726422027,2.33123586867279,-0.0851927906783829,0.510331010571701,-1.09174470456444,0.710067704779984,-0.230251062164208,1.77358331284949,0.633364131814117,0.565447462607379,0.77012831684151,-0.085922410663826,-0.2859894592201,-0.46241372727469,0.271457041118891,0.197461293032876,0.29692207753793,0.716204217171174,0.00815145614988871,0.213185515863875,-1.3142048006126,-0.222492581419911,39.11,0.0
109841.0,-0.0196183569978722,0.270057270410864,1.4202719847063,0.546886682797551,0.368772899761941,0.936767325331043,-0.00526292899244086,0.178848984617591,1.84670120194839,-0.352338469800288,0.723678338676076,-3.00452801646857,0.0900266947350754,1.45419172431638,-0.763277461421881,0.69609510433365,-0.474882037682544,1.66798036184881,-0.0452739878146503,-0.0630710316889915,0.0345376913957248,0.427556500089391,0.167585691120052,0.043410412795889,-1.33172868749396,-0.937235598406791,0.117279599182628,0.0446582870077924,45.5,0.0
75766.0,1.2229463719021,-0.411449299699514,0.881723651430598,-1.017559354615,-0.900403503718197,-0.063335415027464,-0.813358518967597,0.121032729916727,1.7053867704522,-1.07358294108072,-0.348432219224021,0.89311898363427,0.984732317212225,-0.245157813285831,2.44998456527763,-0.133322438149591,-0.462134222054923,0.36675191650047,-0.0578715073744491,-0.0524018510830339,0.273113289119,1.019490352737,-0.158481812316032,-0.376941818788455,0.505976480781644,-0.493415996771737,0.124540649115964,0.0349540296968548,8.49,0.0
111296.0,1.79137843940178,-0.494992939854188,-1.07368950201664,0.544328423001346,0.167657745853071,0.21128943397418,-0.21730752247094,-0.0599038363785486,1.76083106325655,-0.186281639589407,1.4687532516117,-1.51344960291533,1.9664986400375,1.69416020149452,-1.06999753228271,0.350266653932929,-0.0815624591295352,0.460586811968359,0.0221980420471915,0.0442481549040033,-0.0891576978328081,-0.17252050507349,0.0999250212790357,0.191802189806941,-0.225331571226667,0.154040926878288,-0.0932464151778286,-0.0467221492912146,124.9,0.0
55311.0,-6.15960693036327,1.46871292315117,-6.85088814665684,5.17470627250374,-2.98670392387712,-1.795054145699,-6.54507152628193,2.62123613805269,-3.60587012643541,-8.12216107491307,6.02903256317613,-9.22585530778592,-1.54675863096913,-10.3093341893072,0.308062393533042,-7.78732622111619,-12.8221770045808,-4.36767713342358,2.64398422133793,-0.289829585956863,1.06131418230601,0.125737468595024,0.589592331660844,-0.568730604518481,0.582824720935876,-0.0425826450995479,0.951130233081124,0.158996023697089,0.83,1.0
65728.0,1.22761441351286,-0.668973794096954,-0.271784826118016,-0.589439741635524,-0.604795004349645,-0.350284967097775,-0.486364540645055,-0.0108086285956747,-0.794944156080669,0.264544748886681,0.881268050432366,-0.324703760782435,-0.263263800489225,-1.11273543930467,-0.540849503339651,1.53341124817574,0.831442610720144,-0.473346676550517,1.19012126352217,0.273799209937263,-0.0260547222626376,-0.295254768133076,-0.180458520061445,-0.436538663158256,0.494649059264358,-0.28373826696629,-0.00112827864271304,0.0350745013143425,98.01,1.0
118000.0,2.0363162224157,-1.07512916632754,-0.24153702988222,-1.51604479127616,-1.29916321093938,-0.434201128881429,-1.21171284606394,0.108827057487559,2.88876408603657,-0.962349248256445,-1.52419635713407,-0.0205170391496712,-0.712386356811368,-0.212026750828481,1.76800257812818,0.261690578120079,-0.701315522952042,0.954772780956968,0.617036084378627,-0.193105842428118,0.194053471279104,0.784589655299885,0.0939541133798892,-0.636705464425135,-0.283752451039432,-0.136310044062134,0.0603387709096794,-0.0361425570946687,19.99,0.0
3767.0,1.45849876292009,-0.589401689567203,-0.881929564572124,-1.64036418090312,1.48744625883558,3.26410146984132,-1.20963436119249,0.718033411229343,0.363592642845045,0.295793960299975,1.00909617012029,-3.17455651570238,1.86390123827832,1.40583356810916,0.25613553889786,1.52970420778361,0.445189389186612,-0.871893034651889,0.776031676590657,0.161812848843175,-0.296034988942176,-0.882645520349211,0.10731798882582,0.918503178350306,0.367891474031026,-0.505226318140617,-0.0143406631082612,0.0102896433461725,12.38,0.0
68478.0,1.2463162047421,-0.872237690729305,1.40921562024582,-0.209556864116083,-2.01408263870051,-0.683156052274411,-1.09223724881537,0.0225004940334743,1.93596501841219E-5,0.486368231096357,-0.496950073910857,0.0675800675103627,-0.190142672204494,-0.474626217048151,0.114831588556417,-1.43463901526312,0.38117306698179,0.843506597451461,-0.801940474014853,-0.480499105018661,-0.437791326276607,-0.673225392139382,0.197438308114369,0.947435695204373,-0.0882595526381519,0.926041455585045,-0.0119692195988548,0.0299050043705669,28.5,0.0
71033.0,-3.17081841545902,0.185734554774403,-3.39985157931162,3.76115529034876,-2.14804702797609,-1.59894442520531,-2.51956531805231,1.31621501070214,-2.40010611621824,-4.99341703829647,4.44719176626515,-5.29376010254684,-1.41957829927441,-6.42527621352443,0.914083034195792,-3.51519716625381,-6.34745330751181,-0.90351216582405,1.19160626766329,1.93225372509724,1.09205113380931,-0.0410804286307278,0.904395217733676,0.180015601586537,0.0499703397242655,-0.257099837784436,0.859281566487016,0.225924185725605,426.4,1.0
67562.0,-0.49106719973417,0.912110158501524,2.59707704076194,1.39478495493671,-0.381972221835067,0.0800821823088852,0.0666893863653137,0.209611808798271,-1.30126532189525,0.365098327201772,1.40588897478446,0.639655732850229,0.713457563299965,-0.0458627682584226,0.340263090672628,0.894660701408194,-0.652601723353585,0.461568729754623,0.135528405323183,0.139969104936386,0.148893352500373,0.346983458442843,-0.0366995165385006,0.581051147215842,-0.616299376290279,0.88172416101438,0.0667763479071422,0.120797657149973,10.0,0.0
23607.0,-2.26839661539423,0.00955956680330633,1.65514887782722,-2.16149393105573,-0.206614897773414,-5.15618265308465E-4,-0.468788561726699,0.676073958865186,0.134288106523023,-0.376543674940039,2.05699208235014,-2.38654478160616,0.705889230736023,1.84069288156787,-0.81906143881868,-0.77496987932338,0.487921228816121,0.855452711182385,-2.86551755524643,-0.956062035314564,-0.643488540670684,-1.23769221993447,0.412480098761154,-0.433969917733689,2.06751910096337E-4,0.309524402925747,-0.309244183523354,0.129337026447653,13.8,0.0
83052.0,-0.904058128980202,1.16817923884492,1.29136620760554,0.357728622185192,-0.185577278589655,-0.360292582525997,0.214971599306423,0.406013310211866,-0.768430927813216,-0.521856378165593,-0.258149095131425,0.204734204488585,0.261065847924425,0.520198721216643,1.42324229568541,-0.24952692954477,0.290562123522541,-0.684406488641544,0.368301513362554,-0.0953296881239047,-0.0752705927136787,-0.379025957408513,0.0969097590479512,0.0707250990521066,-0.433466616754136,0.172111745268755,-0.152801305518068,0.0477209102341371,8.99,0.0
63578.0,-0.639191253440691,-0.0855947885921835,1.26545195854416,1.40116573166082,-0.260542078671007,1.00979457835355,1.30199897093176,-0.135257522932592,-0.431520921685507,-0.0913533730643921,-0.921051995675577,-0.61381552858098,0.198913055533638,0.0160870050482155,2.20626377523102,-0.527140627794259,-0.0572786796405291,0.448655661077036,1.16443546519237,0.861306751100051,0.340330752683629,0.76016976216338,0.353376975218638,-0.778892742566353,-0.0706811598435952,-0.0333546437243291,-0.0619624216383359,-0.0626865318467909,290.18,1.0
68207.0,-13.1926709562391,12.785970638298,-9.90665002092758,3.32033688288942,-4.80117593230105,5.76005855618556,-18.7508891580107,-37.3534426378925,-0.391539743919107,-5.05250236713858,4.40680552357904,-4.61075647740608,-1.90948796970811,-9.07271093398351,-0.226074450896345,-6.21155748212485,-6.24814535335983,-3.14924669470095,0.0515761185277783,-3.49304991519446,27.2028391573154,-8.88701714094871,5.30360690376998,-0.639434802306313,0.263203123457008,-0.108876929971315,1.26956635541013,0.939407362758877,1.0,1.0
48585.0,0.833046398509797,-1.10887743818232,0.793769908453879,0.571989114644611,-0.81495398563578,1.46799195321066,-0.963070484793837,0.566137430165652,-0.342381604540805,0.47426868008328,0.150128042658763,-0.0420968256520506,-0.860162439101682,0.109833990826564,1.5053511721329,-2.7462777707253,1.3225470018117,-0.476807727615293,-2.82277269321248,-0.490424777919168,-0.034416261334282,0.346997915701631,0.0129005770370837,-0.665632679531603,0.0842945000460178,-0.124859101127575,0.118451269791116,0.0433885294047394,139.5,0.0
102622.0,-2.87717642607719,4.56964856472544,-9.55306876711684,4.44107935434428,-3.65396138652409,-1.87798085259887,-3.5143534876061,1.5476079597065,-2.50330396990855,-7.57563437993936,7.00213577397937,-9.95919399367656,2.12207206066581,-8.88487177224851,-1.64485747819635,-7.18992618738758,-10.4451050316273,-3.2719075376306,1.48227743472618,0.105615110186545,1.27289634389685,1.30026844858483,-0.00395013351868523,-0.36084777781177,-0.597525997544942,-0.390901228489311,0.592196918920005,-0.241010152850381,346.94,1.0
40919.0,-2.74048250153169,3.65809481979987,-4.11063552027473,5.34024166876747,-2.66677476000958,-0.0927818149405728,-4.38869880914515,-0.280132705503576,-2.82189458229917,-4.46628416302479,3.96979981229186,-7.34671678644283,-1.16331176961366,-8.22556891234807,0.82500183194645,-6.77286703365235,-8.81578542555918,-4.56885928410549,1.12659865645629,0.185325269832133,2.41749541196206,-0.0977119508973041,0.382154506973307,-0.154756519767143,-0.40395592644091,0.277894930235294,0.830061638644528,0.218690442242457,112.33,1.0
76397.0,1.0857210807121,0.112838613626131,0.0964143985256627,0.607101613497663,-0.189106754029729,-0.936663764887878,0.47008426723992,-0.245966419088567,-0.283039579030595,-0.143657565686038,0.375226871529714,0.694266158392072,0.370796446588862,0.463854346555361,0.953107204175802,-0.370491648111436,0.125871589561362,-1.47222710600305,-0.396942793953963,0.0199409548074849,-0.28882383487758,-0.970227590285287,0.15207881614657,0.415002596811828,0.158492587581767,0.13885497063094,-0.0573218255349161,0.0222249893540362,74.9,0.0
64785.0,-8.7444146436792,-3.4204679837707,-4.85057473189452,6.60684578567387,-2.80054617200457,0.105511583647205,-3.26980129883546,0.940377922978903,-2.55869060182863,-3.62477471396623,5.26786160380362,-5.58369692598496,0.173895592410693,-6.67997675520914,2.08419914311417,-4.3488914455328,-8.76078602293495,-3.40754854415232,1.33293006548133,-1.81831542477292,0.102912553839685,0.311626102287519,-4.12919549979785,0.0346387321763146,-1.13363123097119,0.272265246225774,1.84130726881613,-1.79636258672205,720.38,1.0
71640.0,-1.64393951552835,1.98112479678553,0.569276199200189,0.634366980565541,-0.0014102061543333,-0.253517518781675,0.212586340566866,0.530813398762028,-1.08195276490902,-0.419147373825844,-1.22342267172662,0.62967105015668,1.76152335821684,0.469845504722951,0.99963597304366,0.0387854889630154,-0.204018054446256,0.240581270509688,0.834794253634539,-0.138068907344437,0.193414779565705,0.211501477076577,-0.350059489876427,-0.411379672752321,0.684695131320648,-0.193178665621304,-0.712453124754062,-0.0511110205564526,7.86,0.0
4462.0,-2.30334956758553,1.759247460267,-0.359744743330052,2.33024305053917,-0.821628328375422,-0.0757875706194599,0.562319782266954,-0.399146578487216,-0.238253367661746,-1.52541162656194,2.03291215755072,-6.56012429505962,0.0229373234890961,-1.47010153611197,-0.698826068579047,-2.28219382856251,-4.78183085597533,-2.61566494476124,-1.33444106667307,-0.430021867171611,-0.294166317554753,-0.932391057274991,0.172726295799422,-0.0873295379700724,-0.156114264651172,-0.542627889040196,0.0395659889264757,-0.153028796529788,239.93,1.0
118597.0,-0.705617506326493,-0.295954563498362,1.23693017614881,-3.53104297463573,-0.0519819910733791,0.577737476506234,-0.199275171969553,0.116428140991821,-1.68077590662446,1.30350630845287,-0.539836062787955,-1.61339397380666,-0.817028466888247,-0.650540462469296,-1.06512148096215,0.190529161579874,-0.463932732246933,1.05530665240626,-0.122861763326601,-0.0400542743653898,-0.318429805591606,-0.288950631168926,-0.501377023837079,-0.360420391246961,0.767016084751881,-0.128430856437437,0.205626695604313,-0.0612849810846865,9.6,0.0
60447.0,-1.03383438095127,0.374405723694742,1.99576019613742,-3.11653494390321,-0.473778404038384,-1.37530236932128,0.601349506409635,0.0226360258964895,1.14170885130911,-1.90352335054136,-0.543751139496238,-0.139368760052929,-0.994877114197794,0.0547868586313712,0.913451363400931,0.430613665319159,-0.838291365107589,0.0954302436812286,-0.945557862399636,-0.0405955373645049,-0.0677234990379487,-0.230342088915793,-0.216260612915247,0.37228869431404,0.466588033331841,-0.307164990003544,0.234992882653418,0.118494228083292,25.72,0.0
93853.0,-6.18585747765758,7.10298492227346,-13.0304552638937,8.01082339822486,-7.88523736131971,-3.97454999359808,-12.2296077786617,4.9712317023058,-4.24830701294998,-12.9654812039222,8.68830799242781,-17.1829184301947,0.0695769150313325,-14.1161560074304,0.959031717400206,-12.3753337375636,-18.716764511809,-6.52201457322122,3.51795494036344,0.483930108481186,2.50277241039945,0.481691289576756,0.480957977547458,0.360318638811951,-0.293354295977635,-0.199193157971208,-0.203917328209747,0.398927185850218,44.9,1.0
41397.0,-14.9703456545046,8.40142101040258,-16.8672384869515,8.25233430637468,-13.5651304873758,-2.78243755853826,-14.2637353490007,9.64341914576661,-7.70149868394332,-14.2266980575287,5.61099879659254,-11.7939788348294,1.59838653001563,-11.6069703760766,-0.0441804437896824,-9.28695473739369,-19.8997264249367,-7.518050849236,1.24351749943488,-1.61466005601289,2.71404480183882,-0.101355310559619,-0.439665974014017,0.519513861479409,0.789327982433797,0.0643574266343142,-1.62138568643941,-1.10481920857705,273.01,1.0
110671.0,-0.820855115875187,0.357477582480113,2.75658482382961,-0.759550173391814,0.720178280598874,2.76172035456176,0.210229750572543,0.220921421705837,1.89016718970896,-1.08619848928128,0.550538762619699,-2.18350729776376,2.7941752544582,0.284257614836288,1.03115695217254,-0.570061752931896,0.665510351714356,-1.0590759713045,-1.9944410979453,0.00823734488444286,0.0631907475494113,1.02125996093631,-0.403325647854606,-1.99502631138894,0.0166871569641081,0.525117127100667,-0.331531074785624,-0.420428121426526,68.0,0.0
45463.0,-1.47689343619361,2.12231379246165,-1.22946956041319,1.20184879823143,-0.343264387787516,-1.31770390932283,-1.52814215893659,-0.620953383361586,-1.21304032250238,-2.97526724837752,3.53221960237349,-3.68263987014104,-1.15477748628793,-5.16522922685485,-0.240091425455286,-2.40492728839102,-5.67173864053893,-0.99429395124741,-0.289935891439032,0.276893466308702,1.18603560532412,-0.0402148700651311,-0.238930086824211,0.110144325976026,0.0454183699836296,-0.56923231725429,0.481018701576887,-0.0475554426964208,1.0,1.0
20011.0,-14.7246270119253,7.87515679273047,-21.8723173644566,11.9061699078901,-8.34873369160876,-2.26284641969245,-15.8334427819606,0.0778736741759969,-6.35683349086288,-13.2616517082667,10.0637897462894,-14.3947668016721,0.654888723464231,-14.2483158270781,-0.305360761401071,-8.16163244506225,-12.2809648581754,-4.81858639342974,0.719787682108791,0.996468755724792,-2.36234492751884,1.09955729576975,1.03719942301307,-1.03635934178889,-0.254776514154375,0.642343201018144,2.16112922373151,-1.40128201963858,1.0,1.0
36862.0,0.161794610423371,1.448040106901,-0.348170165897755,1.20490016231212,0.426481627178909,-0.084681152740341,-0.66070860181817,-2.78783635627462,-0.722026058516959,-1.30360356315202,-0.6748343213965,-0.155982225682935,0.108130820704234,-0.939993396027006,1.28672148098959,0.740970177537075,0.917638705087269,0.98022314380122,0.086973446290078,0.702645073255711,-1.34637702681203,0.225873037915616,-0.19549655229843,-0.598204165544198,0.829120871278411,-0.186065059516342,0.151232806109299,0.296899292788391,1.0,0.0
61108.0,-2.7560071191969,0.68382137690334,-1.39016888269883,1.50188726081003,-1.165614355805,-0.13120694925796,-1.47874061646082,-0.246921578045176,-0.100522731731488,-2.30110989675506,1.91445404493049,-3.8309980112302,0.719488566785256,-6.35301985790071,1.43871619241123,-3.29723907467834,-4.86297149937169,-2.00235399924327,1.54523326964355,-0.106944639579729,0.320473875601072,0.61102668559867,0.174863684107414,-0.502151101117601,-0.174712784335661,1.17924208342707,-1.16631532833921,0.821214803121569,101.5,1.0
93879.0,-13.0865194204794,7.35214833905529,-18.256576111808,10.6485054461688,-11.7314764509112,-3.65916740569145,-14.8736579646075,8.81047267511276,-5.4182040716445,-13.2025771482197,6.35722736343626,-15.5316111795156,0.659694875353275,-11.4123295951252,-2.44757607431839,-9.83374302098841,-18.1746174349071,-7.269904593126,0.623796611777714,-1.37629840858733,2.7611570593153,-0.266161809571132,-0.412860724865388,0.519952215674181,-0.743908960008006,-0.167808225140728,-2.498300252188,-0.711066151912636,30.31,1.0
4350.0,0.0947386320134269,0.883943913358401,0.916554522524065,1.25007314816254,0.0907791053036254,-0.453875625048745,0.765326469054544,-0.215195186127776,0.738511718487768,-0.510296059385287,1.00295826385398,-2.01890183122317,2.27339410982243,1.69903047488028,0.310749716303008,-0.721958421308768,0.825680805049727,-0.242203036712822,-0.405504636806251,0.00472888346379014,0.148231084956694,0.734574689161548,0.268688060702639,0.362448249304533,-1.02992856560316,-0.49840256213882,0.192698027035798,0.177266545917103,62.1,0.0
40519.0,-2.86058216946968,-2.78831054747369,2.3358970102644,-1.15597240196903,0.973610186805275,-0.229714176825967,-1.3806531507643,0.438205030513901,-0.878971925625001,0.0439034519830985,1.55153577200085,0.62157384055741,0.903602563342818,-0.767436331850656,-0.339890046813084,0.972109502724508,0.338106650906537,-1.42492392410165,-0.433545223459402,0.173935251342665,0.488250021224789,1.28883784992551,-0.131532188576935,-0.190551754681316,0.392276632931361,-0.0935837780221098,0.0340371559146803,0.261662824452869,185.0,0.0
84789.0,-1.43086372778891,-0.802528699267131,1.12332029999445,0.389760264731692,-0.281213534404278,-0.055123492429819,1.32623248909333,0.195699815379613,-0.546889550453909,-0.71347376073502,1.27462907751277,0.0236821347785728,-1.52169610821701,0.727242085814848,0.166504662441577,0.348037591565135,-0.5663900830288,0.216016101767291,-1.14037564250718,0.634184289933654,0.325575470468413,0.0140018451191784,0.844946015847872,0.114962884542335,0.156364810543393,-0.619437446641754,-0.120351072821334,0.0355941733717493,354.33,1.0
75851.0,-4.79366743133161,3.41891065333381,-5.07444453285381,4.03598694267746,-3.52787459906065,-1.92324150219959,-5.06598083804842,1.99688475994042,-3.09737916358313,-6.44720227383046,3.77557843937585,-7.49878345527601,0.231306922054262,-8.65826843157538,1.34330765668858,-6.17333085967808,-10.7080182544535,-3.50489419159365,1.88404425730219,0.342122343012083,1.16861781897539,0.289530903898366,-0.371888203724815,0.144761276597316,0.0847348250689305,-0.19743147093529,0.328671522253493,0.835394921353057,99.85,1.0
109298.0,-1.00061051985933,3.34685000184439,-5.53449117133595,6.83580203854396,-0.299803293657807,0.0959512989990878,-2.44041927394713,1.28630119597073,-2.7664382829404,-4.45800770078481,4.69653339192897,-8.76211333956078,0.985826601093264,-7.32027202211023,-1.06384045772504,-3.37112471078725,-4.25115786762875,-0.43005729986925,1.80401333906519,1.18981379228675,0.439756764345897,-0.694099203587273,0.299660329499667,-0.657600627722995,0.101647558980344,0.430457439169415,0.824685450418745,0.326952273050223,186.13,1.0
77086.0,1.07085846625996,0.186117435455424,0.525802831784438,1.4877174309882,-0.233670105078042,-0.324050291564444,0.207190982428879,-0.114887692436915,0.0796044135179319,-0.178309591006883,-0.0367934066742135,1.28695481164032,1.03753465411197,-0.148882773989782,-0.246837787891738,-0.870380077495682,0.313415388779875,-1.22638023721422,-0.510550168611346,-0.0469186807590092,-0.0438446056764884,0.0837743808920858,-0.0691289729025663,0.456279190844366,0.64735043002519,-0.34105599234461,0.0412435329103844,0.0284398606015041,45.6,0.0
34421.0,0.967362619221238,-0.73148028965908,0.981364164070941,0.958892170286376,-0.733811093661921,1.12891266907042,-0.78074794969815,0.313114623222647,1.44295392254501,-0.516468636681271,-1.64723796739697,0.896446037091471,0.80239358309934,-1.0653769554939,-0.958958881829787,-0.513554113990404,0.232699773088089,-0.551009109297858,0.189592306049652,0.12685830610361,0.0633302315660058,0.48200351894654,-0.313506619120689,-0.644760228474952,0.565288260650956,0.654950358747633,0.0387673704301796,0.0294731293083177,111.15,0.0
33511.0,0.525646164187079,-2.11156925568089,0.917946618764899,-0.185343016713746,-2.06214734722071,0.433669694470814,-1.06460067864432,0.344421966884281,-0.22756893352621,0.630425960981029,0.986995195277029,-0.349135126072439,-1.38755629594853,0.305422834356964,1.31430589648281,-0.642677854501577,-0.246167149349143,2.0748966879702,-1.41823684656694,0.138242577927423,0.130996529929802,-0.019832297747683,-0.225410434131326,0.0158567033199994,-0.249235235913792,0.685443065210201,-0.0389471153204658,0.0793047731122313,373.0,0.0
43951.0,1.01094866764406,-0.319663865130615,1.29917580763959,1.67350910673072,-0.879851118393128,0.770043012100654,-0.716291581159488,0.492688967009935,1.18294512890167,-0.210612873168625,0.542875650546243,1.01693852057845,-1.74501226098623,-0.261932766638745,-2.27023067422707,-0.945848747694769,0.676125926072592,-0.758015295586768,0.394288395240807,-0.281187868491634,-0.362684199533893,-0.682408504022737,0.108311501737103,0.182004596815819,0.32021201460887,-0.535225618351452,0.0779597487265341,0.0185357114202463,15.99,0.0
13291.0,1.28868537255371,-0.229337015360094,-0.712534837929957,-0.864359864982442,1.73565981706458,3.38973439196542,-0.932821135424592,0.791009015557281,1.53206071612296,-0.4855393228166,0.948887172702423,-2.43979823724466,1.78056177593275,1.65625906302746,0.724914990927403,0.834500663863063,-0.186715872312142,0.290781049194256,0.124192123432339,0.0561515544268887,-0.387515739122546,-1.06951584570968,0.116512906574054,0.976216321958656,0.14095788284875,0.763450944315758,-0.0896983457823548,0.0045793003646409,21.73,0.0
115691.0,-1.55027271502021,1.08868850191044,-2.39338766218981,1.00873271714408,-1.0875618874048,-1.10460238189499,-2.67050327670088,0.147654676391109,-0.978625549290056,-3.51413330486723,3.58604242366444,-4.05335784837839,0.862426024955809,-5.76582302154173,-0.507511029549388,-4.92186514350783,-9.56726769048681,-2.77297411117016,1.71709526842855,0.327490457262181,0.802316031461701,1.03710478869922,0.0958154204904633,-0.320190913384423,-0.0807306312824349,0.0910116872058309,0.0249284934943241,-0.0778199786198624,17.06,1.0
20451.0,-15.8191787207718,8.7759971528627,-22.8046864614815,11.8648680803607,-9.09236053189517,-2.38689320657655,-16.5603681078199,0.948348594786058,-6.31065843275059,-13.0888909176936,9.81570317447819,-14.0560611837648,0.777191846436601,-13.7610179615936,-0.353635939812489,-7.95744722625995,-11.9629542349435,-4.7805077876172,0.652498045264831,0.992278949261366,-2.35063374523783,1.03636187430048,1.13605073696052,-1.0434137405139,-0.10892334328198,0.657436778462222,2.13642447085514,-1.41194537483904,1.0,1.0
36427.0,-2.51994105390026,-0.891418915484711,0.753595459794217,0.610718248211853,0.920197908205571,-0.989966962431172,0.574352387001071,0.55951076689171,-1.23022998414585,-0.854011991715351,1.31462210768255,0.802384344139352,-0.605701072109184,1.15792399801756,-0.301523313849415,0.183918281531198,-0.286563896409504,-0.393915723891664,-0.902526697433185,0.570146287693232,0.10982742159419,-0.877060368344422,0.447450771231822,0.128809948026529,0.00495911182758002,-0.867073166489279,-0.0851455420987597,-0.214639997441511,196.5,0.0
41181.0,-7.33434102050082,4.96089229123138,-8.45140959148547,8.1748251681484,-7.23746372952055,-2.38271066458273,-11.5088418575552,4.63579753722901,-6.55776036636164,-11.5198609264142,6.45582813287588,-13.3802218737527,0.545279226790884,-13.0268638593173,-0.453594543596495,-13.2515419788937,-22.8839985767803,-9.28783221397402,4.03823050489431,0.723313822249839,2.15375502636012,0.0339216178167887,-0.0140949200284419,0.625249955306557,-0.0533903339689031,0.164708739959664,1.41104749421382,0.315644799820923,11.38,1.0
47333.0,1.11661801376387,-0.181515352728902,0.723035514509477,0.714074415002272,-0.828071766825413,-0.474690671107735,-0.260940258259329,0.090212135362927,0.436795576345427,-0.0349417372771807,1.05336908694714,0.658189499706605,-1.24646072542138,0.312111383790256,-0.720028913158613,0.0130235688824017,-0.10212216894924,-0.179305960158851,0.466058380473704,-0.12325993266222,-0.234025864213861,-0.661101599853195,0.0840999348368256,0.541931590457497,0.209556945168087,0.256744588950882,-0.0393345453834901,0.00981475315235479,33.99,0.0
52449.0,-1.18420645385384,0.994965483421263,1.65379524648496,0.411135412497783,-0.375056470523873,0.0317376540599036,-0.00565367757530251,0.767477312331764,-0.953231274519683,-0.13882929126208,0.824639969312816,-0.487018049417673,-2.09774188677739,0.810224677573721,-0.335666307463535,1.24368265010218,-0.603004235829523,0.142619208025655,-1.85668974573182,-0.444656993679819,0.316716360593712,0.529091776890624,-0.0761048373071328,0.207645436128347,-0.466588794769747,0.790490985594,-0.218307385791829,0.0156439981319752,24.08,0.0
23785.0,-1.88079404200289,-0.645833593622563,2.83654769793281,0.951007633458964,0.539339731449218,0.478958740323407,-0.0457916735241939,0.45197845943915,1.56612065442387,-1.49284756787421,1.54151253645584,-0.84869873615074,1.53625362331328,0.720201139393459,-3.83536605749718,-0.84111148930229,1.03806584599729,-0.546004554671481,-0.502322976366908,0.305071317563587,-0.290730088396787,-0.759195524407203,0.291344150865273,0.13581289076131,0.489306485945565,-0.693439592594409,-0.00582970193653912,0.0829714840271118,137.87,0.0
41646.0,-3.24018658731411,2.978121790406,-4.16231393691373,3.86912437879902,-3.64525645477793,-0.12627056104764,-4.74472973694714,-0.06533104369042,-2.16836609501902,-4.75830407509117,3.47109784646449,-6.5331067689397,-0.983468669556775,-6.07398900285949,1.12540670902583,-7.71804240456347,-9.85592743669396,-5.19390789281555,2.04269768780688,-0.224043462894117,2.60144102940002,0.23191011639882,-0.036489849092758,0.0426396452203885,-0.438330345949387,-0.125821080392006,0.421299802439127,0.00314587612156787,172.32,1.0
68627.0,1.10003711649886,0.161860247031557,0.435883755778757,1.06972430447512,-0.25704001299209,-0.577054068422714,0.211459013508789,-0.202221377426941,-0.055331239276899,-0.101696452324001,-0.443113718586155,0.768590816217644,1.24895496799244,0.0719648063034231,0.98884431719639,0.355967578587709,-0.694203066423618,-0.351714361807696,-0.17865643168745,0.100573863712897,-0.243126616526153,-0.833377341328565,0.0231069026640917,0.0116139630170351,0.34442297945244,-0.68300860508211,0.0221379774619886,0.0449406125974578,80.1,0.0
75581.0,-2.86636370525907,2.34694943137396,-4.05330668845935,3.98335888025187,-3.46318571327039,-1.28095301603103,-4.47476383461874,1.21665528478137,-2.30982869782019,-5.51550707258062,3.04839203447565,-7.12825076846601,0.00595580092517457,-7.49518733635876,-0.25108802193356,-7.5680148993231,-12.2236328477344,-4.89517519350497,2.52496746940249,0.270013154062001,1.04973156228305,0.475840283409025,0.404480059350581,0.282029789710327,-0.506901095688855,-0.371741093052833,0.615256964379468,0.803162841917988,124.53,1.0
70071.0,-0.440095203221886,1.13723897606434,-3.22707975693117,3.24229293383089,-2.03399815309639,-1.61841464754635,-3.02801259904704,0.764554819893569,-1.8019372093973,-4.7117686842189,4.66325458481107,-5.17173460782892,-1.62407024790733,-6.71387819491558,0.607986267670607,-3.27520749888835,-6.8238312134789,-1.35530868624906,0.291250739005026,0.895840844006848,0.764186724577691,-0.275577693085964,-0.343571526478397,0.233084829252444,0.606433640125543,-0.315433462199896,0.768290751269875,0.459623327730251,227.3,1.0
121238.0,-2.62892199481027,2.2756363708417,-3.74536934909195,1.22694819658893,-1.13296649495042,-1.25635309994595,-1.75241984877631,0.281736387178617,-1.7923429718137,-4.82077941422469,4.17609762346479,-4.61900987976999,0.742689541505504,-7.63696288811138,-0.197887605182768,-4.14039566725884,-7.60471483249934,-1.52450539738207,1.27132193138436,0.133106474791523,0.870729582435536,1.26947278909845,-0.265494007565328,-0.480548610900827,0.169665130870596,0.0960810570397914,0.0700362725602789,0.0637683649579152,144.62,1.0
93856.0,-6.75050851563533,5.36741605145469,-10.0546349530569,9.06447791765316,-7.96811808353808,-2.26379841398236,-10.317566180676,4.23766573099145,-5.32410880613734,-11.0923923688428,7.15408284221914,-17.1504052507291,-0.0953992277686904,-11.0301103643432,-1.95905455483077,-12.4485623424367,-22.6679054064789,-9.26460873295655,1.9823563171714,-0.0812198922441237,1.90903201764938,-0.34873973066671,0.425000563135111,0.674908669807175,-0.784208393488163,-0.247422102935353,1.1595813739152,0.197817874685768,209.65,1.0
41116.0,-3.60054350412378,4.51904694695796,-6.34088353532231,6.21476727765717,-5.829557636648,-2.4780949557906,-9.93841155861772,2.83008605053969,-5.65916161145799,-11.2981564915382,7.2529532268294,-14.2750918465127,0.18890328374228,-14.5559572107641,-0.338288547453357,-12.1465401437589,-25.1627993693248,-9.04284515066473,0.787578807808201,1.38474276211824,2.26377035551642,0.620749345000528,-0.094068667085379,0.536719087381271,0.398142307216228,0.00827658674987802,2.05352425334029,0.835749002954128,3.79,1.0
93853.0,-6.18585747765758,7.10298492227346,-13.0304552638937,8.01082339822486,-7.88523736131971,-3.97454999359808,-12.2296077786617,4.9712317023058,-4.24830701294998,-12.9654812039222,8.68830799242781,-17.1829184301947,0.0695769150313325,-14.1161560074304,0.959031717400206,-12.3753337375636,-18.716764511809,-6.52201457322122,3.51795494036344,0.483930108481186,2.50277241039945,0.481691289576756,0.480957977547458,0.360318638811951,-0.293354295977635,-0.199193157971208,-0.203917328209747,0.398927185850218,44.9,1.0
93904.0,-11.3206331107815,7.1919501426236,-13.1790825454686,9.09955188204157,-10.094748875094,-2.44011507020033,-14.1843372950953,4.45250293397358,-6.24196000276902,-12.618162687238,6.05731930477932,-15.7176066468772,0.117817409556609,-8.65374335706751,-2.50255377627617,-11.2313644545234,-21.5851521412337,-9.09089206099764,1.17118873250237,-0.180934725269677,1.08223532776525,-0.350562500439559,0.483043945803059,0.661132920850802,-0.396521511995203,-0.413315388408682,-0.997547797965388,-0.235035882545031,37.93,1.0
75556.0,-0.734303155037818,0.435519332206195,-0.530865546585229,-0.471119606930407,0.643214386605141,0.713832369657908,-1.23457207133269,-2.55141159871634,-2.05772382572102,0.166830707878014,0.567551954604602,-0.85805991589575,-0.448067929957678,-0.264936238828755,0.88886293915465,0.838120616560385,1.42505965449185,-0.169664182600728,2.50202738858443,0.864536120628702,-1.00487737851609,1.15035358786928,-0.152555282700309,-1.38674463324096,0.00471601482800044,0.21914583821982,-0.0582573076118087,0.158047988697071,29.95,1.0
84037.0,-5.96648635355936,4.92625824755792,0.304973038798085,-2.01721349998957,0.229160902558515,-0.322575617472568,2.41644655853885,-1.74299787996591,6.14867936857693,10.6446769363768,3.34652374674977,0.266382341283393,-0.037316713981343,-3.87786946551817,1.10428043094186,-1.45064253313729,-1.66744514393344,-1.15687402937223,-0.904914524959696,4.31156214715333,-1.59034919122479,-0.552313343714207,-0.110063718105165,0.1056478171327,0.765984579835882,-0.203556014990794,0.49882046341243,-1.30823127887141,9.84,0.0
26961.0,-23.237920244511,13.4873857909274,-25.1887729688701,6.26173255148578,-17.3451881651558,-4.53498915241687,-17.1004924771637,15.3746300252798,-3.84556677176243,-8.51176669710133,5.1385473219039,-7.22001986441493,0.615793286019405,-7.3272215995796,-0.0386320690669864,-6.33151509399145,-12.6888576275064,-4.84738160696153,1.02053587929144,1.63078748322503,1.76970812949114,-1.69197330547661,-1.04567292278161,0.143386499863412,1.61157707182701,-0.221575644736264,1.48123260638065,0.438124804842523,99.99,1.0
74939.0,1.00194530953957,-0.580607111548925,1.16928841478332,0.17136921944615,-1.04862518019697,0.329196390556057,-0.707951078742477,0.274153391872555,0.819956347835944,-0.373707364929225,1.42291759747422,1.77578722253683,0.515267470485473,-0.438977998750739,-0.832672966608497,-0.299560310359717,0.209524303851145,-0.729799692819455,0.297565165805873,0.0536522380500207,-0.0991239615419413,-0.123428283720648,0.0646321639156551,0.332262716645138,0.00818209837719268,0.93348792783909,-0.0271351118409705,0.0142123303971738,65.27,0.0
101597.0,0.91311613528992,1.1453810871791,-4.60287793273505,2.09180337375362,-0.473223859280585,-2.0854358325571,-1.67124403232231,0.0943965856348779,0.337798765397573,-4.4318096317282,4.87197985976052,-5.39522117678937,1.33250215621937,-4.60379669207464,-0.77731354811867,-2.57189156103509,-3.00361530529652,-0.225441388417525,0.252273565031692,0.50898474829098,0.40141574109896,-0.0849334160429759,-0.197684434494785,-0.283271078982557,0.387597335722074,-0.553526986386025,0.516274456782261,0.270828187083758,147.87,1.0
31972.0,1.02191733353678,-1.98600447838583,1.03809386314808,-1.13446680433921,-2.23357055172601,0.261814004945504,-1.56852422685031,0.273116975321608,-1.29841176868511,1.38695846290544,1.14703279764355,-0.435127142609976,-0.559753758654368,-0.393899658907386,-0.127629911919759,-0.407499790941127,0.731832009382914,0.453687122828672,-0.498214873179301,-0.0588843098025642,0.135270958710932,0.480310569708792,-0.124927338673812,0.215135676693532,0.117182487309293,-0.0607060291290038,0.0487399472378319,0.0477927527145433,189.0,0.0
18690.0,-15.3988450085358,7.47232389650112,-19.0269123426632,11.165525840514,-6.89385628014845,-2.12093657486019,-14.9133299850456,-0.721214094320184,-7.1750966153358,-14.166794659606,10.2777688628065,-14.9854337328686,0.345179234077653,-14.6663889726541,-0.346352541965346,-8.33324249555463,-12.6025964553952,-4.87668342078337,0.604625910708604,1.11150221461014,-2.44488368228,0.727495341024629,-0.345078151264077,-0.981748551471828,0.995271346300177,0.816761717958274,2.26294237384391,-1.17806316323334,1.0,1.0
69715.0,-0.74349183114941,1.37617254171061,1.10041963186441,1.31778913366541,-0.0570424235934679,0.037053087450148,0.322551768080256,0.484707046288249,-0.59700679150224,-0.354298804943141,-0.625753551325611,0.780813570129753,0.78417836893326,0.157032323960519,0.081905096116618,-1.13818128627679,0.746503209070263,-0.748350039569974,0.714920352535317,0.078829477318219,0.0164545534951925,0.330488103780343,-0.110928716739387,0.116391483146287,-0.0363445202619083,-0.223853618194033,0.310749985680483,0.142211716117962,9.54,0.0
72824.0,-1.11149523246612,-0.257575207100777,2.25020963478583,1.15267090326627,0.432904474488939,1.25412602800986,-0.58416279009186,-0.609681605347911,1.01460246273104,0.334532824069685,0.82637484441332,0.196886900487791,-1.88599349809323,-0.472025637126337,-0.578141395688259,-1.24300710102788,0.570459827436018,-0.159056766164096,0.407187527410462,-0.510613591931657,0.862912790109336,0.927825035064447,-0.343058085886885,-0.256268230425974,-0.600742165862083,-0.18033128765631,0.0267622260788268,-0.358335321215398,45.03,1.0
119822.0,-1.23360750301182,0.286157144514278,2.49606531094499,-0.274706707543538,-0.884026195799859,0.223178830343746,0.278124612537322,0.00885217664822791,0.601549359275038,-0.895350313247938,-0.868246487864541,0.329784846276798,0.948921997580524,-0.725622894763654,1.04763093462832,0.326377275772003,-0.642300502348459,0.668548403937292,0.045366574212268,-0.0876167236728141,0.236184867320757,0.888466886397835,-0.435708884441897,0.105555837999067,0.383703983773773,-0.088102882348502,-0.0609742691285991,0.0980942452833179,135.8,0.0
34521.0,1.08123377540659,0.416413936043849,0.862918740651629,2.52086280678918,-0.00502050005851413,0.563341022808024,-0.123372251574041,0.223121852791809,-0.673597550149872,0.644549730341658,1.1205051770709,1.23777331256672,0.342362114422749,0.0383719793321978,-1.19450308848281,0.0854063439558358,-0.219143226460215,-0.694259215394403,-0.655269928208246,-0.16524877677618,-0.159387123973102,-0.305154013019185,0.0536197364326817,0.0117614442207135,0.375145782072105,-0.106298753298543,0.0210082653765087,0.0105592082435436,1.52,1.0
1582.0,-1.08664442926797,1.39459119763806,1.54241003463751,-1.00673967451828,-0.110276799992417,-0.769205489961639,0.229691703212175,-2.79571512514228,-0.16579588384353,-0.376693180170782,0.0103455370651667,0.579484464375664,0.718847849293023,-0.179702104923093,0.297712723716163,0.219860240396595,-0.41019352792917,-0.591968951752856,-0.66974033379979,-0.469431369071674,2.26980320271099,-0.683844085408931,0.223972668231799,0.737273907528459,-0.352904275710434,0.710452210267551,-0.0375211981756422,-0.0758894066706237,1.0,0.0
56546.0,0.291837238741302,-1.29051915151081,-0.161860293211876,1.58737460793923,-0.746967313039994,-0.283839239363122,0.564905281303197,-0.0944854593422634,0.164078247543398,-0.148928025683621,-0.455276242736809,-0.554475034101607,-1.4556703453411,0.771550072314685,1.41744319931653,-0.00939370310109324,-0.0907768027540375,-0.233222408096045,-0.971735644149998,0.672511356347982,0.361671235372581,-0.00425260190088755,-0.470745615162666,0.0590008952574725,0.377215293461895,-0.295115926626695,-0.0631720119175379,0.0961434540867641,468.9,0.0
64980.0,-0.791356601846363,0.696151517791964,1.63461013070268,0.230641309047236,0.773074669185984,-0.00136669213379369,0.63708826232481,0.201976746131284,-0.561093895833199,-0.625141644519256,0.96454678128147,1.15506787386942,0.0536540963448801,0.0563133742325062,-1.50384438157124,-0.397879972929076,-0.26455349656819,-0.430175311301418,-0.629501880023519,-0.137076946364839,0.0668889757701703,0.284729862649844,-0.216053443880436,0.0242787990972701,0.140496251400742,-0.509642851277018,0.118517792207909,0.111796544263972,1.0,0.0
97121.0,-17.9762660516057,12.864988563015,-19.5750661905691,11.3451198184298,-13.9986456031027,-0.35489996091484,-23.7834698823143,-4.87235340557097,-8.50428479375643,-16.6011969664137,5.56925817499418,-13.9322487527403,-0.204854827407058,-7.58102324741972,-1.01361239001659,-9.01481328062598,-16.0920320589503,-6.05014766257303,1.66102935873752,2.41992113013135,-4.30043186631826,2.8657718597682,1.48930201538756,0.386039288843108,-0.232391836340479,0.413826703027495,-3.25598090607432,-0.538963227046118,8.64,1.0
41164.0,-5.93277795485543,4.57174320411303,-9.42724692838332,6.57705643811276,-6.11521812544893,-3.66179789602346,-10.8940785545016,3.70921000751656,-5.85952387304171,-12.981619145004,8.26529460055417,-14.1541653609607,0.479842781966758,-16.3375959447735,1.64604527960375,-12.3753974432385,-21.090612716108,-7.7245457358645,3.85637474254372,1.19107830456005,2.01427156558263,-0.167416617986259,0.0499675298711021,0.384429719031746,-0.0778835668224832,0.56549290579318,1.79201191700266,0.371007021212136,5.3,1.0
25198.0,-15.9036352020113,10.3939171427504,-19.1336024646827,6.18596883540498,-12.5380209157442,-4.02703044708406,-13.8978265981985,10.6622517826007,-2.84495398482036,-9.66878891236125,7.39441941053863,-11.6356300484755,1.42327692545531,-8.64045910049478,-0.674719538892936,-7.69556878829619,-13.6841395944616,-4.77740603940726,1.26834277321029,1.50156541071894,1.57754822493456,-1.28013712313136,-0.601294526869194,0.0404039214626868,0.99550197117886,-0.273742711729157,1.688135896398,0.527830799573719,99.99,1.0
97427.0,1.88292991551369,-0.665535950355671,0.0875283059986267,0.390099080514324,-0.890066397170138,0.230470950810629,-1.19608443960137,0.257824475601749,2.61251221348078,-0.197748810974335,1.53522122672186,-2.27498494980001,0.313385533445875,1.58961268471008,-0.466700326109191,0.917933543195268,-0.0793218839363917,1.00138472843246,-0.226287946709389,-0.213312669219976,-0.0672765133337505,-0.00278555878484449,0.350934731104174,0.690708349691389,-0.697925479305746,0.388691748637225,-0.0627265554750473,-0.0448610764033861,39.0,0.0
28143.0,-27.1436784229495,15.3658043803315,-28.4074244550982,6.37089534679314,-20.0878775718571,-4.66631306343841,-18.7094788213717,17.9035743750222,-3.72227873753244,-8.12096173759343,4.41994345577668,-6.21094112120869,1.06383739513242,-5.84352838067721,-0.108836449172905,-5.60659732565665,-11.7562556050179,-4.71494676131661,0.783577593799492,1.70388764553958,1.79682638880552,-1.96097371657716,-0.90224745220798,0.144011442167384,2.02438803943008,-0.204214065769385,1.33215305903359,0.385890728011147,99.99,1.0
51976.0,1.20158669685818,-0.346162317392067,1.03716406347712,-0.162186411002456,-1.20505148552465,-0.565818673719762,-0.737679715460579,0.10936924776326,0.788331101325018,-0.224690053492845,0.0529558634809109,-0.206117890293301,-0.861708351566066,0.138410759580613,1.81970854194236,0.340972970764316,-0.00794815182988796,-0.467181261574483,-0.647117176944398,-0.142505711855214,0.164549945837556,0.506139056403704,0.0770191623164119,0.476735217101999,-0.0477722360050233,1.50000625439571,-0.0655227768189325,0.00634744359432418,3.84,0.0
68790.0,1.19472767728825,0.100414523847961,0.590404952294515,0.662356060308569,-0.591444717000389,-0.747264613829376,-0.116022147986788,0.00100959856956358,0.255470784176079,-0.0640283258120023,0.0312480017687875,-0.268217872429064,-1.32359179812277,0.597786346319566,1.43109802372532,-0.0117959269219823,0.0633163389993887,-0.906447552571843,-0.589579820276251,-0.237491188015915,-0.226840017769165,-0.697273293445527,0.225910978994846,0.352168769950858,0.0485337762862001,0.109370353562826,-0.0221826410266329,0.0154093866851072,0.89,0.0
11629.0,-3.89119195123086,7.09891625215749,-11.4264670967961,8.60755678650129,-2.06570621026229,-2.98528802203595,-8.13858941693861,2.97392807853452,-6.27279046836547,-13.1934150665232,11.6197234753825,-17.6316063138707,-0.355194389515515,-18.8220867423816,-1.2831290856146,-10.0310966568698,-15.2270075099256,-5.32200898058982,-0.501750653452579,1.38261899967275,1.75708522742867,-0.18970915318715,-0.508629244173448,-1.18930816877394,1.18853649934791,0.605241885913626,1.8815287524148,0.875260407222375,1.0,1.0
8451.0,0.314596589729515,2.66067027657541,-5.92003738034463,4.52249960508858,-2.3150272861839,-2.27835165394776,-4.68405393631569,1.20227026523098,-0.694695511200349,-5.52627805985834,6.66243683071252,-8.52546492534563,0.742745446888019,-7.67866801029943,0.593070459066131,-4.47813659534324,-5.84426647937357,-1.1027307945783,2.17738568653903,0.562705643312244,0.743314023428983,0.0640383555765096,0.677841675250346,0.0830078227438395,-1.91103446375022,0.322188398435937,0.620866538820488,0.185030354728703,1.0,1.0
73889.0,-3.92734033249077,2.1554041004338,-0.767566193557409,0.728001972928918,-1.05926910968226,0.496366907148388,-0.92757310521222,2.0853998825774,-0.349091915384772,0.195076752343864,-0.593711548208414,1.65088989832722,1.34863216591066,0.829314750288161,-0.641490351095084,0.406850318652684,0.123418976567409,0.585846690542153,1.57435593923508,0.0704185260631922,-0.328771793593837,-0.675993293318408,-0.196298411767252,-0.933701371010116,0.855081083597109,-0.339198210688597,0.0509666889607028,-0.454087513269748,29.99,0.0
56887.0,-0.0754834663888726,1.81235458422751,-2.56698081016962,4.12754860722303,-1.62853157024518,-0.805895445766318,-3.39013454458215,1.01935326231828,-2.45125125188341,-3.55583492739064,4.31571103012142,-5.47980167679906,-2.11550315600957,-5.5887855765974,0.280108069299552,-3.50723062361012,-7.45709493793125,-2.32549168188332,-0.440434552920779,0.338598140549314,0.794372451897782,0.270471232297866,-0.143624140755259,0.0135659145316466,0.634203128800614,0.213693187250942,0.773625466697089,0.387434054572014,5.0,1.0
93879.0,-13.0865194204794,7.35214833905529,-18.256576111808,10.6485054461688,-11.7314764509112,-3.65916740569145,-14.8736579646075,8.81047267511276,-5.4182040716445,-13.2025771482197,6.35722736343626,-15.5316111795156,0.659694875353275,-11.4123295951252,-2.44757607431839,-9.83374302098841,-18.1746174349071,-7.269904593126,0.623796611777714,-1.37629840858733,2.7611570593153,-0.266161809571132,-0.412860724865388,0.519952215674181,-0.743908960008006,-0.167808225140728,-2.498300252188,-0.711066151912636,30.31,1.0
41353.0,-15.0209806030789,8.07523975163174,-16.2980905380446,5.66482005292134,-11.9181533731348,-4.24695712395156,-14.7166675516611,9.43508432139337,-6.7953981269244,-15.1241628144947,6.03766622940467,-11.6767222367813,1.32697878633103,-12.3816058947985,-0.0716392778020956,-9.48414337021449,-19.6718814509262,-7.64327282087749,1.16906441801605,-0.995786857833133,2.52511546344786,-0.832074336953531,-0.186116823393738,0.429780833741005,0.697102812320081,0.0560310740941657,-1.31088762047629,-0.707402991270252,34.12,1.0
62341.0,-5.26775974325256,2.50671895922695,-5.29092481764433,4.8861341982102,-3.34318841087649,-1.10008548506579,-5.81050918581537,1.72634335514407,-0.749277159995058,-4.83482799462627,3.54601225001006,-7.75128547808951,-1.19569394502348,-10.0185024459282,0.29639612212368,-7.47716172698803,-9.78580026201852,-4.24397714797126,2.68112678165858,-0.286043269744833,0.764265624858483,0.473261684078133,0.54848172305712,-0.15685005182413,-0.71018694460215,-0.366422677340972,-1.48676592030738,0.677664104601632,1.1,1.0
7535.0,0.0267792264491516,4.13246389713003,-6.56059996809658,6.34855667313983,1.32966566904142,-2.51347884762413,-1.68910220031328,0.303252800547589,-3.13940905736457,-6.04546779778801,6.75462544809695,-8.94817857893317,0.702724998099873,-10.7338541032306,-1.37951985681718,-1.63896011485587,-1.74635013628103,0.776744097926754,-1.32735663549015,0.587743219006407,0.370508651493253,-0.57675247317433,-0.669605371766238,-0.759907529538618,1.60505555017462,0.540675396428899,0.737040381683977,0.496699108168337,1.0,1.0
48544.0,-2.44855638071645,-0.88361017914258,0.732636557934695,-2.19173603420097,-1.31862190355805,-0.907174227613006,-0.596030611002809,0.365237575301535,-2.18288575620398,0.955390341818284,-1.02796653048706,-0.700654641904679,1.24410143759729,-0.383876023540085,0.177647011928609,0.305838468003064,0.185970112936323,0.0692555416539069,-0.603292103285866,-0.731086274167561,-0.425251062419922,-0.581924483131548,0.220693623999431,0.0189344301775798,-0.054355863076775,-0.564614507126947,-0.0696361203312024,-0.726592666453061,30.0,0.0
53658.0,-1.73934096431325,1.34452078912347,-0.534379047474665,3.19529149873811,-0.416196142475576,-1.26196066822182,-2.34099093949748,0.713003645507275,-1.41626499933122,-2.9966693020716,0.747478135782509,-4.59661151187479,-1.92775970193864,-4.75707449850737,-1.2478148188713,-2.53549425081321,-5.35646454386042,-1.97474852459452,-0.603726269220942,0.00274947845372853,0.38318010845642,-0.21395221812466,-0.336639824887574,0.23707630076775,0.246002931555889,-0.044227636498999,0.510729074882634,0.22095159365596,0.0,1.0
31622.0,1.26072793420089,-0.729613981510821,0.727370616514661,-0.860518105390081,-0.935655977730105,0.338727710547431,-1.06728734326984,0.340728361480564,-0.755250335159122,0.707499168351431,1.78149627652535,-0.152756941669053,-0.740791874610699,0.146048446993568,0.841381457504879,1.00236523043477,0.510037434633776,-1.64041372308212,0.048545881280868,-0.0303747138257456,0.14106038146605,0.299060882313347,0.136669731055341,-0.3058205619668,0.0457341788991344,-0.322249605144247,0.0463431678552953,0.00676586608326378,9.89,0.0
21689.0,1.28187142102624,-0.624134061406723,0.442056149382835,-0.387186158462203,-0.777541121194618,-0.0650429350245522,-0.745832474725615,0.0284829515505235,0.615714738700851,0.275491512965662,2.13078247940785,-2.48534246419852,0.817363802789725,1.39894576910792,-1.67109782283398,0.38141939976089,1.52180315150105,-1.34075953028211,0.663498410308954,-0.0284380298123631,-0.0149715459587761,0.231229029309923,-0.0845696598231342,-0.0187791130422646,0.528912119380277,-0.171463088499463,-0.0166502068200611,-0.00966669867800777,30.0,0.0
84471.0,1.34469085986431,-0.458038081414181,0.303574301639536,-1.04421956758041,-0.616651022245994,-0.0476324698508187,-0.669954428217246,0.1129287914946,2.06796549581389,-1.04856796021024,-1.8599998438151,-0.249897821439163,-0.790769029972673,-0.0347417630289903,1.48366477635739,0.0123816406798396,-0.596870990187709,0.766451991820776,1.09028411528107,-0.1441327724747,-0.115814426598235,-0.124958742392526,-0.196763356749737,-1.02009409270647,0.653341386858014,-0.596437744939033,0.0853098165751337,0.018962942171499,1.0,0.0
92048.0,1.98438619143383,-0.156293795451352,-2.23331873152428,-0.363824730405007,1.27990760723942,0.945290747115183,-0.285846644693629,0.290738007633648,1.78442977502176,-0.796340171195347,2.0600626759466,-2.5349377424017,0.0450896494655823,1.04829303175186,-0.25514986497114,-0.195980585362614,1.91956239052546,-0.597301432121899,-0.514725224868951,-0.322935489585005,-0.373523711118687,-0.725360654175572,0.312651121794082,-1.09358182954251,-0.501175044589904,1.10736582922862,-0.120226923487376,-0.0805607570690966,5.18,0.0
120297.0,2.02551061792945,-1.75019080914099,-1.5820064870576,-1.46965655611895,-0.93489738660783,-0.558586919631565,-0.596079195525905,-0.276263290942701,-1.35788040217418,1.48040801903398,-1.21258957218953,-0.91931463544012,0.11193204579928,-0.218821798086579,-0.497430198606957,-0.844264914198027,0.68406266336264,-0.493207470713108,0.107549035266925,-0.126650509692768,-0.31467075036157,-0.777205938515851,0.189574231408375,0.476120038131659,-0.221435200057405,-0.35984592916963,-0.0398562443516062,-0.0242055887665829,172.5,0.0
28625.0,-27.84818067198,15.5981926625554,-28.923755945104,6.41844174657532,-20.346228155413,-4.82820246578157,-19.2108964179086,18.329405525597,-3.66873493861418,-8.00915938639777,4.30309581759563,-6.00866000668561,1.1389688287939,-5.58044712038062,-0.11073711578577,-5.49107326163426,-11.5885435992809,-4.71542017123115,0.734573493016404,1.69785626318366,1.8021491336386,-2.06293427611466,-1.26984343615924,0.165409188492223,1.99949911253199,-0.211058522431997,1.32480949279508,0.388090177732107,99.99,1.0
31537.0,0.00897031315722163,1.00809146241377,1.10515533492393,1.13420981009539,0.0755520518343699,-0.696022740431511,0.831405680642474,-0.237549579118605,-0.763521147883202,-0.119550839046477,-0.286608430258444,0.47753143923187,1.16911265641275,0.12228430517833,1.06710348170947,-0.448056549936544,-0.157780575721265,-0.00134887604381424,0.653146081786397,0.135945446694629,0.17041816995283,0.572572612555198,-0.068994008502145,0.429809373452297,-0.2127413358148,-0.295211727235855,0.118909166461307,0.0866116538099578,29.95,0.0
67546.0,1.53024702281473,-1.39642659162285,-0.547978535599939,-2.49353591788139,0.540548547922817,3.56505556994091,-1.97593943600765,0.917019087746685,-1.62880484314812,1.45904543215417,-0.25808743517813,-1.01070613301273,0.647529529166264,-0.453106469355888,1.13695234238834,0.327223129375374,-0.188098542570493,0.74533681995737,-0.077951689877062,-0.177086363677883,-0.198593319377248,-0.335280588866157,0.0501317637713416,0.976802972702968,0.328400282727557,-0.211698665002548,0.065445975401178,0.0280085466719261,16.61,0.0
44595.0,1.20687500235554,0.132841980504413,0.27294151528507,1.12717697646617,-0.196266994830007,-0.211183850510702,-0.137865926182592,0.0967051416118453,0.344334187189524,0.0712485307976452,-0.850721573101943,-0.910984468246246,-1.8959541320043,0.70407428845691,1.47271921945029,0.108146112885315,-0.230641548416632,-0.16344863463398,-0.683325910664558,-0.284823583860895,0.0158229824987501,0.0244589708457224,-0.0662516631293122,-0.332385988582257,0.517437649588846,-0.270862877381467,0.0248388303638406,0.0133515445209419,5.6,0.0
11329.0,1.08979310146359,-0.0800310446024419,1.00939827040992,1.74263629034945,-0.162398151306448,1.15386468751944,-0.536233138414394,0.189578340119969,2.4325447461276,-0.829306413695795,-0.730357466984429,-1.24354023968964,2.56929939814777,0.440259826853956,-2.49194993967101,-0.977379701827928,1.14356398285123,-0.930309344244632,0.271189218186686,-0.103195865319436,-0.592524038984177,-0.987798829087331,-0.0444705573994631,-0.802777324025538,0.539594456533204,-0.502111976425376,0.0652542630245901,0.0207024820289774,37.88,0.0
26523.0,-18.474867903441,11.5863805198184,-21.4029168131391,6.03851541556808,-14.4511581398683,-4.14652350569915,-14.856123673178,12.4311404723263,-4.05335328722588,-9.04039624894471,5.96620250720685,-8.46396612952571,0.0786921317878341,-9.09253265181295,0.0108220973904713,-7.1863755078292,-13.7974745003699,-4.95849390971089,1.32116655982617,1.5779244011474,1.74113559593371,-1.25113794883836,-0.396219126116475,0.0957055555718895,1.32275094272025,-0.217954564863573,1.62879253147016,0.482248274865402,99.99,1.0
69282.0,-0.972350977917116,0.107033096942224,0.846937738953402,-2.07443703421025,-1.05833980801861,0.510239464952359,0.0491845121219222,0.521671585138357,-1.28118945997614,-0.107762316090745,-0.289779872158545,-1.05396594234264,-0.576165821531742,0.0955973243943427,-0.173095252714145,2.30037603066288,-0.665242560726293,0.148349374039029,0.547897356487129,-0.0611846070321072,0.390721523136625,0.790546784216738,-0.219267637590899,-0.970229396608563,0.175096040990218,-0.208819817042735,-0.103181577855001,-0.0187947334799417,158.0,0.0
59669.0,0.326006629816884,1.28663756547088,-2.00718128715265,2.41967479633278,-1.53290169734535,-1.43280331503216,-2.45952963994058,0.617737791926574,-1.12586103037287,-3.23678401592309,3.5617949640183,-3.91467935228848,-2.12495645598654,-4.45889502952153,0.578201875425492,-2.3433041192933,-5.07145010804216,-0.749172320846648,0.22842274838649,0.222666683155765,0.556894674408544,0.169775528574355,-0.174357059251063,0.308061323046213,0.710996128051644,-0.23102981819073,0.580495233837149,0.30098403791885,6.27,1.0
65936.0,-3.5934760029271,0.78144226309285,-1.82244751422669,0.605760683474701,-1.19465586719981,-0.517194856719497,-1.72252312325165,0.128889523769538,0.0149633080909052,-2.85611682977408,1.61826162043188,-3.58137450130299,0.623706919914784,-6.16045662030601,0.494733399107095,-2.54310504010287,-5.30127339068683,-2.19271270602319,-0.09472379272847,-0.478219313417121,0.351792125839819,0.391248950287018,-0.252874890557857,-0.498042480147132,0.0101721931231225,0.909928721553306,-1.47876724603751,0.722673039450917,101.5,1.0
118532.0,-5.96145725181683,5.31338185985134,-6.67432045600546,6.02897499089959,-1.38755992793501,0.670638451870295,-4.12898748860167,-4.76589378950457,-1.00525917075425,0.453505060416619,4.43173633655471,-5.14273660303602,-1.18169206554319,-8.7554491326517,1.00435568809085,-2.06502561211988,-3.26143516010375,0.12522332026716,0.936966154656013,-1.11658092121725,5.55664239133643,-1.50180765840879,1.35517244397724,0.141093214148711,0.0779134112043686,0.473988340387306,0.28712879038893,1.46865341855998,105.89,1.0
7535.0,0.0267792264491516,4.13246389713003,-6.56059996809658,6.34855667313983,1.32966566904142,-2.51347884762413,-1.68910220031328,0.303252800547589,-3.13940905736457,-6.04546779778801,6.75462544809695,-8.94817857893317,0.702724998099873,-10.7338541032306,-1.37951985681718,-1.63896011485587,-1.74635013628103,0.776744097926754,-1.32735663549015,0.587743219006407,0.370508651493253,-0.57675247317433,-0.669605371766238,-0.759907529538618,1.60505555017462,0.540675396428899,0.737040381683977,0.496699108168337,1.0,1.0
58217.0,-0.443793956538852,1.27139528958141,1.20617786290079,0.790371244425149,0.418935334538855,-0.848375714713356,0.917690595034239,-0.235511404707869,-0.285692136421657,-0.867899742347565,0.614977120327696,-0.657947690982211,-0.948412031653891,-1.63514452424164,1.26320316314475,0.0685328870737372,1.32579410174258,0.376383480838994,-1.09619645414336,-0.0672050359210024,0.119278777095323,0.513479449681292,-0.264243409026182,0.443311288026016,0.0295163920697956,-0.335141048988331,-0.188814985117408,-0.123391459240302,5.09,1.0
121735.0,-0.664041645150956,1.14448967185366,0.705889510019277,-0.13579969202417,0.87131128277487,-0.124277372092242,0.861648692522138,0.0639556379063985,-0.844198668651973,-0.764286740083153,1.16272321164826,-0.0946448235183681,-0.973561646000391,-0.521122998612031,0.039824822486064,-0.0465945226194416,0.808781736394084,0.438502932593779,1.35614042910487,0.0766131101967789,-0.278219962120362,-0.905284848353738,-0.238557037004819,0.604657715665064,0.282119471326919,0.442218196057134,-0.14682760711347,0.0777317475603637,8.99,0.0
13126.0,-2.88004235163471,5.22544230971559,-11.0633302799459,6.68995065770063,-5.7599239886738,-2.24403079081521,-11.1999752166959,4.01472180864313,-3.42930426351801,-11.5619497720699,10.446846814514,-15.4790524832016,0.734441608104148,-13.8837785491112,0.821439545395249,-11.911483017197,-18.1030037037729,-6.83783453880068,3.12692935212663,1.19144396640797,2.00288287701632,0.351102064721284,0.79525514045211,-0.778379381413672,-1.64681511254223,0.487538823287331,1.42771309550336,0.583172486219188,1.0,1.0
33222.0,1.23042704646578,0.690502146277307,0.45655792373725,2.3681365557642,0.203818355985946,-0.23776208076805,0.237477432682087,-0.190962400266256,-0.930982946638967,0.656420570260095,-0.751493554464772,0.533243615008936,1.67375135582501,-0.0581241075685069,0.362280458062093,0.72398407050729,-0.893596568582006,-0.225143096032676,-0.877130281323815,-0.0375761110220731,0.0374371220176364,0.171006728818255,-0.149917520755989,-0.0758968082558851,0.678438605075674,0.0941685587311299,-0.00198559106550773,0.0190598052648622,3.75,0.0
2932.0,-1.61357042232571,1.03873588882496,0.638049541921544,-0.629648614145854,0.891691718320845,-0.431369360733831,0.729437524654777,0.368495305632634,-0.836945143076114,-0.775951827043379,-1.0159684486124,0.151162475319878,0.474763249438755,0.508127304515172,0.472002784000412,0.220642149789108,-0.352892039766905,-0.962054428234282,-0.462441937216492,-0.0662449935547976,-0.349074566089429,-1.170404709159,-0.320712745677721,-0.77075287654232,0.40787983151364,0.0386681338153293,0.0460505130773075,-0.0797151897332751,29.68,0.0
85576.0,-2.20763091845218,3.25907610397605,-5.43636546967173,3.68473739367705,-3.06640091036945,-0.671323195313701,-3.69617839443207,1.8222724578951,-3.04965272773018,-6.35388725151755,4.35148149710451,-6.4532473302497,-0.0614319367541572,-8.44287285721034,-0.328820639839654,-5.44079518325917,-9.5180378916264,-2.43806861829455,2.33675362049059,0.808336360421968,0.920899033968287,0.0376745089378149,0.026753977510545,-0.791488823729947,0.176492777047381,-0.136312279131778,1.08758482385547,0.373833528935625,240.77,1.0
84789.0,-1.43086372778891,-0.802528699267131,1.12332029999445,0.389760264731692,-0.281213534404278,-0.055123492429819,1.32623248909333,0.195699815379613,-0.546889550453909,-0.71347376073502,1.27462907751277,0.0236821347785728,-1.52169610821701,0.727242085814848,0.166504662441577,0.348037591565135,-0.5663900830288,0.216016101767291,-1.14037564250718,0.634184289933654,0.325575470468413,0.0140018451191784,0.844946015847872,0.114962884542335,0.156364810543393,-0.619437446641754,-0.120351072821334,0.0355941733717493,354.33,1.0
36136.0,1.25460899982734,0.707625679559092,-0.418133540485772,0.944691611067237,0.00376206373046305,-1.63151413936955,0.457253033779241,-0.372211307357678,-0.277769057740966,-0.730218863425874,0.585314699206729,0.274788031831357,0.437250050577194,-1.39353515499963,0.880365564675637,0.42819020349232,1.12220514353336,0.087918566995966,-0.493162524736024,-0.043492857420377,-0.125769339471944,-0.277962187412998,-0.050038662008121,0.615750006581715,0.546918593850651,0.34672441635529,-0.026446301053466,0.0474362668640459,0.76,0.0
58217.0,-0.443793956538852,1.27139528958141,1.20617786290079,0.790371244425149,0.418935334538855,-0.848375714713356,0.917690595034239,-0.235511404707869,-0.285692136421657,-0.867899742347565,0.614977120327696,-0.657947690982211,-0.948412031653891,-1.63514452424164,1.26320316314475,0.0685328870737372,1.32579410174258,0.376383480838994,-1.09619645414336,-0.0672050359210024,0.119278777095323,0.513479449681292,-0.264243409026182,0.443311288026016,0.0295163920697956,-0.335141048988331,-0.188814985117408,-0.123391459240302,5.09,1.0
9222.0,-0.498586708961619,0.273468277932261,1.75562277544179,-0.0616122092153105,0.193441537786566,-0.0298986124907672,-0.0305694774982898,0.19823959810411,1.7450372956465,-1.0443239899674,0.944479712543467,-1.90613029660719,0.72019520757938,1.14575536960365,-3.0005617857638,-0.0330070626282413,0.354490067131966,0.42485539054719,-0.0395303328204835,-0.211970644969641,-0.107220906991366,0.107992231669405,-0.0762505111591178,-0.0252479963276863,-0.605864533260679,0.211077369827894,0.116369062536142,0.164249931609563,0.01,0.0
58199.0,0.340390790889508,2.01523346310003,-2.77732956104823,3.81202413104427,-0.461729071578821,-1.1520219714746,-2.00195866818811,0.548681056661142,-2.34404166261939,-3.07669858515182,3.55473755027372,-3.96968929955842,-0.932183689489454,-5.87606732124924,-0.0667394504128529,-1.49528077472825,-4.42475717388751,-0.619323237398381,-0.231198386269899,0.326772803133095,0.29976881646527,-0.583282924090166,-0.187696049565752,-0.329255753153177,0.732328138266652,0.0580797142765515,0.55314334331356,0.318832445723953,1.75,1.0
76001.0,-0.367987549310221,1.10899899446848,0.787888689953475,1.04382512572987,-0.336913814252009,-0.554318109447782,0.307948068498123,0.402318965935708,-0.651386003400834,-0.410157776223646,-0.219176793357302,-0.0125348394876837,-0.499486097157552,0.778228337541085,1.26607545108633,-0.508260027543176,0.385008565738759,-0.365463521595276,-0.139153407128748,-0.179160208329185,0.226379224201481,0.551456397772423,0.0583818586901536,0.394346239412677,-0.261317021195279,-0.317189950037642,-0.0358771804781729,-0.0182519039357485,25.6,0.0
93834.0,-3.7656801220835,5.8907352377921,-10.2022676310229,10.2590359766218,-5.61144841660942,-3.23537557925717,-10.6326834778618,3.27271632618119,-5.26890524285018,-11.1821254546586,8.87947566765026,-18.4311310279993,-0.232822027713119,-15.0216572999306,0.141186252914787,-12.1863624982841,-20.1655673800665,-7.05165135326307,2.50082720798487,1.19413732146866,2.24560593428534,0.546320674537693,0.381853427747185,0.382024544024505,-0.82103649456311,0.394355120127285,1.4129609931535,0.782407053763083,0.01,1.0
62988.0,1.06982197995548,-0.816987125041318,1.33740099807983,0.438070935492747,-1.18992968268586,1.08830811092637,-1.23392833671661,0.599445709504067,1.7199919954031,-0.406629175705549,0.113934662288234,0.747444347048622,-1.5652404842852,-0.603283669201501,-1.87122320556104,-0.478589775442276,0.523852212307339,-0.428982692233702,0.77431363802782,-0.169155578442811,-0.187109584089299,-0.16102283482169,-0.00670764255415072,-0.228569830366456,0.137117137715672,1.06430174011065,-0.00386584830142704,-0.00157339806733769,23.62,0.0
88800.0,-0.559118041864434,1.28744808499328,-0.867844577534722,-0.607221834558215,0.424008337847788,-0.594149431528618,0.64143703440314,0.439516579130671,-0.295833239830457,-0.606656236207548,1.00092394492668,0.764204939321683,-0.0516153362971828,-0.562424830840084,-0.959326683931582,0.611659709700281,0.318113511684532,0.266317950023067,-0.0269778923559139,0.0489726250101126,-0.27282359132496,-0.739917141992101,0.169753706324345,0.659299913232101,-0.393364780482328,0.093988366316913,0.228041774229409,0.0445391586483536,44.99,0.0
62797.0,-1.00934674058987,1.15830434759471,1.49784732049745,-0.178678512275532,0.550515364978882,-0.183794257188193,0.998543775791613,-0.0289292611815726,-0.449310415167535,-0.587540790415304,-0.804372485375955,-0.534365445999007,-0.745350079621751,0.303619971070455,0.705589254754325,0.0228102386238767,-0.472654372513684,-0.325596867963629,-1.07647402880051,-0.233751459374071,0.10480229508283,0.160408607806988,-0.414546506890283,-0.301796289669336,0.626438847636245,-0.384466558396459,-0.22557941475775,0.0576658518120823,21.5,0.0
92092.0,-1.10847821852891,3.44895257232738,-6.21697180605649,3.02105161812575,-0.529900931709915,-2.55137517507643,-2.00174290819286,1.09243237369483,-0.836098368778531,-4.09564897273592,2.42595071598052,-6.06726194524698,1.83243272022382,-3.50170251648822,-1.00400820464185,-3.5012811030282,-2.941876323532,-1.12574106196719,0.37371480785248,-0.0685983809223332,0.825951491439622,1.14416978988846,0.208559481945769,-0.295497424488562,-0.690232196243341,-0.364749075788586,0.229327220125504,0.208829891689567,18.0,1.0
85573.0,-1.7567118508365,3.26657425418237,-4.15338789695403,3.92452561357555,-1.7537718434176,-1.0057867792296,-4.31321717578502,1.56071190324579,-3.29567366751075,-6.2133552491157,4.52299197543382,-6.6528440527591,-0.12468523386066,-8.60448620191387,0.110359314846888,-5.94548061159606,-9.33893779428438,-2.39019258818085,3.18415235636348,0.874720103498016,0.911427441871296,0.0530612807310541,-0.367700953962814,-0.776337755840596,0.292093831084717,0.025999713844171,1.0629681996854,0.501148168228208,1.0,1.0
103808.0,-4.51734375344642,2.50022390414582,-4.01392753708116,1.18945163355882,-2.48686063585833,-1.41347553285281,-4.24570662259591,1.26508694822894,1.16882778968781,-4.51390660472333,3.69471123994721,-6.11044323287235,-0.110521636054475,-4.18455528093394,-0.93103463417672,-1.61471832598223,-3.35318018239636,0.236762036968587,0.0038960221310578,-1.05616226010439,1.32694422202396,0.102998961106284,0.508166904438541,-0.278017536127694,0.139721094971637,0.0646100247346309,-0.972358289293076,0.351359561196795,2.27,1.0
93879.0,-13.0865194204794,7.35214833905529,-18.256576111808,10.6485054461688,-11.7314764509112,-3.65916740569145,-14.8736579646075,8.81047267511276,-5.4182040716445,-13.2025771482197,6.35722736343626,-15.5316111795156,0.659694875353275,-11.4123295951252,-2.44757607431839,-9.83374302098841,-18.1746174349071,-7.269904593126,0.623796611777714,-1.37629840858733,2.7611570593153,-0.266161809571132,-0.412860724865388,0.519952215674181,-0.743908960008006,-0.167808225140728,-2.498300252188,-0.711066151912636,30.31,1.0
42041.0,0.522320170851524,-1.21564721635229,-1.25535734587344,0.243331154988909,1.58696514324678,3.64097269425239,-0.147513417025358,0.792065860211601,0.00878622210977732,-0.156720194859223,-0.0988155969820527,0.128853795039555,0.137824630103703,0.450951001517957,1.40254855031056,0.749976416886752,-1.03909941904835,0.327863610446202,-0.118631378462212,0.779061766373836,-0.011387983331586,-1.06452609888495,-0.262874524955793,0.974278634629917,0.317741410199695,-0.648988527282518,-0.0332387338628285,0.0950369851099606,390.36,0.0
40742.0,-2.37753280180283,0.520539361927579,-8.09413945532841,8.00535147326105,2.64075021376276,-3.38158645291742,-1.93437244067366,0.562322111872781,-3.10402718606356,-3.05121035544102,5.73576265915634,-4.74769250131792,-0.784223284478966,-10.7163393018774,0.656516978131348,-1.14246727231018,0.91859080878698,1.12633522330277,0.0929734778841175,-0.634747080915274,0.148284201590387,0.7210995412337,2.66129069804724,-0.508619933518595,-0.401656629278738,0.587611216267645,0.500326371108344,0.551759687906722,1.0,1.0
59136.0,-0.963092532521779,0.620645335415907,1.88422537173036,1.05174206837079,-0.70364271072638,0.676283172640448,-0.59210389827804,0.950340956318028,-0.0314189353562344,-0.369568914288622,0.898660488832852,1.02721533355704,-0.143740697011411,0.106778170987312,-0.0923383672816259,-0.219988498662694,0.215968500153544,0.282680676075505,0.456117517013327,0.126484588653758,0.103532933969636,0.351764631338825,-0.00480761233413482,0.00608732394357179,0.0226568066752926,-0.294974068311466,0.210925094001201,-0.0290882015957104,35.97,0.0
33335.0,1.12212304161675,0.669357818137196,0.750700933664695,2.5605540755964,-0.0814556976819886,-0.432049630079029,0.234917621281645,-0.116372898932786,-0.992958291350958,0.632155223581978,0.313422843056996,0.673981736319813,0.904976297890426,0.194798843179305,0.540028968871174,0.096820808787368,-0.178319470937639,-1.03603372908089,-1.57022917975485,-0.14214296863173,0.0825893795684933,0.298099818547188,0.0267727834744226,0.625368676417972,0.457582795057961,0.0302695474238871,0.00660097021030108,0.0231959099730475,3.0,0.0
97121.0,-17.9762660516057,12.864988563015,-19.5750661905691,11.3451198184298,-13.9986456031027,-0.35489996091484,-23.7834698823143,-4.87235340557097,-8.50428479375643,-16.6011969664137,5.56925817499418,-13.9322487527403,-0.204854827407058,-7.58102324741972,-1.01361239001659,-9.01481328062598,-16.0920320589503,-6.05014766257303,1.66102935873752,2.41992113013135,-4.30043186631826,2.8657718597682,1.48930201538756,0.386039288843108,-0.232391836340479,0.413826703027495,-3.25598090607432,-0.538963227046118,8.64,1.0
26556.0,-19.1798264145873,11.8179219897853,-21.9191735807843,6.0862356342864,-14.7088447898427,-4.30888760741835,-15.3579518065836,12.8571650181242,-3.99986076978115,-8.9286556608751,5.8492930661792,-8.26164983722413,0.153829148314596,-8.82935922766409,0.00887883882572681,-7.0709530089254,-13.6297209427085,-4.9588298158479,1.27209136353211,1.572949614923,1.74680154191934,-1.35314876613352,-0.762965072731218,0.117027851903743,1.29799375563032,-0.224825057048525,1.62105238966989,0.4846144027264,99.99,1.0
85285.0,-6.71340697159693,3.92110415204576,-9.74667821737542,5.14826254938013,-5.15156271985187,-2.09938865681113,-5.93776683170198,3.57877960420447,-4.6849517505833,-8.53775768653457,6.34897930341209,-8.68160893168352,0.251179384774619,-11.6080022570993,-0.351568782034355,-5.36356643348466,-11.9390915052116,-3.58360287020043,0.897402406121681,0.135711322729059,0.954272201927517,-0.45108644858101,0.127214424071711,-0.339449869297565,0.394095513633807,1.07529509891805,1.6499059092424,-0.394905372194808,252.92,1.0
80770.0,0.817716437572202,-0.422062751361862,-0.151310499238482,0.633347099411224,-0.181880741047517,-0.311988945815901,0.405719037583417,-0.0781531950892437,-0.398405583667837,0.0134388585104048,1.61785725703922,1.00693568654362,0.0209092362389,0.673522987218943,0.361428926767408,-0.0719621184174624,-0.257790479049144,-0.405883287659286,-0.243260950126349,0.271888933142161,0.141170895707276,-0.00457191225739547,-0.216933646926905,0.065282751510485,0.396408966762532,0.35886745933679,-0.0759348132886028,0.0266680487528416,201.0,0.0
25707.0,1.14054884509949,0.117408136146275,1.2461241507095,1.60777111206401,-0.792184275410673,-0.0524408573653781,-0.590740690666996,0.197962496649097,-0.413173192143487,0.698351918630831,1.15462107752162,0.372383368168735,-0.299891749147595,0.206685305384508,0.305866019252527,1.37397533785248,-0.932120710135448,0.373971639471127,-0.612541252138122,-0.0944394753969433,0.0104074476417071,-0.0825074658758388,0.102569589911454,0.352382062183403,-0.0338963161927781,0.831226207772254,-0.0532189190786583,0.0126113372582354,7.57,0.0
102489.0,-2.29698749921502,4.06404334190313,-5.95770634516933,4.68000806392241,-2.08093759960382,-1.46327216002463,-4.49084686931735,1.02924628254192,-1.59324925133839,-8.99381088354112,7.86446740028511,-10.6498396512844,1.82659101647783,-12.9136317373077,-0.766330314740752,-7.95409770929125,-7.80963509977466,-1.71851117214548,3.83298514230067,1.26495379665956,1.08908418394041,0.975397809530551,-0.62553033358642,-0.535180928107126,0.247435028956319,0.160399507909509,0.969581605226584,0.335041293733825,104.0,1.0
12093.0,-4.69679522444504,2.69386747884008,-4.47513271259153,5.4676845487781,-1.55675807549758,-1.54942028904253,-4.10421487278526,0.553934075416293,-1.49846813107494,-4.59495176285009,5.27550585077254,-11.3490285500915,0.374549235103921,-8.13869488434773,0.548570894168134,-6.65359434741365,-10.2467554066001,-4.19106626655491,0.991486122257293,-0.158970548660611,0.573898081112651,-0.0801627753981571,0.318407817148194,-0.245862202650853,0.338238431564141,0.0322706213908033,-1.50845793363219,0.608074682590101,0.0,1.0
66600.0,-0.823778898593311,0.891075818787142,0.478411988477223,-1.19265138428954,0.163989518895273,-0.49713063619166,0.476459801394768,0.397049518980523,-0.527962199453337,-0.859134160113054,1.07696235650032,1.32691756150094,0.335436715565083,0.419020418416154,-1.24365529700415,-0.137751289341413,-0.124603711001169,-0.668765151624261,-0.451672860203367,-0.284150900231657,0.206586678416217,0.540050467784156,-0.0246258549558405,0.113778269064293,-0.604317793582247,0.818670672141028,-0.178462943486607,0.0793944614970193,8.52,0.0
47545.0,1.17671575912859,0.557090903443645,-0.490799622910899,0.756424293386678,0.2491915585394,-0.781870546568533,0.228750322026116,-0.0408400791377636,-0.432110564245139,-0.585778431385528,2.28193937592012,0.654566719272309,-0.310379432324912,-1.04370522504569,0.513750399321109,0.399177755263914,1.14313007770305,0.256013886486252,-0.511210088142662,-0.10277180482264,-0.0621660000083396,-0.128168129786567,-0.0401759895545737,0.110040347467026,0.437891432381746,0.368808854483266,-0.0182873480981415,0.0311734033163997,0.76,1.0
48559.0,-0.983642872828834,-0.352322237741023,2.22144378310813,-0.425408447737634,-0.701298723966127,-0.199137368468408,0.0252158700393273,0.251037999899608,-0.826844921226757,-0.110039531892585,-0.948297625249007,-0.946600746355572,-1.52784918367039,-0.0258071660401549,0.0202398708911501,-1.55221888801114,0.135723945632486,1.18506892402397,-2.25658385481535,-0.458370150573854,-0.060969792883897,0.0987495185324246,0.0667277921830139,0.323684246491707,0.111779449930928,-0.371881113592291,0.0993809931470409,0.118828324991084,91.0,0.0
47063.0,-0.537820053925192,0.315574695969611,2.17722067674955,-1.14576823261747,-0.648969621016074,-0.151937508971187,-0.218371948011587,0.108665454318345,1.00905540808183,-1.23752744066247,0.0393475896648768,0.884966563058555,1.22793343888698,-0.361753703012185,2.51964042469212,-0.678643858303545,-0.0535027605105676,0.422808237331921,0.588216502257467,0.0721375198588866,0.432437249024399,1.46294687408303,-0.150995737597836,0.148680869213078,-0.298874820860791,-0.508133808376226,0.133107250545552,0.164305725022624,9.99,0.0
93888.0,-10.0406314557065,6.1391827154247,-12.9729718943545,7.74055544506762,-8.68470452840193,-3.83742916671056,-11.9077019040753,5.83327300056002,-5.73105424359056,-12.4389449056023,6.98988561330738,-16.218610393127,0.25330336584704,-8.72864506518152,-0.147529091109699,-14.1298545174931,-20.6850275533272,-8.48444905730181,4.85125513655685,-0.0822752254211996,2.82343143164188,1.15300501339169,-0.567342849673059,0.843011621641402,0.549937644887907,0.113891875585392,-0.30737499959267,0.0616306406149363,1.0,1.0
102625.0,-4.22122078925031,2.87112058054735,-5.8887158872207,6.89095207502484,-3.40489435037622,-1.15439396843915,-7.73992801001653,2.85136330092288,-2.50756869395709,-5.11072764247853,5.35088988417692,-9.29980722738699,2.79314035729228,-6.10655192524523,-2.10694702580884,-6.25062921491661,-13.5663252216994,-4.19278019670633,0.510570181831806,-0.227881506131312,1.62059124560534,1.56794700869044,-0.578007459600926,-0.0590448081819941,-1.82916881940751,-0.0724287202294822,0.136734308772186,-0.599847542493268,7.59,1.0
89880.0,1.96978111172959,-0.181525470047708,-1.47256761817277,0.331721180034449,0.0811398002692108,-1.24006768995699,0.486955226382091,-0.466084434883019,0.312917139095325,0.039037169240847,-0.752724112454728,0.738913384942508,0.814247086683668,0.227543454010608,-0.123858077361919,-0.254885557045255,-0.309697220852836,-0.89821607851022,0.200071029022054,-0.0365415788556333,-0.127120373595579,-0.321415822792679,0.139370030437772,-0.0521223399024862,-0.0824060822412589,0.476806186272837,-0.101085643549548,-0.0582041954162176,67.88,0.0
78048.0,-6.48426704750754,-7.87511737408158,0.680973109824056,2.85458121046623,5.2691209276074,-3.67020271816852,-4.36025830433656,1.32501416671185,0.178243811137481,-0.105547309408909,0.333523031418382,0.564358481517769,-1.53552772574854,1.25649208942128,0.262339365985109,-0.448263894082919,0.710259890311346,0.231052530852621,1.28770140856929,2.2091939589193,0.635259499132578,-1.09531813281283,-0.0419430982054592,-0.246966079777454,-0.745299873002581,0.195860243241447,0.166255704704474,-1.21641943994523,0.0,0.0
76430.0,-1.2911856370846,1.84339913184927,0.549709716514633,1.26124156131742,-0.501612660583399,-0.637277584044181,-0.0430327849337994,0.819877196689649,-0.474530895247824,-1.09255222737867,-0.677767109174586,0.483777789561627,0.404151617965629,-0.833819077339347,-0.0190479042404352,-0.068298891594464,1.42733783630558,0.25811507660821,0.662136665304142,-0.0456825300146195,-0.161253287534945,-0.43509649108381,0.00712674784416437,0.28211796063567,-0.0677856895056466,-0.480001764154591,0.0559163616715452,0.081760940140224,9.93,0.0
88672.0,-3.85988078691481,2.63288131193679,-5.2642653095088,3.44611314661501,-0.675231056544998,-1.90495945391597,-3.2910408690196,-0.985766040904484,-1.16811416733417,-3.93629417027159,4.25656448730292,-6.60065448140166,0.00562637646602147,-9.9585309187018,2.47135790380837,-5.7001414199952,-6.38809273753128,-1.83815930102503,2.99317350708135,-0.178626358366056,1.66411901528299,0.785075271950043,0.0684124857414983,0.778960915978384,-0.863165919910699,-0.00680961441649656,-1.06573404007904,1.77332644564776,1.18,1.0
65544.0,-0.53531557636751,0.806360632019977,1.67810306983567,1.10817603343509,0.536098306019359,0.881514528553047,0.369665647512583,0.254442320883913,-0.206827212986454,-0.443233889558706,-1.66891877521021,-0.438590820346751,-0.420374478814043,-0.111752665891602,0.326499390774357,-0.882700109012811,0.361291452872592,-0.156831485398249,1.18041628407822,0.0586307027241553,-0.0379014845436194,0.125032645178746,-0.462031238904421,-0.903869274563212,0.575554558232244,0.00237930839029876,0.114045578887969,0.0657827255117778,9.99,0.0
8528.0,0.447395553302475,2.48195386638743,-5.66081393141405,4.4559228120932,-2.4437797540431,-2.18504026247234,-4.71614294470093,1.24980325173147,-0.718326066573691,-5.3903302556601,6.45418752494833,-8.48534657377678,0.635281408794591,-7.01990155916612,0.53981407134798,-4.6498642988132,-6.2883575087823,-1.33931232244731,2.26298478762517,0.549612970886705,0.756052550277073,0.140167768675,0.665411100673545,0.131463791724986,-1.90821741154788,0.334807598686864,0.748534284767756,0.175413794422896,1.0,1.0
66078.0,0.182169941171121,1.21316582628224,0.0446955598250727,1.48266757644336,0.575333966894668,-0.158045249189307,0.225871221098828,-1.6765280225299,-1.15006640310333,0.680670253950757,0.570485460981167,0.319470960152098,-0.685026198996805,0.857267876135051,-1.14475532523867,0.940040783254859,-1.07154802610988,0.126386407269809,-1.40964945771778,-0.605653887445779,1.62334688359461,-0.353531795978473,0.0602424275164632,-0.0294440786240207,0.302652367630817,-0.159141031892009,0.228577635910091,0.294074161154063,1.0,0.0
29278.0,1.09735251946251,-0.064920831530836,0.0672440406328743,0.575794827589601,-0.299773387822127,-0.529790751358113,0.0791158772248803,0.0555538553657233,-0.108805777398782,0.139803470651621,1.47806868627005,0.0651033436908739,-1.92926067210178,1.02674676543807,0.534145740946589,-0.0636845259161571,-0.0796441912990381,-0.272916497969056,-0.259275703466096,-0.167191496615168,0.0403266242196538,-0.0404413053866683,-0.0340033410684044,0.212010858468154,0.361252389076372,0.368735352577107,-0.0590963826340247,-0.00193076759242429,48.03,0.0
13974.0,1.2720217089664,0.366876181964294,0.0981902726890628,0.582228607176009,0.158350534959525,-0.210551033979679,-0.140427672759027,-0.0686365105251587,1.15375446506441,-0.477208005482091,1.76401175246616,-1.99877440467906,1.68911926082655,1.34098013424286,-0.253525461488494,0.910047097438341,0.175517001663959,0.782594810930428,0.215051887337022,-0.0950132959819381,-0.444510368770966,-1.08458113939027,0.0221794728095118,-0.6429583875652,0.269182031422529,0.0925834682357436,-0.0568653558871812,0.00539666187444168,4.49,0.0
94141.0,-13.5120737201635,8.21517673687939,-16.5826057272747,6.20736889019759,-11.3184715177058,-2.99720698778128,-17.6404704062016,0.0403490750758574,-5.62023218946632,-15.1237521803455,5.93465734341534,-14.1750301634055,-0.169044491655796,-6.55255368427192,-1.57000723316824,-12.1725530183154,-20.1645422294456,-8.66881519685045,2.55087034384644,0.694574465326517,-0.907905601256761,1.5140282763652,-0.141879203311202,0.789185965955202,-0.0313427677694401,-0.255056581600699,-1.86583088908172,-0.442204311521227,45.48,1.0
1248.0,-0.584759818400387,1.19551106540415,1.85441597258899,1.61854732102866,0.372656606421698,0.78686148055009,0.556245568394299,0.265268725921103,-1.40581469240186,0.417742599830803,0.982306032761869,0.413887979986149,0.261076198397296,0.175754542735446,-0.00439660298285235,0.747511539035448,-0.804074589556648,0.0627649872174633,-0.830573162632743,-0.0885620607063184,0.0598092807939108,0.0512536730897288,-0.0970227121352819,-0.347969800246599,-0.22610367937303,-0.151714478426761,-0.0524115935992987,0.044326967069321,34.13,0.0
31530.0,-0.535188877507745,0.069569975956227,1.27881924217316,-1.80887071215504,-0.0488632497458413,-0.738596700418078,0.203599059518211,0.123139860359613,-1.60151444397666,0.329329060755715,1.76910187668108,0.118217373004194,-0.104758955441975,0.069533111420992,-0.468866435091583,1.10141073260358,0.131866127514345,-1.86671230075183,-0.0111895397498615,0.221780386625917,-0.134317617844365,-0.59669664601379,0.227843546805791,0.149611613752674,-0.314834866362,-0.805355185438177,0.256067462857449,0.0901280904542894,23.85,0.0
79211.0,1.20267360979732,-0.496857277638874,0.853872856501058,-0.76151465265189,-1.14643817830914,-0.387802233677448,-0.743937404608646,0.183704257376121,2.0264839961403,-1.08345088888309,-0.452204022242813,0.0929273340015902,-1.44000950672039,0.154039752770742,1.67538535323962,-0.67031408596052,0.212376501372581,-0.0920655452563564,0.206875923650975,-0.245872062042127,-5.64573170459953E-4,0.215773571364022,0.010420281605515,0.0603151576466528,0.380683546983161,-0.652264743733593,0.101116076874996,0.0289232496993837,1.0,0.0
55798.0,1.08270739735243,0.246242391287746,-0.00671085315187161,0.889284025463052,0.296758746000217,-0.0814549937514386,0.365102550301159,-0.017765415394511,-0.536297748181804,0.0734732847289416,1.45305138488392,1.29976555537511,0.540927388319549,0.61564237618027,0.291158009671402,-0.030657041451536,-0.477608697939314,-0.593543741076826,-0.0596887211408644,-0.00996268797744632,-0.291649178543876,-0.961060003338817,0.0662666141273929,-0.342535142830113,0.345924992038958,-0.716763684481407,0.00966759170127819,0.0178028428005295,58.56,0.0
113837.0,1.95444197632035,0.372743281221697,-0.157510004236244,3.62857245157529,0.317313419869163,0.819128388407285,-0.415666961249124,0.0783361263976678,-0.425009590740248,1.34426289349519,-2.10084079362913,0.180111741305242,1.61658594531397,-0.580430495759685,-0.695215932846541,1.38364033210543,-1.35277565972955,0.212178213999034,-1.35927541523908,-0.1747419489057,0.150432552120352,0.645586200529635,0.0156479316158886,-0.982448636071611,0.00912241490808752,0.131809193713921,0.0216223961719424,-0.0416268868792442,0.0,0.0
87916.0,-1.80991285667432,1.79826891539795,-0.459291200501725,-2.9843168950594,0.702791710757477,-0.590266397820555,0.814543099609407,0.445620563081552,0.319088157011669,-0.0775380281035119,0.42373715625734,1.16891503198234,0.679122544473811,0.208315051105483,-1.17700168253887,0.63465491878362,-1.1502881834089,-0.275063096224607,-0.45187669457454,0.413200134338226,-0.336076906698628,-0.823182565715057,-0.081759824310873,0.20503428578758,0.222431104915418,0.3682202507048,0.516685999456479,0.339262250186418,1.0,0.0
8408.0,-1.81328048476897,4.91785071056565,-5.92612969400656,5.70150043141163,1.20439257214362,-3.03513754815611,-1.71340206347108,0.561257390902032,-3.79635425171163,-7.45484065078351,7.38805512292025,-10.4752286504099,-0.379314526756117,-11.7367291212569,-2.08698895215593,-2.44235398293755,-3.53552351168246,0.130360306640887,-2.07145048844325,0.576656033332069,0.615641835107552,-0.4064272753179,-0.73701807643754,-0.279641772215917,1.1067663744335,0.323885477719453,0.894766671515833,0.569518600269514,1.0,1.0
94065.0,2.02009336012892,0.437732384034154,-1.79242159762306,1.48419796239152,0.689707745379403,-1.49504756876637,0.866125838775616,-0.674338989699891,1.03669095360266,-0.00482536291072419,0.234362851217509,-2.20960705441125,1.78393960097364,2.23721732615048,-0.63929065886803,-0.529080639886491,0.310073381731779,-0.170624827093861,-0.604498830902855,-0.251170844519618,0.0452233316503901,0.44970724352408,-0.0812775477639197,0.00598205647063272,0.537716949161164,-0.461028955321197,-0.0683748538458915,-0.0669473132750173,36.0,0.0
41116.0,-3.60054350412378,4.51904694695796,-6.34088353532231,6.21476727765717,-5.829557636648,-2.4780949557906,-9.93841155861772,2.83008605053969,-5.65916161145799,-11.2981564915382,7.2529532268294,-14.2750918465127,0.18890328374228,-14.5559572107641,-0.338288547453357,-12.1465401437589,-25.1627993693248,-9.04284515066473,0.787578807808201,1.38474276211824,2.26377035551642,0.620749345000528,-0.094068667085379,0.536719087381271,0.398142307216228,0.00827658674987802,2.05352425334029,0.835749002954128,3.79,1.0
116324.0,-1.00962096621035,-0.161386315185589,-0.0844275180435468,-1.20654433144342,1.95069259157812,1.26989541787539,0.984180499909793,0.506790352739231,-0.459801227335173,-0.872545459874867,0.353182106254825,-0.212404876303255,-1.77074803612426,0.83221845412304,-0.422478735597407,-0.422754732368206,-0.154135007225274,-1.02552253005331,-1.08203024009463,0.0346607780884153,0.0611750191487272,-0.194182552042108,0.212909109299039,-1.00135307986594,-0.170782299911933,0.11602758817407,0.021419698417204,0.121538097689707,124.97,0.0
65164.0,-1.57017802123751,-0.325849566802958,1.93742558805777,-0.538633270302542,-0.540957341603515,0.431263260287149,0.901755247285261,0.0596307890001517,-1.92399885929858,0.13472956809766,1.27807188582248,0.70708708354683,0.909066345878828,-0.0567734747167583,-0.0511307543007556,-0.975176724391704,-0.590879073755479,1.23761627061945,-1.71257805338202,-0.566546051018757,-0.454726698114647,-0.758598878586103,0.58934957743719,-0.074817976589649,0.271087122664642,-0.665731531476229,0.116230163795741,-0.0354321653229109,202.8,0.0
65358.0,1.1939160689293,-0.571085006532232,0.742522413618004,-0.0145876823031251,-0.624560898094263,0.832161659907577,-0.833350424512102,0.272896998506182,1.16942539891152,-0.371671945168217,-0.245676823310174,1.37594135044076,0.870456831276252,-0.819319364809584,-1.55090356200859,0.125852995600752,-0.397245548944671,0.272377065433488,1.22602219788409,0.062908129152134,-0.0495024276847497,0.207265101065706,-0.265271877292053,-0.67929377017329,0.511811527633814,1.24660443744052,-0.0286711040907993,-0.00611200759772271,31.91,1.0
58060.0,-2.63059770314604,5.12575923008793,-6.09225454651378,5.52739306209755,1.60514485494011,-2.31988352953118,-3.20707570564086,-1.48258321071708,-5.07487063178104,-6.77833138248069,5.72525459149638,-6.94917182528041,-3.12779501198771,-11.090424813263,-0.800272569362332,-1.70750085360527,-1.68547301699574,0.274890838662414,-2.02888535240153,0.948863770149954,-0.527474204141788,0.220546094514546,-1.37110989476897,-0.504898994517705,0.382306792598482,0.395527722278956,0.782035950782542,0.62852786395406,1.0,1.0
62059.0,-1.64440309669641,3.1298519330804,-2.57697682172296,3.41557336328899,-0.448525407316687,-1.24189285626533,-1.9916521878557,1.00266488963021,-2.8090712430123,-4.15369240632128,1.39818511854919,-5.65326970240352,-1.23369413839885,-6.332512814541,0.458714800173025,-1.98360960777769,-4.92916202340023,-1.03848208531443,-0.133819199948815,0.290186829391141,0.417762091477206,-0.648575871519649,-0.318617393380036,-0.680412931832076,0.389868676205949,0.0557502963989842,0.394681955439504,0.298820725838569,6.62,1.0
17520.0,-5.26805322089363,9.06761342731767,-15.9607281345144,10.2966027898053,-4.70824109122294,-3.39537485177836,-11.1610570028797,5.49996263444947,-5.66737554592835,-11.6271935556579,11.0270590938161,-16.3880541668327,0.363921486512734,-17.230202160711,-0.437487559248993,-10.1223919213552,-13.6392089915234,-4.98645725844229,1.12678437819631,1.45587819528,2.00410994522741,0.191058399384387,0.622927669875126,-1.20926355739155,-0.374798862642666,0.64879803679546,1.58469734677224,0.720055870245492,1.0,1.0
40086.0,1.08369268125484,1.17950120574809,-1.34615039129229,1.99882440095464,0.818034176163642,-0.771419407716543,0.230307373480955,0.0936831311994367,-0.167594341704434,-1.95980925751416,2.80433477984687,0.312424168769405,-0.595976467281167,-4.66257695501824,-0.299515020029103,1.00141391934549,3.90282478361756,1.61960922680862,-0.888087464222472,-0.0601585380014646,-0.311999618117422,-0.639699711353317,-0.120249014807271,-0.180217694458199,0.609282565276013,-0.339524442352566,0.0967012906089022,0.114971915513805,1.0,1.0
81945.0,-2.91794499193713,3.03643960675137,-0.556487111364579,2.5193134288052,-1.64851440363213,0.475075973747459,-1.75115485684228,2.52085482447066,-1.2723479986016,1.19837408982189,-0.420665758376156,0.375763743343358,-0.147204821994991,1.65588136681624,0.752731662857532,1.19243095978094,0.144291880074845,1.41725055683762,0.995601507991032,0.218575273290103,0.268276609890012,0.455550897492293,0.042632869647073,-0.522794161685726,-0.14115659140157,0.31044076480122,0.227853537318905,0.125505850247871,12.86,0.0
64443.0,1.07952397806913,0.872988038728802,-0.303850487243895,2.75536885087579,0.301687623167546,-0.350283737195093,-0.0428479677130716,0.246624608381391,-0.779175595769242,-0.157696445821874,1.92856763203456,-0.935863286411531,-2.43144644518658,-1.63347202401986,0.534336652706283,1.42560550367097,1.59352878606579,1.17846784575361,-1.56869755794851,-0.252115099030468,-0.023254784527163,-0.158600833910515,-0.0388061577093773,-0.0603272546840962,0.358338898397498,0.0769835703935526,0.0189358319830432,0.0605741494833015,0.0,1.0
77165.0,-1.21231223049157,-0.383820011865496,1.07201931626336,-0.517563326749859,-1.70170494205673,-0.286739247809245,0.691414420592251,0.213000145689557,-1.75524923206742,-0.226196185004637,-0.778563375285262,0.13588146093992,1.47930395428388,0.0131796404285237,0.708354266065284,-1.07733156688713,-0.118819773890261,1.61123759239493,-1.03638858345009,0.230830417353861,0.162400157938615,0.291476009321206,0.586380019250572,0.402897993210435,-0.156879272622726,0.576334831452547,-0.104525542621283,0.0691108341391528,305.9,0.0
11092.0,0.378274504006009,3.91479678866992,-5.72687201536627,6.09414095882864,1.69887526405022,-2.8073139468834,-0.591118212837213,-0.123495593086659,-2.53071281390832,-5.15309460989926,4.65408842254301,-7.83953899762349,1.37181858033581,-9.63468971263612,-0.739596855842826,-0.663203945673478,0.891934540534899,0.978675639075006,-2.00547660274646,0.440439440893876,0.149895683076911,-0.601967245529085,-0.613724335539499,-0.403113687819411,1.568445255978,0.52188393400233,0.527937749881352,0.411910405834512,1.0,1.0
42291.0,-0.432715024961947,0.998896380138521,1.74226910121509,0.981676007648238,0.212605314694861,-0.282379236886742,0.971460997095502,-0.313515897479765,-0.592588185193542,0.0441922428318397,0.160476771344681,0.189168344911807,0.450542803535613,-0.0154599853816193,1.2810201924349,-0.721656768180989,0.0360669603613909,-0.457450377545438,-0.127555357283968,0.0429883571491655,0.196689093005062,0.813915328394008,-0.20088772514542,0.438418675253874,-0.219397614665261,-0.285754557099474,-0.104205556477014,-0.0909679139033624,33.99,0.0
41305.0,-12.9809425647533,6.72050777097643,-13.4556359425571,8.69861009281133,-11.4795517833437,-2.68151865053833,-14.0192907576919,8.21819051252864,-7.93089996826719,-12.6959474039839,5.58936163192341,-11.9608660326622,1.53867076186333,-9.88721406724695,0.6339792179337,-11.3502438549644,-21.7101876525534,-8.85945192496352,3.62971365041526,-0.84330261969681,2.54962823474498,-0.532227763596568,-0.235096473604284,0.673209169467055,0.22659797207791,-0.00616785819002466,-1.18569550568181,-0.747361321404312,59.68,1.0
79589.0,1.19424334974079,0.381498801499731,0.471924733666986,1.04987809026525,-0.0804692844796435,-0.393873719293825,0.110382290514846,-0.116424336720492,-0.131291107892286,-0.0818671515431602,0.0602464940630624,0.949183948219502,1.22746598942093,0.118470635781712,1.14084957052903,-0.175718907072175,-0.266323279584073,-0.763888545048774,-0.738444182015033,-0.0974578527795524,-0.0136098307968511,0.085980228121706,-0.00263833921583226,0.100991016716874,0.510881464550103,-0.413155933545761,0.0471224290610684,0.0245542399551001,2.4,0.0
11092.0,0.378274504006009,3.91479678866992,-5.72687201536627,6.09414095882864,1.69887526405022,-2.8073139468834,-0.591118212837213,-0.123495593086659,-2.53071281390832,-5.15309460989926,4.65408842254301,-7.83953899762349,1.37181858033581,-9.63468971263612,-0.739596855842826,-0.663203945673478,0.891934540534899,0.978675639075006,-2.00547660274646,0.440439440893876,0.149895683076911,-0.601967245529085,-0.613724335539499,-0.403113687819411,1.568445255978,0.52188393400233,0.527937749881352,0.411910405834512,1.0,1.0
100924.0,-23.9847466495794,16.6978316913154,-22.209874815521,9.5849686202149,-16.2304387891461,2.59633265752887,-33.2393281671892,-21.5600394546929,-10.8425258685569,-19.836148851696,3.22323270290842,-10.8951335063028,-1.52345240330584,0.116303256118652,-3.09880532704263,-7.60642457511483,-18.1082610229766,-7.51186615794432,-1.24328515722898,5.80455066066397,-12.6150228644215,5.77408726884239,2.7502214496329,0.513411099654255,-1.60880380395117,-0.459624387540527,-4.62612660780224,-0.334560720645878,1.0,1.0
42247.0,-2.52401156950864,2.09815186657166,-4.94607520997003,6.45658840962748,3.17392137712693,-3.05880605463133,-0.184709664717417,-0.390419986932457,-3.64981179874133,-4.07758540918968,4.38921350258246,-5.84955800710779,-0.750964374574877,-11.5838983872121,0.838750052957938,-1.4610292465747,0.635694232941605,0.390150149131876,-1.06302761603247,-0.162797482259592,0.0279349679314103,0.2203664412615,0.976347942245667,-0.290539415419797,1.1610017911475,0.663953624390758,0.456022723280535,-0.405682084802192,1.0,1.0
19762.0,-14.1791651073631,7.42136996239257,-21.405835744128,11.927511869244,-7.97428068736155,-2.20271027666529,-15.4716122801735,-0.356594909586509,-6.38012489838839,-13.3482776536659,10.1875873241664,-14.5639797552132,0.59375935763569,-14.4915983463022,-0.281392503951236,-8.2641288443605,-12.4398049728466,-4.83707902601307,0.753149847889189,1.00276434172175,-2.36683606243662,1.13095519799655,0.991153238179024,-1.03313210707298,-0.327179344936207,0.634692903522304,2.17190494464567,-1.39528768393339,1.0,1.0
58060.0,-2.63059770314604,5.12575923008793,-6.09225454651378,5.52739306209755,1.60514485494011,-2.31988352953118,-3.20707570564086,-1.48258321071708,-5.07487063178104,-6.77833138248069,5.72525459149638,-6.94917182528041,-3.12779501198771,-11.090424813263,-0.800272569362332,-1.70750085360527,-1.68547301699574,0.274890838662414,-2.02888535240153,0.948863770149954,-0.527474204141788,0.220546094514546,-1.37110989476897,-0.504898994517705,0.382306792598482,0.395527722278956,0.782035950782542,0.62852786395406,1.0,1.0
46930.0,-0.781024526307237,1.34087632245191,2.24948860708991,2.12378586999677,0.154206086966884,-0.0903486284211122,0.571191212099421,0.116717295725066,-1.66599132204668,0.607551037600562,1.17557472739905,-0.0658096556020866,-0.717884693488144,0.521016287237939,0.131385927804041,0.486508601642423,-0.483807379671893,0.454741907575511,0.108476697534414,-0.0107961275794559,0.0623775814685337,-0.0203092792323399,-0.230418517836977,0.497468283191867,0.158896682163322,0.0186000989779611,-0.099700824077932,0.0797311467178628,0.63,0.0
79832.0,-1.22746048680137,0.899433997500155,2.18520465261997,0.00587993959973036,-0.595178128829344,0.322111605136059,-0.295403961303732,0.757450110905198,-0.266734656614123,-0.703159100008267,0.566840925737298,1.35269435003106,0.998506015257327,-0.239699343119799,-0.75890415921188,0.387481381385859,-0.369612361302721,0.464484710498598,0.57819446104117,0.170683754010921,0.0118188567095318,0.116374779175389,-0.239085862285656,0.072928139136694,0.305317915667267,0.367625099205185,0.174679274117591,0.0468674680726388,18.48,0.0
44119.0,-3.01309937109411,-1.01443483137146,-0.124145891479002,-2.12794307211954,-5.27127828411775,1.60431733161523,3.34771523792079,-0.689196673980053,-2.42483728152573,0.930813967200047,1.32410176155079,-0.816648603578573,0.0470923727971093,-0.327839205907482,-0.205369079751706,0.631378200209109,0.00911743155883395,0.263661825084885,-0.257174092116627,-2.15052183639132,-0.858140434330417,-0.725412980174593,-0.0136424233636823,0.573764475684947,0.143387333448597,-0.609336850260847,-0.468621903032983,0.469491781551123,855.5,0.0
116400.0,2.03713935619937,-0.15205077290575,-2.95771654674833,-0.577064409767037,2.60779013878067,3.14321371947652,-0.414772941650975,0.783980257654344,0.359715098909844,-0.351815666064538,0.329673663863396,0.183573610690037,-0.272635069276752,-0.597076695510403,0.584096831427345,0.178885548793376,0.473945417180385,-0.498524027908816,-0.14060651524128,-0.11747606244604,-0.351370370485868,-0.997775957851193,0.362083480771316,0.604908156591124,-0.265143395259494,0.219501070305944,-0.0395098772406309,-0.0425101082037971,3.57,0.0
116067.0,0.949240654782111,1.33351901279168,-4.85540201400676,1.83500588341825,-1.05324529225553,-2.56282606985029,-2.2869856262026,0.260906489976679,-0.895365545923127,-4.54261203828437,2.45371037821171,-4.92519869522976,-1.20041197086128,-6.42437211273331,1.01489749133407,-3.12942132163446,-5.14703878335167,-1.81543652928925,0.520496923051347,0.424608328846183,0.306598169644708,-0.854626651528392,0.101176995923819,-0.281497410249515,0.0244439388949186,-0.107944111820021,0.625288550407281,0.315677390712111,65.0,1.0
94364.0,-15.1920640113629,10.4325276778611,-19.6295152518171,8.04607504591293,-12.8381666152727,-1.87585874614533,-21.3597382791388,-3.71784952676935,-5.96978174909567,-17.1415136412892,5.90239975502551,-13.5801472568557,-0.45140689941267,-8.33476258691073,-2.02514468652193,-10.1963336944105,-17.2709851692259,-7.07909577930568,1.51769533116994,1.65747618417276,-3.47409650326971,1.76544551266317,1.70125678162665,0.381586805077026,-1.41341748729956,-1.0230778939005,-2.63476129227348,-0.463930546269812,1.0,1.0
70882.0,-3.45468192422823,3.14087575858478,-1.13334031923895,0.791861690179032,-1.41343047821546,-0.0662196633974404,-1.66121168964708,-1.88104137043186,-0.682392140034874,1.02961662576861,1.12057936454491,1.89910410368827,1.21287189315126,1.25770452603384,0.573668293693768,-0.197619953096311,0.777952450082013,0.349122499640876,1.74176412253607,-0.512798240539867,3.21772741269441,-0.751807961267802,0.442198623175141,0.344395874670837,-0.00954292832563097,0.503570003691479,-0.530759563030613,-0.268554999895109,4.64,0.0
78111.0,1.13795318490836,0.155880792755674,0.943368643283852,1.07365411441991,-0.503017942518477,-0.138579620838183,-0.30811392918711,0.0604695349870649,0.259916778836353,-0.107825079298797,-0.0664669383068332,0.617619563603244,0.650824668233954,0.0327281237243205,1.48734562393456,0.174693519511925,-0.366976987690761,-0.46648193500015,-0.859623084956237,-0.103860101662153,-0.0189982908925515,0.00348198294907478,0.0736323666949246,0.0696495702548659,0.262505947910973,-0.485265892637716,0.067450676362038,0.0366181158696358,14.26,0.0
35942.0,-4.19407367570647,4.38289736244467,-5.11836337307965,4.45522984017686,-4.81262068168969,-1.22464470658392,-7.28132786701771,3.33224979453268,-3.6796585127756,-7.52436833681058,2.95434436554049,-7.09982534281257,1.52036890797685,-7.68780276684597,-0.225002021021292,-8.52085016639749,-13.2772997431934,-5.25370461976771,3.62333181402755,0.579098497681141,1.55047296606276,0.614572855219804,0.0285207917962781,0.0137043244720008,-0.149512012856955,-0.131686656095248,0.473934221832509,0.47375748155095,14.46,1.0
2919.0,-0.897039814442443,0.7456084687434,0.927596844265093,-2.11174343948876,0.443601039021069,-1.0987434821906,1.0845091849469,-0.365046470371164,1.02414088256955,-0.779715550132104,0.00527023128739868,0.598839465724896,0.302654343842266,-0.111244513458152,1.1148909470851,-0.91944669851528,-0.344760633591134,-0.493302584304076,-0.469721284898006,0.0746225540859238,0.0541394339337626,0.710263307142974,-0.101054805601247,0.0886032109925059,0.0998018946513593,-0.810789544380293,0.271543219252305,0.0127727447099626,1.0,0.0
76857.0,1.14020795371139,1.15643107873873,-1.47157796740819,2.07627840454674,0.774809058745551,-1.00253195191231,0.264947929409663,0.0131622605764724,0.248835339320523,-2.10066651278309,0.763204840843787,-0.94491647902938,-1.41903447142202,-4.68361969585018,0.51928230124953,0.908454083367609,4.13366666889167,1.30620452511785,-1.09471647432252,-0.125097258302807,-0.387894980568907,-0.866811936205838,-0.121582639900783,-0.356108586349469,0.634572810783188,-0.306311023397994,0.0940868179231164,0.121064728484123,1.0,1.0
472.0,-3.0435406239976,-3.15730712090228,1.08846277997285,2.2886436183814,1.35980512966107,-1.06482252298131,0.325574266158614,-0.0677936531906277,-0.270952836226548,-0.838586564582682,-0.414575448285725,-0.503140859566824,0.676501544635863,-1.69202893305906,2.00063483909015,0.666779695901966,0.599717413841732,1.72532100745514,0.283344830149495,2.10233879259444,0.661695924845707,0.435477208966341,1.37596574254306,-0.293803152734021,0.279798031841214,-0.145361714815161,-0.252773122530705,0.0357642251788156,529.0,1.0
71366.0,-1.77835882394499,1.00910511324093,1.08449305588522,-2.18173369169714,-0.69995440177298,0.164115824131874,-0.648841982696154,1.22904142963673,1.11216244751187,-1.68982751709303,-0.414291350763117,1.0797402829112,-0.114391958628649,0.2495795179244,-0.405506904506661,0.295722148890149,-0.559767583526422,1.11179013084801,0.83715047842669,-0.042427020676151,-0.025700463534315,0.0160879496825124,-0.429558677115885,-0.839090826782459,0.813664540439944,-0.686871728279122,0.226648131845698,0.0242749119296511,6.75,0.0
41237.0,-10.2817840384715,6.30238478416897,-13.271718028752,8.92511547634157,-9.97557831146449,-2.83251346361162,-12.7032526593299,6.70684583868978,-7.07842395823848,-12.8056831898117,6.78605830197451,-13.0642398936784,1.1795245105938,-13.694873039573,0.951479176238826,-10.9542857275047,-20.5835927904158,-7.51726213169106,2.87235363605874,-0.247647527731929,2.47941350799644,0.366932842343897,0.0428046480276363,0.478278891799746,0.157770817898023,0.329900959238367,0.163504340964582,-0.485552212695879,118.3,1.0
26961.0,-23.237920244511,13.4873857909274,-25.1887729688701,6.26173255148578,-17.3451881651558,-4.53498915241687,-17.1004924771637,15.3746300252798,-3.84556677176243,-8.51176669710133,5.1385473219039,-7.22001986441493,0.615793286019405,-7.3272215995796,-0.0386320690669864,-6.33151509399145,-12.6888576275064,-4.84738160696153,1.02053587929144,1.63078748322503,1.76970812949114,-1.69197330547661,-1.04567292278161,0.143386499863412,1.61157707182701,-0.221575644736264,1.48123260638065,0.438124804842523,99.99,1.0
41397.0,-14.9703456545046,8.40142101040258,-16.8672384869515,8.25233430637468,-13.5651304873758,-2.78243755853826,-14.2637353490007,9.64341914576661,-7.70149868394332,-14.2266980575287,5.61099879659254,-11.7939788348294,1.59838653001563,-11.6069703760766,-0.0441804437896824,-9.28695473739369,-19.8997264249367,-7.518050849236,1.24351749943488,-1.61466005601289,2.71404480183882,-0.101355310559619,-0.439665974014017,0.519513861479409,0.789327982433797,0.0643574266343142,-1.62138568643941,-1.10481920857705,273.01,1.0
45897.0,-1.24708139520462,1.45154536953944,0.328494278112536,1.05617187771753,0.035823462593023,0.741880028894064,-0.275453478846958,1.14738915683516,-0.71141323721454,-0.258118341046039,-0.0393246109940993,0.715203578879673,-0.272775370200465,0.819998358596679,-0.450725329963398,-0.520839075951324,0.411915427821751,0.204189019910067,1.34074806060686,-0.102337441808283,0.0505724190312567,0.176595867582488,-0.129436257047023,-0.831672576500292,0.0271774654678285,-0.192807555591618,0.0570718368563934,0.0189342063721018,1.0,0.0
35140.0,-1.21869762731642,1.01325810714295,1.61008431948675,-1.41824581974159,-0.169963490603989,-0.945987340585835,0.504857280242031,0.0615305340785272,-0.0145894921048063,0.0457216486114941,1.57925610218017,1.15748856086418,0.673332394042059,-0.141952489485063,-0.255085868872295,0.661937469075788,-0.915766381576885,-0.0484002433401336,-0.531426921854559,0.323080970363265,-0.0774354931731907,-0.0156119168197341,-0.0089477513552198,0.584078606127521,-0.257531923844309,0.697723659789834,0.471394221779044,0.315879108547975,3.84,0.0
8169.0,0.857321003765953,4.09391182702914,-7.42389358948559,7.38024451788662,0.973366022888688,-2.73076151658057,-1.49649705633444,0.543015172692922,-2.35119015933267,-3.94423849794435,6.35507773663404,-7.30974798382371,0.7484505505775,-9.05799252943745,-0.648944909074786,-1.07311652692728,1.52450091526025,1.83136353283608,-0.0897244112241547,0.483302650495284,0.375026285129017,0.145399853347782,0.240603265009756,-0.234649222710157,-1.00488094720044,0.435831916241838,0.618323805168482,0.148468944379397,1.0,1.0
25231.0,-16.5986647432584,10.5417508026636,-19.8189818085279,6.0172946473619,-13.0259010501237,-4.12877900260013,-14.1188648469369,11.1611439952369,-4.09955143059712,-9.22282550730978,6.32936467621872,-8.95219071159749,-0.138363691274054,-9.82505442102721,0.0572235922374037,-7.54168742379503,-14.2595985921417,-5.03505152375192,1.43226792970939,1.53491982113512,1.72585282658181,-1.15160577552799,-0.680051901875725,0.108175914514646,1.06687834149611,-0.233720431391328,1.70752055210726,0.51142316911239,99.99,1.0
57285.0,0.82552862766481,-0.860421325301809,0.260284869256181,0.997267599813932,-0.19826235431533,1.55482439114588,-0.632529312956086,0.509303363082228,0.802911540508307,0.00631368609368528,-0.622106769210605,-0.350741584152216,-1.35174296106144,0.237410059483736,0.468722522755188,0.796407023757173,-0.920391138649045,1.05738280493262,0.0465186032374886,0.189755211547837,0.187748525000102,0.200270474511992,-0.435830338907664,-1.71773681844195,0.505701962975138,-0.138441639345843,0.0304855725073919,0.0351345383337317,200.0,0.0
78017.0,1.18016642085748,-0.446281477879609,1.00229298870838,-0.690640056447472,-1.2535713001512,-0.56042791971786,-0.697770845919767,0.130009859777527,1.91665334594285,-1.10090280283046,-0.0623960578660395,0.507779788032183,-0.919066342387875,0.0585491703433227,1.58816101389643,-0.792390220510978,0.297725431192266,-0.26921421669845,0.0802458378072421,-0.219392801000101,0.0274901624155865,0.323075313760686,0.0437355004891106,0.402266673220247,0.356782674323942,-0.674394428149794,0.105321227872191,0.0334667945897347,1.0,0.0
72254.0,-0.865757305668514,0.972952503452636,1.24369890941354,1.32471189316177,-0.150325415358931,-0.480843187317916,0.17730893033951,0.442731688192945,-0.889238501336462,-0.388287026701128,-0.187523969147062,0.0479674372030313,-0.176160205517141,0.732341921185294,1.46923436781751,-0.592324973896548,0.479311317579149,-0.242898798280466,0.15975473996037,-0.00337354864032563,0.306171314099327,0.709736898416592,-0.0602904326921154,0.418510376967996,-0.206900746683378,-0.194535559113648,0.0496218103045737,0.0416722366901874,25.0,0.0
67571.0,-0.758468652663917,-0.0454102784513458,-0.168438290153528,-1.31327481447103,-1.9017625315847,0.739433414882114,3.07189204639003,-0.483422244220096,0.61820276215476,-1.7690597207318,-0.651414013964987,-0.00542329080098884,-0.517194341398293,0.217469760178719,0.883558824493356,-1.17397764863161,0.24334710955825,-0.342300728238465,0.68705620239513,-0.0324998988871344,0.0426194565214976,0.397223782011498,0.0722288654476503,-0.242275996603303,0.560916469624214,-0.540954584325348,0.150606446374032,-0.117140114799884,549.06,1.0
25198.0,-15.9036352020113,10.3939171427504,-19.1336024646827,6.18596883540498,-12.5380209157442,-4.02703044708406,-13.8978265981985,10.6622517826007,-2.84495398482036,-9.66878891236125,7.39441941053863,-11.6356300484755,1.42327692545531,-8.64045910049478,-0.674719538892936,-7.69556878829619,-13.6841395944616,-4.77740603940726,1.26834277321029,1.50156541071894,1.57754822493456,-1.28013712313136,-0.601294526869194,0.0404039214626868,0.99550197117886,-0.273742711729157,1.688135896398,0.527830799573719,99.99,1.0
75556.0,-0.734303155037818,0.435519332206195,-0.530865546585229,-0.471119606930407,0.643214386605141,0.713832369657908,-1.23457207133269,-2.55141159871634,-2.05772382572102,0.166830707878014,0.567551954604602,-0.85805991589575,-0.448067929957678,-0.264936238828755,0.88886293915465,0.838120616560385,1.42505965449185,-0.169664182600728,2.50202738858443,0.864536120628702,-1.00487737851609,1.15035358786928,-0.152555282700309,-1.38674463324096,0.00471601482800044,0.21914583821982,-0.0582573076118087,0.158047988697071,29.95,1.0
39176.0,-0.49773552406044,1.02472508194201,1.68315433545683,-0.09790078874306,-0.0247447032017163,-0.675106906612244,0.672470909500422,0.0155940788675521,-0.808470981355086,-0.17354253258066,1.63835090453007,1.19519807255029,0.830931835786694,0.170002758772111,0.0332556018277401,0.292881939944592,-0.62215572959499,-0.033123220628293,0.218878328643324,0.180493895391186,-0.146537577661023,-0.371375480791622,-7.01196551204653E-4,0.540658481509916,-0.21668858812154,0.0378427229509676,0.264677502381851,0.115827146251154,8.99,0.0
79511.0,1.14514790214329,-0.573612308504792,0.950650421961945,-0.825578891714872,-1.22618689701719,-0.189473449739699,-0.872064090168793,0.342507693314223,1.81869426543133,-0.902122499521158,1.35393793509129,0.617429611064971,-1.99488562220364,0.449308470560613,1.00777102792755,-0.512718159785097,0.0602758233262878,0.390395115538637,0.422808178699164,-0.269218291145343,0.0594878887981486,0.330036140315807,0.0282931861565501,0.198479407422201,0.30877015388374,-0.680860607709481,0.094722658095427,0.0198710775829646,1.0,0.0
36829.0,1.42926604231637,-1.14870732704709,0.277403187365869,-1.48238895706257,-1.40045169849338,-0.507553629836162,-0.997001952504601,-0.0698245688282188,-2.03063128466717,1.60421522320905,0.86462015507883,-0.495416698211932,0.103573156669346,-0.0479805642357789,-0.0634808549406598,-0.0868981752993696,0.16117070269588,0.614009128239176,0.159509606622724,-0.256535009339571,-0.166555518798116,-0.221488772463864,-0.0453804369800952,-0.0155336098267734,0.375275936295269,-0.206517685414483,0.0163465907531607,0.0131135281776102,50.0,0.0
35866.0,-2.04448868873478,3.36830621710984,-3.93711139061868,5.62311973109633,-3.0792320390481,-1.25347411822809,-5.77887959312275,1.70742815771205,-4.46710312294842,-6.0677981503786,3.83978771072745,-8.27784094846266,1.49391490811495,-8.41668121212274,0.792297928201949,-7.86265882647354,-14.5708366290177,-5.18538553288232,2.41438956859515,1.11202761894884,1.48359421639379,0.834310712862216,-0.148485620188757,0.00166885452328186,-0.0389957310939217,0.389526401954901,1.30023645611458,0.549940374167289,7.61,1.0
92784.0,1.84352261449137,0.391895859803153,-0.603718053178189,4.08428315621892,0.595278756394337,0.74263167787164,-0.0814572438163132,0.0771565237673483,0.623553837030236,1.10156521881786,0.831998782137141,-2.07929322578499,0.851003291286502,1.5429920892219,-3.74122525853887,0.209002930796551,0.307074058686139,0.118637181538726,-1.00139688315516,-0.331674254440571,-0.0387459302019064,0.313948211788265,0.0399968136144439,0.710021481993378,0.248741397921708,0.0956836399377934,-0.0683440192010742,-0.0643316018208874,21.94,0.0
41273.0,-11.6822148930584,6.33288209288301,-13.2971092469499,7.69077191542072,-10.8898905208867,-2.79236003834138,-12.5617825809497,7.28712220991134,-7.57032240879292,-12.8357376825339,5.80470785195987,-12.15623949431,1.18498466280471,-10.4686770874209,-0.41674319706657,-10.999792348619,-22.6088681905866,-9.49874592104677,2.10273540686125,-1.00931993766307,2.13345628394787,-1.27150896701449,-0.0353038871622371,0.615053695038953,0.349023768265454,-0.428922796793546,-0.694935387398427,-0.818970428930229,173.07,1.0
93920.0,-12.3810482122443,8.21302215295327,-16.9625296493409,7.11609059812684,-9.77282635905051,-3.66683564785878,-16.1473633736285,2.07870595319163,-4.25065683444105,-16.7460441053944,7.42580096307482,-15.5648376012203,-0.426338420425742,-14.0295376738875,-1.68188923012087,-11.1337609764854,-15.8335888785336,-5.74853293843859,2.27108150670047,0.53779490001906,0.1677033350947,1.5034133341063,-0.767755381526479,0.371951476263823,-1.41563947948017,-0.517022160118675,-0.434620522533755,0.292721057342818,97.0,1.0
45005.0,0.763825898181706,-0.316025465215194,0.400176106199013,1.54339932243155,-0.452157076844695,-0.340894913502268,0.372178784177526,-0.134404181294162,0.0152449881443342,-0.202774853980177,0.0530265689514554,1.0223795340611,0.740967612246421,0.0637736922859652,0.302637751905194,-0.569503739936933,0.164515080443512,-1.08194487370736,-0.677535595238151,0.263357894775397,0.00525780609639367,-0.238277632665692,-0.128835911819063,0.430992974361304,0.428241044050034,-0.464533907344884,0.00897455938099638,0.0599512935706564,205.2,0.0
47950.0,1.128543947441,0.0260964645629518,1.28904918702885,1.2752002757138,-0.692452223973761,0.291594030542197,-0.57990946567898,0.173178081682096,0.731701768430437,-0.272047234184694,-0.391750250455162,1.11938267808549,1.05054977576547,-0.540142402223652,0.315145437479086,-0.264505669381831,-0.0292824988407059,-0.640835832216373,-0.573861748205104,-0.118272193977461,-0.0285162635385784,0.231065055863036,0.0211073998054514,0.112523955595326,0.380719265181118,-0.38203061616993,0.0975136917413577,0.03553030855759,0.01,0.0
53129.0,-5.22646943379304,-5.0549531380356,1.00869420969364,-0.408902586193758,0.716123213841137,-0.0891869892233356,-0.0464970996505041,-0.156211034855828,0.074752989396317,0.817009846184902,1.33301944050584,-0.0256642372823424,-0.458235639526255,-1.07585331073658,-1.06834066375584,0.487782772887612,0.626005797088763,-1.87728321949381,0.151069291968426,-0.778282100392212,-0.20789412502213,1.02735802248323,-0.311129806957836,-0.113706557676545,0.695898090535657,-0.0925244690543821,-0.325738507888255,-0.292575852036122,318.75,0.0
75720.0,1.30283310153014,-0.255698735137926,0.165475953655795,0.64942446488095,-0.558770054499461,-0.361895068857651,-0.238674942761288,-0.0585071851720737,-0.857120820259233,0.787437852627755,-0.812796556622286,-0.41026551955631,-0.817342142046449,0.316354040295147,0.195008251408755,-2.12812712586413,0.47721007173494,0.574468593861611,-1.24328885973926,-0.661726751309877,-0.379283626366646,-0.478606042871054,-0.0255309640932791,0.0330800970132026,0.62288751559797,-0.226873969246124,0.0449385975029403,0.0135515369430348,6.0,0.0
44393.0,-4.61746102917986,3.66339525318756,-5.29744641020372,3.88095965427288,-3.26355091342907,-0.918546733700683,-5.7152620778107,0.831039550183167,-2.45703377841015,-5.72681709632961,3.52572598717089,-6.48911156043177,-1.01279063167124,-7.05231095228929,0.78444540329242,-6.77397674966222,-8.58807007314333,-4.51089174541971,1.14787783834912,-0.34645583270524,2.69817489528664,-0.0270808907137453,0.366775230313112,-0.123011441662663,-0.300456526768528,-0.239996239629945,-0.183463054061235,-0.0733597031884566,1.0,1.0
27784.0,0.288028928428076,0.965681439446855,-1.45949519977085,1.92186300234526,-1.91241402974899,-1.13028190025527,-2.81426265960526,0.648663224885543,-0.695262639845074,-3.46568908576121,2.35161910622909,-3.82670531942496,-0.767569849115369,-4.8528669146236,1.66486300420352,-2.61736133003734,-4.83555830647772,-1.92175160139324,-0.385884175181753,0.330916894188196,0.603127128021142,0.380690182113136,-0.0641251755885565,0.271380100640141,0.33721953478356,0.626155869423677,0.565124825956713,0.305925255390835,23.36,1.0
41147.0,-5.31417320646342,4.14594361146639,-8.53252245892907,8.34439167363678,-5.71800820787464,-3.04353608094129,-10.9891846672722,3.40412865609659,-6.16723364181153,-11.435623996076,7.67453383416429,-14.2960914258331,0.526938923712363,-15.4450258118019,0.991651201275811,-12.3913460034009,-22.5416517287861,-7.98672065349455,2.99255446334225,1.15001731865814,2.33146580801509,0.862996305559532,-0.614453237551036,0.523647877136623,-0.712593271662611,0.324637964828057,2.24509146635599,0.497320848969724,88.23,1.0
7526.0,0.00843036489558254,4.13783683497998,-6.24069657194744,6.6757321631344,0.768307024571449,-3.35305954788994,-1.63173467271809,0.15461244822474,-2.79589246446281,-6.18789062970647,5.66439470857116,-9.85448482287037,-0.306166658250084,-10.6911962118171,-0.638498192673322,-2.04197379107768,-1.12905587703585,0.116452521226364,-1.93466573889727,0.488378221134715,0.36451420978479,-0.608057133838703,-0.539527941820093,0.128939982991813,1.48848121006868,0.50796267782385,0.735821636119662,0.513573740679437,1.0,1.0
48122.0,-1.96598063625392,0.123162623064578,1.79103127418284,-1.35682858442757,-1.68098977870983,-0.0874124168309758,-0.997847534752609,1.08332808628047,1.6928769190515,-2.19402956056943,-0.986814121450893,1.01395115454626,-0.566414995222393,-0.239504272982999,-0.435981832371413,-1.40959698110682,1.35663085726529,-0.421952857991259,0.946291690762645,-0.310831360133009,0.248810446400647,0.817765691045028,-0.439515011831109,0.519261598551475,0.426776194541659,0.305338355961252,-0.355141591315528,-0.141582565389036,32.8,0.0
1791.0,1.33284931179458,0.389198249184276,-2.16559660467804,-0.306872623831362,2.6413512514436,2.80808376427436,-0.171626636099457,0.683351733616692,-0.29796200128389,-0.652096600406493,0.418002664896219,-0.322436923729675,-0.143469154599387,-1.15452429586619,1.157633713505,0.878174917750572,0.536917519702814,0.712873012618197,0.00677355522536129,0.0536071193018422,-0.207432404472897,-0.692416684181818,-0.118597511644349,0.891479667860564,0.730240364330148,0.384013445762976,-0.0284652724675567,0.0361233094119335,0.76,0.0
85803.0,-0.200919829502853,1.27462120586626,-0.164594219775181,0.943723790179744,0.106769876492473,-0.753512267786784,0.491368052293942,0.372619636455305,-0.498181164683962,-0.023014583501707,-0.68603407302281,-0.496683310919022,-1.31087474306499,1.10225450757917,1.0238380679349,-0.665485207831673,0.376190693148144,-0.370045130751985,0.0282222503572075,-0.179237381121658,0.188803212168732,0.604837466367291,0.1152975660657,0.052870956361964,-0.804954527241243,-0.378953759038434,0.322138231430386,0.162220125697303,3.99,0.0
40150.0,-0.361559714542443,1.00510688833566,1.57648844720164,1.76096096533081,-0.180576334576904,-0.264243474766668,0.551924549825515,-0.0587807927656096,-0.315058003153503,0.0345687614379294,-0.932392920132235,-0.505294823589219,-1.05193351324364,0.220144890603916,0.493557615453494,-1.138309768033,0.665544634070627,-0.0345139739126708,1.80812722020124,0.0265938556730183,-0.0268970760550236,0.0830337477774745,-0.220827153951189,0.397031759516689,-0.0336979178953855,-0.143152482676794,0.0349841707090316,0.123144074288875,16.64,0.0
34256.0,0.539275913891047,1.5548897630737,-2.06618033324968,3.24161746276725,0.184735711234243,0.0283295594064726,-1.51552137985061,0.537035374444064,-1.99984603560986,-2.13317644293659,2.75617194535395,-2.24286436771513,0.615204246860345,-4.65280380668112,0.222163815521883,-0.775666019840941,-3.21861825150599,-0.370992501046414,-0.686196723569762,0.302734578907132,0.371773459120687,0.111954592156869,-0.305225078771695,-1.05383526243402,0.77117490696746,0.240878213732036,0.418434531995645,0.232169715166482,19.02,1.0
623.0,1.32613193935532,0.260298290814523,-0.134932292779781,0.466123210435221,0.0365768893160805,-0.518936607158674,0.00312408651855997,-0.0871551263515499,0.240739161544304,-0.254270476972163,-1.12329861528782,-0.586431875212518,-0.517601843591369,-0.164783061086587,1.26850225690797,0.815268124924278,-0.318642084839939,0.142120748726154,0.187132810946339,-0.106677232858265,-0.36424739393182,-1.09073353311751,0.0157884834502258,-0.688156291024513,0.319240857194422,0.159898918070689,-0.0304422043184994,0.0186727893448257,1.98,0.0
80311.0,-1.71143751464844,1.39174254707574,0.551974400009749,1.2718033988131,-0.358304378844339,0.138687047056731,-0.337977825574603,1.10863582272993,-0.509287093587665,0.075256449895327,0.709708591383063,0.850786322551368,-0.726978461107283,0.860646200018633,-0.445694999617894,-0.764888522503003,0.730756648977884,-0.0589809694676654,1.00025658518724,-0.0816794286934526,0.0500804787168308,0.287629703081163,0.0147830906464144,0.0131729503057402,-0.0367180924521869,-0.236036151684377,0.191253577693941,0.0955181978685836,11.94,0.0
81339.0,0.786800144241511,-1.58221896848306,-0.268796702153699,-0.893441739284905,-0.989869054646382,-0.0950804083200266,-0.206235412753966,-0.0558671791388293,-1.09828901843607,0.646107125876325,1.11365854958072,0.397495810680874,0.196601946203205,0.396456846072675,0.545452774604552,-1.24851428122202,-0.0656780495238823,1.15180995859265,-0.748527031490546,0.12934396622916,-0.0565309395346359,-0.33942125457577,-0.286111709499404,-0.220633270120111,0.0992555157959576,1.53208278142433,-0.137094557719361,0.0320798387244556,304.26,0.0
93823.0,-3.82193880087939,5.66724730913206,-9.24496345774236,8.24614693395311,-4.36828608664298,-3.45073451820581,-8.42737802930292,2.30560850484611,-5.33807918394682,-12.0111608836062,8.62125508140256,-18.6837146333443,-0.962073428413392,-15.2976561861343,-2.41413212341002,-12.105602245184,-21.3381950868483,-8.04543571561822,0.15601503277122,1.11524688892983,1.99051970513882,0.0833533215963405,-0.0622635530228708,0.390187802079359,0.329883884451897,0.0980170825531413,1.86957016296191,1.00084956292018,75.86,1.0
67571.0,-0.758468652663917,-0.0454102784513458,-0.168438290153528,-1.31327481447103,-1.9017625315847,0.739433414882114,3.07189204639003,-0.483422244220096,0.61820276215476,-1.7690597207318,-0.651414013964987,-0.00542329080098884,-0.517194341398293,0.217469760178719,0.883558824493356,-1.17397764863161,0.24334710955825,-0.342300728238465,0.68705620239513,-0.0324998988871344,0.0426194565214976,0.397223782011498,0.0722288654476503,-0.242275996603303,0.560916469624214,-0.540954584325348,0.150606446374032,-0.117140114799884,549.06,1.0
117004.0,-1.32639070295938,0.844317997742977,0.20345636275818,-0.501065586286759,0.472942091391275,-1.39470984465365,0.49728293695394,0.0248502879629896,-0.261726443354385,-0.705652421180105,-0.901839491969524,0.0693834617235994,0.0251554026552034,0.562507525189666,0.552576858588269,-0.0863687492477857,-0.358351330081099,0.0476460752648961,-0.266526247184941,-0.417054133146825,0.256362490498547,0.561379486203649,-0.823075371276271,0.111025556804641,1.1172763243733,-0.00650354933883762,-0.515178324694926,-0.368252367094356,1.0,0.0
41227.0,-9.00135134450649,6.61328394324752,-12.4236347238918,7.51992923163014,-10.2662546389665,-2.11320754204122,-9.98428744767688,5.54194143253089,-7.38370453522347,-13.2151722995049,6.89518136811315,-13.2796997105282,0.755263578785977,-13.4170122721265,-0.210774362111057,-10.9226551270595,-21.90649321637,-8.82981976595275,1.85246698871594,-0.645393857931055,1.7758908996538,-1.22475761150578,0.0825935414630254,0.452088727391883,0.463827332847796,-0.296928065001458,0.526505578079938,-0.450890488772313,459.07,1.0
41285.0,-12.8357595817777,6.57461542943546,-12.7884624825347,8.7862568391843,-10.7231209172666,-2.81353585641993,-14.2488465310891,7.96052082227957,-7.71875064933864,-13.0740681657723,5.97513066688423,-12.375374654316,1.47220511856229,-11.4706925061593,0.993143253686908,-10.9738046181506,-21.047629901985,-7.99078328442082,3.33103902941017,-0.617296150458597,2.67949007049737,-0.0473351062766089,-0.836982346024597,0.625349328179101,0.125864937720446,0.177623612238763,-0.817680255865793,-0.521029795905738,37.32,1.0
55109.0,-0.132660490291433,-2.88077071196094,-0.631385579170162,0.259577912814932,-1.77314527889966,-0.950875022579125,0.872857577874904,-0.560624044676042,-1.02063066539925,0.236640970731608,-0.315383660586095,0.48270195468702,0.94242504349545,0.0760947957604688,-0.0462368980338057,-1.822213582713,0.415460654901601,0.562252267073225,-0.841493682546195,1.13246039953903,0.0557152806413299,-0.98269117283785,-0.664472694703201,0.830946007388068,0.126077271694704,0.985239340653567,-0.212013467014294,0.139518180565501,791.54,0.0
81372.0,-0.88525408859895,1.79064923163963,-0.945148961205205,3.85343274655953,-1.54351007486649,0.188582114329739,-2.98838275644296,1.34405855095688,-2.29453470924744,-1.88617599041763,1.90428359307622,-4.00241403073237,-0.936955588407958,-2.80191542309724,0.798328052783254,-2.34873992555213,-6.42673430721498,-0.827308425201024,1.73238175785046,0.370040520565647,0.746159905151139,0.550802011985416,-0.0348823420887786,-0.56760840448119,-0.528317952733951,0.258782456503747,0.506892694941992,0.176735548819463,7.57,1.0
94952.0,0.842025258809961,-0.365518405631879,-2.46406333105633,4.82088596439253,0.775505434320733,-0.614784604613805,1.36802439952459,-0.526261741999926,-0.121356446796038,-0.357616193093852,0.637766685379952,-2.81888227036892,2.36059541417279,-1.10869894034456,-1.44995109474769,1.57373987380152,2.20265154365361,0.800471466568041,-2.10358290329291,0.944915098074741,-0.110621878759425,-1.25780002613606,-0.324418362936717,-0.420020001036393,-0.219501077925226,-0.268872635957687,-0.144582319033867,0.104464060190998,571.48,1.0
41170.0,-6.49808616880785,4.75051466030858,-8.96655783136602,7.09885431317009,-6.9583762227814,-2.82212618665779,-10.3334056561063,4.03190730189525,-6.64877821018697,-11.6344144245911,6.87757089846463,-13.6976856184689,0.463040401836978,-13.0441824003561,-0.309229265664683,-12.3175797238757,-24.0190985475902,-9.33519307905321,1.95189049542104,0.568338010653019,2.15814308370257,0.1115103626317,0.216413836254987,0.584661255488016,0.760359507805524,0.0819723426822078,1.41506751068321,0.0351241448009389,83.38,1.0
92109.0,0.0801202165227664,0.78538172858041,0.319624564167421,-0.288388235238098,0.998957531915517,0.631414743088782,0.0962621436723201,0.110437459865555,1.26729142223234,-1.23814111805813,1.21476179398208,-1.62309889946885,3.17882157820613,-0.181381150557897,-1.32323410111873,0.80776113433928,0.554462845762631,1.66441855424638,0.294494194088246,0.0553898342915331,0.144455838374004,0.887889629916973,-0.136572164970377,-0.201619993346133,-1.05506935039283,0.469980297829148,0.229867570618755,0.263367479295269,6.01,0.0
63610.0,-0.168992701353294,0.842530779687794,1.14979556490319,-0.0131766074761963,0.337980558003565,-0.581721583082183,0.742638770450216,-0.091832186531203,-0.210065394328765,-0.55800445830542,-0.981931763666157,0.339902615559047,0.896092792399505,-0.076976855844713,0.272938913112369,0.647092215604261,-1.11937793356706,-0.0221419798860858,-0.856718155488907,-0.11905135591094,-0.0155728585389986,-0.0659833953555052,0.178503612948741,-0.158527837792591,-1.09892873202688,-0.952456658646913,0.251806192636084,0.248138607172252,19.99,0.0
7551.0,0.316459000444982,3.80907594667829,-5.61515901119457,6.04744510216478,1.55402595692572,-2.6513531120137,-0.746579273100222,0.0555863112529252,-2.6786785422399,-4.95949291161496,6.43905335158373,-7.52011739288703,0.38635166741077,-9.25230724747513,-1.36518841502051,-0.502362190618164,0.784426598154274,1.49430460743838,-1.80801215867357,0.388307428238927,0.208828369001674,-0.511746619200722,-0.583813220813723,-0.219845029091423,1.47475258440688,0.491191925656006,0.518868284577287,0.40252806767232,1.0,1.0
11092.0,0.378274504006009,3.91479678866992,-5.72687201536627,6.09414095882864,1.69887526405022,-2.8073139468834,-0.591118212837213,-0.123495593086659,-2.53071281390832,-5.15309460989926,4.65408842254301,-7.83953899762349,1.37181858033581,-9.63468971263612,-0.739596855842826,-0.663203945673478,0.891934540534899,0.978675639075006,-2.00547660274646,0.440439440893876,0.149895683076911,-0.601967245529085,-0.613724335539499,-0.403113687819411,1.568445255978,0.52188393400233,0.527937749881352,0.411910405834512,1.0,1.0
35984.0,-0.447835391730917,0.555696911534951,1.3539379447478,1.02236944281227,0.512266899920149,-0.113988770155215,0.290387585392315,0.195988427966734,-0.842499655745109,0.0132016351459459,1.3698522403235,0.32972297202107,-0.652781269215732,0.690993456938123,0.892276073229145,-0.478304197114157,0.0100199495549731,0.256709394093657,0.653563535770501,0.0846129893495618,0.20729461754027,0.504347122653603,-0.125808394454643,0.0171350657669607,0.0635402869173314,-0.19876491827127,0.0575945465257672,0.0249778124099402,13.88,0.0
50309.0,-1.21488292959132,0.989164319775398,2.14527375735267,-0.00383268795016371,0.117743661689408,-0.668118439637764,0.89183022707006,-0.161487281027141,-0.489652168459593,-0.636881287435269,-0.36622547766273,0.43919950293839,0.924331875440435,-0.190181809213685,0.518644852865564,0.474319008379979,-0.8428511141909,-0.22602231139184,-0.84855034538527,-0.119040784484432,-0.114451447768207,-0.432826907178865,-0.0693176759208818,0.362593490388883,0.355805206956024,-0.732000604904671,-0.211314725454118,0.128522887089963,34.99,0.0
114948.0,2.19807026536884,-1.53562884051488,-1.4180895644857,-2.0056604058982,-0.16349625974999,1.47021349350875,-1.42185203049275,0.415362941710663,-1.41399931430724,1.62412884833216,0.634855691594412,-0.306379059982938,0.0413780529757024,-0.0940499484709495,-0.0266423004112128,-1.06333988099836,0.847093392402945,-0.700565088105024,-0.634892068035635,-0.511430463819325,-0.0946389819446019,0.286501159307895,0.26054898521102,-0.972816434898247,-0.312035481217185,-0.0776448408669981,0.0476140775984648,-0.0738157899680854,10.0,0.0
79540.0,-0.114360703589856,1.03612940153875,1.98440526119199,3.12824327369048,-0.740343559582751,1.54861869623,-1.70128395465886,-2.20384174839674,-1.24226477538834,0.269561809170344,1.29341829662131,0.933215784460268,-0.135325960632637,0.521483689902165,0.386884188055331,0.0598689535627266,0.306339379229928,0.265051988857439,0.223718288348024,0.732852498432027,-1.03293465200213,1.19642831010463,-0.112856718234204,0.254718993156121,0.69666788609654,0.482370416673402,0.129969314476127,0.223924333790406,0.2,1.0
111644.0,0.143680790404866,1.25870592150648,0.560772621222548,3.40050828305213,1.06873359746545,0.932219314264258,0.740194413210618,0.185487064953481,-1.7348261481956,1.22281059106876,0.108714855121138,0.326304513808307,0.0745795600351503,0.143448912845116,-2.11548235552825,0.134098640663305,-0.473557163003112,0.18556057259725,-0.211819766405261,-0.0873500820715412,0.322222028979942,1.07410693099019,0.0458400907148514,0.718929634774688,-1.18483335134758,-0.00246380156136436,0.285121210048667,0.283116046396389,15.09,0.0
41194.0,-7.89688615307576,5.38101952251685,-8.45116161458266,7.96392808742307,-7.86241943013129,-2.37681997521459,-11.9497234569249,5.05135567269165,-6.91207600938549,-11.589748311433,6.64520072606617,-13.542095596465,0.888247918839909,-12.623316046432,1.00275519562895,-12.4322791426353,-23.2415971479491,-8.49529893803197,3.45394255518458,0.645974321869431,2.55794395644985,0.926277883497588,0.0327949396062788,0.638072585685807,0.361887213739485,0.444576520477986,1.10192314818996,0.205958012508108,1.52,1.0
46471.0,1.18125500495244,-0.233858408700355,0.563510252852601,-0.208870467123421,-0.662421118369435,-0.261601002167596,-0.458084695514606,0.184013975036537,0.311109348020425,-0.0566078315913776,1.49005534414094,0.365965471046801,-1.16122031605254,0.593029804131648,0.93383859304545,0.366745907492506,-0.268273511246275,-0.225307360108833,-0.0345046160992674,-0.146731408742139,-0.0636074670542707,-0.24688394749144,0.12086176538719,0.035731041171057,-0.0285045978740838,0.920498970471258,-0.0672233481287908,-0.005474890426716,9.99,0.0
70270.0,-1.51251575792702,1.13313858781029,-1.60105247993576,2.81340096831714,-2.66450340578315,-0.310371093924795,-1.52089516380539,0.852995775116439,-1.49649450564954,-4.05629261571005,1.55375586796783,-2.74355135914945,1.50454067059684,-5.42878849870488,-0.0160171233729703,-3.72718761269833,-3.94629958919926,-1.68028644319238,2.30361261010114,1.24958556268985,0.729827756052255,0.48528591471162,0.567005413227757,0.323585691602658,0.0408708540928058,0.825813553299941,0.41448227186994,0.267265082454707,318.11,1.0
88750.0,-0.482537130602137,0.707339722084228,0.723911993649859,0.989941995136082,0.994760973720627,0.742902092968414,0.702652753777807,0.178763120248908,0.16210987063106,-0.370232785309721,-2.10136571937285,0.16432119234881,0.0924334781771299,-0.382669431134665,-1.36681527629356,-1.15943895638341,0.282318408586008,-0.445069867618478,1.51537202196692,0.257435484861024,-0.31700157131572,-0.555139911392201,-0.0976555279328732,0.00650085376751477,0.128350921091,-0.626341038437418,0.425430051981477,0.224822896822853,40.0,0.0
81903.0,-0.09922838629046,1.15351751363655,-1.70291694879412,-0.19817103072801,2.56504921283658,3.06358267367011,0.0716569586975827,1.16022587593191,-0.821549371323742,0.0447218072149809,-0.460499119003767,-0.068185774231958,-0.045904279640283,0.957796688917111,0.817672344060259,-0.107569560162218,-0.475674960561866,0.364833705897417,0.750663631033236,0.0563025124274458,0.122017435369666,0.291637753855472,0.0313099213632587,1.00518887405736,-0.529591778258434,-0.397277751802309,0.316924468570997,0.161455260124013,2.69,0.0
90829.0,-0.801135461492757,0.256557494105449,0.0537886316787994,0.210862159801429,1.36039465160588,-1.37937403818368,0.495498030300704,-0.155764177346814,1.20134654266598,-1.16244532722261,1.9412140673225,-2.42821182778105,0.306834940231034,0.906248991774293,-1.19322471621434,0.0176698262957298,1.28071702138068,0.997767775341508,0.443730827071554,-0.20030166603202,-0.277374910206069,-0.5426589722416,0.429515128683918,-0.153013965928774,-0.870309488463547,-0.703515918243764,0.0618966008698701,0.303576265119116,4.99,0.0
76867.0,1.08256623409747,1.09486151295003,-1.36702004784737,2.01255429562949,0.708142047645968,-0.807712094137058,0.151952109111841,0.158352530916403,0.00987228422733163,-1.92527812380296,2.60593702345612,-0.309218873424363,-1.76754891562268,-4.42919458671376,-0.171939794624445,1.05551393649543,3.9705869371836,1.76224857169611,-0.880812102847679,-0.135789404251701,-0.32528376499397,-0.734343617700577,-0.106725343342181,-0.224999064492694,0.569167327221417,-0.33503264926341,0.0891401408869493,0.11233722000597,1.0,1.0
28143.0,-27.1436784229495,15.3658043803315,-28.4074244550982,6.37089534679314,-20.0878775718571,-4.66631306343841,-18.7094788213717,17.9035743750222,-3.72227873753244,-8.12096173759343,4.41994345577668,-6.21094112120869,1.06383739513242,-5.84352838067721,-0.108836449172905,-5.60659732565665,-11.7562556050179,-4.71494676131661,0.783577593799492,1.70388764553958,1.79682638880552,-1.96097371657716,-0.90224745220798,0.144011442167384,2.02438803943008,-0.204214065769385,1.33215305903359,0.385890728011147,99.99,1.0
33727.0,1.20934120452168,0.156563190791487,0.520088867686981,0.512042935862981,-0.462900176313946,-0.675708670442048,-0.0638404452551675,-0.0358835979997146,-0.152160126223963,0.113452946296055,1.41070391258962,0.836816353377937,-0.183748815306206,0.519340674744196,0.377564477314221,0.519675098966058,-0.650475708590669,0.00530845657845536,0.172693667214133,-0.100471048955338,-0.208158151603563,-0.668376048199718,0.125246636472194,0.312958019682171,0.172018533286651,0.0781933683643774,-0.0363575749208794,0.0086401781129966,5.85,0.0
6986.0,-4.39797444171999,1.35836702839758,-2.5928442182573,2.67978696694832,-1.12813094208956,-1.70653638774951,-3.49619729302467,-0.248777743025673,-0.24776789948008,-4.80163740602813,4.89584422347523,-10.9128193194019,0.184371685834387,-6.77109672468083,-0.00732618257771211,-7.35808322132346,-12.5984185405511,-5.13154862842983,0.308333945758691,-0.17160787864796,0.573574068424352,0.176967718048195,-0.436206883597401,-0.0535018648884285,0.252405261951833,-0.657487754764504,-0.827135714578603,0.849573379985768,59.0,1.0
47923.0,0.364376991240021,1.44352346510311,-2.2209073739296,2.03698508634993,-1.23705503097364,-1.72816100636381,-2.05858236489925,0.358895084111675,-1.39330570864802,-3.50579032571994,2.81431415481622,-3.34217599575955,-0.150269366634614,-4.82032224395007,1.10260955786246,-3.15703267184314,-4.40585022452865,-2.55882785118576,-0.208809536741974,0.310979602822284,0.402729680639885,-0.132128891527171,-0.0329771760409112,0.460860836846427,0.560403798330262,0.409366102366135,0.539668285308506,0.296918378210685,0.76,1.0
13544.0,1.27723199104195,-0.163116180530202,-0.853232666047023,-0.079311660630075,1.95455750229757,3.70565531845834,-0.804448625331999,0.819347598381584,1.78101748516184,-0.523043405599856,0.376128931082598,-2.24650696752349,1.45720376688541,1.39952928609385,-0.941765443922058,-0.0650084496943626,0.32656321860194,0.163898170549633,0.35573348260722,-0.0406374846054933,-0.29112658746502,-0.504778494519853,-0.114410333134515,1.00219669730396,0.718734688264652,0.414767949273038,-0.0413671097653678,-0.00188186685166684,9.99,0.0
38065.0,-4.01136535754623,-2.62337436514629,-0.494722856243339,0.747165876279165,2.05999742094271,-2.80834720950679,-1.3010601591893,0.657371381585868,-0.813460943718205,-0.500409245136324,0.904222317227205,1.13975046815554,-0.0233584095381098,1.32661671143021,-0.383109920977587,0.681823483279874,-0.375576848491494,0.062060554795512,-0.33274179946512,-0.549734645765402,0.120249070216155,-0.210992051708418,-1.44867510402745,0.515945494785571,-0.0629554015858712,0.220512276252551,0.27425019146744,-1.24733830530338,60.0,0.0
13126.0,-2.88004235163471,5.22544230971559,-11.0633302799459,6.68995065770063,-5.7599239886738,-2.24403079081521,-11.1999752166959,4.01472180864313,-3.42930426351801,-11.5619497720699,10.446846814514,-15.4790524832016,0.734441608104148,-13.8837785491112,0.821439545395249,-11.911483017197,-18.1030037037729,-6.83783453880068,3.12692935212663,1.19144396640797,2.00288287701632,0.351102064721284,0.79525514045211,-0.778379381413672,-1.64681511254223,0.487538823287331,1.42771309550336,0.583172486219188,1.0,1.0
66830.0,-2.27101164824312,-1.9992090387394,2.64620457455247,3.68229868356677,0.637152781918118,0.291730312627517,-0.652432970334912,0.53334969110258,-0.0384718762548197,-0.0302542355339509,-1.04606783034791,0.765562843345784,0.365247901313214,-0.920942926065627,-1.68991204605913,-1.11271161026987,1.0192249227453,-0.910540327329612,0.397441701120546,1.07313130078848,0.179566969786529,-0.0424296462757361,0.98402652913016,0.391759246794922,-0.312326711736603,0.0119788040842276,0.0659308576666139,0.219850830886713,264.82,0.0
34777.0,1.18373152114961,0.0402981174251058,1.06094913957856,2.68537318470669,-0.408925491874918,0.94407202919215,-0.688007182107901,0.317598659190743,0.659124127855859,0.411071011960061,-2.40578219821243,-0.46344864683179,-0.810962696214533,-0.612694305354221,-1.31842955506579,0.363910448676706,-0.312775357571964,0.124215526415926,-0.180910841650833,-0.210987009213393,-0.0553667831768361,0.166345338346153,-0.24252615951334,-0.590570781607015,0.722539489656055,0.278249522650729,0.0417904838381653,0.0149049934842108,0.0,0.0
74217.0,1.40523769807492,-0.975746185211019,0.145011079563435,-1.52220739909079,-1.11592838876274,-0.632092500664212,-0.638006086471648,-0.20021135257286,-2.44929948061945,1.54466662776899,1.22537071052489,0.291796054030705,1.36415138306813,-0.131927984177417,-0.275011318951583,-0.175070263961406,0.137778851073401,-0.0813534916068935,0.416044401761054,-0.143224309775238,-0.573184520069309,-1.46128027146543,0.179856142144858,-0.0558077695038673,0.112963354679085,-0.647522631287945,0.00932505735950572,0.02255282200704,67.45,0.0
91554.0,-5.10025566317088,3.63344238024837,-3.84391862443125,0.183208447320966,-1.18399737637674,1.6021393332506,-3.00595315203476,-8.64503780175356,1.28545810732477,-3.71748137540216,3.71921153916465,-5.03402974701745,0.918999158233287,-4.22036591807154,-1.05049995739584,-1.69104526842648,-2.37242320724166,0.450098503348706,0.407805060819919,-2.80630192287329,8.28043932580154,-2.79714954096118,1.09070659271567,-0.159259597476933,0.532156369375709,-0.497125808167425,0.943621624807946,0.553580691756943,261.22,1.0
81224.0,1.08787285669403,-0.02312179556884,0.243478934697672,1.29896895855665,-0.2348042070911,-0.137121474978711,0.0527834861075514,0.0442860658208335,0.166676160145925,0.0870983815746269,0.51826202194184,0.621774419076483,-0.891060623015821,0.377617372617661,-0.932270905558061,-0.0960110657445634,-0.339774486671734,0.177212103531532,0.392549364026256,-0.0804807741596132,-0.0768068538471059,-0.208384299007246,-0.180831278606134,0.00580702687476437,0.705017100138971,-0.342567614007534,0.00441518959746772,0.0132959641441639,60.0,0.0
69594.0,-0.791982603997189,0.514759632795006,1.47552833995999,2.64212761305722,1.15604561361159,1.9176203391147,-0.0896536261514836,0.716585502871611,-1.49468516081931,0.893054857360378,2.00706146425645,0.284974161296448,-0.718760946460785,0.734668955649874,1.6904739237659,-0.996694759268755,0.912776076164793,-1.44253556279729,-0.397154992971042,-0.134405225179663,0.0607426581272485,0.287740802450149,0.628788893184941,-1.0877311464762,-1.31085603456934,-0.0408311202763376,0.176589288837256,0.161858916827121,10.0,0.0
68462.0,1.57792298432134,-1.08354588201095,0.0703976410250109,-1.49352482203214,-1.27275359323619,-0.539983327646704,-1.05671529141102,-0.136825186610938,-1.58003750778253,1.48546789722189,-1.45474701031279,-1.73798081633967,-0.342832846199354,-0.202726128667281,0.758273869108144,-0.127531108391625,0.247471119971434,0.58288381730438,-0.0386113930507441,-0.363625763783865,-0.0776276463549892,0.166448720140979,-0.18634639848423,-0.471029874008598,0.631603503698931,0.0601208553862317,0.0242593638273343,0.00723582857035297,13.95,0.0
63578.0,-0.639191253440691,-0.0855947885921835,1.26545195854416,1.40116573166082,-0.260542078671007,1.00979457835355,1.30199897093176,-0.135257522932592,-0.431520921685507,-0.0913533730643921,-0.921051995675577,-0.61381552858098,0.198913055533638,0.0160870050482155,2.20626377523102,-0.527140627794259,-0.0572786796405291,0.448655661077036,1.16443546519237,0.861306751100051,0.340330752683629,0.76016976216338,0.353376975218638,-0.778892742566353,-0.0706811598435952,-0.0333546437243291,-0.0619624216383359,-0.0626865318467909,290.18,1.0
49985.0,-1.55421636788274,1.69422928947167,-0.903333638062708,2.42543608490852,-2.89978748492542,0.133028430446298,-0.286225919411127,0.555944559014401,-1.39491838156524,-2.89261176082088,1.96223597455109,-2.38526266137636,0.458337202321203,-3.72454345377605,1.84397832505056,-2.01392370780293,-2.81560029569659,-1.09229027232613,0.139687230416985,-0.0323343863075664,0.493436338989664,0.733393182273647,0.202349959595007,0.492053700892718,-0.183790909215829,-0.19991711985608,0.395200622125666,0.0276930320930062,360.0,1.0
93824.0,-3.63280894927825,5.43726336227612,-9.13652148062595,10.3072263079132,-5.42183029451154,-2.86481514933136,-10.6340876212042,3.01812657999175,-4.89164032107494,-11.2350479111446,8.78878366710272,-18.5536970096458,-0.339533407676443,-15.6231873302985,-0.188978574214972,-12.4279613630565,-20.1590474539227,-6.88889109280947,2.58609321670737,1.35406479520345,2.30988016889674,0.978660126299279,-0.0961301444473713,0.432376722544823,-0.435627929953396,0.65089278643537,1.69360750804844,0.857685371687245,8.54,1.0
8169.0,0.857321003765953,4.09391182702914,-7.42389358948559,7.38024451788662,0.973366022888688,-2.73076151658057,-1.49649705633444,0.543015172692922,-2.35119015933267,-3.94423849794435,6.35507773663404,-7.30974798382371,0.7484505505775,-9.05799252943745,-0.648944909074786,-1.07311652692728,1.52450091526025,1.83136353283608,-0.0897244112241547,0.483302650495284,0.375026285129017,0.145399853347782,0.240603265009756,-0.234649222710157,-1.00488094720044,0.435831916241838,0.618323805168482,0.148468944379397,1.0,1.0
58642.0,-0.451382569628168,2.22514650025341,-4.95305045271638,4.34222824814605,-3.65619018970243,-0.0201214656089607,-5.40755361778584,-0.748436141338482,-1.36219775131112,-4.17062288702767,3.76230638231684,-4.22622469486547,-2.04669403006077,-4.71049793587464,0.217572360008267,-4.73908378383857,-6.13188675183675,-2.42587063860491,2.31416486951171,0.724381267691587,-0.575924092076688,0.495889440695266,1.15412793921228,-0.0161857864909953,-2.07992826296301,-0.554376906341192,0.455179270612071,0.00132065645985432,113.92,1.0
21662.0,-18.0185611876771,10.5586001882538,-24.6677412485732,11.7861803616399,-10.564656569212,-2.64568119936245,-18.02346767268,2.69365540308048,-6.21946362785238,-12.7447607871859,9.31813768535999,-13.3778574339457,1.02192386777466,-12.7843458873548,-0.451145843251939,-7.55136493140559,-11.3259968724596,-4.70125277749548,0.516317073274611,1.00770320533757,-2.31947946208034,0.908838783150801,1.35290370698024,-1.05922233762791,0.185750941504222,0.687037383632165,2.07808058379956,-1.42951702264525,1.0,1.0
57327.0,1.09522287584364,0.0493466341778783,0.0996841881891088,0.561132402320183,-0.153910991052867,-0.48982766929329,0.193594909695275,-0.0388342512206961,-0.359377487817098,0.090432338132536,1.76007905023564,0.944580645059591,-0.275431292700263,0.698067258194813,0.352943778845373,-0.141019656600915,-0.174082350496257,-0.475429193920372,-0.270992142516311,-0.0577264810570111,0.0603863651547888,0.0940652083420357,-0.0553752975549507,0.257371599592942,0.416564952612343,0.363009778145818,-0.0486137910995696,0.00192168706573101,49.76,0.0
41116.0,-3.60054350412378,4.51904694695796,-6.34088353532231,6.21476727765717,-5.829557636648,-2.4780949557906,-9.93841155861772,2.83008605053969,-5.65916161145799,-11.2981564915382,7.2529532268294,-14.2750918465127,0.18890328374228,-14.5559572107641,-0.338288547453357,-12.1465401437589,-25.1627993693248,-9.04284515066473,0.787578807808201,1.38474276211824,2.26377035551642,0.620749345000528,-0.094068667085379,0.536719087381271,0.398142307216228,0.00827658674987802,2.05352425334029,0.835749002954128,3.79,1.0
46868.0,-0.468405643712888,0.766484109116922,1.62519725810358,2.07797508856513,-0.552068358168171,1.43788783483136,-0.831958643068417,1.11535825757531,-0.641299480391379,0.414483077271641,-0.122405500490771,-0.920513316197658,-1.78989112987766,0.626590915507823,1.01550172584952,1.37385258300765,-0.713481821099751,1.34373109319439,-0.443395961568641,-0.186763207629888,0.392830456884813,0.851658705721837,0.0238245013919533,-0.899562533052459,-0.620421299414745,0.183077291007209,-0.0241767825869075,-0.0214595806855022,38.72,0.0
79472.0,-5.71708235185167,0.0838361915406859,-3.06258881748776,-1.41855778930752,-1.53775392683165,0.579895638001938,-0.744761472036503,2.76369319764154,0.584184625275251,-1.51233091193509,1.25731886001772,2.49763101410519,0.00434004914466726,2.05506412562953,0.416715177241488,-1.03141674147003,1.67014064748248,-1.52136628682446,-1.14619840626447,-1.26308606996522,0.0321256397538925,0.972052932591195,0.184536749977689,-0.905986684056223,-0.0478789120792591,-0.653387004593068,0.872018830495482,-0.969519846879832,137.17,0.0
68082.0,1.11015367469791,0.132527553230408,0.837222413771573,1.00029209383304,-0.486621485937612,-0.104051809358096,-0.305244873464377,0.207037012387816,0.0243477049886718,0.109320331182964,1.64210601416963,0.723565767393783,-0.786757239315353,0.611639092410195,0.785778655794816,0.252470419990075,-0.404941062366528,-0.123422893755571,-0.508883177083128,-0.206229963344345,-0.107544538163963,-0.353313963772208,0.163472748743567,0.154202216883187,0.143575646163862,-0.62078481567449,0.0452478415307692,0.0215093887956979,5.0,0.0
35942.0,-4.19407367570647,4.38289736244467,-5.11836337307965,4.45522984017686,-4.81262068168969,-1.22464470658392,-7.28132786701771,3.33224979453268,-3.6796585127756,-7.52436833681058,2.95434436554049,-7.09982534281257,1.52036890797685,-7.68780276684597,-0.225002021021292,-8.52085016639749,-13.2772997431934,-5.25370461976771,3.62333181402755,0.579098497681141,1.55047296606276,0.614572855219804,0.0285207917962781,0.0137043244720008,-0.149512012856955,-0.131686656095248,0.473934221832509,0.47375748155095,14.46,1.0
114397.0,1.96771607634609,-0.371886850304691,-1.15310932782715,0.395583872985103,-0.0871803436646266,-0.454976334795556,-0.0639397316933118,-0.123132461318564,0.638608607504287,0.17379676457052,0.344485168285961,1.0572856631184,-0.017032401839329,0.171301964422916,-1.28167463308011,-0.143446416952883,-0.442129790713073,0.0248895697804203,0.531027727459074,-0.147498967016346,0.110192215246809,0.526035940436061,-0.0144126003128908,-0.254828141926252,0.0942555544228865,0.634791112392279,-0.0702922303199198,-0.075585749550876,34.0,0.0
84204.0,-0.937843305478391,3.46288948991687,-6.44510395393435,4.9321986662268,-2.23398306982245,-2.29156112129773,-5.69559392853253,1.33882463362261,-4.32237655329329,-8.0991193981365,7.18296700883659,-9.44594338249901,-0.314619967520224,-12.9914655817567,-0.136358931959623,-6.36752437517144,-12.7343938853776,-3.84512965889743,1.00766725992114,1.12953228130351,1.06655024941577,-0.521657289347299,-0.319917292909547,-0.405859088093617,0.906802159957716,1.16578389011737,1.37449533233535,0.729889341911333,0.0,1.0
30852.0,-2.83098405592803,0.885657038258755,1.19993009832405,2.86129223993172,0.321668777779154,0.289966026429405,1.7677604489638,-2.45104966190813,0.0697358066743391,3.24508640095346,0.675287853392807,-0.677096334427304,-0.222741128141729,-0.913786970583513,1.60333192308268,-1.0245020918608,0.0220452070437295,-0.940684674142594,0.484758940230455,-1.01692314354721,0.546589339675499,0.334970736976198,0.172105676221893,0.623590288019672,-0.527114316331261,-0.079214654387473,-2.53244529803097,0.311176714703215,104.81,1.0
21419.0,-17.4677100117887,10.1148157246654,-24.2021422329158,11.8054692105913,-10.1980458075926,-2.5799380080012,-17.6567879964837,2.25690247596699,-6.24214930949065,-12.8306571996417,9.44266526535108,-13.5474858999444,0.960728558325579,-13.0287170264518,-0.426674498701321,-7.65266166506753,-11.4853277896478,-4.72136957553102,0.550519004149565,1.00151850195952,-2.32802441621057,0.940830319350178,1.29681706144136,-1.05510390359967,0.11179202805362,0.679694612203418,2.09354057112569,-1.42549145377361,1.0,1.0
19287.0,0.898614274555906,0.0338961928217827,-0.0832970050956021,1.25632616930286,0.554091347766426,0.702342332742405,0.155668231625311,0.196359735713541,1.16075853070591,-0.518258784764837,1.60634195106108,-2.52549252463935,0.16604677391442,2.42801187132929,1.16978778849113,-1.53234065001431,1.82223449304873,-1.96337314823919,-2.14918476797647,-0.252496771398726,0.0315107779491862,0.278743282855173,-0.0273367871876948,-0.708803342555397,0.393031704787292,-0.231544652581981,0.0116329946469164,0.00557910107223173,89.99,0.0
76867.0,1.08256623409747,1.09486151295003,-1.36702004784737,2.01255429562949,0.708142047645968,-0.807712094137058,0.151952109111841,0.158352530916403,0.00987228422733163,-1.92527812380296,2.60593702345612,-0.309218873424363,-1.76754891562268,-4.42919458671376,-0.171939794624445,1.05551393649543,3.9705869371836,1.76224857169611,-0.880812102847679,-0.135789404251701,-0.32528376499397,-0.734343617700577,-0.106725343342181,-0.224999064492694,0.569167327221417,-0.33503264926341,0.0891401408869493,0.11233722000597,1.0,1.0
67914.0,1.02371013011986,-0.797405016597583,1.68085869106148,0.51883098167374,-1.37889492057519,1.05040225683951,-1.29628418553096,0.545246420154836,1.61309506426159,-0.459676268531081,0.61980861845123,1.62188864504843,-0.0990929936055601,-0.984423540845252,-1.94617829591306,-0.537454562837491,0.49915719383719,-0.500991149153841,0.524368939702952,-0.066719274348876,-0.023976398572306,0.387197809927438,-0.0395165337250702,0.141580601981767,0.160479622524898,1.13948084743861,0.0161247782202183,0.00820433610561281,30.1,0.0
76265.0,-1.18642128078959,0.66759908564709,2.22016512364934,1.37548929133613,-0.95967796654821,1.2173321725808,0.0311456768796663,0.840866577118026,-0.499022082312792,-0.738690420479424,0.875560796401987,1.38132301706635,0.521525232521744,-0.0721709239546528,-0.602349206512883,-0.635395163738784,0.525226648548243,0.039089279258669,1.05393778926553,0.257718685429894,0.0825537745404464,0.170602402050809,0.115035259295977,0.0225063059726012,0.214566657634597,-0.250887493897667,-0.0142710266863288,0.0279880167017201,136.18,0.0
45501.0,1.00199171536791,0.047938380305255,-0.349001552412107,1.49395843665091,0.186938875230095,0.190965634380865,-0.00111210422593577,0.147140194715723,0.580415339651519,-0.792937990748917,-0.984171728067149,-0.567380064895921,-1.10559224967424,-1.38121354248053,0.405490421163411,0.279890165223202,1.1321602098483,0.0929929763441439,-0.298920455435975,0.016003673251105,-0.334417439439,-1.01431467260935,-0.128427315817252,-0.946241837638308,0.456090274720588,-0.453205972393371,0.0466270924243456,0.0646983543716214,105.99,1.0
33201.0,-0.181809405403216,0.710322751890951,1.7202459780146,0.37721156486259,0.322719204609606,-0.443411131973714,0.84840612476671,-0.47663682973213,-0.0452087709465104,0.328618104136994,-0.834822704762597,-1.20026667766804,-1.24643474469244,0.0551861536236712,1.63103622407968,-0.148064603513606,-0.350635482196965,0.0560982612990099,1.2269987044194,0.139710713819222,-0.286506809157534,-0.597744216576268,-0.100458937705809,-0.155307276235658,-0.560595392088313,0.148867321720621,-0.370655920093401,-0.311986336826134,0.89,0.0
55047.0,-0.756205748914171,0.479911633629638,0.839871416824546,0.117167717255357,-0.832776294172943,0.0374209436159137,0.679711183977809,0.532174966882733,-0.843102671480171,-0.67534012177996,1.56045013006356,1.06551048810841,0.193282499340067,0.662701389389199,0.303533395258562,0.300162581301169,-0.209032054751216,-0.298548661159631,-0.234432332020145,0.197427262786973,0.0397011804170419,-0.386022883504481,0.684788329280104,0.174757498255786,-0.696297007004907,-0.0805550151557334,-0.146847933899986,-0.0164278858932401,190.0,0.0
56650.0,-8.7620833940977,2.79103028235041,-7.68276685719257,6.99121396498416,-5.23069545140333,-0.357387950702527,-9.68562145610769,1.74933494530821,-4.49567886484426,-7.86450647898838,4.77414774007074,-8.24589788162945,-1.33349186005079,-7.97425052332349,-0.39879894749855,-7.24434047432354,-12.7600939511044,-4.82474022298701,2.83699299496563,-0.460389538640294,-0.0905267878788197,0.34858962816605,0.0511323900482543,-0.41542987238242,0.219665266254896,0.330020364891881,-0.0282517554687547,-0.156270272972183,7.52,1.0
34687.0,-0.860826892469905,3.13178963278262,-5.05296813449749,5.42094070941518,-2.49414141557203,-1.81128662834635,-5.47911745062699,1.18947198655298,-3.90820579292615,-7.06074618169306,4.72997415443333,-8.62905440849263,1.17879796289388,-11.1820634139742,0.445243112696547,-6.53298227788478,-13.3892507167674,-4.48041256680694,0.432054206519352,1.0857595200589,1.19269353963797,0.09035581053399,-0.341880850908644,-0.215924151333767,1.05303194615504,0.271139003495332,1.37329957704625,0.691195095871691,19.02,1.0
55979.0,0.404938401171006,-2.07595592762298,-0.351240006310718,-0.111950546263817,-1.4770308586555,-0.700008329839772,0.292040293041874,-0.261265735968368,-1.05223335745019,0.579777512273713,1.06279444505979,0.471478196806003,-0.39329617814803,0.441124694390952,-0.642194390375604,-1.57280932610265,0.181860433913004,1.18538811137109,-0.403430719226498,0.464748661481643,-0.0942123157011732,-0.834826997705777,-0.41652811306926,0.593565713986705,0.179497306419068,1.01166786712954,-0.167822218097549,0.0737125166772656,494.92,0.0
28726.0,-29.8763655139763,16.4345245512223,-30.5586968214292,6.50586178736296,-21.6656542956569,-4.94035632949796,-20.0813910746494,19.5877726234404,-3.59149104711596,-7.80059820772759,3.94783971729026,-5.4879114860488,1.36994034924206,-4.82955244300835,-0.134412095441135,-5.12116240451142,-11.1181904509172,-4.65995586983801,0.608930080519071,1.72477883837961,1.81295397464878,-2.23225158753151,-1.41280344282556,0.178731069561437,2.15604185816706,-0.20938462411377,1.25564890085966,0.364530452975509,99.99,1.0
121238.0,-2.62892199481027,2.2756363708417,-3.74536934909195,1.22694819658893,-1.13296649495042,-1.25635309994595,-1.75241984877631,0.281736387178617,-1.7923429718137,-4.82077941422469,4.17609762346479,-4.61900987976999,0.742689541505504,-7.63696288811138,-0.197887605182768,-4.14039566725884,-7.60471483249934,-1.52450539738207,1.27132193138436,0.133106474791523,0.870729582435536,1.26947278909845,-0.265494007565328,-0.480548610900827,0.169665130870596,0.0960810570397914,0.0700362725602789,0.0637683649579152,144.62,1.0
85132.0,-1.91514535000735,2.07535837210308,0.0303565283101022,0.65816520544781,-0.223302142240998,0.956759236475071,-1.06135971241969,-2.11027721357457,-0.477067205388515,0.301838217603324,1.43646049179398,0.846587064160717,-0.776549465871083,0.979781396813586,0.848998042206246,-0.517383100490161,0.32493445790432,-0.261566534044478,-0.230200949034632,0.379810052326583,-0.993296160089694,1.19785037317121,0.199580302110875,-0.317457752188265,-0.53157143332901,-0.488448621958026,-1.78406453124779,-1.02224423568587,7.98,0.0
32266.0,-1.21799594447321,-0.677203380048981,2.49091483307362,1.02139867197848,0.651241204624309,0.859421700762149,-0.139117996445477,0.117435199636378,0.324720721132382,0.26053630819215,1.45286779098959,0.479914253254965,-0.511309934551975,-0.38836633961529,0.743951695300888,-0.659117044863957,-0.0272322014907795,0.0821916170306004,-0.010663168386819,0.204124266851205,0.277153174896121,1.15670808341397,-0.0472830095916669,-0.260895992427877,-0.40724973188784,-0.248500872560265,-0.284248781487459,-0.146037495763823,83.03,0.0
115691.0,-1.55027271502021,1.08868850191044,-2.39338766218981,1.00873271714408,-1.0875618874048,-1.10460238189499,-2.67050327670088,0.147654676391109,-0.978625549290056,-3.51413330486723,3.58604242366444,-4.05335784837839,0.862426024955809,-5.76582302154173,-0.507511029549388,-4.92186514350783,-9.56726769048681,-2.77297411117016,1.71709526842855,0.327490457262181,0.802316031461701,1.03710478869922,0.0958154204904633,-0.320190913384423,-0.0807306312824349,0.0910116872058309,0.0249284934943241,-0.0778199786198624,17.06,1.0
58199.0,0.340390790889508,2.01523346310003,-2.77732956104823,3.81202413104427,-0.461729071578821,-1.1520219714746,-2.00195866818811,0.548681056661142,-2.34404166261939,-3.07669858515182,3.55473755027372,-3.96968929955842,-0.932183689489454,-5.87606732124924,-0.0667394504128529,-1.49528077472825,-4.42475717388751,-0.619323237398381,-0.231198386269899,0.326772803133095,0.29976881646527,-0.583282924090166,-0.187696049565752,-0.329255753153177,0.732328138266652,0.0580797142765515,0.55314334331356,0.318832445723953,1.75,1.0
93853.0,-5.83919161928092,7.1515323543223,-12.8167600806187,7.03111476501099,-9.6512721679897,-2.93842725771624,-11.5432071690832,4.84362653179436,-3.49427572506535,-13.3207888671784,8.46024444901677,-17.003289445516,0.101556614891384,-14.094451660329,0.747030766392512,-12.6616957230679,-18.9124938172188,-6.62697484523061,4.00892074227194,0.0556838813863639,2.46205591127559,1.05486518382957,0.530480596078193,0.472669814042592,-0.275997967880675,0.282435024801752,0.104886020210564,0.254417096767513,316.06,1.0
76164.0,1.05111423782084,8.98087642412525E-4,1.55278079677488,2.75649436669265,-1.02579709811307,0.381926204594877,-0.771208832131672,0.4437415007652,0.309302013005983,0.666106842330027,0.373348096920621,-0.220725492578533,-2.54821735811434,0.161554986044698,-1.35616150718409,0.587970944723244,-0.236969369008193,0.272119685967318,-0.381313617129752,-0.314260170670311,-0.16123293366877,-0.407474059379978,0.10216281313381,0.470583587969462,0.182394926899033,-0.114023093349434,0.0232313840465081,0.0214330363523175,5.32,0.0
43852.0,-0.737355117231447,1.08626852368234,1.46788796700356,0.0946843773654268,-0.181868226707833,-1.28595039581151,0.668911343577694,-0.161566394882175,-0.237245431455447,0.0557273488017972,0.0562541754016673,0.424344511192045,0.607987901095413,-0.0478076146411445,0.622729511619724,-0.14025939886647,-0.249081318302809,-0.26777608528685,-0.382685912635044,0.22616904854616,0.174722632801848,0.76343107226199,-0.114325626274142,0.980529414107082,-0.289044795346931,0.348104680287579,0.480488576634178,0.28462098268996,8.9,0.0
41870.0,-20.9069081014654,9.84315322329519,-19.947726046163,6.15578864849515,-15.142013159868,-2.239565648142,-21.2344631540976,1.15179506554623,-8.73967037069304,-18.2711681738888,4.67734929657245,-9.58356643737056,1.03516582361622,-8.19969002891841,-0.32651888245129,-8.37643882097816,-18.4854603221489,-7.58997395860914,1.1266403652792,0.396654845079575,-1.97719619445615,0.652931885295435,-0.519776859411322,0.541701730134149,-0.0538607606750096,0.112670774311131,-3.76537100922261,-1.07123831223447,1.0,1.0
91407.0,-3.95120850670532,2.88180518239049,-6.42149029451106,2.43418142416554,-1.32732453838007,-2.12210598673342,-3.2275333300383,-0.68556047558208,0.775985124963588,-4.72309174576035,4.921657447038,-8.75277008726404,1.52019774197935,-8.5520227319441,0.351975957711389,-4.5340297530839,-6.46540863418339,-1.89030997911689,0.174840185624481,-0.669351428982036,1.41047856462921,0.279402820830601,0.570821171370176,0.65627101478476,-0.298600548903483,-0.407571358894306,-1.37870253026193,1.37913029153249,52.69,1.0
102114.0,-28.2550528932108,21.4672029942752,-26.8713387797136,11.7374361361796,-17.9996302850189,6.0659013519233,-41.5067960832574,-38.9872627434095,-13.4340663182301,-24.4031849699728,3.40932261990014,-9.60826735632918,-3.07631796817408,0.240060357919937,-2.83667693195872,-6.594756991638,-12.9575309948449,-5.61352195004329,-0.248828402209821,10.4407179813405,-21.4537362781468,8.36198519168435,4.90911112135878,0.0983279449493119,-1.50873912052995,0.00871129047841733,-5.4078236392388,-0.183811044930697,0.0,1.0
28625.0,-27.84818067198,15.5981926625554,-28.923755945104,6.41844174657532,-20.346228155413,-4.82820246578157,-19.2108964179086,18.329405525597,-3.66873493861418,-8.00915938639777,4.30309581759563,-6.00866000668561,1.1389688287939,-5.58044712038062,-0.11073711578577,-5.49107326163426,-11.5885435992809,-4.71542017123115,0.734573493016404,1.69785626318366,1.8021491336386,-2.06293427611466,-1.26984343615924,0.165409188492223,1.99949911253199,-0.211058522431997,1.32480949279508,0.388090177732107,99.99,1.0
7891.0,-1.58550536691994,3.26158454822833,-4.13742198305023,2.35709625199132,-1.40504331370135,-1.87943719306477,-3.51368687087654,1.51560674568816,-1.20716636120056,-6.23456133227108,5.45074606689486,-7.33371406736393,1.36119332407831,-6.60806825219469,-0.481069424899829,-2.60247787045261,-4.83511205239717,-0.553026089102902,0.351948943356815,0.315957258937511,0.501543149467536,-0.54686881157389,-0.0765836358993043,-0.425550366841581,0.123644186352002,0.321984539336613,0.264028160503965,0.132816719764592,1.0,1.0
84603.0,1.27283606127384,-0.290232504800532,0.779602757897458,-0.818584533690141,-0.951337379119219,-0.597189743505657,-0.516631471449758,-0.0635037129106004,1.70406371199671,-1.10684591405406,-0.599845958799416,1.12120174357578,0.959389568953257,-0.356895953175447,1.19556582808423,-0.381704483567428,-0.329044771363621,0.189906430255936,0.685083312800537,-0.054039966764283,-0.0251867375019892,0.224913010701275,-0.0913379699942583,0.0748918008179833,0.579866258835579,-0.667435842723811,0.0993060629858967,0.0336647994444265,1.0,0.0
44313.0,-0.492571233974465,0.995228068902597,1.66486285725519,-0.00102859987666486,-0.0566703300786556,-0.596895806609444,0.6747881944029,0.0401794432593769,-0.446648970108414,-0.368591636211006,0.138312342979655,0.216967978785826,0.0985970834867313,0.162460414686487,1.06093103037875,-0.194113987985295,-0.00497420128263562,-0.92198100296218,-0.470710122039287,0.0824408976421294,-0.172225002384626,-0.408987221587161,0.066369988406679,0.383846189681582,-0.302113764567187,0.0799294431706155,0.280167972276878,0.121811952807432,11.48,0.0
94060.0,1.98485193537761,0.297597067209422,-1.9470419228034,1.2722465891927,0.896745560338986,-0.790767998894256,0.630065670432611,-0.368862789461697,0.932424865926525,0.189420942940946,1.74712648218744,-2.15094898781907,0.593937105405922,2.64378128484621,-1.1741898382509,-0.259965682146692,0.108468252522767,0.490234461760138,-0.305195717591406,-0.282111646586039,0.0799011290585035,0.418061742877365,-0.041185643733229,0.691807390468782,0.485018855112745,-0.510547830600097,-0.0844761742207204,-0.0722255892748832,36.0,0.0
97121.0,-17.9762660516057,12.864988563015,-19.5750661905691,11.3451198184298,-13.9986456031027,-0.35489996091484,-23.7834698823143,-4.87235340557097,-8.50428479375643,-16.6011969664137,5.56925817499418,-13.9322487527403,-0.204854827407058,-7.58102324741972,-1.01361239001659,-9.01481328062598,-16.0920320589503,-6.05014766257303,1.66102935873752,2.41992113013135,-4.30043186631826,2.8657718597682,1.48930201538756,0.386039288843108,-0.232391836340479,0.413826703027495,-3.25598090607432,-0.538963227046118,8.64,1.0
85573.0,-1.7567118508365,3.26657425418237,-4.15338789695403,3.92452561357555,-1.7537718434176,-1.0057867792296,-4.31321717578502,1.56071190324579,-3.29567366751075,-6.2133552491157,4.52299197543382,-6.6528440527591,-0.12468523386066,-8.60448620191387,0.110359314846888,-5.94548061159606,-9.33893779428438,-2.39019258818085,3.18415235636348,0.874720103498016,0.911427441871296,0.0530612807310541,-0.367700953962814,-0.776337755840596,0.292093831084717,0.025999713844171,1.0629681996854,0.501148168228208,1.0,1.0
8886.0,-2.53585211738111,5.79364414692454,-7.61846283574893,6.39582974649419,-0.0652101046678037,-3.13637196409103,-3.10455736262141,1.82323263760971,-3.87865758023391,-7.29780335001461,7.07166913682445,-10.001046368327,-0.207934540884304,-10.8606980453666,-1.69082504118249,-2.36085672411086,-2.76009701528795,0.29810341564323,-1.38555780172735,0.408704184487524,0.716719907055995,-0.448059938458541,-0.402406878680357,-0.288835222564699,1.01175223958707,0.425964621387216,0.413139555823146,0.308204656968305,1.0,1.0
44393.0,-4.61746102917986,3.66339525318756,-5.29744641020372,3.88095965427288,-3.26355091342907,-0.918546733700683,-5.7152620778107,0.831039550183167,-2.45703377841015,-5.72681709632961,3.52572598717089,-6.48911156043177,-1.01279063167124,-7.05231095228929,0.78444540329242,-6.77397674966222,-8.58807007314333,-4.51089174541971,1.14787783834912,-0.34645583270524,2.69817489528664,-0.0270808907137453,0.366775230313112,-0.123011441662663,-0.300456526768528,-0.239996239629945,-0.183463054061235,-0.0733597031884566,1.0,1.0
33960.0,-0.896417556296906,1.19195068270845,1.58238405636816,-0.284955020992244,0.130084938780366,-0.208225509110635,0.750122315398413,-0.010985014923864,-0.178652044591121,0.630508550668044,1.87975444423799,0.840474719915492,0.0962456069411749,-0.0164279771129429,0.423167854177642,-0.0882025456699125,-0.427633149645275,-0.459639988929282,-0.189784373276308,0.408894919152596,-0.246863306688658,-0.330104086585537,0.00740548294182847,0.204153974562184,-0.237057840900812,0.0510723197101904,0.327513392302557,0.0198639736287817,12.96,0.0
25198.0,-15.9036352020113,10.3939171427504,-19.1336024646827,6.18596883540498,-12.5380209157442,-4.02703044708406,-13.8978265981985,10.6622517826007,-2.84495398482036,-9.66878891236125,7.39441941053863,-11.6356300484755,1.42327692545531,-8.64045910049478,-0.674719538892936,-7.69556878829619,-13.6841395944616,-4.77740603940726,1.26834277321029,1.50156541071894,1.57754822493456,-1.28013712313136,-0.601294526869194,0.0404039214626868,0.99550197117886,-0.273742711729157,1.688135896398,0.527830799573719,99.99,1.0
47633.0,-0.942060952932389,0.416285381568556,1.79922294789751,1.29480442115983,0.344038792070216,0.400552382243421,0.58557293315563,0.247803369537391,-0.80023567081314,-0.286576564188895,1.0661057636638,0.668463423418977,-0.450158022710211,0.300224346758896,-0.344430962399476,-1.00326732579921,0.444368280553696,-0.112358781893194,1.10264198355824,0.284932487858549,0.0788547375974302,0.168437345892489,-0.0939318720433732,0.0309615407146877,0.458985795770994,-0.150847882506276,0.0627624399666419,0.0743082516417121,85.0,0.0
113425.0,-0.572806467829349,-1.65240885869187,0.169124312876505,-1.73724993823267,-1.74114195401523,0.36910652994911,1.21248446386485,-0.208671720333186,-2.4931241030921,0.708056215622462,-0.9467410156394,-1.34099450012839,0.453946140202626,-0.241484792533968,0.464757555173213,-0.723381356502163,0.7075169577502,-0.0652349811679748,0.857721909604665,0.810804398485942,-0.234653315594239,-1.16020000003246,1.40702360257458,0.522629592024417,-0.96203974090147,-0.631404056869259,0.0597174639857705,0.245100050965345,463.34,0.0
94009.0,-1.14309073477007,0.519549589929357,-0.0658103084566807,-0.849518197670923,2.64076370078887,0.368162015964397,0.403278357638702,0.0860831777434604,1.11103621152918,-1.51201707313158,0.673923613220939,-2.12645119480397,2.25072526359424,0.335262898442467,-0.538976462345581,-0.381403526413409,1.59966183055717,-1.34115742936255,-1.76259947686385,-0.489090020131885,-0.379797471251977,-0.636811098523663,-0.150418660405105,-0.67456459374107,-0.726297891580712,0.0604080218325272,-0.0243488797773616,0.152953833453905,1.29,0.0
86376.0,-0.670238130057305,0.94520635153406,0.610050626297701,2.64006508673377,-2.70777462644103,1.95261056051566,-1.62460819938343,-5.22990786160988,0.21020202822781,-2.06990438955593,-0.529805728295342,0.999716276092526,-0.0861120244186652,-1.50855714024168,-0.450669492347937,-0.328387382736473,2.27027117814029,0.709666017682026,0.913175997078955,1.4749287568126,-2.50445018690737,1.43647237841825,0.351542386126581,0.648466904268149,0.579681417358758,0.0757375933335965,0.346717084034013,0.282208626038179,323.77,1.0
75302.0,1.213107325373,-0.396309525780363,0.558727730790694,-1.45564735834352,-1.06427291141006,-1.06227793966129,-0.371184815715822,-0.111184683111783,1.10909119263606,-0.902251784086501,1.85971197641121,1.68757164383592,0.664271726392137,0.219931088023718,1.16340292027043,-0.168945091167369,-0.480006732895241,0.566234695903511,0.721242573035457,0.0136658912613069,0.23392320112552,0.777402034896649,-0.127534933912118,0.621248704256282,0.488358568423366,0.0706569692021653,0.0176981535174845,0.0152593820694828,23.29,0.0
22400.0,0.898614274555906,0.0338961928217827,-0.0832970050956021,1.25632616930286,0.554091347766426,0.702342332742405,0.155668231625311,0.196359735713541,1.16075853070591,-0.518258784764837,1.60634195106108,-2.52549252463935,0.16604677391442,2.42801187132929,1.16978778849113,-1.53234065001431,1.82223449304873,-1.96337314823919,-2.14918476797647,-0.252496771398726,0.0315107779491862,0.278743282855173,-0.0273367871876948,-0.708803342555397,0.393031704787292,-0.231544652581981,0.0116329946469164,0.00557910107223173,89.99,0.0
104778.0,2.01378622988718,-1.80329077464073,-1.93622058485669,-1.76335182948784,-0.0156346733697085,1.30872624147727,-1.14205439695705,0.1127455741265,-0.32455372569835,1.29965154559895,1.38215850484778,-2.88661041901097,2.08805204310788,1.23942087534929,-1.51148819858911,-0.517465880585475,0.95139324390112,0.998367247590757,-0.155164391619719,-0.018640047332739,0.0955212033578322,0.548113130833043,0.0045236459686443,3.0456778823624,0.161890488835112,-0.028802408489138,-0.0808540516095045,-0.0208880704105862,176.5,0.0
60100.0,-0.692778971101832,1.39909480802855,1.99248280915129,2.53166899699518,0.760432848364169,1.70113638046871,0.45016750984209,0.39622864938167,-1.14538903242341,1.17486541878736,0.881141144077558,-0.0546968526276798,-0.0656807062453831,0.134733195152762,2.39799553179731,-1.44400312713712,1.19115266705664,-2.19438297880699,-0.848958817201347,0.313959654966294,-0.137873137392233,0.0792005432806361,0.137436764344947,-0.684490178846587,-0.748134089601208,0.0446985548154841,0.397253669085875,0.0274544619167493,6.35,0.0
28143.0,-27.1436784229495,15.3658043803315,-28.4074244550982,6.37089534679314,-20.0878775718571,-4.66631306343841,-18.7094788213717,17.9035743750222,-3.72227873753244,-8.12096173759343,4.41994345577668,-6.21094112120869,1.06383739513242,-5.84352838067721,-0.108836449172905,-5.60659732565665,-11.7562556050179,-4.71494676131661,0.783577593799492,1.70388764553958,1.79682638880552,-1.96097371657716,-0.90224745220798,0.144011442167384,2.02438803943008,-0.204214065769385,1.33215305903359,0.385890728011147,99.99,1.0
59725.0,1.28371933676519,-0.312954482060354,-1.33147057937792,-1.0469713080009,1.92448518838795,3.14237682085772,-0.52835095372475,0.743205513775511,0.0401203460613435,-0.0715292789959027,-0.0485987028100194,-0.0156731776839282,0.0577957588818961,0.385365812762899,1.24004979585026,0.560296694676244,-0.805354376269003,0.0627975331994263,0.314579385174895,0.123245157297652,-0.0153283015190048,-0.235983470682173,-0.113282835307488,1.08530295309478,0.528777008406497,1.08210404190783,-0.0888238575303988,2.93764332061172E-4,38.67,0.0
63491.0,1.02367605259488,-1.42751195289033,0.401894511975198,-0.534724964878842,-1.51601847816037,-0.227786771390031,-0.861171587066096,0.167104852568633,-0.218034679568301,0.695384256716853,0.445066258852719,-1.27305590033161,-2.49760050679352,0.235845129053188,-0.230511248280155,1.38844076267886,0.21833322956376,-0.392562819732092,1.01246503515371,0.268731682252876,0.270699269762247,0.274102591325831,-0.246568146927022,-0.0227235403428532,0.368428833488178,-0.147855670911254,-0.0268859576447301,0.0300453347644197,184.27,0.0
54563.0,-0.88709175657189,0.706837962028629,1.7328316063305,-1.31053787974417,0.0219802770633811,-1.09566323723383,0.82305773281642,-0.285653877427404,0.262423734160184,-0.21971475045641,-0.294707528306177,0.125415636269821,0.446795349384581,-0.421215890262281,0.515225664616525,0.483525188729759,-0.818186170056118,-0.440202912843504,-0.710092248123343,0.282410600484588,-0.157042089913109,-0.151963980247702,-0.0461424681266479,0.435568620008116,-0.284300740602378,0.694813899424112,0.200106429342121,0.0383606735298912,21.62,0.0
28726.0,-29.8763655139763,16.4345245512223,-30.5586968214292,6.50586178736296,-21.6656542956569,-4.94035632949796,-20.0813910746494,19.5877726234404,-3.59149104711596,-7.80059820772759,3.94783971729026,-5.4879114860488,1.36994034924206,-4.82955244300835,-0.134412095441135,-5.12116240451142,-11.1181904509172,-4.65995586983801,0.608930080519071,1.72477883837961,1.81295397464878,-2.23225158753151,-1.41280344282556,0.178731069561437,2.15604185816706,-0.20938462411377,1.25564890085966,0.364530452975509,99.99,1.0
54846.0,-2.98646550822273,-8.91229481688474E-4,0.605886830263541,0.338337780759695,0.685448451171472,-1.58195443740193,0.504206377175919,-0.233402618007887,0.636767742518801,1.01029102209398,0.00451796796642434,0.0443966388940644,0.420853062352676,-0.931614224984722,1.14797368277192,0.48306309357216,-0.152470829644753,-0.285666258848129,0.0725498490088206,-0.764274258309323,-0.875146363670133,-0.509848660993286,1.31391790371009,0.355064731381086,0.448551563224067,0.193489780350156,1.21458768687535,-0.0139228973515758,1.79,1.0
70229.0,0.315641749332386,1.63677796226183,-1.51964988293973,4.02857099852445,-1.18679426720391,-0.789813099852487,-2.27980740468004,0.472987926704315,-1.65763500271185,-2.89499040084744,1.60198538284757,-2.82494562476694,1.26920363552044,-5.59136368933409,-0.974827287131074,-2.73779549628906,-4.9615343155062,-2.22479740778771,-0.136117269757132,0.388884849068478,0.345920750226663,-0.1080015945344,-0.165441941824109,0.279894580016653,0.808783092569154,0.117362632970147,0.58959490284462,0.30906407378289,3.79,1.0
109847.0,-0.0281109788624765,0.754596580623788,-1.60203346110258,-1.11692222376493,3.25904880053597,3.4293309993758,0.144814428864562,0.802086136260438,1.34215000490333,-1.58930036300656,0.916413046128601,-2.78549407897479,1.09350665790747,-0.199066449419032,-1.1664806753116,0.028083645675751,1.77120920873326,0.467394675073514,-0.64130529624523,-0.138434260176143,-0.0947525575168443,0.0493918255433131,-0.183967890363536,0.564332205999487,-0.167480814058971,0.53370412509764,-0.105430003159196,0.0493847584582398,6.99,0.0
11461.0,-0.550479806488457,0.384031363121916,2.11770311408504,-1.59990857004958,0.980970371991076,-0.0829776603916621,1.37678410049389,-1.20578231188102,2.11663994821856,0.386027616684451,1.74997027588713,-2.9809098243475,0.825835620876989,0.518550507085169,-0.690912698160971,0.649896762134661,-1.05344724187048,0.600988735186153,-0.348278449596578,0.0429894750721532,-0.399312441229329,-0.305966219972076,-0.371825492335834,-0.537046935288222,-0.650562098828271,0.468487314720411,-1.3482197937831,-1.00420882517233,27.28,0.0
52744.0,-0.55625280250703,1.1570037510064,1.69335373201188,-0.0755053300791152,0.0978029532234961,-0.852698311474095,0.836177428922567,-0.138653107124852,-0.652078292748691,-0.387268945715328,-0.196176527510411,0.61025823898999,1.3086482976326,-0.0950495940609495,0.705220526067037,0.112787565099468,-0.456907170064375,-0.493136879960513,0.0441512540623849,0.204843156664022,-0.196980892578911,-0.455245049789659,-0.049714548279304,0.416505069158179,-0.194499082416342,0.0639500341742726,0.31464579286508,0.180929017676628,5.98,0.0
40276.0,1.15937314510686,2.84479469928473,-4.05067950821309,4.77770088131929,2.94898004123771,-2.01036111013216,1.74408581794948,-0.410286521869204,-2.45019774688553,-2.04216786301424,1.84409317018026,-2.42593281501277,-1.5842751343556,-7.2083115791564,0.459828383286257,2.37529619792022,6.4435098643744,2.59184606301795,-2.88977035831304,-0.059264385833904,-0.176541018596848,-0.433469859425429,-0.529323202003731,-0.597019604985794,1.33595405267787,0.547092070642555,0.00997894426391215,0.160769150049196,1.0,1.0
37077.0,-1.84756889544203,0.918141705710169,1.35948615190088,1.51800750305616,-1.2241636402831,2.03249883726153,-1.80664273815644,2.03027699605712,0.126125353536938,-0.952123945269775,-0.175626218395279,1.36873568001862,0.693444372681923,0.252283427335142,1.30584128490338,-1.25760868974472,1.80733989549426,-1.37184051034754,-1.05696202307133,-0.420410875273387,0.640321598825765,1.79485403929162,0.140150464367873,-0.575426932912181,-1.08126629108264,-0.0955477407047433,-0.258622801051435,-0.0292188614188676,22.88,0.0
100298.0,-22.3418888868038,15.53613332478,-22.8652284959099,7.04337354768731,-14.1831291919342,-0.463144880408286,-28.2151120538009,-14.6077905214735,-9.48145633401495,-20.9491915543611,4.73958247105186,-11.9249546896802,-1.50141102577851,-3.83678146634435,-2.72032883823594,-8.88010567222989,-15.8251362851177,-6.75042522352437,-0.129188144339879,4.10001904830367,-9.11042257588182,4.15889482041313,1.41292844456256,0.38280067392155,0.447153952515532,-0.632816336434319,-4.38015425911661,-0.467862869164174,1.0,1.0
41607.0,-18.2475132286673,8.71325017095966,-17.8801268207974,9.24945923683651,-14.5412125237225,-1.91156359308197,-18.0146601306809,5.52216218981207,-9.28392451240577,-14.5571590528859,4.39243558567834,-10.3800731219167,1.61182090128819,-6.91763950579126,0.158841037400664,-10.3282423879882,-20.2545556896053,-8.53452256380618,3.25653448060821,-0.526368288315335,0.598842606268504,0.615318868165234,-0.486498927270445,0.739268468431111,-0.236844752247958,-0.0460816699541002,-3.01147328474912,-1.02214746628442,53.95,1.0
70828.0,0.196706751987779,1.18975728641634,0.704882217511495,2.89138777331251,0.0455553693851548,1.24573045976205,-1.19871420021049,-2.42161641083942,-1.23208864617238,0.324238886093679,-1.27393508028395,-0.868686295319925,-1.18194465496857,1.0275841718551,1.68813234484864,0.256215978185418,0.120608339589106,-0.0523460171330233,0.329826631850516,0.646616407050903,-1.32813178943378,0.189310618105111,-0.00552418359572104,-0.814707739467747,0.400924279960331,0.286281378755055,0.135214945600326,0.257314769060283,0.76,1.0
8808.0,-4.61721720415581,1.69569365346656,-3.11437220079491,4.32819855298178,-1.87325699086527,-0.989908135538263,-4.57726462658038,0.4722161584519,0.472016953377646,-5.57602263642415,4.80232276125089,-10.833164469314,0.104303875698575,-9.40542306160986,-0.80747786866047,-7.55234220350747,-9.8025617903912,-4.12062883466552,1.74050729036196,-0.0390459343384186,0.481829697240067,0.146023056445948,0.117038527549065,-0.21756459883966,-0.138776043706563,-0.424452881068275,-1.00204142597227,0.890780287970655,1.1,1.0
10434.0,1.17235932496959,-0.0341912965028536,0.827029191624388,0.190619923885185,-0.722373448957356,-0.69467442802682,-0.342251588841773,-0.132908693570274,1.66109664864567,-0.637377043710165,1.22465338129047,-2.12282894721908,1.63252456895032,1.63096662236028,0.751634294024515,-0.00522410456439609,0.770496752815994,-0.688904022228337,-0.664033509158988,-0.105408663870783,-0.221080417797277,-0.40194987955507,0.157342247311188,0.388637019439392,-0.0335182747752159,0.873427091605307,-0.0855446260210942,0.0069685100108844,26.84,0.0
40918.0,-3.14025953779538,3.36734230912012,-2.77893140701488,3.85970067435928,-1.15951836286203,-0.721552487906327,-4.19534154281433,-0.59834584749232,-2.87014477203106,-5.29061006200618,3.82376208408163,-7.49227616878309,-1.52436747989794,-8.52767862203589,-0.391214524543396,-6.18087991000233,-9.6988394108884,-4.81823334077503,-0.871581688476025,0.0777814455070256,2.45233850455703,-0.292962575086153,-0.189330326319261,-0.166482104307702,0.0380396237066075,-0.0154765350217125,0.776691265853111,0.397557490298277,0.76,1.0
63541.0,1.57252492678397,-0.900418832836817,-0.505869177800658,-1.63616257544159,-0.724244512745322,-0.575838450763823,-0.602231080543514,-0.191884136575363,-2.31349377756606,1.68338099715982,0.395099118152826,-0.828911498622548,-0.153262839050113,0.233459812118846,-0.301411433565026,-0.311446643584979,0.148678896069369,0.583779063420506,0.478913773574849,-0.341308478095226,-0.180856971287355,-0.180323217509828,-0.190527736216994,-0.514824619926582,0.741095635003863,-0.0473077749246086,-0.0119946596684626,-0.0130572396786896,15.0,0.0
59503.0,-0.467447908742149,0.933324168600549,1.42768112869523,-0.211555172864612,0.11439809497236,-0.367745692659938,0.643296479108499,0.0962202900868183,-0.641357073581768,-0.156349913867613,1.01026515862395,0.539813442707163,0.0295776414939434,0.316762740361245,0.170545593644245,0.492292773237484,-0.765231528289363,0.253669032782854,0.422753092464194,0.157992241559975,-0.187190933364875,-0.542478952443448,-0.0354643254536818,-0.0173480562050782,-0.172668470768887,0.0734937607942656,0.255236106765794,0.108945776182568,18.69,0.0
48884.0,-2.13905055735992,1.39436766175691,-0.612034894995233,1.04932705568948,-1.1621019076536,-0.768219363115428,-1.99723740081007,0.574996543366778,-0.98083177624058,-2.49561924548174,2.5555891530874,-3.53043627008024,-1.01623381526368,-3.45519657744236,-0.0563633864076254,-2.46773703008032,-7.14032596614864,-1.27128002161365,-0.00172192354163427,0.0254265126136498,0.696954881120808,0.740003045389771,-0.15511524943514,-0.0506074460808317,0.268368293338874,-0.469432841163864,-0.405813768055179,-0.152170846988601,19.73,1.0
18690.0,-15.3988450085358,7.47232389650112,-19.0269123426632,11.165525840514,-6.89385628014845,-2.12093657486019,-14.9133299850456,-0.721214094320184,-7.1750966153358,-14.166794659606,10.2777688628065,-14.9854337328686,0.345179234077653,-14.6663889726541,-0.346352541965346,-8.33324249555463,-12.6025964553952,-4.87668342078337,0.604625910708604,1.11150221461014,-2.44488368228,0.727495341024629,-0.345078151264077,-0.981748551471828,0.995271346300177,0.816761717958274,2.26294237384391,-1.17806316323334,1.0,1.0
45874.0,1.236047965847,0.1718202118611,0.390944377322013,0.431623588786259,-0.280148334158772,-0.484082080700396,-0.0563835105915197,-0.0286759693778627,-0.167294363977494,0.107488500706642,1.16186208872241,0.861590310768707,0.121736879022554,0.449874574408639,0.373845032089549,0.602724255555646,-0.783124506345689,0.0806424622394113,0.294335871932421,-0.0777671564628335,-0.227834178264953,-0.706986311255333,0.0836472529867907,-0.00645295182997631,0.224576240887917,0.0977508930475757,-0.0348065497113554,0.00554838972182537,3.99,0.0
118185.0,-0.958830312161312,0.21095921278776,1.93070289509022,-1.23570633771372,1.06816206949459,-0.121038455581432,0.43788239349429,0.0313659917191401,0.41575371034929,-1.03267630687543,-1.35275865424119,-0.638496584341939,-0.733107262154573,-0.168859959443294,0.638286357922382,0.545978935569958,-1.05592396100473,0.172796069317376,-0.601454769017673,0.0233268550332067,-0.198236172516928,-0.637191283376121,-0.259217382107478,0.195099523128918,0.455433641706997,-0.604339319606851,-0.143237969309317,-0.149226909091999,1.18,0.0
41170.0,-6.49808616880785,4.75051466030858,-8.96655783136602,7.09885431317009,-6.9583762227814,-2.82212618665779,-10.3334056561063,4.03190730189525,-6.64877821018697,-11.6344144245911,6.87757089846463,-13.6976856184689,0.463040401836978,-13.0441824003561,-0.309229265664683,-12.3175797238757,-24.0190985475902,-9.33519307905321,1.95189049542104,0.568338010653019,2.15814308370257,0.1115103626317,0.216413836254987,0.584661255488016,0.760359507805524,0.0819723426822078,1.41506751068321,0.0351241448009389,83.38,1.0
52777.0,1.35288020002682,-0.518323653662108,0.0905421447264339,-0.755191384042987,-0.783502062469451,-0.621558569514353,-0.399152764306301,-0.128508410643229,-1.18538413173013,0.85792780258496,0.914602986335592,0.444008893462634,0.338756202430137,0.320353717063225,0.1639470855341,-1.03978395084244,-0.388524698069968,1.46919644423495,-0.351535539285467,-0.416513819575407,-0.346064924070212,-0.578996746531238,-0.0233599876409882,0.0484409680488837,0.285338810760423,1.04090637268501,-0.0726702604050661,-0.00563432258958238,25.0,0.0
31771.0,0.979079316430847,-0.413319328881468,0.63853307001903,0.800878283523627,-0.746675597605783,0.00404464899219626,-0.322761414942537,0.265531418867714,0.537519005518694,-0.0619735631692384,1.12484100836578,0.309894100079015,-2.085484111757,0.521955383402297,-0.381666383902437,-0.24178233006009,0.21233634313417,-0.493854463037287,0.0645674135169172,-0.120243069213194,-0.183688799813924,-0.624122687539242,0.0775730861330347,0.191645098210151,0.11439972076168,0.179201057640078,-0.0287673596214715,0.0141563140895092,79.95,0.0
18399.0,-14.4744374924863,6.50318451651946,-17.7126323688621,11.2703523334822,-4.15014206409808,-3.3720982088695,-16.5358068114174,-1.4439469925952,-6.81527289964437,-13.6705451263516,10.5452629545898,-15.0226996343749,0.171633085144947,-15.0663743633461,-0.259575939555838,-8.6687392723375,-12.8041408991277,-5.11662049533788,0.579200358016368,1.10124987016838,-2.47596222945688,0.342390706034285,-3.56450803816097,-0.81814019000188,0.153407682695978,0.755079460824454,2.70656616161759,-0.992916047059418,1.0,1.0
77467.0,-0.28430171545759,1.01611093292149,1.37001917131522,0.534849725360926,0.272203528528957,-0.886905444965579,0.834372934006822,-0.174548613189667,-0.643964273781708,-0.420683839189462,-0.461190061891833,0.156931147900313,0.432956502366552,0.177279459018663,0.654369757212049,-0.0668440309741225,-0.439221852030559,-0.0482371914741588,-0.233319742477641,-0.0441104000578093,0.110015022347064,0.329948927783812,-0.24207991644727,0.404500368250414,0.268899494187339,-0.370226068811892,0.0407992271520682,0.0282373199015361,2.99,0.0
19846.0,1.16548510574347,-0.430041789496677,0.880938813414314,-0.748765001191208,-0.8049447889479,0.191925991023152,-0.887000687079406,0.230580496016476,2.97191965527473,-1.30934450224665,2.01418916172148,-1.47829255510068,0.842127315692324,1.63518720515518,0.18961836520411,-0.437220599715286,0.536692790626568,0.704199877884084,0.409017001940715,-0.20254877462486,-0.106716235623019,0.130446838175092,-0.0484378692365993,-0.364178651185369,0.389897666634286,-0.691347565762059,0.0724482834433223,0.0123235876927402,11.85,0.0
31320.0,1.33638735391926,-0.452236950901362,0.478137363686384,-0.714976197942622,-0.829372829575126,-0.593703118042896,-0.490548888679462,-0.120564831198595,-0.940156091590707,0.539371761699176,0.178609139287728,-0.0628560339904399,0.873099567128153,-0.227005788344303,0.950644016623973,0.874897845934392,0.476098262464875,-2.19039448761934,0.280363706873492,0.114501910208601,-0.0920355151220223,-0.362254692568394,0.159252024980305,0.0751888292143222,0.1686548381879,-0.491503444730916,0.0243303697285756,0.0229546641617643,25.3,0.0
51112.0,-9.84877583247984,7.36554648639464,-12.8985382309124,4.27332307326376,-7.61199101126967,-3.4270452374345,-8.35080815251842,6.86360392236365,-2.3875673251028,-6.06578236274727,2.70785640511515,-6.13603446645473,-0.545976095807375,-7.02898027290706,0.916068574603162,-4.09288449351717,-7.01462170672071,-2.5309672589153,0.554027499068527,0.832398066019608,0.931958309450931,-0.87446736131737,-0.192639469446569,-0.0354260265633338,0.538665050436448,-0.263933516556866,1.13409509350836,0.225973163975667,99.99,1.0
94362.0,-26.4577446501446,16.497471901867,-30.1773174564996,8.90415677106517,-17.8925996927224,-1.22790388102871,-31.1973285494605,-11.43892041491,-9.46257260540015,-22.1870885620007,4.41999660154863,-10.5923050053728,-0.703795803703315,-3.92620731586873,-2.40024649210124,-6.80988994039049,-12.4623149481086,-5.50105078380738,-0.567939572890149,2.81224110932946,-8.75569832116533,3.46089334478551,0.896537503959012,0.254835536763482,-0.738096558530353,-0.966564233789852,-7.26348214633855,-1.32488430656137,1.0,1.0
11092.0,0.378274504006009,3.91479678866992,-5.72687201536627,6.09414095882864,1.69887526405022,-2.8073139468834,-0.591118212837213,-0.123495593086659,-2.53071281390832,-5.15309460989926,4.65408842254301,-7.83953899762349,1.37181858033581,-9.63468971263612,-0.739596855842826,-0.663203945673478,0.891934540534899,0.978675639075006,-2.00547660274646,0.440439440893876,0.149895683076911,-0.601967245529085,-0.613724335539499,-0.403113687819411,1.568445255978,0.52188393400233,0.527937749881352,0.411910405834512,1.0,1.0
51928.0,1.42627929947344,-0.29128833173335,-0.234975110583383,-0.921451722626,-0.247796483755467,-0.183473799419854,-0.567885246365778,-0.0212307879501789,-1.09259023573453,0.366528367693768,0.874007477977372,-0.0162661025456157,0.985169839703145,-1.13325988501059,0.18416410212793,2.03034368548424,0.24371140510705,-0.385058271243073,1.19828697692126,0.203869192362329,-0.161682509830702,-0.581533522045202,-0.0519380294751183,-0.924085818427612,0.380792787638128,-0.42734106861978,0.0204359824228082,0.024080264743714,15.0,0.0
112102.0,2.13797540277725,-1.22877509403311,-1.73523308983852,-1.97303649753252,1.24123000688329,3.64546623235015,-1.66778240059701,0.983212323950832,-0.10081618197599,0.756442806589254,0.131991988852609,-0.395564353220089,0.203065781408027,-0.240637133887326,0.979880406482783,1.36272797225788,-0.101908350527402,-1.44994390982454,0.33406994589859,0.063617949632391,0.0554526631095435,0.0264388023436841,0.397405055502208,0.6821682633807,-0.466959252308209,-0.408504051177343,0.0350298167735334,-0.0440539979532199,14.0,0.0
84002.0,1.48474760188171,-1.01885017955763,0.848768204447881,-1.25402083134435,-1.93921433558528,-1.12821004942144,-1.12203886590168,-0.157155112607359,-1.65369167554822,1.43617756308129,-0.256175049066128,-1.11315078299867,-0.239945031935945,-0.219797969557637,0.807714869419643,-0.251366838445871,0.585231826379098,-0.104582240757999,-0.356999569721646,-0.38683739674336,-0.357417128457457,-0.706169323349459,0.230881457460628,0.633647055197248,0.064637309830199,-0.427301512960239,0.0394851964126682,0.031003002429585,10.0,0.0
57389.0,-0.11607080479591,0.397537327020003,1.7139374973649,-0.922229564174327,-0.587343836459886,-0.771956416945318,0.176399650338965,-0.212483390562407,-1.68854381811337,0.288885355676588,-0.0437782983142871,-0.0335882598078992,1.76968453092895,-0.524113896650434,0.730582762116841,0.77382169933529,0.389709152308591,-1.51451481149125,1.42761012137491,0.330036876700512,0.0395845215449392,0.0658233794337605,0.0274598961326868,0.419604948683305,-0.494685910903614,-0.462999491782439,0.157592304592765,0.151344448439152,15.0,0.0
32647.0,1.34145718142986,-0.625183446464155,-0.142835510489158,-0.670179102151905,-0.810154960977596,-0.957236141004492,-0.316967638274115,-0.0565200698795349,-0.666596605377201,0.682813059885829,-0.464464625402343,-2.10522385889343,-3.03707270293846,0.763121501980297,1.04773715211197,0.704908199351053,0.854640038732627,-1.96768326454272,0.44850572497234,-0.115741850494703,-0.137021037190436,-0.69847108325277,0.116139327495847,-0.0155155336343083,0.262958007080532,-0.414022326483864,-0.0315799175055817,0.00510252515782241,38.95,0.0
60511.0,1.36234059023036,-0.394131031002627,0.707245246801606,-0.746807941925147,-1.08287521273692,-0.827304636583473,-0.59608150704161,-0.108434307165359,-1.17529955401554,0.75727886340263,1.8447838621188,0.661741961139235,0.898449675720687,-0.112425202931837,0.0061741395776612,1.3323847947809,-0.00651324455793569,-1.2563656023491,0.817164131163717,0.112852526592905,-0.0244586471886232,-0.173796642478182,0.143412237326643,0.531568195891646,0.202974385784563,-0.513242186957428,0.0133567761610359,0.015196147755153,2.39,0.0
83899.0,-1.23969020705425,1.86617708494933,-0.0737235817994889,1.1537427729297,-0.133864956248719,-1.22635183681971,0.0372906519074627,0.70134200142928,-0.814749063165464,-0.913698868695641,-0.40778848678803,-0.165458827481798,-0.136282960208025,-0.475494741416907,1.12807785741474,0.36999973083252,1.25735316347531,0.815295791685635,0.18478657291854,-0.0913489377233791,0.124489489249017,0.220580061158537,-0.150534100816882,0.278147954303716,-0.184401935181464,-0.325079451470601,0.0824684813925394,0.0773775796795159,1.0,0.0
60547.0,-0.775804818777414,0.699239184083592,2.15624396928902,-0.505637349029484,-0.285467091634729,-0.753033770013086,0.425022259612843,0.0710481564982871,-0.089359670562109,-0.633078961889549,-0.461541160518974,-0.00302648345708534,0.179280434045724,-0.177187302149699,0.76184037625105,0.746451504503789,-0.757831590197585,-0.0923175209468004,-0.851867982273711,0.138920357821354,-0.0856081403569748,-0.291283295187713,-0.0996536195370485,0.393401947296308,0.298088264695754,0.259465595843046,0.167929625555693,0.0432017351272607,26.77,0.0
34684.0,-2.43923696855219,2.59145816263611,-2.84012564998452,1.28624391005241,-1.7770161908324,-1.4361387710222,-2.20605624197635,-2.28272485775905,-0.292885036315821,-3.71744992918956,3.90739912775712,-7.22000368560677,-1.21173934568755,-9.6576265944335,0.927517899548728,-4.73866234284944,-9.27663556929158,-3.08196108095709,0.17774563450317,0.513529864634298,1.77446009213068,-0.771389807551225,0.0657267026225069,0.103915744896627,-0.0575779255552146,0.24265246086543,-0.268649222026483,-0.743712586038479,125.3,1.0
39722.0,-0.679464112615741,0.19028766004053,1.75085336408907,-2.19598234503151,-0.163835934507316,0.159890310544482,-0.151231143537644,0.259810893069018,-1.22654855262358,0.211879037423365,0.101865314120815,-0.83245736122473,-0.106042615213246,-0.3266246306578,-0.156184909850533,2.04850699004339,-0.75287075374897,-0.0287892532396856,0.527416475598885,0.266959934271882,0.275014558614162,0.704509972198129,-0.521965939259344,-0.826974569756096,0.642075260778972,-0.114863858967321,0.276601343405317,0.102113087777796,9.7,0.0
82289.0,-1.46489654758402,1.97552752738073,-1.07714453940265,2.81919063998449,0.069850228405671,-0.789043629709432,-1.19610144945515,0.673654375004339,-1.36372387646135,-2.9328952580311,0.301368829965399,-3.24614143685335,-0.465640147552938,-5.42936187944371,-1.30498291640657,-0.953623442669269,-2.72734300093373,-0.63643691865914,-0.927124072666602,0.048968800272123,0.174099465690177,-0.272505290211891,-0.0315494503920774,-0.406165929676999,0.157768979757404,-0.104392920359594,0.0737955599806211,-0.0415702518454821,1.0,1.0
45711.0,1.17366258249062,-0.0379240632786958,0.623579803922715,0.841102502841062,-0.453509364302844,-0.101533335455449,-0.212649658140201,0.0307934122977683,0.589336928292446,-0.272354459408273,-0.510154527725458,0.719659380350953,0.213877575871587,-0.235335263572221,-0.158113101907585,-0.642168346344859,0.340834962101799,-1.05186232545736,-0.173481790084147,-0.129623152094172,-0.0761712235932672,0.0672809730440703,-0.0452050622580961,0.15177489667943,0.486387146451412,0.439131192577255,0.00409763378430291,0.00999391697358435,9.58,0.0
31730.0,-0.773603188343811,0.825051287393268,0.842705556715389,-0.457339547259616,0.692414845311526,0.428504273432465,0.790100261330561,-0.933333563331891,-0.40099043929926,0.116096180674126,0.125716338632872,0.147512771289495,0.141523301251988,0.122665275728962,0.149206651746256,0.625867856769132,-1.14431752375394,0.586726669458811,0.827964336512225,0.0405900424643751,0.513798642610102,-0.73521399329253,-0.313236466867547,-1.02984855084603,-0.181669963350804,0.163051823358324,0.263017863458246,-0.0743456507262138,103.7,0.0
8878.0,-2.6618021745564,5.8563932148043,-7.65361621324071,6.37974188053221,-0.0607121191362683,-3.13154973153662,-3.10356974550479,1.77849156945338,-3.83115371623455,-7.19160424618226,7.10298858788516,-9.92869994299538,-0.0674983775194601,-10.924186865147,-1.69791397714032,-2.37942098527078,-2.77511389701838,0.273798971252603,-1.38218756352589,0.399096860264863,0.734774950378595,-0.43590118187623,-0.384765904180568,-0.286015663843443,1.00793382365812,0.413195532462339,0.28028415690056,0.303936550639395,1.0,1.0
79042.0,-2.47380660165673,1.36576897631066,-0.45030322932679,0.964920116333527,-0.301428488971834,-0.620496558365864,0.331880370428454,-0.13377856592952,0.334592702076737,1.65078451565245,-0.352527007386109,-0.868324789003581,-1.5291587353052,0.608111997311197,1.98783219174145,-1.04617480622716,0.747817696459526,-0.535402220663127,1.33504846697212,-0.50703863112634,0.0899397908664827,0.297753092009575,-0.131902756054901,0.103752910124352,-0.44297752374982,0.441538833978583,-1.93717967193047,-0.138372112903992,30.67,0.0
3368.0,-1.55419016781196,-0.167163302733276,3.00054422812446,0.553700913500128,0.0910329819647549,0.154500891672027,0.174005824438464,0.216169706486408,-0.311924914262892,-0.0391419407443713,-0.497787310715101,-0.499971171034078,-0.00482725587981441,-0.601520312539265,0.769371220713377,1.24731095648673,-0.95718230977492,-0.0986561315665038,-2.29901533724155,0.502576201448845,0.292241966062718,0.641683750104908,0.093965182905264,0.096784489468203,0.131686360285355,0.930880435132829,0.0147664807474244,-0.0775710492109093,124.11,0.0
26523.0,-18.474867903441,11.5863805198184,-21.4029168131391,6.03851541556808,-14.4511581398683,-4.14652350569915,-14.856123673178,12.4311404723263,-4.05335328722588,-9.04039624894471,5.96620250720685,-8.46396612952571,0.0786921317878341,-9.09253265181295,0.0108220973904713,-7.1863755078292,-13.7974745003699,-4.95849390971089,1.32116655982617,1.5779244011474,1.74113559593371,-1.25113794883836,-0.396219126116475,0.0957055555718895,1.32275094272025,-0.217954564863573,1.62879253147016,0.482248274865402,99.99,1.0
82004.0,1.20342782176342,0.154730960968606,0.605177394522232,0.559647007251795,-0.585741766371173,-0.802401303497036,-0.085997324971663,-0.0307218886322216,-0.119976905308271,0.124151728643462,1.54327781249887,0.743860954860351,-0.52283496880563,0.590804012073598,0.395090743377932,0.473195656257681,-0.55848188362835,-0.0257317872474879,0.0985794769018433,-0.135792717747549,-0.200856891358468,-0.652797363746478,0.158348270943558,0.510687049845574,0.135986062831608,0.0669228074346998,-0.037201685971027,0.00928543794727144,1.29,0.0
100501.0,-6.9852674861123,5.15109356872598,-4.59933777342036,4.53447860064768,0.849053978611719,-0.210701203278644,-4.42522968507474,-5.13452515572624,0.0693205728889109,-0.870997150804889,5.20081516878268,-7.80222778971281,0.0339124179895287,-7.56013197197136,-1.01465193469311,-1.50792960088674,-3.41027456780471,0.107544007359072,-1.37551765637273,-1.24699631854492,5.45367185347674,-2.05617714358307,-0.280333720590026,0.120771472511766,0.569357720918146,0.145971466001576,0.300193469284684,1.77936385243205,0.76,1.0
41646.0,-3.24018658731411,2.978121790406,-4.16231393691373,3.86912437879902,-3.64525645477793,-0.12627056104764,-4.74472973694714,-0.06533104369042,-2.16836609501902,-4.75830407509117,3.47109784646449,-6.5331067689397,-0.983468669556775,-6.07398900285949,1.12540670902583,-7.71804240456347,-9.85592743669396,-5.19390789281555,2.04269768780688,-0.224043462894117,2.60144102940002,0.23191011639882,-0.036489849092758,0.0426396452203885,-0.438330345949387,-0.125821080392006,0.421299802439127,0.00314587612156787,172.32,1.0
26523.0,-18.474867903441,11.5863805198184,-21.4029168131391,6.03851541556808,-14.4511581398683,-4.14652350569915,-14.856123673178,12.4311404723263,-4.05335328722588,-9.04039624894471,5.96620250720685,-8.46396612952571,0.0786921317878341,-9.09253265181295,0.0108220973904713,-7.1863755078292,-13.7974745003699,-4.95849390971089,1.32116655982617,1.5779244011474,1.74113559593371,-1.25113794883836,-0.396219126116475,0.0957055555718895,1.32275094272025,-0.217954564863573,1.62879253147016,0.482248274865402,99.99,1.0
55888.0,-2.24565285223301,1.57120202632031,0.675370742113542,-3.48028353921973,-0.310347200964995,-1.5272705266624,0.844163195464055,-0.228617353425207,1.64688849720917,0.188380404150832,1.65025958572061,1.35478721115066,0.0868112750707559,-0.223300926613119,-0.222729654831738,0.0503692073904785,-1.07139662699589,0.0440682267778823,-0.787800307651926,0.338475608336878,0.0139150578054984,0.158734811643113,-0.0833640575633191,0.53881451055695,0.20919021365762,-0.423721576346748,0.016201391538674,0.4727846152563,3.91,0.0
47545.0,1.17671575912859,0.557090903443645,-0.490799622910899,0.756424293386678,0.2491915585394,-0.781870546568533,0.228750322026116,-0.0408400791377636,-0.432110564245139,-0.585778431385528,2.28193937592012,0.654566719272309,-0.310379432324912,-1.04370522504569,0.513750399321109,0.399177755263914,1.14313007770305,0.256013886486252,-0.511210088142662,-0.10277180482264,-0.0621660000083396,-0.128168129786567,-0.0401759895545737,0.110040347467026,0.437891432381746,0.368808854483266,-0.0182873480981415,0.0311734033163997,0.76,1.0
66187.0,-0.568287237618332,1.2994555462457,0.687460212785509,0.713573835342007,0.714058590141434,0.936482404167853,0.170133575898486,0.62028258938185,-1.24664384783999,-0.25571190481368,0.291730100709714,0.983290780116018,1.49331216189816,0.519095285099678,0.755696965653012,0.0878549154437268,-0.492207251521425,0.501766971800087,1.12609461486339,0.0379386050019871,0.10880006365216,0.28169185808902,-0.240710461155869,-1.31992312374339,-0.147926069245366,-0.25822932570935,0.0640287594882613,0.0629146214728465,5.0,0.0
93742.0,-3.29112509261551,4.4011941515981,-8.39421162258901,4.45357956949695,-4.79005451824953,-4.24018208232724,-9.21900099642753,1.97402995723142,-2.91294270907847,-13.540168238225,9.41303953977606,-18.0475965708216,-0.728186553999085,-15.3930448312636,0.3494850489774,-13.30388757707,-21.2979057823155,-7.26231079476482,2.27422550991903,1.4908691418867,2.10234346771868,0.597370314627801,-0.328086184026121,0.445752402449364,0.585280580866405,-0.399005421878678,2.11600444233121,1.05074380386505,1.0,1.0
7551.0,0.316459000444982,3.80907594667829,-5.61515901119457,6.04744510216478,1.55402595692572,-2.6513531120137,-0.746579273100222,0.0555863112529252,-2.6786785422399,-4.95949291161496,6.43905335158373,-7.52011739288703,0.38635166741077,-9.25230724747513,-1.36518841502051,-0.502362190618164,0.784426598154274,1.49430460743838,-1.80801215867357,0.388307428238927,0.208828369001674,-0.511746619200722,-0.583813220813723,-0.219845029091423,1.47475258440688,0.491191925656006,0.518868284577287,0.40252806767232,1.0,1.0
70536.0,-2.27175453696818,-0.457654560738072,-2.58905463865543,2.23077826688105,-4.27898250263823,0.388610079538804,0.102485457456358,0.813127838070308,-1.0929208385062,-5.03202838566819,3.51034756034463,-2.22739840581069,0.656823927974733,-5.19918574342056,-0.128311029598493,-3.94352099869908,-3.82052232662867,-0.570821093891663,2.78338340771804,2.28575790271371,1.09634200952947,0.658398654570846,1.71167573455248,0.333540036403021,0.538591373646869,-0.193528512332835,0.258194100840055,0.247269213953463,824.83,1.0
70237.0,1.1639534627869,0.337706051306731,0.375296244929856,2.31673545761939,0.16803067711296,0.956198984994966,-0.674949080357895,0.42070062153288,0.0710392742659293,0.172292880414608,-1.57569451418454,-1.58853276110522,-1.31288172653999,-0.977876732124875,1.63497190199684,1.75735144712786,-0.115130507564238,0.950008540937784,-1.2920988775859,-0.168705030838571,-0.0391361263770559,-0.185238822597019,-0.122048693430798,-1.47695410120457,0.283553346668268,0.123062799048676,0.0499958833863976,0.0454237491096286,14.45,0.0
101313.0,-25.825982149082,19.1672390103062,-25.3902293121699,11.1254347149714,-16.6826439195391,3.93369943022963,-37.0603114554112,-28.7597989339836,-11.1266235224579,-23.2282548357516,3.7859770496129,-10.5224940129243,-2.65749636392801,-3.79279543594993,-4.49894467676621,-6.55787310177539,-12.8672447953713,-5.80459047549908,-1.25446534452587,7.90737812724062,-16.9220157786505,5.70368400806478,3.51001884069223,0.0543302268964685,-0.671983312405663,-0.209431359115655,-4.95002186384908,-0.448412770754799,2.28,1.0
65385.0,-2.92382666427262,1.52483716405302,-3.01875803326242,3.28929147538496,-5.75554237361289,2.21827630310359,-0.509995431790455,-3.56944356866613,-1.01659168855188,-4.32053577559936,1.27720226474415,-3.70174966668488,-0.97186959353265,-4.85777667212588,0.0906055221312176,-2.80150199048762,-4.18680753704806,-1.64840609367465,1.1764455977519,-0.447039406719925,-0.511656805196235,-0.12272408639124,-4.28863899895194,0.563796657800838,-0.949451350280346,-0.204532177495445,1.51020648735902,-0.324706012560446,1354.25,1.0
8451.0,0.314596589729515,2.66067027657541,-5.92003738034463,4.52249960508858,-2.3150272861839,-2.27835165394776,-4.68405393631569,1.20227026523098,-0.694695511200349,-5.52627805985834,6.66243683071252,-8.52546492534563,0.742745446888019,-7.67866801029943,0.593070459066131,-4.47813659534324,-5.84426647937357,-1.1027307945783,2.17738568653903,0.562705643312244,0.743314023428983,0.0640383555765096,0.677841675250346,0.0830078227438395,-1.91103446375022,0.322188398435937,0.620866538820488,0.185030354728703,1.0,1.0
35866.0,-2.04448868873478,3.36830621710984,-3.93711139061868,5.62311973109633,-3.0792320390481,-1.25347411822809,-5.77887959312275,1.70742815771205,-4.46710312294842,-6.0677981503786,3.83978771072745,-8.27784094846266,1.49391490811495,-8.41668121212274,0.792297928201949,-7.86265882647354,-14.5708366290177,-5.18538553288232,2.41438956859515,1.11202761894884,1.48359421639379,0.834310712862216,-0.148485620188757,0.00166885452328186,-0.0389957310939217,0.389526401954901,1.30023645611458,0.549940374167289,7.61,1.0
17419.0,1.25659291125507,0.0633021690563735,0.636209671653853,-0.0545583312060485,-0.439047763378809,-0.445846727586483,-0.355394598905552,-0.119705679315664,1.33472461897287,-0.43738768319294,2.24786120983471,-1.32498652413492,2.45413376443372,1.60111535709166,-0.239462614119898,0.636280410857335,-0.0420041034117562,0.370748359580362,0.231826636326365,-0.030257628989125,-0.242904519116677,-0.451948591961928,0.0427199360102907,0.0246072515715626,0.130221020896792,0.865698072000795,-0.0981022374282543,-0.00798952501890546,7.63,0.0
12712.0,-0.995625960259345,-0.124751529287889,0.694521115873259,0.7259966754424,-0.105054937031122,-0.433422474611751,-0.0459063411113613,0.394807883611926,1.48176304721754,-1.1730129230763,-0.788240006006312,-2.63905574215685,1.04669889002656,1.60017850805646,-1.31853777753398,-0.115292459509461,0.792890672742177,0.234567697809864,0.223477971698173,0.147896229415332,-0.0075245052825373,-0.136696672967395,0.211407768943325,-0.17974642447561,-0.399318264666832,0.251489200359624,-0.0896616543962298,-0.0872079362517613,115.0,0.0
8451.0,0.314596589729515,2.66067027657541,-5.92003738034463,4.52249960508858,-2.3150272861839,-2.27835165394776,-4.68405393631569,1.20227026523098,-0.694695511200349,-5.52627805985834,6.66243683071252,-8.52546492534563,0.742745446888019,-7.67866801029943,0.593070459066131,-4.47813659534324,-5.84426647937357,-1.1027307945783,2.17738568653903,0.562705643312244,0.743314023428983,0.0640383555765096,0.677841675250346,0.0830078227438395,-1.91103446375022,0.322188398435937,0.620866538820488,0.185030354728703,1.0,1.0
8757.0,-1.86375555343732,3.44264397684973,-4.46825973145511,2.80533625940251,-2.1184124774924,-2.33228488731467,-4.2612371974404,1.70168184397858,-1.43939587542941,-6.99990663386522,6.31620967716699,-8.67081800476226,0.316023991908777,-7.41771206475053,-0.436537471366146,-3.65280196004741,-6.29314531907376,-1.24324829133852,0.364810482193887,0.36092400372093,0.66792657242141,-0.516242362128804,-0.012217811746839,0.070613703103445,0.0585044669560628,0.304882839588584,0.418012467185258,0.208858278145839,1.0,1.0
65385.0,-2.92382666427262,1.52483716405302,-3.01875803326242,3.28929147538496,-5.75554237361289,2.21827630310359,-0.509995431790455,-3.56944356866613,-1.01659168855188,-4.32053577559936,1.27720226474415,-3.70174966668488,-0.97186959353265,-4.85777667212588,0.0906055221312176,-2.80150199048762,-4.18680753704806,-1.64840609367465,1.1764455977519,-0.447039406719925,-0.511656805196235,-0.12272408639124,-4.28863899895194,0.563796657800838,-0.949451350280346,-0.204532177495445,1.51020648735902,-0.324706012560446,1354.25,1.0
73826.0,-0.297227773415023,0.837940584496259,-0.299616040657089,-1.11019602961788,2.56754383855668,3.25314403065419,0.0982285163372207,0.937039779241266,-0.50168768199331,-0.442693054261975,-0.0105586984595508,-0.330360064678046,-0.0785929657521187,-0.257559092825705,1.09852891108824,0.714769626418715,-0.482020409732492,0.324323109580984,0.283044352222229,0.228600569241255,-0.318306539372764,-1.0072963814559,-0.0502101164794515,0.935690330483746,-0.00636630378460445,0.0881168879702184,0.247066373245233,0.0913828183045759,0.89,0.0
53451.0,0.385108461103674,1.2176203228402,-1.95387216540948,2.08707599095328,-1.14422540643716,-0.57688799482478,-2.58286504391682,0.643229999334504,-1.19123269237613,-3.09509360697848,2.82114488798301,-3.1005456578695,0.146199374342408,-4.51012391529804,0.574490022660784,-2.12346278453199,-6.05331938825344,-0.70637615273475,0.572791028207014,0.380545212283106,0.594623132460925,0.372143665842342,-0.310455791389476,-0.624065148802846,0.840216130296559,-0.159451766672991,0.599482364663208,0.288915549852885,8.0,1.0
86378.0,1.4255124913664,-1.07470633526728,0.514487880781487,-1.43497501181637,-1.46272610124129,-0.370672443786501,-1.13388798166697,0.058727613700089,-2.02474816292455,1.58606580108758,1.51538478900465,-0.3799258745872,-0.288684137813236,0.0575765185380018,0.173476185889427,-0.527639804860518,0.647851218550165,0.0158731485107247,-0.385110671397503,-0.404976902799329,-0.131183665686372,-0.00914428069172998,0.0877940170661346,0.183169986782764,0.236550042511102,-0.204019273920636,0.0394018619210585,0.00742163012803526,10.0,0.0
67274.0,-1.19768596267577,0.131809998428813,1.93354253506125,-0.361043447688911,0.605374163876694,0.410285441423822,0.327865050829911,0.48965361083033,-0.249769939536377,-0.84530677977108,1.01515079013568,0.228969903171131,-1.77028945509691,0.353826327834757,-0.789582024786048,-0.472599635876766,0.229950890070675,-0.819866744471883,-0.672290741349632,-0.0781202930353369,-0.0394329878779289,-0.24425360658392,-0.0779141792860139,-0.298949457337275,0.263091739315966,0.23506059308036,-0.0111722921849861,0.0441630292977285,40.69,0.0
406.0,-2.3122265423263,1.95199201064158,-1.60985073229769,3.9979055875468,-0.522187864667764,-1.42654531920595,-2.53738730624579,1.39165724829804,-2.77008927719433,-2.77227214465915,3.20203320709635,-2.89990738849473,-0.595221881324605,-4.28925378244217,0.389724120274487,-1.14074717980657,-2.83005567450437,-0.0168224681808257,0.416955705037907,0.126910559061474,0.517232370861764,-0.0350493686052974,-0.465211076182388,0.320198198514526,0.0445191674731724,0.177839798284401,0.261145002567677,-0.143275874698919,0.0,1.0
94362.0,-26.4577446501446,16.497471901867,-30.1773174564996,8.90415677106517,-17.8925996927224,-1.22790388102871,-31.1973285494605,-11.43892041491,-9.46257260540015,-22.1870885620007,4.41999660154863,-10.5923050053728,-0.703795803703315,-3.92620731586873,-2.40024649210124,-6.80988994039049,-12.4623149481086,-5.50105078380738,-0.567939572890149,2.81224110932946,-8.75569832116533,3.46089334478551,0.896537503959012,0.254835536763482,-0.738096558530353,-0.966564233789852,-7.26348214633855,-1.32488430656137,1.0,1.0
43700.0,0.939020046790937,-1.75564340292284,0.665438581107931,-1.00018305238798,-2.14170325414352,-1.10159236572083,-0.622718278355737,-0.349988077481111,-1.98834312147758,1.25158753046906,0.256394947491562,-0.0220212375699747,1.67563001408315,-0.523646448148411,0.618604897439757,-0.364299261999445,0.559548614914789,-0.348690313402505,-0.535511260167281,0.289835209686805,-0.15494904981911,-0.65794907250791,-0.0095007794779144,0.90611954766518,2.97276417295791E-4,-0.475850531868667,9.94394238269967E-5,0.0851814735167771,285.7,0.0
47280.0,1.04141218276693,-1.49184125196869,1.58630076178353,-0.185794122515878,-1.87141656185167,1.06172252816696,-1.67299304442924,0.529201509616937,0.628973094637235,0.293595593140016,0.573497563941136,0.651875504879121,-0.370087687874486,-1.23864945598676,-2.2557312339214,0.286265151200515,1.09987702673892,-1.39556487525472,1.04886173511615,0.167603806303944,0.220024531467813,0.846934070865984,-0.153746949326801,0.104071129243891,0.365637448466212,-0.0420209328479341,0.0852311884870862,0.0280405718490644,93.9,0.0
83100.0,-0.944350258132696,1.21687850282803,1.23699200223067,-0.0603538520224498,-0.558647859048713,-0.75197385036313,0.196239434876974,0.514533704521319,-0.607016052907395,-0.229971778792884,1.15904454547363,0.289714351242685,-1.10280798891864,0.844848346903129,0.221238114883965,0.49877881736368,-0.347950485102319,0.240522621140649,0.232766489838916,-0.0949015095105646,-0.117247675758713,-0.542531990981786,0.0875862933977289,0.485017008228417,-0.270060915410961,0.0351366566711305,-0.00138257912864539,0.0419352262002086,10.78,0.0
58642.0,-0.451382569628168,2.22514650025341,-4.95305045271638,4.34222824814605,-3.65619018970243,-0.0201214656089607,-5.40755361778584,-0.748436141338482,-1.36219775131112,-4.17062288702767,3.76230638231684,-4.22622469486547,-2.04669403006077,-4.71049793587464,0.217572360008267,-4.73908378383857,-6.13188675183675,-2.42587063860491,2.31416486951171,0.724381267691587,-0.575924092076688,0.495889440695266,1.15412793921228,-0.0161857864909953,-2.07992826296301,-0.554376906341192,0.455179270612071,0.00132065645985432,113.92,1.0
77519.0,1.17951582490054,0.240265905504047,0.714998098173027,0.693126046448016,-0.523100462428589,-0.81946998242709,0.0188962216472333,-0.120547275975622,-0.0468354071601066,-0.120714924245911,0.539883620724103,0.811600838500062,0.543023959179353,0.231767258002022,1.20744226316821,-0.160947909801662,0.0294917384898632,-1.20681971789997,-0.680383757352573,-0.120050937217089,-0.190766607497358,-0.504117162117473,0.22756985915095,0.610550342996792,0.0850238005352853,0.090109119244531,-0.00968167600125023,0.0217733863600878,1.98,0.0
47982.0,-1.23280412810524,2.24411874456383,-1.70382579275654,1.49253586483501,-1.19298516971563,-1.68611021267902,-1.86461150490967,0.856122313785725,-1.97353527775248,-3.94238290411726,2.40165068027699,-3.39426561777896,-0.145161724970334,-4.32979551307589,0.758760885824274,-3.19904647594093,-4.48018356526203,-2.48566878350317,-0.0958074336903356,0.207889301735382,0.560475065574211,0.165681717805126,-0.0137535165177887,0.474935180269258,-0.218725074414735,0.302809125708237,0.46603094153746,0.250133538809307,0.76,1.0
1525.0,-1.8426962818158,1.74064137285157,0.861525830498894,-0.856315496213565,-0.655375730473989,-0.842786027535915,0.198562703945685,0.602764331866924,0.455594965949662,0.541295549294277,0.948686063588707,0.591625417020591,-1.09829901575729,0.314853798143304,-0.896411259094138,0.206073656654272,-0.281808336402023,-0.0728274873706312,-0.130831526134016,0.369122281094673,-0.213608961077048,-0.400617431220045,0.0300133917234381,0.512611243017956,-0.0770874570820914,0.286218007614618,0.586012093975677,0.352610200094862,1.0,0.0
43157.0,1.23738595442868,0.288832655863222,0.187640961633071,0.501014818446347,-0.162795388988048,-0.563192933326056,-0.0311255955339086,-0.0294942360740068,-0.188445803991026,-0.109958916522068,1.32066652021068,0.758406864219425,0.0917589117332188,-0.089448581751518,0.429166303203963,0.775648702131882,-0.369283650711094,0.316318698402727,0.21573917155448,-0.0668949698187471,-0.259021309316333,-0.786408763347419,0.0780439577420394,-0.0398822517866462,0.226367933734641,0.097724105631538,-0.0279264907182037,0.0169995829460244,1.29,0.0
102625.0,-4.22122078925031,2.87112058054735,-5.8887158872207,6.89095207502484,-3.40489435037622,-1.15439396843915,-7.73992801001653,2.85136330092288,-2.50756869395709,-5.11072764247853,5.35088988417692,-9.29980722738699,2.79314035729228,-6.10655192524523,-2.10694702580884,-6.25062921491661,-13.5663252216994,-4.19278019670633,0.510570181831806,-0.227881506131312,1.62059124560534,1.56794700869044,-0.578007459600926,-0.0590448081819941,-1.82916881940751,-0.0724287202294822,0.136734308772186,-0.599847542493268,7.59,1.0
34829.0,-1.06010567674893,0.183729643599514,2.34340562779026,0.625259125079253,-1.13275525804078,0.545413985269653,-0.784225017408686,0.717870514605226,-1.2619040788213,0.00601977124973135,-0.921970090970071,0.244416034564534,0.796552707706046,-0.267664379023469,0.609938713271573,-2.1073451061731,0.852184004407227,1.13693890669754,-0.156891787650283,-0.280794534676893,-0.247180210172849,-0.274966314421006,-0.02826513436871,0.0467140266516557,0.0693187452093162,-0.199203953360136,0.0522510350570355,-0.0035337896921763,44.24,0.0
36179.0,1.22991697896711,0.28586555188938,0.273006687719291,1.13228854266725,-0.348289597205283,-0.984271724991213,0.174528860012677,-0.190523358639591,0.100911644296219,0.0348009258391788,-0.526744835821613,-0.229634963440878,-0.788410876147871,0.54748795255053,1.00678075880473,0.0864743945575195,-0.380560231292362,-0.0540603199099879,-0.367966238546917,-0.179885621706598,0.0228108118292677,0.0586070247179508,-0.0957261717235411,0.376773326736518,0.658286608412251,-0.326564586913913,0.00724814925514815,0.0199232661486191,11.5,0.0
49913.0,-0.334616753533695,0.434879886018639,2.19659241877056,0.558726911335828,-0.416704161316714,0.929022378845373,-0.30326280805714,0.497261121820106,0.100004071004826,-0.270611370234839,0.657436302335069,0.297070276417216,-0.825717224914078,-0.0577862902781038,0.164632569977156,-0.290058567400186,0.149032267752598,0.320366830605891,1.14350594704442,0.0139595089979126,0.0703156369750038,0.380793969839437,-0.0845761845741276,-0.287076665695744,-0.650434396075568,0.423746140953432,0.171403489655468,0.134781452194347,8.49,0.0
984.0,-0.453605681608613,0.867001388135039,1.33035691130305,-0.0308383772340867,0.00341639987618637,-0.370968434963828,0.37153392788689,0.323784868443814,-0.344431812827582,-0.320838528677913,1.52307984085647,-0.381054377115571,-2.17424907537547,0.236827845925768,0.66716748072481,0.327346563695927,0.23347613529041,0.105424425041494,-0.221503813688468,-0.0498883206531704,-0.195197201139239,-0.602180503115407,0.0531497798953722,0.114064140631702,-0.363316283867322,0.0787838734859881,0.244376245219611,0.0824031207414139,1.68,0.0
51120.0,-0.588492302492808,1.14552879846106,1.04924804052174,-0.172106916416535,0.096001542514742,-0.529376151926907,0.487924559041754,0.182571587158903,-0.239144650900321,0.00753291097755615,0.989715035561217,-0.19520764627203,-1.23911517744146,-0.057938804332841,0.378264965656662,0.71513904847573,-0.294006103453925,0.610036189191175,0.301345233553927,0.176044072416636,-0.279395862380472,-0.768409821603728,-0.0444718130925724,-0.0881698891188984,-0.141060921693961,0.0838292157983646,0.338077733294802,0.144209335693414,1.29,0.0
28726.0,-29.8763655139763,16.4345245512223,-30.5586968214292,6.50586178736296,-21.6656542956569,-4.94035632949796,-20.0813910746494,19.5877726234404,-3.59149104711596,-7.80059820772759,3.94783971729026,-5.4879114860488,1.36994034924206,-4.82955244300835,-0.134412095441135,-5.12116240451142,-11.1181904509172,-4.65995586983801,0.608930080519071,1.72477883837961,1.81295397464878,-2.23225158753151,-1.41280344282556,0.178731069561437,2.15604185816706,-0.20938462411377,1.25564890085966,0.364530452975509,99.99,1.0
74959.0,-0.573383037563057,0.504804546268592,1.96226490729788,-0.200704570344854,-0.133678605595476,0.413394206270776,-0.192039361663195,0.462764847941427,-0.0117756353225655,-0.16377122186239,0.965605637842212,0.326151971991514,-0.365773368789448,0.0860314541056093,0.767433552089138,0.581042542960397,-0.674186013739705,0.546966443823721,-0.280113976840741,0.0990325404081684,0.214701337737025,0.7005350556783,-0.035042453767935,-0.30015472433457,-0.713312631270914,0.289347520773128,0.403049553623077,0.216717899018262,8.28,0.0
51711.0,1.09292636021803,-0.210744928289062,0.300661227268672,0.206798215363145,0.111370182549448,0.896631091870111,-0.361241955095902,0.211620193470743,0.00145404674345226,-0.0297991303271339,0.6142498371255,1.25379479557736,1.64303864099562,-0.0469635489987204,0.825684990331105,0.822430926755175,-1.08258308423462,0.211848021216642,0.0866133510760378,0.170307354612328,-0.0367644257173294,-0.198098583985199,-0.139403192380516,-1.29530048377089,0.256514083180359,0.298118259289056,-7.1789790469069E-4,0.0147074045655693,79.5,0.0
76126.0,0.835403368861634,-0.658477162874674,1.81754330474195,1.74968484087557,-1.26062490131121,1.21228019739237,-1.05711142719371,0.540466896466191,1.33796756636573,-0.317220595434462,0.73034100355531,1.91549535971686,0.211524856341758,-0.94293351763473,-2.1118886107657,-0.691554175580316,0.388832062471673,-0.291899353450843,9.61967481771291E-4,8.5693974653249E-4,0.0791355656807261,0.580798047448196,-0.131004361195915,0.284961597645423,0.415952570544205,-0.23524052952642,0.110429281117728,0.0422821651826354,88.98,0.0
37393.0,-0.431703321558763,1.75965680253313,-1.00737622485584,0.517247538141258,2.55437657173633,-0.175117109580879,1.45854651595129,-0.254566654012481,-1.1002590301718,-1.53653922382909,1.57523096290457,-0.0622251592432434,0.829857613694426,-3.74400592267593,0.388059586602832,1.07333984628391,2.07514352175787,1.86835863710385,-0.219027850686286,0.137165630544064,-0.126518859007926,-0.0826049548944003,-0.386634237777859,-1.64752470080994,0.0928499670367476,-0.344702232981569,-0.0874036659343577,-0.0238095404582981,0.89,0.0
8808.0,-4.61721720415581,1.69569365346656,-3.11437220079491,4.32819855298178,-1.87325699086527,-0.989908135538263,-4.57726462658038,0.4722161584519,0.472016953377646,-5.57602263642415,4.80232276125089,-10.833164469314,0.104303875698575,-9.40542306160986,-0.80747786866047,-7.55234220350747,-9.8025617903912,-4.12062883466552,1.74050729036196,-0.0390459343384186,0.481829697240067,0.146023056445948,0.117038527549065,-0.21756459883966,-0.138776043706563,-0.424452881068275,-1.00204142597227,0.890780287970655,1.1,1.0
36004.0,-0.427381943756942,-0.22104513146273,0.922087185667333,-1.52836192370857,0.227656733847005,1.67436363693726,0.195846190379329,0.52195360271195,-1.80883787508631,0.162998840907385,1.73583985410929,0.542501380400229,0.308933560218728,0.310362558865331,1.03332366408821,-2.38389318618004,0.815509362286482,-0.291037244494874,-1.77902783620878,-0.335803471128243,-0.11204099459282,0.0956882870295765,0.189280476632024,-1.31589772721927,-0.418846553993811,1.1282831226123,-0.00280483900955426,-0.0116103841153377,96.0,0.0
6345.0,1.20397145238053,0.927268173870123,0.0414630412692656,1.66988123381532,-0.00786126644901185,-1.47704111736873,0.30090873309156,-0.418893812927583,1.00091410738876,-1.08331136290195,1.72415605239568,-1.89677859804642,2.52171695476927,-0.075558302509297,0.19954591639386,0.363444365149926,1.76097067677007,0.565437801242375,-1.03613821680485,-0.0922371052650389,-0.171369319004883,-0.125576563405758,-0.0584872000206587,0.751804531483024,0.632035187183917,-0.4024363194193,0.0159755072835965,0.058703347016172,1.0,0.0
75851.0,-4.79366743133161,3.41891065333381,-5.07444453285381,4.03598694267746,-3.52787459906065,-1.92324150219959,-5.06598083804842,1.99688475994042,-3.09737916358313,-6.44720227383046,3.77557843937585,-7.49878345527601,0.231306922054262,-8.65826843157538,1.34330765668858,-6.17333085967808,-10.7080182544535,-3.50489419159365,1.88404425730219,0.342122343012083,1.16861781897539,0.289530903898366,-0.371888203724815,0.144761276597316,0.0847348250689305,-0.19743147093529,0.328671522253493,0.835394921353057,99.85,1.0
31816.0,-2.36356889704955,-1.76923122414953,1.588523162737,2.23755832790695,0.991420825318716,-0.122156516908747,-1.62474734948419,1.06634136514485,0.812935015783156,-0.682931847982543,-2.13563185754356,-0.219310100966861,-1.89157798304135,0.0371714600971058,-1.09236800578956,-1.27706224770002,1.28563562930423,-0.554227933086668,1.46435574540053,0.444351025020011,-0.104944206364659,-0.851082422066925,-0.0184614396558497,-0.454703649945519,-0.366024751865754,-0.4178402687096,0.13879588639034,-0.28428801880931,11.84,0.0
65385.0,-2.92382666427262,1.52483716405302,-3.01875803326242,3.28929147538496,-5.75554237361289,2.21827630310359,-0.509995431790455,-3.56944356866613,-1.01659168855188,-4.32053577559936,1.27720226474415,-3.70174966668488,-0.97186959353265,-4.85777667212588,0.0906055221312176,-2.80150199048762,-4.18680753704806,-1.64840609367465,1.1764455977519,-0.447039406719925,-0.511656805196235,-0.12272408639124,-4.28863899895194,0.563796657800838,-0.949451350280346,-0.204532177495445,1.51020648735902,-0.324706012560446,1354.25,1.0
29531.0,-1.06067628419757,2.60857946990866,-2.97167900258071,4.36008935234848,3.73885304346426,-2.72839507263672,1.98761635466291,-0.357344707416169,-2.75753451251209,-2.33593332652232,2.11151686706104,-2.59194964968951,-1.9505893546741,-7.31157981735935,0.0777527657738322,2.29060783198994,6.50927165018434,2.56997142628646,-3.28615008214787,-0.0890615369649179,-0.0631678773494982,-0.207385284031508,-0.183260817119722,-0.103679373403096,0.896178353364318,0.407386872028391,-0.130918311231478,0.192177382137495,0.68,1.0
17230.0,-0.469326705102944,1.11145278248281,2.04100272504592,1.73159516277684,0.135146841769907,-0.0936251754891053,0.266155169970928,0.0829882363836626,0.58025540346041,-0.164562674892883,0.500376369958899,-3.0217601822032,0.924213260310925,1.50079377517002,-0.400282644242405,0.706047712602575,0.115114264650572,-0.0467958788933584,-2.54852159198286,-0.358708665630957,0.159387389394564,0.592669568808717,-0.0535961838321624,0.320747502076217,-0.36912075429213,-0.136604684929151,-0.100845186803931,0.03934714768212,3.93,1.0
43494.0,-1.27813773524814,0.716241580332591,-1.14327922918382,0.217804800631468,-1.29389046969973,-1.16895152511977,-2.56418198278833,0.204532467641239,-1.61115462297744,-1.25028553742691,3.36736102310858,-4.58309584545642,-0.806939683730076,-5.20830522179452,0.525823682164556,-1.81591431259746,-5.24911146794949,-2.19669120679566,2.10905264474381,0.817203155491914,0.490182667533974,0.470427403079725,-0.126261344339209,-0.126644458784455,-0.661907559467122,-0.349792996571914,0.454851068382725,0.137843477172283,24.9,1.0
58222.0,-1.32278906321956,1.55276821126964,-2.27692070362638,2.99211739124618,-1.94706392017319,-0.480288250384527,-1.36238752318047,0.953242226598613,-2.32962885992389,-3.39355348115172,3.1284396921776,-3.57039373078107,-0.595198191474463,-3.98841505479623,0.995905842419722,-2.84378455855144,-4.82624611607161,-0.703883464864473,2.15221455770756,0.988493486888991,0.614968996752659,-0.195199717277462,0.590711261700839,-0.233377663885038,-0.164285286785183,-0.27749787053455,0.428610084734921,0.246393746180351,270.0,1.0
102625.0,-4.22122078925031,2.87112058054735,-5.8887158872207,6.89095207502484,-3.40489435037622,-1.15439396843915,-7.73992801001653,2.85136330092288,-2.50756869395709,-5.11072764247853,5.35088988417692,-9.29980722738699,2.79314035729228,-6.10655192524523,-2.10694702580884,-6.25062921491661,-13.5663252216994,-4.19278019670633,0.510570181831806,-0.227881506131312,1.62059124560534,1.56794700869044,-0.578007459600926,-0.0590448081819941,-1.82916881940751,-0.0724287202294822,0.136734308772186,-0.599847542493268,7.59,1.0
49985.0,-1.55421636788274,1.69422928947167,-0.903333638062708,2.42543608490852,-2.89978748492542,0.133028430446298,-0.286225919411127,0.555944559014401,-1.39491838156524,-2.89261176082088,1.96223597455109,-2.38526266137636,0.458337202321203,-3.72454345377605,1.84397832505056,-2.01392370780293,-2.81560029569659,-1.09229027232613,0.139687230416985,-0.0323343863075664,0.493436338989664,0.733393182273647,0.202349959595007,0.492053700892718,-0.183790909215829,-0.19991711985608,0.395200622125666,0.0276930320930062,360.0,1.0
116738.0,-0.984194696024601,0.109386510624321,1.35258057871344,-0.930552199646221,0.624315199450728,2.50770352565399,0.883585334549719,0.325060209636001,0.59777333511445,-0.00694895764058259,1.29050561666982,0.534771093883966,-0.337399704997387,-0.505571361010554,0.473661136839318,-0.868312339704124,0.0428376724789219,-1.1445610934695,-1.55275959048915,0.203386713268069,0.216600534567181,1.44189049524721,-0.197708908067305,-1.70305662695701,-0.312664783014731,0.536233302692267,0.266611048287472,-0.240531453321567,163.49,0.0
62341.0,-5.26775974325256,2.50671895922695,-5.29092481764433,4.8861341982102,-3.34318841087649,-1.10008548506579,-5.81050918581537,1.72634335514407,-0.749277159995058,-4.83482799462627,3.54601225001006,-7.75128547808951,-1.19569394502348,-10.0185024459282,0.29639612212368,-7.47716172698803,-9.78580026201852,-4.24397714797126,2.68112678165858,-0.286043269744833,0.764265624858483,0.473261684078133,0.54848172305712,-0.15685005182413,-0.71018694460215,-0.366422677340972,-1.48676592030738,0.677664104601632,1.1,1.0
112416.0,0.099640587318978,0.92307631053521,-0.348161836695911,-0.618929253192468,0.808715518201291,-0.612992331987051,0.802633123699666,0.0876529493309992,-0.155986780734163,-0.63376698377779,0.944106223317426,0.0508267157118945,-1.15983128562685,-0.602544383233399,-0.833438037815292,0.539521204338901,0.223289619396889,0.366059312419007,0.019053800556391,-0.0465119610884325,-0.294837719171963,-0.784574270226365,0.107585957645036,0.631943684007831,-0.50508042327938,0.090237110825608,0.212464393574646,0.0730328832273724,1.78,0.0
76450.0,-0.406473320749149,0.940731634572393,1.12722194542323,-0.1691115288435,0.337801176165721,-0.0307769602730925,0.444190007450449,0.297498321474844,-0.466068624100043,-0.352671282674113,1.22400550444592,-0.00842838258231324,-1.0482731130434,-0.00124420124193213,0.592175061260576,0.43447296321353,-0.0191634127720087,0.152039238948702,-0.0285106751560505,0.0317255897758289,-0.218930218336789,-0.61460785210101,-0.0255559953165836,-0.390073436533223,-0.257677950277603,0.108247751314069,0.250634782634644,0.0789993931616475,2.67,0.0
18088.0,-12.2240206243564,3.85415032971366,-12.4667657248211,9.64831072711484,-2.72696132147655,-4.44561038185083,-21.9228110340575,0.320792273696859,-4.43316165783721,-11.2014000859835,9.32879925655782,-13.1049334662012,0.88848078772943,-10.140200337183,0.713465392614318,-10.0986706554809,-17.5066115481045,-8.06120798966267,1.60687003263877,-2.14718143950284,-1.1598299509044,-1.50411888189644,-19.2543276173719,0.54486672601225,-4.78160552206407,-0.00777228109993075,3.05235768679424,-0.775035651186717,1218.89,1.0
43028.0,-1.10964552515211,0.811069300236989,-1.13813532731484,0.935264670223385,-2.33024787785051,-0.11610605479739,-1.62198623466478,0.458027900124116,-0.912189159098001,-2.96199570179906,2.77896789639267,-2.37959961108923,0.918962784041379,-4.01578678027745,-0.530009790602772,-2.81588776765893,-6.6493577879714,-1.74611328389964,1.08340676372199,0.168890572541282,0.641593528333926,0.841754904759402,0.176727750810022,0.0810041184974676,-0.258898742565752,0.707654245320429,0.418648658517389,0.0807557537005394,204.27,1.0
82289.0,-1.46489654758402,1.97552752738073,-1.07714453940265,2.81919063998449,0.069850228405671,-0.789043629709432,-1.19610144945515,0.673654375004339,-1.36372387646135,-2.9328952580311,0.301368829965399,-3.24614143685335,-0.465640147552938,-5.42936187944371,-1.30498291640657,-0.953623442669269,-2.72734300093373,-0.63643691865914,-0.927124072666602,0.048968800272123,0.174099465690177,-0.272505290211891,-0.0315494503920774,-0.406165929676999,0.157768979757404,-0.104392920359594,0.0737955599806211,-0.0415702518454821,1.0,1.0
55760.0,-6.00342167645829,-3.93073139597263,-0.00704545511728066,1.71466918264498,3.41466660221529,-2.32958262254194,-1.9015116901208,-2.74611109114189,0.887673207764977,-0.0492328559624844,-0.153131026660117,-0.814309846145704,-1.89479558623308,-0.83148260879597,1.38728869521525,1.18890675852063,0.536817322665437,-0.0514032140040002,-1.23138550165184,-4.12818582871798,1.10167131666753,-0.992493706726384,-0.698258928361953,0.139897673540465,-0.205150795631722,-0.472412262665941,1.77537805651063,-0.104284625925588,311.91,1.0
41348.0,1.27306907280111,-0.173594070261837,-0.204775782683278,-0.782035492366234,-0.365934795377957,-0.954219710269502,0.112947442780002,-0.137097433026104,1.35328630768328,-1.00798313273007,-0.368087774629852,0.207445339778902,-1.3322606601319,0.571394442575842,1.06018233816164,-1.36106591529671,0.493887729821186,-0.60501653247634,0.475981339617517,-0.252981045192225,-0.00540360504139105,0.228586301687486,-0.149400493679662,0.094512020433347,0.848446933321055,-0.516617476788327,0.0453539865447604,0.00543175347737851,1.0,0.0
119337.0,0.120761484174994,0.724716410274544,-0.948449634658335,-1.43509581027312,1.04541237642291,-1.15921129037015,1.53390496333927,-0.476549173448818,-0.401892960382604,-0.454235465888302,-1.48053597793977,-0.712945745938497,-0.535555783078136,0.59756928955597,0.0617510318093468,-0.0926019964758387,-0.529835342801511,-0.501133374041164,0.219479451899917,-0.184587147333254,0.0877862152645618,0.225703554010601,-0.26228688582089,-0.690240148982404,-0.117495732224464,1.31411447385398,-0.214261396507246,-0.0186705063782331,39.99,0.0
39061.0,-0.939959649662244,1.30117291383507,1.23683612963119,2.48729780323083,-0.271821703759421,0.354964486360236,0.458075778233853,0.433066508428139,-1.48569058759525,0.307021043416792,-0.587729782820207,-0.181436165197056,0.315088278105055,0.456712991690696,1.03784773588136,0.0452044500044092,0.133111219010406,-0.179558983050409,-0.370563531652274,-0.0917149321584217,0.350328368934604,0.907651797072207,-0.0189743870724822,0.111893614839155,-0.296199839035829,0.239552339765785,-0.0556686811184645,0.0600303783897333,89.89,0.0
100223.0,-19.6418567335974,14.7063346696674,-22.8012376947782,12.1146718424589,-14.898112530969,0.840777704221173,-28.0112929096778,-11.9196388199434,-8.9609216998511,-18.9132433348732,4.971248707036,-12.6863075224956,-1.07144311342478,-7.38337003956967,-2.99243029925503,-8.58230865037102,-13.8065681285297,-6.00035879778826,1.42263161326029,3.83464904792346,-8.22887409813848,3.31817776987025,2.58521234602075,0.195008569338351,-1.19480304002391,0.0384229399473607,-4.12674625203028,-0.645329219040983,2.28,1.0
55760.0,-6.00342167645829,-3.93073139597263,-0.00704545511728066,1.71466918264498,3.41466660221529,-2.32958262254194,-1.9015116901208,-2.74611109114189,0.887673207764977,-0.0492328559624844,-0.153131026660117,-0.814309846145704,-1.89479558623308,-0.83148260879597,1.38728869521525,1.18890675852063,0.536817322665437,-0.0514032140040002,-1.23138550165184,-4.12818582871798,1.10167131666753,-0.992493706726384,-0.698258928361953,0.139897673540465,-0.205150795631722,-0.472412262665941,1.77537805651063,-0.104284625925588,311.91,1.0
61458.0,-1.99539467239886,2.15144554813311,1.71782539854615,2.46094844866608,-0.68448861160163,0.669099998284354,-0.430516387040788,0.21363057082144,0.120413192828901,2.41169089837338,-0.876561580591587,-0.0239834089159379,1.57944025155414,-0.867234075259287,1.79828871660697,0.528658744222143,-0.626336705308998,0.779106190803225,0.481747495010924,0.487277055246166,0.27143473420853,1.06404804464048,-0.141089944071176,-0.107226794631956,-0.577134503702449,0.155125657673552,-1.02110567220421,-0.410223308144694,1.52,0.0
38326.0,-0.919811290939925,0.849130967659413,1.62616369315562,-0.217905070097759,0.801843773132927,0.0171289719708521,0.822767907962657,0.19114705263094,-0.891648766196781,-0.639427647237685,0.96138163909985,0.362013296380892,-0.489564788399744,0.514030091064664,-0.0478840172353842,0.210958762968486,-0.713888387234271,0.142114000277762,-0.808569917653568,-0.0943921787790848,0.152008268248358,0.299980622623785,-0.377024338773255,-0.316767535222522,0.638536130966084,-0.379839540430774,0.0305242074068247,0.0477658790758709,19.0,0.0
101597.0,0.91311613528992,1.1453810871791,-4.60287793273505,2.09180337375362,-0.473223859280585,-2.0854358325571,-1.67124403232231,0.0943965856348779,0.337798765397573,-4.4318096317282,4.87197985976052,-5.39522117678937,1.33250215621937,-4.60379669207464,-0.77731354811867,-2.57189156103509,-3.00361530529652,-0.225441388417525,0.252273565031692,0.50898474829098,0.40141574109896,-0.0849334160429759,-0.197684434494785,-0.283271078982557,0.387597335722074,-0.553526986386025,0.516274456782261,0.270828187083758,147.87,1.0
59777.0,-8.25711081724667,-4.81446073955621,-5.36530689032661,1.20422986423394,-3.3474200965739,-1.33160147516446,-1.96789279857039,1.29543781710486,-1.67441524280437,-3.42605225253339,0.144562690111297,-4.28352931016896,-0.24089504151477,-3.65749040377527,0.923104767832095,0.844221069436753,-3.94831185243281,-1.8075159915996,0.105878827218844,-1.23398725720348,0.436390207477188,-0.077552722802211,-3.09162435615504,-0.390200885685448,-0.288688941339997,-0.340004217403437,0.0398191045440342,-1.00790031022705,319.2,1.0
19762.0,-14.1791651073631,7.42136996239257,-21.405835744128,11.927511869244,-7.97428068736155,-2.20271027666529,-15.4716122801735,-0.356594909586509,-6.38012489838839,-13.3482776536659,10.1875873241664,-14.5639797552132,0.59375935763569,-14.4915983463022,-0.281392503951236,-8.2641288443605,-12.4398049728466,-4.83707902601307,0.753149847889189,1.00276434172175,-2.36683606243662,1.13095519799655,0.991153238179024,-1.03313210707298,-0.327179344936207,0.634692903522304,2.17190494464567,-1.39528768393339,1.0,1.0
95701.0,-2.92277227649155,2.03370811155962,-0.300299755297768,-0.37816184569743,-0.159798478824715,-0.247511156528291,-0.00488912112044851,0.787596350896685,3.12803885735837,0.863641336293243,-1.03883231764342,-2.83898425939113,-0.19077295055093,1.20977652443996,-2.4532735598347,-0.702173727721941,1.13836988368897,-0.481230409539718,0.23037733756007,0.40173418076359,-0.796400942193768,-1.09518133817395,0.279310590189316,0.546782994873446,0.361587010721664,0.0734755058257328,0.621247164770925,0.427303011391366,0.01,0.0
8451.0,0.314596589729515,2.66067027657541,-5.92003738034463,4.52249960508858,-2.3150272861839,-2.27835165394776,-4.68405393631569,1.20227026523098,-0.694695511200349,-5.52627805985834,6.66243683071252,-8.52546492534563,0.742745446888019,-7.67866801029943,0.593070459066131,-4.47813659534324,-5.84426647937357,-1.1027307945783,2.17738568653903,0.562705643312244,0.743314023428983,0.0640383555765096,0.677841675250346,0.0830078227438395,-1.91103446375022,0.322188398435937,0.620866538820488,0.185030354728703,1.0,1.0
72327.0,-4.19873460983989,0.194120636801706,-3.91758567828042,3.92074784640417,-1.87548574659158,-2.11893292738694,-3.61444510993627,1.68788446543007,-2.18987113590881,-4.68423332514029,4.37690666362302,-5.00744082816051,-1.30474507803596,-6.19247526385522,1.00240426741391,-3.31693430074553,-6.18883415213498,-1.04041264854272,1.23304434947994,1.0033504305956,0.801312235949018,-0.183000576489906,-0.440386862411508,0.292539411877521,-0.144967421927777,-0.251743981877142,1.24941367428483,-0.131524643545312,238.9,1.0
37405.0,-0.361939027216608,1.05643417470131,1.04277638740383,-0.479443506892157,0.766481022287472,0.241990262219379,0.676029549459579,0.0876047868937527,-0.774184204317846,-0.184114903517582,0.321496243599439,0.932040949806292,1.58070387800817,-0.0204139536650632,0.0939317818349555,0.726301931124493,-1.21807727860945,0.416068989893035,0.805783498911025,0.245894217035236,-0.248439526223681,-0.618340206898931,-0.214400709937386,-1.01177107908796,0.00531565189940486,0.133330803520423,0.268120899263009,0.100163602175689,4.95,0.0
62330.0,1.14086473658976,1.22131743135767,-1.45295546048243,2.06757505760281,0.854742052227546,-0.981222507744598,0.325713913670098,-0.0377214068783676,0.113219371615132,-2.12697274994354,0.915947028928619,-0.468571538051367,-0.523377293666349,-4.86186658087283,0.421013353871263,0.866440624739209,4.08248488419359,1.1963181517001,-1.10076358353881,-0.0677120411898438,-0.377597095255037,-0.79345965987036,-0.132333171548173,-0.33158626897425,0.664877856718148,-0.309312434134138,0.099941947375597,0.122988311929089,1.0,1.0
38725.0,-0.706814310635924,-0.346238784152356,1.92057645285788,0.692168960136734,0.0558912650566294,0.325579930990804,-0.38438247657447,0.207136059686053,0.300413993565949,-0.430249335329601,-1.62335247773894,0.173126474521959,0.868154377903518,-0.687464794511134,0.407455909262403,-0.566965621036853,0.362564682062473,0.038267675785727,2.56968967394238,0.573694595931442,-0.102596989113623,-0.258043171740974,0.0769277482230383,-0.528670124041781,-0.354847207154143,1.18099249456689,0.0673619694832561,0.133293453321865,70.0,0.0
44248.0,1.2367980623009,0.361131344677358,0.0596603608083526,0.674370640462166,-0.304786707621219,-1.60445834936536,0.568633275670275,-0.462912900546392,-0.382700167477457,-0.0396658000230482,0.319086913296918,0.770611344642701,0.709869245488941,0.38899772563743,0.58824278701452,-0.316357191760246,-0.0761010451964291,-0.836123173544118,-0.261078993547969,-0.045092099922606,0.0250673254883341,0.110594296768389,-0.0654102510281005,0.992750000190485,0.617611512568162,0.497815827975927,-0.0691810599454323,0.00856389963074752,19.99,0.0
63329.0,0.0412446153534991,1.19913011540476,0.216855623005702,0.930540367505231,0.359946575919444,-1.14860101392783,0.996967909732425,-0.303169181116829,-0.454188950459286,0.318164320577107,-0.528972189506489,-0.0483229899804571,-0.044158294067719,0.462083117420674,0.676831173353151,-0.568197649216371,-0.152466481942026,-0.12639508240092,0.388415390616463,0.0246178226553984,0.149317339426808,0.610622031241381,0.0479860930044054,0.399686974620196,-0.71717492417857,-0.427201117607807,0.307496873415006,0.224443881842869,1.29,0.0
39729.0,-0.964567282813312,-1.64354066791439,-0.187726849232163,1.15825311047012,-2.45833564593802,0.852221660377025,2.78516254594393,-0.30360853861401,0.94000553101046,-1.96530880945923,0.159743522312315,-0.490697387341298,-1.1819769933833,-1.95887596969497,1.15274328622613,-1.34126935794233,2.49832484974359,0.777831088916474,1.4060448737262,1.78444933498197,0.447180121733859,0.536203895046365,1.63406050110051,0.203838849073356,0.218748854725954,-0.221885828382479,-0.308554718022245,-0.164500017914328,776.83,1.0
50539.0,-2.51489115450757,0.43313536488028,0.0144545305735834,-0.432481937922602,-1.99895067252481,0.132865301412782,-0.0776098773790336,1.14816690783188,0.522381371903813,-1.22551932507606,-1.88325676826381,0.771787889194072,0.621017261830462,-0.0120881279968952,-1.06615572533201,0.676000375455901,0.0482935170697638,-0.305765162018865,0.0312499602628735,-0.600709980882125,-0.114909025996623,-0.128898265238965,0.417213517077609,-0.0519768359240843,-0.699306007604472,0.671165218943948,-0.180940730168407,-0.114031060144569,194.35,0.0
93074.0,-1.8302681443272,-0.271959789621899,2.43559226704119,-0.789757650625073,-0.18081482731025,2.57338791466826,-1.21699945810477,1.47555649650427,2.96210013876454,-2.19013952838148,0.572503285439655,-1.27863128970901,1.0118184769475,0.700519017391881,-2.31463816225343,-0.860789752186445,1.25108998232498,0.0634328218046617,-0.751828402822124,0.00478501940953034,0.119140432728393,0.860037414705025,-0.326117400322737,-1.66198545367831,0.638392006131619,-0.239560961851526,0.266698035984214,-0.021788789917677,70.56,0.0
93879.0,-13.0865194204794,7.35214833905529,-18.256576111808,10.6485054461688,-11.7314764509112,-3.65916740569145,-14.8736579646075,8.81047267511276,-5.4182040716445,-13.2025771482197,6.35722736343626,-15.5316111795156,0.659694875353275,-11.4123295951252,-2.44757607431839,-9.83374302098841,-18.1746174349071,-7.269904593126,0.623796611777714,-1.37629840858733,2.7611570593153,-0.266161809571132,-0.412860724865388,0.519952215674181,-0.743908960008006,-0.167808225140728,-2.498300252188,-0.711066151912636,30.31,1.0
120651.0,-0.318076667777907,0.441736864082611,0.126557523447972,-0.798957546788514,0.701785515777322,-0.614184998263462,0.882795044318588,-0.0840290490345936,0.432529252853061,0.347327785261716,0.179365066888419,-0.620750872416523,-2.38257117448925,0.475889159738976,-0.706134435135432,0.180195700632157,-0.732819611067126,0.0428678856069271,0.293375254022353,-0.00455551868361829,-0.354746593385572,-0.678773132839288,0.219792167628506,-0.545040443352624,-0.483994300945988,0.143632140607454,0.20476087777951,-0.106873358830278,9.98,0.0
17838.0,-5.18787810836635,6.96770866359565,-13.510931139095,8.61789514115238,-11.2144223939458,0.6722478387604,-9.46253281088355,5.32870420774381,-4.89700552817542,-11.7868116556041,9.36907905765884,-15.0941631493865,1.25637700700759,-11.8521613037824,0.274429814172421,-10.6882417917386,-18.3888105354245,-6.89884013301839,2.38280793552097,-0.623737291574186,2.08608300107406,0.760190240866359,0.716805785858217,-0.646743429628277,-1.61704292571624,0.172346889503238,0.626646780979254,-0.169726031129409,766.36,1.0
103808.0,-4.51734375344642,2.50022390414582,-4.01392753708116,1.18945163355882,-2.48686063585833,-1.41347553285281,-4.24570662259591,1.26508694822894,1.16882778968781,-4.51390660472333,3.69471123994721,-6.11044323287235,-0.110521636054475,-4.18455528093394,-0.93103463417672,-1.61471832598223,-3.35318018239636,0.236762036968587,0.0038960221310578,-1.05616226010439,1.32694422202396,0.102998961106284,0.508166904438541,-0.278017536127694,0.139721094971637,0.0646100247346309,-0.972358289293076,0.351359561196795,2.27,1.0
18690.0,-15.3988450085358,7.47232389650112,-19.0269123426632,11.165525840514,-6.89385628014845,-2.12093657486019,-14.9133299850456,-0.721214094320184,-7.1750966153358,-14.166794659606,10.2777688628065,-14.9854337328686,0.345179234077653,-14.6663889726541,-0.346352541965346,-8.33324249555463,-12.6025964553952,-4.87668342078337,0.604625910708604,1.11150221461014,-2.44488368228,0.727495341024629,-0.345078151264077,-0.981748551471828,0.995271346300177,0.816761717958274,2.26294237384391,-1.17806316323334,1.0,1.0
59777.0,-8.25711081724667,-4.81446073955621,-5.36530689032661,1.20422986423394,-3.3474200965739,-1.33160147516446,-1.96789279857039,1.29543781710486,-1.67441524280437,-3.42605225253339,0.144562690111297,-4.28352931016896,-0.24089504151477,-3.65749040377527,0.923104767832095,0.844221069436753,-3.94831185243281,-1.8075159915996,0.105878827218844,-1.23398725720348,0.436390207477188,-0.077552722802211,-3.09162435615504,-0.390200885685448,-0.288688941339997,-0.340004217403437,0.0398191045440342,-1.00790031022705,319.2,1.0
41578.0,-0.282113388701949,0.864607200422782,1.22373959908108,0.587250051041861,0.510069703701212,0.166786975070095,0.678755791327947,0.0697825205249007,-0.356525922345755,0.373711534396073,0.894443090336917,-0.510179522116363,-1.87261917058544,0.668917702211472,0.823584222040993,-0.333762719378827,-0.280932114094719,0.450097094365089,0.471118614140167,0.0745898416872662,0.0930371520464796,0.533319537648863,-0.20940663411829,-0.342954059369376,-0.342568370498673,-0.307078995340064,0.255215829045317,-0.0182291490753555,3.3,0.0
23802.0,-0.233058579457541,-0.584275096003624,1.31919024194657,-2.50308521610355,0.224586128735064,-0.118577620966958,-0.230281439383081,-0.298960179316158,-1.22411674508026,0.823448511160637,1.10705088434517,-2.89528411486028,3.12289724468286,0.733605453343279,-1.53064103201398,0.103675880501993,0.153675473767393,1.07946758671722,-0.23691297658623,-0.116207046756941,-0.276876227946822,-0.129632017655359,-0.150693847919901,-0.897542878962157,-0.250126289217927,-0.435809206182901,-0.054793504800755,-0.0911988843281982,25.0,0.0
15265.0,-2.4085407351839,2.17588484041843,1.41715009578139,-1.91979632280214,0.223900225072486,-0.512814902965668,1.17848028830232,-0.781815508602338,3.50876888845572,2.90283692679101,2.41957926453119,-2.48044916205519,1.17536852767062,-0.00332898058154109,-0.586149443057067,0.270414361767603,-0.86032653999949,0.292824038020421,-0.692772274690818,1.375705601797,-0.746818538441641,-0.337758375603379,-0.213632606716883,-0.0741524919267348,-0.128851936459348,0.484750251663775,-0.636402519385024,-1.27523969622263,0.77,0.0
48863.0,-0.798312034248866,0.646046088287097,1.18707780431497,-1.79019902802667,-0.33743391097007,-1.0679053872132,0.474922429635831,-1.08295240430937,-1.49581901845034,0.11011432171858,-0.417126515618514,-0.868956617837733,-0.230871853375787,-0.0477874548259743,-0.0970669640258502,1.09178348452993,0.19151942243714,-1.78950047980884,0.281806459811073,-0.18680967719635,0.642348951513417,-0.833963765640931,0.0509912580246971,0.338233762099524,-0.0341706071868524,-0.684355128757217,-0.0262746230553205,0.107922105249311,35.0,0.0
27252.0,-25.9424344479142,14.6019980426299,-27.3686502881266,6.37839460769688,-19.1040334039646,-4.68480620428185,-18.2613929340355,17.0525663121462,-3.74260500983864,-8.233721369876,4.6648362538527,-6.52566786025865,0.92375858946558,-6.32597461208273,-0.0702237027595964,-5.83836021908828,-12.0616957125199,-4.77334851403019,0.852969608454831,1.66730429040185,1.78431598423494,-1.91775921336107,-1.23578743924962,0.161104731783341,1.82037804128869,-0.2193590586868,1.38878576213598,0.406809649908512,99.99,1.0
55311.0,-6.15960693036327,1.46871292315117,-6.85088814665684,5.17470627250374,-2.98670392387712,-1.795054145699,-6.54507152628193,2.62123613805269,-3.60587012643541,-8.12216107491307,6.02903256317613,-9.22585530778592,-1.54675863096913,-10.3093341893072,0.308062393533042,-7.78732622111619,-12.8221770045808,-4.36767713342358,2.64398422133793,-0.289829585956863,1.06131418230601,0.125737468595024,0.589592331660844,-0.568730604518481,0.582824720935876,-0.0425826450995479,0.951130233081124,0.158996023697089,0.83,1.0
58401.0,1.28221899467494,-0.906194083605652,0.939359882089025,-1.37912596308179,-1.6744451023549,-0.723492577457714,-0.8943085074409,-0.106073985505051,0.637513020397212,-0.318216792622976,-0.507406483801553,0.956882547520928,1.22943771812485,-0.500100788161146,1.03412056675547,-1.97293190488454,0.0492232833238521,1.45038454717129,-0.240057270050442,-0.390219139717563,-0.323175026601989,-0.249824307230709,-0.00598576426242143,0.396673126675722,0.410874182809585,-0.678438402570802,0.120162007516387,0.0491961149078737,40.0,0.0
68207.0,-13.1926709562391,12.785970638298,-9.90665002092758,3.32033688288942,-4.80117593230105,5.76005855618556,-18.7508891580107,-37.3534426378925,-0.391539743919107,-5.05250236713858,4.40680552357904,-4.61075647740608,-1.90948796970811,-9.07271093398351,-0.226074450896345,-6.21155748212485,-6.24814535335983,-3.14924669470095,0.0515761185277783,-3.49304991519446,27.2028391573154,-8.88701714094871,5.30360690376998,-0.639434802306313,0.263203123457008,-0.108876929971315,1.26956635541013,0.939407362758877,1.0,1.0
68565.0,1.32870828153018,-0.88296402680185,-1.08060607139109,-1.72416506678061,1.30031164189921,3.26988421900209,-0.993341171917419,0.783374985408019,-0.970065561642113,0.681523990930616,-0.182946131238321,-0.204266198031867,0.389594221810917,0.201829993666191,1.18837592064525,-0.755833887259311,-0.593463359907241,1.12359924219018,-0.316293781872351,-0.227517290087239,-0.711488641439018,-1.90135208235328,0.205935233081362,0.977712570723874,0.0157477274978202,0.684444366320883,-0.057510118499814,0.0204490045550397,64.0,0.0
7569.0,1.12527351866211,0.715677929520886,1.0331600470762,2.60909161587627,-0.134327123774752,-0.263140757280143,-0.0246853846303528,-0.0794022228905125,0.187891107207499,0.450666506668654,2.44211784745691,-1.49354999275973,2.13846760836975,1.81692179519808,-0.954989296895114,0.856553048887698,-0.125960514264753,0.161256499569566,-0.916993994240455,-0.14777196121137,-0.32611573410368,-0.787929010782634,0.160437600082812,0.444098478803907,0.186248589668211,-0.337166784420414,-0.0339189793775159,0.0160257767606422,6.34,0.0
61108.0,-2.7560071191969,0.68382137690334,-1.39016888269883,1.50188726081003,-1.165614355805,-0.13120694925796,-1.47874061646082,-0.246921578045176,-0.100522731731488,-2.30110989675506,1.91445404493049,-3.8309980112302,0.719488566785256,-6.35301985790071,1.43871619241123,-3.29723907467834,-4.86297149937169,-2.00235399924327,1.54523326964355,-0.106944639579729,0.320473875601072,0.61102668559867,0.174863684107414,-0.502151101117601,-0.174712784335661,1.17924208342707,-1.16631532833921,0.821214803121569,101.5,1.0
114054.0,1.87439045703608,0.402010747763082,-0.134651385084492,4.01833610132906,0.143817670434428,0.413084662039415,-0.151660591638666,0.0287658007723085,-0.438253338916192,1.25540050708291,-1.22290256321505,0.620902936568411,0.836748597955424,-0.522331562392171,-2.0497704350276,0.247486467748715,-0.337495845245985,-0.6837790998075,-1.39696234857739,-0.240814706016827,0.113381464148281,0.626977647557402,0.148483246295873,1.18040027136219,0.108589826628217,0.0723739033680662,-6.73740640553117E-4,-0.0340240218693118,1.51,0.0
68610.0,-0.931306144994217,-0.0710588492419811,2.18193961276595,-0.266457695993538,0.355038253545109,-1.09128763260693,0.581939730392896,-0.267882770336245,0.159567861758743,-0.801944088261393,-0.416630168720921,0.679335591481903,0.57484639381719,-0.697254183880628,-0.93832398071624,-0.45339994793073,-0.0931617891525983,-0.740324455634731,-0.296719463282784,0.230346224057603,-0.0193853735686074,0.0761130069187689,-0.169212936667393,0.790430348279172,0.610104404201186,0.548643628209004,-0.273164338930955,-0.244040045555427,39.2,0.0
25095.0,1.19239598990768,1.33897371069007,-0.678876186687009,3.1236723071222,0.643244863589275,-1.18432299431215,0.397585526006899,-0.253498538261658,0.41113497684127,-0.859862301810301,1.124059382453,-3.76387384832398,0.367975966769142,-0.971757538368114,-0.0138825132357776,1.45757852763076,2.61145033447876,1.2919552295122,-1.56381522671193,-0.185454650142832,-0.377503243008699,-0.889596747960403,-0.0742075893964193,0.0354455164139561,0.550577974200231,-0.0271712789934873,-0.0249206212266212,0.0736053986634045,3.12,1.0
74166.0,1.20256292139419,0.163117313825029,0.607481740897047,0.558714184603947,-0.573937506048187,-0.798942994015973,-0.0759852215713321,-0.0386799221025369,-0.140899793414763,0.119871733266683,1.56678377423884,0.817165386294075,-0.384952413533222,0.563494612385392,0.380035343509212,0.466797994507374,-0.566341180803108,-0.0425349395238774,0.097489457287825,-0.125945992670479,-0.198969635889463,-0.641776292188826,0.156253643247078,0.514485370295852,0.140464789852473,0.0664077257932276,-0.0363953702996276,0.0096684327297527,1.79,0.0
57163.0,-10.3630494651588,4.54367201286394,-9.79589773551539,5.50800333404763,-6.03715599427489,-0.133492972364907,-11.7243461176622,-3.19834557193323,-4.76784222430147,-9.33212806886128,5.2241240042156,-7.74312234505579,-1.56034320038539,-7.14041803349475,1.18597782557697,-6.59870406570123,-12.1205390025684,-3.90409153348034,2.51343040062446,0.924396179705582,-2.45714487251707,1.68725664165106,0.977178353536712,-0.543368976583511,-0.289124786926125,-0.107586425389056,0.330641897772597,0.163577149556086,1.0,1.0
97379.0,-0.175923446727998,-0.576181717894453,1.62063582972755,1.48041644429552,0.900508421245897,0.166428770721409,-0.971481701094576,0.105863835511993,0.842016505322212,0.817425813182303,1.24083863996732,-2.03696053396878,2.86397306757867,0.720781856452054,-1.3685468385014,1.80316425487445,-0.782220538043851,0.863590222076431,-0.99320046452945,0.254837012725256,0.326694845953307,1.13430566321471,0.593421504366023,-0.419591134639347,-2.94290210937217,1.85728096169028,0.0489669809345205,0.143304924034825,15.25,0.0
71439.0,-0.867554339469301,1.04885185470959,0.668899948396911,-0.207698672478066,0.21019327538178,-0.103693409094058,0.263473561649664,0.598238416973471,-0.353004947981427,-0.541341583642939,-1.37751392935072,-0.859537681556309,-1.23537904441437,0.774069427380659,1.14447961964787,0.216264670705785,-0.125626904437128,-0.289294656144304,0.00487008572002571,-0.0606031314254687,-0.133253625616123,-0.506524219464397,-0.0339392416525868,-0.810433743637229,-0.275188618673643,0.206798886251575,0.201806200176863,0.101705464372919,15.69,0.0
31992.0,-0.323682258840945,1.05639040603476,0.852965517836198,-0.221985437835029,0.749220581290734,0.0502795048742704,0.604588030608143,0.120719205902116,-0.358126343048297,-0.556266172325988,-0.855886714405824,-0.215572015128678,0.478343974197184,-0.501235508311897,1.19759592952399,0.373030504828683,-0.0901381652271585,-0.284564289484358,-0.0707374149461689,0.127919320031478,-0.299675460726566,-0.744540831687962,-0.113766185827905,-0.979754729776568,-0.0922729679210446,0.163400680875822,0.262223743005506,0.0853491962540578,0.89,0.0
81097.0,-0.898577133084208,-1.00013591803217,1.47545683311491,-2.60402148765242,-0.536838705498603,-0.312237956358266,-0.448213061352655,0.20097303759409,-2.30168525405018,1.05712891496004,0.177330020788366,-1.06202478619,-0.184943526368054,-0.24540280385117,-0.430359469634455,0.431193354916238,-0.335456612675283,0.899939041523151,-0.220071331123374,0.111369604051987,-0.251742122120823,-0.693421964794254,0.189619236402199,-0.601974256353345,-0.062081366836532,-0.512355083229378,0.296258251652298,0.17232524073144,97.93,0.0
85576.0,-2.20763091845218,3.25907610397605,-5.43636546967173,3.68473739367705,-3.06640091036945,-0.671323195313701,-3.69617839443207,1.8222724578951,-3.04965272773018,-6.35388725151755,4.35148149710451,-6.4532473302497,-0.0614319367541572,-8.44287285721034,-0.328820639839654,-5.44079518325917,-9.5180378916264,-2.43806861829455,2.33675362049059,0.808336360421968,0.920899033968287,0.0376745089378149,0.026753977510545,-0.791488823729947,0.176492777047381,-0.136312279131778,1.08758482385547,0.373833528935625,240.77,1.0
59371.0,-0.452044881371073,0.929914018827699,1.51708497001659,-0.0729053038807725,0.0190530078486123,-0.452351689867696,0.555530470211054,0.1319231646789,-0.239359500110098,-0.324605010500718,-0.357191993557483,-0.525548963477285,-1.04446660718173,0.380253765688518,1.21542207233398,-0.0449018049418112,-0.0541741532039049,-0.672703046611899,-0.33752494111928,-0.00593446763333756,-0.213414906927175,-0.566195321138017,0.0170091991494586,0.0260945414580835,-0.303341369104981,0.104445108427471,0.275413128199642,0.115158712507196,1.79,0.0
34256.0,0.539275913891047,1.5548897630737,-2.06618033324968,3.24161746276725,0.184735711234243,0.0283295594064726,-1.51552137985061,0.537035374444064,-1.99984603560986,-2.13317644293659,2.75617194535395,-2.24286436771513,0.615204246860345,-4.65280380668112,0.222163815521883,-0.775666019840941,-3.21861825150599,-0.370992501046414,-0.686196723569762,0.302734578907132,0.371773459120687,0.111954592156869,-0.305225078771695,-1.05383526243402,0.77117490696746,0.240878213732036,0.418434531995645,0.232169715166482,19.02,1.0
95628.0,-17.5189091261484,12.5721178535385,-19.0385383213549,11.1908946558522,-13.5547207079601,-0.41192361337145,-23.189396512394,-5.30141221815132,-8.63039030596902,-16.2556117491401,5.70211147983179,-13.8124040899594,-0.306815322507812,-7.01360737195925,-1.18229035380557,-9.3601791927531,-16.6683693822389,-7.14746777723207,2.16209864550609,2.52851232971436,-4.96947772242457,0.976124822110751,1.8412479337881,0.334417748210128,-0.720128461316563,-0.232603423065217,-3.02199247294556,-0.478158234859683,1.63,1.0
38385.0,1.40481079614329,-1.50050010310321,-0.962440742114407,-2.45204068369762,0.740081970123143,3.37382464790746,-1.5480891821005,0.798738123537384,-1.89223014814962,1.43544974376727,-0.187318544865468,-0.974143417266184,0.571960699999214,-0.23635805573183,0.944165897446361,0.144849895619835,-0.0763540839650632,0.368198956648651,0.107315509646753,-0.033648144102535,-0.373308591641267,-1.0512639007606,0.0731560094469572,0.951331506730534,0.264326968620242,-0.403418186997158,0.0309048877615107,0.0369967055487447,92.4,0.0
59777.0,-8.25711081724667,-4.81446073955621,-5.36530689032661,1.20422986423394,-3.3474200965739,-1.33160147516446,-1.96789279857039,1.29543781710486,-1.67441524280437,-3.42605225253339,0.144562690111297,-4.28352931016896,-0.24089504151477,-3.65749040377527,0.923104767832095,0.844221069436753,-3.94831185243281,-1.8075159915996,0.105878827218844,-1.23398725720348,0.436390207477188,-0.077552722802211,-3.09162435615504,-0.390200885685448,-0.288688941339997,-0.340004217403437,0.0398191045440342,-1.00790031022705,319.2,1.0
37576.0,-1.27980518737291,1.6657953279208,0.277385978450742,0.0337114050833907,-0.520417813408348,-0.930446639769729,-0.0625048328248137,0.847734282721575,-0.416237044512774,-0.634009336688286,-0.913125446018994,-0.204348380673195,-0.330282554215092,0.241233815050422,0.933056969348006,0.746107279786561,0.242315330171547,0.118094573351396,0.00726462851981134,0.00323660927161334,-0.238605162987889,-0.860054554467875,0.0534076190577537,-0.046672142154382,-0.0385648534740819,0.1048355441938,0.105519567640612,0.011028861103786,11.98,0.0
48830.0,1.25791284392475,0.597509955345626,-0.578114191341311,0.99227829508138,0.510821772914001,-0.37663834439788,0.178059634313828,-0.043906338265538,-0.28736300422876,-0.39669214591361,0.971937570871465,0.367487993237596,0.0723102337739561,-0.915100711154121,0.417791129487242,0.951295514630133,0.105634611769055,1.23933970791928,0.0326228842653422,-0.0641328672630398,-0.0567815962814513,-0.122683532476407,-0.239117685904237,-0.642818198887452,0.778060058858002,-0.291456546539622,0.0271782271009397,0.0323739715174922,1.0,0.0
101051.0,-1.46531575579616,-1.09337687781209,-0.0597678482279439,1.06478463530602,11.0950886001596,-5.43097128323669,-9.37802517086658,-0.446456139679101,1.99210961400888,1.78592177154007,1.36858453419511,-1.47169658834377,-0.72475884619705,3.44242199594215,-0.957403224855046,-1.62612941891216,1.41821495932655,-1.41791682839858,-1.65176618071699,-1.4576102135585,1.16062328833533,-1.2596968082996,-15.9816491909559,-0.883669935248733,-3.53671623161143,-0.59296488849027,0.675524833181225,0.424849351792902,0.92,1.0
75176.0,-1.10585986288774,0.143599768051265,1.59483458642328,-0.084230702866253,2.04327843014578,-0.424215115619177,0.727414287850347,-0.432549610522098,-0.171425005530471,-0.109141539945604,-0.783684969919624,0.111837270403148,0.84913957385284,-0.403329280030632,0.636382382544174,0.0155976162673849,-0.960243094047451,-0.595217156991614,-0.783966826191051,-0.109108380184467,-0.230645052864435,-0.272285278146068,-0.432490827755713,-0.753021905883072,0.0140402771929631,-0.694478982040148,-0.228984908097143,-0.376878889197099,3.89,0.0
11629.0,-3.89119195123086,7.09891625215749,-11.4264670967961,8.60755678650129,-2.06570621026229,-2.98528802203595,-8.13858941693861,2.97392807853452,-6.27279046836547,-13.1934150665232,11.6197234753825,-17.6316063138707,-0.355194389515515,-18.8220867423816,-1.2831290856146,-10.0310966568698,-15.2270075099256,-5.32200898058982,-0.501750653452579,1.38261899967275,1.75708522742867,-0.18970915318715,-0.508629244173448,-1.18930816877394,1.18853649934791,0.605241885913626,1.8815287524148,0.875260407222375,1.0,1.0
102542.0,-1.45687631770562,3.74030556080113,-7.40451844591174,7.44096403590735,-1.5498779534738,-1.66169686169337,-5.75721301357641,1.61501101078404,-2.19488072574389,-6.80713525144464,6.82579316213884,-10.3997491177692,1.83644883978883,-11.872845098188,-3.6423925983095,-6.0441031440521,-9.75077638654123,-3.11637225405711,0.0653171492484702,0.529557330911833,0.957897451629944,0.145339479676781,-0.0447039008346728,-0.544961671329029,-0.757756535554721,-0.00535236923589807,0.318152285707546,-0.323553622642371,2.28,1.0
60994.0,1.26349340941266,-0.0148088161002407,-1.16250274005987,0.264886763678508,2.18654329905871,3.60681662189755,-0.439225923341387,0.849180578477936,0.172468797235421,-0.0182306663286303,-0.542335351409825,0.23612504453617,-0.222834632604956,0.191461930130912,-0.151170093561501,-0.101310838607143,-0.510834888068547,-0.0763462556464121,0.363599292044755,-0.0389647469759689,-0.183486851422427,-0.480766242816871,-0.126525318125058,1.00987241839212,0.893237465561019,-0.326619256732662,0.025356455697112,0.0124421193042601,8.31,0.0
32792.0,1.16949904454599,0.236979891407757,0.592555673011617,1.06314998212659,-0.486970367995699,-0.677736639109472,-0.0422972835912599,-0.0197769458641664,-0.115248063901006,0.172652096777413,1.41326716692189,0.733643770700593,-0.553657521617016,0.607780126207418,0.319634480013774,0.320500465879882,-0.613715006814319,0.337578062929603,-0.157751428016454,-0.162266182586399,0.022550087322938,0.0392288134876762,-0.0140803344064009,0.507639954164067,0.480471317068291,-0.447791061422842,0.0171431794989167,0.0167501378226619,6.08,0.0
36918.0,-0.974776923229695,0.374945907551893,1.81971555173148,2.10409788345166,-0.252029290188328,0.887376447985993,1.1871577273648,0.267986905560087,-1.25381519692486,0.013560316357582,1.0391396083456,0.711942199201108,-0.160398007955887,0.0515866378812606,-1.34965197713534,0.0297608878908405,-0.148852755425848,-0.433964657920898,-0.606372697432324,0.378596256507457,0.0571769147382237,-0.173975926541636,0.547967193996717,0.16476246304124,-0.399538867137929,-0.273047897195773,0.0673505334198151,0.156988268363487,227.51,0.0
114109.0,1.89684082296654,0.619446603444276,-0.787585292457853,3.74902251177693,0.452410608370001,-0.497778619461168,0.425404854014824,-0.283595594455129,-1.24147495936273,1.51606764394026,-0.974983215119095,7.16289579517665E-4,0.742924075791004,0.283398855276698,-0.391726486276379,0.873712303556558,-0.956489611390278,-0.307651250570115,-1.75926489213061,-0.191453583605879,0.253538461476946,0.715770163361314,0.0306967907776793,0.0559656253419718,0.138393319358367,0.124456875087785,-0.0466844220315129,-0.0456334653907723,31.86,0.0
34684.0,-2.43923696855219,2.59145816263611,-2.84012564998452,1.28624391005241,-1.7770161908324,-1.4361387710222,-2.20605624197635,-2.28272485775905,-0.292885036315821,-3.71744992918956,3.90739912775712,-7.22000368560677,-1.21173934568755,-9.6576265944335,0.927517899548728,-4.73866234284944,-9.27663556929158,-3.08196108095709,0.17774563450317,0.513529864634298,1.77446009213068,-0.771389807551225,0.0657267026225069,0.103915744896627,-0.0575779255552146,0.24265246086543,-0.268649222026483,-0.743712586038479,125.3,1.0
41342.0,-0.950509141132285,1.00578697985083,2.0045215958753,3.18071223851023,-0.721331194464512,0.622744831948962,-0.367445245133302,0.690637759086925,-0.831807510876,0.374161622158143,-0.726128080470278,-0.198415280123333,-0.437453940432494,0.125571113880196,0.534237019925893,-0.535103267177533,0.847114473291102,-0.212785154516874,0.439654543016357,-0.0541415611854818,0.293572281164945,0.869838963297294,-0.0191727952090853,0.438936635373871,-0.462186757327303,0.328723516550783,-0.0415488872967069,0.0825861417041151,39.52,0.0
61635.0,-0.800715280618211,0.590181012404247,1.80225003612276,-0.32565756301241,-0.0294645707498991,-0.180314482608705,0.840505225548056,0.0568761356554972,0.0878746702406402,-1.02042761068336,-1.60971315686199,-0.542716680864751,-1.05152966322142,-0.177784909553547,-0.84089605272969,-0.0174837671949304,-0.256573445434728,-0.172824834038957,-0.123895867885253,-0.0460726302923538,-0.0520362902176292,-0.134854196243948,-0.331461685169541,-0.0958967789480239,0.651365706346127,0.386402038608228,-0.0240276157526138,0.0482768678849755,58.0,0.0
31802.0,-0.730021613195221,0.47893386633623,-0.366286233139933,-3.14044093812948,2.27809167570118,3.15544014036863,0.134415385315372,0.94394163669166,1.37078817529419,-1.27265021371326,-0.665271435921074,0.435250851649386,-0.423274776112235,-0.171447388110425,-0.387708941334211,-0.612292230616361,-0.606911770618004,0.250529953211122,0.412662274003703,0.166392768186346,-0.0667739260858636,0.12313033594345,-0.327715608913841,1.02249009310802,0.480390956554427,-0.796288379812504,0.520189649699926,0.253793034731629,2.0,0.0
4279.0,-0.398247094144537,0.987345995039472,1.84089216429361,3.3142370556291,-0.318187388117258,0.405587644179438,0.916050210593626,-0.107989094893333,0.071628476475828,0.0546125170887548,0.0514790901076381,-2.66497757170483,1.83197641847053,1.36858628928771,-0.775049077301803,-0.572583264267567,1.11556543734833,0.0178899970328062,0.958954738036415,0.366239485099839,-0.168402179035455,-0.293805630928703,0.272398466984937,0.320552864878728,-0.40180475340773,0.0344718361623225,0.0994783280150179,0.16304503394136,146.39,0.0
11056.0,1.18900156483424,-0.0756088911257113,0.968148762906376,0.26121803639324,-0.910525762415404,-0.635526830704522,-0.564921611784691,-0.0433099254963866,1.5286787682292,-0.338844116862137,2.44804395911086,-1.8428540467441,1.23488867766058,1.77029279189426,-0.0873637808081728,0.644851427774145,0.142259724972224,0.637962236477576,-0.18746949201302,-0.104087789776868,-0.00647395664558535,0.182924281201337,0.00292806236589717,0.553323630195588,0.135123305146594,1.00206782576176,-0.0958733161581529,-0.00312060002540336,15.95,0.0
64785.0,-8.7444146436792,-3.4204679837707,-4.85057473189452,6.60684578567387,-2.80054617200457,0.105511583647205,-3.26980129883546,0.940377922978903,-2.55869060182863,-3.62477471396623,5.26786160380362,-5.58369692598496,0.173895592410693,-6.67997675520914,2.08419914311417,-4.3488914455328,-8.76078602293495,-3.40754854415232,1.33293006548133,-1.81831542477292,0.102912553839685,0.311626102287519,-4.12919549979785,0.0346387321763146,-1.13363123097119,0.272265246225774,1.84130726881613,-1.79636258672205,720.38,1.0
23417.0,-1.16211389547363,-0.535417477437649,2.48849495516468,-2.20859368767379,-0.494571041222182,-1.0172683356723,-0.699904984124213,-0.404759328464239,-0.565968854266709,0.990847971243903,0.426537760950405,-3.5490629871467,2.5248807300077,0.382421958065252,-0.424941356818461,-0.145383821155168,0.74485064587896,0.536736897297587,-1.12013069890112,-0.374868726680004,-0.298143710717769,0.110247050005414,-0.517912122171197,0.355247293893413,0.325185261208502,-0.254468777346558,-0.00937478929488531,-0.147796222419451,11.8,0.0
57187.0,-0.492337289510048,0.915852304413399,0.930049265636641,0.726795711608613,0.938870964525823,-0.488205059267986,0.686671950498418,-0.132367585226692,-0.692841915805183,-0.0402413246473,-1.00021685046761,0.454261702853005,1.73009802983211,-0.0334623967496374,0.921270848104841,-0.170417962055828,-0.577205654009221,0.19633895928064,0.705622284470795,0.360807567012411,0.102703645984277,0.443275431385471,-0.207355514832435,-0.413231625179711,-0.0133931513878741,-0.270107564855967,0.412698987721721,0.227486542428752,12.29,0.0
74091.0,-0.720320979795701,0.756635506751643,0.970375120530698,0.00566969876072637,0.764651694781251,0.0754086561918185,1.27167715711078,0.00967591110204546,-0.779441678364092,-0.607918731743612,0.0628864911149578,0.508344004042387,0.0255908791493389,0.225839885256827,-1.32054654119954,0.231820518772238,-0.946636104136684,0.444435239474306,-0.0779269495333489,0.0583516202687846,0.105221259525007,0.200700012961986,-0.267432879612601,-0.522457822183633,0.536977785532763,-0.392219017372991,0.049867244725259,0.0942884655786732,85.0,0.0
37477.0,-0.585840873392386,-3.95608946767172,0.106222808469329,0.202965497612379,-2.14421874658807,1.24837928387339,-0.173974022765487,0.26108172389858,-0.170545471617537,0.0426885298280373,1.27652185976647,0.410860863315619,-0.387677145172012,-0.355840127938397,-0.705318952884776,0.488681194492329,1.05932430952094,-1.70551161313025,0.185522414753563,1.85766416759833,0.66798413747205,-0.00110616678185479,-0.759348027669004,-0.222816996848681,-0.152184836483378,-0.299781578933196,-0.0953428686519754,0.169121985667037,939.6,0.0
78227.0,1.31574155672879,0.22202996473232,-0.151504290788261,0.532656304398077,-0.073140278621305,-0.915040786376553,0.254821965956941,-0.229728453109897,0.0596448782822918,0.00717536910957635,-0.903679627351028,-0.422065670484707,-0.731354176809858,0.55543288502949,0.921362057492115,0.185641720087494,-0.419680987357511,-0.218983087937413,0.0812088741132203,-0.147710104497238,-0.0996915752150311,-0.294070479559476,-0.112133729366331,-0.102226381147641,0.606609636839746,0.401301607490531,-0.0582523631988474,-7.67401459516975E-4,5.5,0.0
92092.0,-1.10847821852891,3.44895257232738,-6.21697180605649,3.02105161812575,-0.529900931709915,-2.55137517507643,-2.00174290819286,1.09243237369483,-0.836098368778531,-4.09564897273592,2.42595071598052,-6.06726194524698,1.83243272022382,-3.50170251648822,-1.00400820464185,-3.5012811030282,-2.941876323532,-1.12574106196719,0.37371480785248,-0.0685983809223332,0.825951491439622,1.14416978988846,0.208559481945769,-0.295497424488562,-0.690232196243341,-0.364749075788586,0.229327220125504,0.208829891689567,18.0,1.0
13323.0,-5.45436177939673,8.28742055534983,-12.7528112729386,8.59434189301081,-3.10600228114338,-3.17994875686414,-9.25279393795831,4.24506220985367,-6.32980084623466,-13.1366983691039,11.228470279576,-17.1313009454468,-0.169401056814124,-18.0499976898594,-1.36623566099065,-9.7235653091894,-14.7449024646768,-5.24730110631125,-0.574675143795817,1.30586191483437,1.84616479291417,-0.267171794223081,-0.310803969751621,-1.20168545799806,1.35217609502433,0.608424596360403,1.57471478384204,0.808725205090233,1.0,1.0
66037.0,0.286302363835244,1.39934474808556,-1.68250270884931,3.86437703955242,-1.18537340204974,-0.341732013808781,-2.53938012266357,0.768378375007388,-1.54788162780199,-2.65971794652165,2.6215881261205,-3.46236188507757,-1.05430017332918,-4.95582330430277,-1.40027445820489,-2.33994291742419,-5.19779447735003,-1.34281449785555,0.288846910516582,0.270360155086889,0.352456413618901,-0.243677652080658,-0.194078546536702,-0.172201087463232,0.742237197555102,0.127789797006944,0.569730790365159,0.291205858831994,7.53,1.0
69394.0,1.14043132434726,1.13424300279892,-1.42945474072655,2.01222598912655,0.622800198240135,-1.1529230868157,0.22115947772768,0.0373717733484629,0.0344859259841517,-1.87964382107016,2.19166507997652,-0.487849732811135,-1.75713709936308,-4.46105120749925,-0.402884205654366,1.4109171085787,3.61925125200524,2.28492676267757,-0.443999191918561,-0.0997118777920308,-0.367136001490949,-0.891627120817809,-0.160578066799212,-0.10832596200032,0.668374321480191,-0.352393242949003,0.0719927692746503,0.113684370071235,1.0,1.0
67309.0,0.963637755819197,-0.405862976949722,1.04332997921244,1.57296902219534,-0.573098062490117,1.12161950733733,-0.604444580672346,0.462305287390936,1.06800486811282,-0.258956494235118,0.231211305422373,1.35496614875374,-0.679302527154582,-0.475986363329047,-2.33065889981228,-0.829374270502318,0.428264208256749,-0.692761961019727,0.574577222383594,-0.111228863543749,-0.359841796666804,-0.726013784591741,-0.00754450120875918,-0.308965497055143,0.40797449742913,-0.510793871397405,0.0750882749843747,0.0230611972206646,60.36,0.0
121759.0,-23.022995738514,4.71173795054983,-15.1449220461266,-1.26830901334067,-15.9714687238395,-0.803287257308803,-8.05383748711748,12.3578172854503,-0.93705971046026,2.09044256849522,-4.68293054765276,3.88529837448899,3.18477888668632,6.64154986875046,0.538893222098713,4.73432149755933,4.34349802471236,1.416312038098,-2.59401011523704,-0.286238765939965,-0.0126358468420206,-1.53073397535394,-3.66885487819922,0.178375709053914,1.52573551388579,-0.130721363054915,-0.290533225836017,-0.492190621574968,152.65,0.0
51283.0,1.05087556574506,0.217431233024915,1.44113661249823,2.35972501901314,-0.558371353132039,0.683277786440424,-0.720792926277739,0.411017123424522,-0.429787015173603,0.769895187796235,1.23649765197932,0.467806263838751,-0.322865775233398,0.20126893655348,0.511395651104967,1.08157303893239,-0.795149087130005,0.287977610519093,-1.33407715371879,-0.177014942788243,0.157032696992289,0.413961766603272,0.0545416888920664,-0.01189309474899,0.112928565701552,0.00394367193696485,0.0435414490776548,0.0247067252793263,4.95,0.0
81524.0,-1.20493374806551,1.43335930546779,1.31661086353563,-0.306951428530327,-0.0883003406175849,-0.270903528200359,0.499121403472005,0.244017820143139,-0.0728227848692341,0.740878409337257,1.74139698293246,0.722555657750989,-0.288566078698145,0.203270714546281,0.451898797226948,-0.00840569927238978,-0.308901085182524,-0.399096633474181,-0.220567590628665,0.434310122124429,-0.230885223971,-0.411599489129318,0.0539923396889393,0.189018840177719,-0.17546062940018,0.0853738793326656,0.594289958828962,0.302222507491979,8.94,0.0
53451.0,0.385108461103674,1.2176203228402,-1.95387216540948,2.08707599095328,-1.14422540643716,-0.57688799482478,-2.58286504391682,0.643229999334504,-1.19123269237613,-3.09509360697848,2.82114488798301,-3.1005456578695,0.146199374342408,-4.51012391529804,0.574490022660784,-2.12346278453199,-6.05331938825344,-0.70637615273475,0.572791028207014,0.380545212283106,0.594623132460925,0.372143665842342,-0.310455791389476,-0.624065148802846,0.840216130296559,-0.159451766672991,0.599482364663208,0.288915549852885,8.0,1.0
84204.0,-1.92745281973369,1.82762056700016,-7.01949468454197,5.34830323951426,-2.73918788004738,-2.10721929638307,-5.01584797563431,1.20586815982046,-4.38271250852199,-8.33770697381781,7.19030608944843,-9.42484446049178,-0.223292646427513,-12.8754942229841,-0.071918160688794,-6.2999613976222,-12.719207160428,-3.74017615583058,0.844059610296466,2.17270905626492,1.37693832294098,-0.792016725563067,-0.771414187530036,-0.379574271539528,0.718716522008066,1.11115125599517,1.27770725705846,0.819081152045361,512.25,1.0
42474.0,-3.84300903438536,3.37511020399082,-5.49289319668564,6.13637764344382,2.79719546082743,-2.64616226518954,-1.66893106391951,-2.61755205155675,-3.94584260288362,-4.56525209408734,4.09721607443527,-5.4509164388957,-0.965692752165388,-10.9044588731508,0.526947764497797,-1.13975413041553,0.835639563488731,0.389774231161906,-1.43960797610281,0.0547955667305956,-1.2778115827927,0.719652000906672,0.451125175067876,-0.25809365058648,0.656129466667281,0.556676326289228,0.739383212515096,-0.203049673816441,1.0,1.0
41646.0,-3.24018658731411,2.978121790406,-4.16231393691373,3.86912437879902,-3.64525645477793,-0.12627056104764,-4.74472973694714,-0.06533104369042,-2.16836609501902,-4.75830407509117,3.47109784646449,-6.5331067689397,-0.983468669556775,-6.07398900285949,1.12540670902583,-7.71804240456347,-9.85592743669396,-5.19390789281555,2.04269768780688,-0.224043462894117,2.60144102940002,0.23191011639882,-0.036489849092758,0.0426396452203885,-0.438330345949387,-0.125821080392006,0.421299802439127,0.00314587612156787,172.32,1.0
43051.0,0.82108241348341,-0.715269317123824,0.269878208851729,1.14240252126341,-0.162890674038622,1.25718875071078,-0.324901728906703,0.351249925932766,0.711183939656527,-0.180129330050276,-0.136582545582129,0.801852802453517,-0.254196029342258,-0.114922602003959,-0.87601697992705,-0.11957322165762,-0.331947861524795,0.211140819753122,0.333401000719587,0.204571442407253,0.0635615294298001,0.0774631114683304,-0.394474854270204,-1.12108712893235,0.654209101915587,-0.209785379706478,0.0344631655382466,0.032239025966563,186.02,0.0
5900.0,1.02752952233615,0.0721469729128494,0.429346239088739,1.44101072738691,0.436102377782679,1.40114818935178,-0.374669442533155,0.440212573748846,1.76050340227444,-0.602964674048711,0.925005300946505,-2.38513026467109,0.143388567948658,1.85273090892997,0.149526945855779,-1.66493964882433,1.99633447871263,-2.03989917536698,-1.75402029270576,-0.42686893044561,-0.1766870709896,0.0327221245110937,0.0654675763732536,-1.0385750783446,0.354655059721072,-0.247903309458831,0.0599318533893754,-0.00490815035241787,6.21,0.0
59777.0,-8.25711081724667,-4.81446073955621,-5.36530689032661,1.20422986423394,-3.3474200965739,-1.33160147516446,-1.96789279857039,1.29543781710486,-1.67441524280437,-3.42605225253339,0.144562690111297,-4.28352931016896,-0.24089504151477,-3.65749040377527,0.923104767832095,0.844221069436753,-3.94831185243281,-1.8075159915996,0.105878827218844,-1.23398725720348,0.436390207477188,-0.077552722802211,-3.09162435615504,-0.390200885685448,-0.288688941339997,-0.340004217403437,0.0398191045440342,-1.00790031022705,319.2,1.0
67639.0,-1.33283645889187,0.164407910473341,0.777871077891753,0.505604703326391,-0.776042744320345,0.411142564272535,-0.935500731598799,0.797354604977267,-1.59626392341824,0.890988363534629,0.633140125847072,0.427517685273745,0.437861925567751,0.538320866240431,0.892779264539175,-1.33646246390111,0.0948694652157026,2.02399837123037,-0.253073395758234,-0.701896765092569,-0.0100766315040409,0.418292315073217,-0.167075076233862,-0.303432478026757,-1.05251254133779,-0.335743318478018,-0.231702284881309,-0.314278986813133,57.0,0.0
83934.0,-0.433222446537596,2.42837911824053,-3.99645439738162,4.87129854095106,-1.7963078560437,-0.586867589935922,-4.65454261848565,1.28522967071729,-2.74353881589949,-5.63894131284807,4.3437434980468,-6.65573446968769,-0.293108662762872,-9.50514082568186,-1.39614905931922,-4.85032315924603,-10.0062528282393,-2.78959811229388,0.98258385892977,0.745029329890697,0.713558821786954,-0.408953595906886,-0.320889532152165,-0.804230275167984,0.962851575679124,0.199558010666927,1.09453318209808,0.541147567735467,1.0,1.0
55154.0,1.26069494282125,0.131975271355127,-0.188609911802906,1.07187741735153,0.485559169295733,0.601744124429682,0.00774251464258087,0.100095593474484,0.4605775299394,-0.108715210288596,-1.87051603915405,-0.190144721338338,-0.372961023159373,0.0792103271696269,0.0610611262362756,-0.292641331646129,-0.21674517943558,-0.462465342870097,0.162347951628858,-0.174483124717631,-0.198647519336725,-0.353420917824021,-0.230675754178859,-1.33350309242501,0.83273741140849,-0.223893707207998,0.0347530916736194,8.61871591777411E-4,9.46,0.0
50802.0,-0.847308005289837,1.05388753469037,1.09631216732824,-0.00750846733826287,-0.421769399516455,-0.465736693805306,0.272721632110988,0.577147078336839,-0.346557963573626,-0.562135281475476,-0.591934238400661,-0.630254192925392,-1.45624619202001,0.794875052459571,1.23172896182662,0.107857201371054,0.13725452253459,-0.560789819104986,-0.344954852099519,-0.0733997509208288,-0.157397683985269,-0.620130215368789,0.154953357300315,0.00253682241254517,-0.281061597752526,0.107811317211381,0.135467276918147,0.0535701903092641,34.99,0.0
85573.0,-1.7567118508365,3.26657425418237,-4.15338789695403,3.92452561357555,-1.7537718434176,-1.0057867792296,-4.31321717578502,1.56071190324579,-3.29567366751075,-6.2133552491157,4.52299197543382,-6.6528440527591,-0.12468523386066,-8.60448620191387,0.110359314846888,-5.94548061159606,-9.33893779428438,-2.39019258818085,3.18415235636348,0.874720103498016,0.911427441871296,0.0530612807310541,-0.367700953962814,-0.776337755840596,0.292093831084717,0.025999713844171,1.0629681996854,0.501148168228208,1.0,1.0
42988.0,-4.42350762703846,1.64804777413239,-6.93438785672913,4.89460056642244,-5.07813111998958,0.0108488776042783,-3.40909567897227,1.40929050029893,-3.26067152936237,-7.78135276287243,6.28337707847689,-9.65660635996176,-1.61913485478932,-10.7321089251086,0.288220764475555,-7.89812205175049,-13.5706825019333,-4.59023530005094,2.59017338411194,-0.562264103606392,0.698359061079766,0.487477720585547,1.22869827965959,-0.535217333195035,0.388278095984062,-0.00946564715170412,2.300164247557,0.0812314897144668,648.0,1.0
36698.0,0.682581276680024,-1.23751963250369,1.26462786944379,0.632604058169985,-1.42108684698508,0.767351673927952,-0.803450912612114,0.359688942320735,1.23105401915954,-0.474883512644012,1.00680739343615,1.78295835968822,0.309062233463952,-0.772316534386972,-1.64021652544999,-0.556979129472056,0.458356126552394,-0.493177937130202,0.258673876203673,0.328129454035339,0.217012027418119,0.631482392180597,-0.254388821949283,0.379890390092837,0.210871754057406,1.20435088464761,-0.0336014583802851,0.0370947453558433,213.17,0.0
62080.0,-1.59945740179415,2.60772002929222,-2.98719294171061,3.06415614684784,-2.49791431686821,-0.54110279282052,-2.2777862276701,1.26816610842127,-1.99733105335741,-3.83477508791878,1.11335409263987,-4.97692104108215,-0.795530934675206,-4.54955674371782,1.81376325403563,-3.17746049642958,-5.36934877847861,-1.1214541569793,2.03059193793375,0.22533293042937,0.662933039629134,0.184086858369512,-0.0894518031771282,-0.505999935132595,-0.0622588885489331,-0.0527144132804191,0.322854004983613,0.135267636745646,180.0,1.0
78848.0,1.15732826084258,0.608730727571382,1.11583843063193,2.47897045723053,-0.317665599209614,-0.307304548217917,-0.0368332626083905,-0.0983710930451215,-0.761454292704272,0.602327228941441,-0.255158739834007,0.782757676195717,1.67758711458774,-0.188375574104137,0.551150579539524,0.885157776888272,-0.826168911033427,-0.428711252275627,-1.05856281492359,-0.0344441076765232,-0.138963404773412,-0.396189606457114,0.112033889375946,0.390157823212192,0.240093728754408,-0.219653203753813,0.0205374936843454,0.0385668192628526,7.57,0.0
72550.0,-3.8803291232044,-3.71608332203774,0.110248362190964,4.24801996410778,-5.89634603235507,4.30472788947717,5.32823066800456,0.544611689569304,-0.958146038556833,-1.23099506944064,-0.517595494191152,-0.4198927810661,-1.37184036619251,-0.00135110126669549,-1.8784448870062,-0.114382304961738,0.678201096668615,1.15159511483436,1.61425722121101,3.92079415049264,0.797057621675562,-0.497514008201697,3.94308955505373,-0.235752406423673,0.882350225046001,0.197878287813011,-0.361892961060736,0.207256602891426,1767.06,0.0
65852.0,1.22983695280109,-0.647235800410916,-0.11809932313578,-0.514429595080607,-0.801715063518816,-0.563852170298853,-0.529966971210703,-0.00214375624576886,-0.748403692671218,0.284055585315521,1.12305316768554,-0.452424213220696,-0.788379133682874,-1.00315967713503,-0.517566203397177,1.44902297803263,0.987247328960308,-0.536165841465015,1.06283826399451,0.204143768312926,-0.0165366598059685,-0.260398920941575,-0.117329373435202,-0.0768503298186422,0.436814196506515,-0.303547617279832,-0.00105677777584224,0.0353644293564709,83.71,0.0
68640.0,-0.654246182757047,-0.542383980346051,2.96932141705025,-0.00986715906935907,-0.765344198631455,1.0081889093278,-0.581202902378802,0.430644790697392,-0.0019007998340046,0.156323108983675,0.128400053828553,0.553888272717688,-1.04771390872591,-1.06727379435555,-2.8551832155898,-2.19952926079245,0.429614679396469,1.08320358412921,-1.11658625974773,-0.535183492198468,-0.379131515306709,-0.146086419252609,-0.00159106489773922,0.170413313921388,-0.409537755920491,-0.541821406570978,0.0632367514633689,-0.0713720378296137,22.8,0.0
49307.0,-6.4352181143478,5.57086515926185,-1.88118287735001,-3.09801711464885,-0.971969457902758,-0.519345843411752,0.0798469304639678,0.626627494806286,4.8202795851732,7.66432830836037,0.901479193944752,1.0596571088423,1.04275169553172,-1.94596747293827,0.18408802849712,0.574217195712748,-1.61617124906691,-0.0207621638703151,-0.833966090680129,3.54131594407917,-0.933501643563874,-0.801551307665661,0.140106310611582,-0.885717961827245,1.21044860345255,0.809914484592779,2.14550611132931,0.821782683281335,0.92,0.0
24750.0,1.14499279359991,0.0240423653655925,0.748718653794428,1.00134375172983,-0.629653166497855,-0.481646390148849,-0.256794002130694,-0.0324827022195036,1.62295727272691,-0.374178096470683,1.99877945685584,-1.79950802434486,0.498093427942436,1.77442283256695,-1.55411888225815,-0.12719950608779,0.645328414913392,0.112007645303835,0.228862013917371,-0.188800288592205,-0.318659729736384,-0.610069921584807,0.0344439784820019,0.480293495562534,0.333830555540723,0.202200316213003,-0.0621197501916293,-9.18767447451125E-4,23.35,0.0
70270.0,-1.51251575792702,1.13313858781029,-1.60105247993576,2.81340096831714,-2.66450340578315,-0.310371093924795,-1.52089516380539,0.852995775116439,-1.49649450564954,-4.05629261571005,1.55375586796783,-2.74355135914945,1.50454067059684,-5.42878849870488,-0.0160171233729703,-3.72718761269833,-3.94629958919926,-1.68028644319238,2.30361261010114,1.24958556268985,0.729827756052255,0.48528591471162,0.567005413227757,0.323585691602658,0.0408708540928058,0.825813553299941,0.41448227186994,0.267265082454707,318.11,1.0
40372.0,-1.17565185438657,-0.753987670018243,1.92356856726334,-2.24847684028742,-2.37804802367693,-0.383471338328854,0.557868466204654,-0.323439020605931,-2.10606235136499,0.726351908783184,-0.472606195762205,-1.50347580245195,-0.107640903842539,-0.621412799467076,0.384626231799954,0.0383653362244754,0.244771469988392,0.356607700325098,-1.04903262608174,-0.549252116876466,-0.0512109041614071,0.295368501968014,-0.190016308711027,0.70124358472998,0.297482011618729,-0.220636443687032,-0.0495278195795733,0.0756388007402814,282.0,0.0
102489.0,-2.29698749921502,4.06404334190313,-5.95770634516933,4.68000806392241,-2.08093759960382,-1.46327216002463,-4.49084686931735,1.02924628254192,-1.59324925133839,-8.99381088354112,7.86446740028511,-10.6498396512844,1.82659101647783,-12.9136317373077,-0.766330314740752,-7.95409770929125,-7.80963509977466,-1.71851117214548,3.83298514230067,1.26495379665956,1.08908418394041,0.975397809530551,-0.62553033358642,-0.535180928107126,0.247435028956319,0.160399507909509,0.969581605226584,0.335041293733825,104.0,1.0
81316.0,1.32842322979631,-0.615495947497565,-0.168099029516808,-0.517733368067776,-0.69948999235723,-0.759087989936403,-0.137903388697849,-0.295815642528855,-0.811081148930654,0.589425626223244,-1.13820842734576,-0.0546529877507666,0.512561795354048,-0.0491294538556829,-0.0294622480450967,-1.65740645945163,0.120209970714997,0.73606066239419,-0.296109357411864,-0.349421364062614,-0.443687551603162,-0.786308262608731,-0.121301263924307,-0.0575620032917249,0.487427090288506,1.11594672474065,-0.0786295629200158,0.00357526413897843,65.01,0.0
52466.0,-2.68076364245724,-1.35331215317018,1.48074435117212,0.55548115010117,-1.16589653417189,0.58250968209404,1.12267418209458,0.618819086788325,-0.532005568397624,-1.40581483132682,0.41741197600512,0.972425412111895,0.628190963319876,0.0925546078090126,-0.656115061520177,0.888747231436596,-0.873002241794312,1.10753808686261,-0.65614724868806,1.20338469708338,0.635052040994548,0.53908773708672,0.760910567356027,-0.0155833193598457,0.771754963527888,-0.365558869880106,-0.197523973789968,-0.113336534922462,508.03,0.0
723.0,1.16911745724664,-2.01964603824559,1.50281141626919,-0.664842149461255,-2.64152244406894,0.270360035166807,-1.82866633574985,0.230067468132735,-0.131122535022019,0.978759816353966,-1.65311594656451,-0.704566706165627,-0.540051903896566,-1.45783428916078,-1.93419306429604,-1.13042225756587,1.38413583215272,-0.101462884792445,0.38854905222173,-0.178579738182363,-0.248413824383564,-0.152602620727033,-0.0971259514402618,0.409141771038727,0.31788886601838,-0.0913743437417587,0.0837906193850804,0.0509766543240261,131.95,0.0
67480.0,-0.830608289375058,-0.203121872560011,3.17403027948118,-1.32531282061707,-1.43569477913867,0.444027004996379,-0.823007861571891,0.521038662074333,0.23412318718439,-0.350027178782326,-0.976965709224337,-0.619699899079998,-0.940839386857849,-1.38416564896568,-1.63885347363578,0.346120021071068,1.11348714948376,-1.74605672505463,-0.0114153698041914,0.0815668250064355,0.178481559845968,0.899854202475125,-0.335402171264344,0.449973577123862,0.409093165069507,-0.100817747656065,0.359927995580848,0.127912971592325,1.0,0.0
83841.0,1.23098341565174,-0.224520391502406,-0.345196118330088,0.212801603849169,1.58695255020121,3.99737812434789,-1.14535112194514,1.06803758599141,0.584378682160764,-0.0173135638256213,-0.485118247897,0.159366513637956,0.0515007362190024,-0.122794489108664,0.768688258610806,0.609397022341796,-0.921432257117189,0.644569052055998,-0.111525343179262,-0.019124675064386,0.0676118331629558,0.229977325999403,-0.119920672270453,1.0196137321879,0.667317111443683,-0.226636900280302,0.0710636658853374,0.0283650491704079,1.0,0.0
34684.0,-2.43923696855219,2.59145816263611,-2.84012564998452,1.28624391005241,-1.7770161908324,-1.4361387710222,-2.20605624197635,-2.28272485775905,-0.292885036315821,-3.71744992918956,3.90739912775712,-7.22000368560677,-1.21173934568755,-9.6576265944335,0.927517899548728,-4.73866234284944,-9.27663556929158,-3.08196108095709,0.17774563450317,0.513529864634298,1.77446009213068,-0.771389807551225,0.0657267026225069,0.103915744896627,-0.0575779255552146,0.24265246086543,-0.268649222026483,-0.743712586038479,125.3,1.0
62510.0,-0.99749366178507,0.806041077232405,1.63332276981696,-0.334094383253282,0.534229107378869,-0.245936827769333,0.827027058183965,-1.34023378641751,0.278546977670377,1.02744065095454,1.18020492568022,-0.0647616971225959,-0.816978824977235,-0.256472436214267,0.37856293855394,0.277460402033151,-0.999930598480467,0.246985895591259,0.439658157703064,0.0719460718701503,0.327757539541824,-0.776580151593853,0.150014367350953,-0.0575507741521087,-0.163874335307267,0.00506406499394635,-0.146582510127576,-0.535469706386376,8.98,0.0
61108.0,-2.7560071191969,0.68382137690334,-1.39016888269883,1.50188726081003,-1.165614355805,-0.13120694925796,-1.47874061646082,-0.246921578045176,-0.100522731731488,-2.30110989675506,1.91445404493049,-3.8309980112302,0.719488566785256,-6.35301985790071,1.43871619241123,-3.29723907467834,-4.86297149937169,-2.00235399924327,1.54523326964355,-0.106944639579729,0.320473875601072,0.61102668559867,0.174863684107414,-0.502151101117601,-0.174712784335661,1.17924208342707,-1.16631532833921,0.821214803121569,101.5,1.0
3759.0,-1.22523889408934,0.298052424379031,1.00229378827383,-2.08555653869503,0.571650877390453,1.77582744374367,-0.585289206273195,1.06927312249269,0.092880459894925,-0.734056252463353,-0.146068123177443,-4.13828506245774,0.340800116245652,1.77305316689976,0.834315478361795,0.690186307799918,1.68699718179775,-2.46589974594655,-1.14463665549257,-0.0422653855152935,-0.168934533585688,-0.474268216360985,-0.0721100024271661,-2.51237650963005,0.13241591524617,-0.365048255719134,0.171437963961039,0.00563352193617897,31.87,0.0
71368.0,1.23571270590146,0.217358882419422,0.167025299483881,0.510793807421791,-0.24937019756598,-0.585961632051407,-0.0959023958387287,0.0251737827077887,-0.0424567318447295,-0.0818620046244398,1.15618209661547,0.245440599064824,-0.872705828693659,0.102622800126614,0.535057300108494,0.820959912539608,-0.3141499821036,0.434760313409717,0.222091747898974,-0.127676204265324,-0.269808374233629,-0.865667416510355,0.0891807536115784,-0.0662652450289456,0.193548142681708,0.100903067973012,-0.0343264882190881,0.015015090411625,1.79,0.0
50348.0,-0.926541249356949,0.877021708293099,0.333516056216495,-0.334633505016536,-0.173584360784166,-0.465435921219716,1.03920912411969,0.324668457407943,-0.427499653601964,-0.867656190521833,-0.673858848669823,0.590948810288359,0.426353880694626,0.279285476218692,-0.534047532642663,-0.359607347807115,0.0935180937966292,-0.969456503361107,-0.890564328324897,0.107308814319623,0.181728302366145,0.475907476916089,0.240891750494562,0.132716686065092,-0.353352525474515,0.318821166676036,0.207235747933443,0.17720118802609,125.54,0.0
80455.0,-0.735322434774803,1.37409768500828,0.908058970458339,0.0498751531718974,-0.0527699075507401,-0.532097575982877,0.365442777126556,0.44245947604932,-0.69654730717976,-0.811626985778462,0.00427716161228179,0.606644669599248,0.993283445496439,-0.249953764785354,1.01573841216012,0.174718161000767,0.40708113035355,-0.648086414163986,-0.462197956464542,0.0455813237447681,-0.178968004827485,-0.517941187162666,0.0824426554110817,0.0435133057334866,-0.177146624831994,0.100972156649204,0.138893306975773,0.035068293576863,13.28,0.0
34602.0,1.20757012352285,0.326116928802788,-0.254686458150999,1.0613903553376,0.166824508333826,-0.66425024060021,0.414184195439603,-0.13632349751721,-0.445813722238387,0.286711113804605,0.876085407787058,0.29368179886415,-0.927714612401696,0.922066002397445,0.0683464128074387,0.162462486598287,-0.645090461735165,0.339604066720612,0.104714055381011,-0.145476617239549,0.0358424151334431,0.0243275821490778,-0.205159379388733,-6.54817488178747E-4,0.820601710367076,-0.277167506977108,-0.0239360693246591,-3.16267560824124E-4,24.8,0.0
86903.0,1.89498044924985,0.389413609386979,-0.780576136506483,3.63758159127892,0.487877139428766,0.325551183495007,0.0020071947912811,0.0775860579089093,-0.955928923051661,1.658059056417,-0.0638391883158073,-0.122161715550191,-0.816925257660619,0.506889859086085,-1.38459747700617,0.998441598193495,-1.04299167232521,0.431023541660134,-1.26991743697966,-0.320280042414776,0.311667371648734,0.939305278425244,-0.0543785800330032,-0.47390782695992,0.196348923513507,0.25654434872029,-0.0406961686759759,-0.0679355875635336,10.65,0.0
7535.0,0.0267792264491516,4.13246389713003,-6.56059996809658,6.34855667313983,1.32966566904142,-2.51347884762413,-1.68910220031328,0.303252800547589,-3.13940905736457,-6.04546779778801,6.75462544809695,-8.94817857893317,0.702724998099873,-10.7338541032306,-1.37951985681718,-1.63896011485587,-1.74635013628103,0.776744097926754,-1.32735663549015,0.587743219006407,0.370508651493253,-0.57675247317433,-0.669605371766238,-0.759907529538618,1.60505555017462,0.540675396428899,0.737040381683977,0.496699108168337,1.0,1.0
90676.0,-2.40558049004183,3.73823496480673,-2.31784304058402,1.36744244056479,0.39400112765787,1.91993798476143,-3.10694204753682,-10.7644025337266,3.3535248599039,0.369936028027435,0.382172176843061,-2.26293253493218,1.21060458321664,-1.88061870491121,-0.934160416330735,0.235476804417352,3.32156931100987,1.90627082950488,-0.581355690647057,-2.14087382269319,10.0059980130045,-2.45496409501601,1.68495694696092,0.118263083149952,-1.53138011163519,-0.695307571119466,-0.152501562016877,-0.138866256312262,6.99,1.0
63534.0,-0.96430553766135,-0.339134742628806,1.12809533455526,-1.32763756270047,0.17793825040152,-0.442057397749445,0.294378928745119,0.0905295333021868,-1.58016753804519,0.422014061553935,0.31811417772494,0.140220337464461,0.394504938168514,0.122226205900831,-0.399313406697671,-0.704557541774241,-0.895020865283765,1.83125959188962,-0.965807135446912,-0.0119219475028505,-0.2860922439196,-0.638583086621891,0.183399952305644,-0.388027119289116,-0.169196792424439,0.24314695363761,0.271207875346131,0.191756326162547,99.99,0.0
25198.0,-15.9036352020113,10.3939171427504,-19.1336024646827,6.18596883540498,-12.5380209157442,-4.02703044708406,-13.8978265981985,10.6622517826007,-2.84495398482036,-9.66878891236125,7.39441941053863,-11.6356300484755,1.42327692545531,-8.64045910049478,-0.674719538892936,-7.69556878829619,-13.6841395944616,-4.77740603940726,1.26834277321029,1.50156541071894,1.57754822493456,-1.28013712313136,-0.601294526869194,0.0404039214626868,0.99550197117886,-0.273742711729157,1.688135896398,0.527830799573719,99.99,1.0
55845.0,1.2915549904581,0.299520407466877,-0.400632713142969,0.599093090988045,0.716921881678,0.379959652958095,0.179787648693284,-0.0460034308081076,-0.33682586753336,0.144399835685175,-0.041433924350783,0.92645692480593,1.38229973470049,0.254306753391328,0.219901617386914,0.696816613658884,-1.3709636965163,0.767955265059234,0.556861534650316,0.0318405366051613,-0.0108787730294792,0.00739843902622143,-0.353781272804537,-1.35399664654744,0.921356912480651,-0.244388959650871,0.0120961505048725,-0.00191754385907413,21.14,0.0
1839.0,-3.76635495687565,0.00115241009315931,1.29138855960704,3.63539310654681,-0.118166550944944,-0.0671626510827364,-2.28644650476872,1.75597338210586,-0.385374173799012,0.633255126651698,-1.31241047645613,0.254941881079809,-0.386138455863951,0.49043537560715,0.321687233733395,-0.228232771778019,1.28587781553884,-0.445723776513229,0.842838178384914,-0.307880926767925,-0.253191545396841,-0.413501604685424,-1.08517859567796,0.184933907901855,-0.0894793441531314,0.255445453094458,0.790232347057114,-0.616005897251199,0.0,0.0
7610.0,0.725645739819857,2.30089443776603,-5.32997618300917,4.007682804682,-1.73041059025206,-1.73219256822244,-3.96859261813707,1.06372815344105,-0.486096552344833,-4.62498495406596,5.5887239146762,-7.14824263637845,1.68045074096412,-6.21025774661028,0.495282117814298,-3.5995402092184,-4.83032424210571,-0.649090120211694,2.2501232487881,0.504646226103286,0.589669127323198,0.109541319229913,0.601045276521079,-0.364700278220039,-1.84307769215194,0.351909298434892,0.594549978086464,0.0993722360416487,1.0,1.0
73408.0,-2.86979494599423,1.33566696241079,-1.00953019777159,1.69388472852407,-0.741479894623347,-0.796772696354505,-2.61424187718441,1.06663646767929,-1.13549652218517,-3.9433368210052,2.57283021584331,-2.28866350030302,0.562084177710423,-5.33871420959882,-1.85325189141529,-2.619233053885,-5.23142512742468,-1.23485373672039,0.397308037124058,0.0115572104606548,0.528421372720921,0.228027080989586,-0.749297963439339,-0.0671789627433331,0.215792485177395,-0.453651011768872,0.349191042793996,0.198862268219404,16.48,1.0
61473.0,-1.14483662249485,0.795950448612308,1.39766992987552,0.149294428494775,0.24667182313893,-0.244774848313821,0.142592065640267,0.591354018761808,-0.492628927123937,-0.896774891014475,0.338557465735807,1.19354407450442,0.228814641966193,0.237021518965913,-1.57666999191364,0.28240001669744,-0.553815402691323,0.15178725775744,-0.1006072205559,-0.163121533399299,-0.0673631910084848,-0.342233255750073,-0.141385121884368,-0.0108584436153519,0.00329075976513182,-0.727597757727995,0.0104863947475824,0.00337971688567151,1.0,0.0
12095.0,-4.72771265581559,3.04446910225824,-5.59835426695611,5.92819080241929,-2.19076972938784,-1.52932296564747,-4.48742195988547,0.916391814103266,-1.3070104231933,-4.13889121357616,5.14940878300581,-11.1240186070579,0.543067765541171,-7.84094220494304,0.743633944785042,-6.77706923974191,-9.93176515376766,-4.09302112201074,1.50492485905709,-0.207759445103882,0.650988236282379,0.254983288954681,0.628843468802127,-0.23812845429317,-0.671332331960485,-0.0335900627800998,-1.33177732223058,0.705697590023144,30.39,1.0
43012.0,-0.906499276458367,0.684651638095837,0.636550159438011,-0.538500075643482,-0.601311485779116,-0.651407433835762,2.30534259055713,-0.823240258988917,-0.391145934480443,-0.149750029127253,-0.358745122130693,-0.665804641768116,-0.622040290628192,0.146662511911712,0.718829115711362,-0.186885309868085,-0.27525135369825,-0.480085401018091,0.34887052808146,-0.276593430425407,-0.0788542457449908,0.126270682226247,-0.146141874887988,0.480969782860556,-0.0121757936921029,0.974201801843962,-0.408472798415715,-0.175513449993707,239.0,0.0
101546.0,2.01848640169552,0.0280090405693319,-0.607895211406695,0.412620256112105,-0.205677038077122,-1.06033072384905,-0.0567548727685827,-0.366267943807669,1.71464208559771,-0.320609299694455,0.610345343929432,-1.76582042620375,2.45882009998489,1.63715568484011,0.0823915036462618,0.309099717837237,0.177370684325056,-0.711257320114769,-0.264735636893294,-0.177863763422638,-0.587511910492537,-1.44561479563856,0.552263360514899,-0.105548208451159,-0.741211573202312,-0.0186206424598666,-0.0889892574520703,-0.0512529345825526,16.93,0.0
14454.0,-0.500513880153078,0.48612819602489,2.17183690634673,-0.0451828973997314,-0.131449555361812,0.14529367647166,-0.151331169097208,0.208066607720109,0.780044072841018,-0.707590475736496,2.4679562674976,-2.06726320960926,1.46025731015719,1.66528038005777,0.394660016494816,0.057659174393264,0.624470624016726,0.473869084195702,0.363863802338051,0.0912673616025067,0.0598218270194383,0.35225169650762,-0.179326307790679,0.0415634537310228,0.0104259824702697,1.18144367006152,-0.0941768714171745,-0.0408007564338445,14.95,0.0
121798.0,-3.58694896241438,-6.46044322693647,-0.461342201582645,-2.17922506892249,6.56133260870621,0.496385886850664,-4.15415171721311,0.559206263906886,-0.905564432679951,2.14710706782206,-0.155184175383437,-0.797860972375097,0.42327731479321,-0.846600945471496,0.2869975986673,-0.573359607471064,0.0526896251197774,-0.244041697635522,-0.309850952659596,-1.03355142436797,-0.491951759072433,-0.205447131817815,-0.780883242909107,0.84396982359194,-0.439713303641285,-0.218083495254132,0.417788845119139,-0.803685587833979,108.52,0.0
112106.0,1.64257401717184,-0.867090072247884,0.347014509304026,1.76586001758548,-1.12560810181871,0.362356231935354,-0.827599526840423,0.164496793060232,1.80621193859058,-0.152314976325104,-1.61745032472312,0.954355579290836,0.513647956475418,-0.916895129738456,-1.11673650439499,-0.0865935282143083,-0.263229066289651,-0.0460625462987096,-0.154839634247159,0.020794572948396,0.0293833793807284,0.267218913818209,0.0888331453802269,-0.102142399097479,-0.222640500101706,-0.682908855057074,0.0848333669854771,8.90042312509401E-4,135.0,0.0
53031.0,0.206075454303215,1.38735982061524,-1.045286987034,4.22868619369076,-1.64754917421782,-0.180896946218666,-2.94367757476862,0.859155533266087,-1.18174300683428,-3.09650359868717,3.20091235546057,-2.45083242908802,0.316619878616412,-6.39717031528651,-2.12972836543767,-2.42737307534442,-4.44847225233098,-1.21222044988735,0.0346554556282822,0.351484399563241,0.46919942584802,0.344930464195865,-0.203799378001586,0.376640378487856,0.715485489514387,0.226002880910544,0.628544616302757,0.319917987612491,0.76,1.0
33726.0,1.27694506824432,0.100769460761757,0.117966075704904,0.599901242207388,0.0460584978025626,-0.0927345713314538,0.0655992348473543,-0.149596792815401,0.335731600094053,-0.23710128429401,-1.3616067499484,0.829223167052806,1.44945995706592,-0.387154914066755,-0.277415145171306,-0.0418227048760959,-0.416210143201095,-0.535146999236172,0.593203340013079,0.0265397946114122,-0.275812351026076,-0.57524235602291,-0.143493952330123,-0.57985213564835,0.63005660522513,0.327371240996748,-0.0178779192948617,0.00775533636636986,21.57,0.0
41237.0,-10.2817840384715,6.30238478416897,-13.271718028752,8.92511547634157,-9.97557831146449,-2.83251346361162,-12.7032526593299,6.70684583868978,-7.07842395823848,-12.8056831898117,6.78605830197451,-13.0642398936784,1.1795245105938,-13.694873039573,0.951479176238826,-10.9542857275047,-20.5835927904158,-7.51726213169106,2.87235363605874,-0.247647527731929,2.47941350799644,0.366932842343897,0.0428046480276363,0.478278891799746,0.157770817898023,0.329900959238367,0.163504340964582,-0.485552212695879,118.3,1.0
41287.0,-0.715551475975878,0.41552152378435,2.29048057124842,1.1896093199096,-0.106236633472295,-0.239855271027439,-0.21262347476366,0.069177551809406,0.218681555965289,-0.290689754246777,-0.740271466205163,0.726558907441552,1.06996539007439,-0.633235540803927,0.196897415138525,-0.349490394324636,-0.0712924537524076,0.0577665825143723,0.61096632578033,-0.0343900875568336,0.0679743680809054,0.471787897351499,-0.150697892267239,0.442023865603399,-0.521117190558506,-0.426900275604845,0.172859194218915,0.154540617559824,9.99,0.0
41607.0,-18.2475132286673,8.71325017095966,-17.8801268207974,9.24945923683651,-14.5412125237225,-1.91156359308197,-18.0146601306809,5.52216218981207,-9.28392451240577,-14.5571590528859,4.39243558567834,-10.3800731219167,1.61182090128819,-6.91763950579126,0.158841037400664,-10.3282423879882,-20.2545556896053,-8.53452256380618,3.25653448060821,-0.526368288315335,0.598842606268504,0.615318868165234,-0.486498927270445,0.739268468431111,-0.236844752247958,-0.0460816699541002,-3.01147328474912,-1.02214746628442,53.95,1.0
36746.0,1.29419561514455,-0.867977417737129,0.612417848452208,-0.964530991852501,-0.900029574755382,0.539283574256803,-1.19056894600354,0.269016105012,-0.598872802683946,0.723440752520198,0.852768317830101,-0.16219248333459,0.30077938485044,-0.255622128117418,0.735227608021014,1.62971187737374,-0.212356878113073,-0.525762947103532,0.457169199344986,0.147718644696211,0.422240755736302,1.11368927754223,-0.210990432236353,-0.765416202940209,0.422459478672371,0.011739894499406,0.04370388623254,0.00842993979060928,39.0,0.0
35585.0,-2.01900071938148,1.49126972926361,0.00522181572867197,0.817253270463702,0.973252233873376,-0.639268312778292,-0.974072997078786,-3.14692889107659,-0.00315907368902013,-0.121653217684609,0.0243696057661544,-1.07381224038496,-2.00276910919169,-0.895433620751722,1.74893630108012,-0.103527023620705,2.03119574973193,0.31759835677742,0.38676063692414,-1.02996468249782,2.83959610796444,-1.18544284096841,-0.142811875801854,-0.0861029384113329,-0.329113253522425,0.523601226377288,0.626282771397878,0.152439938058669,0.76,1.0
7740.0,1.02387386852139,2.00148526626613,-4.76975183220974,3.81919458538265,-1.2717542273697,-1.7346624268403,-3.05924503160896,0.889804791975203,0.415382113237262,-3.95581234352737,3.57205481558784,-7.18645159050588,0.147242340802109,-5.24930454889762,1.67833367358535,-2.64147310915178,-1.31205856007348,-0.391716050952505,1.11826355175812,0.204137684042271,0.343282648722251,-0.0541956644068491,0.709653952497143,-0.372215866946976,-2.03206836614816,0.366777602071192,0.395170669257609,0.0202055389458413,1.0,1.0
53552.0,-0.48763536262177,0.960722721089622,1.6648806429326,0.00291287481054843,-0.0750164488213501,-0.634306706577634,0.593208164738104,0.0793900538773735,-0.348199496270222,-0.341325815243334,0.0324649884417385,-0.10955116116414,-0.522704398721809,0.285562828658758,1.12886885532105,-0.167198190222101,0.0314092820051094,-0.849030196353829,-0.464235881080613,0.0268525108125877,-0.183468459260695,-0.459951187355843,0.0556122608698946,0.367879277355906,-0.32614399959667,0.0822922362936006,0.278711927037569,0.120101307567005,2.67,0.0
17520.0,-5.26805322089363,9.06761342731767,-15.9607281345144,10.2966027898053,-4.70824109122294,-3.39537485177836,-11.1610570028797,5.49996263444947,-5.66737554592835,-11.6271935556579,11.0270590938161,-16.3880541668327,0.363921486512734,-17.230202160711,-0.437487559248993,-10.1223919213552,-13.6392089915234,-4.98645725844229,1.12678437819631,1.45587819528,2.00410994522741,0.191058399384387,0.622927669875126,-1.20926355739155,-0.374798862642666,0.64879803679546,1.58469734677224,0.720055870245492,1.0,1.0
79429.0,1.00799603843041,0.128931619367704,0.411964821755416,0.989933079529964,0.328113304889604,0.949795809919809,-0.155394424663403,0.343526031539039,-0.0584095380611402,-0.2001597179445,0.922610228794636,0.912914811060095,0.353708099298647,0.385216684688954,1.99324841623896,-1.27401107843428,0.840097983104849,-2.16582150187689,-2.10156742588936,-0.23776143327625,0.223975903339892,0.849146375607798,0.0409167874353919,-0.618386594634571,0.332996505425207,-0.190556132786561,0.0925489088902047,0.0132304390166624,14.9,0.0
74262.0,-2.25053480921229,2.36575487772312,-2.95549117924385,0.0897905975142065,-2.83074456678034,-0.844461639207772,-0.174061560679368,-0.407138137833787,0.174216293591102,-2.9989262562074,2.60516857519668,-3.67771661422902,-0.961254636207547,-4.62948099682303,1.94218161282,-4.18037888438458,-4.60568646763486,-2.55718413666009,1.58958220191211,-0.48653714178381,0.256559618287662,-0.466245243122949,0.291104927494009,0.242566552797207,-1.27909371150404,-1.12353433717278,-0.630976512544474,0.326839204012689,311.28,1.0
48695.0,-0.945317311394338,2.0188424207293,1.77953990130428,2.34048189027688,0.62435299105754,0.0595715602946488,1.16714353014827,-0.374929649562173,-0.810309376058065,2.11626435414909,-0.623836648659474,-0.818289878102188,-0.0207457958593781,-0.24018441009169,1.38626636558867,-0.154315636117545,-0.336561368317802,-0.372813577156485,1.20584739506776,0.827777470863028,-0.703687762694573,-1.47327635559721,-0.107745789041292,-0.234128014559031,0.0617204939744362,-0.197649069761074,0.29946954166661,-0.117604763010182,0.0,0.0
59385.0,-7.62692409246447,-6.97642000754641,-2.07791115073952,3.41675415987856,4.45875840248762,-5.08040779918275,-6.57894786782983,1.76034141396682,-0.599508728352202,-4.00174208524931,2.61176184321338,-2.21069105518154,0.145323220628924,-5.28167813117348,-1.44622731547596,-2.34217826208892,-4.44208205885268,-0.812202197039381,0.254771833248553,2.87526030369363,1.22479498325958,-0.656639147267532,-0.330810728527997,-0.0789460153087798,0.270305924800976,0.431119110160139,0.821381426988655,-1.05608777393768,18.98,1.0
95543.0,-2.62587747394228,-1.69195320407348,-1.17309179044863,0.86757408394274,1.56845954722503,-2.25314124379628,0.225943532483561,0.0504627069676553,1.46648806360022,-1.18987518319335,0.145066293705994,-2.97032796117163,1.12365492988827,0.990229232643134,0.193737978772107,0.30287024807215,1.2832846418528,1.20013324247803,-0.216953250721059,-0.307494594200823,0.0465246874676294,0.85154241545124,1.67717331125592,-0.193402543814509,0.10622619046346,-0.113480165462829,0.383593066694521,-0.110508752500278,124.25,0.0
57163.0,-10.3630494651588,4.54367201286394,-9.79589773551539,5.50800333404763,-6.03715599427489,-0.133492972364907,-11.7243461176622,-3.19834557193323,-4.76784222430147,-9.33212806886128,5.2241240042156,-7.74312234505579,-1.56034320038539,-7.14041803349475,1.18597782557697,-6.59870406570123,-12.1205390025684,-3.90409153348034,2.51343040062446,0.924396179705582,-2.45714487251707,1.68725664165106,0.977178353536712,-0.543368976583511,-0.289124786926125,-0.107586425389056,0.330641897772597,0.163577149556086,1.0,1.0
85181.0,-3.00345942213401,2.09615030972986,-0.487030347865578,3.06945315960973,-1.77432868427117,0.251804209642436,-4.32877649482139,-2.42547814428288,-0.985222033510513,-3.99521073403213,1.8806015528528,-2.32517912777326,0.636458662971611,-5.41749934539643,-0.262909464785021,-3.81808566437699,-3.70070702592749,-1.99141207812339,0.779950535234061,0.692537380835205,0.163966694003732,1.24564832133152,-0.269241340185825,0.537102119409512,-0.220756683145222,-0.0595547732936557,0.460709677482052,-0.0335506071081744,2.0,1.0
35953.0,-4.84437152213983,5.64943864783758,-6.73039574613665,5.25284201867297,-4.4095661499774,-1.74076745609347,-6.31169852901067,3.44916731253577,-5.41628435913526,-7.8335555711125,3.6573495649865,-7.7814479532704,1.50772042676786,-8.60475886835984,0.0105926875670707,-6.55397325691037,-12.6243936527694,-4.98990973846596,1.64541389333247,0.284555090358885,1.19488835625662,-0.845752531858704,0.190673885417928,-0.216443252531192,-0.325033100382822,-0.270327592956951,0.210214051535782,0.391854886292055,111.7,1.0
45463.0,-1.47689343619361,2.12231379246165,-1.22946956041319,1.20184879823143,-0.343264387787516,-1.31770390932283,-1.52814215893659,-0.620953383361586,-1.21304032250238,-2.97526724837752,3.53221960237349,-3.68263987014104,-1.15477748628793,-5.16522922685485,-0.240091425455286,-2.40492728839102,-5.67173864053893,-0.99429395124741,-0.289935891439032,0.276893466308702,1.18603560532412,-0.0402148700651311,-0.238930086824211,0.110144325976026,0.0454183699836296,-0.56923231725429,0.481018701576887,-0.0475554426964208,1.0,1.0
48533.0,1.24384844934819,0.524525772902587,-0.538883626044331,1.20919597418592,0.479537596763788,-0.19742873374782,0.0491662598481355,0.0377916321310988,0.128118590882765,-0.552902906422504,-0.668358831257417,-0.818803693746743,-0.883832091051869,-0.994580854433906,1.50684875024006,0.62400331534091,0.705794271683871,0.524181774270524,-0.73174984602915,-0.171540654731681,-0.0516598862539047,-0.0840894090242923,-0.192846388954053,-0.917391985542652,0.681952813037122,-0.194418574345634,0.0459171449577401,0.0401359980627264,1.0,1.0
41237.0,-10.2817840384715,6.30238478416897,-13.271718028752,8.92511547634157,-9.97557831146449,-2.83251346361162,-12.7032526593299,6.70684583868978,-7.07842395823848,-12.8056831898117,6.78605830197451,-13.0642398936784,1.1795245105938,-13.694873039573,0.951479176238826,-10.9542857275047,-20.5835927904158,-7.51726213169106,2.87235363605874,-0.247647527731929,2.47941350799644,0.366932842343897,0.0428046480276363,0.478278891799746,0.157770817898023,0.329900959238367,0.163504340964582,-0.485552212695879,118.3,1.0
43194.0,-2.29656597957209,2.01483648879652,0.24164207458095,-1.79314920609366,-0.633625155381992,-0.31341162037019,-0.185905326008764,0.851712526935283,1.23347349863317,1.43570684985029,0.936309541160175,0.137121700574876,-1.39184395233142,0.227872165436465,0.304870048826201,0.684552086863055,-0.596027975775692,-0.120130796561451,-0.915879684153235,0.71611188318332,-0.224296290807675,-0.370847124899949,0.109899804598813,-0.336624519214466,0.0229134821997397,0.793868281345185,0.786208654851779,0.403409003931218,0.23,0.0
64443.0,1.07952397806913,0.872988038728802,-0.303850487243895,2.75536885087579,0.301687623167546,-0.350283737195093,-0.0428479677130716,0.246624608381391,-0.779175595769242,-0.157696445821874,1.92856763203456,-0.935863286411531,-2.43144644518658,-1.63347202401986,0.534336652706283,1.42560550367097,1.59352878606579,1.17846784575361,-1.56869755794851,-0.252115099030468,-0.023254784527163,-0.158600833910515,-0.0388061577093773,-0.0603272546840962,0.358338898397498,0.0769835703935526,0.0189358319830432,0.0605741494833015,0.0,1.0
84396.0,0.365415793927431,-3.07087586456746,-1.29573479962114,-2.51905099735707,0.165443557109106,3.75039326677497,-0.898030053504665,0.82321742806044,0.913928043514814,-0.672532700265374,-0.63203410970408,0.541748342159034,0.270398011658056,-0.335508340152348,0.39038532441822,-1.97634831459133,0.0708756166522696,1.57036072263582,0.566310413290726,0.728633311086497,-0.275103927950139,-1.34509623034607,-0.431095903485232,1.04206243302874,0.262735176065043,-0.125172031904204,-0.0249782947762201,0.116414901664141,550.74,0.0
79493.0,-1.80999263964537,0.528495050419135,-0.210684523888122,-0.998747340647405,-0.409695580965854,-0.468258517932261,0.501223128650329,0.801443992061424,-0.584249301734524,-0.973337636837958,0.960548158723916,1.48183904560287,0.456670904332793,0.700191732800518,-1.22219017595506,0.0533180995463351,0.0175697976762966,-0.609581445007486,-0.47943304802095,-0.243212778120784,0.178861745676048,0.51309494183397,0.337825333571463,0.115564284031518,-0.447522230030115,0.847957676629566,0.0840407324827285,-0.155872702455886,99.83,0.0
41353.0,-15.0209806030789,8.07523975163174,-16.2980905380446,5.66482005292134,-11.9181533731348,-4.24695712395156,-14.7166675516611,9.43508432139337,-6.7953981269244,-15.1241628144947,6.03766622940467,-11.6767222367813,1.32697878633103,-12.3816058947985,-0.0716392778020956,-9.48414337021449,-19.6718814509262,-7.64327282087749,1.16906441801605,-0.995786857833133,2.52511546344786,-0.832074336953531,-0.186116823393738,0.429780833741005,0.697102812320081,0.0560310740941657,-1.31088762047629,-0.707402991270252,34.12,1.0
93824.0,-3.63280894927825,5.43726336227612,-9.13652148062595,10.3072263079132,-5.42183029451154,-2.86481514933136,-10.6340876212042,3.01812657999175,-4.89164032107494,-11.2350479111446,8.78878366710272,-18.5536970096458,-0.339533407676443,-15.6231873302985,-0.188978574214972,-12.4279613630565,-20.1590474539227,-6.88889109280947,2.58609321670737,1.35406479520345,2.30988016889674,0.978660126299279,-0.0961301444473713,0.432376722544823,-0.435627929953396,0.65089278643537,1.69360750804844,0.857685371687245,8.54,1.0
63155.0,-1.41571238001686,0.0588816038293058,1.53317759038262,-1.61433113550222,-0.102245671860339,1.81182509017279,-0.635279611181569,0.936435061765167,-1.01418731616012,0.358945385959233,1.23230926380506,-0.332698815218852,-1.54776773881442,0.415582463736389,1.15708462804578,-1.63459631396714,0.449816248189228,0.153630134878591,-2.70101443894565,-0.886673829449029,-0.217074036564422,-0.244667962031782,0.118268717690477,-1.43943033451505,-0.789199970946453,0.234460023337724,-0.526647597551826,-0.202757254450259,26.93,0.0
33302.0,1.14442426809911,-0.0391015847103955,-0.0153259256080855,1.24363706970825,0.0993853668519662,0.275396374836893,0.0157142754586892,0.101128955243596,0.543243985073107,-0.103517561875647,-1.51027333082972,-0.445152577836563,-1.29440779792826,0.287003402331184,0.116140646719418,-0.411940872634807,0.0356187993508571,-0.535368356357649,-0.0558781720530516,-0.16552556195121,-0.147447002761511,-0.339024762459909,-0.186190327135199,-0.792892940967817,0.715365001586931,-0.26007292585696,0.022607612571251,0.0116295350242561,48.9,0.0
41606.0,-1.20042404586502,-0.050464450010693,2.31938426519508,0.0626949639598994,-0.794517613106122,0.764862954742868,-0.0410604279801117,0.41843768106314,0.345849375778917,-0.349359554315502,1.03421997301395,0.677668431069835,-0.576514703988188,-0.340196401003948,-0.241374036217301,-0.66768053129829,0.592796086831958,-0.230835979668902,1.56173065575439,0.291343011739522,-0.126851523824548,-0.103167024022244,0.00384058728461617,0.0876763778194793,-0.101080326975692,1.14514624719979,0.163202319716286,0.166502668254253,120.34,0.0
39792.0,1.23237635957417,0.303400866729035,0.425362797720122,0.77811209482736,-0.60364436094537,-1.2791128734935,0.0385890893123795,-0.178377695992268,0.133775397910521,-0.259254467654995,0.0860570356366069,-0.0917453000847727,-0.647633266317903,-0.105418881398178,1.15973400718821,0.4218358412628,0.159839109671463,-0.305272750243925,-0.315754539070305,-0.143233647625851,-0.27545410865039,-0.836892051449126,0.179257733260329,0.649151319187012,0.144915875799044,0.0769255700565952,-0.0280202951080851,0.0324071520282216,1.98,0.0
41138.0,-4.59561704249556,5.08369023030901,-7.58101461744265,7.54603279503791,-6.94916456384443,-1.72918492987346,-8.19019171984817,2.71466961013434,-7.08316933143187,-11.1412776902967,7.38185937432083,-14.4686550955305,0.299659909360646,-13.602211465597,0.516112699650764,-13.5632729563133,-23.8156358284126,-9.17055721888169,3.66952343976659,1.68216030642087,2.24897122592187,0.566843572297808,0.0337440528595468,0.591783408003629,0.334228764687698,0.386801106292112,2.16389776726335,0.983103834042297,340.11,1.0
56650.0,-8.7620833940977,2.79103028235041,-7.68276685719257,6.99121396498416,-5.23069545140333,-0.357387950702527,-9.68562145610769,1.74933494530821,-4.49567886484426,-7.86450647898838,4.77414774007074,-8.24589788162945,-1.33349186005079,-7.97425052332349,-0.39879894749855,-7.24434047432354,-12.7600939511044,-4.82474022298701,2.83699299496563,-0.460389538640294,-0.0905267878788197,0.34858962816605,0.0511323900482543,-0.41542987238242,0.219665266254896,0.330020364891881,-0.0282517554687547,-0.156270272972183,7.52,1.0
63675.0,1.24567381944824,0.166975019545401,0.488305742562781,0.6353219207244,-0.562776680773863,-1.01107261632698,0.0149526614685896,-0.160210863301812,0.17036185217373,-0.0445745893804268,-0.35674901847752,-0.0734595173503765,-0.517759694198053,0.406968934383731,1.12414692288685,0.342469754110769,-0.374656440051376,-0.438992432436683,-0.116090785002835,-0.132079724302295,-0.262580846041176,-0.816263763157847,0.140304302014326,0.357827249299806,0.186422945723389,0.0965444707905616,-0.035866315294695,0.0184945729704665,8.99,0.0
41505.0,-16.5265065691231,8.58497179585822,-18.6498531851945,9.50559351508723,-13.7938185270957,-2.83240429939747,-16.701694296045,7.51734390370987,-8.50705863675898,-14.1101844415457,5.29923634963938,-10.8340064814734,1.67112025332681,-9.37385858364976,0.360805641631617,-9.89924654080666,-19.2362923697613,-8.39855199494575,3.10173536885404,-1.51492343527852,1.19073869481428,-1.12767000902061,-2.3585787697881,0.673461328987237,-1.4136996745882,-0.46276236139933,-2.01857524875161,-1.04280416970881,364.19,1.0
117118.0,2.07823446347693,-0.880238950054771,-1.23743355252783,-0.794979825477115,-0.727821820971827,-1.36083616339447,-0.202724899975812,-0.397875887549298,-0.475491305299088,0.777979473360084,-0.625482846304098,-0.536597217620062,-0.0056320340966326,0.0431186041896238,0.0943765107264695,0.900273832338734,0.251260025898642,-1.80404300012174,0.733228100095404,0.0881693991069546,-0.0193684869077587,-0.24634435336333,0.235969717291606,0.00275969709098095,-0.239447215712755,-0.434629134005104,-0.047957109094224,-0.0447235108734764,82.5,0.0
40764.0,1.21566353918254,0.00814600509545085,0.210281036920778,0.538949301556552,-0.0483837744323142,0.102322347629117,-0.0694067319994313,0.0164897527247532,0.148531869837624,-0.0525847705983512,0.422062318515378,1.28081712138828,0.756771506290421,-0.063946567885269,-0.929745963988923,0.122153674138522,-0.559956911262332,-0.0357573022199384,0.809044261141517,-0.00191409101418875,-0.216149586292529,-0.473042311586775,-0.125454312718609,-0.444222282528827,0.552643719437014,0.298969278728986,-0.025521145713846,-0.00125935384242559,23.42,0.0
46149.0,-1.34650881762975,2.13243062687771,-1.85435531823997,2.11699770636107,-1.07037837875552,-1.09267135682306,-2.23098606430574,1.03642490791919,-1.89551573571367,-3.36401057980002,2.88704787664695,-3.78445965821089,-1.28890425847532,-3.98562600822203,0.531838297985603,-2.60370264991872,-5.15759639749234,-0.696010004579956,1.28596139472532,0.221918669151309,0.609508181503446,0.202874284952422,-0.0607913872259794,-0.186733353366053,-0.0174012274970924,-0.283751034119116,0.395451049081013,0.233138575967241,1.0,1.0
29785.0,0.92376442016477,0.34404807190464,-2.88000365579163,1.72168007534123,-3.01956477860235,-0.639736122583852,-3.8013245024591,1.29909588513018,0.864065471140902,-2.89525166830126,3.02816223099618,-2.54917730779636,-1.56043182473423,-2.97131675769274,1.07889539651163,-4.70201182527384,-4.90809850732764,-1.5088732903485,3.0016850593747,0.170871765618069,0.8999311755668,1.48127100376248,0.725265549161058,0.176959582872624,-1.81563797523647,-0.536517111308732,0.489035020411905,-0.0497285787992942,30.3,1.0
21662.0,-18.0185611876771,10.5586001882538,-24.6677412485732,11.7861803616399,-10.564656569212,-2.64568119936245,-18.02346767268,2.69365540308048,-6.21946362785238,-12.7447607871859,9.31813768535999,-13.3778574339457,1.02192386777466,-12.7843458873548,-0.451145843251939,-7.55136493140559,-11.3259968724596,-4.70125277749548,0.516317073274611,1.00770320533757,-2.31947946208034,0.908838783150801,1.35290370698024,-1.05922233762791,0.185750941504222,0.687037383632165,2.07808058379956,-1.42951702264525,1.0,1.0
8614.0,-2.16992897559082,3.6396539992044,-4.50849778617728,2.73066814884895,-2.12269287053048,-2.34101682766366,-4.23525308290613,1.70353765763508,-1.30527913344307,-6.7167200227127,6.35361231915591,-8.60164826276464,0.449930038237225,-7.50616937408145,-0.438081781812467,-3.69451599830956,-6.30475338603049,-1.26758712788115,0.357987030484253,0.5007790539507,0.645103275621378,-0.503529448911197,-5.22821818299227E-4,0.0716957787676742,0.0920074334247208,0.308497931577036,0.552590914653841,0.298954478709399,1.0,1.0
41227.0,-9.00135134450649,6.61328394324752,-12.4236347238918,7.51992923163014,-10.2662546389665,-2.11320754204122,-9.98428744767688,5.54194143253089,-7.38370453522347,-13.2151722995049,6.89518136811315,-13.2796997105282,0.755263578785977,-13.4170122721265,-0.210774362111057,-10.9226551270595,-21.90649321637,-8.82981976595275,1.85246698871594,-0.645393857931055,1.7758908996538,-1.22475761150578,0.0825935414630254,0.452088727391883,0.463827332847796,-0.296928065001458,0.526505578079938,-0.450890488772313,459.07,1.0
36111.0,1.24026799733049,0.312105921007462,0.292313486424767,0.702362782730311,-0.399883313495935,-1.0757384572805,0.0825148576139613,-0.193302505471143,0.0653186232795894,-0.279933786805678,-0.103896383880933,0.116644782659856,0.00409564685623926,-0.241206947303454,1.11946045360136,0.490027774401903,0.00779762694746372,-0.270180497023213,-0.199590527242143,-0.0783586548854391,-0.285188872786095,-0.852499168729557,0.124824116831181,0.339678462355848,0.205505348343149,0.0942760479203817,-0.0260822034314083,0.0317737454753526,9.99,0.0
57309.0,1.09323161184954,-0.0864762487214614,0.319171629855383,0.856930611840336,0.0960583006820827,0.852739065412657,-0.370034850153359,0.272407126948718,0.0655890087146285,0.133481372870536,0.446978903010347,0.599013071052437,0.302067288503381,0.271040059659119,0.845072541362581,0.692324898212469,-1.00877939443942,0.623464484978572,-0.271716358867554,0.00405812403849172,0.159991124852238,0.395812928000485,-0.248951093415529,-1.14380001100844,0.548614666500906,-0.211638653696044,0.0446004438836445,0.0160587336486742,59.66,0.0
24213.0,-1.5242990693049,1.52431564377603,-0.731503775766807,-2.36472044936713,1.82603847929361,3.09023740385648,-0.54409033638515,1.34862693833935,1.85088272878289,0.0385554894825148,0.654302094871048,-2.50094531555641,1.63411902533747,1.53210910322552,-0.0133979147688472,0.983740851635704,-0.325701710945437,0.3216160495434,-0.717625066992603,0.492236805546456,-0.387122649826821,-0.848398124308663,0.0566912937647916,0.952525717291247,0.112003838129186,0.720728804238425,0.447061996401204,0.232407743739812,1.46,0.0
78296.0,-1.26274734082194,0.418965492334003,1.40538861889501,-3.2770268004986,0.00207446134177699,0.331423494207734,-0.0247244272857971,0.801224557259686,0.960501941222826,-2.74078615429558,0.965235290486181,1.5449014148681,0.559870367381584,0.428247630006939,2.54607451650912,-1.9042707545774,1.08692211203482,-1.74909226201268,-1.22167412849072,-0.263835540316128,0.310865793552694,1.00716021116636,-0.205340046542202,-0.599056141972163,0.363335583292627,-0.737598544924771,0.0441955411685295,-0.0173101709091828,8.56,0.0
93853.0,-5.83919161928092,7.1515323543223,-12.8167600806187,7.03111476501099,-9.6512721679897,-2.93842725771624,-11.5432071690832,4.84362653179436,-3.49427572506535,-13.3207888671784,8.46024444901677,-17.003289445516,0.101556614891384,-14.094451660329,0.747030766392512,-12.6616957230679,-18.9124938172188,-6.62697484523061,4.00892074227194,0.0556838813863639,2.46205591127559,1.05486518382957,0.530480596078193,0.472669814042592,-0.275997967880675,0.282435024801752,0.104886020210564,0.254417096767513,316.06,1.0
90754.0,-0.562587649070283,1.30598522044273,-2.09688468841137,0.258754025785803,3.59319226910057,3.48540332735553,0.974273773883529,0.670845008612846,0.608623269565047,-0.681145158444799,1.05337620470499,-2.92224081603722,1.11322379436661,0.544691281722442,-0.484905345828963,-0.757354568149235,1.92576001165968,0.5259906491512,0.246277934113549,0.234737450431424,-0.177543911343519,0.0741774556790835,-0.241895974132112,0.533475228628052,0.111363573523747,-0.386573254565374,0.621617856799095,0.289811101637314,91.04,0.0
17520.0,-5.26805322089363,9.06761342731767,-15.9607281345144,10.2966027898053,-4.70824109122294,-3.39537485177836,-11.1610570028797,5.49996263444947,-5.66737554592835,-11.6271935556579,11.0270590938161,-16.3880541668327,0.363921486512734,-17.230202160711,-0.437487559248993,-10.1223919213552,-13.6392089915234,-4.98645725844229,1.12678437819631,1.45587819528,2.00410994522741,0.191058399384387,0.622927669875126,-1.20926355739155,-0.374798862642666,0.64879803679546,1.58469734677224,0.720055870245492,1.0,1.0
14868.0,-0.277113285928691,1.35758527633308,0.545678603915978,0.239829471491706,1.58760908509459,0.268709576154266,1.2221990209112,-0.380211753108522,0.759385340850072,-0.297403836594396,-0.349564890366382,-2.62854280290556,2.56231682838583,1.39121114907624,0.0440569138027381,-0.362272656155336,0.04554230772567,-0.0670949515028831,-0.178737398564983,0.11765792334053,-0.212449445298969,-0.0288687786927278,-0.472203928869784,-1.35686673558073,0.554760396369584,-0.285412987418943,-0.0457806330801258,-0.16901189788439,1.99,0.0
73774.0,-0.903883701555595,0.946588133334609,1.4083484535426,-0.428185228403177,0.527059468497648,-1.20470064302644,0.951390009941699,-0.38371839124163,-0.0597282079385558,-0.277901001069174,-0.200724156264539,-0.0715136230682723,0.160735300305895,-0.752012323035953,0.458526434727488,0.521464996605565,-0.402741525619628,-0.263961347076767,-0.776572258764155,0.0284656603566089,-0.256705676489703,-0.56882008809289,0.0191709713108315,0.334027697131111,-0.413604201502321,-0.14451813313372,-0.101566644576189,0.0202171928629546,1.29,0.0
55614.0,-7.34795494690262,2.39704134824746,-7.57235581757844,5.17781925521834,-2.85483828261718,-1.79523877381611,-8.78323473517424,0.437156561210431,-3.74059750992972,-8.33286306292127,5.76318940883843,-8.70787929219866,-1.71694948774786,-9.57719439289905,0.146369002626258,-7.58649078643175,-12.5039309695675,-4.37563101237668,2.46519487038601,0.0731637913502985,-0.175273369741836,0.543325051876651,-0.547955067054245,-0.503721690122004,-0.31093277648824,-0.16398601754964,1.19789504657005,0.378186688214491,0.83,1.0
73438.0,-0.360662789236036,1.29816274229359,1.17663385363631,1.85704233380246,1.251753246933,0.932073189770752,0.733119108707795,0.1044751935742,-1.53174584602286,0.343527785089372,-1.57223047119962,-0.416077216195513,1.13413241479997,0.0268324605611591,0.89124129685947,0.301121069598355,-0.625167359513644,0.0120713197410685,-0.0712407323744762,0.0923395892634897,0.167035166018476,0.536558957547837,-0.43242986565991,-1.27678940844674,0.194857004338735,0.315997183838967,0.117194641615636,0.106655839976139,7.87,0.0
70270.0,-1.51251575792702,1.13313858781029,-1.60105247993576,2.81340096831714,-2.66450340578315,-0.310371093924795,-1.52089516380539,0.852995775116439,-1.49649450564954,-4.05629261571005,1.55375586796783,-2.74355135914945,1.50454067059684,-5.42878849870488,-0.0160171233729703,-3.72718761269833,-3.94629958919926,-1.68028644319238,2.30361261010114,1.24958556268985,0.729827756052255,0.48528591471162,0.567005413227757,0.323585691602658,0.0408708540928058,0.825813553299941,0.41448227186994,0.267265082454707,318.11,1.0
41164.0,-5.93277795485543,4.57174320411303,-9.42724692838332,6.57705643811276,-6.11521812544893,-3.66179789602346,-10.8940785545016,3.70921000751656,-5.85952387304171,-12.981619145004,8.26529460055417,-14.1541653609607,0.479842781966758,-16.3375959447735,1.64604527960375,-12.3753974432385,-21.090612716108,-7.7245457358645,3.85637474254372,1.19107830456005,2.01427156558263,-0.167416617986259,0.0499675298711021,0.384429719031746,-0.0778835668224832,0.56549290579318,1.79201191700266,0.371007021212136,5.3,1.0
46792.0,0.190492236616476,0.704149695311776,0.0253971177690321,1.60637729441864,-0.231566531582689,-0.498525054199456,-0.0624417683721136,0.333056452477804,-0.0511357232432501,-0.104386892018072,-0.261152478096059,1.36455446720761,1.23052984154472,-0.0310109287950163,-0.286075872636669,-0.956664236950119,0.578571208820555,-1.03085811905441,-0.0230455408550407,-0.289892820769599,0.0882017836215943,0.489685167606155,0.503324442794708,0.422107295121462,-0.652337296046008,-0.46315639033666,-0.208401114138826,-0.209638680828703,3.08,0.0
100223.0,-19.6418567335974,14.7063346696674,-22.8012376947782,12.1146718424589,-14.898112530969,0.840777704221173,-28.0112929096778,-11.9196388199434,-8.9609216998511,-18.9132433348732,4.971248707036,-12.6863075224956,-1.07144311342478,-7.38337003956967,-2.99243029925503,-8.58230865037102,-13.8065681285297,-6.00035879778826,1.42263161326029,3.83464904792346,-8.22887409813848,3.31817776987025,2.58521234602075,0.195008569338351,-1.19480304002391,0.0384229399473607,-4.12674625203028,-0.645329219040983,2.28,1.0
52814.0,-1.10184700698197,-1.63244121283891,0.901066556872515,0.847752885502341,-1.24909072939532,0.654936785498635,1.44886782586722,0.0233079125519542,-0.136742416820243,-0.150129182778684,1.17235508293037,-0.795988136674965,-2.13695096583302,0.578869439330842,1.4121147225086,0.0134668068434063,-0.119204381070058,0.826814373772222,0.476859902488945,1.23027784051309,0.610653920616913,0.835795006603528,1.17995542066426,-0.0290908864225033,-0.300895693792436,0.699174952578756,-0.33607170899039,-0.177586827857027,519.9,1.0
41874.0,0.467768940747719,-2.05855119835389,-1.82311057986938,-0.933194293817378,1.19985124495491,3.33378571218149,-0.0673170887626324,0.599477389057518,-1.32695698252577,0.559381232134229,-0.166551313198392,-0.152944607643048,0.373506864717092,0.517407603937569,1.03810813202815,-0.891361208679309,-0.555974946650817,1.00004974711824,-0.448820478999043,0.637351519504496,-0.614043388010657,-2.65995416963949,-0.130010006387688,0.944373475689994,-0.0638489001974562,-0.0598810095175324,-0.118281443221254,0.102217605035914,506.9,0.0
21204.0,1.18658918158993,-0.239240068325824,1.03547674474095,-0.573229783456108,-0.861288997639637,-0.277853110691605,-0.654024386054578,-0.0405652460867073,2.93461289160611,-1.53192681402635,0.918484785794989,-1.09443925949787,2.68202072469513,1.09754282653015,0.667161865982229,-0.814479536210211,0.803278448430582,-0.120760179519946,-0.0165585447091513,-0.108130734902259,-0.11597533673724,0.226937707218116,-0.01714452572533,0.0677529433656548,0.4375019145194,-0.700332325544664,0.0885474572489818,0.0297260287256511,11.85,0.0
53376.0,-2.55153393783865,-1.5764871397907,1.62353489987641,-1.5782187712271,-0.889484513488944,-1.46892853084125,-0.244882923516894,0.306045428463761,1.60346093244743,-2.13156736085783,-0.211095395242329,0.84032259385293,0.161744903956013,0.0232267100335395,1.96466665528494,-1.11190640693018,0.506780889131996,0.666612071784359,1.92126089931701,-0.283281708188114,0.150391386929585,1.0976996000571,1.3054765795646,0.744806569395633,0.890660840162141,-0.46707709528253,0.189265142128336,-0.188097142662653,125.1,0.0
55106.0,-0.339384825954311,-2.09566995150604,0.271543391775159,-3.06646900862146,0.484794440653465,3.87070383099923,-2.0693985766307,0.184347445601069,-1.61595805217477,0.84612443617113,-0.459482827749078,-1.04890413323736,0.597583368849282,-0.547535808719002,0.852233235581219,0.82582861759431,-0.491550732175618,1.12365645480463,-1.19362268489379,0.240066173432997,0.964114857051759,-0.266112035701406,-0.993763493295295,1.03376644445485,0.748705905302262,-0.116168026289758,0.153607349497178,0.2688813842212,322.34,0.0
101051.0,-1.46531575579616,-1.09337687781209,-0.0597678482279439,1.06478463530602,11.0950886001596,-5.43097128323669,-9.37802517086658,-0.446456139679101,1.99210961400888,1.78592177154007,1.36858453419511,-1.47169658834377,-0.72475884619705,3.44242199594215,-0.957403224855046,-1.62612941891216,1.41821495932655,-1.41791682839858,-1.65176618071699,-1.4576102135585,1.16062328833533,-1.2596968082996,-15.9816491909559,-0.883669935248733,-3.53671623161143,-0.59296488849027,0.675524833181225,0.424849351792902,0.92,1.0
118099.0,-2.47907701484698,-0.0683559173016583,-1.1131350222844,-1.5909310617059,-0.997077378523586,-0.43529050976261,1.01752773124015,-0.0950467323991389,-1.30925975674652,0.834983426163481,0.433801465695517,0.297745114396995,0.447672282388868,0.515178415758033,0.0286039336505133,-1.86678182030308,0.147742146094972,1.54408583258439,1.16761053273016,-1.14096079912565,-0.400782534306926,0.0108350140625462,-0.0404333817107817,-0.238558490042219,0.0141956297428966,1.0061475889679,-1.51860619388495,-0.468230222340764,194.97,0.0
35066.0,-0.828537001984295,0.876199753129492,0.857566048471741,-1.00211363524166,-0.382132333211425,-0.939742521384238,0.13410139942716,0.53175825518373,-0.324036356657978,-0.516508525777657,0.737687599537304,0.0111138222465782,-1.43367820656199,0.831546715314347,-0.233630912645934,0.749124942419589,-0.582420728923122,0.480663114906075,-0.345263624031305,-0.157792704317351,0.22730462942859,0.525880374973634,-0.0848041401051432,0.376039378653918,-0.501043996291614,0.882074305522315,0.166075225136007,0.124352285418178,0.67,0.0
42988.0,-4.42350762703846,1.64804777413239,-6.93438785672913,4.89460056642244,-5.07813111998958,0.0108488776042783,-3.40909567897227,1.40929050029893,-3.26067152936237,-7.78135276287243,6.28337707847689,-9.65660635996176,-1.61913485478932,-10.7321089251086,0.288220764475555,-7.89812205175049,-13.5706825019333,-4.59023530005094,2.59017338411194,-0.562264103606392,0.698359061079766,0.487477720585547,1.22869827965959,-0.535217333195035,0.388278095984062,-0.00946564715170412,2.300164247557,0.0812314897144668,648.0,1.0
56098.0,-1.22966891678814,1.95609915073809,-0.851197959645561,2.79698655025108,-1.91397684079333,-0.0449344462262948,-1.34073935355915,-0.5555479867039,-1.18446766006311,-3.24510859732028,2.33832327000211,-2.82004218823068,0.763325773164453,-5.41958986916794,0.0414327925041231,-4.18075778829053,-4.2850705920981,-2.53645157282245,0.93023918577297,0.270459255150975,1.20805425987967,0.277611797272191,0.0192658003152734,0.508528831195383,-0.201182897226566,-0.249600419347595,0.562238742839488,0.0753085014191344,170.92,1.0
120848.0,-0.510831009525707,0.536477334239008,1.43791526760054,-0.867575125075767,0.00119660037915737,0.183856705571265,0.104403100536826,0.374149556045737,0.282424447295817,-0.401354369427245,0.338597755759212,-0.227783450253878,-1.4730089323918,0.165785109004686,-0.337784230468419,0.591377114935044,-0.786080929017924,0.950209119910763,-0.146888155586376,-0.015915525394005,0.297604810234655,0.960032509307101,-0.273096701909116,0.791349197860704,-0.186585965006161,0.601062981553547,0.330582574228222,0.195076825719858,2.74,0.0
56527.0,1.1295823340468,-0.0334346563552657,1.18419344203871,1.142911796265,-0.687173017769713,0.334355332610114,-0.607874400987562,0.208958435341451,0.521509667272469,-0.0591598231835429,0.764560634044464,1.52848941403784,0.882519556567698,-0.356595029709913,-0.593942792316924,0.329230913532859,-0.668076804027158,0.432861251943411,0.195164203729207,-0.0518246712670318,-0.0209284244371371,0.149308671939722,-0.069600165977057,0.0378079657942004,0.457514376105955,-0.409517363574097,0.0735474373697473,0.0270866976110812,11.5,0.0
49306.0,0.547676523958863,-1.06404097848068,0.592646763136025,1.28603102221804,-0.300995662104284,2.12693548214562,-0.660631903573045,0.844685711134117,0.911787830107141,-0.282710448970723,1.30679302945334,0.430536255705706,-2.47239952112615,0.443071087546335,0.0957257806111044,-1.33687903329656,1.12929082960903,-1.41733834173588,-1.29211553533821,-0.0142380140641613,0.224035107194838,0.498629794226966,-0.149632421439694,-1.03059721773597,0.181987518440155,-0.179704508312538,0.0734331774426535,0.0328152426678945,210.16,0.0
2792.0,-1.88837820765573,-0.520139791451483,2.53138210317149,-0.493778401438229,-0.152161045556004,-1.11318888149451,-0.23783424342442,0.0792357893718161,0.513492223857615,-0.634102355416738,-0.465763872518413,0.0830656374645626,-0.122168306405119,-0.510145071308721,0.241910805069055,0.427668387264296,-0.335030459798162,-0.129587671208265,-0.596338185215503,-0.0408593610331345,0.0614498451790763,0.385022254724911,-0.330147695617644,0.817943178588441,0.216877998437455,1.03150235374554,0.2478329671779,0.0826587672989987,100.0,0.0
85544.0,-0.458574680137269,0.273799631534807,1.26018688317511,-1.40934257918576,-0.306380531435605,-0.549902582629581,0.0459631909682624,0.0280660486516239,-0.900362532834816,-0.745223617184698,-1.09523180698548,-0.854928394735799,0.0903678672793524,-2.03390725956505,-0.047725396008754,-0.531679728858739,0.841125948321491,2.06032176549892,-1.27997326763654,-0.403661080737957,-0.317233067687059,-0.383128639916087,-0.227272829456274,-0.233979838249708,-0.135625558240426,1.01863470299412,0.0612149331833564,0.135094325743159,19.3,0.0
101597.0,0.91311613528992,1.1453810871791,-4.60287793273505,2.09180337375362,-0.473223859280585,-2.0854358325571,-1.67124403232231,0.0943965856348779,0.337798765397573,-4.4318096317282,4.87197985976052,-5.39522117678937,1.33250215621937,-4.60379669207464,-0.77731354811867,-2.57189156103509,-3.00361530529652,-0.225441388417525,0.252273565031692,0.50898474829098,0.40141574109896,-0.0849334160429759,-0.197684434494785,-0.283271078982557,0.387597335722074,-0.553526986386025,0.516274456782261,0.270828187083758,147.87,1.0
44833.0,-0.714824542147204,0.980626294143764,1.41555236997945,0.0694959774650953,0.759452468857012,-0.881874604207699,1.42188455300219,-0.344199246894505,-0.548136796322311,-0.347044057284222,-0.0787165385773128,-0.251454534703945,-0.92182741328095,0.348282678859297,0.263968943158991,-0.294994199432751,-0.325779446809263,-1.10870268101074,-1.30160810236662,-0.226501637746158,-0.223342041727765,-0.616842328542017,-0.0195272828629829,0.329692923897827,-0.226130655231708,-0.884865066816114,-0.191275680696618,-0.0909378016791438,23.0,0.0
34027.0,-0.166460417074895,-0.210488027207735,1.29684036684219,-1.02812093978914,-0.353079355815644,0.278924177707871,-0.346112652378878,0.364135074574427,-1.39144723206153,0.558612871470529,1.56778474121859,-0.734153693297138,-1.34697107209464,0.365419094004823,0.83395544450221,0.544522173172559,0.818664040166656,-1.53384533627012,0.939031951056377,0.11997327900071,0.18114760265796,0.311054165333533,0.312283114293917,-0.352908761173249,-1.25771454027388,-0.502124662793963,0.22121012998932,0.188435426770088,32.0,0.0
17220.0,1.18978435670385,0.942289402014327,0.0823341450498769,3.02404970580847,0.412406009418248,-0.214414558479438,0.0535578385040748,-0.110353351082093,0.883797757350066,-0.554223900525873,0.154921008931302,-2.77675657494788,1.6412066261065,-0.45607695680899,-1.24041439240797,0.857322735948866,1.70702446635297,0.526349196477535,-0.865104609842214,-0.143434644974988,-0.502635558485173,-1.04739752764089,-0.0567520238885425,-0.340688404752184,0.541235201259928,-0.0983002868955662,-0.0030411199129353,0.049819020358336,3.79,1.0
35906.0,-3.51902954497457,4.14086717613266,-3.62820236883577,5.50567203744754,-4.05746250583351,-0.905945282755562,-6.65203112089008,2.63452416520597,-4.67940204045465,-6.54624181523522,3.53820204012168,-8.04228514248667,1.69750938374612,-8.05104890186539,1.07045739646232,-7.39595692479141,-14.3296261567476,-4.86801023649552,2.46384303909831,0.898723234092648,1.58255593340505,0.778710245469243,-0.13570727840987,-0.00427780027496027,0.0327061591060809,0.362014053476722,0.900925137512513,0.554897499272323,9.13,1.0
91554.0,-5.10025566317088,3.63344238024837,-3.84391862443125,0.183208447320966,-1.18399737637674,1.6021393332506,-3.00595315203476,-8.64503780175356,1.28545810732477,-3.71748137540216,3.71921153916465,-5.03402974701745,0.918999158233287,-4.22036591807154,-1.05049995739584,-1.69104526842648,-2.37242320724166,0.450098503348706,0.407805060819919,-2.80630192287329,8.28043932580154,-2.79714954096118,1.09070659271567,-0.159259597476933,0.532156369375709,-0.497125808167425,0.943621624807946,0.553580691756943,261.22,1.0
57964.0,-0.988451016670052,1.02242978933338,0.478645212681696,0.98271198914553,0.30265314129515,1.05513646794739,0.248521585057532,0.729234164040892,-0.464387558857744,-0.0541851088055023,-0.230043299248956,0.201641591710829,-0.711276679344673,0.563934095519833,-0.329020143339186,-0.511375467122793,0.146786799911583,0.329459386306425,1.46723266895297,-0.0228433101394066,-0.0290237090757784,0.112002244440071,-0.0654346228320186,-1.14802070742239,0.0659464362840608,-0.16889960588432,0.20433508771888,0.0848227725938861,56.63,0.0
45452.0,1.19973586549637,0.2100319466015,0.25642972465805,0.722797641617799,-0.460867577471998,-1.07646351135813,0.0775915031276052,-0.171039643026126,0.136140685805791,-0.275562881017904,-0.190680427337213,-0.140432969849519,-0.472748609287475,-0.140949014624585,1.17534323311485,0.517004306994266,0.0339220663806559,-0.204986456088295,-0.200955716082702,-0.066267020617978,-0.278365812386374,-0.90404292556257,0.111409149971661,0.322015643733455,0.182241130295276,0.0939940833698432,-0.033205433956809,0.0343397275099069,30.99,0.0
59011.0,-2.3269223698887,-3.34843873033788,-3.51340796089061,3.17505971028128,-2.81513703435586,-0.203362788049123,-0.892144430418318,0.333225702638422,-0.8020052289805,-4.35068531246963,3.06424584128211,-2.71873063246571,0.0687877027069899,-5.58687312563725,-0.966076477695954,-2.50204941657576,-4.46049463214891,-0.870525745045081,0.595629103995644,3.20917094389277,1.22664839880046,-0.695902072928095,-1.47849021051453,-0.0615525997443275,0.236155012156618,0.531910616094765,0.302324354380578,0.536375347733134,1389.56,1.0
69036.0,-0.562171518541891,0.356851872742426,-0.754517994841958,-0.276675776088179,3.94158959652717,2.69338008963992,0.259416931437105,0.30088861701376,-0.560477887472023,-0.191710965298181,0.518915317330773,-0.812818957719181,-0.163105524416861,-1.61672459179088,1.57173251764364,0.216831787560824,0.695936484195166,0.93540868345195,1.17519536269884,0.258984345917558,-0.212552034321203,-0.329484855805726,-0.41949727791646,0.921488324548447,-0.176697449059036,0.392122873100714,-0.24556331107941,-0.320796938423619,0.76,0.0
100223.0,-19.6418567335974,14.7063346696674,-22.8012376947782,12.1146718424589,-14.898112530969,0.840777704221173,-28.0112929096778,-11.9196388199434,-8.9609216998511,-18.9132433348732,4.971248707036,-12.6863075224956,-1.07144311342478,-7.38337003956967,-2.99243029925503,-8.58230865037102,-13.8065681285297,-6.00035879778826,1.42263161326029,3.83464904792346,-8.22887409813848,3.31817776987025,2.58521234602075,0.195008569338351,-1.19480304002391,0.0384229399473607,-4.12674625203028,-0.645329219040983,2.28,1.0
46302.0,-1.17068981225563,0.142111417508282,1.25306037152903,-1.15905218694283,1.26227746827464,-0.852678766448152,0.647239936475553,0.0420079431441925,-0.871735407615831,-0.696166519614197,0.541515954305877,0.248098170187257,-0.305580816906291,0.512230233682634,-0.296944437222682,0.692174663615799,-0.929938267786539,-0.0855610858055287,0.421500825615966,0.188499735093745,-0.330003523329969,-1.39153843255168,-0.0274311074317395,-0.512514791442954,0.216590140630642,0.577333656568459,-0.122944143442953,0.0409346361775743,29.95,0.0
55455.0,1.07753317319075,-1.31082448588753,0.70214966531503,-0.590659142437178,-1.19427014063693,0.940413067401914,-1.19147722703467,0.394975632558863,-0.0859169502626324,0.549586482533272,0.107152714686369,0.218043374575373,-0.402723739840924,-0.225264430039565,-0.156475577433523,-1.14693536193385,-0.0838854118749394,1.46020816217101,-0.374743523149738,-0.300780613711584,-0.390922475854516,-0.750809592871164,-0.0457265593628067,-0.831284096696808,-0.00411234172322905,0.817121993802514,-0.00532793832241161,0.0200166767670962,120.0,0.0
57670.0,-1.64858962954449,1.87312092701813,1.05113176179523,-0.214163688854317,-0.34976336056174,-0.688042011795788,0.492786806831113,0.262521063552275,0.227122946128508,0.844817787262993,0.255216127261564,0.581512937570068,0.613535027080488,-0.108298529807977,1.06239048088167,-0.259331637690069,-0.00360281914733049,-1.03830082667549,-0.593466874785105,0.56371660598234,-0.304185048649495,-0.444063814599072,0.0978033632090628,0.382448562484292,-0.0847274096881045,0.0705683492682467,0.414229321359783,0.0980702852156389,8.91,0.0
70860.0,-1.31417376211632,0.781882294946529,1.11800847977236,0.137018162253475,-0.110109657963435,-1.13540261572516,0.256651219227752,0.32295350831613,-0.468352376450185,-0.407360727641886,-0.527773884432086,0.139687234897229,0.17760422481371,0.39820860002495,0.846584311562547,0.332328777002181,-0.251838305494519,-0.308483405705757,0.0583762166482554,-0.0992768156657085,-0.205719804405914,-0.557858721228046,0.500659047755147,0.351870432768579,-0.0622205224276541,0.0809696644067458,0.0764850392757121,7.64729011358198E-4,11.28,0.0
120732.0,-0.501219326664478,-0.49134857085261,-0.768800454679471,-4.79273250534395,0.831394599974601,0.123909952106193,1.29365295778737,-0.178561308558659,0.253245577394671,-0.926685139222626,1.06407663402679,0.875552244643574,-0.326193471942689,0.370519408241716,-0.00696184158401703,-3.16357522733344,0.053021695282583,0.355626639732494,-1.76653160927545,-0.607532700742545,-0.0826242394153212,0.724645163962048,-0.108599558074341,-1.43480098486988,-0.367637872381838,-0.950895390197094,0.252295377945341,0.0204177363385826,112.49,0.0
48780.0,1.06856580499037,-0.0525808023893871,1.389763649361,1.78309658762996,-0.761890050946605,0.437975845909769,-0.459555906041922,0.202722908885655,1.06300641892738,-0.446890476083865,-0.628220731565585,1.67504592607529,0.776003355409719,-0.943412250679156,-1.84903756486532,-1.29400020248334,0.829738724399496,-1.5963309733536,0.0461065305093393,-0.160495949823492,-0.384900497507534,-0.566344546456532,0.116626497224092,0.437553610695203,0.4217070046208,-0.5330005011945,0.100001352440818,0.0334409594935485,4.98,0.0
7610.0,0.725645739819857,2.30089443776603,-5.32997618300917,4.007682804682,-1.73041059025206,-1.73219256822244,-3.96859261813707,1.06372815344105,-0.486096552344833,-4.62498495406596,5.5887239146762,-7.14824263637845,1.68045074096412,-6.21025774661028,0.495282117814298,-3.5995402092184,-4.83032424210571,-0.649090120211694,2.2501232487881,0.504646226103286,0.589669127323198,0.109541319229913,0.601045276521079,-0.364700278220039,-1.84307769215194,0.351909298434892,0.594549978086464,0.0993722360416487,1.0,1.0
19762.0,-14.1791651073631,7.42136996239257,-21.405835744128,11.927511869244,-7.97428068736155,-2.20271027666529,-15.4716122801735,-0.356594909586509,-6.38012489838839,-13.3482776536659,10.1875873241664,-14.5639797552132,0.59375935763569,-14.4915983463022,-0.281392503951236,-8.2641288443605,-12.4398049728466,-4.83707902601307,0.753149847889189,1.00276434172175,-2.36683606243662,1.13095519799655,0.991153238179024,-1.03313210707298,-0.327179344936207,0.634692903522304,2.17190494464567,-1.39528768393339,1.0,1.0
68207.0,-13.1926709562391,12.785970638298,-9.90665002092758,3.32033688288942,-4.80117593230105,5.76005855618556,-18.7508891580107,-37.3534426378925,-0.391539743919107,-5.05250236713858,4.40680552357904,-4.61075647740608,-1.90948796970811,-9.07271093398351,-0.226074450896345,-6.21155748212485,-6.24814535335983,-3.14924669470095,0.0515761185277783,-3.49304991519446,27.2028391573154,-8.88701714094871,5.30360690376998,-0.639434802306313,0.263203123457008,-0.108876929971315,1.26956635541013,0.939407362758877,1.0,1.0
82019.0,0.681259375070628,-0.707090020448797,0.345681437681473,0.847502197731953,-0.105904791778375,1.19426120486394,-0.139334638771502,0.416065182217249,0.454306579739024,-0.457656651085011,0.532235965442441,0.784079031876207,-0.474720420536656,0.177586506052871,0.914046844287686,-1.60472865864117,1.37900232461394,-2.68679935463232,-1.50937172822429,0.0706282117430584,0.0120276411984933,-0.0503934262290623,0.0295160751350394,-0.591794233245501,0.0197247163085869,0.35945498522631,0.0139421727277896,0.0315231196019337,183.3,0.0
80455.0,0.0695136512362955,1.01775282259336,1.03311730330273,1.38437598376845,0.223233203434278,-0.310845308967689,0.597286918079714,-0.127657870318349,-0.701533299108101,0.070738947747713,-0.857263147376562,-0.290899347347793,0.28933727321663,0.333124567854265,1.64318151571154,-0.507736802944997,-0.0242081756322681,0.371959731709263,1.56144732877125,0.148760467832171,0.097023106987643,0.369957060055605,-0.219265551505531,-0.124941334269867,-0.0497488217469676,-0.112945597925574,0.114440378446341,0.0661007963714832,10.0,0.0
85181.0,-3.00345942213401,2.09615030972986,-0.487030347865578,3.06945315960973,-1.77432868427117,0.251804209642436,-4.32877649482139,-2.42547814428288,-0.985222033510513,-3.99521073403213,1.8806015528528,-2.32517912777326,0.636458662971611,-5.41749934539643,-0.262909464785021,-3.81808566437699,-3.70070702592749,-1.99141207812339,0.779950535234061,0.692537380835205,0.163966694003732,1.24564832133152,-0.269241340185825,0.537102119409512,-0.220756683145222,-0.0595547732936557,0.460709677482052,-0.0335506071081744,2.0,1.0
53147.0,0.926265726661219,0.0237941253943191,-0.057457248007502,1.41963967519729,-0.196103702722017,-0.966244498856396,0.644780320907,-0.260228341032119,-0.338920025724639,0.0045119317029388,0.257113925469933,0.249748440720508,-0.486037290796238,0.730558454804372,0.915632477486149,-0.58672287391194,0.171803199554304,-0.925106384347911,-0.907754310340542,0.0483079911017439,0.143507527518127,0.167140781439912,-0.164198925362502,0.609597776102459,0.637894245263666,-0.296636471719296,-0.020673162682077,0.0360237109144092,139.0,0.0
94362.0,-26.4577446501446,16.497471901867,-30.1773174564996,8.90415677106517,-17.8925996927224,-1.22790388102871,-31.1973285494605,-11.43892041491,-9.46257260540015,-22.1870885620007,4.41999660154863,-10.5923050053728,-0.703795803703315,-3.92620731586873,-2.40024649210124,-6.80988994039049,-12.4623149481086,-5.50105078380738,-0.567939572890149,2.81224110932946,-8.75569832116533,3.46089334478551,0.896537503959012,0.254835536763482,-0.738096558530353,-0.966564233789852,-7.26348214633855,-1.32488430656137,1.0,1.0
94362.0,-26.4577446501446,16.497471901867,-30.1773174564996,8.90415677106517,-17.8925996927224,-1.22790388102871,-31.1973285494605,-11.43892041491,-9.46257260540015,-22.1870885620007,4.41999660154863,-10.5923050053728,-0.703795803703315,-3.92620731586873,-2.40024649210124,-6.80988994039049,-12.4623149481086,-5.50105078380738,-0.567939572890149,2.81224110932946,-8.75569832116533,3.46089334478551,0.896537503959012,0.254835536763482,-0.738096558530353,-0.966564233789852,-7.26348214633855,-1.32488430656137,1.0,1.0
101597.0,0.91311613528992,1.1453810871791,-4.60287793273505,2.09180337375362,-0.473223859280585,-2.0854358325571,-1.67124403232231,0.0943965856348779,0.337798765397573,-4.4318096317282,4.87197985976052,-5.39522117678937,1.33250215621937,-4.60379669207464,-0.77731354811867,-2.57189156103509,-3.00361530529652,-0.225441388417525,0.252273565031692,0.50898474829098,0.40141574109896,-0.0849334160429759,-0.197684434494785,-0.283271078982557,0.387597335722074,-0.553526986386025,0.516274456782261,0.270828187083758,147.87,1.0
32190.0,1.24079032630022,0.188729518502269,0.39396749799787,0.427187517080703,-0.262913451239282,-0.478403354986016,-0.0500240630292115,-0.0356186113642681,-0.187627640418414,0.104453119443545,1.18049024722664,0.933334246777785,0.260826727125791,0.42147842990442,0.358776916041835,0.59755459425674,-0.793121422793283,0.0650079369582951,0.296194076396272,-0.073193173302227,-0.227939408169236,-0.69550303982866,0.083238078805149,-0.00832923097624337,0.230810910316452,0.0978653618198506,-0.0334926598310336,0.00540655190290213,1.79,0.0
74262.0,-2.25053480921229,2.36575487772312,-2.95549117924385,0.0897905975142065,-2.83074456678034,-0.844461639207772,-0.174061560679368,-0.407138137833787,0.174216293591102,-2.9989262562074,2.60516857519668,-3.67771661422902,-0.961254636207547,-4.62948099682303,1.94218161282,-4.18037888438458,-4.60568646763486,-2.55718413666009,1.58958220191211,-0.48653714178381,0.256559618287662,-0.466245243122949,0.291104927494009,0.242566552797207,-1.27909371150404,-1.12353433717278,-0.630976512544474,0.326839204012689,311.28,1.0
99014.0,-0.548397473927389,1.24204392848557,-0.812773716157427,-0.258617423222563,0.85315836826971,-0.466223136759698,1.31952498666852,-6.9813439167489E-4,0.862264391861026,-1.1793645560319,-1.09442852124415,-2.28695102295452,2.33457757416084,1.96113001690148,-1.26337278283271,-0.663856476208369,0.473104868470483,0.179815288010023,0.733876811027491,0.116706020227414,-0.0536354873988531,0.170030099058496,-0.126315698330732,-1.02537016220261,0.140705712353918,-0.196175273734709,0.229679859025629,0.169879930761929,95.0,0.0
69573.0,1.10800310877058,-0.767988014831168,0.14658875953403,-1.02448655941524,-1.09754471729478,-1.10279613942218,-0.115701628352005,-0.16752810829873,1.84845085492848,-1.17784414554543,-0.73089699799055,0.312157562309419,-1.15014761318436,0.107457440142245,0.392174491876774,-1.01996371969003,0.402985821915611,-0.272303094026781,1.07380390573499,0.025426059718189,-0.0259160755480058,-0.00141073985966305,-0.206822152490396,0.456597450592541,0.634037195120122,0.133629838252085,-0.0137880167989779,0.0236025323487316,102.37,0.0
72828.0,1.43435248312829,-1.50387757040929,0.717895791848484,-1.52995273480458,-1.41389465892184,1.0750034376413,-1.82437392124996,0.433771425182952,-1.07608191624054,1.40290462383567,-0.169592021861978,-0.755599242282534,-0.387825927299978,-0.620920549809707,-0.49444862902017,-0.195430956486912,0.385495486337261,0.591333357061039,0.293411129017264,-0.366417344166142,-0.246237251473562,-0.192590709654961,-0.0558526495147161,-1.18583030701049,0.266500498362455,-0.107979449446113,0.0829352825131952,0.00631051330176805,20.0,0.0
82909.0,1.23643589917244,0.0776317532761177,-0.307925092916335,0.876633584477734,0.723084604335308,1.12839663200338,-0.087429582622103,0.258945725361283,0.194935698527693,0.0538749045686602,-0.435384870155692,0.487452255156381,-0.214070446897616,0.219509533233822,-0.634449124903081,-0.00793037323625992,-0.598262707989331,0.11894015897211,0.574258132631874,-0.135147084055992,-0.165065526027398,-0.288893390783397,-0.287646277568415,-1.69788751110425,0.852293336177218,-0.222441103788394,0.0311417666849373,-0.0116897405742093,11.99,0.0
72824.0,-1.11149523246612,-0.257575207100777,2.25020963478583,1.15267090326627,0.432904474488939,1.25412602800986,-0.58416279009186,-0.609681605347911,1.01460246273104,0.334532824069685,0.82637484441332,0.196886900487791,-1.88599349809323,-0.472025637126337,-0.578141395688259,-1.24300710102788,0.570459827436018,-0.159056766164096,0.407187527410462,-0.510613591931657,0.862912790109336,0.927825035064447,-0.343058085886885,-0.256268230425974,-0.600742165862083,-0.18033128765631,0.0267622260788268,-0.358335321215398,45.03,1.0
87990.0,1.88470815651869,-0.207023411543783,-1.93507789821105,0.410941370173019,0.186646245393993,-0.940560342576747,0.13771467089232,-0.129162383728864,0.589950204084205,-0.297602572247348,0.829782819520241,-0.197771487106763,-1.64749081944653,-0.205755820538872,0.456394213369103,0.522133580395611,0.17791947273401,1.2278711527324,-0.103732950264748,-0.144773707319656,0.257637387370356,0.644906072681819,-0.112358616949444,-0.499968956126576,0.169798644447213,-0.0978529840451487,-0.028023057212738,-0.0358114024266867,77.34,0.0
102572.0,-28.7092292541793,22.0577289904909,-27.8558111336212,11.8450129100508,-18.9838125824286,6.47411462748849,-43.5572415712451,-41.0442609210741,-13.3201546920984,-24.5882624372475,3.48195180343701,-9.12834128617468,-3.00825547830858,0.796579962453559,-2.1022985205307,-5.66036644069929,-13.0327849564566,-5.39234917412895,-0.901040817847599,11.0590042933942,-22.7976039055519,8.31627543891357,5.46622995370963,0.0238542303884927,-1.52714472319428,-0.145225187134896,-5.68233823990698,-0.439133675051458,0.01,1.0
41164.0,-5.93277795485543,4.57174320411303,-9.42724692838332,6.57705643811276,-6.11521812544893,-3.66179789602346,-10.8940785545016,3.70921000751656,-5.85952387304171,-12.981619145004,8.26529460055417,-14.1541653609607,0.479842781966758,-16.3375959447735,1.64604527960375,-12.3753974432385,-21.090612716108,-7.7245457358645,3.85637474254372,1.19107830456005,2.01427156558263,-0.167416617986259,0.0499675298711021,0.384429719031746,-0.0778835668224832,0.56549290579318,1.79201191700266,0.371007021212136,5.3,1.0
81606.0,1.38680332874125,-0.454713509888243,0.394925554039923,-0.864785418763302,-0.829500407781475,-0.568382736970782,-0.575975495058579,-0.0585458970948324,-1.09516227898164,0.774342431712604,1.27580496398569,0.161982971051872,0.356005634756674,0.0192819647791116,0.0761197477982318,1.48140508069424,-0.143772374812048,-1.07969696760011,1.05992060526955,0.106561531148645,-0.103974764457772,-0.458664615081078,0.0953224322545648,-0.0102770386604375,0.243226900211604,-0.515095906132043,0.00296618964311695,0.00929812879750893,11.1,0.0
41243.0,-10.9407391093978,6.26158585106885,-14.1823387841287,7.18360208606589,-9.95136334372547,-3.86082033664669,-13.5473021949163,7.09647164642187,-6.29402944276594,-13.6081431627279,7.12716532148781,-12.6110036871047,1.21455639781013,-13.9062968240505,1.51406990634864,-11.1257390593549,-19.7162573051191,-7.5527890897252,3.65678707068496,-0.0883420818722748,2.26744826134981,-0.492029167950335,-0.239302865923644,0.454368210214217,-0.101611062526814,0.446996732737119,0.062292646721181,-0.439769899530758,45.49,1.0
41170.0,-6.49808616880785,4.75051466030858,-8.96655783136602,7.09885431317009,-6.9583762227814,-2.82212618665779,-10.3334056561063,4.03190730189525,-6.64877821018697,-11.6344144245911,6.87757089846463,-13.6976856184689,0.463040401836978,-13.0441824003561,-0.309229265664683,-12.3175797238757,-24.0190985475902,-9.33519307905321,1.95189049542104,0.568338010653019,2.15814308370257,0.1115103626317,0.216413836254987,0.584661255488016,0.760359507805524,0.0819723426822078,1.41506751068321,0.0351241448009389,83.38,1.0
44849.0,1.22541915622537,0.346462408834956,0.300533017766798,0.700827384893857,-0.333988984454312,-1.05318926584152,0.149222382387819,-0.24234847568105,-0.0608076361083032,-0.307942578741132,0.0372110222895963,0.556677314864022,0.832282411590668,-0.40393136535682,1.02975705166841,0.452301276594543,-0.0392099206208567,-0.369974974341219,-0.207727596118294,-0.00909600305687379,-0.270835685764887,-0.789011679707859,0.107849353145024,0.362724947444574,0.230541833084739,0.0906522966355093,-0.0221890441543722,0.0349423028489521,17.99,0.0
56624.0,-7.90142134976781,2.72047248689249,-7.88593567244075,6.34833355148109,-5.48011903551053,-0.333059239585013,-8.68237644547782,1.16443107786426,-4.54244738562489,-7.74848004950582,5.26658587269696,-8.67967880327782,-1.1663656781569,-8.10797466085831,0.701364761025326,-6.28830575777651,-13.7531307979331,-4.32923927421315,1.50425021091709,-0.614719344485925,0.0777390506575033,1.0924365947863,0.320132727437797,-0.434642552856739,-0.380687072327338,0.213630359032603,0.423620329379796,-0.105168533503988,153.46,1.0
55177.0,-1.31317638180658,-1.33627030007023,0.901697005915741,-0.880433745110457,-4.06062762131259,3.13886737418302,2.88660784999925,-0.114221090124911,-0.991083800905664,-0.547931823519457,1.39613923631837,0.370455162326644,0.631428776232211,-0.986304526860746,-1.0068218103004,0.552010190202633,0.844594097280057,-1.74763356230638,0.554311311651215,0.220300258625544,0.152679828128475,0.780622814230268,0.529362543605259,-0.221501547371376,-0.112278567700037,-0.241077757012734,0.384294825586783,-0.175661820350682,887.0,0.0
73408.0,-2.86979494599423,1.33566696241079,-1.00953019777159,1.69388472852407,-0.741479894623347,-0.796772696354505,-2.61424187718441,1.06663646767929,-1.13549652218517,-3.9433368210052,2.57283021584331,-2.28866350030302,0.562084177710423,-5.33871420959882,-1.85325189141529,-2.619233053885,-5.23142512742468,-1.23485373672039,0.397308037124058,0.0115572104606548,0.528421372720921,0.228027080989586,-0.749297963439339,-0.0671789627433331,0.215792485177395,-0.453651011768872,0.349191042793996,0.198862268219404,16.48,1.0
85864.0,-3.36526491864606,2.92854110729003,-5.66099919906905,3.89115992835328,-1.84037510965314,-1.80088720390662,-5.55867935318221,2.40232168278639,-2.84892272106495,-5.99567612703198,4.22130410784879,-6.11966735264192,0.0230135705891201,-8.14932178394224,-0.301351931335019,-5.37528289323615,-9.31500138499105,-2.48756256913711,2.35591891159776,0.57637946532203,0.875260063301294,-0.102501391250503,-0.606282749133978,-0.743164794295893,0.096318936065612,-0.135060497401362,1.23869473001415,0.0998237563444676,1.0,1.0
55618.0,-7.4279242314783,2.94820920837905,-8.67855038407896,5.18530347959595,-4.76108997261691,-0.95709501604379,-7.77337978477431,0.717309273781191,-3.68235923846278,-8.40315026242229,5.70520550718269,-8.6407464115182,-1.60292501896209,-9.46613912320431,0.137324186945341,-7.30324272860725,-12.4480392359586,-4.33283424125087,2.35202964025176,-0.123085015912889,-0.299847070706951,0.610478813685703,0.789022761446755,-0.564511939509452,0.201195825477742,-0.111225430586455,1.14459850910478,0.102279545438297,130.44,1.0
21662.0,-18.0185611876771,10.5586001882538,-24.6677412485732,11.7861803616399,-10.564656569212,-2.64568119936245,-18.02346767268,2.69365540308048,-6.21946362785238,-12.7447607871859,9.31813768535999,-13.3778574339457,1.02192386777466,-12.7843458873548,-0.451145843251939,-7.55136493140559,-11.3259968724596,-4.70125277749548,0.516317073274611,1.00770320533757,-2.31947946208034,0.908838783150801,1.35290370698024,-1.05922233762791,0.185750941504222,0.687037383632165,2.07808058379956,-1.42951702264525,1.0,1.0
28658.0,-28.5242675938406,15.8769229879536,-29.4687320925264,6.44759140152748,-20.7860000418837,-4.86561341755669,-19.5010840750712,18.7488719520883,-3.64298981925263,-7.93964241937325,4.18467368942509,-5.83507521523889,1.21595964527928,-5.33014378246253,-0.118631138153322,-5.36777527618834,-11.4317569116986,-4.69692444373293,0.69268841200477,1.7068890619925,1.80576978392608,-2.11937616760819,-1.31744962200248,0.169845630469178,2.05168733506275,-0.210502000459411,1.30173396497076,0.380246181418509,99.99,1.0
28755.0,-30.552380043581,16.7133892350242,-31.1036848245812,6.53498386355181,-22.105531524316,-4.97769196369245,-20.371513594495,20.0072083651213,-3.56573779124378,-7.7310714411342,3.8294273949908,-5.31433227604015,1.44693027992913,-4.57926372815218,-0.142299360010106,-4.99784830436345,-10.9614103561188,-4.64148195920404,0.567056279787444,1.73364399368955,1.8165201713562,-2.28868550494101,-1.46054449877578,0.183179482716819,2.20820917836653,-0.208823971247713,1.23263629519904,0.356660010884047,99.99,1.0
33845.0,1.47928885797104,-1.00698118108422,0.305038385101801,-1.51275370547424,-1.28969741916459,-0.49715717127062,-0.970753689100956,-0.123395246611551,-2.17428764853,1.59730402419976,1.0195266022163,-0.0081188824337466,1.07056101524868,-0.244535457810476,-0.140793267877739,-0.136955003583997,0.0931287103704394,0.571314567313514,0.113961035941043,-0.243752542993158,-0.0971216836580305,0.0907084815364999,-0.0817243016295377,0.0215323825750755,0.478686520292398,-0.132680749694366,0.0267927076723202,0.00955438792002779,25.5,0.0
77959.0,0.835421269538926,-1.19184726703018,0.578455124234005,0.586100834950686,-1.23666278310594,0.194616940353942,-0.532404021424297,0.0615611847389937,-0.734343798603684,0.754426742291772,0.513247213835315,0.704387738254816,0.472193227688204,-0.0720431369781961,-0.357247360705254,-1.13693196761887,-0.436167656253241,2.04764054728418,-0.775129661777636,-0.0453129254211358,-0.0723492663296408,-0.109153920480678,-0.308355740262795,0.0119678459367658,0.461349561661345,-0.24481009774798,0.0318449362712384,0.060909963602241,237.0,0.0
120921.0,-1.50666900430777,0.058991716538884,0.749698491426713,0.465685327820002,1.68343498130317,-0.969935147745814,1.32971838906135,-0.120678837705833,-1.22036212459244,-0.585648328149268,0.683931495055876,0.712157530834097,-0.22303247939214,0.638541965359539,-1.4433472405035,-0.6466827185934,-0.331901203659124,0.015109273704921,0.0865266472438479,0.348192698763912,0.247754840349744,0.332727875941524,-0.222451524519641,0.0184782281163727,1.29920244835749,-0.38029515208356,-0.0589183179433227,0.0559739253276285,113.0,0.0
42647.0,1.02203778839693,-0.794555102765683,0.694511430309081,0.637252870181749,-1.15423356625758,-0.0777607599170782,-0.608499799964116,0.0575159278039554,-0.699150322696397,0.763379671349332,-0.57782859053417,-0.419137708935461,-0.284406795849227,0.161287165951671,1.39734311752869,-1.31594842362102,-0.0296948263387946,1.23410413999387,-1.7965158653074,-0.348116807191001,-0.105757090622173,-0.0706600592485379,-0.0907291011274487,0.0374632208766046,0.295523940937907,-0.232065239783239,0.0561749483512908,0.0533554558294564,134.42,0.0
58899.0,-0.819574083054796,0.874251011999323,-0.291746345565129,-1.18717978947845,2.32522919066847,3.31127129074632,-0.0587826178269686,1.10740967820018,-0.467398013512826,-0.149642907122872,-0.228134525659172,-0.174273789884695,-0.0114489498129064,0.362437833764211,1.04764021600977,0.559619428214455,-0.835463459995474,0.105091034890569,0.395042410850797,0.162933987266683,-0.277150575445024,-0.886309407812394,0.0351943564512669,0.981201416538044,-0.0320084699648899,0.0501031135530584,-0.146782725357861,-0.182662475370193,9.06,0.0
28015.0,1.5760093576048,-0.934572087302028,0.00618133034018184,-1.72629512635064,-0.837905123730828,-0.0210723846470895,-0.986712872384307,-0.07892989494865,-2.16143717551728,1.58894457133273,0.332477951063465,-0.0924908776236789,1.5221078063325,-0.362950943726226,-0.149082913912773,0.0911995768181759,-0.217750748637845,0.720694778711135,0.481115440224279,-0.23955402958598,-0.234138823803655,-0.246297318520555,-0.125422283134021,-0.836575009752396,0.546688607565129,-0.153364252070805,0.032210504052949,-6.08645152306165E-4,5.0,0.0
63578.0,-0.639191253440691,-0.0855947885921835,1.26545195854416,1.40116573166082,-0.260542078671007,1.00979457835355,1.30199897093176,-0.135257522932592,-0.431520921685507,-0.0913533730643921,-0.921051995675577,-0.61381552858098,0.198913055533638,0.0160870050482155,2.20626377523102,-0.527140627794259,-0.0572786796405291,0.448655661077036,1.16443546519237,0.861306751100051,0.340330752683629,0.76016976216338,0.353376975218638,-0.778892742566353,-0.0706811598435952,-0.0333546437243291,-0.0619624216383359,-0.0626865318467909,290.18,1.0
41870.0,-20.9069081014654,9.84315322329519,-19.947726046163,6.15578864849515,-15.142013159868,-2.239565648142,-21.2344631540976,1.15179506554623,-8.73967037069304,-18.2711681738888,4.67734929657245,-9.58356643737056,1.03516582361622,-8.19969002891841,-0.32651888245129,-8.37643882097816,-18.4854603221489,-7.58997395860914,1.1266403652792,0.396654845079575,-1.97719619445615,0.652931885295435,-0.519776859411322,0.541701730134149,-0.0538607606750096,0.112670774311131,-3.76537100922261,-1.07123831223447,1.0,1.0
34054.0,-1.93307138851498,1.44377828585185,1.02691931225502,-0.181086099416642,0.077275177355174,-1.14660962577956,1.08885300673633,-0.241558236886991,0.0833064000777935,0.778454540455133,-0.416051861103214,-0.654468327862342,-1.11794959083854,0.211355460927644,0.859828597803855,-0.141323000059049,-0.23143063208827,-0.630846699877301,0.266368292169951,0.217337173576148,-0.509246044762738,-1.21720276681517,-0.214286722979509,0.328424122149964,0.249987693871723,-0.0164379626106811,-0.433510732914696,-0.172751505139865,28.5,0.0
76794.0,-0.742341946863921,1.13569735158277,0.833578866407683,0.708460848277643,0.691132479288762,1.20969725572685,0.131777563822266,0.832277793445678,-0.916340540082305,-0.645546376136777,0.361900718533401,0.650897033270603,0.468228298640418,0.691676583009354,2.01134865162225,-1.49273142059534,1.15928282061664,-1.8519365826426,-1.12724281183404,-0.217848287628038,0.326595152431276,1.03064016431596,0.00400298160506128,-0.932539984111438,-0.534453330116821,-0.20596200292744,0.124452260118249,0.0824479739549096,5.9,0.0
68207.0,-13.1926709562391,12.785970638298,-9.90665002092758,3.32033688288942,-4.80117593230105,5.76005855618556,-18.7508891580107,-37.3534426378925,-0.391539743919107,-5.05250236713858,4.40680552357904,-4.61075647740608,-1.90948796970811,-9.07271093398351,-0.226074450896345,-6.21155748212485,-6.24814535335983,-3.14924669470095,0.0515761185277783,-3.49304991519446,27.2028391573154,-8.88701714094871,5.30360690376998,-0.639434802306313,0.263203123457008,-0.108876929971315,1.26956635541013,0.939407362758877,1.0,1.0
121238.0,-2.62892199481027,2.2756363708417,-3.74536934909195,1.22694819658893,-1.13296649495042,-1.25635309994595,-1.75241984877631,0.281736387178617,-1.7923429718137,-4.82077941422469,4.17609762346479,-4.61900987976999,0.742689541505504,-7.63696288811138,-0.197887605182768,-4.14039566725884,-7.60471483249934,-1.52450539738207,1.27132193138436,0.133106474791523,0.870729582435536,1.26947278909845,-0.265494007565328,-0.480548610900827,0.169665130870596,0.0960810570397914,0.0700362725602789,0.0637683649579152,144.62,1.0
93853.0,-6.18585747765758,7.10298492227346,-13.0304552638937,8.01082339822486,-7.88523736131971,-3.97454999359808,-12.2296077786617,4.9712317023058,-4.24830701294998,-12.9654812039222,8.68830799242781,-17.1829184301947,0.0695769150313325,-14.1161560074304,0.959031717400206,-12.3753337375636,-18.716764511809,-6.52201457322122,3.51795494036344,0.483930108481186,2.50277241039945,0.481691289576756,0.480957977547458,0.360318638811951,-0.293354295977635,-0.199193157971208,-0.203917328209747,0.398927185850218,44.9,1.0
92092.0,-1.10847821852891,3.44895257232738,-6.21697180605649,3.02105161812575,-0.529900931709915,-2.55137517507643,-2.00174290819286,1.09243237369483,-0.836098368778531,-4.09564897273592,2.42595071598052,-6.06726194524698,1.83243272022382,-3.50170251648822,-1.00400820464185,-3.5012811030282,-2.941876323532,-1.12574106196719,0.37371480785248,-0.0685983809223332,0.825951491439622,1.14416978988846,0.208559481945769,-0.295497424488562,-0.690232196243341,-0.364749075788586,0.229327220125504,0.208829891689567,18.0,1.0
93853.0,-6.18585747765758,7.10298492227346,-13.0304552638937,8.01082339822486,-7.88523736131971,-3.97454999359808,-12.2296077786617,4.9712317023058,-4.24830701294998,-12.9654812039222,8.68830799242781,-17.1829184301947,0.0695769150313325,-14.1161560074304,0.959031717400206,-12.3753337375636,-18.716764511809,-6.52201457322122,3.51795494036344,0.483930108481186,2.50277241039945,0.481691289576756,0.480957977547458,0.360318638811951,-0.293354295977635,-0.199193157971208,-0.203917328209747,0.398927185850218,44.9,1.0
33250.0,1.1989659667454,-0.214407680038313,0.570983724283346,-0.215020966835879,-0.665625308521291,-0.268197351108406,-0.479668072139481,0.19423531831955,0.333059331353066,-0.0482663747017807,1.4664244496866,0.29230187397149,-1.30065753065131,0.618365030567541,0.94779702165896,0.371993448863643,-0.260672736749038,-0.210290824809979,-0.0306295136063286,-0.174336067401763,-0.0707784394605916,-0.253302707123662,0.130642196736361,0.0314852759177498,-0.029781554737953,0.921944060057182,-0.0663820463938173,-0.0073761918648707,0.77,0.0
38746.0,-0.0295833071787466,0.997591074193288,0.692787560775546,2.99451016932717,0.836123631902098,-0.833898142288774,0.698069148190946,-0.221893004970045,-1.60571707596238,0.960386570186357,-0.615680005501571,-0.328683534045845,0.215414203872781,0.550633144907808,0.733700155076713,-0.421423296914147,0.0602103809681004,-0.12062638182433,0.795943203263374,0.149922578506484,0.22062674367528,0.605954474748982,0.117825038505758,0.395805241966187,-1.05856738073402,0.0801707129930654,0.234396232416759,0.2557847316082,5.64,0.0
58383.0,-2.47332166097377,2.61117504469822,-0.519940784435393,0.938462772480451,-0.638668309445485,0.260759334659978,-0.617960023802459,1.55399757959707,0.355294432772115,0.802204120527496,-1.86478124297458,-0.0942848557649171,-0.769409742910313,0.746781979402764,0.338441632621211,-0.672369859112828,0.839695069341789,-0.260159051801621,0.886116010034773,0.382049184649407,-0.133186361003277,-0.0979882042323468,-0.0141423685959179,-0.790684952796505,0.323688964758661,-0.136498502005541,0.580784957817898,0.306630543476704,0.99,0.0
31646.0,0.186824811691922,0.565419077239709,-0.541622485611787,-0.743690515156205,2.79150491576469,3.27189042972865,0.434001727803355,0.54283377686583,-0.612520249057158,0.0893970613422561,-0.123478442121344,-0.391526508532212,-0.0850504163764272,0.294681183890001,1.11030254783609,-0.0867494941681744,-0.666259388130748,0.1824308710601,1.00214903575851,0.197014761383621,-0.0494666140706521,-0.0822013647186886,-0.154028504928033,1.03803460514738,-0.207979520962633,0.34497545283415,-0.116377601449896,-0.164749650199205,5.86,0.0
19694.0,1.08782251222499,-0.12603474209255,0.471307317548625,0.231077358964777,-0.577338028326853,-0.849780670144144,-0.0340319001969473,-0.214166799889514,1.50993693018783,-0.640627779333731,1.20129491466872,-2.25699140242576,1.28908729572816,1.84335053837949,0.586457026750997,-0.17845384534318,0.889359372879531,-0.886901544200111,-0.540565630347857,-0.0243692447463899,-0.289840899780405,-0.745256283646461,0.12879307274737,0.375368651915804,-0.00929638481753395,0.811187227846419,-0.114022256723951,0.0102755816268283,80.0,0.0
21046.0,-16.9174682656955,9.66990017304097,-23.7364434105216,11.8249902296814,-9.83054822917941,-2.51482887310345,-17.2906566748216,1.8204078670595,-6.26490348784789,-12.9166361091709,9.56711029521397,-13.7170673789468,0.899540705915631,-13.2729650621928,-0.402260044266312,-7.75409405936683,-11.6446032058862,-4.74130270962407,0.58462597267458,0.996745095162688,-2.33611095619483,0.972754726208974,1.24186581168063,-1.05108624820763,0.0380090796054737,0.672317065099677,2.10847085205046,-1.42124325273233,1.0,1.0
26585.0,-19.8563223334433,12.0958932259299,-22.4640827464876,6.11554110191771,-15.1480215209615,-4.34672408349599,-15.6485074722661,13.2768048056341,-3.97416161954102,-8.85919405880884,5.73081553744459,-8.08803351213651,0.230824969324902,-8.57897327333454,9.46636693186079E-4,-6.94774606726094,-13.4728970076501,-4.94021082886802,1.23014255193802,1.58292955492187,1.75072984045421,-1.40963570908141,-0.809809278333882,0.121396659905885,1.35030007077468,-0.224291873525585,1.59762136835254,0.476919818025438,99.99,1.0
87202.0,-0.41982017420894,-1.15597800832635,-2.09251550244986,2.78675032975706,0.736296592040403,-0.167291965690249,1.60002746290919,-0.117426851332358,-0.796953814299879,-0.133950251206468,1.03303201224459,-0.284367998317494,-1.20827980965211,-0.429211904447448,0.248945360461687,-0.928921529997167,1.67998551904683,1.31533886586358,2.22616065557659,1.27535802653094,0.48063971759843,0.533516931196614,1.28464540597639,0.516131270391061,-0.60294109971583,-0.305023689896282,-0.0213631449369425,0.129096385608294,451.27,1.0
56098.0,-1.22966891678814,1.95609915073809,-0.851197959645561,2.79698655025108,-1.91397684079333,-0.0449344462262948,-1.34073935355915,-0.5555479867039,-1.18446766006311,-3.24510859732028,2.33832327000211,-2.82004218823068,0.763325773164453,-5.41958986916794,0.0414327925041231,-4.18075778829053,-4.2850705920981,-2.53645157282245,0.93023918577297,0.270459255150975,1.20805425987967,0.277611797272191,0.0192658003152734,0.508528831195383,-0.201182897226566,-0.249600419347595,0.562238742839488,0.0753085014191344,170.92,1.0
58199.0,0.340390790889508,2.01523346310003,-2.77732956104823,3.81202413104427,-0.461729071578821,-1.1520219714746,-2.00195866818811,0.548681056661142,-2.34404166261939,-3.07669858515182,3.55473755027372,-3.96968929955842,-0.932183689489454,-5.87606732124924,-0.0667394504128529,-1.49528077472825,-4.42475717388751,-0.619323237398381,-0.231198386269899,0.326772803133095,0.29976881646527,-0.583282924090166,-0.187696049565752,-0.329255753153177,0.732328138266652,0.0580797142765515,0.55314334331356,0.318832445723953,1.75,1.0
25254.0,-17.2751911945397,10.8196653713117,-20.3638859739149,6.04661174671427,-13.4650333517322,-4.16664724489873,-14.4094479851747,11.5807967244857,-4.07385571204177,-9.15336803834587,6.21088301172371,-8.77857203246194,-0.0613674966661798,-9.57466229922106,0.0492885399107771,-7.41848727872681,-14.1027718764864,-5.01642333521081,1.39031436050276,1.54497046707519,1.7298040916597,-1.20809608165502,-0.726839224163999,0.112539673508366,1.11919347248491,-0.233188990129274,1.68406299250578,0.503739738280361,99.99,1.0
67571.0,-0.758468652663917,-0.0454102784513458,-0.168438290153528,-1.31327481447103,-1.9017625315847,0.739433414882114,3.07189204639003,-0.483422244220096,0.61820276215476,-1.7690597207318,-0.651414013964987,-0.00542329080098884,-0.517194341398293,0.217469760178719,0.883558824493356,-1.17397764863161,0.24334710955825,-0.342300728238465,0.68705620239513,-0.0324998988871344,0.0426194565214976,0.397223782011498,0.0722288654476503,-0.242275996603303,0.560916469624214,-0.540954584325348,0.150606446374032,-0.117140114799884,549.06,1.0
100223.0,-19.6418567335974,14.7063346696674,-22.8012376947782,12.1146718424589,-14.898112530969,0.840777704221173,-28.0112929096778,-11.9196388199434,-8.9609216998511,-18.9132433348732,4.971248707036,-12.6863075224956,-1.07144311342478,-7.38337003956967,-2.99243029925503,-8.58230865037102,-13.8065681285297,-6.00035879778826,1.42263161326029,3.83464904792346,-8.22887409813848,3.31817776987025,2.58521234602075,0.195008569338351,-1.19480304002391,0.0384229399473607,-4.12674625203028,-0.645329219040983,2.28,1.0
76759.0,1.10268761510051,0.194440983786048,0.523614137892706,1.32366578302713,-0.146772616614823,0.0342186345038701,0.0114504083432283,0.0851518786739353,-0.0663154077652532,0.0266036883001476,1.43913374720023,1.57965825867644,0.299699957623161,0.165774753793118,-0.870307763186937,-0.612272568828332,0.0560865205351882,-0.617184263452053,-0.159891939636273,-0.145743482865918,-0.0286751020613855,0.138492667514968,-0.0587355864279441,0.247433936495903,0.623216077131132,-0.34441845363143,0.0395319479724753,0.00943852831356618,10.99,0.0
47200.0,-0.846653718315282,0.704435217577598,1.95545933576347,-0.104889405875322,0.585726721221444,-0.558920313361964,1.0948512109993,-0.441181058470026,-0.228979879302609,0.159789394472708,1.15906408465142,0.0214783334057334,-0.980512939284786,0.0556919434101546,-0.109279117469444,0.356091794274197,-1.1295845923242,0.452609282697603,-0.524467287192234,-0.119926447506178,-0.0128012830558648,0.126903729088312,-0.33096900361931,0.29813901289705,0.0284006852085927,-0.677358887435142,-0.496387851055025,-0.322732372151366,22.49,0.0
41743.0,-2.14441147422114,1.0734990949761,-2.77366294436956,1.38439373061694,-4.01547712730958,0.747235431622141,1.52563753547227,0.192987836205386,-2.43186196584916,-4.15583783449678,4.35477463025116,-2.87240010922107,0.468875462284219,-4.55566674751092,0.699671492981511,-2.90114077639634,-4.67466711122835,-2.21362325223921,1.29616504982889,0.668123787084126,0.14465327974064,-0.885681640451265,0.625098628062992,0.0965268919194303,-0.189454895625625,0.532908314019749,0.423044721673666,-0.210266310409715,802.52,1.0
38151.0,-0.386776394507145,0.957023435833656,1.22962604616255,0.0297268192920433,0.0591488627924975,-0.553452710769566,0.520644137265744,0.162604962645434,-0.13907367016982,-0.505938012772003,-0.2828974194082,-0.907667430843849,-1.61964480533618,-0.0590199960889692,1.33424131985381,0.170693100426949,0.385046339635526,-0.376652229169278,-0.43816207833252,-0.026418787938633,-0.255435932946568,-0.715476443154834,0.037084767967335,-0.0243086666683884,-0.291281195939238,0.107300536314072,0.250641232833488,0.091246078923798,3.99,0.0
64785.0,-8.7444146436792,-3.4204679837707,-4.85057473189452,6.60684578567387,-2.80054617200457,0.105511583647205,-3.26980129883546,0.940377922978903,-2.55869060182863,-3.62477471396623,5.26786160380362,-5.58369692598496,0.173895592410693,-6.67997675520914,2.08419914311417,-4.3488914455328,-8.76078602293495,-3.40754854415232,1.33293006548133,-1.81831542477292,0.102912553839685,0.311626102287519,-4.12919549979785,0.0346387321763146,-1.13363123097119,0.272265246225774,1.84130726881613,-1.79636258672205,720.38,1.0
26600.0,-0.655292187375578,1.16600771934856,1.0390007438151,-0.226860875989492,0.402332091530371,-0.0199754929216118,0.526285770849873,0.235221926700781,-0.462464519618117,-0.0827860824456037,1.45893077152605,0.660612474800706,0.194042918831445,-0.318163214409367,0.473429891353456,0.357581483543407,-0.0996564526600981,-0.0150476469642491,-0.0672717730319206,0.244097799268572,-0.234119542586064,-0.536435904685429,-0.0209998661133244,-0.35989029619762,-0.161800658159425,0.108772629918558,0.363623929042004,0.14826982860388,8.95,0.0
36362.0,-1.27975413064378,1.68445830184809,1.12625944609671,-0.0549073769351973,-0.410420957755463,-0.51145476200845,0.0253705991355202,-0.322861279032552,-0.415931077196704,-0.216690865675537,0.0749205263903703,0.670915274122989,0.548397414584133,0.351952204855614,0.972908631528443,-0.109619213029895,0.195644974481637,-0.940638856654452,-0.522211754065968,-0.0565645402911055,0.603234415272554,-0.668074554046565,0.218418713208045,0.376779430816215,-0.197620510494858,0.092058468880558,0.30047424678664,0.127866354264053,1.98,0.0
72306.0,1.38322227208108,-1.11191955446174,-0.205847849304786,-1.47242979754695,-1.11033244746163,-0.80021415739243,-0.534984348809914,-0.192753748247966,-2.3202051687111,1.6123412256419,0.900019977857662,-0.631581975557596,-0.352578355906307,0.294054549762801,-0.290119766770772,-0.321758614517722,0.32800033485449,0.142837061099037,0.426578069992142,-0.216329302336961,-0.439396106285057,-1.16328149915954,0.0435303092740095,-0.0745754301881418,0.301583304809637,-0.451817204950492,-0.0197975232267893,0.0132756463366728,87.97,0.0
44390.0,-2.0690016350984,-1.39614281356026,1.43231728003439,-0.695919341028397,-0.0797672917951544,0.370020235646689,0.257349465091779,-0.0119677976544103,1.42999810505217,-0.119322929585938,0.375292804742945,-0.201678624645664,-2.1322329133138,-0.525060026261702,-1.05250278943444,0.17808529192843,-0.358301893528553,-0.211737773116256,0.0887763184780584,-1.06728279367531,-0.347599790355375,0.132191130188497,0.885205240873743,-0.272229897661867,-0.883712552055404,0.680005025016468,-0.322593086892787,0.0916020307915772,115.24,0.0
35899.0,-2.85716975415491,4.04560138120513,-4.19729878550198,5.48719863078843,-3.07077616787415,-1.42268633776286,-5.65131373987331,2.01965739455388,-5.01549098658195,-6.31970750896333,3.77960220775921,-8.07709364590223,1.4408888557809,-7.89190877856627,0.530452788364339,-7.9540700449952,-14.2650559534715,-5.7710644259128,2.8921696850147,0.981608721582294,1.08032273397717,-0.561384150324839,0.102678427260093,-0.0671947227831213,-0.476931194262915,-0.103716356143308,1.16696149168342,0.663632066947765,1.0,1.0
35926.0,-3.89658259167336,4.51835470349753,-4.45402724041253,5.54745334718879,-4.12145857265685,-1.16340665785105,-6.80505305303552,2.92835625399971,-4.91712959933528,-6.60046062150676,3.36784560815482,-7.88897751950988,1.68260346667335,-7.62865191597326,0.779245995683184,-7.53340432942796,-14.0646239413114,-4.96010863308331,2.52578492424474,0.757286726552078,1.69104203001122,0.920020577187708,-0.151103893232396,0.0110068782298363,0.0803032669086078,0.412191351423526,0.635788870982512,0.501049550484962,4.56,1.0
43051.0,0.508634259022464,-1.10043913386124,0.796804120963395,1.54829757514308,-0.843969783194032,0.990877802610229,-0.33043225403253,0.351992177654665,0.702363035988923,-0.214321602967459,0.63725089928946,1.12687791021088,-0.294928136699874,-0.149240636599799,-0.820426347914138,-0.111961044272457,-0.112818338990377,-0.0753512424257558,-0.0698113906501734,0.427457305876233,0.0551025938046389,-0.256807865563807,-0.263062781335761,-0.292352727193378,0.256536589750549,-0.439256967295776,0.02615921920376,0.0704857697574917,305.0,0.0
58944.0,1.31555515836794,-0.809774046664472,0.983260654516595,-0.728819724891687,-1.55478329731044,-0.425729160561853,-1.18975781594781,0.141478540496968,-0.497308935348449,0.804637150196562,1.1966299818771,-0.511946588023413,-0.832821397757372,-0.0388840676645732,0.531830975881581,1.72696020491495,-0.134592052049936,-0.225572411719014,0.517968348420214,0.0500818555173621,0.425593737756141,1.07770163690678,-0.109081585940276,0.356575330455114,0.358584474966126,-0.0643062509960054,0.0252312134177681,0.0148538140263336,19.95,0.0
66514.0,1.25763458543711,-0.645407520205541,-0.44833241610801,-0.606070370775397,-0.289435149309265,-0.00951382936618728,-0.457459133906742,-0.010015060358471,-0.554099415165053,0.0464392030548401,-0.84074109360607,-0.903817823659798,0.103441118462649,-1.35029692619898,0.408271859017158,1.12630978168401,1.22962395226475,-1.34356747389993,0.662584216545489,0.249907565687904,-0.0707525436839026,-0.331140575160191,-0.176975963594065,-0.994476254296154,0.50470383471915,-0.217792301299535,0.0209900589888358,0.0385922982988571,94.2,0.0
93860.0,-10.8502815883108,6.72746568826853,-16.760583409542,8.42583167857118,-10.2526968683093,-4.19217104406337,-14.0770860104531,7.16828793346092,-3.68324217370244,-15.2399619587112,8.03070840755191,-16.0603057628826,0.270529742348469,-14.9529810390579,-0.241094883743813,-11.866730636746,-15.4869899240937,-5.74865155747378,4.1300314273319,-0.646818272966729,2.5416369467068,0.135534921100722,-1.02396689219897,0.40626452579196,0.106592778669641,-0.0262323892202069,-1.46463002356247,-0.411681819907858,78.0,1.0
44112.0,-3.86877611593491,1.48518755207725,-2.81221810824988,1.0467347223695,-0.813376350423016,-0.747751315395566,-0.598747196612677,1.84855351154924,-0.693585417624874,0.610600888036205,-0.0687234467488232,1.52961794254612,1.08158147037275,1.71741478867625,0.0150615647410049,0.584116252527829,-0.0192742556945964,0.659877784223069,0.976324951846798,-0.711540202697026,-0.065184473012449,0.507381249302182,0.428324532657002,-0.462977564263965,-0.175637093843116,-0.319951678510632,0.539008153769365,-0.121977367932455,99.99,0.0
17187.0,1.08837493830851,0.898474023721059,0.394684329076182,3.17025757451452,0.17573879687403,-0.221980885195245,-0.0229887284923858,-0.0108735366656839,0.860043617194172,-0.592472935320844,1.07272839973578,-2.54755681422931,1.23595005675711,-0.330305803751441,-1.02235437464957,0.335642172519614,2.29899822072815,-0.1620962094812,-1.53270721248432,-0.217358192249005,-0.423553904215867,-0.800852284805578,0.0776144554303444,0.167608452574198,0.350181817443194,-0.118940929478619,0.0129477659306532,0.0542542721018558,3.79,1.0
46103.0,0.897266248210333,-0.854197421509427,0.857122678112927,0.109503665188807,-0.892721962017481,0.651659555766175,-0.645245891378277,0.308724732818892,0.899923842497634,-0.397007838825041,0.889773044659631,1.42008491565863,0.276792353190271,-0.385647561239833,-0.746751935004732,-0.118689351697269,0.0381604049352261,-0.499047393444497,0.476778198490121,0.19833141734724,-0.0935416453475794,-0.288299957391318,-0.0616597091316565,-0.20577027087831,0.0404969090301593,0.959773907913902,-0.0439593228265259,0.0208670461758199,138.7,0.0
36170.0,-5.68501341827133,5.77651621042963,-7.06497672861513,5.90271545151069,-4.71556383098609,-1.75563332378958,-6.95867914257843,3.87779518702774,-5.54152882782373,-7.50211219093686,3.67670318691664,-7.64298306727846,1.68986512270453,-8.29965953059956,0.646996364810759,-6.79279505972775,-12.075932061394,-4.88217964265137,2.62662452479163,0.299488632233821,1.12864107441301,-0.962959729230981,-0.110045083655872,-0.177733240766768,-0.0891754157062679,-0.049446723229275,0.303444581632884,0.219380438614266,111.7,1.0
67913.0,-0.624101007853689,1.06871335783908,0.327911064287879,-0.228835644171038,0.258490447420459,-0.289047512873684,0.638291809488972,0.38694747071429,-0.999606048284118,-0.505855949317486,0.231159085768233,0.273599006329722,-0.249023970351433,0.87084502573616,-0.134103722146278,0.455426715470754,-0.656525198224743,0.562727692188516,0.636587676330065,-0.079126188319952,0.127173519076928,0.135498550034923,-0.107469296628833,-0.479681693345395,-0.221114241012578,0.290376468463557,-0.051108951602944,0.068874828259659,42.81,0.0
70239.0,-1.2502266262479,-0.225339817333953,2.16540776784675,-0.00323540764470852,-1.18388299525509,1.67207371603334,-0.610328559579622,1.23002360790489,1.0102382254454,-1.33757508299662,0.170025584465855,0.974662393250903,-1.32007622131231,-0.492696235092425,-2.34447995191812,-0.523350435987714,0.671163058776447,-0.503835515825662,-0.58788604947115,-0.103938300644263,0.24536531839365,0.760733800879377,0.255988160557067,-0.240675538220439,-0.556868673873439,0.410727986675685,0.028418706157184,0.0724231420953083,130.9,0.0
58822.0,-4.38422089880268,3.26466481012305,-3.07715801666012,3.40359359659281,-1.93807528041028,-1.2210812776781,-3.3103166090276,-1.11197501012863,-1.97759328056305,-3.28820356526528,2.88609147657536,-6.84897793447677,-1.02923459062256,-7.46010298330266,0.0559060176229105,-4.33478342671028,-9.87456039324105,-3.54190332932228,-0.531558760456647,-0.141533268810834,2.07638272101207,-0.990302787008607,-0.330358452316133,0.158377625833497,0.0063514462492984,-0.493860013315231,-1.53765237842389,-0.994022490842227,45.64,1.0
31112.0,1.08251149059647,0.0390814149124462,0.348631882269978,1.43177864597973,-0.230044534349035,-0.175780305795732,0.0931358205815947,8.30772502530433E-5,0.355734535989281,-0.130902742246875,-0.614517255226221,0.286045842367307,-0.584828715495853,0.167165849282877,-0.038012894604759,-0.695909219184937,0.291213589641882,-0.912921384694803,-0.378138316048825,-0.133436307903893,-0.0814228212733727,-0.11655158416235,-0.0937960456277106,0.0844131864607345,0.632043472131671,-0.315786855838942,0.0288495445994906,0.0224342406201327,50.8,0.0
8169.0,0.857321003765953,4.09391182702914,-7.42389358948559,7.38024451788662,0.973366022888688,-2.73076151658057,-1.49649705633444,0.543015172692922,-2.35119015933267,-3.94423849794435,6.35507773663404,-7.30974798382371,0.7484505505775,-9.05799252943745,-0.648944909074786,-1.07311652692728,1.52450091526025,1.83136353283608,-0.0897244112241547,0.483302650495284,0.375026285129017,0.145399853347782,0.240603265009756,-0.234649222710157,-1.00488094720044,0.435831916241838,0.618323805168482,0.148468944379397,1.0,1.0
102480.0,-1.92959692675373,4.0664132778545,-4.86518400996861,5.89860229319899,-0.552492585328532,-1.55596245330906,-3.83362344068736,0.679511648528001,-3.46376549143694,-6.68368922880726,7.02127774818005,-11.1024933822497,1.71175507363653,-10.447632938235,-2.79907615915518,-6.26174085045904,-11.6471577741668,-3.45143614190286,-0.507536514254236,0.942488941965831,1.13721164676769,0.674245235425331,-0.531765489027487,-0.433409350510738,0.378658562357166,0.198107291025294,0.869694411928137,0.228047851815119,0.0,1.0
72264.0,1.09389019849381,-0.319193304954841,0.867132357483833,0.0814834360902354,-1.06391275845844,-0.660558810319783,-0.426390906155893,0.0545403683179227,0.251211225775936,-0.00702363282112005,1.53735398810598,0.653400180937097,-0.53003889822311,0.379904867991026,0.697508202497499,0.761720076061538,-0.590862975901686,0.184150302104239,0.104619359520806,0.0207272096825072,-0.048421633272423,-0.336505436102061,0.105849487205247,0.573581121498236,-0.0801585481224774,0.798085188526039,-0.0755692265465466,0.0160796922002684,60.0,0.0
27745.0,-3.21716305802638,2.6900919950255,-0.425232213599479,-1.36117266511116,-2.07102870656726,-1.22953417491246,-1.38697201011618,2.32258066712,-0.229010949792917,-0.414900304394038,0.588258619598658,1.05700652129311,-0.750806285053483,1.64086596810382,-0.246153132819602,1.30092294749495,0.0106760520951666,0.320040211211385,-0.612123887195207,-0.0591684599575444,0.0647207173792664,-0.253474869362902,0.27118628854243,0.52256553330033,-0.105712911117905,0.722681795818203,0.041133176662519,0.0943956694432484,0.85,0.0
88737.0,1.91782653091941,0.951966571156228,-2.05920551344214,3.83399771227534,1.66819219140891,0.769825697337707,0.23246305671161,0.107940567202011,-1.14364568858013,0.541699242973355,0.301977229683697,0.257697090947377,0.709147651977866,-2.420715975085,-1.99774018079568,1.50669615001484,0.799832475247662,1.16276426158317,-1.15062735713932,-0.115922317627863,0.0152553539964535,0.239994342022941,-0.111915984520572,-0.380575889863537,0.370994788995014,0.189116547062326,-0.00582328067918961,-0.0121050906997506,9.21,1.0
115691.0,-1.55027271502021,1.08868850191044,-2.39338766218981,1.00873271714408,-1.0875618874048,-1.10460238189499,-2.67050327670088,0.147654676391109,-0.978625549290056,-3.51413330486723,3.58604242366444,-4.05335784837839,0.862426024955809,-5.76582302154173,-0.507511029549388,-4.92186514350783,-9.56726769048681,-2.77297411117016,1.71709526842855,0.327490457262181,0.802316031461701,1.03710478869922,0.0958154204904633,-0.320190913384423,-0.0807306312824349,0.0910116872058309,0.0249284934943241,-0.0778199786198624,17.06,1.0
102671.0,-4.99175779387947,5.2133398229232,-9.11132629809104,8.43198635177602,-3.4355156720863,-1.8275651016855,-7.11430284412379,3.43120663145462,-3.87564287029742,-6.86850850672582,7.15062516950116,-10.2629840447185,2.73308493575221,-10.1275247811671,-0.262783621001749,-5.19027103814098,-8.6557110398096,-2.02444347438745,1.5604792800844,0.0981321924634143,1.18942283937597,0.247858476295777,0.294448330047117,-0.548503502162266,-0.174616566570794,0.406702503092405,-0.40233927269736,-0.882885795448957,0.0,1.0
62059.0,-1.64440309669641,3.1298519330804,-2.57697682172296,3.41557336328899,-0.448525407316687,-1.24189285626533,-1.9916521878557,1.00266488963021,-2.8090712430123,-4.15369240632128,1.39818511854919,-5.65326970240352,-1.23369413839885,-6.332512814541,0.458714800173025,-1.98360960777769,-4.92916202340023,-1.03848208531443,-0.133819199948815,0.290186829391141,0.417762091477206,-0.648575871519649,-0.318617393380036,-0.680412931832076,0.389868676205949,0.0557502963989842,0.394681955439504,0.298820725838569,6.62,1.0
68884.0,1.28691828805977,-0.500691998648408,0.0118027309724277,-0.76142902407818,-0.643462884143729,-0.69351977000597,-0.258785555008571,-0.0541519876329076,-1.29160734364325,0.783432063029219,1.81164613169664,-0.115065434719419,-0.8361697224835,0.509825067846737,0.0776939351388378,0.73316599786195,0.54504212268268,-1.82343696559021,0.645991185243453,0.0364635890745848,-0.045585739676792,-0.358245308467094,0.101374372882562,0.198076344133978,0.284474496903964,-0.451799974273516,-0.0198630798793051,0.00188201246573379,38.45,0.0
116374.0,2.16014229336264,-1.55748902062098,-0.791813688878194,-1.62889591694949,-1.26847495098135,-0.18318057247413,-1.2429141744921,0.0715368242071369,-1.27692143784242,1.66240092314936,0.649489964490816,-0.399967528363457,-0.579685719546029,-0.0976255234884416,-0.891235956223191,-0.337963397719754,0.418846874861234,-0.0718271473967007,0.357904452818896,-0.39638624369452,-0.580143253688672,-1.39485051573551,0.563319694780935,0.583662776287243,-0.705100501701175,-0.714380278482944,0.00218883288146446,-0.0379003524929983,52.5,0.0
44749.0,-2.06197637831469,0.24478264473583,-0.111705579628528,1.38614914685601,0.738625986238795,0.332495325424199,-0.430158912427741,1.02592090090063,-0.422015936940733,-0.438159832655086,-2.13903493790622,0.139652440403989,0.389460316746357,0.567637883410442,0.31580239308099,-0.533612208425214,0.454576694027953,-0.144559197783696,1.23297121833492,0.155998243252093,0.0252739912594014,-0.110242578450006,-0.289936136729045,-1.2923738838085,0.114980098566793,-0.1584413428312,0.106385197933995,-0.169931423770152,8.35,0.0
36648.0,1.25621017287139,0.595563103749558,0.0484625204096603,1.17241000734378,-0.0199372884762939,-1.35384944012147,0.635833777114649,-0.441453117278473,-0.474409007179662,0.0117278543353868,0.125345888384425,0.93266383553155,1.083809028784,0.355481632088019,0.532439654009088,-0.365981023112008,-0.259399208808428,-0.617403864389087,-0.383483311222973,-0.0938518888913235,0.037134726093061,0.220828330555331,-0.118053051838614,0.763950981529222,0.848126011718004,-0.320415927092035,1.14923531585392E-4,0.0166019092561076,0.89,0.0
81999.0,-0.885669637023203,1.03074251778192,1.30137476768484,0.0401252881957922,0.586063271044748,0.942454005406873,0.332617905355484,-1.43441304207955,-0.0553073451580362,-0.288081437381064,1.15061932791772,0.898148465456889,-0.803608384328828,0.0370417983728551,-1.25627714684173,-0.627498207431144,0.0103350665450945,-0.837115631250095,-1.21891688547873,-0.591025067219484,1.52368094235775,-0.180076758158475,0.0288339502813764,-0.333646265772849,0.0439986363045841,-0.524794729345668,0.00118028457632398,-0.193179463578241,21.66,0.0
26931.0,-22.5616992591298,13.2089042844176,-24.6438187771226,6.23253182330679,-16.905611362323,-4.49743871970001,-16.8101841919321,14.9551067734604,-3.87129682308601,-8.58126551626339,5.25698760960799,-7.39361499215009,0.538800829120431,-7.57755201800709,-0.030725531904052,-6.45478323655342,-12.8456565242928,-4.86591773720169,1.06244185030067,1.62144422472126,1.76598663639159,-1.6355166467436,-0.998316503452087,0.138972227361725,1.55935014018173,-0.22212451669,1.5044246600224,0.445919826109776,99.99,1.0
18399.0,-14.4744374924863,6.50318451651946,-17.7126323688621,11.2703523334822,-4.15014206409808,-3.3720982088695,-16.5358068114174,-1.4439469925952,-6.81527289964437,-13.6705451263516,10.5452629545898,-15.0226996343749,0.171633085144947,-15.0663743633461,-0.259575939555838,-8.6687392723375,-12.8041408991277,-5.11662049533788,0.579200358016368,1.10124987016838,-2.47596222945688,0.342390706034285,-3.56450803816097,-0.81814019000188,0.153407682695978,0.755079460824454,2.70656616161759,-0.992916047059418,1.0,1.0
86832.0,-0.765215577561617,0.0431696432150619,1.26254291479564,-2.40763224649207,-0.0806102585882786,-0.771929278910882,0.49191282792797,0.0377372232042121,1.09619905572653,-1.43857119716917,-1.2569880599984,0.259210831876033,0.175830994676229,-0.492529856742474,-0.417070265262409,0.403906925663028,-0.879889286510859,0.016804105816551,-1.14586767461034,0.0696801374868366,0.287539127158576,0.961117030754784,-0.138217963818603,-0.0930854391465836,-0.152287281380153,0.58975088681975,0.312753398703714,0.214731096516867,57.05,0.0
53937.0,-2.04260819938332,1.57357807373238,-2.37265243271278,-0.572676430720841,-2.09735276458226,-0.174142123011242,-3.03951978687359,-1.63423295064356,-0.594808638750073,-5.45960189444545,2.37853722491518,-2.33027064686235,-0.24623272486659,-4.05852343611281,-0.316983146603949,-2.52266081131673,-5.60340034818128,-0.778439963776289,0.860211793588662,0.825565985313424,-0.723326195587733,0.501221637302624,-0.696892260580304,-0.600513726439022,0.127547028812739,-0.786072220292301,0.606097322391548,0.171696507911815,261.87,1.0
100924.0,-23.9847466495794,16.6978316913154,-22.209874815521,9.5849686202149,-16.2304387891461,2.59633265752887,-33.2393281671892,-21.5600394546929,-10.8425258685569,-19.836148851696,3.22323270290842,-10.8951335063028,-1.52345240330584,0.116303256118652,-3.09880532704263,-7.60642457511483,-18.1082610229766,-7.51186615794432,-1.24328515722898,5.80455066066397,-12.6150228644215,5.77408726884239,2.7502214496329,0.513411099654255,-1.60880380395117,-0.459624387540527,-4.62612660780224,-0.334560720645878,1.0,1.0
84489.0,1.30626608874027,-0.313330114115213,0.579000602581845,-0.927589285147304,-0.735641338774593,-0.334310716105547,-0.535587200969117,-0.0264086967032897,1.75898419925802,-1.10176506724719,-1.05250300493572,0.88713231625999,0.898498951590598,-0.356616815035684,1.24560475279752,-0.235769051816174,-0.494452459179778,0.363203681831575,0.866346180369389,-0.0483404582721181,-0.058227992957865,0.125946021628752,-0.14947488041178,-0.422540809574655,0.638548795662361,-0.636617080482743,0.0978269569992701,0.0283669442502408,1.0,0.0
38997.0,1.09477658879455,-1.37314155266067,1.66306240767555,-0.101568143396126,-2.21251423377607,0.370455053603765,-1.56290075323279,0.381464769129941,0.508171640564478,0.460913021718921,0.338399633824656,0.698221575855696,-0.738761567240103,-0.790796655007506,-1.80259747557108,-1.57885166213951,0.455323344191321,1.43564896379475,-0.0933926871908648,-0.41656390982015,-0.360979231891958,-0.365134210526231,0.0275744377308288,0.59559186130611,0.0144897881084316,1.07599242026026,0.00440790543041249,0.0240645841932737,72.0,0.0
44532.0,-0.234922308660103,0.355412643473604,1.97218278594888,-1.2555927126284,-0.681386509254345,-0.665731671302037,0.059110489686438,-0.00315327709103439,1.12245113562848,-1.48124586053984,-0.473852105914046,0.9221844195147,0.913513839827119,-0.499349578859305,0.933898442932603,-0.560471962989049,-0.207706529097452,0.380541571066627,0.574335960915453,-0.0034694628125566,0.220670430492642,0.912107214037724,-0.286337679755902,0.451208246513352,0.188315252003614,-0.531845781256926,0.123184687838547,0.0395806345060398,1.0,1.0
29259.0,-0.712071058631294,-0.500438929811105,1.52140007762789,-2.49029063498035,-0.616581978081088,0.405005201381271,0.968356654858197,-0.0745988673317028,1.52173557143504,-1.8468926621631,-1.12138736838966,0.0254375068583105,-0.076594867481974,-0.55072352708166,1.04903058591739,-0.361497958787536,-0.462634984935749,0.189430462482759,0.0651282593117246,0.399429967372337,0.250185276604138,0.765705551795879,0.0846653112066852,-0.731340366456643,0.0661407675898343,-0.011253064823857,-0.0886984472990554,-0.0963887246428966,210.0,0.0
74262.0,-2.25053480921229,2.36575487772312,-2.95549117924385,0.0897905975142065,-2.83074456678034,-0.844461639207772,-0.174061560679368,-0.407138137833787,0.174216293591102,-2.9989262562074,2.60516857519668,-3.67771661422902,-0.961254636207547,-4.62948099682303,1.94218161282,-4.18037888438458,-4.60568646763486,-2.55718413666009,1.58958220191211,-0.48653714178381,0.256559618287662,-0.466245243122949,0.291104927494009,0.242566552797207,-1.27909371150404,-1.12353433717278,-0.630976512544474,0.326839204012689,311.28,1.0
45749.0,-0.915953971223637,0.313849184781935,0.430777715399489,0.811178502017041,-1.08608956454934,-0.101265223531395,1.31172150784407,0.387526811492047,-0.919951932156928,-0.594793152402336,0.884582204992736,0.355070390149555,-0.741406789675098,0.936424580752478,-0.023487658503468,0.516142145458732,-0.53892760946603,0.563438894310201,-0.0415280348304464,0.397835905751494,0.190019161734704,-0.21099979384355,0.791838659686697,0.223693378069074,-0.238554907110725,-0.666797021126798,-0.168555250944656,-0.00407968804168179,311.1,0.0
70536.0,-2.27175453696818,-0.457654560738072,-2.58905463865543,2.23077826688105,-4.27898250263823,0.388610079538804,0.102485457456358,0.813127838070308,-1.0929208385062,-5.03202838566819,3.51034756034463,-2.22739840581069,0.656823927974733,-5.19918574342056,-0.128311029598493,-3.94352099869908,-3.82052232662867,-0.570821093891663,2.78338340771804,2.28575790271371,1.09634200952947,0.658398654570846,1.71167573455248,0.333540036403021,0.538591373646869,-0.193528512332835,0.258194100840055,0.247269213953463,824.83,1.0
120217.0,2.05438341998337,-0.0600377239569638,-1.06644877661766,0.40892693618306,-0.115119937208839,-1.13012348566691,0.167008447913365,-0.30698679712062,0.545494456117228,0.0660961026223398,-0.696773258643555,0.439472290578033,0.0241373508663984,0.288116725299678,0.0912658081144435,-0.162167676824357,-0.229651939929266,-0.954263744596651,0.0746368362578362,-0.2340084157072,-0.284103763560587,-0.678137156498086,0.3478153920055,-0.0142293072594311,-0.31447672161424,0.201235858244865,-0.0676987455985927,-0.0606615913764468,1.29,0.0
40918.0,-3.14025953779538,3.36734230912012,-2.77893140701488,3.85970067435928,-1.15951836286203,-0.721552487906327,-4.19534154281433,-0.59834584749232,-2.87014477203106,-5.29061006200618,3.82376208408163,-7.49227616878309,-1.52436747989794,-8.52767862203589,-0.391214524543396,-6.18087991000233,-9.6988394108884,-4.81823334077503,-0.871581688476025,0.0777814455070256,2.45233850455703,-0.292962575086153,-0.189330326319261,-0.166482104307702,0.0380396237066075,-0.0154765350217125,0.776691265853111,0.397557490298277,0.76,1.0
34331.0,-3.47705261017361,1.04850188127809,0.512340329164381,0.706432318781989,0.565319283512816,-0.356180304950623,1.18700008025091,-1.18525710719587,1.30962900329663,2.77219973443937,0.197035677588567,-0.137973385151104,0.294084778493124,-0.992674565208417,1.6227206471038,-0.910254914443021,-0.374755018896675,-0.651687456929343,0.230987259366082,-0.81314140887431,-0.151033545936493,0.79731670107621,0.309640304804965,0.109088349925262,-0.26150640072598,-0.555183707197999,-2.40932323380348,-0.0328760400366924,5.75,0.0
117751.0,1.96260128261784,-0.504521393180146,-0.799241500259361,-0.14173516842874,-0.89927682194281,-1.70273165919605,0.00799357978852104,-0.387227898303241,1.19476370697455,-0.321848458565875,-0.171995232877025,0.830625662220759,-0.223975586143545,0.0533466668456816,-0.43695925504055,-0.863799550871831,0.379268521616254,-0.920842554843441,0.182166236072691,-0.171816928259051,0.124915122044431,0.614064567818392,0.155261165954318,1.04102051626564,-0.103814056417747,0.940712058339106,-0.0920712936601548,-0.0605556214859096,35.0,0.0
67952.0,-4.97740728584576,1.3538280713165,-0.964530372595232,0.932532888964512,-0.903540302646388,-0.325434341945811,-0.162335364783311,0.514920945084965,0.238840407390699,1.69227663997122,0.88998536155679,1.36417407459896,1.21111513482634,0.318273695877453,0.572268607843347,0.331579327711075,-0.413873848632979,0.492729393033729,0.968522523842479,-1.20882629936523,2.78962294595703E-4,0.455921642234186,0.0241020649506696,0.0716505825763036,-0.351566600532993,-0.698957948324648,-3.06598208640952,-0.349714968642882,18.04,0.0
111639.0,1.77541817865628,-0.745769629711968,-0.32071689940812,1.5201021755596,-0.700871467320738,0.438444805642814,-0.785557460965441,0.31629783807738,1.5403901070113,0.21649781923892,-0.393789079019498,0.156791599570677,-2.01063634438702,0.0472811123486485,-1.45310980115505,-0.0437621506493705,-0.360278228011569,0.82549391095014,0.0558210888244308,-0.261888065996608,0.302420028999078,1.0660072230386,-0.10410025858461,-0.401185005227572,0.147632787573871,-0.320156989095331,0.0474009674516088,-0.0451465649210755,69.61,0.0
40662.0,-4.44684654752268,-0.0147931576652609,-5.12630699550863,6.94512997633611,5.26925534782033,-4.29717716297717,-2.59124168468427,0.342670615268881,-3.88066304488519,-3.97652513857503,5.73008435556377,-5.03186814827248,-1.13543910933334,-10.7870505700202,0.265456230525684,-1.10421746262461,0.636412737308571,0.994101368746143,-0.688720555143152,-0.108006422684084,0.247912823388783,-0.0495861794607239,-0.226016961592253,-0.401235601042542,0.856123603036307,0.661272426708284,0.492559738814261,0.971834350005126,1.0,1.0
34521.0,1.08123377540659,0.416413936043849,0.862918740651629,2.52086280678918,-0.00502050005851413,0.563341022808024,-0.123372251574041,0.223121852791809,-0.673597550149872,0.644549730341658,1.1205051770709,1.23777331256672,0.342362114422749,0.0383719793321978,-1.19450308848281,0.0854063439558358,-0.219143226460215,-0.694259215394403,-0.655269928208246,-0.16524877677618,-0.159387123973102,-0.305154013019185,0.0536197364326817,0.0117614442207135,0.375145782072105,-0.106298753298543,0.0210082653765087,0.0105592082435436,1.52,1.0
56098.0,-1.22966891678814,1.95609915073809,-0.851197959645561,2.79698655025108,-1.91397684079333,-0.0449344462262948,-1.34073935355915,-0.5555479867039,-1.18446766006311,-3.24510859732028,2.33832327000211,-2.82004218823068,0.763325773164453,-5.41958986916794,0.0414327925041231,-4.18075778829053,-4.2850705920981,-2.53645157282245,0.93023918577297,0.270459255150975,1.20805425987967,0.277611797272191,0.0192658003152734,0.508528831195383,-0.201182897226566,-0.249600419347595,0.562238742839488,0.0753085014191344,170.92,1.0
70912.0,-3.53730188913241,0.0440222274578622,1.5945016134348,2.78083913082222,-0.576138453436784,0.901139028433735,-0.591438727752332,-0.497313672627401,0.0902592986425211,1.5965719749256,0.315162035525295,-0.0580038448163666,-0.995550658997314,-0.194316667880301,-0.174075735252487,0.688471223208309,-0.261515429360865,0.669314780554313,0.787492341015139,-1.02892619539236,0.383256499481394,-0.452585049551976,-1.55769646412528,0.108698015033027,-0.159685190191364,0.0952430029425837,0.322079376617882,-0.806046370141039,181.83,0.0
84204.0,-1.92745281973369,1.82762056700016,-7.01949468454197,5.34830323951426,-2.73918788004738,-2.10721929638307,-5.01584797563431,1.20586815982046,-4.38271250852199,-8.33770697381781,7.19030608944843,-9.42484446049178,-0.223292646427513,-12.8754942229841,-0.071918160688794,-6.2999613976222,-12.719207160428,-3.74017615583058,0.844059610296466,2.17270905626492,1.37693832294098,-0.792016725563067,-0.771414187530036,-0.379574271539528,0.718716522008066,1.11115125599517,1.27770725705846,0.819081152045361,512.25,1.0
35585.0,-2.01900071938148,1.49126972926361,0.00522181572867197,0.817253270463702,0.973252233873376,-0.639268312778292,-0.974072997078786,-3.14692889107659,-0.00315907368902013,-0.121653217684609,0.0243696057661544,-1.07381224038496,-2.00276910919169,-0.895433620751722,1.74893630108012,-0.103527023620705,2.03119574973193,0.31759835677742,0.38676063692414,-1.02996468249782,2.83959610796444,-1.18544284096841,-0.142811875801854,-0.0861029384113329,-0.329113253522425,0.523601226377288,0.626282771397878,0.152439938058669,0.76,1.0
77202.0,-0.356326154090313,1.43530513012275,-0.813563965472736,1.99311717679272,2.0558775401316,-0.54357866590526,0.487691066602944,0.0854488054265826,-0.536351998021526,-2.23120932812687,0.273983570211148,-0.535839387011391,0.595677221650834,-5.14182349291966,0.732366764261792,0.623912780633594,4.09098324669186,1.63408402811385,0.26084733041578,0.303261648412104,-0.312862941766726,-0.687873797330169,-0.267002508610821,-1.15848006325515,0.271459963711122,-0.155397186179697,0.114328416432227,0.101525594435204,1.0,1.0
102636.0,-0.570176943327637,0.757561531807468,1.82457972847799,-0.289208920115046,-0.271657890314614,-0.284953557709014,0.43318427859426,-0.00904876560629905,1.62989141619253,-1.08350761580852,-0.276731854356178,-3.35915486953442,0.0818763820172576,1.53618090583694,-0.342939966826058,0.347995021846608,0.284024947408392,0.185354091194768,-0.434176897191636,-0.26026315496076,-0.295396388056181,-0.685146602878339,-0.00337128085344154,-0.134681143738452,-0.513193048432241,-0.0428658167863372,-0.0558853427820059,0.114847074667828,39.99,0.0
78725.0,-4.31247908052279,1.88647569827836,-2.33863356144698,-0.475242891532036,-1.18544386151204,-2.1120788975769,-2.12279296550593,0.272565132222544,0.290273064048255,-3.8337413849476,2.50978140392157,-3.61123136485112,-1.02429952994167,-5.29192495475268,1.6498073488757,-3.26265841898301,-4.33311795972043,-1.86304896791862,-0.00953360656837195,-0.718705614884897,0.550540662080627,-0.0678702198276179,-1.11469186343039,0.269069433187685,-0.0205724593187757,-0.963488862263668,-0.918888353795928,0.00145356217673386,60.0,1.0
12095.0,-4.72771265581559,3.04446910225824,-5.59835426695611,5.92819080241929,-2.19076972938784,-1.52932296564747,-4.48742195988547,0.916391814103266,-1.3070104231933,-4.13889121357616,5.14940878300581,-11.1240186070579,0.543067765541171,-7.84094220494304,0.743633944785042,-6.77706923974191,-9.93176515376766,-4.09302112201074,1.50492485905709,-0.207759445103882,0.650988236282379,0.254983288954681,0.628843468802127,-0.23812845429317,-0.671332331960485,-0.0335900627800998,-1.33177732223058,0.705697590023144,30.39,1.0
49520.0,-1.13799863027039,-0.010241928554829,0.842324326517419,-1.74212977152662,-1.12612829306356,0.548679441211588,2.06105343723872,-1.68992587615825,-1.28783992039448,0.578535605788155,0.812613637228946,0.456664928826152,0.814098498689055,-0.631218978249737,-1.30681492321744,-1.39049584431256,-0.581495907171931,1.13008203482964,-0.580720876141142,-0.890579234824605,0.19520134932683,-0.584569500814112,-0.192264873625446,0.0975015548779429,0.0796746630698472,0.883435709965997,-0.265645483987631,-0.464500557817997,342.81,0.0
78180.0,1.23497240613781,0.430385018918059,0.461949014512026,0.76081439691498,-0.449246555647998,-1.23838148133924,0.15453113454836,-0.276051810460645,-0.126943267541108,-0.309522008156136,0.379782126991984,0.824274243117431,1.07466136544443,-0.448357565846051,0.970668460605456,0.340949721284038,0.061392144140422,-0.516734071339171,-0.327163215990979,-0.03428261845868,-0.256068575327385,-0.695465807808466,0.159191799594428,0.69627421622225,0.203448161368289,0.0712272164114143,-0.0166300573807038,0.0359862097231854,1.29,0.0
7672.0,0.702709900098753,2.42643280600508,-5.23451329584052,4.41666124290876,-2.17080621591773,-2.66755356121463,-3.87808845483572,0.911337122229195,-0.166199039175942,-5.00924850212751,4.67572941865677,-8.16718805173089,0.638559282180499,-6.76333439062322,1.29686025605627,-3.81175840977789,-3.75412806618729,-1.04917740227906,1.55419726345897,0.422743129198702,0.551179689117248,-0.00980235731325313,0.721698230069415,0.473245751402033,-1.9593037711687,0.31947554010746,0.600484916486359,0.129305225096566,1.0,1.0
41243.0,-10.9407391093978,6.26158585106885,-14.1823387841287,7.18360208606589,-9.95136334372547,-3.86082033664669,-13.5473021949163,7.09647164642187,-6.29402944276594,-13.6081431627279,7.12716532148781,-12.6110036871047,1.21455639781013,-13.9062968240505,1.51406990634864,-11.1257390593549,-19.7162573051191,-7.5527890897252,3.65678707068496,-0.0883420818722748,2.26744826134981,-0.492029167950335,-0.239302865923644,0.454368210214217,-0.101611062526814,0.446996732737119,0.062292646721181,-0.439769899530758,45.49,1.0
68207.0,-13.1926709562391,12.785970638298,-9.90665002092758,3.32033688288942,-4.80117593230105,5.76005855618556,-18.7508891580107,-37.3534426378925,-0.391539743919107,-5.05250236713858,4.40680552357904,-4.61075647740608,-1.90948796970811,-9.07271093398351,-0.226074450896345,-6.21155748212485,-6.24814535335983,-3.14924669470095,0.0515761185277783,-3.49304991519446,27.2028391573154,-8.88701714094871,5.30360690376998,-0.639434802306313,0.263203123457008,-0.108876929971315,1.26956635541013,0.939407362758877,1.0,1.0
66179.0,1.55152316318807,-0.994390624066336,0.226686208603506,-1.43214018380755,-1.35060490182198,-0.75684907268976,-0.946527863273188,-0.195835879654677,-1.74714391026909,1.45355906346822,-0.994925945278175,-1.26819829278828,0.15983255473382,-0.252152471942528,0.649822398354195,-0.236494761814516,0.352531212942062,0.172525627900871,-0.0546899271282571,-0.337259276067345,-0.25111556749322,-0.349926532331925,-0.0231326858343256,-0.149378023945306,0.438812708690255,-0.173982546979923,0.0263108925038574,0.0152331647104218,15.0,0.0
87202.0,-0.41982017420894,-1.15597800832635,-2.09251550244986,2.78675032975706,0.736296592040403,-0.167291965690249,1.60002746290919,-0.117426851332358,-0.796953814299879,-0.133950251206468,1.03303201224459,-0.284367998317494,-1.20827980965211,-0.429211904447448,0.248945360461687,-0.928921529997167,1.67998551904683,1.31533886586358,2.22616065557659,1.27535802653094,0.48063971759843,0.533516931196614,1.28464540597639,0.516131270391061,-0.60294109971583,-0.305023689896282,-0.0213631449369425,0.129096385608294,451.27,1.0
72346.0,-0.485169889486018,0.935395137178681,1.44814369063325,1.31790366476661,0.267815307269198,-0.00417800946540228,0.543711211425623,0.120834015220858,-0.274842540392626,-0.0937486346496162,-0.638841360268992,0.11706450580449,-0.239799105563045,0.0384900114115019,0.23074620233996,-1.21888294019782,0.637124193896592,-0.666073126340432,0.72479872840282,0.157750982316991,-0.0268308176370614,0.25690953338934,-0.128751038978428,0.0957886510510082,-0.0883031910997842,-0.223364655114065,0.425055090583242,0.206328105506253,10.17,0.0
113143.0,2.08225064818239,-0.215687458941,-1.78170742328718,-0.104115468040898,0.525847817604579,-0.112588551917288,-0.0702580628343863,0.0124411742848084,0.770009421297221,0.106389433748455,0.0675713510702463,-0.0483225509756099,-1.3967980005489,0.929599268227464,0.467621395119884,0.165960884363077,-0.936859020642072,0.951951560347808,0.331892247781955,-0.293190189512014,0.254560360413332,0.782747417461096,-0.0685689379310014,-0.131778419592637,0.358481783313922,-0.414128236846584,-0.00784216196573276,-0.0686031196201476,1.0,0.0
88011.0,-2.36089960157321,2.0757830310064,-1.01885671561606,-3.0052376018688,0.178874305304631,-0.63652784061349,0.32368967443661,1.0081609010301,0.667441266108317,0.065514784719664,-0.154901795899154,0.173638419230424,-1.36329014875577,0.8688696927024,-0.961093113974899,0.866588229706293,-0.907801067815241,0.0414982628580488,-0.433733112762594,0.297004327472181,-0.35611809202918,-1.04642561288391,0.0101523815570653,0.0385253427146467,0.243179516258539,0.389205130967148,0.484846555682165,0.329663413028785,5.0,0.0
68207.0,-13.1926709562391,12.785970638298,-9.90665002092758,3.32033688288942,-4.80117593230105,5.76005855618556,-18.7508891580107,-37.3534426378925,-0.391539743919107,-5.05250236713858,4.40680552357904,-4.61075647740608,-1.90948796970811,-9.07271093398351,-0.226074450896345,-6.21155748212485,-6.24814535335983,-3.14924669470095,0.0515761185277783,-3.49304991519446,27.2028391573154,-8.88701714094871,5.30360690376998,-0.639434802306313,0.263203123457008,-0.108876929971315,1.26956635541013,0.939407362758877,1.0,1.0
117831.0,-0.140736366003798,0.817215458021172,0.318643881339739,-0.655436511655451,0.479743093329961,-1.06637704129869,1.11722574717856,-0.340399408070131,0.43279611207819,0.129156735512355,-0.916270223797909,-0.402484406278259,-0.922269717577702,0.0199757579142916,-0.207360420872774,-0.210809997712476,-0.413530114131963,-0.768996359015277,-0.175122030419473,0.0995709752728132,-0.346829896871524,-0.620385801711716,0.0661296946334928,-0.0479118980559433,-0.507571041733744,0.122908300623171,0.188084204194138,-0.0614475815370996,9.98,0.0
84280.0,1.24184172469233,0.334337503944686,0.298839618216542,0.699108091421298,-0.374588311199433,-1.06943721073537,0.100269927119443,-0.208774735281072,0.0236742613827412,-0.28769732123046,-0.0569089598208999,0.263183212815477,0.279555887280864,-0.296212883865811,1.08913453679438,0.477006911239779,-0.00797166393629205,-0.304137158804385,-0.201224409162501,-0.0621475517985196,-0.282450503586939,-0.829554508023372,0.122142054585709,0.34718735892003,0.215090672450069,0.0934282600485625,-0.0241464728036441,0.0322419937121957,9.28,0.0
79873.0,1.17745584479279,-0.0719886671484008,1.26959661117926,0.853024857649876,-0.975080139148216,-0.270773177950384,-0.531502323942021,-0.00272295148353622,0.72965330800975,-0.280314267195529,-0.505975689353354,1.1461308115856,1.37079731940113,-0.670332950900616,0.0546860678573768,0.100916291367653,-0.249957002474476,-0.398054575911483,-0.0503428310365361,-0.0102843937273721,-0.0749585673790887,0.0370355411327634,0.0134889017681451,0.470527859495677,0.298365579050937,0.311659188661195,0.0250669832626779,0.0306350444526933,11.5,0.0
28755.0,-30.552380043581,16.7133892350242,-31.1036848245812,6.53498386355181,-22.105531524316,-4.97769196369245,-20.371513594495,20.0072083651213,-3.56573779124378,-7.7310714411342,3.8294273949908,-5.31433227604015,1.44693027992913,-4.57926372815218,-0.142299360010106,-4.99784830436345,-10.9614103561188,-4.64148195920404,0.567056279787444,1.73364399368955,1.8165201713562,-2.28868550494101,-1.46054449877578,0.183179482716819,2.20820917836653,-0.208823971247713,1.23263629519904,0.356660010884047,99.99,1.0
38884.0,-3.52437113425274,-2.52859553813609,2.31193100471222,0.17166154844275,-0.0178481739770081,1.04697213913811,-0.391551860816862,0.0262766649813703,2.25162744250922,-0.457535655729622,-1.88972552596542,0.202229492588485,0.00496181958387606,-1.90999474489602,-1.25342044674547,-0.196151248338267,-0.0926888557437935,-0.388335690122296,-0.0600225680767564,-0.650454910567952,-0.235708963130697,0.541487633962962,-1.30298595560002,-0.548602828114694,0.230488358758266,0.701607634536622,-0.890199738577253,-0.406146456132402,186.38,0.0
76867.0,1.08256623409747,1.09486151295003,-1.36702004784737,2.01255429562949,0.708142047645968,-0.807712094137058,0.151952109111841,0.158352530916403,0.00987228422733163,-1.92527812380296,2.60593702345612,-0.309218873424363,-1.76754891562268,-4.42919458671376,-0.171939794624445,1.05551393649543,3.9705869371836,1.76224857169611,-0.880812102847679,-0.135789404251701,-0.32528376499397,-0.734343617700577,-0.106725343342181,-0.224999064492694,0.569167327221417,-0.33503264926341,0.0891401408869493,0.11233722000597,1.0,1.0
32754.0,1.08642863140483,0.105194075238406,0.401150734955815,1.2267251371026,0.0790229977017706,0.609207044607184,-0.136415494235998,0.287182106770977,0.0650213083850407,0.00891555321859673,1.35038347472975,1.17487797291832,-0.485889961894505,0.339777385711395,-0.513237541164095,-0.813948216433725,0.311391596449671,-0.910291617655782,-0.440653619474187,-0.236873241655445,-0.0273211932946328,0.155386900829228,-0.0365471065438894,-0.273183695350289,0.551707724721035,-0.299328626773731,0.0520137023887062,0.00114404548129757,3.76,0.0
65935.0,-0.362255563138684,1.0684494104714,1.36207062813934,0.944299060277634,-0.102278530438197,-1.04901493719132,0.679464253085654,-0.0687141140926254,-0.371891001299639,0.0233605034452299,-0.42885551090719,-0.655215936002097,-1.25543361694618,0.574081593473757,1.12971273941204,-0.375022107807563,-4.31339151676279E-4,0.144606826228815,0.28608884678235,0.0486759746259721,0.117781444238742,0.44741299821178,-0.109253814263138,0.693193738705175,-0.278983949087685,-0.333401523816722,0.409915784045637,0.227043521118948,1.45,0.0
67639.0,-1.33283645889187,0.164407910473341,0.777871077891753,0.505604703326391,-0.776042744320345,0.411142564272535,-0.935500731598799,0.797354604977267,-1.59626392341824,0.890988363534629,0.633140125847072,0.427517685273745,0.437861925567751,0.538320866240431,0.892779264539175,-1.33646246390111,0.0948694652157026,2.02399837123037,-0.253073395758234,-0.701896765092569,-0.0100766315040409,0.418292315073217,-0.167075076233862,-0.303432478026757,-1.05251254133779,-0.335743318478018,-0.231702284881309,-0.314278986813133,57.0,0.0
68780.0,0.416936945159168,-1.04070665692334,1.63192745572641,3.03331516368308,-1.5023182704609,0.763128694671255,-0.651359666597824,0.374297661388563,0.507524405091586,0.320099992781458,-0.70865916518076,-0.267397587133682,-1.01334949423207,-0.295144851180131,0.318493266403553,0.546419904479814,-0.0677472608853483,-0.106120975218741,-1.65625860946649,0.384790641109257,0.394088756648033,0.587234470109582,-0.255232609171698,0.407760161363133,0.0663920767971266,0.144683307584584,0.0150300324640649,0.0935805463177261,320.05,0.0
29531.0,-1.06067628419757,2.60857946990866,-2.97167900258071,4.36008935234848,3.73885304346426,-2.72839507263672,1.98761635466291,-0.357344707416169,-2.75753451251209,-2.33593332652232,2.11151686706104,-2.59194964968951,-1.9505893546741,-7.31157981735935,0.0777527657738322,2.29060783198994,6.50927165018434,2.56997142628646,-3.28615008214787,-0.0890615369649179,-0.0631678773494982,-0.207385284031508,-0.183260817119722,-0.103679373403096,0.896178353364318,0.407386872028391,-0.130918311231478,0.192177382137495,0.68,1.0
77182.0,-1.41085190223088,2.26827061391536,-2.29755364869312,1.87133052690782,0.248957097554545,-1.20879869131782,-1.35864849113679,1.10291613180529,-1.31736377078276,-4.62691916410905,3.35763973653551,-2.99881490434833,-1.95678634545881,-6.76663337149207,-0.869899592420961,-0.868576751992314,-0.370333268936992,0.419265507331837,-0.894893657235367,0.0580625903425241,0.155380926745126,-0.614880421672272,-0.196125537805858,-0.464375543427361,0.118473100986687,-0.484537034984231,0.373595915880442,0.187657248903867,1.0,1.0
11629.0,-3.89119195123086,7.09891625215749,-11.4264670967961,8.60755678650129,-2.06570621026229,-2.98528802203595,-8.13858941693861,2.97392807853452,-6.27279046836547,-13.1934150665232,11.6197234753825,-17.6316063138707,-0.355194389515515,-18.8220867423816,-1.2831290856146,-10.0310966568698,-15.2270075099256,-5.32200898058982,-0.501750653452579,1.38261899967275,1.75708522742867,-0.18970915318715,-0.508629244173448,-1.18930816877394,1.18853649934791,0.605241885913626,1.8815287524148,0.875260407222375,1.0,1.0
101313.0,-25.825982149082,19.1672390103062,-25.3902293121699,11.1254347149714,-16.6826439195391,3.93369943022963,-37.0603114554112,-28.7597989339836,-11.1266235224579,-23.2282548357516,3.7859770496129,-10.5224940129243,-2.65749636392801,-3.79279543594993,-4.49894467676621,-6.55787310177539,-12.8672447953713,-5.80459047549908,-1.25446534452587,7.90737812724062,-16.9220157786505,5.70368400806478,3.51001884069223,0.0543302268964685,-0.671983312405663,-0.209431359115655,-4.95002186384908,-0.448412770754799,2.28,1.0
70478.0,-0.580091854625852,0.476947415632093,-0.491260887672236,-1.73927229392801,3.02735990108201,2.90412448957278,0.658016826009975,0.752792158611239,-0.806732467320861,-0.697801659083042,-0.285988729545433,-0.210940367780433,-0.240708701098763,0.512042672813556,0.196658418072037,0.564627401267509,-1.06182783411109,-0.321723972470704,-0.220647974323848,0.0888981789564979,-0.291040346213609,-1.22268882762023,0.101221583657759,0.969209745069493,-0.179166804898836,-0.0725232258985513,0.0199289596162282,0.125988345992158,41.9,0.0
62519.0,1.20744648013682,0.238616813783318,0.167727643316876,0.512458029414973,-0.175511703449892,-0.554350965939142,-0.0103618032834447,-0.0332546359379924,-0.190023457481546,-0.117284358811579,1.31605233646398,0.757604241249505,0.0962466783719657,-0.0863696398883412,0.431468297013028,0.77930356209896,-0.370875763416681,0.321257251130416,0.212810615245636,-0.0346968427078026,-0.249864667207213,-0.795657863871507,0.0635116604300998,-0.0446127017988179,0.221367847370669,0.0963912539606617,-0.0308955403942881,0.0196785166822795,16.99,0.0
45463.0,-1.47689343619361,2.12231379246165,-1.22946956041319,1.20184879823143,-0.343264387787516,-1.31770390932283,-1.52814215893659,-0.620953383361586,-1.21304032250238,-2.97526724837752,3.53221960237349,-3.68263987014104,-1.15477748628793,-5.16522922685485,-0.240091425455286,-2.40492728839102,-5.67173864053893,-0.99429395124741,-0.289935891439032,0.276893466308702,1.18603560532412,-0.0402148700651311,-0.238930086824211,0.110144325976026,0.0454183699836296,-0.56923231725429,0.481018701576887,-0.0475554426964208,1.0,1.0
55127.0,-0.189543109868212,0.51875848231883,0.389200966383327,-1.79701873850836,0.123393903336539,-1.52619883366577,0.955936201903025,-0.585906264836365,-1.11588956338584,0.897155260381996,-0.30394403170407,-0.467285748165187,0.785844706285781,-0.474403139491765,-0.452001365714585,0.744668353827369,-0.0962709463421562,-1.64868634161045,-0.0933996789762565,0.345698681530524,0.251578533282627,1.05390703542051,-0.0795012329144177,0.44139347419851,-0.583286660675663,-0.450277351077376,0.379459529174596,0.127427909762864,15.0,0.0
70828.0,0.196706751987779,1.18975728641634,0.704882217511495,2.89138777331251,0.0455553693851548,1.24573045976205,-1.19871420021049,-2.42161641083942,-1.23208864617238,0.324238886093679,-1.27393508028395,-0.868686295319925,-1.18194465496857,1.0275841718551,1.68813234484864,0.256215978185418,0.120608339589106,-0.0523460171330233,0.329826631850516,0.646616407050903,-1.32813178943378,0.189310618105111,-0.00552418359572104,-0.814707739467747,0.400924279960331,0.286281378755055,0.135214945600326,0.257314769060283,0.76,1.0
69394.0,1.14043132434726,1.13424300279892,-1.42945474072655,2.01222598912655,0.622800198240135,-1.1529230868157,0.22115947772768,0.0373717733484629,0.0344859259841517,-1.87964382107016,2.19166507997652,-0.487849732811135,-1.75713709936308,-4.46105120749925,-0.402884205654366,1.4109171085787,3.61925125200524,2.28492676267757,-0.443999191918561,-0.0997118777920308,-0.367136001490949,-0.891627120817809,-0.160578066799212,-0.10832596200032,0.668374321480191,-0.352393242949003,0.0719927692746503,0.113684370071235,1.0,1.0
78725.0,-4.31247908052279,1.88647569827836,-2.33863356144698,-0.475242891532036,-1.18544386151204,-2.1120788975769,-2.12279296550593,0.272565132222544,0.290273064048255,-3.8337413849476,2.50978140392157,-3.61123136485112,-1.02429952994167,-5.29192495475268,1.6498073488757,-3.26265841898301,-4.33311795972043,-1.86304896791862,-0.00953360656837195,-0.718705614884897,0.550540662080627,-0.0678702198276179,-1.11469186343039,0.269069433187685,-0.0205724593187757,-0.963488862263668,-0.918888353795928,0.00145356217673386,60.0,1.0
37167.0,-7.92389070083426,-5.19836019923329,-3.00002392240282,4.42066620155728,2.27219396451756,-3.39448342909715,-5.28343533467969,0.131618922476372,0.658176428693037,-0.794993881662565,3.26606601582438,-2.71918495125522,-0.124103963275087,-5.274865818881,0.638575002552638,-2.99583037811248,-4.69843344927136,-1.71187122467509,3.02526099185501,-2.16981089222224,-0.734307916555449,-0.59992625988411,-4.90830117586834,0.410170234644792,-1.16766024989313,0.520507647303451,1.93742140287106,-1.55259283870249,12.31,1.0
41851.0,-19.1397328634111,9.28684735978866,-20.134992104854,7.81867331002574,-15.6522076772063,-1.66834770694329,-21.3404780994803,0.6418997011947,-8.55011032700099,-16.6496281595399,4.81815244707108,-9.44531478308794,1.31705629332341,-7.24346097400378,0.830910291033798,-9.53325705039319,-18.7506411474674,-8.09264877340557,3.32675827497024,0.42720343146936,-2.18269194560955,0.520543072366642,-0.760556415188733,0.662766638397236,-0.948454306235033,0.121795925829793,-3.3818429293561,-1.25652362136258,139.9,1.0
46159.0,-0.601198342493885,-0.56866613815354,2.04829490475903,0.940041605336532,-0.838668489230828,0.841240786594452,0.333478794014159,0.00244538911812025,-1.88336810666396,0.957666327884671,1.51658900434661,0.528200400065829,1.16173272397859,-0.165390376397263,1.38851585958341,-1.9249446136375,0.157666586276439,1.90640084260297,0.271429104391509,0.401207589253662,-0.0195661411112392,0.22139846188146,0.338975633755949,-0.0202147567390448,0.178128598484091,-0.0352095830302668,-0.159315872822695,-0.224414212037847,221.0,0.0
41337.0,-0.49917060876499,0.177795149619058,2.47624141649515,0.072591909633284,-1.03292867431678,0.240701005098939,-0.00120635782417333,0.28249715121615,0.503640719150672,-0.857912216420217,-0.424696403549084,0.101270199684081,-0.647302198562362,-0.47780632144492,0.220810037723183,-0.813463687005219,0.858117425547226,-0.869518748317066,0.805880464449093,0.127156388083703,-0.12213694936255,-0.204036273454239,0.0449951853534143,0.454899961527933,-0.0759617217650046,1.08933213467458,-0.0481449133210875,-0.0180534554708806,61.18,0.0
49452.0,1.06350383211333,-0.365658899931506,-0.613548305764005,0.112330054691953,-0.206082400763147,-1.11071252423959,0.550434337926233,-0.341885488531568,0.0401442896479546,-0.118019137276099,-0.874631649327668,-0.599006293347092,-0.998950809149943,0.708019015829718,0.937728885346197,0.125210692454739,-0.270174058971394,-0.360326967540768,0.265881591599218,0.175373931965507,-0.00184659942421294,-0.377144027411713,-0.267601650847248,-0.055518800883024,0.522902784079631,1.08920550238415,-0.150274972210749,0.00984033289776069,159.0,0.0
118858.0,2.1249499882198,-1.7260610981715,-1.27250742509646,-1.7229425002497,-0.998382343888733,-0.0895289083763174,-1.05503255777466,-0.0989752582714118,-1.37867726354995,1.68768757040766,-0.196486729315846,-0.347323972197465,0.633909634595088,-0.308804766420406,-0.809835698643311,-0.0614944279638909,-0.121795601087075,0.699644284221414,0.497969979776422,-0.188488065405468,-0.14713219073154,-0.149102333707919,0.0340050888283041,-1.0523482699018,-0.166815436862055,-0.168928551621052,-0.00783486504612893,-0.0508520461687556,116.1,0.0
114663.0,-0.607787649768764,1.2091389664825,-2.65271423400261,-2.1783807569044,3.25528269840238,2.67580733431175,0.700889261278439,1.04638830271818,-0.529990227595764,-0.37345270821884,-0.27146795367361,0.0528899969031826,-0.408165160061627,1.17261218713533,0.219927958088826,-0.635937306689801,-0.324378624085662,-0.481020846113313,-0.29464125397149,0.0134337272327624,0.255051223940932,0.763028425282753,-0.155080901792772,0.751346359708915,-0.199848046593715,0.115879331368044,0.399160028399609,0.25426287861778,3.99,0.0
42474.0,-3.84300903438536,3.37511020399082,-5.49289319668564,6.13637764344382,2.79719546082743,-2.64616226518954,-1.66893106391951,-2.61755205155675,-3.94584260288362,-4.56525209408734,4.09721607443527,-5.4509164388957,-0.965692752165388,-10.9044588731508,0.526947764497797,-1.13975413041553,0.835639563488731,0.389774231161906,-1.43960797610281,0.0547955667305956,-1.2778115827927,0.719652000906672,0.451125175067876,-0.25809365058648,0.656129466667281,0.556676326289228,0.739383212515096,-0.203049673816441,1.0,1.0
27219.0,-25.2663550194138,14.3232538097233,-26.8236729135114,6.34924780743689,-18.664250613469,-4.64740304866878,-17.9712120192706,16.6331030618556,-3.76835097141465,-8.303239351259,4.78325736701241,-6.6992520739678,0.846767864669643,-6.57627643636006,-0.0623303798952992,-5.96165987257541,-12.2184817176797,-4.79184198325342,0.894853521838799,1.65828884445902,1.78070097046593,-1.86131814726914,-1.18816729293127,0.156667050663465,1.76819198236914,-0.219916008250323,1.41185477685432,0.414656383638367,99.99,1.0
93856.0,-6.75050851563533,5.36741605145469,-10.0546349530569,9.06447791765316,-7.96811808353808,-2.26379841398236,-10.317566180676,4.23766573099145,-5.32410880613734,-11.0923923688428,7.15408284221914,-17.1504052507291,-0.0953992277686904,-11.0301103643432,-1.95905455483077,-12.4485623424367,-22.6679054064789,-9.26460873295655,1.9823563171714,-0.0812198922441237,1.90903201764938,-0.34873973066671,0.425000563135111,0.674908669807175,-0.784208393488163,-0.247422102935353,1.1595813739152,0.197817874685768,209.65,1.0
102671.0,-4.99175779387947,5.2133398229232,-9.11132629809104,8.43198635177602,-3.4355156720863,-1.8275651016855,-7.11430284412379,3.43120663145462,-3.87564287029742,-6.86850850672582,7.15062516950116,-10.2629840447185,2.73308493575221,-10.1275247811671,-0.262783621001749,-5.19027103814098,-8.6557110398096,-2.02444347438745,1.5604792800844,0.0981321924634143,1.18942283937597,0.247858476295777,0.294448330047117,-0.548503502162266,-0.174616566570794,0.406702503092405,-0.40233927269736,-0.882885795448957,0.0,1.0
41270.0,-0.984293135537302,0.366427981392253,0.411150157983815,0.0456722834908173,0.174362238662382,-0.755687506232312,0.282986790213968,0.423516535886242,-0.332790414521545,-0.634107200637217,-1.80595468724946,-1.38803721897996,-1.94870137976669,0.985695190826324,0.941113245658889,0.48396198042864,-0.361334337134619,0.471807001289728,0.267848021636732,-0.01674341375349,0.162031487309359,-0.0205842849724512,-0.047512472143372,-0.482830811847223,-0.254997482672426,0.345441964855196,-0.051739635711152,6.28771609929787E-4,62.17,0.0
35906.0,-3.51902954497457,4.14086717613266,-3.62820236883577,5.50567203744754,-4.05746250583351,-0.905945282755562,-6.65203112089008,2.63452416520597,-4.67940204045465,-6.54624181523522,3.53820204012168,-8.04228514248667,1.69750938374612,-8.05104890186539,1.07045739646232,-7.39595692479141,-14.3296261567476,-4.86801023649552,2.46384303909831,0.898723234092648,1.58255593340505,0.778710245469243,-0.13570727840987,-0.00427780027496027,0.0327061591060809,0.362014053476722,0.900925137512513,0.554897499272323,9.13,1.0
58642.0,-0.451382569628168,2.22514650025341,-4.95305045271638,4.34222824814605,-3.65619018970243,-0.0201214656089607,-5.40755361778584,-0.748436141338482,-1.36219775131112,-4.17062288702767,3.76230638231684,-4.22622469486547,-2.04669403006077,-4.71049793587464,0.217572360008267,-4.73908378383857,-6.13188675183675,-2.42587063860491,2.31416486951171,0.724381267691587,-0.575924092076688,0.495889440695266,1.15412793921228,-0.0161857864909953,-2.07992826296301,-0.554376906341192,0.455179270612071,0.00132065645985432,113.92,1.0
110087.0,1.93494645561548,0.650677737498259,-0.286957048622899,3.98782809057201,0.316051835129206,-0.0994493763543019,-0.0214831582313935,-0.172327298889228,0.508730034701461,1.07295520625891,-0.427567391481657,-2.777649223895,1.63714014878874,1.5710801214626,-1.44536681818908,0.908649625166723,-0.122016068028642,-0.104109917156777,-1.6840216339214,-0.344452123814994,-0.173601631022283,-0.190973581696087,0.219975571293889,-0.216596550704603,-0.136691885594352,-0.129953649978571,-0.0500768352982461,-0.0510818960798855,1.0,1.0
74101.0,-2.63138446103557,-1.71658998936663,1.40439899319328,1.16400159031207,1.86418913284675,-1.12142151885879,-0.502668834134076,0.0903193578725764,0.126051971571493,0.0641100341064522,0.520209223855681,0.792610590197112,-0.21670452851309,-0.0430435597623948,-0.884397101417752,-0.0178945400676334,-0.493659137263963,0.245607808348516,0.814093318282845,-0.644912326019493,-0.299044007289284,-0.186461558830998,0.71899468038919,-0.0113955072653818,-0.12104500199792,-0.616162100209756,0.0992983233063886,0.338897443783587,15.99,0.0
46057.0,-1.3094413460044,1.78649494921925,-1.37107024042555,1.21433549160762,-0.336642221570741,-1.39011986486896,-1.7091091066305,0.667747590382643,-1.69980879955917,-3.84391103993778,2.96259879138962,-3.95604520140947,-1.53923191944683,-4.63463139323434,-0.248403490673103,-2.05855138409951,-5.63549400383391,-0.775271204300359,-0.23930965408033,0.253464129147281,0.533521286327158,-0.0221799534199139,-0.299555851230085,-0.226416167090146,0.364360460778096,-0.47510178544057,0.571426303828437,0.293425836896259,1.0,1.0
39568.0,-1.32136866642843,0.820812908177346,1.17668494801382,1.06184883098919,0.253481594751794,-0.768748704755236,0.955452983086927,-0.566808812117672,-0.0179601057075491,0.847713031117918,-0.356988099700657,-0.387434313475698,-0.201920757626351,-0.0455270694745059,1.38601048974565,-0.520207260412602,-0.217640677972612,0.0893388728321588,0.799654222531249,-0.152260298028823,0.00466534157401884,0.489399480265338,-0.0231772548410343,0.401602174495127,-0.0830529744736935,-0.312554051782112,-0.380232272160901,0.121175986288746,40.2,0.0
85573.0,-1.7567118508365,3.26657425418237,-4.15338789695403,3.92452561357555,-1.7537718434176,-1.0057867792296,-4.31321717578502,1.56071190324579,-3.29567366751075,-6.2133552491157,4.52299197543382,-6.6528440527591,-0.12468523386066,-8.60448620191387,0.110359314846888,-5.94548061159606,-9.33893779428438,-2.39019258818085,3.18415235636348,0.874720103498016,0.911427441871296,0.0530612807310541,-0.367700953962814,-0.776337755840596,0.292093831084717,0.025999713844171,1.0629681996854,0.501148168228208,1.0,1.0
55293.0,-1.09664052330631,0.644138960831926,1.79419266927221,1.00075606162451,0.554240943924622,-0.724193553451043,0.187124233927632,-0.247654264409356,-0.27845679516969,0.795535795446827,0.549298669184373,0.486569144084538,0.959184345445412,-0.173800153308543,2.02206435561213,-0.962902022621204,0.444838836572355,-0.891763075420298,1.18967905603831,0.270561303052338,-0.290227981046021,-0.227820601709618,-0.179090672964974,0.455389532909644,-0.571194043856226,0.299826644920042,0.340007075655682,-0.0208145686812637,7.53,0.0
38879.0,1.27189814144355,0.160489844118878,-0.207754568257929,0.747083564475291,0.220874931372832,-0.00724863866445417,-0.00103721953351027,0.0699540519263816,0.0230431029438618,0.225819532281965,0.0125981647658853,-0.283328669883649,-1.33949874434731,0.807117584589044,0.465142258208398,0.654858255750392,-1.01773895963228,0.904439262788906,0.366919520585908,-0.177200506104308,-0.0109886614343581,-0.0981563812737362,-0.243116641737326,-0.865032159320679,0.761986535704092,-0.269159152388982,-0.00218186659316395,-0.00382307534130711,9.89,0.0
75867.0,1.0778172665428,-0.358810135089493,1.14096278716036,0.629004781717574,-1.09892686908719,-0.0784421412934362,-0.702290780766669,0.193740652097723,0.615892116534665,-0.0307509774730997,1.0154579618192,0.83953319824826,-0.273668193806755,-0.0458877460230439,-0.00985388399588008,0.550214698646457,-0.552727969432178,0.553252065394854,0.0518806025113324,-0.0139520997255994,0.165160144817287,0.494390620737268,-0.0971696642823281,0.397452820531786,0.273533912006293,0.551835433975106,-0.00833978752026069,0.019893657014289,48.3,0.0
29753.0,0.269614090485094,3.54975512877325,-5.81035344453706,5.80936957402456,1.53880793351049,-2.26921913566818,-0.824203333436328,0.351069915343584,-3.75905945636624,-4.59238980599474,5.47939151009669,-5.65785754091816,-2.6480760898503,-10.3848897408947,-0.225946407826958,-0.701882908954806,0.409735840500415,0.939603694029483,-1.95429995537505,0.310524633435283,0.371121111209288,-0.322289520392532,-0.549855883222537,-0.520628958812409,1.37821038664663,0.564714292689441,0.553254713878568,0.40240000915925,0.68,1.0
14447.0,1.17633422533336,-0.255848493095803,0.457658500287414,-0.0171806081706831,-0.26168025514939,0.44539513701523,-0.662765073055486,0.1811006718306,1.6575442921627,-0.380109347451802,1.64321508598568,-2.32746076545774,0.997009879083013,1.82118403651575,0.290595589678929,0.686548125075386,0.0559163214304765,0.592926902365799,-0.147356826514501,-0.0804837494674963,-0.0399071073399595,0.0546611601569433,-0.115159147931841,-0.838975626916702,0.182705649190333,1.09700053220601,-0.0878239204248876,-0.0142438070999934,39.0,0.0
33749.0,1.55857037233891,-1.03927916393698,0.00294870731291519,-1.42333561078901,-1.3253939598598,-0.88254868282292,-0.883303285535633,-0.189450875580317,-1.68620623455618,1.50841188386991,-1.1862356297706,-1.88901444632218,-0.975040345467729,0.0511229759634586,0.705915344974593,-0.297925728714168,0.454030993674648,0.304057848092514,-0.0465061438276727,-0.405813074759476,-0.196047140241378,-0.241942617839764,-0.0811725280163327,-0.164349962557704,0.533461822089207,-0.0793725778098929,0.00832328025743827,0.00807367597928845,18.0,0.0
100501.0,-6.9852674861123,5.15109356872598,-4.59933777342036,4.53447860064768,0.849053978611719,-0.210701203278644,-4.42522968507474,-5.13452515572624,0.0693205728889109,-0.870997150804889,5.20081516878268,-7.80222778971281,0.0339124179895287,-7.56013197197136,-1.01465193469311,-1.50792960088674,-3.41027456780471,0.107544007359072,-1.37551765637273,-1.24699631854492,5.45367185347674,-2.05617714358307,-0.280333720590026,0.120771472511766,0.569357720918146,0.145971466001576,0.300193469284684,1.77936385243205,0.76,1.0
472.0,-3.0435406239976,-3.15730712090228,1.08846277997285,2.2886436183814,1.35980512966107,-1.06482252298131,0.325574266158614,-0.0677936531906277,-0.270952836226548,-0.838586564582682,-0.414575448285725,-0.503140859566824,0.676501544635863,-1.69202893305906,2.00063483909015,0.666779695901966,0.599717413841732,1.72532100745514,0.283344830149495,2.10233879259444,0.661695924845707,0.435477208966341,1.37596574254306,-0.293803152734021,0.279798031841214,-0.145361714815161,-0.252773122530705,0.0357642251788156,529.0,1.0
76407.0,0.933954564775944,0.0904555673520569,1.0832354562397,2.10279522536596,0.320163840634587,2.34980204985647,-0.866387025876401,0.857026407075918,-0.520165411928385,0.633437674541308,1.70923764415121,0.624688740336144,-0.390785143977003,0.367892418529543,1.35640235738289,0.160070866087006,0.0342274764171013,-1.21824194366552,-2.34472182183588,-0.271775416163912,0.155830945715159,0.499202515455937,0.14184120449042,-1.39201729994868,-0.103115466735653,0.0585363759154424,0.0896163688550965,0.00896251673592876,7.57,0.0
68706.0,-0.894996656251049,0.873687673160418,2.25129909017358,-0.609536082339023,0.162970853857857,-1.16986783043548,1.08890479700555,-0.362288902260364,-0.342866280578633,-0.584550454065366,-0.145284611402889,-0.175106466154041,-0.378574981257239,-0.0583728517813604,0.374011143470103,0.379229582152425,-0.697497217694868,-0.562716912352034,-0.970982258225943,-0.0848538981489403,-0.223934805089055,-0.676153581788494,-0.147107521155586,0.68016222949699,0.169655010065681,-0.0886846850327416,-0.326986300479246,-0.147782861805124,7.99,0.0
93879.0,-12.8336314219519,7.50878980635543,-20.4919522106577,7.46577999198461,-11.5753037055975,-5.14099947650773,-14.0205637048257,8.33212047126021,-4.33771253089739,-15.5637913387301,7.61081978841573,-15.5923232225286,0.504789055226229,-13.2478885958622,-0.796526030140245,-10.3423283585648,-16.0445243414767,-5.8821359384126,1.57369789640089,-1.37892322363159,2.96684240389381,0.615344322057327,-0.766494757432984,0.431261005079751,-0.104974994617143,-0.0100913270781415,-2.4008113496639,-0.720556600051925,104.03,1.0
51333.0,-1.42254855274326,1.36196793569284,-0.0325622942011347,-1.15084425320756,0.277846010612007,0.734898306329051,-0.24108956450622,1.26233812986124,-0.140514229470485,-0.645346699092454,-0.787956767104099,0.122696278591151,-0.806755756534367,0.770520826667354,-0.575847281834192,0.668570289968926,-0.506830440724263,0.205893249914508,0.326862399266241,-0.108556067150424,-0.185428552980269,-0.592569285849272,-0.14818370500746,-1.72483377938774,-0.0226007864970347,0.425539475988181,0.162913899949111,0.0808176324120028,4.0,0.0
51914.0,1.21270647357976,0.0799850222467037,0.730840149064915,2.13895469042388,-0.00511399808737231,1.34370985216839,-0.78746821560145,0.471986053344141,0.0693284389733729,0.769807322081782,-0.948787746323688,-0.587248159719068,-1.08278075012802,0.0592534571367698,-0.280029561671594,1.55153191720515,-1.37258059867115,1.303077292547,-0.11308046445075,-0.175219644446886,0.0251927301159195,0.0960496940596521,-0.253993312815109,-1.41598194156165,0.54711587422047,0.200936829891532,0.0236005049003791,0.0033999472983846,1.0,0.0
48628.0,-0.470340988160314,0.59895719885965,1.59851872767449,-0.567481305759238,0.763677682401475,-0.189256047395561,0.890755339069864,-0.251750571843517,0.154707791121148,-0.762136214701145,-1.55001297627197,0.424328776700109,1.00476451991208,-0.816339616570597,-1.25545825020675,-0.00999583717388907,-0.736012472024192,-0.385072756811336,-0.306949769127592,-0.0022665182054082,-0.0752212426248178,0.159819464104959,-0.396228414684074,-0.379021555708987,0.171340705637076,0.229682404294911,-0.0892358272007511,-0.110918671605595,1.0,0.0
46925.0,-0.481531150954278,1.05954227713479,0.647117402910268,0.905586233912649,0.81936824001549,-0.0911835663506086,0.504134851323607,0.161064336313081,-0.765053776949662,-0.55054534794377,1.48028602025778,-0.105359122514952,-0.804841454759319,-0.819901849432008,0.916881766469427,0.201150538864914,0.874890632270019,0.941476678511478,0.272698476205832,-0.0425151328862889,0.0706328691882125,0.192490772493404,-0.174659253437827,-0.438908072947488,0.239258996609831,-0.217823405004998,-0.0728522476980958,0.0104633125817071,1.0,1.0
48533.0,1.24384844934819,0.524525772902587,-0.538883626044331,1.20919597418592,0.479537596763788,-0.19742873374782,0.0491662598481355,0.0377916321310988,0.128118590882765,-0.552902906422504,-0.668358831257417,-0.818803693746743,-0.883832091051869,-0.994580854433906,1.50684875024006,0.62400331534091,0.705794271683871,0.524181774270524,-0.73174984602915,-0.171540654731681,-0.0516598862539047,-0.0840894090242923,-0.192846388954053,-0.917391985542652,0.681952813037122,-0.194418574345634,0.0459171449577401,0.0401359980627264,1.0,1.0
7535.0,0.0267792264491516,4.13246389713003,-6.56059996809658,6.34855667313983,1.32966566904142,-2.51347884762413,-1.68910220031328,0.303252800547589,-3.13940905736457,-6.04546779778801,6.75462544809695,-8.94817857893317,0.702724998099873,-10.7338541032306,-1.37951985681718,-1.63896011485587,-1.74635013628103,0.776744097926754,-1.32735663549015,0.587743219006407,0.370508651493253,-0.57675247317433,-0.669605371766238,-0.759907529538618,1.60505555017462,0.540675396428899,0.737040381683977,0.496699108168337,1.0,1.0
58575.0,1.18724554748789,-0.0618917198669806,-0.349676194435762,0.90733185134957,0.619269907901928,1.10930015707952,-0.109225522915257,0.297553041270613,0.317296505274275,0.0666394987433567,-0.574677309204153,0.0500489355428051,-1.03670041696701,0.389997571638305,-0.541523404098687,0.0333093037820715,-0.549444382358129,0.22443974465788,0.571219732907039,-0.137774841521638,-0.159234617438932,-0.368524862657193,-0.300301227499103,-1.73195389554976,0.814650826347925,-0.221771073146976,0.0211070266030177,-0.00922991172460291,37.0,0.0
8847.0,-0.674569317706093,1.10491953527407,2.25995214986406,2.22731139235311,-0.497432578699785,0.536084587938491,0.784431686727453,0.080142741807143,0.306399723907352,-0.11288052086333,1.74422857357144,-2.13508536658128,0.949227547607802,1.42179508697909,-2.15275951144872,0.434745581452954,0.29966154869592,0.242804794058344,-0.41344894385506,-0.170488748210525,-0.361602048702372,-0.828501968266892,0.107929920306934,0.411252570170558,-0.306814899070906,-0.394422230291066,-0.0534417782561516,0.0255838880586202,119.85,0.0
38459.0,1.08635556188732,-0.428360225598841,1.29533804267801,1.31159317431985,-0.844849352792836,1.07198020894425,-1.10650162325603,0.479005976658222,1.43098223847662,-0.208792523418201,-1.6793867686055,-0.327383417125116,-0.892933842634588,-0.459053619574626,0.586813955970419,0.25801407154208,-0.27212347783081,0.303018829931725,-0.481465050576747,-0.154963259076423,0.149163476421383,0.640871727956002,-0.192919325744568,-0.762451556182986,0.457109170623868,-0.0910239905025446,0.100927560951668,0.0328801901092216,33.9,0.0
50914.0,-0.791855535101855,-0.212399535451769,1.88678380321091,-0.930146458532342,-0.326912988077387,1.64695642707666,1.94470608799841,-1.19353902724322,1.45140854397806,0.74513625488098,0.15621027362649,0.191743725573952,0.42420652503398,-1.91793825637706,-0.887597011602501,0.0313572025233839,-1.2229862915093,0.218968607887835,1.49870519926763,-0.152220854465018,-0.558430035969044,-0.159907101920432,-0.435597450314633,-0.912478358778755,-0.317544149718623,0.785087517179609,-1.20296726243167,-1.14348833066392,260.44,0.0
47982.0,-1.23280412810524,2.24411874456383,-1.70382579275654,1.49253586483501,-1.19298516971563,-1.68611021267902,-1.86461150490967,0.856122313785725,-1.97353527775248,-3.94238290411726,2.40165068027699,-3.39426561777896,-0.145161724970334,-4.32979551307589,0.758760885824274,-3.19904647594093,-4.48018356526203,-2.48566878350317,-0.0958074336903356,0.207889301735382,0.560475065574211,0.165681717805126,-0.0137535165177887,0.474935180269258,-0.218725074414735,0.302809125708237,0.46603094153746,0.250133538809307,0.76,1.0
46925.0,-0.481531150954278,1.05954227713479,0.647117402910268,0.905586233912649,0.81936824001549,-0.0911835663506086,0.504134851323607,0.161064336313081,-0.765053776949662,-0.55054534794377,1.48028602025778,-0.105359122514952,-0.804841454759319,-0.819901849432008,0.916881766469427,0.201150538864914,0.874890632270019,0.941476678511478,0.272698476205832,-0.0425151328862889,0.0706328691882125,0.192490772493404,-0.174659253437827,-0.438908072947488,0.239258996609831,-0.217823405004998,-0.0728522476980958,0.0104633125817071,1.0,1.0
11080.0,-2.12548982597957,5.97355569173344,-11.0347272274446,9.00714687170235,-1.68945053397167,-2.85441528535313,-7.81044074525876,2.03086994595841,-5.90282812214984,-12.8409338181318,12.0189131816199,-17.7691434633638,-0.431035658230095,-19.2143254902614,-0.962464574748091,-10.2666091836641,-15.5033921000669,-5.49492764246329,-0.410480977392724,1.49377464554928,1.6465182926595,-0.278484510810644,-0.664841293974353,-1.16455536944202,1.70179641354046,0.69080561470369,2.11974873337031,1.10893340333617,1.0,1.0
36302.0,1.0556229436374,-0.0811339225565419,0.712220020902362,0.558343717618054,-0.538160518759524,-0.171784472120384,-0.23835363119086,0.1100140807395,-0.0837979403710622,0.0314973362803719,1.83049427604546,1.17506553169489,0.205595583318842,0.37393308329469,0.671800914340561,0.246470873052234,-0.373220165763353,-0.303831268321758,-0.406836335982775,-0.0184613602860336,0.016675330410105,-0.0369240246725602,0.065196545799323,0.242771347410076,0.119731444274068,0.225277352958886,-0.0141573063878175,0.0174397225314017,49.9,0.0
72812.0,1.25043023191647,-1.02732563892989,0.962069964420262,-0.644498176577936,-1.52478747518217,0.0120590592019754,-1.26271494367274,0.217363596675317,-0.199097810703136,0.683346727738795,0.682121696247186,-0.375128620984611,-0.700503582027721,-0.344108029653921,-0.210600587364288,1.52650769053304,-0.0061345439554932,-0.299692632607051,0.866584154782223,0.128398280275001,0.353929409117952,0.915207235422779,-0.18526156660779,0.0396588844974046,0.423724988523285,-0.0452828547933416,0.0311280086810556,0.0179630268418199,55.0,0.0
70198.0,1.21243026250879,-0.0523567918234141,0.118333465920506,0.519216147017972,-0.215931446233666,-0.244802962663694,-0.138936652640306,0.0322419649399685,0.370900035486542,-0.0470742527812732,-0.824341891344463,-0.641974788823873,-1.2111469012136,0.513575343491718,1.43128828616022,0.120970590909249,-0.214052896941586,-0.287756227879311,-0.446630756082979,-0.163743277070046,0.0794651315981098,0.210369861382955,-0.135703635498162,-0.41105894772989,0.482369681479661,0.536469513433676,-0.029545870139421,0.00349131487358194,25.38,0.0
77182.0,-1.41085190223088,2.26827061391536,-2.29755364869312,1.87133052690782,0.248957097554545,-1.20879869131782,-1.35864849113679,1.10291613180529,-1.31736377078276,-4.62691916410905,3.35763973653551,-2.99881490434833,-1.95678634545881,-6.76663337149207,-0.869899592420961,-0.868576751992314,-0.370333268936992,0.419265507331837,-0.894893657235367,0.0580625903425241,0.155380926745126,-0.614880421672272,-0.196125537805858,-0.464375543427361,0.118473100986687,-0.484537034984231,0.373595915880442,0.187657248903867,1.0,1.0
7740.0,1.02387386852139,2.00148526626613,-4.76975183220974,3.81919458538265,-1.2717542273697,-1.7346624268403,-3.05924503160896,0.889804791975203,0.415382113237262,-3.95581234352737,3.57205481558784,-7.18645159050588,0.147242340802109,-5.24930454889762,1.67833367358535,-2.64147310915178,-1.31205856007348,-0.391716050952505,1.11826355175812,0.204137684042271,0.343282648722251,-0.0541956644068491,0.709653952497143,-0.372215866946976,-2.03206836614816,0.366777602071192,0.395170669257609,0.0202055389458413,1.0,1.0
91407.0,-3.95120850670532,2.88180518239049,-6.42149029451106,2.43418142416554,-1.32732453838007,-2.12210598673342,-3.2275333300383,-0.68556047558208,0.775985124963588,-4.72309174576035,4.921657447038,-8.75277008726404,1.52019774197935,-8.5520227319441,0.351975957711389,-4.5340297530839,-6.46540863418339,-1.89030997911689,0.174840185624481,-0.669351428982036,1.41047856462921,0.279402820830601,0.570821171370176,0.65627101478476,-0.298600548903483,-0.407571358894306,-1.37870253026193,1.37913029153249,52.69,1.0
39729.0,-0.964567282813312,-1.64354066791439,-0.187726849232163,1.15825311047012,-2.45833564593802,0.852221660377025,2.78516254594393,-0.30360853861401,0.94000553101046,-1.96530880945923,0.159743522312315,-0.490697387341298,-1.1819769933833,-1.95887596969497,1.15274328622613,-1.34126935794233,2.49832484974359,0.777831088916474,1.4060448737262,1.78444933498197,0.447180121733859,0.536203895046365,1.63406050110051,0.203838849073356,0.218748854725954,-0.221885828382479,-0.308554718022245,-0.164500017914328,776.83,1.0
41194.0,-7.89688615307576,5.38101952251685,-8.45116161458266,7.96392808742307,-7.86241943013129,-2.37681997521459,-11.9497234569249,5.05135567269165,-6.91207600938549,-11.589748311433,6.64520072606617,-13.542095596465,0.888247918839909,-12.623316046432,1.00275519562895,-12.4322791426353,-23.2415971479491,-8.49529893803197,3.45394255518458,0.645974321869431,2.55794395644985,0.926277883497588,0.0327949396062788,0.638072585685807,0.361887213739485,0.444576520477986,1.10192314818996,0.205958012508108,1.52,1.0
81210.0,-1.40222035599809,-0.946602081555587,0.683652689721374,-3.76874450041194,-0.685072350254885,-0.376854989068178,0.041491999929294,0.400941790367125,0.273216206973047,-1.96901760309048,-1.28019391446597,0.867730010261943,1.28536316404825,-0.107791019740395,0.774363051217205,-2.34357251416039,0.163877257696862,1.32641452392696,-0.327009766230861,-0.103639853876448,-0.114906867623391,-0.15386909526631,0.0475840653994541,-0.771063297510805,0.481732600568939,-0.824306990203604,0.0164753327002404,-0.0380693139235306,159.98,0.0
40500.0,1.04489529186804,-0.383393917333498,0.329824862405855,0.82254093437807,-0.60405534764369,-0.354433081453467,-0.0469644926601991,-0.0363285399789087,0.707102442189836,-0.229350170671423,-1.26752557615074,-0.210664983160478,-0.942398593797632,0.0822267672395544,0.0230409494825721,0.0211887942992406,-0.121422754330073,-0.415292405236617,0.380301294021303,0.0556026140059154,-0.276660904341438,-0.925063212226433,-0.0693168288319136,-0.120427353419786,0.328437307258424,0.203577992227381,-0.0432910964835448,0.0289183075019715,116.37,0.0
110096.0,2.23304584356823,-1.11566214550525,-0.730490593070001,-1.1131626540331,-1.5399705321945,-1.81461526269071,-0.809865475360033,-0.580256339059752,-0.333522550339217,1.30222200693665,0.898022267309895,-3.09501128184359,2.05503345443891,1.32638350747976,-0.599684700916553,-0.877141830472283,1.44101495485807,0.0607433499513548,-0.908145114449408,-0.464761790329974,0.00665833625020651,0.716427976518589,0.171870131498282,0.891944888530401,-0.0684604875604181,-0.0213374164922792,-0.0386548652675449,-0.0532762676484781,34.93,0.0
119372.0,-1.77301490645705,-0.753247829950375,0.454726613848728,-0.983526332606211,2.75524520018698,4.04143956795162,0.398409883035488,1.16819866059377,-0.444840155498871,-1.10616567188939,-0.287454850455985,-0.129091391582371,-0.203847723020088,0.180159923727789,0.633798622402968,0.641915730798488,-1.07656074183847,0.0571716445750937,-1.29092188127705,0.639844331801544,0.0742025687124419,-0.640564728882703,0.468752048242197,0.589564893779535,0.647459243599392,-0.880680974033431,-0.0289131383070825,0.0982982889816682,250.0,0.0
121842.0,0.0287808170062416,0.872251089596155,-0.287464634811317,-0.39766976834042,0.86385599791308,-1.37180394777081,1.09073709348015,-0.305456814156406,-0.169901773815187,-1.17731922587611,-0.440167855297018,-0.0336148035072603,0.302623472149566,-0.91497635014731,0.460523277551931,0.147812027340826,0.315290573162566,0.507045158475207,-0.707031532315337,-0.0775718655949894,0.302458691156951,0.934904368275358,-0.228623613935537,-0.073606582032047,0.00872879390596741,-0.175247800572773,0.0673806251676427,0.0682674047103405,21.0,0.0
103808.0,-4.51734375344642,2.50022390414582,-4.01392753708116,1.18945163355882,-2.48686063585833,-1.41347553285281,-4.24570662259591,1.26508694822894,1.16882778968781,-4.51390660472333,3.69471123994721,-6.11044323287235,-0.110521636054475,-4.18455528093394,-0.93103463417672,-1.61471832598223,-3.35318018239636,0.236762036968587,0.0038960221310578,-1.05616226010439,1.32694422202396,0.102998961106284,0.508166904438541,-0.278017536127694,0.139721094971637,0.0646100247346309,-0.972358289293076,0.351359561196795,2.27,1.0
57163.0,-10.3630494651588,4.54367201286394,-9.79589773551539,5.50800333404763,-6.03715599427489,-0.133492972364907,-11.7243461176622,-3.19834557193323,-4.76784222430147,-9.33212806886128,5.2241240042156,-7.74312234505579,-1.56034320038539,-7.14041803349475,1.18597782557697,-6.59870406570123,-12.1205390025684,-3.90409153348034,2.51343040062446,0.924396179705582,-2.45714487251707,1.68725664165106,0.977178353536712,-0.543368976583511,-0.289124786926125,-0.107586425389056,0.330641897772597,0.163577149556086,1.0,1.0
78393.0,1.24575354853134,-1.06452948240392,0.965030065277871,-0.803716249118633,-1.49502448851706,0.298314711531366,-1.37543341824234,0.265743244779303,-0.310481378860888,0.791827811362711,0.245693573892274,-0.143009488376533,-0.127973292968747,-0.0985332985647411,0.951251029245062,-0.139688805485891,-0.86411379668373,2.4879990075841,-0.587028119482691,-0.34963301680347,-0.143714553399858,-0.0832842096706926,-0.0744275380240395,-0.476008998892199,-0.00498133893604313,1.14542362311014,-0.021234822512195,0.0161960456958751,59.95,0.0
6986.0,-4.39797444171999,1.35836702839758,-2.5928442182573,2.67978696694832,-1.12813094208956,-1.70653638774951,-3.49619729302467,-0.248777743025673,-0.24776789948008,-4.80163740602813,4.89584422347523,-10.9128193194019,0.184371685834387,-6.77109672468083,-0.00732618257771211,-7.35808322132346,-12.5984185405511,-5.13154862842983,0.308333945758691,-0.17160787864796,0.573574068424352,0.176967718048195,-0.436206883597401,-0.0535018648884285,0.252405261951833,-0.657487754764504,-0.827135714578603,0.849573379985768,59.0,1.0
85867.0,-3.58696386180132,2.60912703784891,-5.56857720803735,3.63194695349796,-4.54358971050144,-0.15789907530677,-4.08912766842153,2.41730514407718,-3.23990097529344,-5.822449155685,3.36918605153883,-5.69192578583088,0.287371390782189,-5.41378669142638,-0.555549924912204,-5.86366171303999,-11.1432410242579,-3.48093955285599,2.79433340410919,-0.178533964286313,1.02442283357462,0.428756482022381,0.182032121144153,-0.534597882665306,0.16893349468844,-0.149843614233619,0.685517241438814,-0.299728379437129,310.42,1.0
29861.0,-1.10183904461456,0.478693109198852,1.80015752981085,-0.617546351267872,-0.0827199275730333,-0.712335722272085,1.48837019540377,-0.257779380671189,-0.579438076398641,-0.394785099052773,1.31221810478136,-0.315628693196183,-1.93230723188832,0.56490764538695,-0.0982557845782764,0.544492086245093,-0.752948858360087,-0.1704035967334,-0.15997034233435,-0.117049414810772,-0.452586446693406,-1.43393082693156,0.173147687170573,0.449467542529051,-0.0178468873135029,-0.166865879933216,-0.298315509134111,-0.19038422173884,124.9,0.0
65293.0,-0.995928688974822,1.07050704713757,2.07509468276361,0.0493578511449061,0.210279543896563,-1.0975236278705,0.865447862136118,-0.150469969239671,-0.574339478229473,-0.670230071742916,-0.274272393028274,0.0466104440416595,-0.0774883213337954,0.151265272372845,0.406501953187541,0.222604131439234,-0.592893466788892,-0.203372348217646,-1.00740582780659,-0.16967760439828,0.0305404607056459,-0.0316269714491084,-0.314460459106308,0.700265946537891,0.498382051652299,-0.560452428673486,-0.0840340881322599,0.0703954227967267,2.5,0.0
118884.0,1.69499030714127,-1.38596264508021,-1.74019583280218,-0.527174309682116,0.121256166549522,0.992407958284069,-0.396704262125062,0.200084056779662,-0.48991373410247,0.751988860062516,0.671260648129059,0.589806279121617,0.0105022115600443,0.550596226758846,0.526214493105988,-2.25377796909212,0.194750449993946,0.778560382761797,-1.5686620702118,-0.366427122977863,0.145511952711748,0.755750295209732,-0.132974831104433,-1.62016330666333,-0.0177370457856189,0.0750872831882222,0.0224204081681042,-0.0503235595084237,185.0,0.0
93853.0,-5.83919161928092,7.1515323543223,-12.8167600806187,7.03111476501099,-9.6512721679897,-2.93842725771624,-11.5432071690832,4.84362653179436,-3.49427572506535,-13.3207888671784,8.46024444901677,-17.003289445516,0.101556614891384,-14.094451660329,0.747030766392512,-12.6616957230679,-18.9124938172188,-6.62697484523061,4.00892074227194,0.0556838813863639,2.46205591127559,1.05486518382957,0.530480596078193,0.472669814042592,-0.275997967880675,0.282435024801752,0.104886020210564,0.254417096767513,316.06,1.0
4462.0,-2.30334956758553,1.759247460267,-0.359744743330052,2.33024305053917,-0.821628328375422,-0.0757875706194599,0.562319782266954,-0.399146578487216,-0.238253367661746,-1.52541162656194,2.03291215755072,-6.56012429505962,0.0229373234890961,-1.47010153611197,-0.698826068579047,-2.28219382856251,-4.78183085597533,-2.61566494476124,-1.33444106667307,-0.430021867171611,-0.294166317554753,-0.932391057274991,0.172726295799422,-0.0873295379700724,-0.156114264651172,-0.542627889040196,0.0395659889264757,-0.153028796529788,239.93,1.0
63339.0,1.25549267744284,0.425603697734185,0.326407398530236,0.684292795263069,-0.281898773830101,-1.04889968685525,0.156819446003143,-0.261833520021729,-0.121584536634872,-0.31290649673136,0.107486635468222,0.775894107903811,1.24291525066377,-0.489687921038019,0.98246358326344,0.430877954690901,-0.0632891445392716,-0.423849074873385,-0.205596766028863,-0.0139923710459606,-0.275420209886541,-0.74702356885841,0.116469935625193,0.373252214802378,0.250186951458663,0.0909105418877765,-0.0165750042110725,0.0331469562849925,2.58,0.0
70828.0,0.196706751987779,1.18975728641634,0.704882217511495,2.89138777331251,0.0455553693851548,1.24573045976205,-1.19871420021049,-2.42161641083942,-1.23208864617238,0.324238886093679,-1.27393508028395,-0.868686295319925,-1.18194465496857,1.0275841718551,1.68813234484864,0.256215978185418,0.120608339589106,-0.0523460171330233,0.329826631850516,0.646616407050903,-1.32813178943378,0.189310618105111,-0.00552418359572104,-0.814707739467747,0.400924279960331,0.286281378755055,0.135214945600326,0.257314769060283,0.76,1.0
41413.0,-15.1404496225073,7.37804241221284,-16.356367356494,9.19493491430021,-13.4661632895942,-2.95843050082103,-16.1655386244192,10.0752539455532,-7.90182112627786,-13.0094028057641,4.82823533219729,-11.0584014244364,1.99812557552295,-8.59204740189288,0.540385309176116,-10.6157452968661,-21.0178983428443,-8.39739305199317,3.18355894967976,-1.69148198782553,3.14742810473234,0.341677595071206,-1.15016247089952,0.795189734964946,-0.194542181109758,0.145963568626439,-2.45868034756574,-1.18988788135128,106.55,1.0
18088.0,-12.2240206243564,3.85415032971366,-12.4667657248211,9.64831072711484,-2.72696132147655,-4.44561038185083,-21.9228110340575,0.320792273696859,-4.43316165783721,-11.2014000859835,9.32879925655782,-13.1049334662012,0.88848078772943,-10.140200337183,0.713465392614318,-10.0986706554809,-17.5066115481045,-8.06120798966267,1.60687003263877,-2.14718143950284,-1.1598299509044,-1.50411888189644,-19.2543276173719,0.54486672601225,-4.78160552206407,-0.00777228109993075,3.05235768679424,-0.775035651186717,1218.89,1.0
28242.0,-2.78724793061533,-0.0713403777285035,-1.50528777523306,3.36177713733967,-3.35742166883665,0.565834734346537,0.303653111125521,0.966914484943676,-2.24588195188782,-3.65142656863483,0.987277021963291,-3.83478156926117,-0.961354142524746,-3.18216808481143,-1.1260022842247,-2.95430081252595,-5.84121800175148,-2.91043029785417,-1.15585017273094,1.60739677185147,0.882940442444742,-0.246201930041865,1.75222678458672,0.219924964544368,0.15628169505776,-0.265894317684036,0.220694023253282,0.256076869786525,730.86,1.0
41680.0,0.837998827114867,-0.353456729087775,1.58884484876594,2.8783678391839,-0.636456858329374,1.87122298330286,-0.933696573501561,0.749489664365775,0.591583226697084,0.339070224015187,0.455947702416836,0.925586136342657,-1.27423687051869,-0.501158464103192,-2.33352638458864,-0.557372300429098,0.635975056393093,-1.0346473481297,-0.639311970581816,-0.190840363305883,-0.176958867614639,-0.23554982276148,0.0453870974391332,-0.289956939432994,0.180972916916386,-0.0207532109839501,0.0726650390105874,0.0238557976509009,61.6,0.0
72857.0,-0.22261017346388,0.970690240490108,2.19065456323182,3.24909533503366,-1.14613251559887,1.035738466083,-1.55787015259961,-2.38254699409069,-0.853656563568973,0.0580191253796932,-0.919886957128951,-0.358873399251153,-0.772309673564082,0.37723449557681,1.08322421435327,0.362715032701323,0.231417654340351,0.43125377991012,0.383854645500159,0.818203262718286,-1.17484920019911,0.653340228375303,-0.129226674518528,0.389530587828624,1.0428217863773,0.487941542523585,0.0645979331827165,0.203610245017678,38.03,0.0
94362.0,-26.4577446501446,16.497471901867,-30.1773174564996,8.90415677106517,-17.8925996927224,-1.22790388102871,-31.1973285494605,-11.43892041491,-9.46257260540015,-22.1870885620007,4.41999660154863,-10.5923050053728,-0.703795803703315,-3.92620731586873,-2.40024649210124,-6.80988994039049,-12.4623149481086,-5.50105078380738,-0.567939572890149,2.81224110932946,-8.75569832116533,3.46089334478551,0.896537503959012,0.254835536763482,-0.738096558530353,-0.966564233789852,-7.26348214633855,-1.32488430656137,1.0,1.0
58116.0,-0.199742555735021,-0.475014935756909,1.55350022285093,-1.66149287821383,-0.467032801395339,0.332279743030227,-0.675230636963306,0.0988366249374382,-2.52052451593748,1.13302884262207,-1.09830679070155,-1.20628934344453,1.19013042181253,-0.528800692541919,1.38167229162466,-0.707540999118899,0.702660926692073,0.0453666705708536,0.934755365083669,-0.017354954547723,-0.290643039004318,-0.489424533473932,-0.024304510401686,-0.960100979781066,-0.314769812522567,-0.198381859062812,0.161055804140004,0.116282388930519,20.5,0.0
28287.0,-1.43483737498812,0.481401833135623,0.523751421220214,-1.90133592689849,-0.131910359118347,-0.751142518348165,0.812083804415467,-0.373385982687508,-1.34996033564875,0.355226478911574,1.36956881495597,-0.442478154208307,-0.0896730058094344,-1.14650276690852,-0.580070065850858,1.88097713706814,0.277044729084148,-0.876595340081367,0.441262407362648,-0.380746487448057,-0.235805485441754,-0.803638338737743,0.27243996713246,-0.124629625643946,-0.356786775421718,-0.909676710989622,-0.621632400171113,0.205220929247982,77.75,0.0
66301.0,-0.501696328229171,-0.769185562038718,2.64117478639613,-1.94622636992577,-1.31411591138974,0.0998335074462865,-0.15586501460108,-0.376764261630258,-0.739366866855448,0.970098111550956,-1.48637213866026,-0.822828946734159,-0.219510948212795,-1.96208599656481,-2.82828593937154,-1.49224581548507,1.04715065528773,-0.727510832416822,0.270214320600129,-0.357062344346569,-0.634671062175041,-0.766388089315375,-0.100998237435772,0.37027667029603,-0.108458541124067,-0.561588665290639,-0.41040041278924,-0.353001859076112,39.99,0.0
49298.0,-0.527242984248461,1.06262018171853,-0.395575985988416,-1.14324626600475,2.48871458226555,3.42965168123395,-0.160133470843109,0.153507189710674,-0.436004585384956,-0.374091958780126,-0.0190259883145062,-0.270528557704698,-0.102571414658403,-0.231395396829774,1.08051329049297,0.720941737256143,-0.418772409637364,0.337708909525919,0.266968645090142,0.058726628216046,0.443402835356067,-1.26671025342631,0.0592239165185119,0.92122193369772,0.0116915131531877,0.094371468845728,0.282644184288385,0.0987801934522398,0.89,0.0
63578.0,-0.639191253440691,-0.0855947885921835,1.26545195854416,1.40116573166082,-0.260542078671007,1.00979457835355,1.30199897093176,-0.135257522932592,-0.431520921685507,-0.0913533730643921,-0.921051995675577,-0.61381552858098,0.198913055533638,0.0160870050482155,2.20626377523102,-0.527140627794259,-0.0572786796405291,0.448655661077036,1.16443546519237,0.861306751100051,0.340330752683629,0.76016976216338,0.353376975218638,-0.778892742566353,-0.0706811598435952,-0.0333546437243291,-0.0619624216383359,-0.0626865318467909,290.18,1.0
78073.0,1.05059861906484,-0.60998680030366,0.946951903931033,0.0485640430051264,-0.831917935594775,0.611323678138078,-0.759061156889029,0.3353323150516,0.930281571769512,-0.35577387701848,0.866476406773465,1.34479367692413,0.124486011079993,-0.375946742620996,-0.742572561284236,-0.123559931710015,0.0445079301189811,-0.499500848932508,0.502486813521576,0.0268934838123464,-0.143151474606561,-0.256315803374126,0.00958364707607656,-0.22633908002888,0.0645615125975654,0.969287790739298,-0.0297319345858138,0.00659906297189737,59.14,0.0
46093.0,0.818803881530022,-1.14030195468284,0.781426723722063,-0.684917358113439,-1.43718819819209,-0.119068333910704,-0.692548653340202,0.322007358700465,1.85985705160536,-0.973160687413127,1.30408397170265,0.475255760922172,-2.23379177839506,0.527112693481058,1.07442371215402,-0.463102525776369,0.0727341665002191,0.488286397868727,0.355189207864872,0.0560737336979363,0.174781068056973,0.269856382735697,-0.123258811699851,0.201772239879839,0.240497722860207,-0.6839841853344,0.0627053177736818,0.0488488426809159,169.0,0.0
118959.0,2.07943536609932,0.0579720636895042,-1.7536222400699,0.418051500999895,0.316719628771704,-0.884449697637711,0.087867918672407,-0.153041346478363,0.710700660793945,-0.336380710624823,-0.855430326196617,-0.618979541632501,-1.33281117551507,-0.56793166511414,0.363308709625133,0.39784479365307,0.5344050086812,-0.117905830994449,0.0827856853363316,-0.246107624936374,-0.384832896811034,-1.0692078463699,0.35085267852715,0.443416222246463,-0.298244124010395,0.179772671768697,-0.0717957132026526,-0.0341657682542322,0.89,0.0
65128.0,1.15859753554041,-1.13657634847171,0.717496594478904,-0.719905945247633,-1.21354054084123,0.347656619779128,-1.07740695559854,0.140262077011909,-0.412071538616101,0.607065835625269,0.512036087690711,0.30594176231131,0.977015988008943,-0.67285902802288,-0.340419522072673,1.60431704774101,-0.273160780768698,-0.319884181846267,1.02035777079735,0.37942513411087,0.379791199830636,0.920058979620456,-0.323982382124996,-0.421081902756743,0.518366090244559,-0.026420314269158,0.0284318058688091,0.027719226231852,121.0,0.0
96291.0,-3.55217282034342,5.42646054559111,-3.73181031980956,6.67906180701896,-2.18754337884152,2.43394023761172,-8.74811035885579,-12.1082840970182,-2.8563585144669,-5.66586179854092,2.54083553206878,-6.14705358343033,1.79689064160126,-4.32898899462283,-0.150037374792615,-1.83900466547168,-3.35463814070962,-0.282307261175205,0.148592393859995,3.79266672675409,-5.68899027177143,2.51097955615894,0.953932861684676,-0.542506228224687,-0.620152015985956,0.406012866709306,0.0230251633862463,0.164740605977244,33.59,1.0
32686.0,0.287952771527529,1.72873464521162,-1.65217304572257,3.81354418795523,-1.09092715391318,-0.984744665624589,-2.20231792699069,0.555087932252191,-2.03389204830362,-2.73415555507211,2.36843367282003,-3.65680265130054,-0.169534683304731,-4.74441333023745,0.765192829294304,-2.47951355643698,-4.93111196829858,-2.54740252736051,-0.90268980289448,0.265250210286539,0.262201510185118,-0.633527564205563,0.0928910102678184,0.187612655556196,0.368708354409639,-0.132474029018571,0.57656075692479,0.309842705461879,0.0,1.0
93897.0,-10.3008197578448,6.48309458751086,-15.0763627200288,6.55419115286706,-8.88025172157215,-4.47167242014489,-14.900688599735,3.84017023811699,-4.35844142237671,-14.5331616869738,7.58874088021049,-15.8357188077344,0.135035383391472,-11.5670059165135,-0.077026912374336,-11.4674297370042,-19.1729963590355,-6.96985638421183,2.21175583268581,0.113244363257218,1.50874842459643,1.04164209875775,-0.682789602968657,0.573543946252624,-1.6023889741646,-0.393520821299559,-0.468892515546761,0.105920160381125,1.0,1.0
3307.0,0.223903745952454,-2.0260321117935,0.565840085305171,0.523064172250177,-1.6220074535822,0.158617228877436,-0.19047333609468,0.115689540704482,1.19406486980896,-0.629945377832673,-0.602155084764368,-0.0134722089302495,-0.94534410641507,-0.0943704960721884,0.728459416211765,-0.0151997258114241,0.280214937241143,-0.606094187681961,-0.275983187417264,0.835828951536582,0.194726293680272,-0.38044491300643,-0.329794290084016,0.158347219602684,-0.177578449102429,0.970781559652426,-0.117544621481896,0.0962785550470081,500.0,0.0
27153.0,-0.24085114742641,0.525237265527907,1.06477841747491,-0.81298482077918,0.636670457076715,0.636371838698675,0.393827162166621,0.130836449280729,0.157593878130917,-0.873575439638069,-1.75650455800482,0.218011484897968,0.90560641629762,-0.551686400213891,-0.252911462488987,-0.396601338356058,-0.0652851251917505,-0.638071132368857,0.789027932750095,0.0288215580863606,-0.0927662422175429,0.0296638868913659,-0.379429002324576,-1.21008389711553,0.117321099378732,1.18448310230362,0.00659252371949814,0.0240861135328594,1.0,0.0
35926.0,-3.89658259167336,4.51835470349753,-4.45402724041253,5.54745334718879,-4.12145857265685,-1.16340665785105,-6.80505305303552,2.92835625399971,-4.91712959933528,-6.60046062150676,3.36784560815482,-7.88897751950988,1.68260346667335,-7.62865191597326,0.779245995683184,-7.53340432942796,-14.0646239413114,-4.96010863308331,2.52578492424474,0.757286726552078,1.69104203001122,0.920020577187708,-0.151103893232396,0.0110068782298363,0.0803032669086078,0.412191351423526,0.635788870982512,0.501049550484962,4.56,1.0
102669.0,-5.60369027985602,5.22219270751471,-7.51682997724608,8.11772427554261,-2.75685795265464,-1.57456462233583,-6.33034325040366,2.99841888080239,-4.50816689310713,-7.33437708370839,7.18872396524447,-10.6551809118898,2.59467986078199,-10.242859083204,-0.191158119172494,-5.50433407013933,-8.69777741257031,-1.93422536185434,1.95874993153475,0.227525994742654,1.24289620552409,0.428408392466797,-0.101183595116722,-0.520199121186447,-0.176937756589733,0.461449982566097,-0.106625180749266,-0.479661947808134,0.0,1.0
31596.0,0.857467618534444,-1.42219272867932,0.408612238392794,-1.13152096973574,-1.18585620327717,0.307144808256378,-0.616093803829539,0.177484439806946,2.21224055997357,-1.26752221240513,0.0724831704450999,1.45258975464984,-0.0654266182772428,-0.477428907871173,-0.869898717691813,-0.659359793460846,-0.0644768302584349,0.61277835044518,1.70825901732183,0.345520405055124,0.117411526347649,0.338272767412379,-0.451421263271368,-0.385553384168136,0.647430406639698,0.183020246334965,0.0151815788798759,0.036276727974468,211.0,0.0
77202.0,-0.356326154090313,1.43530513012275,-0.813563965472736,1.99311717679272,2.0558775401316,-0.54357866590526,0.487691066602944,0.0854488054265826,-0.536351998021526,-2.23120932812687,0.273983570211148,-0.535839387011391,0.595677221650834,-5.14182349291966,0.732366764261792,0.623912780633594,4.09098324669186,1.63408402811385,0.26084733041578,0.303261648412104,-0.312862941766726,-0.687873797330169,-0.267002508610821,-1.15848006325515,0.271459963711122,-0.155397186179697,0.114328416432227,0.101525594435204,1.0,1.0
68357.0,1.23260446981971,-0.548931183157109,1.08787266901823,0.894081819978967,-1.43305489904701,-0.356797142170886,-0.717492197160233,0.00316653108995309,-0.100396732730679,0.54318725600578,-1.03941706835478,0.285261608751792,-0.206006567752438,-0.498521775750102,-1.06410845071827,-2.1560365431533,0.564761098405632,0.837856659648528,-0.728989760343786,-0.576274061414969,-0.448670516618872,-0.517567967949267,0.0128333352729761,0.699216728009832,0.527257980520248,-0.322606503047991,0.080805437438631,0.0354271820131481,19.59,1.0
35740.0,1.09419357922845,-0.0740761152029203,1.39484495144577,1.2769284085175,-1.02389921844711,0.00148110918419025,-0.653498388235879,0.220389379234871,0.61053761864982,-0.0348259577785729,1.10033783881893,1.26551097149097,-0.0377554007685343,-0.160260697505072,-0.543241101649662,0.211945827257717,-0.42681853239756,0.359483789775258,2.55986473424834E-4,-0.125672493963879,0.00378365860797688,0.181577921639634,0.00682512639067822,0.534749976658594,0.358677067112714,-0.438981983055738,0.0692214339697796,0.0303198338791909,9.99,0.0
41851.0,-19.1397328634111,9.28684735978866,-20.134992104854,7.81867331002574,-15.6522076772063,-1.66834770694329,-21.3404780994803,0.6418997011947,-8.55011032700099,-16.6496281595399,4.81815244707108,-9.44531478308794,1.31705629332341,-7.24346097400378,0.830910291033798,-9.53325705039319,-18.7506411474674,-8.09264877340557,3.32675827497024,0.42720343146936,-2.18269194560955,0.520543072366642,-0.760556415188733,0.662766638397236,-0.948454306235033,0.121795925829793,-3.3818429293561,-1.25652362136258,139.9,1.0
53842.0,-0.774303572905192,0.47483831375566,1.08176484421544,0.244955675653886,0.553249664268577,-1.21014381445328,0.823532177904374,-0.204971535848362,-0.321314445732883,-0.42295694227108,-0.620492100758841,-0.00210298214501291,-0.0115678475530492,0.174612778736556,0.262515564895988,0.240310214065442,-0.732485156858267,-0.0722496462717651,-0.943208343071683,-0.261517831442132,0.11881200352528,0.39043225632767,0.222695261833648,0.375994836980522,0.088612923304948,-0.540103507707907,-0.0199613903296147,0.034820620488939,14.38,0.0
70669.0,1.08857524489945,-0.652158902942957,1.68725546386533,0.616208307874463,-1.34876535314883,0.747874469935018,-1.15325155713765,0.356010909776874,1.74938627109271,-0.647663277304436,-0.937700029531107,1.36931450277028,0.804840743286176,-1.34709471593295,-1.33651154583858,-0.773859356023356,0.702857445569036,-1.0992853847275,0.232366529639646,-0.0471191134442872,-0.0729027818239495,0.34706996310978,-0.0263288866802969,0.232390949059536,0.222529635146194,1.15461947541356,0.0273030709574763,0.0183758872901112,19.08,0.0
41413.0,-15.1404496225073,7.37804241221284,-16.356367356494,9.19493491430021,-13.4661632895942,-2.95843050082103,-16.1655386244192,10.0752539455532,-7.90182112627786,-13.0094028057641,4.82823533219729,-11.0584014244364,1.99812557552295,-8.59204740189288,0.540385309176116,-10.6157452968661,-21.0178983428443,-8.39739305199317,3.18355894967976,-1.69148198782553,3.14742810473234,0.341677595071206,-1.15016247089952,0.795189734964946,-0.194542181109758,0.145963568626439,-2.45868034756574,-1.18988788135128,106.55,1.0
121472.0,1.98372739144899,-0.63332811494044,-1.01980380524906,0.148655359377434,-0.143601800311015,0.266843691551014,-0.553481440862918,0.119179309214139,1.11844149056375,0.145017270100706,-0.402210268177808,0.440258477801278,-0.532003762015877,0.0388160444865063,-0.829057115980822,0.326506943729139,-0.725289314113872,0.579287470515089,0.577451369485377,-0.159367828612133,0.187989490537131,0.744135037249697,-0.0952446614803692,-1.01842373856656,0.0321483113770277,0.87449839090947,-0.055425835749156,-0.0782578034892061,33.97,0.0
17838.0,-5.18787810836635,6.96770866359565,-13.510931139095,8.61789514115238,-11.2144223939458,0.6722478387604,-9.46253281088355,5.32870420774381,-4.89700552817542,-11.7868116556041,9.36907905765884,-15.0941631493865,1.25637700700759,-11.8521613037824,0.274429814172421,-10.6882417917386,-18.3888105354245,-6.89884013301839,2.38280793552097,-0.623737291574186,2.08608300107406,0.760190240866359,0.716805785858217,-0.646743429628277,-1.61704292571624,0.172346889503238,0.626646780979254,-0.169726031129409,766.36,1.0
47317.0,-1.22340893140524,1.01266875549467,2.60225491327358,2.80022425325441,0.513531153109388,0.880579910213197,0.53357314143149,-0.290175689283913,-0.859664555078643,1.55598243698165,1.53305092626597,0.58618815195032,0.123431139920282,-0.53396903753333,-0.211314885023283,-0.855669152006574,0.261637628296033,-0.472287247739645,1.16858505137505,0.0800918875039834,-0.191008814513147,-0.193354886204641,-0.235385426356535,0.227840101701508,-0.151694480359072,-0.0159345605127108,-0.922261298140914,-0.208227261973347,11.38,0.0
102625.0,-4.22122078925031,2.87112058054735,-5.8887158872207,6.89095207502484,-3.40489435037622,-1.15439396843915,-7.73992801001653,2.85136330092288,-2.50756869395709,-5.11072764247853,5.35088988417692,-9.29980722738699,2.79314035729228,-6.10655192524523,-2.10694702580884,-6.25062921491661,-13.5663252216994,-4.19278019670633,0.510570181831806,-0.227881506131312,1.62059124560534,1.56794700869044,-0.578007459600926,-0.0590448081819941,-1.82916881940751,-0.0724287202294822,0.136734308772186,-0.599847542493268,7.59,1.0
12866.0,1.15194604191831,0.361348528840221,-0.140933890115441,1.28704444616676,0.235855530850657,-0.599690946573657,0.380568041147337,-0.240435939093164,0.79382695161267,-0.106153942833039,1.87107468703329,-2.06541765323118,0.993120793965766,2.30877479306738,-0.695514837584665,0.124303870463179,0.0723793893827259,0.58542090409592,-0.110104851442046,-0.109015493983496,-0.0930225667885656,-0.15542821115087,-0.223563211801108,-0.052572395222742,0.795615387147713,-0.319940585220175,-0.0546263439290827,-8.30532015695546E-4,55.28,0.0
7891.0,-1.58550536691994,3.26158454822833,-4.13742198305023,2.35709625199132,-1.40504331370135,-1.87943719306477,-3.51368687087654,1.51560674568816,-1.20716636120056,-6.23456133227108,5.45074606689486,-7.33371406736393,1.36119332407831,-6.60806825219469,-0.481069424899829,-2.60247787045261,-4.83511205239717,-0.553026089102902,0.351948943356815,0.315957258937511,0.501543149467536,-0.54686881157389,-0.0765836358993043,-0.425550366841581,0.123644186352002,0.321984539336613,0.264028160503965,0.132816719764592,1.0,1.0
120511.0,-0.100272025599505,-0.460889181994986,0.87011270615745,-1.51998547559232,0.173700181459613,1.50902546155765,-0.677263613751055,0.612242326141032,-0.860686895598407,0.363914821592573,0.575877165409603,-0.915411625387674,-1.18307744730634,0.0271828881620897,0.628120756536482,0.252423599819838,0.886484908024855,-1.31688286793051,0.921937465792461,0.0816412606162041,0.525508174968889,1.55261757425261,-0.0957753519032888,-1.61776595982435,-0.84154668113487,0.125533807789073,0.250339899838074,0.168047753312463,21.58,0.0
85566.0,-0.744785960086617,0.787526788331947,2.08209863987294,1.77817323685795,-0.924230768314601,0.628136012612224,-0.353080679481097,0.8084786622926,0.468319691354311,-0.802194485004069,-1.20112646463802,0.438109778575096,-1.08368098012742,-0.263134252341828,-1.37623911312731,-1.57029617323405,1.47496816197272,-1.01556939984833,1.17526360667901,-0.189426083323481,-0.24381671841593,-0.386561663578955,0.110153535120375,0.390942468921765,-0.434394668386812,-0.453307286330905,0.105768084274922,0.0949435630527439,17.34,0.0
59840.0,-3.21538175967748,-0.364223121381638,-1.26188334354906,3.79494903930385,0.71120593031272,-1.31647560298004,-5.16514055601052,0.625278383544947,-1.582300584728,-3.25263359468289,5.04075120270381,-5.31444220386187,-0.656470662006063,-6.23304367078495,0.974771279276835,-6.8903177453801,-9.51641148491956,-4.36412771489086,2.59857755637223,0.0196261688931224,0.40134124079647,0.152191258747201,-0.93467547449829,-0.256148382367333,-0.469403308828214,-0.282495914081921,0.86607691066145,-0.433465943783225,5.91,1.0
25095.0,1.19239598990768,1.33897371069007,-0.678876186687009,3.1236723071222,0.643244863589275,-1.18432299431215,0.397585526006899,-0.253498538261658,0.41113497684127,-0.859862301810301,1.124059382453,-3.76387384832398,0.367975966769142,-0.971757538368114,-0.0138825132357776,1.45757852763076,2.61145033447876,1.2919552295122,-1.56381522671193,-0.185454650142832,-0.377503243008699,-0.889596747960403,-0.0742075893964193,0.0354455164139561,0.550577974200231,-0.0271712789934873,-0.0249206212266212,0.0736053986634045,3.12,1.0
41147.0,-5.31417320646342,4.14594361146639,-8.53252245892907,8.34439167363678,-5.71800820787464,-3.04353608094129,-10.9891846672722,3.40412865609659,-6.16723364181153,-11.435623996076,7.67453383416429,-14.2960914258331,0.526938923712363,-15.4450258118019,0.991651201275811,-12.3913460034009,-22.5416517287861,-7.98672065349455,2.99255446334225,1.15001731865814,2.33146580801509,0.862996305559532,-0.614453237551036,0.523647877136623,-0.712593271662611,0.324637964828057,2.24509146635599,0.497320848969724,88.23,1.0
120031.0,0.109218183754047,1.20197659989978,0.0632288673744292,2.05991688038462,0.632942003487428,-0.595364766743626,1.16589796945887,-0.410421162929986,-0.898978203847034,0.4078660987293,-0.892294043683326,0.00568590742894182,0.270674042523421,0.502982851553428,0.623865536552427,-1.77834798268283,0.731568513367767,-0.123344044088678,2.5571750339844,0.146170768943397,0.159372813355636,0.721807425430931,-0.19882470926177,0.0911836310718218,-0.374483555826963,-0.202344187799086,0.126690402687588,0.219768824722116,25.0,0.0
97185.0,-0.641373481606178,0.91764540913727,0.466959555173802,-0.634356174963115,0.0539593219861549,-0.678697513762653,1.29155149337324,-0.321925020348734,1.81079196287048,-0.937540306268372,-0.244419582718726,-2.18714795482891,1.75840347620904,1.22232845003053,-1.65973301001255,-0.711955064935082,0.533562473387959,-0.0617907430630138,-0.159182578823557,0.0810599143841643,-0.0483396964482494,0.592972648330967,-0.177906943309746,0.0530448547523973,-0.00674829381753959,0.0930407155823539,0.51420884047703,0.266802318345848,102.9,0.0
93897.0,-10.3008197578448,6.48309458751086,-15.0763627200288,6.55419115286706,-8.88025172157215,-4.47167242014489,-14.900688599735,3.84017023811699,-4.35844142237671,-14.5331616869738,7.58874088021049,-15.8357188077344,0.135035383391472,-11.5670059165135,-0.077026912374336,-11.4674297370042,-19.1729963590355,-6.96985638421183,2.21175583268581,0.113244363257218,1.50874842459643,1.04164209875775,-0.682789602968657,0.573543946252624,-1.6023889741646,-0.393520821299559,-0.468892515546761,0.105920160381125,1.0,1.0
25198.0,-15.9036352020113,10.3939171427504,-19.1336024646827,6.18596883540498,-12.5380209157442,-4.02703044708406,-13.8978265981985,10.6622517826007,-2.84495398482036,-9.66878891236125,7.39441941053863,-11.6356300484755,1.42327692545531,-8.64045910049478,-0.674719538892936,-7.69556878829619,-13.6841395944616,-4.77740603940726,1.26834277321029,1.50156541071894,1.57754822493456,-1.28013712313136,-0.601294526869194,0.0404039214626868,0.99550197117886,-0.273742711729157,1.688135896398,0.527830799573719,99.99,1.0
8614.0,-2.16992897559082,3.6396539992044,-4.50849778617728,2.73066814884895,-2.12269287053048,-2.34101682766366,-4.23525308290613,1.70353765763508,-1.30527913344307,-6.7167200227127,6.35361231915591,-8.60164826276464,0.449930038237225,-7.50616937408145,-0.438081781812467,-3.69451599830956,-6.30475338603049,-1.26758712788115,0.357987030484253,0.5007790539507,0.645103275621378,-0.503529448911197,-5.22821818299227E-4,0.0716957787676742,0.0920074334247208,0.308497931577036,0.552590914653841,0.298954478709399,1.0,1.0
50225.0,-1.01245352781154,0.195888339621345,1.18848298763902,-1.68733412722426,1.9422051283128,4.33618578939031,0.962030548950073,0.570447644016268,0.38151165966365,-0.754933041995112,-0.560304520149021,-0.344386524449629,-0.277818169682725,-0.768502098949227,-0.256500667892648,1.02735251629336,-1.73525440450558,0.456972999242799,-1.49613455689327,0.0139815904882091,-0.117592672027897,-0.152903055776503,-0.341098314410258,0.978467533633927,0.649518040693111,-0.693548736488412,-0.327698907598561,-0.430541823069573,175.27,0.0
77100.0,-2.32317217658569,2.50972885400835,-1.1962852625788,-0.449458058497527,-0.490310877839891,0.0646595916928231,-0.884216787397201,1.92736103582319,-0.61850539508431,-0.309355959432948,-0.598764586569193,0.650721153018326,0.473258327107543,0.74007491151703,0.224949258827519,1.51893992830988,-0.217357267056373,1.03713112746867,0.739569560304361,0.114826035482187,-0.250617880024203,-1.02049341597883,-0.0160858419873402,-1.46587019301475,0.280177714737003,0.184442608564947,0.0636516095141714,-0.0122098007650897,10.61,0.0
102114.0,-28.2550528932108,21.4672029942752,-26.8713387797136,11.7374361361796,-17.9996302850189,6.0659013519233,-41.5067960832574,-38.9872627434095,-13.4340663182301,-24.4031849699728,3.40932261990014,-9.60826735632918,-3.07631796817408,0.240060357919937,-2.83667693195872,-6.594756991638,-12.9575309948449,-5.61352195004329,-0.248828402209821,10.4407179813405,-21.4537362781468,8.36198519168435,4.90911112135878,0.0983279449493119,-1.50873912052995,0.00871129047841733,-5.4078236392388,-0.183811044930697,0.0,1.0
83144.0,1.22227630584458,0.138155022944301,0.551618567088137,0.835096013736817,-0.466699469829282,-0.684864884830405,0.0558038656781574,-0.196022319720463,0.307033499327683,-0.226448607930176,-0.48618194259263,1.02395085131086,0.99613418850591,-0.273655686021783,-0.323368262503428,-0.330494805376851,-0.0265980652039029,-0.83946031543291,0.209622317315869,-0.0426141478891555,-0.216880495032738,-0.403752329277617,-0.00392636917375835,0.458687489800465,0.487030207707098,0.264698566958757,-0.016638421657788,0.0161416694554846,12.28,0.0
116962.0,1.8699452517728,-0.933565472237252,-0.679337517997669,0.557715762452182,-0.723912884427499,0.114031921634511,-0.709173616873044,0.102848899376239,-0.449336398460699,1.1473755806568,0.39936048718036,0.357493608844826,-0.395176043227023,0.25858337983122,-0.451738067395715,-1.1052466609197,-0.549274927744522,1.92116341194631,-0.995622959863711,-0.485803606391247,-0.222415140874531,-0.308291353660454,0.220274629541495,0.677004720993167,-0.239306003346535,-0.734952958572386,0.0381043404065474,-0.018409690232973,98.0,0.0
41991.0,-4.56634156694274,3.35345148012501,-4.57202780762531,3.61611930403552,-2.49313810882875,-1.0899997127127,-5.55143306976649,0.44778308394893,-2.42441402571208,-5.69992228265959,3.58682418337431,-6.63622904939297,-1.1281764439465,-7.24554959537009,0.638325536245456,-6.85681003898144,-8.85187850534679,-4.5918832274368,0.936939858866071,-0.249127726683026,2.67446587862872,-0.0208799797343963,-0.302447083877198,-0.0863964000107124,-0.516059779833395,-0.295102234035121,0.195985145691014,0.141115102721758,1.0,1.0
85894.0,1.20792844800909,0.358622107619454,0.193726936618005,0.922119975934479,0.038239687923838,-0.425303519457135,0.196446563227814,-0.131225908638399,-0.425329717988434,0.14724019700939,1.20345388237439,1.36525236484898,1.0924512338138,0.34514555393755,0.121278413899374,0.289462530306823,-0.859691708541873,0.314831787103918,0.0318932869971479,-0.0321261173259514,0.0759788349207397,0.265823262925656,-0.173323786837846,0.0467996202307029,0.735878240884736,-0.330246665350831,0.0151169516089378,0.0108366949760188,13.37,0.0
87562.0,-0.83307856294088,0.908982731351206,0.425479161654425,-2.67631529912863,0.612203606244301,-1.05643369657637,1.17336902621559,-0.0306817274485634,0.175096871279313,-0.723355361726773,0.419801399268706,0.171461866186966,-1.1685279457194,0.473536697436795,-1.05149690704664,0.569623364542566,-1.09248956501977,-0.158614281783411,-0.436702139171639,-0.0172730863526068,-0.291675322263771,-0.78898090876422,-0.146567646031549,-0.358190967201691,-0.0585566344771129,0.379558332480022,0.324481819023182,0.208926078219527,5.0,0.0
73028.0,-0.961676612981772,-0.757164809347649,2.04645493283914,-2.57161815623138,-1.29871649959977,-0.0925816138311031,-0.149866056241284,0.151231622196488,-2.46040253376877,0.871188148540966,0.76294140510549,-0.515705546797716,0.668977262722648,-0.533206486653147,-0.382987440101525,0.376787979758895,-0.25185828084377,0.876204356444556,-0.508865399170019,0.214764703556713,-0.107270631215391,-0.227298716709883,0.13763712719829,-0.0560846125609431,0.3179897340741,-0.367152319549279,0.257590330784332,0.134601866488135,148.71,0.0
73463.0,-0.0900270922027085,0.718450116258229,0.820263061239511,1.51036435859077,0.0598782971013104,-0.0673407465095776,0.431031900235192,-0.0439975803605434,-0.699687819298282,0.517491528444243,0.91016634843307,0.455516568315118,0.157174787738504,0.480026756634609,0.855372474208081,-0.229252561556838,-0.338946405453565,0.905521408796016,1.62759694020703,0.0501906821393387,0.269988511532021,0.864393827278999,0.0364164681144686,0.0151819853295475,-1.19441757724864,-0.324037284177929,0.217998077534904,0.226842842892255,60.0,0.0
21662.0,-18.0185611876771,10.5586001882538,-24.6677412485732,11.7861803616399,-10.564656569212,-2.64568119936245,-18.02346767268,2.69365540308048,-6.21946362785238,-12.7447607871859,9.31813768535999,-13.3778574339457,1.02192386777466,-12.7843458873548,-0.451145843251939,-7.55136493140559,-11.3259968724596,-4.70125277749548,0.516317073274611,1.00770320533757,-2.31947946208034,0.908838783150801,1.35290370698024,-1.05922233762791,0.185750941504222,0.687037383632165,2.07808058379956,-1.42951702264525,1.0,1.0
51076.0,-0.635254531026274,0.291715092572076,1.53962118136145,-1.19832071908511,0.384651653999637,-0.264028063938201,0.202324629979928,0.206726886422132,-0.242176318205065,-0.610737265792929,0.321551474006531,0.0160414411169362,-0.533575585753526,0.236037984202917,0.0716353580176008,1.14056300902371,-1.18326777851057,0.544159356601474,0.0853394939290445,-0.0055733481298326,-0.0772008140358703,-0.452890791712387,-0.0446649592821506,-0.521116931569844,-0.508359865470302,0.644526359852871,0.0145852870374034,0.110513623728057,11.31,0.0
71000.0,1.42096692637249,-1.08524910024105,0.424731931444325,-1.47882961803255,-1.33910100076891,-0.240382946725375,-1.0998380195123,0.0482398029726786,-2.06800413801089,1.57080970622936,1.39463822785387,-0.250104490894056,0.12026860088017,-0.0263665233167529,0.149075119067335,-0.483674660370427,0.552081613428947,0.039575181119736,-0.313199126229561,-0.354162642650525,-0.134396517129915,-0.0219516494226784,0.0490706053339774,-0.0123935713977346,0.272916235752403,-0.193559779182303,0.0396684961349937,0.00787153873350395,20.0,0.0
20451.0,-15.8191787207718,8.7759971528627,-22.8046864614815,11.8648680803607,-9.09236053189517,-2.38689320657655,-16.5603681078199,0.948348594786058,-6.31065843275059,-13.0888909176936,9.81570317447819,-14.0560611837648,0.777191846436601,-13.7610179615936,-0.353635939812489,-7.95744722625995,-11.9629542349435,-4.7805077876172,0.652498045264831,0.992278949261366,-2.35063374523783,1.03636187430048,1.13605073696052,-1.0434137405139,-0.10892334328198,0.657436778462222,2.13642447085514,-1.41194537483904,1.0,1.0
9064.0,-3.49910753739178,0.258555160773118,-4.48955807274398,4.85389435139681,-6.97452154477167,3.62838209065084,5.43127092073166,-1.94673371078472,-0.775680092900109,-1.9877731876087,4.69039566550924,-6.9980424321007,1.45401198637847,-3.73802333366749,0.31774206255503,-2.01354268083989,-5.1361351026702,-1.18382211654359,1.66339401354543,-3.04262575715977,-1.05236825623151,0.204816873569406,-2.11900744010783,0.170278608305444,-0.393844118118335,0.296367194488607,1.98591321801306,-0.900451638402827,1809.68,1.0
76857.0,1.14020795371139,1.15643107873873,-1.47157796740819,2.07627840454674,0.774809058745551,-1.00253195191231,0.264947929409663,0.0131622605764724,0.248835339320523,-2.10066651278309,0.763204840843787,-0.94491647902938,-1.41903447142202,-4.68361969585018,0.51928230124953,0.908454083367609,4.13366666889167,1.30620452511785,-1.09471647432252,-0.125097258302807,-0.387894980568907,-0.866811936205838,-0.121582639900783,-0.356108586349469,0.634572810783188,-0.306311023397994,0.0940868179231164,0.121064728484123,1.0,1.0
90922.0,2.05017111384122,0.25418067926931,-1.50115776772338,1.58731368122605,0.404322250131597,-1.10205329988925,0.434992532643624,-0.4057609523785,1.72700051120638,-0.0633461626029402,-0.351995302281195,-3.02996810282848,-0.161312762374955,2.27079259347193,-1.0819960602394,-0.676481039690982,0.668366317741084,-0.175753609595631,-0.387455831362963,-0.457458016243878,-0.127584085364962,0.0522196989181196,0.0264947956452851,-0.182054638717365,0.39471676125804,-0.5177041144794,-0.0501768069153892,-0.0737936080373654,1.03,0.0
89923.0,0.165750001893392,1.08866966200343,-0.476867974366533,-0.599921939517715,1.07599395445012,-0.699817864654719,1.01807714222287,-0.137524454106225,-0.139551269475847,-0.85412622304098,-0.761470739883678,0.185834616356389,0.747063742107567,-1.17024056311806,-0.301050716235895,0.360726535584767,0.248432461958554,-0.233104710420505,-0.152953863272505,0.068073128248136,-0.348406904763651,-0.816193712213429,0.0579840870620443,0.389233320173144,-0.369197382644831,0.123088994478757,0.227100081359298,0.0835882842458715,2.28,0.0
66808.0,-1.12388474871448,1.51400285245854,2.32682287901342,2.20299571858596,-0.0728733909722056,0.288708684398599,0.584133568990115,-0.337801883726828,0.259553031874448,1.81272049281228,-0.781857104876011,-0.182724605975309,0.331756692253631,-1.15350996251557,-0.219774527112648,-0.201211873515543,-0.368614722283844,-0.0437599140061279,-0.118022146482307,0.490557236572512,0.0201991137965722,0.715307779598217,-0.251333340553604,0.423169686297803,-0.129702136566583,0.10715432732833,-0.122045407245836,-0.0905530255832443,6.08,0.0
77154.0,-0.715413746430203,0.608590312773943,1.15550089022062,-0.267565092666965,-0.563747540811752,-0.618897959603515,0.698307698659261,0.0698369023541396,-0.133341030527008,-1.02533539256113,1.50062918076179,-0.417898026653376,-1.59029515148629,-1.07499904137371,0.288234297659522,1.37776850908719,0.22388685433899,1.31107267514226,-0.896071786353489,-0.186977992930248,0.130748607589043,0.239389294462508,-0.0902274074581911,0.411572390517299,-0.216125965872995,0.353896329216255,-0.0623612631790606,0.00843300173166346,129.0,1.0
64443.0,1.07952397806913,0.872988038728802,-0.303850487243895,2.75536885087579,0.301687623167546,-0.350283737195093,-0.0428479677130716,0.246624608381391,-0.779175595769242,-0.157696445821874,1.92856763203456,-0.935863286411531,-2.43144644518658,-1.63347202401986,0.534336652706283,1.42560550367097,1.59352878606579,1.17846784575361,-1.56869755794851,-0.252115099030468,-0.023254784527163,-0.158600833910515,-0.0388061577093773,-0.0603272546840962,0.358338898397498,0.0769835703935526,0.0189358319830432,0.0605741494833015,0.0,1.0
56370.0,-1.41705394171407,-0.49286881350217,1.01994487600931,-0.97310049017165,-0.219125293782718,0.893129615271583,0.138165770740694,0.71289718657676,0.461615461757393,-1.59929906941497,-2.0687602054689,0.519476981957612,1.01100546822849,-0.587589400421331,-0.74964199000403,0.359964408647172,-0.273735278355871,-0.547070710033803,-0.145582964576577,0.394713071935082,-0.0306456307593468,-0.480343380066894,0.242135415880656,-1.26867140570767,0.156792803631321,0.889636853325984,-0.208566120231931,-0.139982028446371,199.88,0.0
62330.0,1.14086473658976,1.22131743135767,-1.45295546048243,2.06757505760281,0.854742052227546,-0.981222507744598,0.325713913670098,-0.0377214068783676,0.113219371615132,-2.12697274994354,0.915947028928619,-0.468571538051367,-0.523377293666349,-4.86186658087283,0.421013353871263,0.866440624739209,4.08248488419359,1.1963181517001,-1.10076358353881,-0.0677120411898438,-0.377597095255037,-0.79345965987036,-0.132333171548173,-0.33158626897425,0.664877856718148,-0.309312434134138,0.099941947375597,0.122988311929089,1.0,1.0
21419.0,-17.4677100117887,10.1148157246654,-24.2021422329158,11.8054692105913,-10.1980458075926,-2.5799380080012,-17.6567879964837,2.25690247596699,-6.24214930949065,-12.8306571996417,9.44266526535108,-13.5474858999444,0.960728558325579,-13.0287170264518,-0.426674498701321,-7.65266166506753,-11.4853277896478,-4.72136957553102,0.550519004149565,1.00151850195952,-2.32802441621057,0.940830319350178,1.29681706144136,-1.05510390359967,0.11179202805362,0.679694612203418,2.09354057112569,-1.42549145377361,1.0,1.0
45703.0,-1.04201172184405,-0.375075375278813,1.89049467551872,-0.0483506551410364,-0.9800424323227,0.813974682395521,0.975645740693973,0.0534714079590393,0.142291900822351,-1.12003266250678,-1.41962293242931,0.46673074293318,1.34763221655098,-0.865539239711042,-0.121039492032172,-0.256017676783201,0.0551856266521605,-0.132434965321538,1.59698752590618,0.876641737788745,-0.0375830070763244,-0.357834104358178,0.390841196496105,-0.365057092122824,0.240801488957669,1.11448890064104,-0.0738900049103086,0.0857856057884921,296.99,0.0
75851.0,-4.79366743133161,3.41891065333381,-5.07444453285381,4.03598694267746,-3.52787459906065,-1.92324150219959,-5.06598083804842,1.99688475994042,-3.09737916358313,-6.44720227383046,3.77557843937585,-7.49878345527601,0.231306922054262,-8.65826843157538,1.34330765668858,-6.17333085967808,-10.7080182544535,-3.50489419159365,1.88404425730219,0.342122343012083,1.16861781897539,0.289530903898366,-0.371888203724815,0.144761276597316,0.0847348250689305,-0.19743147093529,0.328671522253493,0.835394921353057,99.85,1.0
26931.0,-22.5616992591298,13.2089042844176,-24.6438187771226,6.23253182330679,-16.905611362323,-4.49743871970001,-16.8101841919321,14.9551067734604,-3.87129682308601,-8.58126551626339,5.25698760960799,-7.39361499215009,0.538800829120431,-7.57755201800709,-0.030725531904052,-6.45478323655342,-12.8456565242928,-4.86591773720169,1.06244185030067,1.62144422472126,1.76598663639159,-1.6355166467436,-0.998316503452087,0.138972227361725,1.55935014018173,-0.22212451669,1.5044246600224,0.445919826109776,99.99,1.0
81372.0,-0.88525408859895,1.79064923163963,-0.945148961205205,3.85343274655953,-1.54351007486649,0.188582114329739,-2.98838275644296,1.34405855095688,-2.29453470924744,-1.88617599041763,1.90428359307622,-4.00241403073237,-0.936955588407958,-2.80191542309724,0.798328052783254,-2.34873992555213,-6.42673430721498,-0.827308425201024,1.73238175785046,0.370040520565647,0.746159905151139,0.550802011985416,-0.0348823420887786,-0.56760840448119,-0.528317952733951,0.258782456503747,0.506892694941992,0.176735548819463,7.57,1.0
75845.0,1.07690820031221,-0.161721513062508,1.35170972762245,0.736633631469819,-0.829840887913387,0.401093015965717,-0.703395188034256,0.265257437344146,0.444741002301199,-0.157237535140363,1.60529763466013,2.01531495117481,1.28157418326673,-0.443128177139794,-0.415203315598477,-0.0574778788943232,-0.150725428256436,-0.425073792997491,-0.196580007710463,-0.0348646090062475,0.0184600569443316,0.306699885794947,0.0544869630807455,0.297828142805248,0.169617968835618,0.311720124755249,0.0384293238548345,0.0190906802990011,11.49,0.0
62303.0,0.965219513868738,-0.634516230167797,-0.910040783509957,-0.0510117011938953,0.0832674046789692,-0.526022846522919,0.58560268787439,-0.246862853539231,0.143118596026617,-0.186240869324342,-1.63949300606936,-0.915179666144224,-1.04654958237962,0.704060541636254,1.0632218864266,0.529063787836313,-0.595193494999533,-0.330947954027968,0.741271376487267,0.348463564548914,-0.351276132301286,-1.62911647235678,-0.208516013167935,-1.00731672656369,0.266065609606212,0.770847541752975,-0.161388322449257,0.0225910840653932,236.0,0.0
43372.0,0.931836495752815,-1.55506420193632,-1.12219208828651,-2.91849219483069,0.927033575502723,3.23345239802596,-0.930445115119471,0.844743815104554,2.30872880513781,-1.66423298068415,-0.0872603796119735,0.839246340732776,0.0754356377421603,0.0167336443170846,1.86850847494403,-0.515888051268065,-0.504968147772995,0.892061915149411,1.31485607860187,0.459482922487469,0.221774906998511,0.340307783491447,-0.381264088984066,1.07055784425079,0.76461522582992,-0.647462276275923,0.0684761501150323,0.0616322442384096,215.0,0.0
70536.0,-2.27175453696818,-0.457654560738072,-2.58905463865543,2.23077826688105,-4.27898250263823,0.388610079538804,0.102485457456358,0.813127838070308,-1.0929208385062,-5.03202838566819,3.51034756034463,-2.22739840581069,0.656823927974733,-5.19918574342056,-0.128311029598493,-3.94352099869908,-3.82052232662867,-0.570821093891663,2.78338340771804,2.28575790271371,1.09634200952947,0.658398654570846,1.71167573455248,0.333540036403021,0.538591373646869,-0.193528512332835,0.258194100840055,0.247269213953463,824.83,1.0
4462.0,-2.30334956758553,1.759247460267,-0.359744743330052,2.33024305053917,-0.821628328375422,-0.0757875706194599,0.562319782266954,-0.399146578487216,-0.238253367661746,-1.52541162656194,2.03291215755072,-6.56012429505962,0.0229373234890961,-1.47010153611197,-0.698826068579047,-2.28219382856251,-4.78183085597533,-2.61566494476124,-1.33444106667307,-0.430021867171611,-0.294166317554753,-0.932391057274991,0.172726295799422,-0.0873295379700724,-0.156114264651172,-0.542627889040196,0.0395659889264757,-0.153028796529788,239.93,1.0
69129.0,-1.17206323397943,-0.171558372596525,2.94929610567443,-1.15010274456115,-1.43599845038952,0.320837029148203,-0.52678354556809,0.225120764378574,0.229070859109473,-0.133349813893155,-1.56945160126316,0.568290619025906,0.779130843437813,-1.68696818400522,-2.29012871849853,-1.93062738441938,0.512836275737447,0.665982102667821,-0.549684593658199,-0.370987940436985,-0.521362104447544,-0.540126346368546,-0.234710615841426,0.464451686537854,0.216595387681619,0.991676834809186,0.0399716407461631,0.148203044565829,40.0,0.0
68207.0,-13.1926709562391,12.785970638298,-9.90665002092758,3.32033688288942,-4.80117593230105,5.76005855618556,-18.7508891580107,-37.3534426378925,-0.391539743919107,-5.05250236713858,4.40680552357904,-4.61075647740608,-1.90948796970811,-9.07271093398351,-0.226074450896345,-6.21155748212485,-6.24814535335983,-3.14924669470095,0.0515761185277783,-3.49304991519446,27.2028391573154,-8.88701714094871,5.30360690376998,-0.639434802306313,0.263203123457008,-0.108876929971315,1.26956635541013,0.939407362758877,1.0,1.0
102676.0,-5.55212217135236,5.67813391258695,-9.77552798040134,8.41629539413803,-4.40984381923171,-1.50623535484733,-6.89983879692634,3.75044289681131,-3.8797925578861,-6.86416435989436,7.05106508958574,-10.1375291936462,2.81543981456255,-9.90916805374299,-0.262229551498562,-5.02255717747726,-8.52297487191683,-2.01293906157489,1.52573244095261,-0.0647801372282915,1.12847223060537,0.228484046768752,0.286257667302864,-0.536294098099933,-0.104924889157331,0.420919229293903,-0.297556884880609,-0.946184387308798,119.74,1.0
41397.0,-14.9703456545046,8.40142101040258,-16.8672384869515,8.25233430637468,-13.5651304873758,-2.78243755853826,-14.2637353490007,9.64341914576661,-7.70149868394332,-14.2266980575287,5.61099879659254,-11.7939788348294,1.59838653001563,-11.6069703760766,-0.0441804437896824,-9.28695473739369,-19.8997264249367,-7.518050849236,1.24351749943488,-1.61466005601289,2.71404480183882,-0.101355310559619,-0.439665974014017,0.519513861479409,0.789327982433797,0.0643574266343142,-1.62138568643941,-1.10481920857705,273.01,1.0
73748.0,1.1559702252005,0.181975751194683,0.360253123438519,1.07512891829035,-0.436421411837032,-0.782884072314031,0.0576815118847124,-0.0339261306611138,-0.107879268685946,0.212170321753981,1.27951890225471,0.295217417745609,-1.34177155536116,0.844681036469376,0.340235728867582,0.245191424313555,-0.532408909022264,0.430141882663567,-0.154748800525198,-0.18592193848737,0.0880136859500761,0.168383395118571,-0.0853451629348763,0.515373732570065,0.583252223760712,-0.356066995331068,-7.51318601733869E-4,0.0123510947860101,20.0,0.0
76557.0,-3.43199800963184,3.07399162228172,0.714374827669019,-0.250033693597351,-0.518289196691296,2.12189281113021,-2.68738174531135,-9.33649588448101,0.762540436092628,0.722960767438227,1.19416319995144,1.89927545576039,-0.131305807876967,-0.0408310879550798,-1.34878513628484,-0.697930406938179,0.831717603216427,-0.316041787058576,-0.0102612119717191,-1.80184900214786,9.19653598495757,-2.51539967016372,1.1942328899168,0.11533489816832,-0.0458588723726692,0.407275967804559,0.621298380279592,0.0643697397462954,6.99,0.0
8808.0,-4.61721720415581,1.69569365346656,-3.11437220079491,4.32819855298178,-1.87325699086527,-0.989908135538263,-4.57726462658038,0.4722161584519,0.472016953377646,-5.57602263642415,4.80232276125089,-10.833164469314,0.104303875698575,-9.40542306160986,-0.80747786866047,-7.55234220350747,-9.8025617903912,-4.12062883466552,1.74050729036196,-0.0390459343384186,0.481829697240067,0.146023056445948,0.117038527549065,-0.21756459883966,-0.138776043706563,-0.424452881068275,-1.00204142597227,0.890780287970655,1.1,1.0
8757.0,-1.86375555343732,3.44264397684973,-4.46825973145511,2.80533625940251,-2.1184124774924,-2.33228488731467,-4.2612371974404,1.70168184397858,-1.43939587542941,-6.99990663386522,6.31620967716699,-8.67081800476226,0.316023991908777,-7.41771206475053,-0.436537471366146,-3.65280196004741,-6.29314531907376,-1.24324829133852,0.364810482193887,0.36092400372093,0.66792657242141,-0.516242362128804,-0.012217811746839,0.070613703103445,0.0585044669560628,0.304882839588584,0.418012467185258,0.208858278145839,1.0,1.0
73831.0,-0.708082231478125,1.69367898954282,-0.332245919898909,0.59097471422453,1.55388167152055,-1.77995234648175,1.27646351576424,-0.127465576704811,-1.15656298565317,-1.99663502674588,2.33718528384241,-0.323606347879441,-0.990531569531994,-3.16782747847986,-0.211267955069841,1.32503180474515,2.33232031742371,1.94819683207814,-1.11247122675537,-0.0341823724760872,-0.0308173120749488,-0.194503925812656,-0.316519180129497,0.182410095682178,0.215525075124352,-0.499986904702344,0.118958711337852,0.200060614950079,1.0,0.0
85285.0,-7.03030814445441,3.42199090467553,-9.52507177254752,5.27089100906596,-4.02463027558805,-2.86568161775739,-6.98919473439446,3.79155093755913,-4.62273033596451,-8.40966487562735,6.30904400603177,-8.57676143258937,0.246746716929862,-11.5340460181508,-0.3642651387587,-5.45249465771382,-11.8875700201872,-3.56358481007011,0.876018768156628,0.545698040621445,1.10339774484256,-0.541854751589521,0.0369432219896495,-0.355519004066217,0.353634382097,1.04245799282131,1.35951563156376,-0.272188101257294,0.0,1.0
114933.0,1.90441907646564,-0.390891318211214,-1.45068814956603,0.0144682177005004,0.700134881907586,0.899471284924481,-0.215689889565184,0.328111253180925,0.469679210047184,0.13227673841336,0.849128635850051,0.619245546704623,-0.981759087694454,0.724306513729287,0.264458514375753,-0.545986870232601,0.116334632484846,-1.38239970571795,-0.391685339501686,-0.319976929017437,-0.200337021853663,-0.457296779642136,0.331651922507414,-1.6586191446898,-0.49917415276936,0.311734112553896,-0.0353587179110069,-0.086637063797253,17.99,0.0
18690.0,-15.3988450085358,7.47232389650112,-19.0269123426632,11.165525840514,-6.89385628014845,-2.12093657486019,-14.9133299850456,-0.721214094320184,-7.1750966153358,-14.166794659606,10.2777688628065,-14.9854337328686,0.345179234077653,-14.6663889726541,-0.346352541965346,-8.33324249555463,-12.6025964553952,-4.87668342078337,0.604625910708604,1.11150221461014,-2.44488368228,0.727495341024629,-0.345078151264077,-0.981748551471828,0.995271346300177,0.816761717958274,2.26294237384391,-1.17806316323334,1.0,1.0
65932.0,1.19367618950102,0.12683118710623,0.126843823851782,0.466188314090911,-0.11661779391595,-0.13050903493758,-0.216613738784334,0.199052616213686,0.0473030363036326,-0.107499470880326,1.27196973148633,0.00254965298191455,-1.50921254481287,0.253470496921674,0.854559578334742,0.557415151092481,-6.8031268529172E-4,0.0614215622214195,-0.131750372745161,-0.20055829432412,-0.249777536163749,-0.801406714117685,0.126768355619117,-0.394637337808523,0.100191038719809,0.13277129597552,-0.02172333195253,0.0101370982798845,0.99,0.0
57462.0,0.926882764972945,-1.46643085438949,0.983326400599089,-0.184571068799657,-1.92761292024996,-0.314360231782254,-0.847934838525735,-8.00145170759726E-4,-0.00576542602223482,0.397129821495965,-0.949749737702761,-0.0272196872228611,0.0748822847462383,-0.492237279106851,0.161250510135611,-1.26095286140301,0.18432728381552,1.03857940394314,-0.660113369920487,-0.0784011128245412,-0.359331393436452,-0.857085081286631,-0.0340680724131091,0.410073975386188,-0.0802546541698964,0.939737620695059,-0.0465982728345652,0.0568199978408556,213.34,0.0
35480.0,1.09959242952541,-0.199994128337738,0.59950674590585,0.590843611762054,-0.290970646140714,0.655985931297582,-0.461053189977632,0.357963994576828,0.454617785311017,-0.138166128872218,1.30194242727089,1.09592777988389,-0.640332716416164,0.131861390817564,-0.513398946639223,-0.703078558188082,0.430431393719763,-0.947103419783848,-0.209568882892857,-0.202896920026316,-0.0115988191482782,0.224768090621824,-0.00895646451769875,-0.224110856463658,0.33497688539776,0.559977456980254,0.00487876545282772,-0.00761574235904728,5.0,0.0
58217.0,-0.443793956538852,1.27139528958141,1.20617786290079,0.790371244425149,0.418935334538855,-0.848375714713356,0.917690595034239,-0.235511404707869,-0.285692136421657,-0.867899742347565,0.614977120327696,-0.657947690982211,-0.948412031653891,-1.63514452424164,1.26320316314475,0.0685328870737372,1.32579410174258,0.376383480838994,-1.09619645414336,-0.0672050359210024,0.119278777095323,0.513479449681292,-0.264243409026182,0.443311288026016,0.0295163920697956,-0.335141048988331,-0.188814985117408,-0.123391459240302,5.09,1.0
72824.0,-1.11149523246612,-0.257575207100777,2.25020963478583,1.15267090326627,0.432904474488939,1.25412602800986,-0.58416279009186,-0.609681605347911,1.01460246273104,0.334532824069685,0.82637484441332,0.196886900487791,-1.88599349809323,-0.472025637126337,-0.578141395688259,-1.24300710102788,0.570459827436018,-0.159056766164096,0.407187527410462,-0.510613591931657,0.862912790109336,0.927825035064447,-0.343058085886885,-0.256268230425974,-0.600742165862083,-0.18033128765631,0.0267622260788268,-0.358335321215398,45.03,1.0
59669.0,0.326006629816884,1.28663756547088,-2.00718128715265,2.41967479633278,-1.53290169734535,-1.43280331503216,-2.45952963994058,0.617737791926574,-1.12586103037287,-3.23678401592309,3.5617949640183,-3.91467935228848,-2.12495645598654,-4.45889502952153,0.578201875425492,-2.3433041192933,-5.07145010804216,-0.749172320846648,0.22842274838649,0.222666683155765,0.556894674408544,0.169775528574355,-0.174357059251063,0.308061323046213,0.710996128051644,-0.23102981819073,0.580495233837149,0.30098403791885,6.27,1.0
60353.0,-3.97521647515777,0.581573270980264,-1.88037210743636,4.31924127992395,-3.02432976021596,1.24079277107972,-1.90955892631241,0.660717557074542,-2.7526105653686,-3.55038539904852,4.83896418696128,-6.04023537903875,-0.374460483695606,-6.22194535944177,0.958758443736388,-5.07364263456328,-10.441008666182,-3.75552460094433,0.606452965011177,-0.656511434265513,0.578984295739867,1.39731081981072,1.04532195036713,-0.303999869268857,0.00529495925073387,0.235435243641064,0.962014797484666,-0.67355739317081,454.82,1.0
8878.0,-2.6618021745564,5.8563932148043,-7.65361621324071,6.37974188053221,-0.0607121191362683,-3.13154973153662,-3.10356974550479,1.77849156945338,-3.83115371623455,-7.19160424618226,7.10298858788516,-9.92869994299538,-0.0674983775194601,-10.924186865147,-1.69791397714032,-2.37942098527078,-2.77511389701838,0.273798971252603,-1.38218756352589,0.399096860264863,0.734774950378595,-0.43590118187623,-0.384765904180568,-0.286015663843443,1.00793382365812,0.413195532462339,0.28028415690056,0.303936550639395,1.0,1.0
41870.0,-20.9069081014654,9.84315322329519,-19.947726046163,6.15578864849515,-15.142013159868,-2.239565648142,-21.2344631540976,1.15179506554623,-8.73967037069304,-18.2711681738888,4.67734929657245,-9.58356643737056,1.03516582361622,-8.19969002891841,-0.32651888245129,-8.37643882097816,-18.4854603221489,-7.58997395860914,1.1266403652792,0.396654845079575,-1.97719619445615,0.652931885295435,-0.519776859411322,0.541701730134149,-0.0538607606750096,0.112670774311131,-3.76537100922261,-1.07123831223447,1.0,1.0
24451.0,1.10998457368581,0.368032146472979,-0.0614074633905216,1.37684439669606,0.0704373792074676,-1.10057294493251,0.610397343104251,-0.487200972217756,0.920589269408445,-0.380883535209462,0.66778094520241,-2.02353246637006,2.15135756928188,1.91903335825928,-0.0987002015930611,-0.256588708570799,0.392087354953442,-0.138442051522545,-0.485983106306593,0.0136617380094857,-0.0885825227121911,-0.12634338338361,-0.217999247184606,0.358122109210467,0.814625516435019,-0.345815300012064,-0.0481111277181352,0.0209563270786775,89.99,0.0
62341.0,-5.26775974325256,2.50671895922695,-5.29092481764433,4.8861341982102,-3.34318841087649,-1.10008548506579,-5.81050918581537,1.72634335514407,-0.749277159995058,-4.83482799462627,3.54601225001006,-7.75128547808951,-1.19569394502348,-10.0185024459282,0.29639612212368,-7.47716172698803,-9.78580026201852,-4.24397714797126,2.68112678165858,-0.286043269744833,0.764265624858483,0.473261684078133,0.54848172305712,-0.15685005182413,-0.71018694460215,-0.366422677340972,-1.48676592030738,0.677664104601632,1.1,1.0
11028.0,1.18854686899537,-0.120530212169587,0.955256258111623,0.267243430431342,-0.96586398867217,-0.65027952282063,-0.606990370118839,-0.00808277110457429,1.62256674587139,-0.320632106520283,2.34229936735982,-2.17263131357503,0.614818323829732,1.89369448152532,-0.0193314326232192,0.673937668363038,0.17769326822474,0.714037418074477,-0.183283031786357,-0.143816017008919,-0.0136032618628798,0.132141936046006,0.0103707381217829,0.536346641243513,0.114142888730083,1.00414572550217,-0.0999268673175625,-0.00445231164114875,15.95,0.0
3014.0,1.15189885439182,-0.135160107210794,1.00947879751539,0.593060035869495,-1.01064635525724,-0.655398860057968,-0.436969530881453,-0.0350912728775013,0.507262895740973,-0.115917662352555,-0.353091551698737,0.153994079290461,0.118577860607546,-0.00144128778811799,1.41508744334804,0.667096831837148,-0.56734325520351,0.0200044979348284,-0.382809816720381,-0.0112438624042916,0.016589645969335,-0.01860775726337,0.0308707055594377,0.403217125167591,0.135690956971883,0.388699831459559,-0.0138652415701396,0.0324291006038161,41.75,0.0
57689.0,-1.64940748364131,-0.309546298078912,1.94737144387134,-1.98966308336375,-0.407091723731458,0.375596122708251,-0.0475898439551256,0.271405119945813,-0.581462339041614,0.978248952965697,1.56754117035482,-0.931651546732319,-1.44725234229506,-0.337464276817687,0.497843173168418,1.09407564590358,0.157551514871006,-1.23444676686854,-0.675315986304821,0.380342172912704,0.250119289053701,1.02429497971389,-0.249793031838481,-0.305058742969868,0.414270257277834,-0.139968176195639,0.337459749161087,0.170394617026961,98.0,0.0
87883.0,-1.36029263351035,-0.45806896998712,-0.700403917726715,2.73722917151503,-1.00510597388675,2.89139936351597,5.80253735302589,-1.93319735249124,-1.01771714252211,1.987861862693,0.504116141204789,-0.863430853145281,-0.184450076491427,-1.01691553500414,-1.55941019827384,1.15431268558106,-2.04385766822656,-0.151698807119589,-0.94351353548825,-1.49340137472525,-0.936989532415364,-0.0538115862306455,0.580105893889531,0.216927302487974,0.151642929701357,-0.33211456915886,-0.469800301881959,-1.495005896766,829.41,1.0
57101.0,1.3491080515199,-1.33790034387351,0.855122716344861,-1.24266574856382,-1.96332885918792,-0.533706601971545,-1.34913532191427,0.0344762369458269,-1.44457796997128,1.39796596050796,-0.207301325308412,-1.35305032876242,-0.68581873825296,-0.200978238353039,1.20582371655301,-0.47499151741295,0.840358469587813,-0.0916362782860218,-0.928281749567349,-0.351672549205421,5.04271800119774E-4,0.293799813192493,0.0464402901169593,0.374127194323199,0.167903498529643,-0.0947518275672657,0.0528330341853988,0.032116166746119,55.0,0.0
63942.0,1.23802982744284,-0.0838919153497338,0.0438374393873072,0.470285845934134,0.0164959385517607,0.270432893026603,-0.152621840849691,0.102226587477455,0.342490710942589,-0.0191650037487636,-0.0745519019234018,0.569007245567747,-0.31080142309487,0.140065628833361,-0.781132173640348,0.274332659093175,-0.619247142833117,0.213656091997279,0.944792482703975,-0.0622949611227769,-0.251243254463175,-0.628245157899027,-0.154345355003847,-0.815906614578549,0.559773483703153,0.323808050502456,-0.0334118721845248,-0.00706191157343471,23.82,0.0
67444.0,1.23862837669006,-1.45005587707399,0.16504284717022,-1.56768306028826,-1.16962159132463,0.22574076673069,-0.998934470857191,0.0934443579794284,-2.03760883339303,1.4909157849824,0.874260369049697,-0.35908475413007,0.371584321211823,-0.0661018504913094,0.294908159948241,-0.141480371220506,0.263720786805727,0.0761948469321873,-0.0016872718394771,-0.0912187963207441,-0.349213076190972,-0.946917022913109,0.0408312077400541,-0.736073404472532,0.0573720378786254,-0.43732444524401,0.0234534212601469,0.0282725076417246,134.0,0.0
68207.0,-13.1926709562391,12.785970638298,-9.90665002092758,3.32033688288942,-4.80117593230105,5.76005855618556,-18.7508891580107,-37.3534426378925,-0.391539743919107,-5.05250236713858,4.40680552357904,-4.61075647740608,-1.90948796970811,-9.07271093398351,-0.226074450896345,-6.21155748212485,-6.24814535335983,-3.14924669470095,0.0515761185277783,-3.49304991519446,27.2028391573154,-8.88701714094871,5.30360690376998,-0.639434802306313,0.263203123457008,-0.108876929971315,1.26956635541013,0.939407362758877,1.0,1.0
74452.0,1.18878227447657,-0.0302537715751666,0.791913888382885,0.931778372894676,-0.906446312619362,-0.865206309722164,-0.170669530333304,-0.0598935973908252,0.668591645583494,-0.180742853156272,-0.537511866106927,0.0372341569554633,-1.14331474406397,0.115562668470598,-0.046301900860624,-0.231453908187046,0.17757977828476,-0.701271243711908,0.102985934928862,-0.186506147020784,-0.28620989104891,-0.721020540161521,0.125296897785039,0.699516808306598,0.255443363107867,0.163692339638511,-0.0226983941959487,0.0189969578182282,11.8,0.0
109297.0,0.745153216872909,2.80929887414381,-5.82540635746786,5.83556642595055,0.512319881201007,-0.615622343185995,-2.91657564356736,0.776710041712962,-1.87883185000296,-4.54693575081085,4.69879549591235,-8.50778570734412,0.718249309268122,-7.62871014660448,-2.24957848303647,-2.55866861696795,-5.30462366328046,-0.956938449028105,-0.585321852047277,0.40283675391689,0.284840710005163,-0.874383479410998,-0.0839950451669313,-0.651441658316508,0.454593823671078,0.0503758982755266,0.756952562644727,0.383868938615243,0.0,1.0
26585.0,-19.8563223334433,12.0958932259299,-22.4640827464876,6.11554110191771,-15.1480215209615,-4.34672408349599,-15.6485074722661,13.2768048056341,-3.97416161954102,-8.85919405880884,5.73081553744459,-8.08803351213651,0.230824969324902,-8.57897327333454,9.46636693186079E-4,-6.94774606726094,-13.4728970076501,-4.94021082886802,1.23014255193802,1.58292955492187,1.75072984045421,-1.40963570908141,-0.809809278333882,0.121396659905885,1.35030007077468,-0.224291873525585,1.59762136835254,0.476919818025438,99.99,1.0
52934.0,1.03663855772541,0.407227280182074,0.75770616494457,3.16182144737059,-0.568122226356034,0.202180695126505,-0.68980405626803,0.41137993906161,0.336769232300548,-0.283731283967387,0.90311745288141,-0.158825775049249,-1.93070901899978,-2.37665364067708,-1.8101724846962,0.935791272330693,1.59150614830401,1.25947071382768,-0.666806394320072,-0.219461074162075,-0.0501076222906236,0.123760575662397,-0.132567901550036,0.350230553629671,0.507701400813083,0.189620904934317,0.0610156660255082,0.0631412801847289,0.76,1.0
56804.0,-0.332609951822014,0.434872321035922,0.834921145864981,-0.931415724418339,-0.685859236907123,-0.767800638561767,-0.107366359457491,0.193215128445883,0.754044901772964,-0.672950745516055,1.2192608328154,0.876949048568485,-0.255906764356023,0.516670901727298,1.3836632528346,-0.550981459747036,-0.230887789998501,1.21865152192351,1.63528261533575,-0.0605384052089773,0.422976860857851,1.40002529238283,0.0786909521345204,0.354543220927853,-1.08928498889554,-0.684882784580492,-0.0802314945582888,-0.0496854670684158,10.6,0.0
100298.0,-22.3418888868038,15.53613332478,-22.8652284959099,7.04337354768731,-14.1831291919342,-0.463144880408286,-28.2151120538009,-14.6077905214735,-9.48145633401495,-20.9491915543611,4.73958247105186,-11.9249546896802,-1.50141102577851,-3.83678146634435,-2.72032883823594,-8.88010567222989,-15.8251362851177,-6.75042522352437,-0.129188144339879,4.10001904830367,-9.11042257588182,4.15889482041313,1.41292844456256,0.38280067392155,0.447153952515532,-0.632816336434319,-4.38015425911661,-0.467862869164174,1.0,1.0
51034.0,1.00066610601231,-0.0691612622879226,0.144424612971158,1.2242956886297,-0.432141724272946,-0.930059565682918,0.355741308993864,-0.240666315388753,0.0350066939536429,-0.0307557144545593,-0.471132029954479,-0.0429731989131896,-0.421022571757559,0.50539710854164,0.984282087413814,0.0875949378431225,-0.398775100783342,-0.0702209021671304,-0.406213617720377,0.0847500889800133,0.0985208349793707,0.0230498310707763,-0.205441857400196,0.386775116169895,0.627013082201198,-0.340069008598026,-0.0129871475177064,0.0413284017735859,130.5,0.0
77444.0,0.619351615028848,-1.7097030962124,0.26479782407665,0.112320686864906,-1.48621273344886,-0.199457808997697,-0.329624280882871,-0.0503248552186543,-0.627378992819848,0.556496134520417,-0.520207449935474,-0.511668336865176,-0.367843809271041,0.217706261126513,1.46553337858238,-1.2924506679957,0.113283527181352,1.11010270349828,-1.60355757744385,0.15642015267746,0.0463286218357293,-0.163467789926662,-0.298291327639825,0.103648017757415,0.101875685177765,0.654980015483269,-0.0579129428581159,0.077282806166459,365.9,0.0
79512.0,1.2087730476552,-0.394545447100025,1.11618436523802,-0.592028773981423,-1.54361704002801,-1.14941599036762,-0.61759846701087,-0.0201125456118801,1.91079391036597,-1.05620004309935,-0.104302918175401,0.474660612502231,-0.965458951982933,0.0485725541341981,1.32445375667961,-0.558669955756597,0.0960463616243638,0.116118656567889,0.361098672079707,-0.196246526457316,0.0130781594338785,0.244196398722263,0.0400702906918449,0.919129070549366,0.401070941140271,-0.71677984093721,0.0889115471561236,0.0389048894556162,1.0,0.0
3436.0,-1.69825239279421,-0.334381078211497,2.94701742414939,0.229637174994688,0.406429497964829,1.99053770109104,-0.590166722407784,0.868196024115581,0.664532054304843,-1.09502544067007,-0.16701388682775,0.625833991129156,0.0686202205068903,-0.745016368495318,0.728692614759866,-0.906588776206844,0.671096696365318,-1.51325216093264,-2.41745614968125,-0.157311431247247,0.383192757683082,1.3094850771502,-0.146319347106885,-0.938411375539955,0.205505284917896,-0.157135639208389,0.0161019561091402,0.186879361418483,68.02,0.0
11131.0,-1.42662331260887,4.14198623236944,-9.80410344235714,6.66627300324451,-4.74952679326515,-2.07312900595144,-10.0899311630826,2.79134529885187,-3.2495156171301,-11.4204509744097,10.8530116481991,-15.969207520809,0.546690084634152,-14.690729133641,0.91233739988339,-12.2271892780267,-18.5873662058916,-6.92076186060174,3.16699890688552,1.41067765264616,1.86567876848945,0.407809281593599,0.605809354312964,-0.769348118123441,-1.7463368287861,0.502039516709683,1.9772583297728,0.711606531209485,1.0,1.0
119769.0,-1.53217529247806,-0.0840887118139861,0.588373769797332,-2.08310602358447,0.47320194954883,-0.676856801773209,-0.155365257914325,0.51103638376383,-1.77667253518467,-1.00375492211107,1.07030530900658,0.100579046492993,0.64925954692671,-1.27671931559573,-1.24843106680864,1.81253497152472,0.859860408991943,-0.348233698374384,0.153849915026933,0.329940497094884,0.278371334294657,0.240627823755945,-0.334205312030286,0.69632062688999,0.787310774625772,-0.227390590384578,-0.114309601625185,-0.104345709998353,44.9,0.0
51359.0,1.07594393643695,-0.281755317167391,1.31383564924095,0.750360877155761,-0.972054985920107,0.370182592526403,-0.816673219600849,0.361064700984437,0.694985096655707,-0.108807501600247,1.32197017190094,1.1346397452482,-0.371616530754978,-0.114345028720377,-0.232852141277121,0.020927407806083,-0.0570678105344974,-0.221146372848644,-0.184786910843952,-0.140197524432625,-7.27682860602308E-4,0.16999671966505,0.0748600005085642,0.265270409627288,0.114152082571341,0.316693252849521,0.0275224066033074,0.0156604307346871,11.5,0.0
57422.0,-1.72621546069782,0.587381228173208,1.73963639032118,1.36084849522743,-1.34857575887899,-0.269532465650712,-0.389821120457297,0.69495389973604,0.244971181904988,-0.509633497638254,-0.914687339889668,0.0764485198601028,-0.631727206952274,0.123024648808924,0.395920226798745,-0.158366840013033,0.381860201300235,0.220557136164472,0.514981081143956,-0.298076144930903,0.0825342345793364,0.30309587202471,-0.0329702032754656,0.71263551725479,-0.345370398736476,-0.433226955176365,-0.351491066478672,-0.400574173814807,51.8,0.0
102114.0,-28.2550528932108,21.4672029942752,-26.8713387797136,11.7374361361796,-17.9996302850189,6.0659013519233,-41.5067960832574,-38.9872627434095,-13.4340663182301,-24.4031849699728,3.40932261990014,-9.60826735632918,-3.07631796817408,0.240060357919937,-2.83667693195872,-6.594756991638,-12.9575309948449,-5.61352195004329,-0.248828402209821,10.4407179813405,-21.4537362781468,8.36198519168435,4.90911112135878,0.0983279449493119,-1.50873912052995,0.00871129047841733,-5.4078236392388,-0.183811044930697,0.0,1.0
96514.0,1.75653710852321,0.378064703629864,-2.62704355567626,1.83866916960619,1.0833751859197,-0.942581311600363,0.731226942576153,-0.371721440135093,1.15819042849311,-0.990005612580142,2.0875498936086,-2.13074300812426,1.10306075638253,-0.248502443398703,-1.65378545993373,0.329915216961967,2.13243046747756,1.32590724614694,-0.415889111195185,-0.0108405521559709,-0.13134097450125,-0.197208756091895,-0.188129163615756,-0.657506350394035,0.400675058218811,-0.536624585722629,-0.0402363916053876,-0.00725755886452784,131.0,0.0
41991.0,-4.56634156694274,3.35345148012501,-4.57202780762531,3.61611930403552,-2.49313810882875,-1.0899997127127,-5.55143306976649,0.44778308394893,-2.42441402571208,-5.69992228265959,3.58682418337431,-6.63622904939297,-1.1281764439465,-7.24554959537009,0.638325536245456,-6.85681003898144,-8.85187850534679,-4.5918832274368,0.936939858866071,-0.249127726683026,2.67446587862872,-0.0208799797343963,-0.302447083877198,-0.0863964000107124,-0.516059779833395,-0.295102234035121,0.195985145691014,0.141115102721758,1.0,1.0
58060.0,-2.63059770314604,5.12575923008793,-6.09225454651378,5.52739306209755,1.60514485494011,-2.31988352953118,-3.20707570564086,-1.48258321071708,-5.07487063178104,-6.77833138248069,5.72525459149638,-6.94917182528041,-3.12779501198771,-11.090424813263,-0.800272569362332,-1.70750085360527,-1.68547301699574,0.274890838662414,-2.02888535240153,0.948863770149954,-0.527474204141788,0.220546094514546,-1.37110989476897,-0.504898994517705,0.382306792598482,0.395527722278956,0.782035950782542,0.62852786395406,1.0,1.0
65824.0,-5.5892363608432,2.26216744726917,-1.06692622720999,1.24724627726124,-3.58076320761155,-0.0633005888997229,-1.88917534999362,3.16913655171559,-0.335560294420505,-0.0268179158927743,0.430369467360828,2.39672375224277,1.38954019720908,1.51485210793411,0.00770259396605938,0.866601193522965,0.76831902453988,0.937142541564779,0.376125031360217,0.19983961244105,0.258219643804389,0.488768398768462,-0.654590899723296,0.627149127825438,0.701557821741524,-0.132535278956298,0.244042967151296,-0.130290605971513,104.4,0.0
37508.0,-0.856533697091738,0.442852780584905,0.535894787059498,-0.0639887931149883,0.809891889850287,-0.875090272188372,0.752082354789664,-0.108850538241984,-0.189406346102725,-0.0587297429506846,-1.45339336260329,-1.01642011895554,-1.09587088380832,0.464929034837945,0.752979354435793,0.171181416164465,-0.539777131456785,0.127657692059064,0.360324622472467,0.0425153112746298,-0.0305389015819597,-0.0657332520845562,0.0116039678238204,-0.462650616210765,-0.145760170736078,0.322157870348428,0.192799929267181,0.246326360418741,33.8,0.0
60233.0,-1.29520030121944,1.71011369923003,-0.168476847767649,1.08856377042373,-1.06787810627332,-0.890599233503099,-0.252280029745733,1.02558550655277,-0.8582643813508,-0.607746281079229,-0.961416628038364,0.241908641407312,-0.0369196607943972,1.23525631428758,0.962038199409553,0.108970273891425,0.29031896679713,0.213904171163095,0.34603592575919,-0.459548415338713,0.266906208078709,0.378564152037817,0.100054134116832,0.390945616901707,-0.108512762626179,-0.344306066500351,-0.509275943396691,-0.217387219860022,38.7,0.0
72099.0,-4.36637811329011,4.592382002378,-2.87717042485161,-0.0490015445372082,-1.1842990738493,-0.889175081624861,-0.598446397436689,1.6701972826395,1.79837949000807,4.34985478829523,0.135989681228268,0.344671902573027,-1.22718194992617,0.942402921418435,0.260542548016628,-0.0144172423411274,-0.122911142650771,0.663355844292716,0.466296699325494,1.59211872473234,-0.188902800846359,0.131524608835859,0.30862641127942,-0.44831605339221,0.144402432466999,-0.337042132848467,1.32670932051092,0.642008767489966,1.79,0.0
59011.0,-2.3269223698887,-3.34843873033788,-3.51340796089061,3.17505971028128,-2.81513703435586,-0.203362788049123,-0.892144430418318,0.333225702638422,-0.8020052289805,-4.35068531246963,3.06424584128211,-2.71873063246571,0.0687877027069899,-5.58687312563725,-0.966076477695954,-2.50204941657576,-4.46049463214891,-0.870525745045081,0.595629103995644,3.20917094389277,1.22664839880046,-0.695902072928095,-1.47849021051453,-0.0615525997443275,0.236155012156618,0.531910616094765,0.302324354380578,0.536375347733134,1389.56,1.0
104493.0,1.87740852044339,-0.195810086735838,-1.78835946191993,0.544460026321241,0.87160441260947,0.190423661728922,0.240453491413047,-0.0601249034834423,1.99978563272817,-0.554074326276874,0.440071635328554,-2.41899546368603,0.313479902480254,2.25257692918371,-0.138080944521301,-1.73823298481438,1.5773620886936,-1.62441463071247,-1.08220156033436,-0.402289161804864,-0.0276647043560693,0.393876974461821,0.0660881848517238,-1.17315149715675,0.131980767928154,-0.110385349021725,-0.0279764467112331,-0.0830493430623506,45.0,0.0
59973.0,-0.855738020897362,1.05667043305772,1.40421411964625,-1.3899876575928,-0.381577753182025,-0.91026047015931,0.433373723417243,0.094835876209776,0.161285380731209,0.11509620297624,1.52113375571098,0.935723255359646,0.196153820272748,-0.0770513176542584,-0.20577732725721,0.728876829120751,-0.905133102976297,-0.0154636049802812,-0.611164076885852,0.288307703387641,-0.0977370650673307,-0.126215377229421,0.00207991806828781,0.576971032126405,-0.199284615811405,0.700671905383185,0.38548122775366,0.178988649203914,0.77,0.0
85577.0,-0.755286738513317,1.51281640431483,0.754963702278902,-0.246409696426793,0.453449267271853,-0.516283228982925,0.771820168513579,-0.0758227679391656,-0.149140221326361,0.0672954785419865,-0.695809742184084,0.344576681491343,1.54752594971787,-0.87595607553263,0.846310970404879,0.527165653839888,-0.388053484155671,-0.0546814735525199,0.156720647573168,0.474783266052851,-0.366497261838696,-0.780802875112637,-0.0972805100138986,-0.492292534483742,0.101883608768681,0.129927550114741,0.463460558449692,0.223494713037921,8.03,0.0
71989.0,-0.50209017419103,0.929758254356782,1.65765683676135,-0.0845498750718997,-0.130467491568708,-0.708015633637849,0.584561768295331,0.0865135676527372,-0.620256643474003,-0.136591835044294,1.42681606986973,0.536078379218308,-0.409025111582978,0.417017789282915,0.169503527197673,0.350915654648859,-0.551189508145937,0.119143967037223,0.227310484682693,0.102224791325457,-0.16041715140694,-0.47324072600084,0.015004338728573,0.506694209428336,-0.258452991406585,0.0420022511786772,0.256411169329971,0.11326114364631,8.92,0.0
33920.0,0.915750212927572,-0.376960236966219,0.700832985190642,0.264161844062879,-0.0331389181738999,1.57499842210473,-0.704455882612646,0.677228123521456,0.151288428994868,-0.125300001521407,2.26888967843884,1.01312349241698,-0.521083326553196,0.513911557526261,1.71850354756022,-0.500413723398958,0.480600862741481,-1.60718961414087,-1.51854309768453,-0.15218757442361,0.0591841907982328,0.155863843364992,0.195167765386505,-1.02336325350433,-0.247365810669612,0.393705252244148,0.0376464550038539,0.0057473796181111,51.0,0.0
96135.0,-1.95293262584861,3.54138524292281,-1.31056140773257,5.95566359407,-1.00399266347247,0.983049267722507,-4.58723460197373,-4.89218360319852,-2.51675203271071,-2.85032390160027,2.02467408050134,-6.48774641306604,2.37646259977422,-2.24151634571345,-0.566869734947616,-3.93685691797738,-6.12719357199364,-2.32855196140235,1.56212955232854,1.96502978343686,-1.99809122812016,1.13370623369264,-0.041460872197789,-0.215378738296157,-0.865598577097396,0.212544577403768,0.532896738259478,0.357891632792824,18.96,1.0
17230.0,-0.469326705102944,1.11145278248281,2.04100272504592,1.73159516277684,0.135146841769907,-0.0936251754891053,0.266155169970928,0.0829882363836626,0.58025540346041,-0.164562674892883,0.500376369958899,-3.0217601822032,0.924213260310925,1.50079377517002,-0.400282644242405,0.706047712602575,0.115114264650572,-0.0467958788933584,-2.54852159198286,-0.358708665630957,0.159387389394564,0.592669568808717,-0.0535961838321624,0.320747502076217,-0.36912075429213,-0.136604684929151,-0.100845186803931,0.03934714768212,3.93,1.0
35385.0,-0.79605032823129,0.169376610371403,1.36679802534049,-1.28695390494827,0.586486274950216,-0.142604713931878,0.332533000506779,0.212619414224332,-0.288319349846842,-0.666026491676505,-0.00588593853113423,-0.289549042846331,-0.817557616756508,0.323130613491209,0.064426707489148,1.17899461702546,-1.24904557198917,0.696384790060411,0.152732569943786,0.0654336023448606,-0.0364458372945074,-0.417834912383648,-0.123368766662622,-0.821815002948864,-0.128157905203439,0.776285566303883,-0.03715819538393,0.0803812153762872,38.15,0.0
58199.0,0.340390790889508,2.01523346310003,-2.77732956104823,3.81202413104427,-0.461729071578821,-1.1520219714746,-2.00195866818811,0.548681056661142,-2.34404166261939,-3.07669858515182,3.55473755027372,-3.96968929955842,-0.932183689489454,-5.87606732124924,-0.0667394504128529,-1.49528077472825,-4.42475717388751,-0.619323237398381,-0.231198386269899,0.326772803133095,0.29976881646527,-0.583282924090166,-0.187696049565752,-0.329255753153177,0.732328138266652,0.0580797142765515,0.55314334331356,0.318832445723953,1.75,1.0
75867.0,1.0778172665428,-0.358810135089493,1.14096278716036,0.629004781717574,-1.09892686908719,-0.0784421412934362,-0.702290780766669,0.193740652097723,0.615892116534665,-0.0307509774730997,1.0154579618192,0.83953319824826,-0.273668193806755,-0.0458877460230439,-0.00985388399588008,0.550214698646457,-0.552727969432178,0.553252065394854,0.0518806025113324,-0.0139520997255994,0.165160144817287,0.494390620737268,-0.0971696642823281,0.397452820531786,0.273533912006293,0.551835433975106,-0.00833978752026069,0.019893657014289,48.3,0.0
117470.0,-1.26054811171372,1.79882616873056,-1.48772251633049,-0.730378423708579,1.71801597435084,-0.798527726129881,1.59195206854331,-0.44403141698617,-0.181659900413052,0.330160793480807,-0.94118509008654,-0.658784958925007,0.0868222775566247,-0.917451857822966,0.46627820874572,-0.102396139799701,0.422351305666223,0.148039796405551,0.338735245790036,0.207395734842273,-0.0274381688009287,0.179283709514982,-0.206833876265912,-0.016039421191053,0.235071866503809,0.636447459836299,-0.00861669422593211,0.421533428167406,13.36,0.0
93824.0,-3.63280894927825,5.43726336227612,-9.13652148062595,10.3072263079132,-5.42183029451154,-2.86481514933136,-10.6340876212042,3.01812657999175,-4.89164032107494,-11.2350479111446,8.78878366710272,-18.5536970096458,-0.339533407676443,-15.6231873302985,-0.188978574214972,-12.4279613630565,-20.1590474539227,-6.88889109280947,2.58609321670737,1.35406479520345,2.30988016889674,0.978660126299279,-0.0961301444473713,0.432376722544823,-0.435627929953396,0.65089278643537,1.69360750804844,0.857685371687245,8.54,1.0
92214.0,2.00737852242252,0.391925931664328,-1.26210742925217,1.69856437186054,0.303566899929033,-1.41720423554486,0.609735254160381,-0.580304863867273,1.38806462355146,-0.119311000456,0.382085574275387,-1.81366968325267,1.77647055150009,1.89513744846455,-1.38561282298596,-0.854850455613014,0.675859293866702,-0.493073975729482,-0.517751535656233,-0.318331023444827,-0.0721008344607835,0.279481808156693,0.0479520847602081,0.417244519992335,0.408872982723388,-0.561136369773691,-0.0413190007233315,-0.0622415282594857,10.6,0.0
27784.0,0.288028928428076,0.965681439446855,-1.45949519977085,1.92186300234526,-1.91241402974899,-1.13028190025527,-2.81426265960526,0.648663224885543,-0.695262639845074,-3.46568908576121,2.35161910622909,-3.82670531942496,-0.767569849115369,-4.8528669146236,1.66486300420352,-2.61736133003734,-4.83555830647772,-1.92175160139324,-0.385884175181753,0.330916894188196,0.603127128021142,0.380690182113136,-0.0641251755885565,0.271380100640141,0.33721953478356,0.626155869423677,0.565124825956713,0.305925255390835,23.36,1.0
26931.0,-22.5616992591298,13.2089042844176,-24.6438187771226,6.23253182330679,-16.905611362323,-4.49743871970001,-16.8101841919321,14.9551067734604,-3.87129682308601,-8.58126551626339,5.25698760960799,-7.39361499215009,0.538800829120431,-7.57755201800709,-0.030725531904052,-6.45478323655342,-12.8456565242928,-4.86591773720169,1.06244185030067,1.62144422472126,1.76598663639159,-1.6355166467436,-0.998316503452087,0.138972227361725,1.55935014018173,-0.22212451669,1.5044246600224,0.445919826109776,99.99,1.0
92102.0,-1.66293711018596,3.25389242362715,-7.0404847120185,2.26645647990886,-4.17764891282786,-0.746924828187599,-0.248336733243902,1.09115651568673,-0.307137450847617,-5.56794705115052,2.71273940377591,-5.94840312668093,2.14472605490538,-4.21175592358692,-0.137195538810617,-2.63940913979839,-2.53235540606601,-0.667067027160165,0.626059293435215,-0.842178336511866,0.450381285220709,0.521161529635377,0.308325446158517,-0.318011840652356,-1.25536156975299,-0.691963403718384,0.264878381232973,-0.130444804408444,600.73,1.0
41361.0,-2.10714792738811,-2.31627523968051,1.41998027797743,-0.683788408137313,2.70099881658743,-2.112977718674,-0.967231832288621,-0.00101548931086973,0.430031543148966,-0.405117531669889,-1.43956702303647,-0.664610843863054,-0.519594691731002,0.00208238528682997,0.82140931029538,0.742673704503001,-1.00976098080984,0.151113370938226,-0.165796013278149,0.708151854803759,0.0982875530423089,-0.465116241344601,0.419818933663408,-0.570370802895242,-0.435000581956635,0.715002354748658,-0.228693858505887,-0.0402688621540611,38.42,0.0
8090.0,-1.78322883722709,3.40279371307631,-3.82274226552205,2.62536815276644,-1.97641541136284,-2.73168901231308,-3.43055914949085,1.41320351399318,-0.776941494554916,-6.19988176274188,4.36671348631445,-8.24326243368313,0.345761165232579,-6.59055029705192,0.265576095932165,-3.02845238846152,-4.21448627485607,-1.21360784773725,-0.265421595374812,0.364089115014408,0.454031931736316,-0.577525824201459,0.0459665375362652,0.461700017592254,0.044146161217817,0.305704433918549,0.530980986346765,0.243745598122111,1.0,1.0
47923.0,0.364376991240021,1.44352346510311,-2.2209073739296,2.03698508634993,-1.23705503097364,-1.72816100636381,-2.05858236489925,0.358895084111675,-1.39330570864802,-3.50579032571994,2.81431415481622,-3.34217599575955,-0.150269366634614,-4.82032224395007,1.10260955786246,-3.15703267184314,-4.40585022452865,-2.55882785118576,-0.208809536741974,0.310979602822284,0.402729680639885,-0.132128891527171,-0.0329771760409112,0.460860836846427,0.560403798330262,0.409366102366135,0.539668285308506,0.296918378210685,0.76,1.0
28692.0,-29.2003285905744,16.1557014298057,-30.0137124857248,6.47673117996833,-21.2258096535165,-4.90299739658728,-19.791248405247,19.1683273897301,-3.61724178604255,-7.87012194292549,4.06625507293473,-5.66149242261771,1.29295014454242,-5.07984568135779,-0.126522740416921,-5.24447151974264,-11.2749725851252,-4.67843652929376,0.650807370688892,1.71586182428358,1.8093709332884,-2.17581520342142,-1.3651041075509,0.174286359566544,2.10386807204715,-0.209943999130567,1.27868097084218,0.372392714338541,99.99,1.0
86855.0,-0.522756845054539,0.526379478510663,-0.148002627950139,-0.97907013136502,1.46505154917142,0.931848584742188,0.608147746662815,0.318415697867708,-0.117896107162879,-0.138845149287277,0.866948844910682,0.883996105330538,0.0468693941993019,0.261658362105167,-0.262653667597684,-0.593901480724718,-0.0892848378774047,-1.40931807879601,-0.588673395106517,-0.232129560099748,-0.173708429970611,-0.20711743886305,0.276582184608894,-1.63925141160195,-0.615823654941582,0.238814127785495,0.0804801007894285,0.0261310692207777,2.28,0.0
85285.0,-6.71340697159693,3.92110415204576,-9.74667821737542,5.14826254938013,-5.15156271985187,-2.09938865681113,-5.93776683170198,3.57877960420447,-4.6849517505833,-8.53775768653457,6.34897930341209,-8.68160893168352,0.251179384774619,-11.6080022570993,-0.351568782034355,-5.36356643348466,-11.9390915052116,-3.58360287020043,0.897402406121681,0.135711322729059,0.954272201927517,-0.45108644858101,0.127214424071711,-0.339449869297565,0.394095513633807,1.07529509891805,1.6499059092424,-0.394905372194808,252.92,1.0
61371.0,-0.939125036175804,1.87330216176634,1.01619110809575,3.00911646695299,-0.272860081609338,0.361212809447178,-0.280639182723284,1.08026932842521,-2.05735192439447,0.693905943690525,0.200804288616146,0.171060844113148,-0.202692833381452,0.872302855424502,-0.693813333999145,1.70330705122757,-0.89985463323019,0.61187474425081,-1.0934391097756,-0.384777592925707,0.128909590210623,-0.111381531543832,0.125985579321943,-0.0809277780943152,-0.49031384505897,-0.24741634829953,-0.33401400263062,-0.0871838324330839,10.18,0.0
65936.0,-3.5934760029271,0.78144226309285,-1.82244751422669,0.605760683474701,-1.19465586719981,-0.517194856719497,-1.72252312325165,0.128889523769538,0.0149633080909052,-2.85611682977408,1.61826162043188,-3.58137450130299,0.623706919914784,-6.16045662030601,0.494733399107095,-2.54310504010287,-5.30127339068683,-2.19271270602319,-0.09472379272847,-0.478219313417121,0.351792125839819,0.391248950287018,-0.252874890557857,-0.498042480147132,0.0101721931231225,0.909928721553306,-1.47876724603751,0.722673039450917,101.5,1.0
34165.0,-0.340651540602379,1.09357716703604,1.28399839556137,0.0675120187062851,-0.0199608825366272,-0.998181872740764,0.673189596078449,-0.0419584039213222,-0.3116769562008,-0.494955527450168,-0.3046992216502,-0.371350802631212,-0.432363266368792,-0.319865781651499,0.954080407256574,0.408004436926334,0.0401613732367546,-0.0716153504384929,-0.0874639704482039,0.0773020321621321,-0.270379988912912,-0.734086668052937,-0.0094706019629156,0.319269134199127,-0.179516096934744,0.0737120826993066,0.242244943220861,0.0970739302313092,2.69,0.0
73768.0,-2.35935481035866,1.48928673558321,0.876035710674248,1.71763208940492,-1.50077162567131,0.451802671438665,-0.849770860751139,1.12982176067525,1.40265067193835,0.619313943370499,-1.1625353227584,0.7672577788478,-0.833979710592035,-0.400959328430939,-1.30130064375701,-1.4870131106419,1.55237768849669,-1.12661132163815,0.986750349401028,0.0461867828289395,-0.337724691021655,-0.584436763057166,0.097282730777506,0.389045463276202,-0.158555058048285,-0.470158923124458,-0.0961127882959881,0.241606929592002,24.96,0.0
52629.0,1.3352241355696,-1.52152190149057,1.39109364147599,-0.827603761903522,-2.0019372175646,0.593079510784604,-1.68605012063682,0.222996513711324,-0.574665403905541,0.936750306997284,-1.0782728862805,0.354559361838966,1.15419275939419,-1.66827335595412,-2.0347199295958,-1.65611056150727,1.63425389730708,-1.06847261772403,0.198134909221399,-0.306585152073964,-0.416667681750246,-0.316260822537185,0.0623909312758227,0.120953808293094,0.316912281070163,-0.18679331879568,0.116601059486726,0.0310396947432045,32.0,0.0
53727.0,-1.64927881611351,1.26397355628777,-1.05082567399718,2.23799063903423,-2.52788923751396,-0.889939993137591,-2.35525367110661,0.85465864123984,-1.28124261677782,-2.70501138232752,1.17447506014201,-4.38191956749248,-1.22666589816604,-2.95382425341893,1.99416119386347,-3.30425391022094,-5.58579436647491,-1.64370403169872,2.11863332532912,0.0874063699474628,0.679176431149171,0.731907051356776,0.333045475501739,0.392505235969248,-0.274197297543759,0.802348667525187,0.390808552793314,0.11214553148245,112.45,1.0
41544.0,-3.22809944752782,2.22005621219854,-0.408533763565077,1.96567372364489,-1.26447866145266,1.28776954042724,-4.52144768212616,-7.70246003037793,-1.10268167144305,-1.36127318334576,0.618582945710476,2.29112416936776,-0.258622179831885,1.82228612548279,-0.545945717341687,0.0188066262439926,0.997096619295882,0.381179629352606,1.54020215517471,0.966059297799087,-3.16122404951832,1.03582018683214,1.48693529327539,0.465335626861395,-1.53448856113588,-0.681049025068827,0.0351016465633846,0.0884714538612584,1.0,0.0
102114.0,-28.2550528932108,21.4672029942752,-26.8713387797136,11.7374361361796,-17.9996302850189,6.0659013519233,-41.5067960832574,-38.9872627434095,-13.4340663182301,-24.4031849699728,3.40932261990014,-9.60826735632918,-3.07631796817408,0.240060357919937,-2.83667693195872,-6.594756991638,-12.9575309948449,-5.61352195004329,-0.248828402209821,10.4407179813405,-21.4537362781468,8.36198519168435,4.90911112135878,0.0983279449493119,-1.50873912052995,0.00871129047841733,-5.4078236392388,-0.183811044930697,0.0,1.0
71049.0,-0.784246674609294,0.857091067032506,1.83841299340999,1.08391522839425,-0.448074400960314,-0.0344612534063869,0.416803465540745,-0.0683760623828372,0.182974155984207,-0.0446513950970555,-0.667091918789382,0.891655939989798,1.50583912714053,-0.731895513387621,0.0299020309650557,-0.543617642569813,-0.0612544025804252,0.0545791253436151,0.543495001402166,0.117699744218111,0.186851627969413,0.988572046808431,-0.152491903373998,0.4758940414469,-0.183994669107795,-0.229321651484801,0.254938753241587,0.229901318787446,59.74,0.0
7891.0,-1.58550536691994,3.26158454822833,-4.13742198305023,2.35709625199132,-1.40504331370135,-1.87943719306477,-3.51368687087654,1.51560674568816,-1.20716636120056,-6.23456133227108,5.45074606689486,-7.33371406736393,1.36119332407831,-6.60806825219469,-0.481069424899829,-2.60247787045261,-4.83511205239717,-0.553026089102902,0.351948943356815,0.315957258937511,0.501543149467536,-0.54686881157389,-0.0765836358993043,-0.425550366841581,0.123644186352002,0.321984539336613,0.264028160503965,0.132816719764592,1.0,1.0
77202.0,-0.356326154090313,1.43530513012275,-0.813563965472736,1.99311717679272,2.0558775401316,-0.54357866590526,0.487691066602944,0.0854488054265826,-0.536351998021526,-2.23120932812687,0.273983570211148,-0.535839387011391,0.595677221650834,-5.14182349291966,0.732366764261792,0.623912780633594,4.09098324669186,1.63408402811385,0.26084733041578,0.303261648412104,-0.312862941766726,-0.687873797330169,-0.267002508610821,-1.15848006325515,0.271459963711122,-0.155397186179697,0.114328416432227,0.101525594435204,1.0,1.0
63092.0,1.40784813764646,-1.24447237088064,0.528648905142494,-1.55406364245883,-1.44809239444585,0.0409315829157163,-1.33780037269254,0.205215113588942,-1.77393724299993,1.57242059895008,0.963930215657462,-0.909376284732896,-0.890941796292561,0.102192880671601,0.483308043461006,-0.122005710795329,0.412661740965731,0.24190759468145,-0.180143104173379,-0.389621800912741,-0.31743388191199,-0.665585322217482,0.158826727940501,-0.39074314482134,0.0200516697113602,-0.374847270866675,0.0432607357284884,0.0127767063243027,29.0,0.0
71033.0,-3.17081841545902,0.185734554774403,-3.39985157931162,3.76115529034876,-2.14804702797609,-1.59894442520531,-2.51956531805231,1.31621501070214,-2.40010611621824,-4.99341703829647,4.44719176626515,-5.29376010254684,-1.41957829927441,-6.42527621352443,0.914083034195792,-3.51519716625381,-6.34745330751181,-0.90351216582405,1.19160626766329,1.93225372509724,1.09205113380931,-0.0410804286307278,0.904395217733676,0.180015601586537,0.0499703397242655,-0.257099837784436,0.859281566487016,0.225924185725605,426.4,1.0
91502.0,0.0073790751145725,2.36518252886777,-2.60028738169342,1.11160176466249,3.2764413263667,-1.7761407852846,2.11453088108345,-0.830084106599812,0.900489974281822,-3.37617706712688,2.05681205985716,-3.9842567303491,1.02196791340796,-5.96790496861639,-1.15160831490592,1.67973960141233,5.58611468683053,2.78913115591619,-2.24107485298106,-0.00638849728163087,-0.563944162060269,-0.902099515410175,-0.404382448597275,-0.0129439005065412,0.589836154947909,-0.734449052212668,-0.447529183217452,-0.362374775122343,1.0,1.0
88110.0,1.98675266744231,0.135855451891678,-1.71971719004559,1.20749796033975,0.633532552627783,-0.632683217332123,0.549956107602729,-0.254797899839069,-0.0375104301774529,0.421957192704814,0.433611046318229,0.907746998887376,-0.283137679212721,0.71227743092721,-1.19423755564405,-0.44593956886495,-0.496751445809481,-0.0563343292413136,0.185978466236363,-0.256423639301652,0.0870510268485616,0.420634719510821,-0.0650429702694798,-0.389236723364953,0.467760201838692,-0.487801825118472,-0.0210367550660022,-0.0735239584308688,20.06,0.0
51687.0,-1.95248795568039,-0.983257880438833,0.959059505614758,-2.40514011621969,-1.25874792433327,0.0127627456940134,-0.187136822496055,-1.75742626761306,-1.88217828330154,0.985078557644153,-1.55246186566863,-2.10906200774229,-0.942989530891455,-0.234578614800143,0.427465718087072,0.384280937166752,0.1026932520888,0.286417823258051,-0.333238789869367,-1.13825225353733,0.774995126340646,-1.78740090382631,-0.232516768851825,-0.521074731663004,0.287728031049009,-0.445101714586891,0.814413656180447,-0.0743132317806126,319.99,0.0
41285.0,-12.8357595817777,6.57461542943546,-12.7884624825347,8.7862568391843,-10.7231209172666,-2.81353585641993,-14.2488465310891,7.96052082227957,-7.71875064933864,-13.0740681657723,5.97513066688423,-12.375374654316,1.47220511856229,-11.4706925061593,0.993143253686908,-10.9738046181506,-21.047629901985,-7.99078328442082,3.33103902941017,-0.617296150458597,2.67949007049737,-0.0473351062766089,-0.836982346024597,0.625349328179101,0.125864937720446,0.177623612238763,-0.817680255865793,-0.521029795905738,37.32,1.0
54693.0,-1.18557362160981,0.795765926901898,1.63454760095025,-0.813924997775047,-1.22270401656579,0.0824577040639705,-0.648612275338661,-2.3467066483884,-1.65244455277942,0.761928935964507,1.20576944261158,-0.0693303013602872,-0.677877095583365,0.492653766855286,0.716643911644703,-1.45089016910574,0.393769141879415,1.71805058713719,0.610320549752487,-0.885918642676241,1.87902562024799,-1.48482433129983,0.188410978994277,0.509428366760842,-0.147933846983987,1.08064401957707,0.177699685497584,0.0491071465131785,59.85,0.0
3067.0,0.268243598973375,-1.85808168738408,0.628406116433622,0.55697749609612,-1.66174048287421,-0.272535441571297,-7.08980624995167E-4,-0.116693573685687,0.94791936784344,-0.634288650998578,-0.541713195100418,0.779014564227921,0.724470570126224,-0.451068792397828,0.295469251445896,0.199762452356431,-0.0923343552748636,-0.359711315636285,0.0711370117064921,0.973295585430215,0.186092886299401,-0.359646143021675,-0.379081232083533,0.514973243987123,-0.0489602440649683,0.935535487245672,-0.12324070158922,0.10323677234973,500.0,0.0
43835.0,-0.363137943363405,0.869867007549739,1.41664711070369,0.307438759050075,0.574531878236461,0.197245851896949,0.469312592573624,0.0770927245165344,-0.680999095299398,-0.333022867616375,-0.813268226108492,-0.188078658403493,0.478247601744727,0.188737294793414,1.69292034099338,-0.243326730372685,-0.0583822117390039,-0.419833184811009,0.994764335492865,0.129577616369614,-0.187127147352483,-0.527429453898629,-0.117623559730025,-0.761354056126131,-0.283964837017794,0.297038092906441,0.0947334144939355,0.104382303891404,1.98,0.0
76876.0,-1.29835900258265,1.07967115744319,-0.180677930886891,1.28783908383189,1.85827347944352,-2.22369500209375,0.525166986044906,-0.0968743110676978,-0.168893374133313,-2.544410418956,0.706999574201444,-0.835695915134352,-1.02211731659325,-4.99399178918475,-0.455706843211384,1.31536513941655,3.63919954823548,1.62342609471098,-1.53933883157799,-0.18757199362802,-0.332983053581271,-0.851270427572191,-0.370799798865314,0.29824168728035,0.442929877216587,-0.522832450531743,1.04856507220322E-4,0.135698346061769,1.0,1.0
37924.0,-0.918863802057164,0.429352467424634,2.08774911980779,-0.119909895391209,0.838531127459839,1.72196327950794,-0.059102143930518,0.812481628567861,-0.451440267796079,-0.680173019890978,1.96171492106583,1.00823180577369,-0.145234642460594,0.244112189415169,0.957122033744359,-0.365042565395849,0.0556516739080534,-1.2366484612781,-2.39713632408177,-0.215300024262043,0.275653494086298,0.794213785445486,0.0617561239011611,-1.04738030050667,-0.595797864897029,-0.540917691355157,0.205389702262482,0.127253672726215,15.0,0.0
94625.0,1.70785693746472,0.0248807914815549,-0.488140038578959,3.78754815533943,1.13945148482475,2.91467262159314,-0.743357877946301,0.699135879021363,1.0084706473096,0.912806096143303,0.7653541419638,-2.04386838674929,1.00154733873148,1.32288725448265,-2.72007696175136,-0.153429555378718,0.752610596119435,-0.755785824269169,-1.91256263382671,-0.368014254987192,0.0108651916304298,0.548257831746395,0.0912182952145324,-1.00795946020642,-0.0821828177765288,0.179709188704528,0.0077377190320074,-0.0688413102470406,33.76,1.0
53883.0,-0.413878714185224,0.162824881476879,-0.42564692086483,-2.21359982230855,1.85694312735303,3.48823585961286,-0.0463856909386625,0.793355650306324,-1.36152004676479,-0.240336122370164,-0.081515142436961,-1.13857438749711,-0.070816019059735,-1.34601878534916,0.0444704543322016,1.31995551297641,0.818207719775791,-0.619769429647743,1.23825777546269,0.271961121563276,-0.0297036132007471,-0.276477449730163,-0.155856568437861,0.927476164270129,0.105590984305877,-0.344523014801522,0.0142945206873602,0.116921263333372,79.64,0.0
115691.0,-1.55027271502021,1.08868850191044,-2.39338766218981,1.00873271714408,-1.0875618874048,-1.10460238189499,-2.67050327670088,0.147654676391109,-0.978625549290056,-3.51413330486723,3.58604242366444,-4.05335784837839,0.862426024955809,-5.76582302154173,-0.507511029549388,-4.92186514350783,-9.56726769048681,-2.77297411117016,1.71709526842855,0.327490457262181,0.802316031461701,1.03710478869922,0.0958154204904633,-0.320190913384423,-0.0807306312824349,0.0910116872058309,0.0249284934943241,-0.0778199786198624,17.06,1.0
8886.0,-2.53585211738111,5.79364414692454,-7.61846283574893,6.39582974649419,-0.0652101046678037,-3.13637196409103,-3.10455736262141,1.82323263760971,-3.87865758023391,-7.29780335001461,7.07166913682445,-10.001046368327,-0.207934540884304,-10.8606980453666,-1.69082504118249,-2.36085672411086,-2.76009701528795,0.29810341564323,-1.38555780172735,0.408704184487524,0.716719907055995,-0.448059938458541,-0.402406878680357,-0.288835222564699,1.01175223958707,0.425964621387216,0.413139555823146,0.308204656968305,1.0,1.0
15817.0,-4.64189285087538,2.90208643306647,-1.57293870931742,2.507298518227,-0.871782564349351,-1.0409025722626,-1.59390073966645,-3.25490508581579,1.90896268593707,1.07741752106048,3.33850216040272,-6.54261034532574,1.09953638182128,-3.26647554459315,1.01472790444294,-4.84238307827835,-5.269876299726,-2.34466857415508,1.95922405409272,-0.465679220344122,1.96359666634146,-0.217413915973245,-0.54933995583883,0.645545202036521,-0.354557818794591,-0.611763845006479,-3.90808047547799,-0.671248265147117,11.39,1.0
102676.0,-5.55212217135236,5.67813391258695,-9.77552798040134,8.41629539413803,-4.40984381923171,-1.50623535484733,-6.89983879692634,3.75044289681131,-3.8797925578861,-6.86416435989436,7.05106508958574,-10.1375291936462,2.81543981456255,-9.90916805374299,-0.262229551498562,-5.02255717747726,-8.52297487191683,-2.01293906157489,1.52573244095261,-0.0647801372282915,1.12847223060537,0.228484046768752,0.286257667302864,-0.536294098099933,-0.104924889157331,0.420919229293903,-0.297556884880609,-0.946184387308798,119.74,1.0
43990.0,1.09279366373832,-0.0182216065651072,1.35839618146151,2.73220658481855,-0.713506041025959,0.872197814973713,-0.800804457543774,0.441620637810608,0.407201847645764,0.589461659274094,-0.161546961401724,0.258505897692111,-1.37272292480264,-0.304111532354449,-2.02917316057366,0.379322709784056,-0.296466440803204,0.442252413546055,-0.144617102101274,-0.244841795579224,0.036810928308796,0.374383726835878,-0.166820463338635,0.025671017441902,0.589783539663928,0.219926041865285,0.0365191162972217,0.010836473048886,0.0,0.0
120705.0,2.03661924272352,-0.93788637610361,-0.64650408790986,-0.471347515697137,-0.95317685138107,-0.400962243689739,-0.8471679859059,0.0243739198108948,0.30089127618063,0.623579227325662,-1.09574467089313,-0.603354147583784,-0.934755974552038,0.324928447966872,1.3892108137609,-1.16105269684473,-0.378760007128361,1.46573269757437,-0.986351338101164,-0.617026888378924,-0.502593026012377,-1.09279429701962,0.47341337987191,0.523481402060893,-0.556153774187052,-1.00054188005866,0.0574975870894713,-0.0118170058416913,47.45,0.0
4111.0,-1.31388717397484,0.331859218374971,0.299059719044209,-0.82364407269857,3.52322685058359,2.99999644003758,-0.0397352061460978,0.776845265702647,0.594761113078518,-0.894791170677817,0.571211261381413,-2.78927086336782,1.45827367325461,1.80035750484465,-0.163477806077773,0.483175856048413,-0.409302694499539,0.659507335228752,-0.672774554561553,-0.0162400867288394,-0.097425256433712,-0.362874610927197,-0.377750454819612,0.936242942638435,0.842675528323812,-0.446941874767811,-0.154809911812883,0.145294902486679,6.99,0.0
21419.0,-17.4677100117887,10.1148157246654,-24.2021422329158,11.8054692105913,-10.1980458075926,-2.5799380080012,-17.6567879964837,2.25690247596699,-6.24214930949065,-12.8306571996417,9.44266526535108,-13.5474858999444,0.960728558325579,-13.0287170264518,-0.426674498701321,-7.65266166506753,-11.4853277896478,-4.72136957553102,0.550519004149565,1.00151850195952,-2.32802441621057,0.940830319350178,1.29681706144136,-1.05510390359967,0.11179202805362,0.679694612203418,2.09354057112569,-1.42549145377361,1.0,1.0
56609.0,0.944307489603254,-1.13297970726716,0.381853492843119,0.435773367560128,-0.993407640343735,0.474284075264794,-0.635011117900782,0.140796600351368,-0.59934332947597,0.790640605531118,-0.0737842902662891,0.195979811479394,-0.0597048934759,0.0106101156224514,-0.254623196321706,-0.955961557565738,-0.597313843685474,2.29146671205661,-0.556498079312487,-0.142929511106847,-0.137239426713447,-0.23936785161842,-0.334768297710173,-0.545348465705024,0.525725456063474,-0.205448363422246,0.0340817263435261,0.0476849787221987,200.0,0.0
109071.0,-2.38341567424746,3.25510640482771,-1.93379679469791,-0.548775506051521,0.10148015628072,0.695319982942348,-1.4564200947558,-10.2494675771742,1.29507991500497,-0.192235180919838,0.235586730250871,-1.35756262507598,1.91943159145879,2.53432693912014,-0.981894682190006,-1.11856648743835,1.50974243890729,-0.30043117763359,-0.0534991515812384,-2.20266999165929,9.20884118056827,-2.44850924604759,0.153633828659231,-0.141041803648718,2.02263665423559,0.702645948207828,0.536942709551594,0.202672911927015,126.0,0.0
102671.0,-4.99175779387947,5.2133398229232,-9.11132629809104,8.43198635177602,-3.4355156720863,-1.8275651016855,-7.11430284412379,3.43120663145462,-3.87564287029742,-6.86850850672582,7.15062516950116,-10.2629840447185,2.73308493575221,-10.1275247811671,-0.262783621001749,-5.19027103814098,-8.6557110398096,-2.02444347438745,1.5604792800844,0.0981321924634143,1.18942283937597,0.247858476295777,0.294448330047117,-0.548503502162266,-0.174616566570794,0.406702503092405,-0.40233927269736,-0.882885795448957,0.0,1.0
113174.0,2.03389265141529,-0.0865016282182197,-1.40553132928575,0.0844201228221558,0.212214118913634,-0.638512589550229,0.0539281717285817,-0.14337119932199,0.509703782948372,0.073875149492829,0.987714163074814,0.925239702653624,-0.182668342424138,0.703864598438285,0.21110867930109,-0.080154069052595,-0.770083097382722,0.604868212590607,0.0829992067585141,-0.226896857475238,0.318621475346349,1.02236542776807,0.0106545886518084,0.784042407185128,0.309045106751133,-0.475069975717622,-0.00107387921629101,-0.0567481247314009,1.0,0.0
121084.0,-0.953890142641432,0.28898190084361,2.41671345090781,0.447424647043054,0.373975086561417,1.25991770397665,0.318159266959524,-0.0393499458921026,0.182860013516408,0.3978785604262,0.143452931841318,0.0225847894210883,0.633334463900509,-0.645567359263053,1.29364449982498,0.783215822737173,-1.47767813539768,1.6758263442599,0.729073019683552,0.365774535104625,0.126428155245757,0.862989131427857,-0.594542897227839,-1.14974149434958,0.417136684153475,-0.304405785129672,0.00975606830447856,-0.340801141844653,100.0,0.0
40660.0,1.16853798744048,-0.311459044800839,0.280105933459192,0.362611650643948,-0.656466265704955,-0.573394918987568,-0.0819703944365665,-0.183174174991673,-1.53937973208116,0.919900078844911,1.29546939644288,1.15671654997759,1.22516468029209,0.285584401154754,-0.0345615120047629,-1.27811138272107,-0.471869492353171,1.41473807640701,-0.792201723865993,-0.322168413024163,-0.372914579413792,-0.746690571240896,-0.0134126276758917,0.304503587171007,0.431990091961096,-0.509682329414333,0.0267161227908351,0.0324323474526298,79.53,0.0
34684.0,-2.43923696855219,2.59145816263611,-2.84012564998452,1.28624391005241,-1.7770161908324,-1.4361387710222,-2.20605624197635,-2.28272485775905,-0.292885036315821,-3.71744992918956,3.90739912775712,-7.22000368560677,-1.21173934568755,-9.6576265944335,0.927517899548728,-4.73866234284944,-9.27663556929158,-3.08196108095709,0.17774563450317,0.513529864634298,1.77446009213068,-0.771389807551225,0.0657267026225069,0.103915744896627,-0.0575779255552146,0.24265246086543,-0.268649222026483,-0.743712586038479,125.3,1.0
25095.0,1.19239598990768,1.33897371069007,-0.678876186687009,3.1236723071222,0.643244863589275,-1.18432299431215,0.397585526006899,-0.253498538261658,0.41113497684127,-0.859862301810301,1.124059382453,-3.76387384832398,0.367975966769142,-0.971757538368114,-0.0138825132357776,1.45757852763076,2.61145033447876,1.2919552295122,-1.56381522671193,-0.185454650142832,-0.377503243008699,-0.889596747960403,-0.0742075893964193,0.0354455164139561,0.550577974200231,-0.0271712789934873,-0.0249206212266212,0.0736053986634045,3.12,1.0
85285.0,-7.03030814445441,3.42199090467553,-9.52507177254752,5.27089100906596,-4.02463027558805,-2.86568161775739,-6.98919473439446,3.79155093755913,-4.62273033596451,-8.40966487562735,6.30904400603177,-8.57676143258937,0.246746716929862,-11.5340460181508,-0.3642651387587,-5.45249465771382,-11.8875700201872,-3.56358481007011,0.876018768156628,0.545698040621445,1.10339774484256,-0.541854751589521,0.0369432219896495,-0.355519004066217,0.353634382097,1.04245799282131,1.35951563156376,-0.272188101257294,0.0,1.0
110547.0,-1.53281036094493,2.23275183861699,-5.92310007493809,3.38670841159996,-0.15344334000728,-1.41974768064009,-3.8785763388613,1.44465586239817,-1.46554214173397,-5.20833459337633,4.54630106888309,-7.76119403219115,1.15954032168956,-5.23161145654992,-0.171642119460071,-4.71982949844975,-4.84799196061678,-1.13432874514983,3.52773827223549,0.520839865969216,0.632504705856676,-0.070837950713368,-0.490291315112446,-0.359983126080465,0.0506775325943162,1.09567132878655,0.471741401676933,-0.106667140739625,0.76,1.0
38365.0,-1.13759376451081,-0.0557518088418788,2.17029826337019,0.46546928723079,-0.368199895713659,1.33547326909996,0.682399695185021,0.54221639444929,0.506898288955133,-1.1269027000484,-0.129143000366992,0.689578326708778,-1.40239304441727,-0.499096780869375,-2.96565378690155,-0.574306509526957,0.161137754926575,-0.480154091455156,-0.097844822663504,0.103178604238729,-0.216996223092661,-0.634139227761206,0.225924868033851,-0.361956539702479,0.206494464635116,-0.666856500551568,0.0720919796201164,0.100442363590175,176.05,0.0
68207.0,-13.1926709562391,12.785970638298,-9.90665002092758,3.32033688288942,-4.80117593230105,5.76005855618556,-18.7508891580107,-37.3534426378925,-0.391539743919107,-5.05250236713858,4.40680552357904,-4.61075647740608,-1.90948796970811,-9.07271093398351,-0.226074450896345,-6.21155748212485,-6.24814535335983,-3.14924669470095,0.0515761185277783,-3.49304991519446,27.2028391573154,-8.88701714094871,5.30360690376998,-0.639434802306313,0.263203123457008,-0.108876929971315,1.26956635541013,0.939407362758877,1.0,1.0
40919.0,-2.74048250153169,3.65809481979987,-4.11063552027473,5.34024166876747,-2.66677476000958,-0.0927818149405728,-4.38869880914515,-0.280132705503576,-2.82189458229917,-4.46628416302479,3.96979981229186,-7.34671678644283,-1.16331176961366,-8.22556891234807,0.82500183194645,-6.77286703365235,-8.81578542555918,-4.56885928410549,1.12659865645629,0.185325269832133,2.41749541196206,-0.0977119508973041,0.382154506973307,-0.154756519767143,-0.40395592644091,0.277894930235294,0.830061638644528,0.218690442242457,112.33,1.0
76867.0,1.08256623409747,1.09486151295003,-1.36702004784737,2.01255429562949,0.708142047645968,-0.807712094137058,0.151952109111841,0.158352530916403,0.00987228422733163,-1.92527812380296,2.60593702345612,-0.309218873424363,-1.76754891562268,-4.42919458671376,-0.171939794624445,1.05551393649543,3.9705869371836,1.76224857169611,-0.880812102847679,-0.135789404251701,-0.32528376499397,-0.734343617700577,-0.106725343342181,-0.224999064492694,0.569167327221417,-0.33503264926341,0.0891401408869493,0.11233722000597,1.0,1.0
73414.0,1.02406254545984,-0.131027478372587,1.36252981996289,1.80245727396543,-0.79073227654164,0.44461719550797,-0.433696382604142,0.200664702427766,1.07072815713657,-0.455584147522557,-0.63964046301628,1.63935175999413,0.71120902455461,-0.924491579522119,-1.83858376958736,-1.28773350463347,0.834357964440908,-1.58316371936019,0.0392225233709704,-0.118051246406727,-0.371750173870252,-0.584131432623603,0.0971724586684811,0.436847978694657,0.410927139521868,-0.535223692574217,0.0952032885417892,0.0372994406356753,27.99,0.0
60297.0,-1.00021374237547,0.940131674488075,1.26726604521258,0.243245696308414,-0.490955302982415,-0.70726742325313,0.248650324103185,0.489214525327685,-0.0435753712500287,-0.676479466886104,-1.19105962158589,-0.360957113238868,-1.31003440082957,0.383933015290101,-0.320255666386855,-0.2377152456334,0.299054330766914,-0.332118918418625,0.385179335183376,-0.0272274384263435,-0.138330889843782,-0.398388395958484,-0.0437405138453573,0.387500052779559,-0.0282270911516191,0.243814170870054,0.181518442111056,0.0913891102282901,24.32,0.0
109297.0,0.745153216872909,2.80929887414381,-5.82540635746786,5.83556642595055,0.512319881201007,-0.615622343185995,-2.91657564356736,0.776710041712962,-1.87883185000296,-4.54693575081085,4.69879549591235,-8.50778570734412,0.718249309268122,-7.62871014660448,-2.24957848303647,-2.55866861696795,-5.30462366328046,-0.956938449028105,-0.585321852047277,0.40283675391689,0.284840710005163,-0.874383479410998,-0.0839950451669313,-0.651441658316508,0.454593823671078,0.0503758982755266,0.756952562644727,0.383868938615243,0.0,1.0
42599.0,-2.05312650000692,0.871800188941315,0.681249970821595,0.41965332954351,-0.425768838847652,-0.901448992011247,-0.331875691778736,0.805184538640061,0.0772086241269086,-0.435818808138921,-1.14910692342237,0.733700430186721,0.440743341224273,0.117210585625256,-0.702989913603461,-0.269005645951664,0.372699370605396,-0.38264868824904,0.348410131759604,-0.223269711764594,-0.027968669978793,0.311374452020086,0.266112973155711,0.46415359215114,0.0619383586342525,0.380258322675869,0.212631353466704,0.0514166229434666,2.94,0.0
59406.0,-2.29158551867999,-1.09540912104642,1.42819754743141,0.210357366669141,1.71507189182417,0.547236297255653,-0.183325821806959,0.661887478088579,0.646518583565234,-1.60887099230106,0.186312796450456,0.455301006654597,-0.843040349829139,-1.45190786211312,-0.529714456558017,-0.8223660965793,1.5754192771699,-1.79379907597881,-3.37917434842123,-0.231878672540026,0.210817199067318,0.654797155901385,0.239899683374986,-0.738481175393017,-0.170734898744476,-0.547208468298058,-0.0154074930267493,0.440835246297667,115.27,0.0
36338.0,-2.4861739944602,-2.00163875819346,2.28918329082281,-0.581277616451964,0.810760743859541,0.0117363373114231,-0.233417844694293,0.162864195730709,0.725351239326809,-0.696377164423455,0.672591469889013,0.649330976309344,-0.591058725429354,-0.627981369694297,-1.07037414070897,0.0493918234466256,-0.266387290977915,-0.346719379068061,0.0832811293451142,-0.0179149855301866,-0.193231223489928,-0.314368681777776,-0.109834228235788,-0.209824463337371,0.0939445486091921,0.865324702031188,-0.169281969136301,-0.0943507531285457,221.65,0.0
41164.0,-5.93277795485543,4.57174320411303,-9.42724692838332,6.57705643811276,-6.11521812544893,-3.66179789602346,-10.8940785545016,3.70921000751656,-5.85952387304171,-12.981619145004,8.26529460055417,-14.1541653609607,0.479842781966758,-16.3375959447735,1.64604527960375,-12.3753974432385,-21.090612716108,-7.7245457358645,3.85637474254372,1.19107830456005,2.01427156558263,-0.167416617986259,0.0499675298711021,0.384429719031746,-0.0778835668224832,0.56549290579318,1.79201191700266,0.371007021212136,5.3,1.0
15817.0,-4.64189285087538,2.90208643306647,-1.57293870931742,2.507298518227,-0.871782564349351,-1.0409025722626,-1.59390073966645,-3.25490508581579,1.90896268593707,1.07741752106048,3.33850216040272,-6.54261034532574,1.09953638182128,-3.26647554459315,1.01472790444294,-4.84238307827835,-5.269876299726,-2.34466857415508,1.95922405409272,-0.465679220344122,1.96359666634146,-0.217413915973245,-0.54933995583883,0.645545202036521,-0.354557818794591,-0.611763845006479,-3.90808047547799,-0.671248265147117,11.39,1.0
83576.0,1.08480576915015,0.159984558184092,0.511831951769896,1.33183287049506,-0.162024364347682,0.0359010180750833,0.019024135332131,0.0866703246494163,-0.0569705764119936,0.0243282438851524,1.42751658767568,1.54339651202864,0.232448837144514,0.181575687861064,-0.861587484410903,-0.607823377724449,0.0602972235930844,-0.606840356012591,-0.162374749289375,-0.131361202014245,-0.0238745054190818,0.127978700881431,-0.0660439398535005,0.246021218556626,0.617495890101397,-0.345171976493424,0.037337573048196,0.0108976670571632,20.22,0.0
30852.0,-2.83098405592803,0.885657038258755,1.19993009832405,2.86129223993172,0.321668777779154,0.289966026429405,1.7677604489638,-2.45104966190813,0.0697358066743391,3.24508640095346,0.675287853392807,-0.677096334427304,-0.222741128141729,-0.913786970583513,1.60333192308268,-1.0245020918608,0.0220452070437295,-0.940684674142594,0.484758940230455,-1.01692314354721,0.546589339675499,0.334970736976198,0.172105676221893,0.623590288019672,-0.527114316331261,-0.079214654387473,-2.53244529803097,0.311176714703215,104.81,1.0
45463.0,-1.47689343619361,2.12231379246165,-1.22946956041319,1.20184879823143,-0.343264387787516,-1.31770390932283,-1.52814215893659,-0.620953383361586,-1.21304032250238,-2.97526724837752,3.53221960237349,-3.68263987014104,-1.15477748628793,-5.16522922685485,-0.240091425455286,-2.40492728839102,-5.67173864053893,-0.99429395124741,-0.289935891439032,0.276893466308702,1.18603560532412,-0.0402148700651311,-0.238930086824211,0.110144325976026,0.0454183699836296,-0.56923231725429,0.481018701576887,-0.0475554426964208,1.0,1.0
78155.0,-0.916871077968693,0.590334240671292,1.03987346692963,0.179891211320674,-1.00178593282171,-0.492242167503963,0.795038187380338,0.270198032100877,-0.572864380100846,-0.854271317778226,-0.674283496676492,0.145063294513288,0.51918684323753,0.312711993064911,0.832458870159276,0.397969803442867,-0.352916655639957,0.264316171297403,-0.278003838713719,0.264383925617388,0.422340936994727,0.815992539059321,0.310201057451628,0.415340869793836,-0.319040607672598,0.370481351977834,-0.0595989480849562,0.110036700039448,189.45,0.0
51768.0,1.44688412054429,-0.263870841262709,-0.192447564886891,-0.660946006258903,-0.598712232548195,-1.38796423893554,-0.00165400550863422,-0.430534877492825,-1.20721796382848,0.675218230461633,-0.17189689450395,-0.42631780278339,0.481757887891084,0.0427674792361344,0.383974197188045,0.711576225115389,0.385058783307569,-1.64339322956463,0.634491561735288,0.0912476337461435,0.194922344788396,0.511845516295917,-0.170092401906721,0.44533426625932,0.805624908878853,-0.0864039160551236,-0.0267951119221807,0.00298190073722961,15.0,0.0
62713.0,0.892379225088458,-1.23444788866929,0.362582243468086,-0.315525595886226,-1.57397674902909,-1.29866932274348,-0.160538424087251,-0.32996604838729,-0.846481436992812,0.518379677046937,0.218676854983211,-0.438178439023967,0.075121311936406,-0.0499920631343398,0.719955523837866,0.983835452153267,0.45880330249755,-1.49921358094026,0.236940112518385,0.558781272985845,0.331913315873437,0.312003698686159,-0.198972967367054,0.948729264314344,0.332874505851304,-0.266988833282165,-0.0426094135577498,0.0645377019024498,260.96,0.0
94362.0,-26.4577446501446,16.497471901867,-30.1773174564996,8.90415677106517,-17.8925996927224,-1.22790388102871,-31.1973285494605,-11.43892041491,-9.46257260540015,-22.1870885620007,4.41999660154863,-10.5923050053728,-0.703795803703315,-3.92620731586873,-2.40024649210124,-6.80988994039049,-12.4623149481086,-5.50105078380738,-0.567939572890149,2.81224110932946,-8.75569832116533,3.46089334478551,0.896537503959012,0.254835536763482,-0.738096558530353,-0.966564233789852,-7.26348214633855,-1.32488430656137,1.0,1.0
102572.0,-28.7092292541793,22.0577289904909,-27.8558111336212,11.8450129100508,-18.9838125824286,6.47411462748849,-43.5572415712451,-41.0442609210741,-13.3201546920984,-24.5882624372475,3.48195180343701,-9.12834128617468,-3.00825547830858,0.796579962453559,-2.1022985205307,-5.66036644069929,-13.0327849564566,-5.39234917412895,-0.901040817847599,11.0590042933942,-22.7976039055519,8.31627543891357,5.46622995370963,0.0238542303884927,-1.52714472319428,-0.145225187134896,-5.68233823990698,-0.439133675051458,0.01,1.0
86889.0,-1.87184138900927,2.60121234826975,-1.91948920558467,0.922446855174812,0.59580964936656,-0.465929907802744,0.55039324792788,0.902963108442306,-0.89104632803138,-0.0871931461793057,0.856819618576452,0.900560798409505,0.183841649504939,-0.399901888054133,-0.898050259138229,-0.300923242869294,1.42661213947577,0.797494375138281,0.765572927288688,0.0565811751361441,0.103400036172023,0.496357560416255,-0.0867013547571314,0.595942029862495,0.170489104214586,-0.462273025933137,-0.122016350149539,-0.00938023085864769,26.65,0.0
55279.0,-5.75385192191905,0.577609830544052,-6.31278151817008,5.15940136394611,-1.69831984974091,-2.68328644007023,-7.93438913772177,2.37354992013064,-3.07307886895315,-7.14513662527302,6.25006758982915,-9.15082268467043,-1.37614146959781,-9.98258470738767,1.2022169675584,-7.56504249195105,-13.691474448179,-4.36686728138342,2.18142273556017,0.0175000205275833,1.17785240817647,0.175331359039045,-1.21112332108691,-0.446891081681294,-0.405520352964176,-0.165797490498776,1.50551591304239,0.359492050360598,1.0,1.0
86376.0,-0.670238130057305,0.94520635153406,0.610050626297701,2.64006508673377,-2.70777462644103,1.95261056051566,-1.62460819938343,-5.22990786160988,0.21020202822781,-2.06990438955593,-0.529805728295342,0.999716276092526,-0.0861120244186652,-1.50855714024168,-0.450669492347937,-0.328387382736473,2.27027117814029,0.709666017682026,0.913175997078955,1.4749287568126,-2.50445018690737,1.43647237841825,0.351542386126581,0.648466904268149,0.579681417358758,0.0757375933335965,0.346717084034013,0.282208626038179,323.77,1.0
70573.0,-2.04622396566986,1.38410399621412,1.09207113662702,-0.353358841286264,0.575989023226373,-0.603514474354079,1.35196234645054,-0.79845489252179,1.71411646001561,2.52301006960598,0.428917376615452,-0.767537425638212,-0.795803400417008,-1.66950480613705,1.53416350216452,-0.324649135087234,-0.210559637664201,-0.733048258260787,-0.531044172741714,0.723144832551927,-0.815943475548567,-0.571512066129787,0.186206940512065,-0.0180938718788399,-0.00370849611168234,-0.021381860349595,-0.198676210654068,-0.97818651156853,11.99,0.0
44154.0,1.0964750347546,-0.869351582927029,0.717230999637192,-1.26192164298704,-1.50204332330463,-0.934531131706443,-0.581767488414161,-0.0539359504409602,2.09516127180399,-1.24493914816845,-0.494454912908336,0.437499336844522,-0.55150880498757,-0.0799953431468043,1.4535913839882,-0.441466600501832,-0.0295412006436814,0.316280167776884,0.694012750835775,0.0616260244777108,0.166179761990061,0.520216799377225,-0.185146762456301,0.445473716369114,0.457003829775891,0.00655645184507023,0.0323274525892148,0.0389740167153361,94.87,0.0
94362.0,-26.4577446501446,16.497471901867,-30.1773174564996,8.90415677106517,-17.8925996927224,-1.22790388102871,-31.1973285494605,-11.43892041491,-9.46257260540015,-22.1870885620007,4.41999660154863,-10.5923050053728,-0.703795803703315,-3.92620731586873,-2.40024649210124,-6.80988994039049,-12.4623149481086,-5.50105078380738,-0.567939572890149,2.81224110932946,-8.75569832116533,3.46089334478551,0.896537503959012,0.254835536763482,-0.738096558530353,-0.966564233789852,-7.26348214633855,-1.32488430656137,1.0,1.0
88672.0,-3.85988078691481,2.63288131193679,-5.2642653095088,3.44611314661501,-0.675231056544998,-1.90495945391597,-3.2910408690196,-0.985766040904484,-1.16811416733417,-3.93629417027159,4.25656448730292,-6.60065448140166,0.00562637646602147,-9.9585309187018,2.47135790380837,-5.7001414199952,-6.38809273753128,-1.83815930102503,2.99317350708135,-0.178626358366056,1.66411901528299,0.785075271950043,0.0684124857414983,0.778960915978384,-0.863165919910699,-0.00680961441649656,-1.06573404007904,1.77332644564776,1.18,1.0
8886.0,-2.53585211738111,5.79364414692454,-7.61846283574893,6.39582974649419,-0.0652101046678037,-3.13637196409103,-3.10455736262141,1.82323263760971,-3.87865758023391,-7.29780335001461,7.07166913682445,-10.001046368327,-0.207934540884304,-10.8606980453666,-1.69082504118249,-2.36085672411086,-2.76009701528795,0.29810341564323,-1.38555780172735,0.408704184487524,0.716719907055995,-0.448059938458541,-0.402406878680357,-0.288835222564699,1.01175223958707,0.425964621387216,0.413139555823146,0.308204656968305,1.0,1.0
65358.0,1.1939160689293,-0.571085006532232,0.742522413618004,-0.0145876823031251,-0.624560898094263,0.832161659907577,-0.833350424512102,0.272896998506182,1.16942539891152,-0.371671945168217,-0.245676823310174,1.37594135044076,0.870456831276252,-0.819319364809584,-1.55090356200859,0.125852995600752,-0.397245548944671,0.272377065433488,1.22602219788409,0.062908129152134,-0.0495024276847497,0.207265101065706,-0.265271877292053,-0.67929377017329,0.511811527633814,1.24660443744052,-0.0286711040907993,-0.00611200759772271,31.91,1.0
75033.0,-0.430330205681344,0.985632693552081,0.645789437298841,0.317131047127407,0.616332206255463,-1.34746245720975,1.0782335690849,-0.161518267508932,-0.492855874580938,-1.03963769713185,-0.39560772252726,-0.664683930228673,-0.985700496668287,-0.660967626671015,0.344105202877093,0.530852433867815,0.278141865207384,0.355529916892446,-1.08122326117298,-0.115281935429531,-0.0163780179250957,-0.207609058231514,-0.164119225784612,0.255280162145255,0.454797817761532,-0.505032215885219,-0.0394559687978208,-0.00635758223393408,30.14,1.0
82289.0,-1.46489654758402,1.97552752738073,-1.07714453940265,2.81919063998449,0.069850228405671,-0.789043629709432,-1.19610144945515,0.673654375004339,-1.36372387646135,-2.9328952580311,0.301368829965399,-3.24614143685335,-0.465640147552938,-5.42936187944371,-1.30498291640657,-0.953623442669269,-2.72734300093373,-0.63643691865914,-0.927124072666602,0.048968800272123,0.174099465690177,-0.272505290211891,-0.0315494503920774,-0.406165929676999,0.157768979757404,-0.104392920359594,0.0737955599806211,-0.0415702518454821,1.0,1.0
51155.0,-11.2054613927303,7.91463349246877,-13.9877516388388,4.33334117975523,-8.48496952268505,-3.50656117309394,-8.93524303241605,7.70444915069923,-2.33658417970129,-5.92735916911943,2.47040101557896,-5.7885170305197,-0.391939257057427,-6.52746224116063,0.899859362283244,-3.84729284231041,-6.70063744821132,-2.49261610727828,0.469554313978012,0.860911741764656,0.942593331002491,-0.987848114682141,-0.279446305433771,-0.0272992246723051,0.644344195524188,-0.263077923082484,1.08402252771111,0.211933356664813,99.99,1.0
41273.0,-11.6822148930584,6.33288209288301,-13.2971092469499,7.69077191542072,-10.8898905208867,-2.79236003834138,-12.5617825809497,7.28712220991134,-7.57032240879292,-12.8357376825339,5.80470785195987,-12.15623949431,1.18498466280471,-10.4686770874209,-0.41674319706657,-10.999792348619,-22.6088681905866,-9.49874592104677,2.10273540686125,-1.00931993766307,2.13345628394787,-1.27150896701449,-0.0353038871622371,0.615053695038953,0.349023768265454,-0.428922796793546,-0.694935387398427,-0.818970428930229,173.07,1.0
81372.0,-0.88525408859895,1.79064923163963,-0.945148961205205,3.85343274655953,-1.54351007486649,0.188582114329739,-2.98838275644296,1.34405855095688,-2.29453470924744,-1.88617599041763,1.90428359307622,-4.00241403073237,-0.936955588407958,-2.80191542309724,0.798328052783254,-2.34873992555213,-6.42673430721498,-0.827308425201024,1.73238175785046,0.370040520565647,0.746159905151139,0.550802011985416,-0.0348823420887786,-0.56760840448119,-0.528317952733951,0.258782456503747,0.506892694941992,0.176735548819463,7.57,1.0
109857.0,-0.099112810219513,1.19738990891339,0.140704451222524,-0.288413248004885,0.977040920839154,-0.49099528662371,1.04203080583888,-0.440743003099511,1.6159665991396,-0.225932461752618,0.124309284348028,-2.65775993770955,1.73105381689183,1.56548753499971,0.249903093070008,-0.806138826258066,0.285228265263094,0.541319827525532,0.236309062653123,0.228835631831512,0.124196756985684,1.11132603906611,-0.24457924406082,0.57300241072375,-0.370522926579566,-0.489857715151326,0.413015586755606,0.122491498511237,1.0,0.0
26899.0,-21.8854339051741,12.9305051249875,-24.098871851647,6.20331419234722,-16.4660991227874,-4.45984212550286,-16.519835984614,14.5355647151916,-3.89702188761405,-8.6507583293562,5.3754339072439,-7.56721354069937,0.461807829323489,-7.82789139878016,-0.0228148529460228,-6.57804150255676,-13.0024594617382,-4.88446723880536,1.10435473489394,1.6119982189969,1.76223176917351,-1.57905510076487,-0.951042744820554,0.13456529188962,1.50711039768212,-0.222670856855594,1.52765527810284,0.453698638993223,99.99,1.0
93879.0,-13.0865194204794,7.35214833905529,-18.256576111808,10.6485054461688,-11.7314764509112,-3.65916740569145,-14.8736579646075,8.81047267511276,-5.4182040716445,-13.2025771482197,6.35722736343626,-15.5316111795156,0.659694875353275,-11.4123295951252,-2.44757607431839,-9.83374302098841,-18.1746174349071,-7.269904593126,0.623796611777714,-1.37629840858733,2.7611570593153,-0.266161809571132,-0.412860724865388,0.519952215674181,-0.743908960008006,-0.167808225140728,-2.498300252188,-0.711066151912636,30.31,1.0
84789.0,-1.43086372778891,-0.802528699267131,1.12332029999445,0.389760264731692,-0.281213534404278,-0.055123492429819,1.32623248909333,0.195699815379613,-0.546889550453909,-0.71347376073502,1.27462907751277,0.0236821347785728,-1.52169610821701,0.727242085814848,0.166504662441577,0.348037591565135,-0.5663900830288,0.216016101767291,-1.14037564250718,0.634184289933654,0.325575470468413,0.0140018451191784,0.844946015847872,0.114962884542335,0.156364810543393,-0.619437446641754,-0.120351072821334,0.0355941733717493,354.33,1.0
100498.0,-2.1929650018759,-1.80769385447366E-4,1.8478193112141,1.17917050869581,0.952058546938767,-0.206081925147683,0.309578290516893,-0.113313396199459,-0.194605423668425,0.353805914161966,1.79379031545154,-2.05666310614894,2.29915158168296,1.1493180780163,-2.05764613812183,1.19179844993503,-0.116350943093681,-0.19726954496559,-0.892177073654294,-0.269349143607287,-0.276076175654909,-0.377150906577046,-0.917827056696317,0.134215390729254,-0.118369358501812,2.12256276588167,-0.572500956777844,-0.874883728154782,69.85,0.0
40840.0,-1.09990200748947,0.825347361378493,1.21742494726454,0.99370923891046,-0.507875286506608,0.194035480086927,0.631169208919316,0.578908572438053,-1.17478007302633,-0.463087440423245,1.32578591840241,0.426837630492904,-0.659776614355537,0.973915592951856,0.690919636284323,-0.204293216313072,0.10286492960378,0.344919421745141,0.202418743731321,0.164324450503269,0.369406382279013,0.672439490144047,0.117210052690466,0.212175762873501,0.127727293139998,-0.202929188872241,-0.0472632933755213,0.03762019764361,144.0,0.0
59385.0,-7.62692409246447,-6.97642000754641,-2.07791115073952,3.41675415987856,4.45875840248762,-5.08040779918275,-6.57894786782983,1.76034141396682,-0.599508728352202,-4.00174208524931,2.61176184321338,-2.21069105518154,0.145323220628924,-5.28167813117348,-1.44622731547596,-2.34217826208892,-4.44208205885268,-0.812202197039381,0.254771833248553,2.87526030369363,1.22479498325958,-0.656639147267532,-0.330810728527997,-0.0789460153087798,0.270305924800976,0.431119110160139,0.821381426988655,-1.05608777393768,18.98,1.0
41991.0,-4.56634156694274,3.35345148012501,-4.57202780762531,3.61611930403552,-2.49313810882875,-1.0899997127127,-5.55143306976649,0.44778308394893,-2.42441402571208,-5.69992228265959,3.58682418337431,-6.63622904939297,-1.1281764439465,-7.24554959537009,0.638325536245456,-6.85681003898144,-8.85187850534679,-4.5918832274368,0.936939858866071,-0.249127726683026,2.67446587862872,-0.0208799797343963,-0.302447083877198,-0.0863964000107124,-0.516059779833395,-0.295102234035121,0.195985145691014,0.141115102721758,1.0,1.0
48487.0,1.09792260918128,0.224114427414544,0.264533229807925,0.906543603594744,0.192555885215848,0.313221384171023,0.00176355644390777,0.163740184153244,-0.356207189831389,0.07749149325861,1.83663428914116,1.2977395747261,0.336317372319376,0.553019225291436,0.675830644529826,-0.366180823171003,-0.139942773672255,-0.617551903650122,-0.811207944088641,-0.150028131583157,0.145778674472784,0.504248070631514,-0.0641192494428407,-0.261398077177017,0.522469157186269,-0.289028621396982,0.0445249641769545,0.00587638480660379,12.88,0.0
11629.0,-3.89119195123086,7.09891625215749,-11.4264670967961,8.60755678650129,-2.06570621026229,-2.98528802203595,-8.13858941693861,2.97392807853452,-6.27279046836547,-13.1934150665232,11.6197234753825,-17.6316063138707,-0.355194389515515,-18.8220867423816,-1.2831290856146,-10.0310966568698,-15.2270075099256,-5.32200898058982,-0.501750653452579,1.38261899967275,1.75708522742867,-0.18970915318715,-0.508629244173448,-1.18930816877394,1.18853649934791,0.605241885913626,1.8815287524148,0.875260407222375,1.0,1.0
47923.0,0.364376991240021,1.44352346510311,-2.2209073739296,2.03698508634993,-1.23705503097364,-1.72816100636381,-2.05858236489925,0.358895084111675,-1.39330570864802,-3.50579032571994,2.81431415481622,-3.34217599575955,-0.150269366634614,-4.82032224395007,1.10260955786246,-3.15703267184314,-4.40585022452865,-2.55882785118576,-0.208809536741974,0.310979602822284,0.402729680639885,-0.132128891527171,-0.0329771760409112,0.460860836846427,0.560403798330262,0.409366102366135,0.539668285308506,0.296918378210685,0.76,1.0
94952.0,0.842025258809961,-0.365518405631879,-2.46406333105633,4.82088596439253,0.775505434320733,-0.614784604613805,1.36802439952459,-0.526261741999926,-0.121356446796038,-0.357616193093852,0.637766685379952,-2.81888227036892,2.36059541417279,-1.10869894034456,-1.44995109474769,1.57373987380152,2.20265154365361,0.800471466568041,-2.10358290329291,0.944915098074741,-0.110621878759425,-1.25780002613606,-0.324418362936717,-0.420020001036393,-0.219501077925226,-0.268872635957687,-0.144582319033867,0.104464060190998,571.48,1.0
118660.0,-1.16884584180387,0.268061207852609,1.00766436095168,-0.709694858382569,0.77133404182753,0.217312518946875,0.831124919015738,0.229558890036096,-0.0401530471010945,-1.64896648104168,0.468046504532821,0.520613878689811,-0.46606219029625,-1.5186798181084,-2.38303639292887,0.0448347545306633,0.646769048513664,0.661363079630878,-0.29832493467335,0.185419838736954,0.270474597939426,0.7779673922825,-0.429699346406826,0.707222353277685,1.12843292387479,0.839437775589853,-0.0628208908870177,0.063191271456026,100.0,0.0
60438.0,-1.16185507490228,1.26491981066976,1.82895105395831,-0.715456574527986,0.14455062339088,-1.10426774846718,1.3327841287297,-1.75627688905321,0.99037563148956,1.35988260756182,0.295583647586717,-0.252206138790567,-0.435352900585302,-0.875003176655161,0.461576065886326,-0.13639287960398,-0.828248276038782,-0.555622199057445,-1.03769413048623,0.444115876034751,0.4849283194018,-0.0553865350313142,-0.0407624845230816,0.917693900206059,-0.330423403421955,0.0857840833355892,0.0167007386773531,-0.445575806384205,20.0,0.0
40576.0,-3.58580319951084,-1.74961969456925,2.58420645120693,5.18732828582542,0.461967750969084,0.442061066538709,-0.024241047678791,-0.0080497244464774,-0.897153564494877,2.43147052364304,1.11649024370633,-0.370832658054717,-0.421171755229195,-0.51789753595264,0.680996137111993,0.404257472169382,-0.240789299486068,0.947147727344342,1.37939587761137,-0.594946891607705,-0.303938658201976,0.936804577843792,1.42824181232562,0.538077215202534,0.393491952204524,0.455063983088657,-0.347133858810546,-0.281331855730644,119.89,0.0
81141.0,-1.37588197700692,0.296532680280404,1.32996849553578,-0.905334841913765,0.744435448333069,-1.48963698842165,0.650666005041048,-0.100483695180424,-0.688305416304895,-0.277580986062232,1.5498352105746,0.858465385066814,-0.0409909161286365,0.407505689095982,-0.423335806035472,0.373045144260508,-0.61836123430353,-0.518919209181061,0.0193902588587605,-0.00123425629269428,-0.348450575258097,-1.06144504950391,-0.0088297893152951,0.551125238807007,-0.279839075814134,0.460589535392601,0.149059056119443,0.143707158056031,37.99,0.0
76407.0,1.33284931179458,0.389198249184276,-2.16559660467804,-0.306872623831362,2.6413512514436,2.80808376427436,-0.171626636099457,0.683351733616692,-0.29796200128389,-0.652096600406493,0.418002664896219,-0.322436923729675,-0.143469154599387,-1.15452429586619,1.157633713505,0.878174917750572,0.536917519702814,0.712873012618197,0.00677355522536129,0.0536071193018422,-0.207432404472897,-0.692416684181818,-0.118597511644349,0.891479667860564,0.730240364330148,0.384013445762976,-0.0284652724675567,0.0361233094119335,0.76,0.0
45833.0,1.0956257130468,-0.553524049674707,1.2237726153084,0.424673385195533,-1.37976049515078,-0.180409140909671,-0.862052394479291,0.28966416334959,1.3675581699275,-0.347371443858933,-0.537043891923488,-0.531080583066645,-2.23881009120019,0.0620481580009776,0.752036676182495,-0.132076223347782,0.421553308704077,-0.613490585241578,-0.314472438074585,-0.21498745260903,-0.0720315376868585,-0.138171843437095,0.12688741205124,0.416079543976315,-0.0375908909219661,0.773180446062357,-0.0183750162318286,0.0190680148792449,31.09,0.0
18159.0,-1.49503567464737,-0.409945082569361,1.05317137472755,2.0147201439953,-1.58958089747348,2.19013328080315,1.38829248967421,0.553223207905428,1.40961595351277,-1.66766618591959,-1.04606947483477,-1.80210370249226,2.31964160229291,0.860930165148769,-2.15643879462627,-1.22219508078168,1.66018862810421,-0.340674591307097,1.27481731024002,1.01071819779497,-0.154609086157762,-0.701072788674835,1.15512296442438,-0.870608115283235,-0.0439714317208921,-0.440204484483771,-0.0897880756332089,0.116713801655945,525.6,0.0
32049.0,0.606961739686319,-1.47132156828405,0.54849108131374,-0.699233912593474,-1.19759796126769,0.517980275950261,-0.620719398910499,0.405641676112682,1.77949695231718,-1.06941881118456,1.42939129066341,0.811406734045727,-1.55236277450782,0.42170061090283,1.28086116557683,-0.750988106912901,0.249213195081072,0.172688432873782,-0.0375976288697344,0.266138968006943,0.387688197975154,0.761217287450324,-0.298732738712586,-0.276126052671802,0.300780590807299,-0.512059922395491,0.0650439628895822,0.0585992752082924,264.6,0.0
75581.0,-2.86636370525907,2.34694943137396,-4.05330668845935,3.98335888025187,-3.46318571327039,-1.28095301603103,-4.47476383461874,1.21665528478137,-2.30982869782019,-5.51550707258062,3.04839203447565,-7.12825076846601,0.00595580092517457,-7.49518733635876,-0.25108802193356,-7.5680148993231,-12.2236328477344,-4.89517519350497,2.52496746940249,0.270013154062001,1.04973156228305,0.475840283409025,0.404480059350581,0.282029789710327,-0.506901095688855,-0.371741093052833,0.615256964379468,0.803162841917988,124.53,1.0
69260.0,0.852909430720702,-1.08450655401157,0.536088743520259,0.168048495136877,-0.850184717310196,0.612011527221049,-0.529359423011719,0.227355745747682,1.32408797649953,-0.567940373225917,-1.4176011622148,0.0862094357243723,-0.441612922004119,-0.41844813160567,0.0972194722128191,-0.116246653554075,0.157549207110824,-0.705005432730331,0.365028465518743,0.274255104176965,-0.15067167753358,-0.600969610737346,-0.15785333375791,-0.698288381539079,0.0844769772870305,1.00575475216337,-0.0585837592880574,0.0348282258546178,202.01,0.0
110547.0,-1.53281036094493,2.23275183861699,-5.92310007493809,3.38670841159996,-0.15344334000728,-1.41974768064009,-3.8785763388613,1.44465586239817,-1.46554214173397,-5.20833459337633,4.54630106888309,-7.76119403219115,1.15954032168956,-5.23161145654992,-0.171642119460071,-4.71982949844975,-4.84799196061678,-1.13432874514983,3.52773827223549,0.520839865969216,0.632504705856676,-0.070837950713368,-0.490291315112446,-0.359983126080465,0.0506775325943162,1.09567132878655,0.471741401676933,-0.106667140739625,0.76,1.0
75921.0,-0.225892919882031,1.24452180877638,0.500559598133878,0.870228566255414,0.0202695580983814,-0.551992118564008,0.332778140628462,0.288936457760957,-0.679221600398721,-0.363681255426045,-1.09975903247766,-0.0261614357642647,0.326259060145732,0.564685882527199,1.00341654669296,1.13939734989957E-4,-0.242901358567617,0.275030533316668,0.545686165577288,-0.127354361869394,0.136103980463039,0.33369639426543,-0.13960237636147,-0.137987021565766,-0.0604424928630609,-0.294852462400661,-0.0412061072980133,-0.0238429283377081,2.69,0.0
12095.0,-4.72771265581559,3.04446910225824,-5.59835426695611,5.92819080241929,-2.19076972938784,-1.52932296564747,-4.48742195988547,0.916391814103266,-1.3070104231933,-4.13889121357616,5.14940878300581,-11.1240186070579,0.543067765541171,-7.84094220494304,0.743633944785042,-6.77706923974191,-9.93176515376766,-4.09302112201074,1.50492485905709,-0.207759445103882,0.650988236282379,0.254983288954681,0.628843468802127,-0.23812845429317,-0.671332331960485,-0.0335900627800998,-1.33177732223058,0.705697590023144,30.39,1.0
51112.0,-9.84877583247984,7.36554648639464,-12.8985382309124,4.27332307326376,-7.61199101126967,-3.4270452374345,-8.35080815251842,6.86360392236365,-2.3875673251028,-6.06578236274727,2.70785640511515,-6.13603446645473,-0.545976095807375,-7.02898027290706,0.916068574603162,-4.09288449351717,-7.01462170672071,-2.5309672589153,0.554027499068527,0.832398066019608,0.931958309450931,-0.87446736131737,-0.192639469446569,-0.0354260265633338,0.538665050436448,-0.263933516556866,1.13409509350836,0.225973163975667,99.99,1.0
91284.0,1.6530107417494,-0.655863432803034,-0.395624901769701,1.45682268587291,-0.522091472680666,0.137830899787825,-0.593559516940471,0.0956161501901647,2.16127963917718,-0.00974861322341167,1.16407652860179,-2.45352521678776,0.304195388387722,1.9391276524234,-0.407045123499917,0.772273394710006,-0.308430957431314,1.36351570511856,-0.634784002654043,-0.070696207121591,0.17765157468355,0.486279662001677,-0.0170184392213401,-0.575114088053128,-0.207405572994036,-0.600660775824204,-0.00816328281438303,-0.0285113299759651,153.0,0.0
40892.0,-2.14051149219032,4.10487145129475,-8.99685940156949,4.02839095079544,-5.13135934640223,-4.15356844523859,-9.36009513383968,1.92207487977653,-4.02618037499445,-13.6913151328525,9.09528815249629,-14.1681208819376,-0.140455389751523,-17.6206343516773,1.48274041096936,-13.2568330912778,-21.675483501012,-7.82346881553754,2.9951111673215,1.72557761649372,1.85426666080646,-0.165533725878965,-0.339938978813788,0.296313762529247,1.36422533027428,-0.518995630979066,2.35233346525926,1.13062483533989,0.76,1.0
93709.0,-0.81172264511516,1.01572840346468,3.29177179306414,3.61547326232478,0.332892356328523,0.910867150734497,0.223305740596227,0.0325061437908218,-0.0506595262642135,0.483222156715279,-0.186803518333905,-3.10445994578612,2.10508528250607,0.810727221567321,-0.473144490218817,0.867007236650686,0.00389907443796927,0.52190220957864,-0.961033752778752,0.226811789177611,-0.0891210828700315,0.0212054808840555,-0.161757822490672,-0.111716210886996,0.0952274707471672,0.0645539942880712,-0.115922917732777,-0.12983116973938,48.99,0.0
27187.0,-24.5902447690465,14.0445667815106,-26.2787005866145,6.32008926518927,-18.2245126736673,-4.60996782569686,-17.6810033715155,16.2136267471409,-3.79409346877414,-8.37275316035861,4.90168265513877,-6.87283866404082,0.769776762734501,-6.82658448658054,-0.0544341798176028,-6.08495266503583,-12.375270529796,-4.81034474126699,0.936742237936608,1.64920202229571,1.77706277243531,-1.80487368611576,-1.14060456917063,0.152234466415679,1.71599702403257,-0.22047119903665,1.43495058143483,0.422491857762666,99.99,1.0
32884.0,-1.07653418242781,1.28752417468594,0.354874269671463,2.6526074194645,0.757494091032803,0.145403282844834,0.949123855282107,-0.336455917992468,-0.952654043841577,2.37198999619303,1.40037643712596,0.0117695288506762,-0.496116526253976,0.350805859717066,0.482208907118883,-0.599332498424969,-0.0606959218280949,-0.116540959170466,0.737170494043667,-0.045139074334451,0.103999609372532,0.825543018308602,0.277934108584659,0.0182171885615925,-1.09196595287845,0.0424714270303325,-0.171969167167882,0.226103138544674,29.04,0.0
50253.0,0.943074464217933,-0.643075735584434,0.254094188732846,0.38737275995735,-0.435743064638576,0.221092898701059,-0.220908835917673,-0.015033920577847,0.504503904668306,-0.203603877976633,-1.51006591028582,-0.0218881269114891,0.9163535062482,-0.153774996286036,1.48045859462707,1.0710668500743,-1.10045768596558,0.444335209047721,0.0890612004790351,0.392509213647675,0.0272497292330836,-0.317810566683555,-0.287678511474972,-0.958351196398528,0.281581639482713,0.455875110809438,-0.0424517190943416,0.0472634293833769,201.02,0.0
93965.0,-11.3977267217611,7.76395304621262,-18.572307456296,6.71185525207739,-10.1742155991554,-4.39591833120843,-15.8937882429266,2.08301258152135,-4.9888371802491,-15.3460988468775,7.09318207259894,-14.9797547574476,-0.148288045224015,-9.93567958156078,-1.16199939019334,-11.6468338293624,-18.3838524599849,-7.40273080415809,1.94169681013401,0.208879130047717,0.339007373241803,1.34292261443867,0.239217367154604,0.534644166424257,-0.174964905765612,-0.500240426616998,-1.72206026726614,-0.574339363297002,11.4,1.0
49985.0,-1.55421636788274,1.69422928947167,-0.903333638062708,2.42543608490852,-2.89978748492542,0.133028430446298,-0.286225919411127,0.555944559014401,-1.39491838156524,-2.89261176082088,1.96223597455109,-2.38526266137636,0.458337202321203,-3.72454345377605,1.84397832505056,-2.01392370780293,-2.81560029569659,-1.09229027232613,0.139687230416985,-0.0323343863075664,0.493436338989664,0.733393182273647,0.202349959595007,0.492053700892718,-0.183790909215829,-0.19991711985608,0.395200622125666,0.0276930320930062,360.0,1.0
34686.0,-2.07076988338129,-1.86731781999154,1.73481300474399,-0.973816665564705,-1.35096108659031,0.110107199445206,-0.649639645758559,0.839947158053574,-0.113912599033775,-0.82460882338467,-1.56434167202815,-1.20923726890226,-1.87230565428082,-0.49671008209325,-1.45685102700461,0.653445051706701,1.13686410862788,-1.38823407026458,-0.120610440882705,0.584434964149282,0.550673519433496,0.82193029128545,0.290899811872132,0.0797067630693048,0.299214584766679,-0.131571983249723,-0.067379107055099,-0.12146579294408,249.78,0.0
20931.0,-16.3679230107968,9.22369194937548,-23.2706305232856,11.8447765860728,-9.46203714585895,-2.45044437416398,-16.9251520440555,1.38420847895884,-6.28773594816964,-13.0027093010697,9.69146098207319,-13.8865951585248,0.838361375836116,-13.5170724083842,-0.377910607106286,-7.85568149439455,-11.8038151924676,-4.76102594206856,0.618624412799665,0.993584598744375,-2.34367359429797,1.00460241382139,1.18821215709493,-1.04718376839983,-0.0355727659827232,0.664899774367373,2.12279575423083,-1.41674061492574,1.0,1.0
84065.0,-1.14502577937749,0.676039469121165,-0.00166720596813313,-1.44396379821056,2.47765531229526,3.60329772571459,0.271349626348606,0.811083011390743,0.0954032052141621,-0.293497509727093,-0.638869031704174,-0.100090374797872,-0.322301260732394,-0.247066102318461,-0.560501881551317,0.110836974642447,-0.74617279505825,-0.189627625845084,0.135587115903809,-0.0487861612813072,-0.222111582992075,-0.602600168003898,-0.244646598671158,1.02267185909008,0.168326845919371,0.0484957058398447,-0.815587372956286,-0.386962013441955,23.96,0.0
66396.0,-0.911904461902984,1.38191348509039,1.10927397779858,1.21980674711892,-0.313597393090541,-0.408812085557297,0.270699976274309,0.412088019636404,-0.72375907688388,-0.0701531349826006,-0.118209753888262,0.199250909375168,0.0928185728827059,0.59370633635655,1.43412310054163,-0.62093718974467,0.44316350683629,-0.307953796401012,0.125289045001504,0.0141895299076702,0.248925115023819,0.755970250098984,-0.0937732061200727,0.413055676621169,-0.239149003338151,-0.202156155049062,0.190587112496829,0.128711302779213,20.97,0.0
28692.0,-29.2003285905744,16.1557014298057,-30.0137124857248,6.47673117996833,-21.2258096535165,-4.90299739658728,-19.791248405247,19.1683273897301,-3.61724178604255,-7.87012194292549,4.06625507293473,-5.66149242261771,1.29295014454242,-5.07984568135779,-0.126522740416921,-5.24447151974264,-11.2749725851252,-4.67843652929376,0.650807370688892,1.71586182428358,1.8093709332884,-2.17581520342142,-1.3651041075509,0.174286359566544,2.10386807204715,-0.209943999130567,1.27868097084218,0.372392714338541,99.99,1.0
63268.0,-0.7140120335223,0.396156807592001,0.84284691541483,-1.1032194460015,-1.4144457975075,0.333888816236676,1.04231330356947,-0.429196188892559,-1.6097228501945,0.826792761299315,1.28510039332196,0.142497302329149,1.28142441672064,-0.417354051415484,0.124986921058004,1.05183119499305,-0.00898171548206279,-0.696653381888584,1.75365090109834,-0.0979132230608839,0.242499262385155,0.858602537580108,-0.311316397755423,0.102997742606503,-0.379597520602229,-0.238870818493434,-0.141063155013927,0.0237887428985569,248.9,0.0
35866.0,-2.04448868873478,3.36830621710984,-3.93711139061868,5.62311973109633,-3.0792320390481,-1.25347411822809,-5.77887959312275,1.70742815771205,-4.46710312294842,-6.0677981503786,3.83978771072745,-8.27784094846266,1.49391490811495,-8.41668121212274,0.792297928201949,-7.86265882647354,-14.5708366290177,-5.18538553288232,2.41438956859515,1.11202761894884,1.48359421639379,0.834310712862216,-0.148485620188757,0.00166885452328186,-0.0389957310939217,0.389526401954901,1.30023645611458,0.549940374167289,7.61,1.0
75089.0,-0.457897451892286,0.558913283154737,2.42217034024254,-0.299393443875418,0.883479192481659,1.08929835544865,0.95781391589679,-0.639325027556589,0.849538135023104,0.493691889737306,-0.025904421847405,0.466100355709428,0.704887932342624,-1.4590919335898,-0.969150608951004,0.361246466984593,-1.6748100472998,0.756676621866828,0.17829515902636,0.179372862502425,-0.141962032165475,0.299516313234743,-0.483116912011788,-0.985996244213619,-0.158821606486711,-0.669162764406402,-0.889498722795614,-0.771799295719729,9.99,0.0
93853.0,-6.18585747765758,7.10298492227346,-13.0304552638937,8.01082339822486,-7.88523736131971,-3.97454999359808,-12.2296077786617,4.9712317023058,-4.24830701294998,-12.9654812039222,8.68830799242781,-17.1829184301947,0.0695769150313325,-14.1161560074304,0.959031717400206,-12.3753337375636,-18.716764511809,-6.52201457322122,3.51795494036344,0.483930108481186,2.50277241039945,0.481691289576756,0.480957977547458,0.360318638811951,-0.293354295977635,-0.199193157971208,-0.203917328209747,0.398927185850218,44.9,1.0
105.0,1.00023398953512,-0.295227309545877,1.30825945328411,1.25775331219882,-0.967532356635927,0.460244740246879,-0.781849887517497,0.424415295091274,0.790908383185886,-0.0548552416028776,1.10942253488459,0.692676219577188,-1.28922950837409,0.119761286317155,-0.151407244643266,-0.0181398983309231,-0.0779534979170216,0.0687653215737683,-0.357320547697496,-0.1831577458813,0.0327297008603029,0.179643813332115,0.028786241578934,0.203488767308156,0.234992150068937,-0.408458874921523,0.0726154817250423,0.0288922433285353,35.97,0.0
100924.0,-23.9847466495794,16.6978316913154,-22.209874815521,9.5849686202149,-16.2304387891461,2.59633265752887,-33.2393281671892,-21.5600394546929,-10.8425258685569,-19.836148851696,3.22323270290842,-10.8951335063028,-1.52345240330584,0.116303256118652,-3.09880532704263,-7.60642457511483,-18.1082610229766,-7.51186615794432,-1.24328515722898,5.80455066066397,-12.6150228644215,5.77408726884239,2.7502214496329,0.513411099654255,-1.60880380395117,-0.459624387540527,-4.62612660780224,-0.334560720645878,1.0,1.0
94952.0,0.842025258809961,-0.365518405631879,-2.46406333105633,4.82088596439253,0.775505434320733,-0.614784604613805,1.36802439952459,-0.526261741999926,-0.121356446796038,-0.357616193093852,0.637766685379952,-2.81888227036892,2.36059541417279,-1.10869894034456,-1.44995109474769,1.57373987380152,2.20265154365361,0.800471466568041,-2.10358290329291,0.944915098074741,-0.110621878759425,-1.25780002613606,-0.324418362936717,-0.420020001036393,-0.219501077925226,-0.268872635957687,-0.144582319033867,0.104464060190998,571.48,1.0
85124.0,1.30237796508637,-0.606529308236609,-0.681986192919261,-1.90460339622212,1.32662310684685,3.43631244725031,-1.14512682747431,0.959147262092341,1.67130156362918,-1.02294602983554,-0.191422972651615,0.631027341487108,0.0319072703534055,-0.0314253812628428,1.44662697638966,-0.121820378583087,-0.651405237009102,0.617970476528782,0.927600044556072,0.00575665541893287,-0.0642082814806287,-0.0805870774450856,-0.0729910792746877,1.01813597043583,0.663574772480488,-0.671322844293718,0.0968009452278396,0.0286968782920849,1.0,0.0
97099.0,2.13666912354738,0.180392442024134,-2.23148186953469,0.100250489476432,0.888033878657367,-1.18805834094127,0.67909189581985,-0.589621111970996,1.50383463104188,-0.361243743664547,0.0215532686499179,-2.42198799563924,1.55701411142933,2.23210849559848,-0.291302656539112,-0.553319289060145,0.349080256005735,-0.1296870640146,0.0244191178870158,-0.219203453894207,-0.0194867636838058,0.265587767009648,-0.0457463204049646,0.469632038384997,0.46781683178874,0.183188389849482,-0.121481327581302,-0.0786282646870351,19.61,0.0
39498.0,1.08636772062747,0.0388299862748715,1.61156268805846,3.00630127730296,-1.10519973919775,0.162902766256904,-0.686811674419999,0.255423812981222,0.63555997756397,0.421698183465445,-1.28905793466557,-0.260565240211925,-1.49222521778934,-0.443005325049338,-1.36746371239291,-0.00430757872460509,0.198079510838955,-0.256302380616099,-0.681194763681728,-0.280350643383857,0.0281926753243214,0.375523020964047,-0.0743156412362444,0.719010442487755,0.528521579897979,0.197527956508827,0.0404175951216229,0.027601031233845,1.52,0.0
19102.0,-1.00464324303777,1.5538508893386,1.77153761695998,0.769937947099684,1.31745096358253,-0.0997540121989019,1.30785954667829,-0.00138733983366818,-0.648372709433961,-0.59389377327094,2.05787554721035,-1.99676191475934,1.54284425738488,1.90940723514348,-2.18207189478103,0.725231355590195,-0.325892970848326,-0.243839256315809,-2.66033558668645,-0.330558799416965,-0.0384966644280041,-0.0296372507439348,-0.428403474450039,-0.0593577596056909,0.753794508397693,-0.201484272425792,-0.0655384867110732,0.0224009060943621,1.12,0.0
53451.0,0.385108461103674,1.2176203228402,-1.95387216540948,2.08707599095328,-1.14422540643716,-0.57688799482478,-2.58286504391682,0.643229999334504,-1.19123269237613,-3.09509360697848,2.82114488798301,-3.1005456578695,0.146199374342408,-4.51012391529804,0.574490022660784,-2.12346278453199,-6.05331938825344,-0.70637615273475,0.572791028207014,0.380545212283106,0.594623132460925,0.372143665842342,-0.310455791389476,-0.624065148802846,0.840216130296559,-0.159451766672991,0.599482364663208,0.288915549852885,8.0,1.0
100298.0,-22.3418888868038,15.53613332478,-22.8652284959099,7.04337354768731,-14.1831291919342,-0.463144880408286,-28.2151120538009,-14.6077905214735,-9.48145633401495,-20.9491915543611,4.73958247105186,-11.9249546896802,-1.50141102577851,-3.83678146634435,-2.72032883823594,-8.88010567222989,-15.8251362851177,-6.75042522352437,-0.129188144339879,4.10001904830367,-9.11042257588182,4.15889482041313,1.41292844456256,0.38280067392155,0.447153952515532,-0.632816336434319,-4.38015425911661,-0.467862869164174,1.0,1.0
60845.0,1.47465677256768,-0.914299467233053,0.437270926567068,-1.38258759405696,-1.25957041149292,-0.525991642712424,-0.906748207921119,-0.177785376140266,-2.02630998144368,1.36180678822571,-0.0570395789576489,-0.172653410244675,1.64534597705513,-0.511076484024167,0.691466833681218,-0.748371689021033,0.720526797426473,-0.633560814697066,-0.611310725754748,-0.282574763669048,-0.172545891498823,-0.0144744352353596,0.0495095516241041,0.0957026657461272,0.353736268420358,-0.181141097716745,0.0537628793910231,0.0204229903029167,15.0,0.0
52934.0,1.03663855772541,0.407227280182074,0.75770616494457,3.16182144737059,-0.568122226356034,0.202180695126505,-0.68980405626803,0.41137993906161,0.336769232300548,-0.283731283967387,0.90311745288141,-0.158825775049249,-1.93070901899978,-2.37665364067708,-1.8101724846962,0.935791272330693,1.59150614830401,1.25947071382768,-0.666806394320072,-0.219461074162075,-0.0501076222906236,0.123760575662397,-0.132567901550036,0.350230553629671,0.507701400813083,0.189620904934317,0.0610156660255082,0.0631412801847289,0.76,1.0
29785.0,0.92376442016477,0.34404807190464,-2.88000365579163,1.72168007534123,-3.01956477860235,-0.639736122583852,-3.8013245024591,1.29909588513018,0.864065471140902,-2.89525166830126,3.02816223099618,-2.54917730779636,-1.56043182473423,-2.97131675769274,1.07889539651163,-4.70201182527384,-4.90809850732764,-1.5088732903485,3.0016850593747,0.170871765618069,0.8999311755668,1.48127100376248,0.725265549161058,0.176959582872624,-1.81563797523647,-0.536517111308732,0.489035020411905,-0.0497285787992942,30.3,1.0
32617.0,-2.88268959283477,1.01526644208697,-0.0251207247959278,-0.568395008376333,-0.585433743290163,-0.892202946654608,-0.683417242650073,1.43101362851488,0.046614989565923,-0.316930311991638,0.0431946427293371,0.323370255970578,-1.56667791912427,1.11270471476299,-0.793532170371748,0.746679942389089,-0.127328676775838,0.284426501109756,0.242246905887139,-0.63435078417137,-0.277333095351268,-0.435952387622475,0.697638527518565,-0.0154732994696289,0.0893041654024202,0.35142638214083,0.243141540807988,-0.0599408362424417,1.0,0.0
26961.0,-23.237920244511,13.4873857909274,-25.1887729688701,6.26173255148578,-17.3451881651558,-4.53498915241687,-17.1004924771637,15.3746300252798,-3.84556677176243,-8.51176669710133,5.1385473219039,-7.22001986441493,0.615793286019405,-7.3272215995796,-0.0386320690669864,-6.33151509399145,-12.6888576275064,-4.84738160696153,1.02053587929144,1.63078748322503,1.76970812949114,-1.69197330547661,-1.04567292278161,0.143386499863412,1.61157707182701,-0.221575644736264,1.48123260638065,0.438124804842523,99.99,1.0
2537.0,-0.390542851240177,0.119732679623325,1.8309181761775,-2.22221606239634,-0.0189025479400536,-1.02204960435956,0.918653369793027,-0.634529589674732,-1.01198558289003,0.21788682956342,0.243809971792535,0.515480634063182,1.36387941131679,-0.766497404469755,-0.225760599787292,-1.37471220156858,-0.584252550169584,0.0255526704618981,-2.93892481609473,-0.509196632787183,-0.35189348444137,-0.239151881370766,0.0804411138300343,0.617530415851017,-0.894028268003277,0.20058860937645,-0.35262610925685,-0.273226186606733,13.23,0.0
78725.0,-4.31247908052279,1.88647569827836,-2.33863356144698,-0.475242891532036,-1.18544386151204,-2.1120788975769,-2.12279296550593,0.272565132222544,0.290273064048255,-3.8337413849476,2.50978140392157,-3.61123136485112,-1.02429952994167,-5.29192495475268,1.6498073488757,-3.26265841898301,-4.33311795972043,-1.86304896791862,-0.00953360656837195,-0.718705614884897,0.550540662080627,-0.0678702198276179,-1.11469186343039,0.269069433187685,-0.0205724593187757,-0.963488862263668,-0.918888353795928,0.00145356217673386,60.0,1.0
3067.0,0.268243598973375,-1.85808168738408,0.628406116433622,0.55697749609612,-1.66174048287421,-0.272535441571297,-7.08980624995167E-4,-0.116693573685687,0.94791936784344,-0.634288650998578,-0.541713195100418,0.779014564227921,0.724470570126224,-0.451068792397828,0.295469251445896,0.199762452356431,-0.0923343552748636,-0.359711315636285,0.0711370117064921,0.973295585430215,0.186092886299401,-0.359646143021675,-0.379081232083533,0.514973243987123,-0.0489602440649683,0.935535487245672,-0.12324070158922,0.10323677234973,500.0,0.0
42987.0,-0.62399408528357,1.19801892701955,1.48736930184447,1.70040930731947,-0.183431462729263,0.348074444862009,0.0641002091844572,0.53833995465922,-1.02071780084217,-0.144835737035898,-0.796337560887628,0.648922577949342,1.0321056730611,-0.172382825016246,-0.609252528530798,-0.414751360621537,0.581344230730715,-1.02137634349243,0.111922861256689,-0.064773490409445,0.0746667888659297,0.357478981984822,-0.014052320865132,0.180846496515476,-0.570830966307544,1.00394240955276,-0.0019984411297955,0.0877003236774075,7.83,0.0
100186.0,-5.10330666741472,-2.64267358379139,-1.20509953554965,-1.88742476522737,0.519254192522816,2.57255630398569,2.24355320579577,-3.86359514284676,1.02901553703835,1.16761034058378,2.3343728302427,-3.28546441846676,1.28468732875576,0.550039272472959,-0.575549162297464,0.656187869311334,0.723470281022655,-2.14061311405611,-0.300354848184821,-3.30494079538244,1.33607534863327,0.0533780526447135,-1.07355540715724,-0.809873928083726,0.982824949636476,-0.0197235861828011,-1.19749564366742,1.52861498906558,618.87,0.0
7551.0,0.316459000444982,3.80907594667829,-5.61515901119457,6.04744510216478,1.55402595692572,-2.6513531120137,-0.746579273100222,0.0555863112529252,-2.6786785422399,-4.95949291161496,6.43905335158373,-7.52011739288703,0.38635166741077,-9.25230724747513,-1.36518841502051,-0.502362190618164,0.784426598154274,1.49430460743838,-1.80801215867357,0.388307428238927,0.208828369001674,-0.511746619200722,-0.583813220813723,-0.219845029091423,1.47475258440688,0.491191925656006,0.518868284577287,0.40252806767232,1.0,1.0
31557.0,1.31163122375829,-0.800923928762867,-0.229249200850894,-1.17839086892477,-0.108364285758689,0.771639953617287,-0.686195884550057,0.191906369616869,-0.903382351297937,0.704431871853486,0.170363813347752,-0.371343286440925,0.307817261962432,-0.0117973497091189,0.479095868256655,1.64460914849423,-0.36601516237553,-0.951743358595841,1.1794202160256,0.234906906270174,-0.0917263972116867,-0.530724634977642,-0.12022446626717,-1.72270962192263,0.332629586653665,-0.36762101691939,0.00777952582433121,0.00314499828078869,76.08,0.0
55618.0,-7.4279242314783,2.94820920837905,-8.67855038407896,5.18530347959595,-4.76108997261691,-0.95709501604379,-7.77337978477431,0.717309273781191,-3.68235923846278,-8.40315026242229,5.70520550718269,-8.6407464115182,-1.60292501896209,-9.46613912320431,0.137324186945341,-7.30324272860725,-12.4480392359586,-4.33283424125087,2.35202964025176,-0.123085015912889,-0.299847070706951,0.610478813685703,0.789022761446755,-0.564511939509452,0.201195825477742,-0.111225430586455,1.14459850910478,0.102279545438297,130.44,1.0
43494.0,-1.27813773524814,0.716241580332591,-1.14327922918382,0.217804800631468,-1.29389046969973,-1.16895152511977,-2.56418198278833,0.204532467641239,-1.61115462297744,-1.25028553742691,3.36736102310858,-4.58309584545642,-0.806939683730076,-5.20830522179452,0.525823682164556,-1.81591431259746,-5.24911146794949,-2.19669120679566,2.10905264474381,0.817203155491914,0.490182667533974,0.470427403079725,-0.126261344339209,-0.126644458784455,-0.661907559467122,-0.349792996571914,0.454851068382725,0.137843477172283,24.9,1.0
77760.0,1.47395788462016,-1.47265308781707,-0.856137338079514,-2.45761131357384,0.663232533110947,3.46089465716207,-1.76016693876272,0.835477096123598,-1.74963755541033,1.47146050590526,-0.288982601447726,-1.05959270860603,0.605194679363219,-0.353695729923723,1.01270222340815,0.154614954283868,-0.122045315472194,0.787022444586401,-0.0993582889395255,-0.105014438450743,-0.0444744912907656,0.0504288244365129,-0.106655541660745,1.00753253988082,0.535969990371369,-0.0438296911437863,0.0451578803891742,0.0266615137252069,55.0,0.0
80316.0,-0.714011760157399,1.34807518453527,1.16940381987408,-0.0534201309280839,0.213418615102697,-0.472102908712099,0.664407811002105,-0.0804660191089984,-0.293137946206243,-0.247081549239954,0.138794371736491,0.334510989996897,0.726513350568427,-0.631118432414091,1.0969819552814,0.0210498384842672,0.231852030780256,-0.687364043503254,-0.446864979939273,0.0840044723433186,-0.17244399576755,-0.526657911341083,0.0183779958857315,0.037480365058198,-0.250413416546475,0.0599808653484479,-0.146507346910484,0.0906762936536371,3.59,0.0
47545.0,1.17671575912859,0.557090903443645,-0.490799622910899,0.756424293386678,0.2491915585394,-0.781870546568533,0.228750322026116,-0.0408400791377636,-0.432110564245139,-0.585778431385528,2.28193937592012,0.654566719272309,-0.310379432324912,-1.04370522504569,0.513750399321109,0.399177755263914,1.14313007770305,0.256013886486252,-0.511210088142662,-0.10277180482264,-0.0621660000083396,-0.128168129786567,-0.0401759895545737,0.110040347467026,0.437891432381746,0.368808854483266,-0.0182873480981415,0.0311734033163997,0.76,1.0
68207.0,-13.1926709562391,12.785970638298,-9.90665002092758,3.32033688288942,-4.80117593230105,5.76005855618556,-18.7508891580107,-37.3534426378925,-0.391539743919107,-5.05250236713858,4.40680552357904,-4.61075647740608,-1.90948796970811,-9.07271093398351,-0.226074450896345,-6.21155748212485,-6.24814535335983,-3.14924669470095,0.0515761185277783,-3.49304991519446,27.2028391573154,-8.88701714094871,5.30360690376998,-0.639434802306313,0.263203123457008,-0.108876929971315,1.26956635541013,0.939407362758877,1.0,1.0
66232.0,-5.11587562593343,3.49415374524466,-1.40851252985742,0.971617483518947,-2.41999864064143,-0.915882325176548,-1.63890161385181,0.941227358089138,-0.236016496751535,0.55095770259573,-0.925933853125609,0.886142058022097,0.24241740280853,1.53000285200503,1.09269133924687,0.26043485806388,0.801500471771156,0.0797845122036616,0.37140565505199,-1.35809040221075,1.22234366286862,-0.0457579930651276,0.382482595641258,0.684632542657525,-0.340021922132304,-0.682211524689539,-3.2696719325909,-0.676012915022845,25.0,0.0
12093.0,-4.69679522444504,2.69386747884008,-4.47513271259153,5.4676845487781,-1.55675807549758,-1.54942028904253,-4.10421487278526,0.553934075416293,-1.49846813107494,-4.59495176285009,5.27550585077254,-11.3490285500915,0.374549235103921,-8.13869488434773,0.548570894168134,-6.65359434741365,-10.2467554066001,-4.19106626655491,0.991486122257293,-0.158970548660611,0.573898081112651,-0.0801627753981571,0.318407817148194,-0.245862202650853,0.338238431564141,0.0322706213908033,-1.50845793363219,0.608074682590101,0.0,1.0
45529.0,1.34663159781352,-0.596604620503815,0.505242959817265,-0.626396061563182,-1.3045293216622,-0.883283441267307,-0.669419074499313,-0.00489404604273651,-0.85247027604815,0.895169731115402,1.10067806610414,-0.261571801276601,-1.44812513438322,0.606627809615338,0.375319342337522,-1.00448636399457,-0.135169278594563,1.50542464972168,-0.534912918920452,-0.589511630941961,-0.411203066076685,-0.808056822995766,0.152265578405528,0.504651206273128,0.0314050744007387,0.925605891830106,-0.0683875181225757,-0.00292632302180433,1.0,0.0
84694.0,-4.86810843844627,1.26441977404559,-5.16788542660662,3.19364784504611,-3.04562137708228,-2.09616609885545,-6.44561018266068,2.4225355920307,-3.2140554159387,-8.74597261185534,5.41604190908794,-8.16412507731485,-0.165010607208302,-10.1935303551514,-1.89521031032574,-7.36047460938421,-14.6687710766351,-4.87711900477519,1.38560952778492,0.66730977994879,1.26920538901712,0.0576572516592633,0.629307399675982,-0.168431773502721,0.443743902404587,0.276539471570389,1.44127396787951,-0.127943726430018,12.31,1.0
72669.0,-0.489729157888917,1.05542454329356,1.6909691409314,-0.00929496433152555,0.0429747141277725,-0.59868165789186,0.692883389961158,5.31984763866063E-4,-0.557552278052349,-0.383407799773726,0.267448612369732,0.622847521123926,0.855594504852184,0.0115208220580886,0.977810382433592,-0.231455254206313,-0.0474758989166704,-1.01735987311125,-0.473988312103605,0.119163436203692,-0.166540674166826,-0.347234712713779,0.043383485210098,0.40538679941961,-0.278764879770969,0.0776166631983254,0.287080566674438,0.123196263659353,4.49,0.0
79554.0,0.873912617726991,-0.850310507345768,1.08980994626981,0.391721141721215,-1.31844413391045,-0.0542489100086619,-0.544094964211708,0.141693042612614,1.17928630729802,-0.558868950552149,-0.297701302977668,0.716895837217018,-0.185301449384072,-0.454289654532412,-0.0452131554374168,-0.484163243032461,0.551819535994262,-1.15248311613856,-0.0596423074130127,0.159199748044044,-0.100988928507282,-0.32128007973537,0.027784775281157,0.491301228301644,-0.0351554039634967,0.937027999386028,-0.0440654396459487,0.0385380173503639,148.99,0.0
101597.0,0.91311613528992,1.1453810871791,-4.60287793273505,2.09180337375362,-0.473223859280585,-2.0854358325571,-1.67124403232231,0.0943965856348779,0.337798765397573,-4.4318096317282,4.87197985976052,-5.39522117678937,1.33250215621937,-4.60379669207464,-0.77731354811867,-2.57189156103509,-3.00361530529652,-0.225441388417525,0.252273565031692,0.50898474829098,0.40141574109896,-0.0849334160429759,-0.197684434494785,-0.283271078982557,0.387597335722074,-0.553526986386025,0.516274456782261,0.270828187083758,147.87,1.0
4744.0,-1.88604853220609,-0.899245520953124,2.95987229009368,0.430195157913426,1.1059504871649,0.546768062624219,-0.244549727271121,0.123135658660346,1.80787653670463,-0.553027332742125,2.13590308511415,-2.51665123413222,0.0131570920684963,1.14458425322475,-0.580735992638903,-0.113496483047209,0.289675230872295,0.304731661931852,-1.51720057828822,-0.0544582347547635,0.0510103084385469,0.604356008309752,-0.217052240724879,-0.358782939576689,0.266697869650958,-0.400447610558047,-0.412523921340895,-0.220824890906623,84.13,0.0
35533.0,-1.59371971685197,-0.280414424608444,1.24308684149257,-2.0564517068757,-0.398174574827106,1.3139110801185,-0.674538068430494,0.863290992365565,-0.897152203163107,-0.11350875534281,-0.505596916083201,-0.400268106648185,0.442146685641636,-0.493562098598493,-0.525243246211182,1.90036947393451,-0.357454734444713,-0.301512031972507,0.511143322793316,0.126166520726668,0.316661995581485,0.842341437201975,-0.648646817208518,-1.64939817666288,0.644850701393059,-0.00464500846104279,0.192515192773067,-0.127420170310471,109.0,0.0
56806.0,0.0168278084833761,2.40082554709233,-4.220359820602,3.46221746352071,-0.624142188342754,-1.29430258598001,-2.98602831443748,0.751882724799937,-1.60667229891344,-5.97492543825504,3.26492215161104,-5.09503162409832,0.307807541258315,-10.0181060613614,0.273282636641356,-3.56253351747421,-4.37710568381017,-1.79263494349375,0.0802807729992116,0.590418382570863,0.285831617664336,-0.771508088806938,-0.265199774294598,-0.873077150100989,0.939776315964547,-0.219084743497804,0.874493632152321,0.470434221788752,1.0,1.0
67809.0,1.22059792089797,-0.989402000689175,1.06739884437273,-0.438470125809158,-1.69285578022292,-0.471312135019833,-1.06067743065619,-0.00573275052494794,-0.0934190490450363,0.476984347515337,-0.577701761047865,-0.503191278167073,0.179471395358098,-0.683907928013902,0.376041796443118,1.19792327518768,0.316340783405191,-1.0009864496684,0.439216733397438,0.213964822518357,0.349334479543034,0.918980855649373,-0.165307114514093,0.446515953980125,0.429146470699115,-0.0538082855582711,0.0360090377538919,0.0378209776017616,81.0,0.0
77603.0,1.29252473422506,-1.04175825869763,1.15630134434592,-0.446313996272498,-1.41721435186276,0.473115806784052,-1.33027834322284,0.139997327398686,0.348788548814211,0.278080730287659,-1.51553395958045,0.156554308248934,1.44210037862403,-1.47328850982636,-0.873654537386618,0.977743568281316,0.32819677046175,-1.12526835136904,1.11755969330979,0.243089730069191,0.158994516295364,0.684112005006521,-0.234875892925961,-0.347544397167659,0.573749266048227,-0.0293139005465365,0.0748437948026044,0.0302324416852168,52.52,0.0
67857.0,-1.73933378422429,-1.30465465035444,0.314102907291187,0.0537401062585881,-0.0586957001779964,0.0712595573040713,0.694861852921962,-0.313269934817745,-0.649377114028123,0.517567879914365,-1.35655775612738,-0.238382663867126,0.0695790190825196,-0.431690053731737,-0.674723889299605,-1.65416180710569,-0.0539606012956825,0.520745840192804,-1.55456174696529,-1.46399432399357,-0.665172078751849,-0.632078028662709,-0.421175799634968,-0.400774352865197,-0.00164030189404302,-0.495162312868153,0.0316326197006312,0.0662796878513276,320.0,1.0
65827.0,-0.562577210943435,1.24966771358714,1.17101975378536,0.0140493697298842,-0.101819645036061,-1.01433248672606,0.654539308685322,-0.017250575482944,-0.0805304836224326,-0.180690013969285,-0.328899535604529,-0.509586746929221,-0.708150527362288,-0.335579564083441,0.999308423441652,0.400724567483542,0.0467407149795213,-0.0539014913194217,-0.1161040477523,0.186440688175121,-0.304091667172899,-0.778428588954587,0.00421953868693645,0.307908269878569,-0.137556597365294,0.0792585397038957,0.347432572809385,0.1563447372828,4.86,0.0
57149.0,1.19283660189769,-0.492884976693618,0.361653602059782,-0.0947328051623732,-1.27825821856925,-1.01026851024308,-0.604863274876563,-0.189716907982483,-0.576475455707864,-0.114981580841797,0.14203787941864,0.395447147504557,1.321746285488,-2.08080821381628,0.400349459379154,-0.976197056545952,1.32715595214869,1.5333987971478,-1.11968185815613,-0.235541879539494,-0.306906579785722,-0.339563198560589,-0.0422179758257745,0.68138198007873,0.198067984724494,1.11406638181275,-0.0125353178301175,0.064118130805946,73.9,0.0
59777.0,-8.25711081724667,-4.81446073955621,-5.36530689032661,1.20422986423394,-3.3474200965739,-1.33160147516446,-1.96789279857039,1.29543781710486,-1.67441524280437,-3.42605225253339,0.144562690111297,-4.28352931016896,-0.24089504151477,-3.65749040377527,0.923104767832095,0.844221069436753,-3.94831185243281,-1.8075159915996,0.105878827218844,-1.23398725720348,0.436390207477188,-0.077552722802211,-3.09162435615504,-0.390200885685448,-0.288688941339997,-0.340004217403437,0.0398191045440342,-1.00790031022705,319.2,1.0
41305.0,-12.9809425647533,6.72050777097643,-13.4556359425571,8.69861009281133,-11.4795517833437,-2.68151865053833,-14.0192907576919,8.21819051252864,-7.93089996826719,-12.6959474039839,5.58936163192341,-11.9608660326622,1.53867076186333,-9.88721406724695,0.6339792179337,-11.3502438549644,-21.7101876525534,-8.85945192496352,3.62971365041526,-0.84330261969681,2.54962823474498,-0.532227763596568,-0.235096473604284,0.673209169467055,0.22659797207791,-0.00616785819002466,-1.18569550568181,-0.747361321404312,59.68,1.0
7672.0,0.702709900098753,2.42643280600508,-5.23451329584052,4.41666124290876,-2.17080621591773,-2.66755356121463,-3.87808845483572,0.911337122229195,-0.166199039175942,-5.00924850212751,4.67572941865677,-8.16718805173089,0.638559282180499,-6.76333439062322,1.29686025605627,-3.81175840977789,-3.75412806618729,-1.04917740227906,1.55419726345897,0.422743129198702,0.551179689117248,-0.00980235731325313,0.721698230069415,0.473245751402033,-1.9593037711687,0.31947554010746,0.600484916486359,0.129305225096566,1.0,1.0
56624.0,-7.90142134976781,2.72047248689249,-7.88593567244075,6.34833355148109,-5.48011903551053,-0.333059239585013,-8.68237644547782,1.16443107786426,-4.54244738562489,-7.74848004950582,5.26658587269696,-8.67967880327782,-1.1663656781569,-8.10797466085831,0.701364761025326,-6.28830575777651,-13.7531307979331,-4.32923927421315,1.50425021091709,-0.614719344485925,0.0777390506575033,1.0924365947863,0.320132727437797,-0.434642552856739,-0.380687072327338,0.213630359032603,0.423620329379796,-0.105168533503988,153.46,1.0
117547.0,1.95472612437835,-0.16590101870562,-1.9798741930868,0.0667925931723448,1.15996870901982,0.710319903001389,0.20421127681412,0.142440856062463,0.371256907469755,-0.0239908652052659,0.859814152794646,1.15586589050565,-0.256264828344453,0.731776907703492,-0.201474363260437,-1.30029181790807,0.262629843089561,-1.27756463502435,-0.30568215930867,-0.34037998872637,0.0859570679262694,0.571619958732176,0.0281381801717834,-1.60508767073011,0.201247292901229,-0.108358326485287,0.00917923392891537,-0.0942181759290322,3.0,0.0
36669.0,-2.68812089470411,-2.78112525654372,2.43118146543229,-0.35818789964399,1.227409509774,-0.910892565835909,-0.553804809912293,0.257830159540353,0.620800220973419,-0.834062552828096,0.351641417435617,0.526613833920033,-0.714072718338156,-0.489742197008541,-1.36324147823181,0.259236896468227,-0.485574682267409,0.263551689040458,0.359180078432405,1.09474653206692,0.11271266211814,-0.496816428402763,0.672411011642476,0.00788028398717203,0.310269911558787,0.828704733096043,-0.352392240749398,-0.119728925036379,236.6,0.0
91554.0,-5.10025566317088,3.63344238024837,-3.84391862443125,0.183208447320966,-1.18399737637674,1.6021393332506,-3.00595315203476,-8.64503780175356,1.28545810732477,-3.71748137540216,3.71921153916465,-5.03402974701745,0.918999158233287,-4.22036591807154,-1.05049995739584,-1.69104526842648,-2.37242320724166,0.450098503348706,0.407805060819919,-2.80630192287329,8.28043932580154,-2.79714954096118,1.09070659271567,-0.159259597476933,0.532156369375709,-0.497125808167425,0.943621624807946,0.553580691756943,261.22,1.0
91407.0,-3.95120850670532,2.88180518239049,-6.42149029451106,2.43418142416554,-1.32732453838007,-2.12210598673342,-3.2275333300383,-0.68556047558208,0.775985124963588,-4.72309174576035,4.921657447038,-8.75277008726404,1.52019774197935,-8.5520227319441,0.351975957711389,-4.5340297530839,-6.46540863418339,-1.89030997911689,0.174840185624481,-0.669351428982036,1.41047856462921,0.279402820830601,0.570821171370176,0.65627101478476,-0.298600548903483,-0.407571358894306,-1.37870253026193,1.37913029153249,52.69,1.0
7672.0,0.702709900098753,2.42643280600508,-5.23451329584052,4.41666124290876,-2.17080621591773,-2.66755356121463,-3.87808845483572,0.911337122229195,-0.166199039175942,-5.00924850212751,4.67572941865677,-8.16718805173089,0.638559282180499,-6.76333439062322,1.29686025605627,-3.81175840977789,-3.75412806618729,-1.04917740227906,1.55419726345897,0.422743129198702,0.551179689117248,-0.00980235731325313,0.721698230069415,0.473245751402033,-1.9593037711687,0.31947554010746,0.600484916486359,0.129305225096566,1.0,1.0
8415.0,-0.25147096006823,4.31352332575143,-6.89143771650147,6.79679668055103,0.616296505250374,-2.96632654187403,-2.43665252687714,0.489327898838014,-3.37163857159343,-6.81081309938215,7.62008905836908,-10.2852825163315,-0.342444334069655,-11.5434979157865,-1.3349879032835,-2.68928420445067,-3.20438340295762,0.0865218956911394,-1.31449509665307,0.632709963789826,0.536892074447128,-0.546126023729244,-0.605239547613772,-0.263743459593593,1.53991583077868,0.523573696680871,0.891024688365269,0.572740666549584,1.0,1.0
84385.0,-1.00029256992986,0.411867827963189,2.51794089185594,-2.25573607210311,0.0164547332773786,0.532424339217629,0.398240648870909,0.120158349633689,1.51749008122822,-0.855520398883662,1.66575830268512,0.967941899877908,-0.62830421910378,-0.515012778452629,0.593996133420014,-0.863648777983972,-0.258807367964169,-0.180619632062598,-0.446282582886821,0.221934107970263,-0.0395345970520343,0.585791393510914,-0.378270537725736,-0.287069038475475,0.383730122602454,-0.766781528189846,0.159551514252491,-0.265611364027431,1.0,0.0
30852.0,-2.83098405592803,0.885657038258755,1.19993009832405,2.86129223993172,0.321668777779154,0.289966026429405,1.7677604489638,-2.45104966190813,0.0697358066743391,3.24508640095346,0.675287853392807,-0.677096334427304,-0.222741128141729,-0.913786970583513,1.60333192308268,-1.0245020918608,0.0220452070437295,-0.940684674142594,0.484758940230455,-1.01692314354721,0.546589339675499,0.334970736976198,0.172105676221893,0.623590288019672,-0.527114316331261,-0.079214654387473,-2.53244529803097,0.311176714703215,104.81,1.0
69594.0,-0.791982603997189,0.514759632795006,1.47552833995999,2.64212761305722,1.15604561361159,1.9176203391147,-0.0896536261514836,0.716585502871611,-1.49468516081931,0.893054857360378,2.00706146425645,0.284974161296448,-0.718760946460785,0.734668955649874,1.6904739237659,-0.996694759268755,0.912776076164793,-1.44253556279729,-0.397154992971042,-0.134405225179663,0.0607426581272485,0.287740802450149,0.628788893184941,-1.0877311464762,-1.31085603456934,-0.0408311202763376,0.176589288837256,0.161858916827121,10.0,0.0
51112.0,-9.84877583247984,7.36554648639464,-12.8985382309124,4.27332307326376,-7.61199101126967,-3.4270452374345,-8.35080815251842,6.86360392236365,-2.3875673251028,-6.06578236274727,2.70785640511515,-6.13603446645473,-0.545976095807375,-7.02898027290706,0.916068574603162,-4.09288449351717,-7.01462170672071,-2.5309672589153,0.554027499068527,0.832398066019608,0.931958309450931,-0.87446736131737,-0.192639469446569,-0.0354260265633338,0.538665050436448,-0.263933516556866,1.13409509350836,0.225973163975667,99.99,1.0
72279.0,0.816067045400895,-1.00198913944257,0.910002258224837,0.00186958325009215,-0.555487814598611,1.96948369261735,-1.08669301854596,0.869718907045148,1.16030537118818,-0.467246907039926,1.58955884083598,0.791265831478584,-1.76743425196661,0.0987789979659174,0.272405698044082,-1.10301931342522,1.19079662576522,-1.87374918720694,-0.811254103536893,-0.131887281164289,-0.0294360259356973,0.0192477094003954,0.139252792673866,-0.971066960798154,-0.293514228054709,1.04969857054876,0.00730621167090796,8.79719844452764E-4,93.82,0.0
41164.0,-5.93277795485543,4.57174320411303,-9.42724692838332,6.57705643811276,-6.11521812544893,-3.66179789602346,-10.8940785545016,3.70921000751656,-5.85952387304171,-12.981619145004,8.26529460055417,-14.1541653609607,0.479842781966758,-16.3375959447735,1.64604527960375,-12.3753974432385,-21.090612716108,-7.7245457358645,3.85637474254372,1.19107830456005,2.01427156558263,-0.167416617986259,0.0499675298711021,0.384429719031746,-0.0778835668224832,0.56549290579318,1.79201191700266,0.371007021212136,5.3,1.0
11080.0,-2.12548982597957,5.97355569173344,-11.0347272274446,9.00714687170235,-1.68945053397167,-2.85441528535313,-7.81044074525876,2.03086994595841,-5.90282812214984,-12.8409338181318,12.0189131816199,-17.7691434633638,-0.431035658230095,-19.2143254902614,-0.962464574748091,-10.2666091836641,-15.5033921000669,-5.49492764246329,-0.410480977392724,1.49377464554928,1.6465182926595,-0.278484510810644,-0.664841293974353,-1.16455536944202,1.70179641354046,0.69080561470369,2.11974873337031,1.10893340333617,1.0,1.0
20451.0,-15.8191787207718,8.7759971528627,-22.8046864614815,11.8648680803607,-9.09236053189517,-2.38689320657655,-16.5603681078199,0.948348594786058,-6.31065843275059,-13.0888909176936,9.81570317447819,-14.0560611837648,0.777191846436601,-13.7610179615936,-0.353635939812489,-7.95744722625995,-11.9629542349435,-4.7805077876172,0.652498045264831,0.992278949261366,-2.35063374523783,1.03636187430048,1.13605073696052,-1.0434137405139,-0.10892334328198,0.657436778462222,2.13642447085514,-1.41194537483904,1.0,1.0
45588.0,1.37963094632141,-0.355981159004901,-0.0936393476139257,-0.623673561697245,-0.643500990709667,-1.13285986155564,-0.120702516586759,-0.273602178845318,-1.12321202053738,0.652135424399757,0.222397323595146,-0.618023670416132,-0.324647207777509,0.236184462360162,0.6906870101003,0.355954114623304,0.826161403372219,-2.11196880579861,0.15569719826547,0.00151713816806143,0.236110003511343,0.62880203175743,-0.0914654518227023,0.432913749648808,0.663511486858522,-0.0742166346902535,-0.0145437673709115,0.00124254259263398,15.0,0.0
28726.0,-29.8763655139763,16.4345245512223,-30.5586968214292,6.50586178736296,-21.6656542956569,-4.94035632949796,-20.0813910746494,19.5877726234404,-3.59149104711596,-7.80059820772759,3.94783971729026,-5.4879114860488,1.36994034924206,-4.82955244300835,-0.134412095441135,-5.12116240451142,-11.1181904509172,-4.65995586983801,0.608930080519071,1.72477883837961,1.81295397464878,-2.23225158753151,-1.41280344282556,0.178731069561437,2.15604185816706,-0.20938462411377,1.25564890085966,0.364530452975509,99.99,1.0
43494.0,-1.27813773524814,0.716241580332591,-1.14327922918382,0.217804800631468,-1.29389046969973,-1.16895152511977,-2.56418198278833,0.204532467641239,-1.61115462297744,-1.25028553742691,3.36736102310858,-4.58309584545642,-0.806939683730076,-5.20830522179452,0.525823682164556,-1.81591431259746,-5.24911146794949,-2.19669120679566,2.10905264474381,0.817203155491914,0.490182667533974,0.470427403079725,-0.126261344339209,-0.126644458784455,-0.661907559467122,-0.349792996571914,0.454851068382725,0.137843477172283,24.9,1.0
49160.0,-0.810318092154848,1.43738136313723,0.98206626961531,0.907325265854518,-0.213839473675984,-0.536012230940738,0.331672877386275,0.325318801899906,-0.66344063135361,-0.253598840944042,-0.21383849202666,0.0149327601047723,-0.380937033324885,0.714994183196695,1.25400123289462,-0.602216653233371,0.387376680353564,-0.376457134631159,-0.0458154522138874,-0.218415476271609,0.279694690378457,0.641070052571827,-0.043344484270066,0.405084647863608,-0.391017519571663,-0.348151530052021,-0.211615776495808,0.0973467599726723,1.6,0.0
38111.0,1.18447306591062,0.176417861009068,0.236807823028825,1.1559342198728,-0.414349435009317,-0.987346747389946,0.172780448249569,-0.169182448282547,0.171186498170771,0.0380948925298543,-0.608656233814772,-0.485167048464939,-1.26652660830561,0.648751127479951,1.0626309666931,0.11217544466448,-0.352308845540911,0.00989133461315275,-0.372164670979518,-0.163254371221035,0.0314082224993601,0.0067910717192605,-0.110509288277375,0.364766635218802,0.633398631128327,-0.327437707054804,-3.14634577077072E-4,0.0229513983997107,34.84,0.0
41397.0,-14.9703456545046,8.40142101040258,-16.8672384869515,8.25233430637468,-13.5651304873758,-2.78243755853826,-14.2637353490007,9.64341914576661,-7.70149868394332,-14.2266980575287,5.61099879659254,-11.7939788348294,1.59838653001563,-11.6069703760766,-0.0441804437896824,-9.28695473739369,-19.8997264249367,-7.518050849236,1.24351749943488,-1.61466005601289,2.71404480183882,-0.101355310559619,-0.439665974014017,0.519513861479409,0.789327982433797,0.0643574266343142,-1.62138568643941,-1.10481920857705,273.01,1.0
71291.0,1.14785212771739,0.228040107485166,0.245289500877518,1.15527717053006,-0.28964999903788,-0.939342396049595,0.306440831926148,-0.26402158700201,-0.0708053099512703,-0.0176633555425392,-0.34297607042881,0.35696168111554,0.32330923957804,0.337389363663121,0.891583260931461,0.0420342927323038,-0.444332979348539,-0.178752623320668,-0.387088683346661,-0.021260523585539,0.0612442793800158,0.125176255937756,-0.147640238941376,0.403630152298002,0.680524432059957,-0.334513755237229,0.0063082663138918,0.0297405131610957,54.6,0.0
93834.0,-3.7656801220835,5.8907352377921,-10.2022676310229,10.2590359766218,-5.61144841660942,-3.23537557925717,-10.6326834778618,3.27271632618119,-5.26890524285018,-11.1821254546586,8.87947566765026,-18.4311310279993,-0.232822027713119,-15.0216572999306,0.141186252914787,-12.1863624982841,-20.1655673800665,-7.05165135326307,2.50082720798487,1.19413732146866,2.24560593428534,0.546320674537693,0.381853427747185,0.382024544024505,-0.82103649456311,0.394355120127285,1.4129609931535,0.782407053763083,0.01,1.0
34368.0,1.00133152932619,-0.827394003241073,0.111527794397663,-0.00122747920355193,-1.03678194237358,-1.03777980561016,0.100276646005997,-0.313541262010802,-1.14027317553924,0.644662038704266,-0.418257132675795,-0.057686016392939,0.241449435492134,0.331980172209966,0.825750399237153,-1.25218675948558,-0.0580351412788337,0.507727416802877,-0.723165698588133,-0.115486114264942,-0.746980277273621,-2.20441571165194,0.176205046353303,0.319985618875445,-0.115476388550109,-0.042621855384406,-0.0638445974890131,0.0557131184020796,201.95,0.0
5065.0,-1.02763253039723,-0.13998181462373,2.58086654072883,-0.735858854713514,-0.37238682871007,0.180937307209495,-0.266547122131161,0.453074100823731,1.9316225713141,-1.40961556294103,1.65429894913278,-2.44358647957241,-0.651849628736537,1.38035563497438,-1.98210879514007,-0.00996472067140474,0.805770543668174,-0.0358957895903484,-0.530789468923575,-0.141757843642424,-0.189176291944682,-0.38368116001187,0.0841716559866182,0.176029782340256,-0.34545898171574,0.747239780800577,-0.030328885119248,0.0771261873182808,46.9,0.0
49685.0,0.98077337864174,-0.760750671584561,1.02375758890386,0.0897505911123154,-0.934654737693392,0.868597453383478,-0.931571363177044,0.540344294086461,1.12852882906442,-0.357777263612087,1.13579764981944,0.749444624476864,-1.44154545559852,-0.0311492623382463,-0.347780952247488,-0.446877427518936,0.532649641639922,-0.879866123090281,0.0234528424754711,-0.109116924854214,-0.109866575202524,-0.202212421360739,0.0986167722419477,-0.233035712779823,-0.10416115602187,0.982860509303018,-0.0225848431692259,0.00362442281912488,60.0,0.0
93920.0,-12.3810482122443,8.21302215295327,-16.9625296493409,7.11609059812684,-9.77282635905051,-3.66683564785878,-16.1473633736285,2.07870595319163,-4.25065683444105,-16.7460441053944,7.42580096307482,-15.5648376012203,-0.426338420425742,-14.0295376738875,-1.68188923012087,-11.1337609764854,-15.8335888785336,-5.74853293843859,2.27108150670047,0.53779490001906,0.1677033350947,1.5034133341063,-0.767755381526479,0.371951476263823,-1.41563947948017,-0.517022160118675,-0.434620522533755,0.292721057342818,97.0,1.0
47036.0,0.888446418070989,-1.29511387206612,1.43841378468216,1.09228854443932,-1.9387357961821,0.285593888425118,-1.07633446549168,0.197496565277499,0.308713798894405,0.487437843329451,-1.44992214688647,-0.0198007089112909,-0.33616733860542,-0.733965147158209,-0.648892721287177,-1.56896493516517,0.263506193811521,1.42085281658029,-0.936436848735779,-0.235197970630874,-0.269736152761744,-0.3863656528705,-0.132762557742192,0.371644145262658,0.289218963066751,-0.284227795056862,0.082227031562972,0.073769430513338,185.0,0.0
82309.0,1.28030976689422,-0.942853926873673,1.03110840782875,-0.655626067720177,-1.80191621594251,-0.583460423143741,-1.27089603926755,0.207520162968423,-0.28937876628789,0.843066912804812,1.13101530172929,-1.22594367341743,-2.34087701494638,0.269267019790837,0.678769139405692,1.73650643962439,0.0255967740806991,-0.110981956543698,0.446466422001955,-0.0311383595359461,0.428457441409642,0.990930709266051,-0.0753247127250696,0.510272152754232,0.27707600449638,-0.0726421422297609,0.0140673271716949,0.0154064972946116,29.99,0.0
90800.0,-0.88652521389528,1.00445016582541,0.924780821751509,0.0871402113775157,0.786467439008183,-0.0966589405442707,0.827427206796055,-0.407402975660319,1.6508156141542,-0.0965108515442916,1.84941713116819,-3.15457722420308,0.19792713731772,0.0626731789841851,-0.47393373934583,0.242356127537112,1.06952847822833,1.2326844710047,0.633351216366646,0.183359233426875,-0.463385738346878,-0.520659938108112,-0.535491376402977,-0.630637995960153,0.537059685540419,0.409899632153254,-0.269583305348866,-0.39056498356819,49.95,0.0
40662.0,-4.44684654752268,-0.0147931576652609,-5.12630699550863,6.94512997633611,5.26925534782033,-4.29717716297717,-2.59124168468427,0.342670615268881,-3.88066304488519,-3.97652513857503,5.73008435556377,-5.03186814827248,-1.13543910933334,-10.7870505700202,0.265456230525684,-1.10421746262461,0.636412737308571,0.994101368746143,-0.688720555143152,-0.108006422684084,0.247912823388783,-0.0495861794607239,-0.226016961592253,-0.401235601042542,0.856123603036307,0.661272426708284,0.492559738814261,0.971834350005126,1.0,1.0
121019.0,2.21422996641486,-1.51315702140472,-0.926922126937791,-1.42764063937226,-1.44791090288052,-0.932174416959701,-1.04146196357529,-0.25063118340301,-1.09837024001193,1.57033941902881,-1.13542310193581,-1.07334778940937,-0.0973070266709629,-0.320937807379948,-0.10290007896918,-0.634212744437577,0.579054983782992,-0.0305985860380638,-0.245604743655458,-0.400828027573416,-0.0545539168894907,0.28729790659095,0.142639221418486,-0.0968912272830959,-0.143387746338398,-0.0609719022568749,0.00439648416507557,-0.0471912380693936,55.74,0.0
3534.0,-1.5672486230959,1.11441215265351,0.857192030324511,0.307371063394045,-0.681452309314718,-0.85016611695386,-0.241826595763942,0.883799539825363,-0.121799578654523,-0.765837507983805,-1.3326980411713,-0.183502795815652,-1.23524843031952,0.669827508609563,-0.338437799919475,-0.119977152401574,0.461649594319867,-0.310668361405101,0.389778556773384,-0.19545521279862,-0.0925192065100718,-0.431667814468491,-0.111279236504113,0.391206555898012,-0.0422278845002974,0.231543817479237,-0.0491617093683728,-0.0167276162328547,4.91,0.0
13126.0,-2.88004235163471,5.22544230971559,-11.0633302799459,6.68995065770063,-5.7599239886738,-2.24403079081521,-11.1999752166959,4.01472180864313,-3.42930426351801,-11.5619497720699,10.446846814514,-15.4790524832016,0.734441608104148,-13.8837785491112,0.821439545395249,-11.911483017197,-18.1030037037729,-6.83783453880068,3.12692935212663,1.19144396640797,2.00288287701632,0.351102064721284,0.79525514045211,-0.778379381413672,-1.64681511254223,0.487538823287331,1.42771309550336,0.583172486219188,1.0,1.0
36234.0,-1.00646085744679,0.74716882571203,2.25086235555129,3.29306126346228,-1.19256493977172,1.06204638774308,-0.0198506819495096,0.776247777521722,-0.81411177583446,0.0146533556945095,-0.803309388267834,0.0250263132054016,-0.29187153346812,-0.0571684367375512,0.055282592398803,-0.627509971534143,1.00929678991932,-0.48760575235616,0.677659397209446,0.275791756369144,0.0795057790215912,0.0911435253431584,0.381720692344864,0.391022125101038,-0.429225692967498,0.12732794749461,0.0231912113241573,0.0831667496553568,151.85,0.0
78725.0,-4.31247908052279,1.88647569827836,-2.33863356144698,-0.475242891532036,-1.18544386151204,-2.1120788975769,-2.12279296550593,0.272565132222544,0.290273064048255,-3.8337413849476,2.50978140392157,-3.61123136485112,-1.02429952994167,-5.29192495475268,1.6498073488757,-3.26265841898301,-4.33311795972043,-1.86304896791862,-0.00953360656837195,-0.718705614884897,0.550540662080627,-0.0678702198276179,-1.11469186343039,0.269069433187685,-0.0205724593187757,-0.963488862263668,-0.918888353795928,0.00145356217673386,60.0,1.0
50066.0,-0.759662499396522,1.49579946555285,0.774010475879503,0.52835625771575,0.814694024488583,-0.653913773223204,1.12489874502602,-0.115149627464153,-0.755662743400844,-0.675340239215054,0.147890638529203,0.155841475844815,0.570479037130434,-0.924607761886165,0.857233404214325,-0.199465596733819,0.756135085191328,-0.185572805319088,-0.640571811487838,0.109896471590488,0.0111579952092708,0.178190132523367,-0.241824675103514,0.00208329010899782,0.20407633781427,-0.373519270351499,0.241185696833392,0.21214017807904,16.7,0.0
29813.0,0.734762618309827,-2.44425274644017,-0.848127407509862,-1.22815487763418,-1.20404381441257,0.0775478653303488,-0.28260882968281,-0.16496971657594,-1.93767297890261,1.37919873978713,-0.176141545150272,-0.82730227074007,-0.188387799005093,0.00798985032043568,-0.870903057832265,-0.354846891237843,0.255188896351067,0.727902937870774,0.648144588059692,0.530122511136455,0.0190275537763769,-0.47077292607277,-0.614387986136571,-0.825835400072173,0.621009531684177,-0.0524103295005078,-0.0752182326103017,0.060876271550787,445.88,0.0
60956.0,-0.67004142738771,0.807659088095444,1.96188587296842,-0.545528664659064,0.0776546488795588,-0.71968408829281,0.949058469465614,-0.199061696246619,-0.45367671429686,-0.245937948086454,1.34505697051413,0.170205385885521,-0.997794914738858,0.27634038945271,-0.137819039512185,0.525888772893544,-0.874391432785458,0.0850431827422873,-0.365221235894933,-0.0981521309961838,-0.151676623870874,-0.490994417004383,-0.0772460360547926,0.491364230194967,-0.292347863830742,-0.116617977145825,-0.268658265190509,-0.125248774126434,18.06,0.0
120608.0,1.49995996888534,-0.90966627328624,-0.131926554830811,1.53095507847773,-0.303751087056931,1.47538513993425,-0.715668224668862,0.4987681483702,1.43325007947935,-0.209117727828082,-0.684111195546124,0.89178993815784,-0.134561928997101,-0.347852871000806,0.0849576800256213,-1.00020935896693,0.62626430624748,-1.71537917709655,-1.31082677028996,-0.0901143499732449,-0.0411316476998061,-0.00213466876014218,0.283861583047878,-1.07526378188192,-0.564013494383665,-0.779452113979636,0.105735309349567,-0.0112687535823138,150.0,0.0
58060.0,-2.63059770314604,5.12575923008793,-6.09225454651378,5.52739306209755,1.60514485494011,-2.31988352953118,-3.20707570564086,-1.48258321071708,-5.07487063178104,-6.77833138248069,5.72525459149638,-6.94917182528041,-3.12779501198771,-11.090424813263,-0.800272569362332,-1.70750085360527,-1.68547301699574,0.274890838662414,-2.02888535240153,0.948863770149954,-0.527474204141788,0.220546094514546,-1.37110989476897,-0.504898994517705,0.382306792598482,0.395527722278956,0.782035950782542,0.62852786395406,1.0,1.0
64059.0,1.33800763973789,-1.51194492794863,1.5799585208755,-1.05743870486011,-2.38900455351803,-0.0656645695143251,-1.79884360983357,0.0606418492861972,-0.918025288444511,1.1840301773034,-0.780636692815774,-0.0951925164801597,1.66776461985092,-1.40104642770905,-0.11960027242922,-0.309758005530885,0.539621317338032,0.369882936327029,-0.339964867713495,-0.156633386407824,0.0494065080449723,0.707197475081243,-0.0910530957083017,0.447138147190571,0.310244704533678,0.0044870187923165,0.100362928058979,0.0480549138836975,60.62,0.0
96717.0,-3.7058559456413,4.10787318567637,-3.80365599543613,1.71031444791959,-3.58246604635748,1.4697289395611,-9.62156012711908,-11.9131046925977,-0.322296771337166,-6.62569249371823,2.17523030559549,-4.38107755793604,2.06329870945929,-0.673818453194249,1.40076321660287,-4.25492662033392,-5.16021301572915,-1.30252591599748,2.59445276115475,3.63960274068724,-5.49877168010629,2.94147540326902,0.916235852911927,-0.25550447969595,-0.18383483865098,-0.584538952417976,-0.315483570351021,-0.0972228121259146,1.0,1.0
9828.0,1.01195017407764,0.148228983652832,0.434979720465752,1.26270553385982,-0.135846915667431,-0.221264484269644,0.0293777153179367,-0.0488065651251344,1.0099931066047,-0.258223866917683,2.62563509966421,-1.57292466227386,1.32486284243349,2.1135627772685,-0.252221636606837,-0.1179139893725,0.42051635108117,0.138587845559333,-0.740544521586302,-0.0841239499859856,0.00987986681281719,0.152796596762081,-0.104312588572921,0.174068886117778,0.50252880148253,-0.374204514632646,-0.0144635246949166,0.0141875642259019,74.2,0.0
80888.0,-0.660468132299478,1.17304924176253,1.16919296891217,1.09207472970734,0.0245755202756306,0.536489093187735,0.120536934130591,0.666339418210922,-0.91556154561615,-0.336849118184845,0.802635317326619,0.898562042988484,0.0815545040408791,0.591526198092643,0.00480697059428174,-0.489492321469088,0.228110624573064,0.0124091987566458,1.04536689334872,-0.0674553490626427,0.0103029499287255,0.0255746702168843,-0.0369187328366354,-0.309441897913557,-0.320637587890884,-0.392143041188119,0.0602644876302522,0.0745037273109242,15.24,0.0
77762.0,1.1269031151416,0.12409011896813,0.249751333782166,0.489528483150259,-0.0454601047260149,0.165529230246643,-0.253735012928553,0.288933266463194,-0.056741891492666,-0.167608198799092,1.8833518219199,0.471046269860759,-1.07773913985264,0.20071325833111,1.02908475457541,0.139408046221818,0.374090314565513,-0.56532976476592,-0.624599831168323,-0.21109918747273,-0.193919806133423,-0.581886353337617,0.192130953019171,-0.359393323706116,-0.00106114003440498,0.140317817373144,-0.00123785081531778,0.0111671356289959,0.89,0.0
75978.0,-5.14072311805277,3.56875123426923,-5.89624545735196,4.16471993013258,-4.09119263947502,-1.98996029061886,-5.47243601705169,2.42282066166249,-2.90973525837833,-6.28780335064533,3.70431215185119,-7.26754953396678,0.329269938095914,-8.45897495556967,1.35448720090917,-5.9762209822112,-10.5760149147501,-3.52516124688807,1.73797600497073,0.318995199686566,1.13113028151049,0.118021510216711,-0.332704205017834,0.139940733895169,0.324757896441424,-0.180769130367976,0.177810382911191,0.661555355551591,99.9,1.0
13291.0,1.28868537255371,-0.229337015360094,-0.712534837929957,-0.864359864982442,1.73565981706458,3.38973439196542,-0.932821135424592,0.791009015557281,1.53206071612296,-0.4855393228166,0.948887172702423,-2.43979823724466,1.78056177593275,1.65625906302746,0.724914990927403,0.834500663863063,-0.186715872312142,0.290781049194256,0.124192123432339,0.0561515544268887,-0.387515739122546,-1.06951584570968,0.116512906574054,0.976216321958656,0.14095788284875,0.763450944315758,-0.0896983457823548,0.0045793003646409,21.73,0.0
47545.0,1.17671575912859,0.557090903443645,-0.490799622910899,0.756424293386678,0.2491915585394,-0.781870546568533,0.228750322026116,-0.0408400791377636,-0.432110564245139,-0.585778431385528,2.28193937592012,0.654566719272309,-0.310379432324912,-1.04370522504569,0.513750399321109,0.399177755263914,1.14313007770305,0.256013886486252,-0.511210088142662,-0.10277180482264,-0.0621660000083396,-0.128168129786567,-0.0401759895545737,0.110040347467026,0.437891432381746,0.368808854483266,-0.0182873480981415,0.0311734033163997,0.76,1.0
14941.0,-0.619869910935196,1.07787070905385,1.72108503441687,-0.38658216150992,0.148879593769601,-0.701112740217435,0.832275306940008,-1.25283957592392,1.04169386947593,-0.843034161388094,0.589757391268559,-2.34048513265914,1.94637856419892,1.3184402417495,-0.408879208647642,0.397121201413226,-0.0133270725096233,-0.309733237516092,-0.836692240674029,-0.261139065811462,0.32421989784542,-1.1641633262685,0.191584981461042,0.296788005979869,-0.672391890732377,-0.181070668404016,-0.0469632572795313,-0.0850520219962662,43.98,0.0
41991.0,-4.56634156694274,3.35345148012501,-4.57202780762531,3.61611930403552,-2.49313810882875,-1.0899997127127,-5.55143306976649,0.44778308394893,-2.42441402571208,-5.69992228265959,3.58682418337431,-6.63622904939297,-1.1281764439465,-7.24554959537009,0.638325536245456,-6.85681003898144,-8.85187850534679,-4.5918832274368,0.936939858866071,-0.249127726683026,2.67446587862872,-0.0208799797343963,-0.302447083877198,-0.0863964000107124,-0.516059779833395,-0.295102234035121,0.195985145691014,0.141115102721758,1.0,1.0
81978.0,1.05915631233371,-0.0765986373618457,-0.194713295073866,0.359486649180932,0.0825507139413501,-0.256077213216868,0.304332250273266,-0.00330215286597414,-0.346308907727327,0.0489190669236876,1.31632617194055,0.629016610299549,-0.609431707822421,0.826159270877495,0.4134920386124,0.0661857508198412,-0.304359498849463,-0.636101027240165,0.141168740015371,0.0178755075458486,-0.282687606245,-1.06908736679688,0.0577099817723512,-0.320384184035895,0.175904727797323,0.163752075542946,-0.0714524631264976,0.00585012861301073,89.9,0.0
50544.0,1.05965886227732,-0.335422932918537,0.81857411485986,0.90184345004284,-0.696246956699475,0.16038872904314,-0.360434842508588,0.10402531176247,0.907373019565597,-0.402004322298546,-0.684223310464393,0.914438477700182,0.305809621452999,-0.530447303012272,-0.682563986686866,-0.787297953679055,0.513758962880995,-1.12984702463641,-0.0163804285235777,-0.0251037004668807,-0.0816618454403348,0.0410264576612229,-0.0828071565766638,0.171528087065343,0.435859918223402,0.550303888119047,0.00470154881545131,0.0197119568240428,57.99,0.0
21662.0,-18.0185611876771,10.5586001882538,-24.6677412485732,11.7861803616399,-10.564656569212,-2.64568119936245,-18.02346767268,2.69365540308048,-6.21946362785238,-12.7447607871859,9.31813768535999,-13.3778574339457,1.02192386777466,-12.7843458873548,-0.451145843251939,-7.55136493140559,-11.3259968724596,-4.70125277749548,0.516317073274611,1.00770320533757,-2.31947946208034,0.908838783150801,1.35290370698024,-1.05922233762791,0.185750941504222,0.687037383632165,2.07808058379956,-1.42951702264525,1.0,1.0
56480.0,-0.610767470782769,0.363315455331122,1.71233980351387,-0.715436158633809,-0.564894563371743,0.819635782011703,0.186489626814708,0.189788635672127,0.703654800314514,-0.70942344683997,-1.34959245755029,-0.205123667778195,-0.0945926934977769,-0.610845220422007,0.448926737867434,0.0298098384196711,-0.0954134839315214,-0.377759389359009,0.358202251465279,-0.101601394775281,-0.0581526460837943,-0.0129176792373134,-0.14645806837321,-0.698183574814816,-0.340458786791255,1.00858288087808,-0.189637482598435,0.0203197729162209,84.95,0.0
50808.0,-9.16978982388629,7.09219680097303,-12.3540368689178,4.24306897383907,-7.1764377547738,-3.38661804868541,-8.05801194656602,6.44290866379074,-2.41298660229065,-6.13490688724113,2.82667122820047,-6.30984277729399,-0.623002385785158,-7.27986921938704,0.924233225976226,-4.21553713481175,-7.17167241498026,-2.55033668458713,0.596364320528384,0.816651661759946,0.926156961108813,-0.817706132334589,-0.150434415715838,-0.039383059739641,0.485639753958673,-0.264324608977439,1.1596904600617,0.232758088392131,99.99,1.0
117060.0,2.12532161024468,0.277482951933452,-2.15700123891711,0.285119372495822,0.810427549889742,-0.834542254152326,0.309816251799542,-0.361048115241206,0.50442892254721,-0.549849707964329,-1.03317243393089,0.255854908237188,1.18129987158573,-1.09130368888994,0.921191332380217,0.435237267213215,0.0940162203514232,0.673675295128533,-0.131075864444373,-0.114287129733169,0.137511791093018,0.640363468946073,-0.15564493845819,-1.10819049533717,0.412997889224308,-0.0364869746136138,0.0076062243523056,-0.038141529384325,1.83,0.0
33925.0,-1.23824769656097,0.466280172448359,2.07093942667538,-1.23367134117542,-0.352107089199325,0.294712926307804,-0.561458042447713,0.803113889171906,0.132661911477638,-1.25502528595121,-1.34544913798906,-0.460276885692147,-0.159309065987666,-0.0131580299089986,1.33224100712432,1.17814032697382,-0.703264033300789,0.279757877705458,-1.07923278786647,-0.134200101220636,0.273694584490214,0.545853906072316,-0.336686589440898,-0.708216532281991,0.141378077485228,1.0925618434346,-0.12379596053918,-0.0453798081989553,6.75,0.0
54754.0,-1.30115352675073,0.0587031130442087,2.08540252801477,0.240015727536432,0.971969794659993,-0.645143906399384,0.744436495301726,-0.0770972625507019,-0.39174042860577,-0.542039316253734,-0.413838330380982,-0.471387560683301,-0.807420824500491,0.161355784606795,0.809879986272897,0.0462866906403295,-0.493748895129464,-0.428744289106147,-1.27599875946455,0.187863879921644,0.0390023635444201,-0.11868014964189,-0.0364567793135033,0.00447719094698377,0.444000404615283,-0.530623144140721,-0.159250158051117,-0.141156382597214,67.06,0.0
95628.0,-17.5189091261484,12.5721178535385,-19.0385383213549,11.1908946558522,-13.5547207079601,-0.41192361337145,-23.189396512394,-5.30141221815132,-8.63039030596902,-16.2556117491401,5.70211147983179,-13.8124040899594,-0.306815322507812,-7.01360737195925,-1.18229035380557,-9.3601791927531,-16.6683693822389,-7.14746777723207,2.16209864550609,2.52851232971436,-4.96947772242457,0.976124822110751,1.8412479337881,0.334417748210128,-0.720128461316563,-0.232603423065217,-3.02199247294556,-0.478158234859683,1.63,1.0
7672.0,0.702709900098753,2.42643280600508,-5.23451329584052,4.41666124290876,-2.17080621591773,-2.66755356121463,-3.87808845483572,0.911337122229195,-0.166199039175942,-5.00924850212751,4.67572941865677,-8.16718805173089,0.638559282180499,-6.76333439062322,1.29686025605627,-3.81175840977789,-3.75412806618729,-1.04917740227906,1.55419726345897,0.422743129198702,0.551179689117248,-0.00980235731325313,0.721698230069415,0.473245751402033,-1.9593037711687,0.31947554010746,0.600484916486359,0.129305225096566,1.0,1.0
40892.0,-2.14051149219032,4.10487145129475,-8.99685940156949,4.02839095079544,-5.13135934640223,-4.15356844523859,-9.36009513383968,1.92207487977653,-4.02618037499445,-13.6913151328525,9.09528815249629,-14.1681208819376,-0.140455389751523,-17.6206343516773,1.48274041096936,-13.2568330912778,-21.675483501012,-7.82346881553754,2.9951111673215,1.72557761649372,1.85426666080646,-0.165533725878965,-0.339938978813788,0.296313762529247,1.36422533027428,-0.518995630979066,2.35233346525926,1.13062483533989,0.76,1.0
67317.0,1.15242691829687,-0.245775857953971,1.35704828500832,0.956366895793797,-1.36425889761877,-0.52559241344164,-0.694584880915014,0.117850237614807,1.08938639204794,-0.206570802062139,-0.643548798975348,-0.0866339074943425,-1.20894151494782,-0.148527061242619,0.306691890277475,0.123429381298301,0.0133914745592345,-0.195887608592849,-0.156669818675695,-0.183055292704699,-0.0823740986540328,-0.108290863198212,0.083491597352379,0.714880192947991,0.169080733462744,0.300486940827178,0.00910182595592609,0.0283990498533103,11.49,0.0
78231.0,-0.889308337946926,0.703348943987912,1.64785385530049,1.14707349858902,0.400017262654204,0.630308169341201,0.522746111871032,0.230761875655052,-0.62348593099191,-0.125230531947629,0.718772810603606,0.324973627805161,-0.839549670770188,0.311015886710596,-0.260498696008517,-0.888671341414017,0.338970630055037,0.00239024354180137,1.25263907440816,-0.0144653534791616,-0.0125247197072344,0.0851128371277723,-0.355281800579795,-0.290779440003079,0.435105773074361,-0.137243929221808,-0.00399662613332324,0.0556028089894065,51.58,0.0
7526.0,0.00843036489558254,4.13783683497998,-6.24069657194744,6.6757321631344,0.768307024571449,-3.35305954788994,-1.63173467271809,0.15461244822474,-2.79589246446281,-6.18789062970647,5.66439470857116,-9.85448482287037,-0.306166658250084,-10.6911962118171,-0.638498192673322,-2.04197379107768,-1.12905587703585,0.116452521226364,-1.93466573889727,0.488378221134715,0.36451420978479,-0.608057133838703,-0.539527941820093,0.128939982991813,1.48848121006868,0.50796267782385,0.735821636119662,0.513573740679437,1.0,1.0
60405.0,-0.843964253462635,-0.6463540114749,2.72172457741915,-1.47026268607472,-0.742295310557606,0.121633175221714,-0.227974109387105,0.160197093449875,-0.157990284638514,-0.221061247142739,-0.996994373148483,-1.44451900442582,-1.76383656855258,-0.904174242376971,-0.801580813546657,0.601155267960035,0.737700237618237,-1.7006188863706,0.0466569200565772,0.164469871934872,0.0589597094563017,0.215034296220004,-0.121153059801342,0.0403533775399568,0.274789147766035,-0.326433966614496,-0.11475543615383,-0.155842356161526,60.0,0.0
85285.0,-6.71340697159693,3.92110415204576,-9.74667821737542,5.14826254938013,-5.15156271985187,-2.09938865681113,-5.93776683170198,3.57877960420447,-4.6849517505833,-8.53775768653457,6.34897930341209,-8.68160893168352,0.251179384774619,-11.6080022570993,-0.351568782034355,-5.36356643348466,-11.9390915052116,-3.58360287020043,0.897402406121681,0.135711322729059,0.954272201927517,-0.45108644858101,0.127214424071711,-0.339449869297565,0.394095513633807,1.07529509891805,1.6499059092424,-0.394905372194808,252.92,1.0
81101.0,-0.842342245628301,0.72084197435307,1.38646239078523,-1.10403395505115,-0.107363810842948,-0.365886062126729,0.526719406905126,0.153761010992254,0.669072891981564,-0.573309219136782,-0.815520350857181,0.0444917521542238,-0.714960986912169,-0.350931332826249,-0.747565669455239,-0.456961810116324,0.163842897457071,-1.04599282005284,-0.654734122665193,0.0491530977948528,-0.0639899570170641,0.203550089391259,-0.116610060885416,0.153105298680722,-0.197164171506462,0.935985161743702,0.407459270165762,0.233813484209312,10.0,0.0
39725.0,-0.288221039461581,0.706992346189748,1.09275666824042,0.489200185422822,0.614217848578023,0.7071494064759,0.442121213226784,0.373339148469111,-0.190135577216071,-0.325158583870279,-0.0749450768768619,-0.334902660488472,-1.94539616021386,0.454719951308064,-0.745628092667933,-0.280296916827635,-0.184563817003659,0.183893672699974,0.402720612561757,-0.229806270231866,-0.0603988981340637,-0.0833508488648203,-0.310982007728517,-0.882414083914275,0.249473173291109,-0.31012683498217,0.0507467040633872,-0.00224951257867086,1.19,0.0
54846.0,-2.98646550822273,-8.91229481688474E-4,0.605886830263541,0.338337780759695,0.685448451171472,-1.58195443740193,0.504206377175919,-0.233402618007887,0.636767742518801,1.01029102209398,0.00451796796642434,0.0443966388940644,0.420853062352676,-0.931614224984722,1.14797368277192,0.48306309357216,-0.152470829644753,-0.285666258848129,0.0725498490088206,-0.764274258309323,-0.875146363670133,-0.509848660993286,1.31391790371009,0.355064731381086,0.448551563224067,0.193489780350156,1.21458768687535,-0.0139228973515758,1.79,1.0
93860.0,-10.8502815883108,6.72746568826853,-16.760583409542,8.42583167857118,-10.2526968683093,-4.19217104406337,-14.0770860104531,7.16828793346092,-3.68324217370244,-15.2399619587112,8.03070840755191,-16.0603057628826,0.270529742348469,-14.9529810390579,-0.241094883743813,-11.866730636746,-15.4869899240937,-5.74865155747378,4.1300314273319,-0.646818272966729,2.5416369467068,0.135534921100722,-1.02396689219897,0.40626452579196,0.106592778669641,-0.0262323892202069,-1.46463002356247,-0.411681819907858,78.0,1.0
35749.0,1.07743279586882,0.163642432113818,0.336771498315795,1.02836847200365,-0.156984762370161,-0.276120007405658,0.0891852690792854,0.0291839836683277,-0.302092042000003,0.122767851347392,1.71282112444309,1.04246557107466,-0.114572792235916,0.629761026268639,0.458106631874076,-0.103026925937897,-0.324658786279003,-0.167406622861339,-0.527410350522125,-0.0997047254947282,0.141308684163971,0.374646486906313,-0.0873610184235189,0.238938331203979,0.54563972970464,-0.332522851379055,0.0203091309177199,0.0148809451220562,38.8,0.0
41233.0,-10.6457996485752,5.9183066586857,-11.6710425949575,8.80736917876038,-7.97550136587277,-3.58680634405361,-13.6167970541448,6.42816934590602,-7.36845129274034,-12.8881582878915,6.85495311388866,-13.2116950297251,1.03561234332246,-13.7789556397675,1.04044835530024,-11.2903278082585,-20.5780220491922,-7.54782411219534,3.11847976563045,-0.0461701790327979,2.57196959291347,0.206809359357246,-1.66780140024191,0.558418754024331,-0.0278978765982558,0.354253781525514,0.273328726801416,-0.152908080809092,0.0,1.0
91524.0,1.95485173775774,1.63005630331209,-4.33719968092597,2.37836729179698,2.11334786136033,-1.58385066673113,0.65374545254113,-0.192892012453504,1.21760825458778,-2.8290982053899,3.50456779253823,-3.9181998797616,-1.01579192974001,-4.7045087050312,-0.968553075532043,1.85477191713001,6.02439676670687,3.53125033477791,-1.1962847755939,-0.230640095367639,-0.474437304644058,-0.974624666273666,-0.0481545042172499,-0.0235242678879109,0.362192024107476,-0.570709266940076,0.0256187202949634,0.0818803891570235,1.0,1.0
120228.0,-2.50757617179065,-1.1376409352515,1.17886486607617,-0.206782777841114,0.948675237825061,1.9360150491124,1.36481606363625,-0.261164876422449,0.734636082764993,-0.145945481139525,1.02311653706049,0.44403554746642,-0.499038602381711,-0.447661950953078,0.736989857279677,-1.10357925682928,0.0742449125563232,-0.988394260944357,0.872836848515745,-1.19570008461844,-0.785328952783119,-0.439877055328411,0.496235312216874,-1.64682095862015,0.342501907285524,-0.712642001451678,-0.134268215646411,-0.537530310442124,242.18,0.0
69152.0,-0.650567921628315,1.07661597505489,1.63102185791812,-0.25107818419474,0.530846692864743,-0.258376703339839,1.11458732960169,-0.43875709798857,0.158142220767184,0.868437222598248,2.20458511066336,0.496075848053907,-0.125559719790961,-0.95469228234625,0.558570115932193,-0.0583840635641097,-0.218768088208633,-0.270049234713693,-0.281507701740504,0.539664265754118,-0.392732875917094,-0.390677772888597,-0.0492198116625731,0.16558415734047,-0.262088137338991,-0.00311376017203008,-0.0137669856678139,-0.457496585355587,8.99,0.0
74782.0,-0.992458647320706,0.334896117946605,1.70177170522026,1.60309294401905,-0.668265084362426,1.39108603423464,-0.240922596711023,0.970353251859569,0.204074753109397,-0.707517340130666,-0.0618469927941671,0.985856584015494,-0.870975725794388,-0.119854559672935,-2.03382688852146,-1.17226278630196,0.973543927871201,-0.288087895957791,1.68698671898832,0.0851063241747205,-0.16914645795859,-0.401866680694232,0.214338269159281,-0.321951247363629,-0.338510018990606,-0.435065044991581,0.0752118056499001,0.0605703308561548,102.67,0.0
108107.0,0.0124623260973886,0.995279333003136,0.4486301698504,-0.375563846024985,0.566137608029311,-1.06567692319938,0.995534774447529,-0.344197787134182,1.0916903072054,-0.815137204133003,0.194345446009093,-1.84908247831311,2.62346493835978,1.35613217728422,-1.24642531076655,-0.169590702474777,0.271247318184529,-0.592959405529402,-0.298974782733308,0.00682744735987529,-0.391712896706104,-0.678695952212034,0.0970586435716965,0.00383768788831652,-0.475786152804973,0.0956110964202768,0.222715694742277,0.0944082878093575,11.88,0.0
102619.0,-2.48836288474016,4.35901910783724,-7.77640985018266,5.36402677044258,-1.82387723220959,-2.44514013600669,-4.96422092061784,1.48489015991725,-2.94789885841072,-7.17534972178322,7.34365210856032,-10.178995535122,2.14215063066493,-8.98305216762269,-0.473746033414928,-8.14334226244301,-9.78567719982127,-3.08651950539248,3.37971333584943,0.792274684105994,1.32567239039937,1.02122620503862,-0.266476205063069,-0.370880444896658,0.365535186093547,0.081372023747405,0.184983040876449,-0.211582455539506,1.0,1.0
118603.0,-6.67721162487866,5.52929920087665,-7.19327456474359,6.08132107951892,-1.63607097105033,0.500609583298219,-4.64077020758754,-4.33983969614375,-0.950036405131991,0.566679814004086,4.3150759158968,-4.93828359985114,-1.10570973729343,-8.49081262174082,1.00362574598099,-1.94912326096651,-3.09301268981888,0.124087074705575,0.886746966076448,-1.11868675540655,5.56330066446813,-1.60827196122017,0.965321595694456,0.16371797930961,0.0475308707267175,0.466164782963216,0.278546743051982,1.47198811731278,105.89,1.0
65936.0,-3.5934760029271,0.78144226309285,-1.82244751422669,0.605760683474701,-1.19465586719981,-0.517194856719497,-1.72252312325165,0.128889523769538,0.0149633080909052,-2.85611682977408,1.61826162043188,-3.58137450130299,0.623706919914784,-6.16045662030601,0.494733399107095,-2.54310504010287,-5.30127339068683,-2.19271270602319,-0.09472379272847,-0.478219313417121,0.351792125839819,0.391248950287018,-0.252874890557857,-0.498042480147132,0.0101721931231225,0.909928721553306,-1.47876724603751,0.722673039450917,101.5,1.0
406.0,-2.3122265423263,1.95199201064158,-1.60985073229769,3.9979055875468,-0.522187864667764,-1.42654531920595,-2.53738730624579,1.39165724829804,-2.77008927719433,-2.77227214465915,3.20203320709635,-2.89990738849473,-0.595221881324605,-4.28925378244217,0.389724120274487,-1.14074717980657,-2.83005567450437,-0.0168224681808257,0.416955705037907,0.126910559061474,0.517232370861764,-0.0350493686052974,-0.465211076182388,0.320198198514526,0.0445191674731724,0.177839798284401,0.261145002567677,-0.143275874698919,0.0,1.0
8408.0,-1.81328048476897,4.91785071056565,-5.92612969400656,5.70150043141163,1.20439257214362,-3.03513754815611,-1.71340206347108,0.561257390902032,-3.79635425171163,-7.45484065078351,7.38805512292025,-10.4752286504099,-0.379314526756117,-11.7367291212569,-2.08698895215593,-2.44235398293755,-3.53552351168246,0.130360306640887,-2.07145048844325,0.576656033332069,0.615641835107552,-0.4064272753179,-0.73701807643754,-0.279641772215917,1.1067663744335,0.323885477719453,0.894766671515833,0.569518600269514,1.0,1.0
93853.0,-6.18585747765758,7.10298492227346,-13.0304552638937,8.01082339822486,-7.88523736131971,-3.97454999359808,-12.2296077786617,4.9712317023058,-4.24830701294998,-12.9654812039222,8.68830799242781,-17.1829184301947,0.0695769150313325,-14.1161560074304,0.959031717400206,-12.3753337375636,-18.716764511809,-6.52201457322122,3.51795494036344,0.483930108481186,2.50277241039945,0.481691289576756,0.480957977547458,0.360318638811951,-0.293354295977635,-0.199193157971208,-0.203917328209747,0.398927185850218,44.9,1.0
47941.0,-0.467680850057864,-0.476152915899375,1.99814067240358,-2.43901510627874,-1.21674552760242,-0.854790512096844,-0.372405814272107,-0.199735378790045,-1.5844559519276,1.32596645509142,-0.901324959861623,-2.03075987573568,-0.982035014177751,-0.628836047644316,0.390198136358615,-0.0395713917274953,0.0912166600800871,0.538422658068742,-0.97869166452658,-0.247195528995896,-0.0641668889906401,0.343402158775679,-0.158550665024617,0.337439753309478,-0.217269519730253,-0.299898848377524,0.0805045154377089,-0.0225388092184673,19.0,0.0
102480.0,-1.92959692675373,4.0664132778545,-4.86518400996861,5.89860229319899,-0.552492585328532,-1.55596245330906,-3.83362344068736,0.679511648528001,-3.46376549143694,-6.68368922880726,7.02127774818005,-11.1024933822497,1.71175507363653,-10.447632938235,-2.79907615915518,-6.26174085045904,-11.6471577741668,-3.45143614190286,-0.507536514254236,0.942488941965831,1.13721164676769,0.674245235425331,-0.531765489027487,-0.433409350510738,0.378658562357166,0.198107291025294,0.869694411928137,0.228047851815119,0.0,1.0
12393.0,-4.06400473842815,3.10093489093256,-1.18849800365476,3.26463274045175,-1.90356235801726,0.3203505872957,-0.954940039087007,-3.27753491983773,2.82082866173719,1.01511287978593,3.18718689736493,-7.00432728360605,0.872710605485111,-6.22060535304292,-0.904444629573358,-3.07509188469837,-5.04473569177435,-1.71808268516882,-0.662462068430895,-0.531897693292296,1.68866543097474,-0.0788446980063478,0.19373092657711,0.479495953884992,-0.50660305739906,-0.409862744197452,-3.03627132936069,-0.630605198840545,179.66,1.0
32764.0,1.17018514084019,0.553330650809935,-0.274793433484653,1.3958155490821,-0.0505576334645036,-1.00393274180306,0.117175239226123,-0.0238332940527987,0.159958652869421,-0.672450395956167,0.325033159702203,-0.895697442621665,-1.96536649311147,-0.924360570207571,1.51819648375425,0.294711433451515,1.39569183244041,0.261739376829409,-1.09423099331948,-0.257514597804528,-0.0397250729716854,-0.0974431814951943,-0.0318585836460809,0.216743096180103,0.512957754631267,-0.311755235643413,0.0402013657756197,0.0534638428129977,1.0,0.0
75509.0,-2.72349148712909,0.0962128829341945,1.5045823755413,-0.0290837921119378,-1.14116781065939,1.01643302141824,-1.42643715672613,1.33253817529995,1.33639174681755,-0.336885885423543,0.0396794750974825,1.73279868330981,0.454797461841213,-0.866943843851673,-2.11480071170543,-0.318189648451768,0.627916598575627,-0.263866951894223,0.858046966908262,-0.485338083750797,-0.0803996408658999,0.570061446079861,0.443571591260797,-0.190985313515687,0.0484090639460046,1.12991518510649,-0.289285567030834,0.215004130834809,15.37,0.0
100298.0,-22.3418888868038,15.53613332478,-22.8652284959099,7.04337354768731,-14.1831291919342,-0.463144880408286,-28.2151120538009,-14.6077905214735,-9.48145633401495,-20.9491915543611,4.73958247105186,-11.9249546896802,-1.50141102577851,-3.83678146634435,-2.72032883823594,-8.88010567222989,-15.8251362851177,-6.75042522352437,-0.129188144339879,4.10001904830367,-9.11042257588182,4.15889482041313,1.41292844456256,0.38280067392155,0.447153952515532,-0.632816336434319,-4.38015425911661,-0.467862869164174,1.0,1.0
12093.0,-4.69679522444504,2.69386747884008,-4.47513271259153,5.4676845487781,-1.55675807549758,-1.54942028904253,-4.10421487278526,0.553934075416293,-1.49846813107494,-4.59495176285009,5.27550585077254,-11.3490285500915,0.374549235103921,-8.13869488434773,0.548570894168134,-6.65359434741365,-10.2467554066001,-4.19106626655491,0.991486122257293,-0.158970548660611,0.573898081112651,-0.0801627753981571,0.318407817148194,-0.245862202650853,0.338238431564141,0.0322706213908033,-1.50845793363219,0.608074682590101,0.0,1.0
82881.0,-0.888461472005866,-4.58930170696158,0.302576196854847,-0.863708262502852,-2.73532957112834,1.39493284886918,-0.365220600891913,0.489701379529341,3.52316855919584,-2.27913232620331,0.731762496941379,1.3545985695068,-1.94512720061239,-0.287662932216847,-0.251708688388132,-1.71718307547685,1.09744974995276,0.273867854246962,0.783365876658374,1.76259266952307,0.804601972258973,0.661209521677674,-1.04822812072968,-0.170969022567526,0.148240883015388,-0.5566483431377,-0.0124032933569105,0.19227771867468,1016.76,0.0
52309.0,1.27187184143984,-0.498031050814356,0.558904330582646,0.0103633041197164,-1.13082260222368,-0.675791629417939,-0.552408140918272,-0.00604609256547238,-0.729752674596946,0.756799498222813,-0.289139406450944,-0.750521876734129,-1.29328906888491,0.479905481053109,1.31363384973193,-1.53000765531389,0.33086908371023,0.640885522054968,-1.43758709042006,-0.621261451957411,-0.42401142367094,-0.821239841217854,0.191678748353288,0.342298458726657,0.0623510160271979,0.27579083306137,-0.00150356144125234,0.0199819307896621,20.0,0.0
91407.0,-3.95120850670532,2.88180518239049,-6.42149029451106,2.43418142416554,-1.32732453838007,-2.12210598673342,-3.2275333300383,-0.68556047558208,0.775985124963588,-4.72309174576035,4.921657447038,-8.75277008726404,1.52019774197935,-8.5520227319441,0.351975957711389,-4.5340297530839,-6.46540863418339,-1.89030997911689,0.174840185624481,-0.669351428982036,1.41047856462921,0.279402820830601,0.570821171370176,0.65627101478476,-0.298600548903483,-0.407571358894306,-1.37870253026193,1.37913029153249,52.69,1.0
28261.0,-0.723220517252023,-0.293325733132498,2.47559773686018,-2.59543060048983,-1.13671485088262,-0.534697559152683,-0.304013512797847,-0.132677446059421,-2.23157085250301,1.32801337300317,1.286610564121,-0.49455890002216,0.438087588185284,-0.746060320887923,-0.423147354282558,0.0285371984954263,-0.140054779029359,0.768741855428573,-0.743268809348189,-0.112836955634251,-0.0323956770522036,0.453036382020542,-0.291601641756504,0.516777885810523,0.334269187339022,-0.239866549984897,0.0133313503829068,-0.0969085251367803,13.4,0.0
26961.0,-23.237920244511,13.4873857909274,-25.1887729688701,6.26173255148578,-17.3451881651558,-4.53498915241687,-17.1004924771637,15.3746300252798,-3.84556677176243,-8.51176669710133,5.1385473219039,-7.22001986441493,0.615793286019405,-7.3272215995796,-0.0386320690669864,-6.33151509399145,-12.6888576275064,-4.84738160696153,1.02053587929144,1.63078748322503,1.76970812949114,-1.69197330547661,-1.04567292278161,0.143386499863412,1.61157707182701,-0.221575644736264,1.48123260638065,0.438124804842523,99.99,1.0
77658.0,0.996756387265042,-0.802593411506773,1.02246061276425,0.157895755715244,-1.19384098588755,0.38023963663446,-0.875022441690967,0.430343700877961,1.22550847521146,-0.301386691295821,0.798275579517118,0.331237376570241,-2.03883240123057,0.0667445494501702,-0.53307790676336,-0.117590893384058,0.283852849892807,-0.343876113646759,0.38914332370291,-0.0878287103314424,-0.136780246172308,-0.377093268569507,0.0617531884797227,0.0428254330757129,-0.0558355651126737,0.95454122376597,-0.0459641655901965,0.00801844711063565,74.34,0.0
59283.0,-1.3763711868971,0.333958783396213,1.01766597998038,-0.35195680866814,-0.254560713523659,-0.382888570737139,0.642953951816462,0.580813407958979,-0.824432518230725,-0.903658155000641,1.22890934064584,0.400702266006944,-1.12246009515905,0.964388636919858,-0.101400421632047,0.410391394509343,-0.303323627037331,-0.208583168997143,-0.84815279677881,0.0533846154328696,0.131986481817976,-0.231246604493342,0.345790985679079,0.172532152400069,-0.347238124625799,-0.0180762453603423,-0.10315404933105,0.00502383941467287,141.13,0.0
40276.0,1.15937314510686,2.84479469928473,-4.05067950821309,4.77770088131929,2.94898004123771,-2.01036111013216,1.74408581794948,-0.410286521869204,-2.45019774688553,-2.04216786301424,1.84409317018026,-2.42593281501277,-1.5842751343556,-7.2083115791564,0.459828383286257,2.37529619792022,6.4435098643744,2.59184606301795,-2.88977035831304,-0.059264385833904,-0.176541018596848,-0.433469859425429,-0.529323202003731,-0.597019604985794,1.33595405267787,0.547092070642555,0.00997894426391215,0.160769150049196,1.0,1.0
54681.0,1.19191518588047,0.138644558183934,0.130031229162475,0.464984033945569,-0.0991481026104936,-0.125235202657461,-0.201277108273988,0.187053273077589,0.0158904354679451,-0.114031247289884,1.30723211261136,0.112516185425387,-1.30234592311546,0.212560732433007,0.832006670401071,0.547850313156357,-0.0124621431443784,0.0362660067511713,-0.133462055823407,-0.18529945624294,-0.246801229558297,-0.785001775916769,0.123414878194048,-0.388927542138527,0.106821007136693,0.131973076964382,-0.0205592057134962,0.0107533787101846,1.98,0.0
8090.0,-1.78322883722709,3.40279371307631,-3.82274226552205,2.62536815276644,-1.97641541136284,-2.73168901231308,-3.43055914949085,1.41320351399318,-0.776941494554916,-6.19988176274188,4.36671348631445,-8.24326243368313,0.345761165232579,-6.59055029705192,0.265576095932165,-3.02845238846152,-4.21448627485607,-1.21360784773725,-0.265421595374812,0.364089115014408,0.454031931736316,-0.577525824201459,0.0459665375362652,0.461700017592254,0.044146161217817,0.305704433918549,0.530980986346765,0.243745598122111,1.0,1.0
93920.0,-12.3810482122443,8.21302215295327,-16.9625296493409,7.11609059812684,-9.77282635905051,-3.66683564785878,-16.1473633736285,2.07870595319163,-4.25065683444105,-16.7460441053944,7.42580096307482,-15.5648376012203,-0.426338420425742,-14.0295376738875,-1.68188923012087,-11.1337609764854,-15.8335888785336,-5.74853293843859,2.27108150670047,0.53779490001906,0.1677033350947,1.5034133341063,-0.767755381526479,0.371951476263823,-1.41563947948017,-0.517022160118675,-0.434620522533755,0.292721057342818,97.0,1.0
8878.0,-2.6618021745564,5.8563932148043,-7.65361621324071,6.37974188053221,-0.0607121191362683,-3.13154973153662,-3.10356974550479,1.77849156945338,-3.83115371623455,-7.19160424618226,7.10298858788516,-9.92869994299538,-0.0674983775194601,-10.924186865147,-1.69791397714032,-2.37942098527078,-2.77511389701838,0.273798971252603,-1.38218756352589,0.399096860264863,0.734774950378595,-0.43590118187623,-0.384765904180568,-0.286015663843443,1.00793382365812,0.413195532462339,0.28028415690056,0.303936550639395,1.0,1.0
35845.0,0.853073612054449,-0.584956754819079,0.798535835575491,1.37989721502062,-0.783840875773417,0.53919018537717,-0.463985822394327,0.363251557767586,0.828068130763807,-0.117320169729585,0.690831524689661,0.517493910550264,-1.72178595021094,0.19084158797862,-0.831216364260058,-0.408390034519095,0.161388990633435,-0.0274028046229897,-0.0782034641132334,-0.0346250223082499,0.0896965395338977,0.220788940422935,-0.182985893213607,0.00829794917395929,0.478191520662709,-0.271482210582087,0.0390415551100237,0.0310020953684228,126.52,0.0
15478.0,-1.05531757223549,-0.406116884565342,2.1815845719555,-1.33770504420695,0.216770912489092,-1.46411029759476,0.266622824543088,-0.358862488008289,2.43784137831286,-1.84691996421638,0.577047703710666,-2.10332687782154,1.08984792154822,1.11886470381255,-0.551333017121913,-1.42426936988962,1.18099859839222,-0.0282844964124488,1.02829935169193,0.261307392459136,-0.122869639819684,0.0590866272173289,-0.199684194783785,0.716826380109318,0.557305658309607,0.0865931985652975,-0.178856200937268,-0.152721684883583,37.46,0.0
22666.0,1.24408851435649,-0.423525336358068,0.637255585881595,-0.748786805564332,-0.651342433254924,0.149650047014195,-0.82351874296522,0.14014082565523,3.33041582915815,-1.46508612077068,-0.213574077927698,-2.55966736479977,0.595174713877634,1.49174622107497,0.97366774340605,-0.464783840320671,0.62564906742746,0.427296314081856,0.315030399612913,-0.22404700457864,-0.196873468643424,-0.110666225471745,-0.094139470754255,-0.834468608235404,0.473988225577833,-0.640770351286969,0.0728430765262719,0.0164120279152337,11.85,0.0
82289.0,-1.46489654758402,1.97552752738073,-1.07714453940265,2.81919063998449,0.069850228405671,-0.789043629709432,-1.19610144945515,0.673654375004339,-1.36372387646135,-2.9328952580311,0.301368829965399,-3.24614143685335,-0.465640147552938,-5.42936187944371,-1.30498291640657,-0.953623442669269,-2.72734300093373,-0.63643691865914,-0.927124072666602,0.048968800272123,0.174099465690177,-0.272505290211891,-0.0315494503920774,-0.406165929676999,0.157768979757404,-0.104392920359594,0.0737955599806211,-0.0415702518454821,1.0,1.0
40662.0,-4.44684654752268,-0.0147931576652609,-5.12630699550863,6.94512997633611,5.26925534782033,-4.29717716297717,-2.59124168468427,0.342670615268881,-3.88066304488519,-3.97652513857503,5.73008435556377,-5.03186814827248,-1.13543910933334,-10.7870505700202,0.265456230525684,-1.10421746262461,0.636412737308571,0.994101368746143,-0.688720555143152,-0.108006422684084,0.247912823388783,-0.0495861794607239,-0.226016961592253,-0.401235601042542,0.856123603036307,0.661272426708284,0.492559738814261,0.971834350005126,1.0,1.0
41313.0,-13.8972058704019,6.34428045616839,-14.2816664432471,5.58100899740718,-12.8871331616131,-3.1461763671985,-15.450467216827,9.06028147442157,-5.48612077680694,-14.6764702497464,5.1483517210937,-10.7495919949504,1.58548896754337,-9.79801207658904,0.733276999106463,-12.675268899047,-20.7406637223494,-8.15366802624724,5.2283417900513,-1.02522792390103,3.05808183846397,0.941180290424241,-0.232710298333368,0.763508019302571,0.0754562386388435,-0.453839571774416,-1.50896825698328,-0.686835738780169,9.99,1.0
58884.0,-1.10493410398103,0.708015147079781,1.93221017147652,-1.22248886283483,-0.7925819422981,-0.0305419941505122,-0.370692908234935,0.81082763090951,0.327540372288578,-0.982239046671627,0.243795377349689,0.505975782326062,-0.792170384705343,0.0045588130284556,-1.03921827679276,0.801086981939901,-0.523269511967508,0.410057303902273,-0.0372777096769431,-0.106407308433855,-0.0321495748651539,-0.0565337346243241,-0.16813027100348,0.0548831352848188,-0.0867949523194699,0.857470391921365,0.129843359005086,0.074311885342465,1.0,0.0
84204.0,-0.937843305478391,3.46288948991687,-6.44510395393435,4.9321986662268,-2.23398306982245,-2.29156112129773,-5.69559392853253,1.33882463362261,-4.32237655329329,-8.0991193981365,7.18296700883659,-9.44594338249901,-0.314619967520224,-12.9914655817567,-0.136358931959623,-6.36752437517144,-12.7343938853776,-3.84512965889743,1.00766725992114,1.12953228130351,1.06655024941577,-0.521657289347299,-0.319917292909547,-0.405859088093617,0.906802159957716,1.16578389011737,1.37449533233535,0.729889341911333,0.0,1.0
71439.0,0.965830343019034,-0.335570357557643,1.22483977345839,1.21342420796337,-0.964800679393158,0.375021782976624,-0.735591070406252,0.377474074218071,0.652989982868939,-0.00597163726484694,1.2294070222213,0.650250770785007,-1.07015549598537,0.19656397493167,0.276939507705741,0.141206203422442,-0.243595463976012,0.325707149965601,-0.587536199004331,-0.117311010405243,0.237992530979847,0.692820272082286,-0.0839216083390192,0.216132866130558,0.327663582565119,-0.260653720515484,0.0654221625313928,0.0313506884572469,59.19,0.0
95206.0,1.29247651233467,-0.935426596541315,-2.98072751364021,0.536266455806973,1.41555649555673,0.309521777916197,1.24771380444578,-0.378255171180647,1.28422782968706,-0.750286928640302,0.917980886771273,-1.51649201899394,2.31564658005922,2.33923297811238,0.0298257785630288,-2.07083531332816,1.43343390492653,-1.58038187127279,-1.29178690312155,0.420331937419308,0.468878147592617,1.10863676840665,-0.452461736561461,-0.297875369506693,0.572523749125207,-0.209736635309169,-0.0954170368168215,-0.0256686587023432,379.16,0.0
115459.0,2.02823342487357,-1.40110429680698,-1.86871052654423,-1.88370563283244,1.24583109529026,3.66997120782227,-1.51691225147074,0.958299959774702,-0.0882007300530817,0.698328978885578,0.0640074578107891,-0.328817907105638,0.138640501543151,-0.249022278034034,0.634429799086437,1.18783170184204,0.0357592226421565,-1.63585899538366,0.475771945764746,0.169977148995109,-0.00890262189653498,-0.259849272275353,0.372847215562508,0.678931182218856,-0.481456828463913,-0.470877983394022,0.0209963284146687,-0.0359330078775956,71.0,0.0
76826.0,-6.61629292560656,3.56342789803106,-7.05890129814843,4.28434595524384,-5.09629887292392,-1.76861780360559,-4.93755412732933,2.74845954534783,-3.79675959454545,-6.8254901042394,3.25959475409854,-6.94389061823948,0.43597516308899,-6.94701030902337,1.01100406527995,-6.16683742461485,-10.564346602529,-4.01018815310236,2.14350179519978,-0.54163415582255,1.21597610572025,0.0411777442210425,-1.05909770217904,0.275662062254882,0.057424927985318,-0.265838484019501,-0.514636936427821,0.388590269335523,254.76,1.0
36765.0,0.859382668355156,-0.572251493769993,1.08865794931812,0.569777559811479,-0.268034278348879,2.07718360850732,-1.00010619185296,0.807433987486413,0.647365515299443,-0.285066764087027,1.92358059376282,1.50656336998861,-0.102136002355537,-0.0800913165202056,0.594657701668773,-0.899885939144478,0.779032831576495,-1.67439704111203,-1.31619890885796,-0.128095531644596,0.108479553317148,0.51255134730985,0.104031380670834,-0.967400364657533,-0.107478327597631,0.422564327809175,0.0754445732140072,0.0107365184495115,56.9,0.0
96135.0,-1.95293262584861,3.54138524292281,-1.31056140773257,5.95566359407,-1.00399266347247,0.983049267722507,-4.58723460197373,-4.89218360319852,-2.51675203271071,-2.85032390160027,2.02467408050134,-6.48774641306604,2.37646259977422,-2.24151634571345,-0.566869734947616,-3.93685691797738,-6.12719357199364,-2.32855196140235,1.56212955232854,1.96502978343686,-1.99809122812016,1.13370623369264,-0.041460872197789,-0.215378738296157,-0.865598577097396,0.212544577403768,0.532896738259478,0.357891632792824,18.96,1.0
58067.0,-0.264868683737295,3.38613996883911,-3.4549969895002,4.36762905773351,3.33606042827178,-2.05391842272465,0.256890458421417,-2.95723544083265,-2.8557972336327,-2.8084555425423,1.84750351109611,-2.4148223375383,-2.57322454244165,-6.5991261303635,0.123470382678038,2.57237180761341,6.60936580903842,2.53066979960508,-3.60265725092653,0.482513022122587,-1.39450379366468,-0.166029306744804,-1.45208118338289,-0.251814670710545,1.24346054282121,0.45278677690471,0.13221807596169,0.42459946550375,1.0,1.0
62301.0,-0.486961453773181,-0.019440024194736,1.94026767370729,-2.15996671773393,-0.920296241204639,-0.474077443273915,-0.200265263476042,-0.109366567336612,-2.96285370487834,1.11882288655927,1.26866911804636,0.00281258308867725,1.40019838832158,-0.459649998918621,-0.389520886582851,-0.403457503970476,0.254035376247078,0.495507757770194,0.297134575410811,-0.18603362977337,-0.0868515271838113,0.0729786683219975,-0.287218176133075,0.334344764569734,0.292610025800361,-0.20628613936101,-0.055198774586838,0.053706913240176,10.0,0.0
79884.0,1.30714977742358,0.279129401181759,-0.229305201730905,0.26246948718898,0.351166153872726,0.0196883910979188,-0.0335313422802463,0.0195972285898428,-0.160097970450654,-0.116677546787778,0.465880522143514,0.568675407729014,0.536166398616447,-0.203013234073188,0.473474464600069,1.05679127200437,-0.750584277822366,0.612063292011311,0.593171543205111,-0.0156968788312913,-0.321718201803558,-0.95024012476899,-0.0502373469218435,-1.04086193713252,0.369545219253025,0.159186812398059,-0.0276248060469138,0.00748500251872664,1.98,0.0
82872.0,1.56278186209175,-1.22960092710487,-1.15862969000462,-2.49617424697124,0.974909352127097,3.23763322827771,-1.47892637271465,0.745096733286702,-1.98566543910337,1.4968779823752,-0.242664058806784,-1.0267403635546,0.500079359943093,-0.174380281761832,0.750585146447094,-0.0764099375737971,0.00650158825787004,0.398705965726429,0.125492609359774,-0.188505148710507,-0.263261456519282,-0.527888370580078,-0.00688417579408018,0.982099420902492,0.546207636108818,-0.191959105253412,0.0313880192083319,0.0154444251967382,20.0,0.0
93860.0,-10.8502815883108,6.72746568826853,-16.760583409542,8.42583167857118,-10.2526968683093,-4.19217104406337,-14.0770860104531,7.16828793346092,-3.68324217370244,-15.2399619587112,8.03070840755191,-16.0603057628826,0.270529742348469,-14.9529810390579,-0.241094883743813,-11.866730636746,-15.4869899240937,-5.74865155747378,4.1300314273319,-0.646818272966729,2.5416369467068,0.135534921100722,-1.02396689219897,0.40626452579196,0.106592778669641,-0.0262323892202069,-1.46463002356247,-0.411681819907858,78.0,1.0
29549.0,1.11008574260359,0.0220468066578016,0.388873030920589,1.29877424177741,-0.243597449934129,0.101285126677436,-0.136936882572046,0.221342624004393,0.277254696203966,0.0895494036489306,0.883556980866924,0.35343415715847,-1.841800174321,0.58753103780203,-0.615919753580376,-0.449673703425895,0.105776172048698,-0.282193650466898,-0.0684857511096522,-0.272817070069135,-0.0655297249145128,-0.0793128799687139,-0.0605593247282767,-0.0182907938121734,0.575954751985322,-0.324653918328997,0.0244849536699497,0.00316868068819037,13.84,0.0
85942.0,-0.0379334328298935,-0.742257351752438,0.0202701254263662,0.631615604260267,-2.36304262023557,1.20561801814238,0.785530598605676,-0.00128690572265013,-0.441223059901085,1.18040014990097,0.876255109583249,0.19613721649445,-0.353349900481023,-0.217187541020123,0.0530524803007778,-1.53880580607516,0.0143262190671181,1.72478508595206,-0.716950806318655,-0.866740271548739,-0.248591055460783,0.538641065963563,0.742494977016664,-0.0179725418474485,-0.801416282326275,-0.304544636158668,0.382253967072856,-0.267176036795862,372.0,0.0
102318.0,-1.02063166582361,1.49695912243222,-4.49093711758335,1.83672705849852,0.627318467501556,-2.73556861001066,-1.54627364241291,0.459821576439238,-0.68274140597399,-4.36310219273296,4.28702087961434,-5.40376835689762,1.26026230900043,-3.08774290682652,-1.31748806297981,-3.53705628406879,-3.17202752176385,-0.52988508450368,1.01162645030639,0.443488532055906,0.773630966413973,0.86061818130652,-0.304666447555476,-0.155499583027691,0.41216629075428,-0.220079647308722,0.392337584118175,-0.0200894870934853,22.04,1.0
75287.0,-0.28289951867902,-0.642405028769726,1.91679476534853,-2.096998820959,-0.896472905862258,-1.03885926066674,-0.0390797388312892,-0.338366865736778,-1.86487494845241,0.871519632507333,-0.733152650575119,-0.957294537867537,-0.00494688875053459,-0.904252560660003,-1.29082474165382,-0.958659379534116,0.703407699482553,-0.431197715006912,-0.478726240225852,-0.265801766435945,-0.282871775671686,-0.225718811348525,-0.00555244382237649,0.676579409100355,-0.260120607370377,-0.48851571922261,-0.0316091368750704,-0.0811887417919678,22.0,0.0
65936.0,-3.5934760029271,0.78144226309285,-1.82244751422669,0.605760683474701,-1.19465586719981,-0.517194856719497,-1.72252312325165,0.128889523769538,0.0149633080909052,-2.85611682977408,1.61826162043188,-3.58137450130299,0.623706919914784,-6.16045662030601,0.494733399107095,-2.54310504010287,-5.30127339068683,-2.19271270602319,-0.09472379272847,-0.478219313417121,0.351792125839819,0.391248950287018,-0.252874890557857,-0.498042480147132,0.0101721931231225,0.909928721553306,-1.47876724603751,0.722673039450917,101.5,1.0
28755.0,-30.552380043581,16.7133892350242,-31.1036848245812,6.53498386355181,-22.105531524316,-4.97769196369245,-20.371513594495,20.0072083651213,-3.56573779124378,-7.7310714411342,3.8294273949908,-5.31433227604015,1.44693027992913,-4.57926372815218,-0.142299360010106,-4.99784830436345,-10.9614103561188,-4.64148195920404,0.567056279787444,1.73364399368955,1.8165201713562,-2.28868550494101,-1.46054449877578,0.183179482716819,2.20820917836653,-0.208823971247713,1.23263629519904,0.356660010884047,99.99,1.0
14073.0,-4.15301449873357,8.20479650456012,-15.0317142097481,10.330099825448,-3.99442609736294,-3.25001318447365,-10.4156978119079,4.62080391044331,-5.71124797098224,-11.7971810675777,11.2779207278067,-16.7283393320915,0.2413676825577,-17.7216383537133,-0.387299923381284,-10.3220166783853,-13.9590853730538,-5.03071003831832,1.19726633504633,1.41262488019492,1.97698839609887,0.25651048717528,0.485908106513804,-1.19882131436036,-0.526567394687845,0.634873502483478,1.62720907623952,0.723235068518316,1.0,1.0
85181.0,-3.00345942213401,2.09615030972986,-0.487030347865578,3.06945315960973,-1.77432868427117,0.251804209642436,-4.32877649482139,-2.42547814428288,-0.985222033510513,-3.99521073403213,1.8806015528528,-2.32517912777326,0.636458662971611,-5.41749934539643,-0.262909464785021,-3.81808566437699,-3.70070702592749,-1.99141207812339,0.779950535234061,0.692537380835205,0.163966694003732,1.24564832133152,-0.269241340185825,0.537102119409512,-0.220756683145222,-0.0595547732936557,0.460709677482052,-0.0335506071081744,2.0,1.0
114303.0,2.05545714210569,-0.134450264077791,-1.80616701002732,0.242409007628446,0.430339728060609,-0.730474373342229,0.352283058436412,-0.231004575338324,0.243521213221499,0.28513797644574,0.326517477008144,0.573336130892078,-0.733976490920774,0.708073341521542,-0.997437085621517,-0.260896162596755,-0.406380203583533,-0.207603420031938,0.600262434806071,-0.240945894472058,-0.0116378490105703,0.108846023049364,0.0119515570259106,-0.50675032800903,0.174828030744286,0.577639411719536,-0.103447514782384,-0.0923224891888678,12.95,0.0
69879.0,1.16122481137029,0.122821430035699,0.581737401530588,0.507332578247497,-0.379599559677158,-0.327134503464189,-0.150086197788656,0.0960835841335518,-0.155448221809415,0.0740452763577885,1.80006396722958,0.94068950670683,-0.332509898502377,0.577206681099973,0.623933543806591,0.170921998507589,-0.292245079708313,-0.500422158991094,-0.260972346806539,-0.154889254054318,-0.171077940662288,-0.521037983039304,0.185659745476,0.204971467326394,0.070455977234368,0.0959778415351143,-0.0192693736053649,0.00625270839748839,0.89,0.0
11080.0,-2.12548982597957,5.97355569173344,-11.0347272274446,9.00714687170235,-1.68945053397167,-2.85441528535313,-7.81044074525876,2.03086994595841,-5.90282812214984,-12.8409338181318,12.0189131816199,-17.7691434633638,-0.431035658230095,-19.2143254902614,-0.962464574748091,-10.2666091836641,-15.5033921000669,-5.49492764246329,-0.410480977392724,1.49377464554928,1.6465182926595,-0.278484510810644,-0.664841293974353,-1.16455536944202,1.70179641354046,0.69080561470369,2.11974873337031,1.10893340333617,1.0,1.0
45541.0,-1.51924353075082,2.30849245367643,-1.50359931953802,2.06410058377601,-1.00084505842829,-1.01689703316417,-2.05973051990126,-0.275166374590629,-1.56220609694371,-2.75579692797163,3.43824825990431,-3.52152936013651,-0.918761288376486,-4.45210024854037,0.499313753853031,-2.90790343439971,-5.24864639527919,-0.936814652613817,1.16012029433585,0.175018552247898,1.30787143187069,0.102825644139183,-0.0177462832428156,0.149695925673219,-0.0966024680642115,-0.369114567720136,-0.0192440931269227,-0.20831909164279,1.0,1.0
67150.0,-1.82429505976067,0.403326526860602,-1.99412200641801,2.75655816357726,-3.13906432572579,0.408185014718199,-1.20904511871624,1.09563435393431,-1.44722489217345,-3.95100289197434,2.56070020158284,-3.4119829114195,-0.781669619949492,-4.7327675351632,-0.433973654922625,-3.30608841178359,-4.23102187544855,-0.750809770409941,2.69080834203374,1.50368830479002,0.838760421033887,0.341727095787049,0.947506491293615,-0.145493002452622,0.0493257725258454,0.831065451615044,0.33242130393302,0.252712728641008,489.71,1.0
66461.0,-1.67880615075905,0.773057176890542,2.35525078858691,-2.01023404494755,-1.07734052975193,-0.528038414384996,0.0220110556580045,-0.173909238842717,0.740416959919713,1.91214721124586,-0.635135624520848,-1.54521755559002,-1.20285234965349,-1.39402365844833,0.0446624693956071,1.12935209861729,-0.0785808230204849,-1.09512682727478,-0.113607509066587,0.897453925577586,-0.118219505673003,0.371131918124915,-0.326129126341487,0.346218344662962,0.571332557161152,-0.297585712761764,0.494728288215624,0.0181711431812209,10.0,0.0
12597.0,-2.58961719821269,7.01671438495857,-13.7054072869097,10.3432280604117,-2.95446103475574,-3.05511578527804,-9.3012886151434,3.34957336071614,-5.65421202641103,-11.853866972601,11.6692047358121,-17.2286622386187,0.0555715664836118,-18.4937733551053,-0.304172113519045,-10.6294973901353,-14.4412111342765,-5.10548646597228,1.2702262705049,1.48885519236896,1.88773772551451,0.333998184533223,0.28765904061745,-1.18640640906644,-0.690272670076388,0.631703772210546,1.93422076005943,0.789687172212655,1.0,1.0
17520.0,-5.26805322089363,9.06761342731767,-15.9607281345144,10.2966027898053,-4.70824109122294,-3.39537485177836,-11.1610570028797,5.49996263444947,-5.66737554592835,-11.6271935556579,11.0270590938161,-16.3880541668327,0.363921486512734,-17.230202160711,-0.437487559248993,-10.1223919213552,-13.6392089915234,-4.98645725844229,1.12678437819631,1.45587819528,2.00410994522741,0.191058399384387,0.622927669875126,-1.20926355739155,-0.374798862642666,0.64879803679546,1.58469734677224,0.720055870245492,1.0,1.0
17187.0,1.08837493830851,0.898474023721059,0.394684329076182,3.17025757451452,0.17573879687403,-0.221980885195245,-0.0229887284923858,-0.0108735366656839,0.860043617194172,-0.592472935320844,1.07272839973578,-2.54755681422931,1.23595005675711,-0.330305803751441,-1.02235437464957,0.335642172519614,2.29899822072815,-0.1620962094812,-1.53270721248432,-0.217358192249005,-0.423553904215867,-0.800852284805578,0.0776144554303444,0.167608452574198,0.350181817443194,-0.118940929478619,0.0129477659306532,0.0542542721018558,3.79,1.0
55614.0,-7.34795494690262,2.39704134824746,-7.57235581757844,5.17781925521834,-2.85483828261718,-1.79523877381611,-8.78323473517424,0.437156561210431,-3.74059750992972,-8.33286306292127,5.76318940883843,-8.70787929219866,-1.71694948774786,-9.57719439289905,0.146369002626258,-7.58649078643175,-12.5039309695675,-4.37563101237668,2.46519487038601,0.0731637913502985,-0.175273369741836,0.543325051876651,-0.547955067054245,-0.503721690122004,-0.31093277648824,-0.16398601754964,1.19789504657005,0.378186688214491,0.83,1.0
34634.0,0.333499490680108,1.69987344643198,-2.59656116696059,3.64394526899047,-0.585067615145778,-0.65465853161144,-2.27578851019488,0.675228968561644,-2.04241592376479,-2.83487115980611,2.80200512615164,-4.39273243849001,-1.36967144973756,-5.32728665168661,0.16315896154,-1.35938947657172,-5.09518287931609,-0.338012656200231,-0.124137989024621,0.32934171405761,0.469211944535006,-0.144362651206432,-0.317980934036568,-0.769644309522666,0.807854587509663,0.228164299217237,0.551001873896763,0.305473419992231,18.96,1.0
79540.0,-0.114360703589856,1.03612940153875,1.98440526119199,3.12824327369048,-0.740343559582751,1.54861869623,-1.70128395465886,-2.20384174839674,-1.24226477538834,0.269561809170344,1.29341829662131,0.933215784460268,-0.135325960632637,0.521483689902165,0.386884188055331,0.0598689535627266,0.306339379229928,0.265051988857439,0.223718288348024,0.732852498432027,-1.03293465200213,1.19642831010463,-0.112856718234204,0.254718993156121,0.69666788609654,0.482370416673402,0.129969314476127,0.223924333790406,0.2,1.0
120138.0,1.96580029519652,-0.422626541610486,-0.555247571728798,0.218213960550588,-0.42952406157854,-0.317644579040008,-0.450639142975098,-0.024893429090309,1.00215538589694,-0.0233317045099399,-0.874186566038378,0.383442630291842,0.268261805194076,-0.0916402083361636,0.558435787519272,0.470929175783543,-0.569255387748411,-0.438745151743126,0.0107143858675909,-0.0899142364551502,-0.257171846802301,-0.737896642234263,0.436095763372427,0.653714288375657,-0.620227377213046,0.200184561854997,-0.0493975212018243,-0.0322401952068466,37.98,0.0
62080.0,-1.59945740179415,2.60772002929222,-2.98719294171061,3.06415614684784,-2.49791431686821,-0.54110279282052,-2.2777862276701,1.26816610842127,-1.99733105335741,-3.83477508791878,1.11335409263987,-4.97692104108215,-0.795530934675206,-4.54955674371782,1.81376325403563,-3.17746049642958,-5.36934877847861,-1.1214541569793,2.03059193793375,0.22533293042937,0.662933039629134,0.184086858369512,-0.0894518031771282,-0.505999935132595,-0.0622588885489331,-0.0527144132804191,0.322854004983613,0.135267636745646,180.0,1.0
93834.0,-3.7656801220835,5.8907352377921,-10.2022676310229,10.2590359766218,-5.61144841660942,-3.23537557925717,-10.6326834778618,3.27271632618119,-5.26890524285018,-11.1821254546586,8.87947566765026,-18.4311310279993,-0.232822027713119,-15.0216572999306,0.141186252914787,-12.1863624982841,-20.1655673800665,-7.05165135326307,2.50082720798487,1.19413732146866,2.24560593428534,0.546320674537693,0.381853427747185,0.382024544024505,-0.82103649456311,0.394355120127285,1.4129609931535,0.782407053763083,0.01,1.0
51524.0,-0.307948859700375,1.07359147894445,0.944631119533446,-0.125347027962263,0.473610940462936,-0.525571073973362,0.673137423474565,-0.0188517361721042,-0.341000146196929,-0.508541367444596,-0.955361084898438,-0.331494323249121,0.307138523367013,-0.486180126407211,0.952059560477062,0.624492974852124,-0.2982897904003,0.13125444139972,0.225137395512494,0.153852289458313,-0.315285291134727,-0.842589220360412,-0.111289371128314,-0.50585086511752,-0.0454851210893651,0.123790997565178,0.243392186507516,0.0906223118847367,3.56,0.0
74159.0,-1.54878809850026,1.80869795041448,-0.953509033832342,2.21308539346999,-2.01572779170327,-0.913456844516923,-2.35601298316433,1.19716896702387,-1.67837405659509,-3.53865023182429,3.1020899271543,-3.99337305447702,-1.93741062327519,-3.82289410599595,0.830970110708369,-2.47535885382925,-5.21187516766885,-0.413871678166879,0.933262164554872,0.390785963777347,0.855138263312025,0.77474482148342,0.0590371520063436,0.343199807900813,-0.468937928609185,-0.278337986906642,0.625922215184372,0.395573378256676,76.94,1.0
48290.0,1.13816948607175,0.178158529125418,-0.00912068744612555,0.83682087527026,0.0499807973473171,0.195258300857813,-0.235056360204522,0.183025160251785,0.280007743611862,-0.66285748344172,1.32142441745671,1.10332490968133,0.22782640290923,-1.44851961478228,-0.707959762550333,0.0829381313033155,1.01751869109263,0.134287210305929,0.0347739834602157,-0.0547982935264664,-0.117671324015107,-0.0747580213366308,-0.123693848049252,-0.344045532280766,0.50385236221662,0.442000578169686,0.0165152261396367,0.0271858553982321,12.31,0.0
46925.0,-0.481531150954278,1.05954227713479,0.647117402910268,0.905586233912649,0.81936824001549,-0.0911835663506086,0.504134851323607,0.161064336313081,-0.765053776949662,-0.55054534794377,1.48028602025778,-0.105359122514952,-0.804841454759319,-0.819901849432008,0.916881766469427,0.201150538864914,0.874890632270019,0.941476678511478,0.272698476205832,-0.0425151328862889,0.0706328691882125,0.192490772493404,-0.174659253437827,-0.438908072947488,0.239258996609831,-0.217823405004998,-0.0728522476980958,0.0104633125817071,1.0,1.0
51155.0,-11.2054613927303,7.91463349246877,-13.9877516388388,4.33334117975523,-8.48496952268505,-3.50656117309394,-8.93524303241605,7.70444915069923,-2.33658417970129,-5.92735916911943,2.47040101557896,-5.7885170305197,-0.391939257057427,-6.52746224116063,0.899859362283244,-3.84729284231041,-6.70063744821132,-2.49261610727828,0.469554313978012,0.860911741764656,0.942593331002491,-0.987848114682141,-0.279446305433771,-0.0272992246723051,0.644344195524188,-0.263077923082484,1.08402252771111,0.211933356664813,99.99,1.0
40086.0,1.08369268125484,1.17950120574809,-1.34615039129229,1.99882440095464,0.818034176163642,-0.771419407716543,0.230307373480955,0.0936831311994367,-0.167594341704434,-1.95980925751416,2.80433477984687,0.312424168769405,-0.595976467281167,-4.66257695501824,-0.299515020029103,1.00141391934549,3.90282478361756,1.61960922680862,-0.888087464222472,-0.0601585380014646,-0.311999618117422,-0.639699711353317,-0.120249014807271,-0.180217694458199,0.609282565276013,-0.339524442352566,0.0967012906089022,0.114971915513805,1.0,1.0
14073.0,-4.15301449873357,8.20479650456012,-15.0317142097481,10.330099825448,-3.99442609736294,-3.25001318447365,-10.4156978119079,4.62080391044331,-5.71124797098224,-11.7971810675777,11.2779207278067,-16.7283393320915,0.2413676825577,-17.7216383537133,-0.387299923381284,-10.3220166783853,-13.9590853730538,-5.03071003831832,1.19726633504633,1.41262488019492,1.97698839609887,0.25651048717528,0.485908106513804,-1.19882131436036,-0.526567394687845,0.634873502483478,1.62720907623952,0.723235068518316,1.0,1.0
92092.0,-1.10847821852891,3.44895257232738,-6.21697180605649,3.02105161812575,-0.529900931709915,-2.55137517507643,-2.00174290819286,1.09243237369483,-0.836098368778531,-4.09564897273592,2.42595071598052,-6.06726194524698,1.83243272022382,-3.50170251648822,-1.00400820464185,-3.5012811030282,-2.941876323532,-1.12574106196719,0.37371480785248,-0.0685983809223332,0.825951491439622,1.14416978988846,0.208559481945769,-0.295497424488562,-0.690232196243341,-0.364749075788586,0.229327220125504,0.208829891689567,18.0,1.0
118603.0,-6.67721162487866,5.52929920087665,-7.19327456474359,6.08132107951892,-1.63607097105033,0.500609583298219,-4.64077020758754,-4.33983969614375,-0.950036405131991,0.566679814004086,4.3150759158968,-4.93828359985114,-1.10570973729343,-8.49081262174082,1.00362574598099,-1.94912326096651,-3.09301268981888,0.124087074705575,0.886746966076448,-1.11868675540655,5.56330066446813,-1.60827196122017,0.965321595694456,0.16371797930961,0.0475308707267175,0.466164782963216,0.278546743051982,1.47198811731278,105.89,1.0
29816.0,-1.91562505747947,-0.0238706274049848,1.83889481657582,-0.817337203642215,-0.862678883154902,-0.575066690315354,0.0645735231186473,0.474605121180364,0.463120053173851,-1.11968011419762,-0.91610588576595,0.580072458461867,0.568144833351119,-0.486310866335861,-0.431922617647072,0.507538794144268,-0.268168546057801,-0.317593718911084,-0.402562306066266,-0.145848908354856,-0.0872896531182694,0.0630083140989345,0.611107567517878,0.447570047904492,0.113673037227062,0.868215723240426,0.143369547483513,-0.0123461801622224,100.0,0.0
34634.0,0.333499490680108,1.69987344643198,-2.59656116696059,3.64394526899047,-0.585067615145778,-0.65465853161144,-2.27578851019488,0.675228968561644,-2.04241592376479,-2.83487115980611,2.80200512615164,-4.39273243849001,-1.36967144973756,-5.32728665168661,0.16315896154,-1.35938947657172,-5.09518287931609,-0.338012656200231,-0.124137989024621,0.32934171405761,0.469211944535006,-0.144362651206432,-0.317980934036568,-0.769644309522666,0.807854587509663,0.228164299217237,0.551001873896763,0.305473419992231,18.96,1.0
69133.0,-1.30851846578292,1.60824984329529,0.370395418140976,-0.338763137162277,0.150940549259926,0.107180672887503,0.102060349957957,0.691887258996709,-0.260154659275604,0.130087151844374,0.922354469434691,0.406675919627247,-0.252613755173538,-0.0155182613321098,0.546170900308638,0.57820776545622,-0.0445686402376237,0.18544449191036,0.0398512849214172,0.217339654329799,-0.235825813956173,-0.685215006339478,-0.00413345631059306,-0.740494741482747,-0.0734073085103427,0.126357881688555,0.201090768033267,0.142884937246649,6.84,0.0
68207.0,-13.1926709562391,12.785970638298,-9.90665002092758,3.32033688288942,-4.80117593230105,5.76005855618556,-18.7508891580107,-37.3534426378925,-0.391539743919107,-5.05250236713858,4.40680552357904,-4.61075647740608,-1.90948796970811,-9.07271093398351,-0.226074450896345,-6.21155748212485,-6.24814535335983,-3.14924669470095,0.0515761185277783,-3.49304991519446,27.2028391573154,-8.88701714094871,5.30360690376998,-0.639434802306313,0.263203123457008,-0.108876929971315,1.26956635541013,0.939407362758877,1.0,1.0
17230.0,-0.469326705102944,1.11145278248281,2.04100272504592,1.73159516277684,0.135146841769907,-0.0936251754891053,0.266155169970928,0.0829882363836626,0.58025540346041,-0.164562674892883,0.500376369958899,-3.0217601822032,0.924213260310925,1.50079377517002,-0.400282644242405,0.706047712602575,0.115114264650572,-0.0467958788933584,-2.54852159198286,-0.358708665630957,0.159387389394564,0.592669568808717,-0.0535961838321624,0.320747502076217,-0.36912075429213,-0.136604684929151,-0.100845186803931,0.03934714768212,3.93,1.0
2441.0,-0.585099787384624,0.867150061160669,0.772339380352557,-2.26308480894633,0.599522561730972,-0.751886320508876,1.11177784288475,-0.290923293817926,0.974880384122216,-0.901157863052473,-0.4549924661696,0.430229711998681,0.369682318977699,-0.095275590726377,1.12925633700127,-0.773950775260726,-0.511617328361362,-0.323486497983932,-0.30591614385718,0.178356229461263,0.0322467777172945,0.597935489918306,-0.32252421775512,-0.410407726896865,0.135806857672118,-0.776076058741828,0.362945092377549,0.0390254192759522,1.0,0.0
78000.0,1.18001485557786,-0.461255251560901,0.99799548711013,-0.688631591768105,-1.27201737557013,-0.565345483756563,-0.711793765364483,0.141752244574798,1.94794933849024,-1.09483213271651,-0.0976442551163855,0.397854032421873,-1.12575646033149,0.0996830668870111,1.61083846329141,-0.782694806981347,0.309536612276438,-0.243855822832816,0.0816413245494631,-0.232635543410785,0.0251137273431549,0.306147865375576,0.0462163924077392,0.396607676902889,0.349789202185105,-0.673701794902992,0.103970044152388,0.0330228907178196,1.0,0.0
100223.0,-19.6418567335974,14.7063346696674,-22.8012376947782,12.1146718424589,-14.898112530969,0.840777704221173,-28.0112929096778,-11.9196388199434,-8.9609216998511,-18.9132433348732,4.971248707036,-12.6863075224956,-1.07144311342478,-7.38337003956967,-2.99243029925503,-8.58230865037102,-13.8065681285297,-6.00035879778826,1.42263161326029,3.83464904792346,-8.22887409813848,3.31817776987025,2.58521234602075,0.195008569338351,-1.19480304002391,0.0384229399473607,-4.12674625203028,-0.645329219040983,2.28,1.0
117556.0,1.87345620493982,0.30546736782227,0.33075202150865,3.88499186462482,-0.337140839437263,0.226015471752611,-0.51293205026928,0.0932022587311957,-0.297767359106669,1.36652524685728,-1.34278501063364,-0.0456578403157943,0.346698423336047,-0.323883534448158,-0.615374936582838,1.17823084030748,-0.926774566621182,-0.00140987572051003,-1.74603406813986,-0.275972047301522,0.173532949718343,0.643763650121311,0.190096216315802,0.0299436965560414,-0.227295135079886,0.0255633342499301,0.0192677685307714,-0.031055931176112,0.75,0.0
74537.0,-6.92893133482016,-0.493797286503445,-0.696093021527997,-0.471542487621392,-0.0580370204118795,-0.963926835751933,0.267922688167673,-0.543039749688391,2.1390974079957,3.35065788774927,1.45129501155116,0.708240464348336,0.672462407070199,-1.05629907308901,0.963810776878046,0.71630338074312,-1.09484584522615,-0.0736448815650006,1.03952589665081,-2.69831440072899,-1.16811063031704,0.389856015153748,1.04923378110325,0.152621446747096,-0.146462774366745,0.598710977845271,-2.61303260751131,-1.42363407864034,27.3,0.0
121681.0,2.22820998685366,-1.69984538705823,-2.39147256890468,-2.5756188180015,1.14098220377556,3.44215169901943,-1.5886707807988,0.791787379226966,-1.4068538337002,1.58184185702461,-0.219067417211715,-0.721384927353778,0.319966474986522,-0.199309461465179,0.190923666604689,-0.704697067169569,0.436448695286864,-0.281829997815096,-0.267919522784376,-0.302154460683616,-0.151581308492371,-0.089329878486659,0.241350979135652,0.688454082675924,-0.139413105412473,-0.143542901213912,0.022919727065395,-0.0524397578190953,45.39,0.0
65191.0,-2.91709448400562,-2.40793712080003,1.35262798267922,0.685953262470128,-2.93044222447463,4.05699655716033,1.90513820162556,1.30197018537457,0.250371360294691,-2.02754871341022,0.930511377061336,0.682514410633818,-1.30858709398142,-0.110096941390442,-0.682571545345333,-1.13313646918573,1.4488595589296,-1.05207721228854,-0.924078474528872,1.72018838791215,0.726696802870911,0.714756331253978,1.98768039083826,-1.06976649672914,0.271238787924807,0.685513433636263,-0.300223106818231,0.0192637707226473,917.9,0.0
109617.0,-2.55742396672899,-1.71707889881314,1.86423600525107,0.0498267093400096,2.30346580743554,0.921349321886726,-0.296608537715976,0.330845566175692,1.54077116742301,-0.883739744583573,2.02111901340703,-1.96910464117819,1.55516638904926,1.43928506406757,0.884291373228569,-0.671656027844866,0.585093907647851,-0.0309739500651865,0.198470372066156,-0.361871302218598,-0.365136091605196,0.0741669428774627,1.61105393953635,-1.77828273868882,0.571292793092741,-0.544044114455324,0.122076065985463,-0.4030792774198,4.95,0.0
18088.0,-12.2240206243564,3.85415032971366,-12.4667657248211,9.64831072711484,-2.72696132147655,-4.44561038185083,-21.9228110340575,0.320792273696859,-4.43316165783721,-11.2014000859835,9.32879925655782,-13.1049334662012,0.88848078772943,-10.140200337183,0.713465392614318,-10.0986706554809,-17.5066115481045,-8.06120798966267,1.60687003263877,-2.14718143950284,-1.1598299509044,-1.50411888189644,-19.2543276173719,0.54486672601225,-4.78160552206407,-0.00777228109993075,3.05235768679424,-0.775035651186717,1218.89,1.0
43494.0,-1.27813773524814,0.716241580332591,-1.14327922918382,0.217804800631468,-1.29389046969973,-1.16895152511977,-2.56418198278833,0.204532467641239,-1.61115462297744,-1.25028553742691,3.36736102310858,-4.58309584545642,-0.806939683730076,-5.20830522179452,0.525823682164556,-1.81591431259746,-5.24911146794949,-2.19669120679566,2.10905264474381,0.817203155491914,0.490182667533974,0.470427403079725,-0.126261344339209,-0.126644458784455,-0.661907559467122,-0.349792996571914,0.454851068382725,0.137843477172283,24.9,1.0
43133.0,-0.828044252453521,1.31436701070062,1.67735568123923,2.61685989548875,-0.28011326308012,0.950756190006789,-0.423483995413219,0.942584605858081,-1.35101741572972,0.787864803700137,0.628552864014588,-0.488548465900282,-1.26471421275099,0.86879902207322,1.19265545582436,0.370001751774221,0.0313528988349524,0.845379197081347,0.613868924444177,0.0951806497030167,0.283202226749024,0.736969773312337,-0.141788803723296,-0.322934661265138,-0.289346248982168,0.365213218107282,0.274016043187121,0.110553283098992,10.65,0.0
87721.0,-0.384950684330274,0.703363296878709,-0.0885411372841911,-0.726257245139292,1.08616669138212,-0.871654540349385,0.73767499140467,-0.132756205995521,0.19186085203329,-0.0671669580968947,-1.42538628893541,0.121283619947808,0.435540440509141,-0.0482636137585484,-0.29947805717581,0.0215390617433981,-0.629896632604479,-0.669651705212853,0.0932194680558528,0.0696109925543379,-0.345561478206443,-0.691753287253139,-0.0564986039272662,-0.706484518334369,-0.359342548832843,0.194079916927879,0.406423262391889,0.132596457578068,1.29,0.0
56275.0,1.19965529726443,0.0184719409726781,-0.144102762111883,0.0864181307822869,0.0463026412382443,-0.27202420791272,0.0968693474161232,0.00881809008400551,-0.168957693941355,0.0240540955871016,1.2645009697529,0.604830005728526,-0.522974305984711,0.715377014362202,0.486833288125983,1.63720111466452E-4,-0.303751246421908,-0.31508458280417,0.073753789206798,-0.102058923126994,-0.00379196103467967,-0.0416358350880923,-0.0841207945585866,-0.257713409994831,0.439032104129423,0.63251289181752,-0.0640949933763486,-0.0127392549425143,23.0,0.0
4241.0,0.793664543664164,0.0368649705577821,1.58946510194943,4.17987402121916,-0.810371581684744,0.43241999288857,-0.496101712024782,0.149932987428066,0.881511177268618,0.675854359454935,-0.286103274254279,-3.39758290592348,0.413464418179563,1.40608445611215,-0.789493866278194,1.20739811566628,0.0907026242417306,0.508650103078552,-1.83659301549826,0.0127618400939488,0.028651887239219,-0.0184123581237643,-0.13605901248083,0.296330768200272,0.239910470378882,0.0503950161005911,-0.0281133846051512,0.0552358197353224,156.31,0.0
70828.0,0.196706751987779,1.18975728641634,0.704882217511495,2.89138777331251,0.0455553693851548,1.24573045976205,-1.19871420021049,-2.42161641083942,-1.23208864617238,0.324238886093679,-1.27393508028395,-0.868686295319925,-1.18194465496857,1.0275841718551,1.68813234484864,0.256215978185418,0.120608339589106,-0.0523460171330233,0.329826631850516,0.646616407050903,-1.32813178943378,0.189310618105111,-0.00552418359572104,-0.814707739467747,0.400924279960331,0.286281378755055,0.135214945600326,0.257314769060283,0.76,1.0
35021.0,-2.97015464435677,-4.10595916166146,1.23400532060674,-1.84819496286951,-2.12095361602584,0.695453570256373,0.928433117363897,0.33946777489322,-2.21210381682668,0.40043131224407,0.601548988136186,-1.56441555809256,-1.13304791832329,-0.0799733280502993,0.246730571067728,0.36098651873696,0.0705609422676247,1.13182688241247,-1.09375070393931,1.83422394104278,0.482443738427622,-0.107867626363948,1.94911668470157,-0.487903454734259,0.520585898115301,-0.273227942118627,-0.00518325260075453,0.201806326412009,810.62,0.0
35906.0,-3.51902954497457,4.14086717613266,-3.62820236883577,5.50567203744754,-4.05746250583351,-0.905945282755562,-6.65203112089008,2.63452416520597,-4.67940204045465,-6.54624181523522,3.53820204012168,-8.04228514248667,1.69750938374612,-8.05104890186539,1.07045739646232,-7.39595692479141,-14.3296261567476,-4.86801023649552,2.46384303909831,0.898723234092648,1.58255593340505,0.778710245469243,-0.13570727840987,-0.00427780027496027,0.0327061591060809,0.362014053476722,0.900925137512513,0.554897499272323,9.13,1.0
102542.0,-1.45687631770562,3.74030556080113,-7.40451844591174,7.44096403590735,-1.5498779534738,-1.66169686169337,-5.75721301357641,1.61501101078404,-2.19488072574389,-6.80713525144464,6.82579316213884,-10.3997491177692,1.83644883978883,-11.872845098188,-3.6423925983095,-6.0441031440521,-9.75077638654123,-3.11637225405711,0.0653171492484702,0.529557330911833,0.957897451629944,0.145339479676781,-0.0447039008346728,-0.544961671329029,-0.757756535554721,-0.00535236923589807,0.318152285707546,-0.323553622642371,2.28,1.0
93897.0,-10.3008197578448,6.48309458751086,-15.0763627200288,6.55419115286706,-8.88025172157215,-4.47167242014489,-14.900688599735,3.84017023811699,-4.35844142237671,-14.5331616869738,7.58874088021049,-15.8357188077344,0.135035383391472,-11.5670059165135,-0.077026912374336,-11.4674297370042,-19.1729963590355,-6.96985638421183,2.21175583268581,0.113244363257218,1.50874842459643,1.04164209875775,-0.682789602968657,0.573543946252624,-1.6023889741646,-0.393520821299559,-0.468892515546761,0.105920160381125,1.0,1.0
58432.0,-0.730482349589926,0.537541482165502,1.40561242576266,-1.19676427080126,-0.764534948517125,-0.845022711199748,-0.589216176117238,-2.70041631828679,-0.147691078844268,-1.65192457623931,-0.406869430729767,-0.19665829490665,-1.7672277864814,0.848790749096466,0.206336130331984,1.16426404525407,-0.650815839447338,-0.693541150724377,-1.95575072696746,0.487516100447629,-1.58371058992182,-0.984091805921056,-0.0422410388131217,0.664597273019348,1.02372301012307,0.303584452863888,-0.141584477572866,0.163852425575821,80.0,0.0
51112.0,-9.84877583247984,7.36554648639464,-12.8985382309124,4.27332307326376,-7.61199101126967,-3.4270452374345,-8.35080815251842,6.86360392236365,-2.3875673251028,-6.06578236274727,2.70785640511515,-6.13603446645473,-0.545976095807375,-7.02898027290706,0.916068574603162,-4.09288449351717,-7.01462170672071,-2.5309672589153,0.554027499068527,0.832398066019608,0.931958309450931,-0.87446736131737,-0.192639469446569,-0.0354260265633338,0.538665050436448,-0.263933516556866,1.13409509350836,0.225973163975667,99.99,1.0
52317.0,-0.543650750685151,-0.0610640750671197,2.12275471284394,-0.177372534208604,-1.34898374834794,-0.19753024337533,0.54344577514062,0.0522019100996128,0.531933924334984,-1.02585807293571,-0.619771138603944,0.452639916134864,0.091801514803138,-0.678890921892148,-0.552930622379208,-0.282752916849067,0.252040594771011,-0.546348424884163,0.443871457976902,0.31329326469685,-0.0482649239532657,-0.177522566505206,0.344045301873221,0.778133424159211,-0.271885436406637,0.876476394754645,-0.0600067634953549,0.0343620614924205,161.6,0.0
68207.0,-13.1926709562391,12.785970638298,-9.90665002092758,3.32033688288942,-4.80117593230105,5.76005855618556,-18.7508891580107,-37.3534426378925,-0.391539743919107,-5.05250236713858,4.40680552357904,-4.61075647740608,-1.90948796970811,-9.07271093398351,-0.226074450896345,-6.21155748212485,-6.24814535335983,-3.14924669470095,0.0515761185277783,-3.49304991519446,27.2028391573154,-8.88701714094871,5.30360690376998,-0.639434802306313,0.263203123457008,-0.108876929971315,1.26956635541013,0.939407362758877,1.0,1.0
66037.0,0.286302363835244,1.39934474808556,-1.68250270884931,3.86437703955242,-1.18537340204974,-0.341732013808781,-2.53938012266357,0.768378375007388,-1.54788162780199,-2.65971794652165,2.6215881261205,-3.46236188507757,-1.05430017332918,-4.95582330430277,-1.40027445820489,-2.33994291742419,-5.19779447735003,-1.34281449785555,0.288846910516582,0.270360155086889,0.352456413618901,-0.243677652080658,-0.194078546536702,-0.172201087463232,0.742237197555102,0.127789797006944,0.569730790365159,0.291205858831994,7.53,1.0
45280.0,0.838328846912879,-1.42777950646006,0.332552048089457,-1.91784575861159,-1.45505423680132,-0.530992883842312,-0.49371463563858,0.0493085842264038,2.30832926946962,-1.53901919015991,0.969231857744111,1.22296795303244,-0.598996616777521,0.19309565223507,1.08146535522517,-0.515442426447764,-0.336391413823489,1.13758846093859,1.35881454590446,0.33117656287289,0.302565046095803,0.635404526035315,-0.399392495836274,0.0460649710484284,0.592256793659196,-0.657975849886135,0.0556467680517228,0.0549225774248575,224.25,0.0
46389.0,-2.23742868543641,1.3590627819088,0.140351882115191,2.44953745459458,0.344211924538763,-0.892811039507844,0.536894511057839,0.120062490011239,-1.4604226813588,0.963295291048307,-0.72272131500541,0.0533347375805608,0.597480097156859,0.591719682553834,0.333814929094238,0.0973621808491822,-0.0916167556311009,-0.309419873938037,-0.0408988927374355,-0.450500522812586,0.166234859757712,0.307889439898777,-0.226149485553895,0.434668785062644,-0.256029631737383,-0.0429300378532965,-1.09118825973598,-0.0824787984768998,3.48,0.0
70828.0,0.196706751987779,1.18975728641634,0.704882217511495,2.89138777331251,0.0455553693851548,1.24573045976205,-1.19871420021049,-2.42161641083942,-1.23208864617238,0.324238886093679,-1.27393508028395,-0.868686295319925,-1.18194465496857,1.0275841718551,1.68813234484864,0.256215978185418,0.120608339589106,-0.0523460171330233,0.329826631850516,0.646616407050903,-1.32813178943378,0.189310618105111,-0.00552418359572104,-0.814707739467747,0.400924279960331,0.286281378755055,0.135214945600326,0.257314769060283,0.76,1.0
21662.0,-18.0185611876771,10.5586001882538,-24.6677412485732,11.7861803616399,-10.564656569212,-2.64568119936245,-18.02346767268,2.69365540308048,-6.21946362785238,-12.7447607871859,9.31813768535999,-13.3778574339457,1.02192386777466,-12.7843458873548,-0.451145843251939,-7.55136493140559,-11.3259968724596,-4.70125277749548,0.516317073274611,1.00770320533757,-2.31947946208034,0.908838783150801,1.35290370698024,-1.05922233762791,0.185750941504222,0.687037383632165,2.07808058379956,-1.42951702264525,1.0,1.0
19910.0,1.35253757718636,-0.528950299884854,0.607714786139574,-0.290577471923624,-0.903309846653224,-0.323452453823849,-0.761471920439023,-0.0778155529885234,0.929173327666456,0.0941088676811421,0.474534829826258,-3.07424460595665,1.06045835509071,1.11573206630008,-0.909425841940726,0.282182422112399,1.72587226435045,-1.87208296843502,0.380979447003913,-0.0681255626229331,-0.150994906874545,-0.0887375475972526,0.0152739321238379,0.0234947304683155,0.440781827292316,-0.251034916726708,-2.62074597686968E-4,0.00211406736426252,10.0,0.0
35763.0,-1.23998246359785,0.847096810179202,1.81307267910045,1.06045941460347,-0.468484634529084,0.334254031200059,-0.0758564729895355,0.594220041654432,-0.540800080726562,-0.41073909459549,-1.22000042137144,0.156379017560377,1.33812449363423,-0.00199710000163587,1.75362300633511,0.510192227997781,-0.483507023666847,0.855936073788002,0.738774163868183,0.483053720669283,0.184569465228548,0.355300296941343,-0.139508439353283,-0.443777048213795,0.387744211639326,-0.116652520065247,0.228713835202266,0.054608943838705,90.0,0.0
37570.0,-3.52631264884936,-2.51342130620183,0.0597537878432385,-1.07964249641294,0.233315893707835,-0.55805246963569,1.45898517752265,-0.300404980225795,1.38592424708063,-1.98217064497805,-0.345455039271238,0.272096720606792,0.283261422621146,-1.56169965158212,1.03960344654448,0.00355065182620311,0.534958314780268,0.308170158445493,-0.271411330098855,-0.47502408426536,-0.269258398670308,0.208067367816246,0.401419770705718,-0.460524360665295,0.701794983569824,-0.684886870541968,0.374121146986582,0.61851426044939,508.33,0.0
31123.0,1.32356651082,-0.480871453116758,0.320726065857145,-0.635040693876692,-1.02617851907885,-0.924007719202241,-0.383947636138567,-0.169319259432633,-1.2422158583017,0.855030821180963,1.41349192658464,0.692638999277451,0.382892898815013,0.323841892027221,0.109418889628186,-1.20182184232057,-0.203295667255803,1.27799712865725,-0.551480440944423,-0.433349773554024,-0.31204478664237,-0.467617678377993,0.0443494198641272,0.584369887690048,0.22059261094148,1.00792415539924,-0.0702874778541657,-6.70065507912258E-4,20.85,0.0
33920.0,-1.07263966969848,0.932796634252242,1.95046037290361,-1.49419288713399,0.0210770651373302,-0.777168598771863,1.05002473699347,-0.491933335246581,1.14744310151557,0.821129277838338,0.169395402764629,-0.71512163022789,-1.32766002600609,-0.608098295676444,0.999823186178247,-0.0445529111712875,-0.548437196957181,-0.890737730767221,-1.23800178303159,0.50922299143767,-0.29351800388495,-0.0942511608725874,-0.0656747183304386,0.390512418066218,-0.421205562111614,0.661004893112672,0.0885162566524691,-0.300807777926395,4.99,0.0
114628.0,-0.537094392964445,-0.20247560049358,1.05786420672444,-0.430477229828426,0.748858253493921,-0.194217434631298,-0.0389488023767123,-0.317261648499902,-2.09675356874149,1.2247592769285,1.51273105809706,-0.177768394143498,1.04269258750041,-0.0939472947190121,1.09478046948154,-0.224024851792525,0.848711568149081,-0.507445969043229,3.52090427915946,0.588837173407766,0.46430306691589,1.4854636926625,-0.604973531041425,0.838085183920551,0.593564617908806,0.5516539182745,-0.194490769105467,-0.130824377122222,15.0,0.0
51211.0,-0.442593436749947,0.995572456692694,1.80034567199144,0.298560096795375,0.213748629122114,-0.276615181771827,0.618014975264893,-0.0175023520055345,-0.814940529814549,-0.451032080243663,0.0189503610312625,0.437604490652415,0.945265979623652,0.0880092834382697,1.38795229827439,-0.40189528526574,0.0984751691447099,-0.810611239721297,0.376204973391768,0.0921932639304057,-0.133568375312072,-0.346648562303886,-0.0476944163366643,0.0934244892290905,-0.308623796552267,0.200678786745942,0.0892477144958959,0.106996957168335,1.79,0.0
28625.0,-27.84818067198,15.5981926625554,-28.923755945104,6.41844174657532,-20.346228155413,-4.82820246578157,-19.2108964179086,18.329405525597,-3.66873493861418,-8.00915938639777,4.30309581759563,-6.00866000668561,1.1389688287939,-5.58044712038062,-0.11073711578577,-5.49107326163426,-11.5885435992809,-4.71542017123115,0.734573493016404,1.69785626318366,1.8021491336386,-2.06293427611466,-1.26984343615924,0.165409188492223,1.99949911253199,-0.211058522431997,1.32480949279508,0.388090177732107,99.99,1.0
62616.0,1.24567381944824,0.166975019545401,0.488305742562781,0.6353219207244,-0.562776680773863,-1.01107261632698,0.0149526614685896,-0.160210863301812,0.17036185217373,-0.0445745893804268,-0.35674901847752,-0.0734595173503765,-0.517759694198053,0.406968934383731,1.12414692288685,0.342469754110769,-0.374656440051376,-0.438992432436683,-0.116090785002835,-0.132079724302295,-0.262580846041176,-0.816263763157847,0.140304302014326,0.357827249299806,0.186422945723389,0.0965444707905616,-0.035866315294695,0.0184945729704665,8.99,0.0
41227.0,-9.00135134450649,6.61328394324752,-12.4236347238918,7.51992923163014,-10.2662546389665,-2.11320754204122,-9.98428744767688,5.54194143253089,-7.38370453522347,-13.2151722995049,6.89518136811315,-13.2796997105282,0.755263578785977,-13.4170122721265,-0.210774362111057,-10.9226551270595,-21.90649321637,-8.82981976595275,1.85246698871594,-0.645393857931055,1.7758908996538,-1.22475761150578,0.0825935414630254,0.452088727391883,0.463827332847796,-0.296928065001458,0.526505578079938,-0.450890488772313,459.07,1.0
472.0,-3.0435406239976,-3.15730712090228,1.08846277997285,2.2886436183814,1.35980512966107,-1.06482252298131,0.325574266158614,-0.0677936531906277,-0.270952836226548,-0.838586564582682,-0.414575448285725,-0.503140859566824,0.676501544635863,-1.69202893305906,2.00063483909015,0.666779695901966,0.599717413841732,1.72532100745514,0.283344830149495,2.10233879259444,0.661695924845707,0.435477208966341,1.37596574254306,-0.293803152734021,0.279798031841214,-0.145361714815161,-0.252773122530705,0.0357642251788156,529.0,1.0
41791.0,-7.22273130585545,6.15577293013926,-10.8264598371575,4.1807791786876,-6.12355510135628,-3.11413648152623,-6.89511228298774,5.16151637665229,-2.51647653288733,-6.40337055173194,3.18605794805635,-6.85557098142662,-0.837722614772195,-8.03661487513855,0.956969643768367,-4.55719345408278,-7.65470424350142,-2.58841864362628,0.718555009324824,0.818859416826789,0.91270032192132,-0.630358133073199,0.190886662173033,-0.0612634320139128,0.379774656663009,-0.266845465234688,1.19369457713473,0.257468457389868,99.99,1.0
45158.0,1.433867283016,-1.36819368429416,1.21333600805237,-1.09077991267378,-2.21128117334647,-0.380223955411353,-1.60285461611971,0.0623601428456793,-0.920777367102338,1.26984914911715,-1.01793676313366,-1.04684680583177,-0.300741098284042,-0.812512363139012,-0.151002941611431,-0.446840240245031,0.769978292923405,0.143292760194571,-0.0779633207471526,-0.366441720023522,-0.245479350198464,-0.191449532810679,0.066361457366131,0.348192704803397,0.219655298538187,-0.193198781412987,0.0725379247433095,0.0325222127692733,22.49,0.0
68207.0,-13.1926709562391,12.785970638298,-9.90665002092758,3.32033688288942,-4.80117593230105,5.76005855618556,-18.7508891580107,-37.3534426378925,-0.391539743919107,-5.05250236713858,4.40680552357904,-4.61075647740608,-1.90948796970811,-9.07271093398351,-0.226074450896345,-6.21155748212485,-6.24814535335983,-3.14924669470095,0.0515761185277783,-3.49304991519446,27.2028391573154,-8.88701714094871,5.30360690376998,-0.639434802306313,0.263203123457008,-0.108876929971315,1.26956635541013,0.939407362758877,1.0,1.0
113153.0,0.0262278634309634,0.7986200845612,-0.350186218467318,-0.657189377576607,1.03319842564067,0.111672331434727,0.713102333444403,0.133469798643039,0.0368666892875581,-0.155544827867268,-0.119974870399152,-0.502542043890461,-1.5470567425525,0.903882991574783,0.47706148909253,-0.202801571187437,-0.729770838431376,1.23127589824176,1.01712229329629,-0.00573836271098325,0.343964030361025,1.14460865092408,-0.302747850382703,-0.12592015647813,-0.371220902121117,-0.397953075164561,0.482618258400243,0.27132086377096,1.0,0.0
4935.0,-1.18234754446097,1.41345969877058,1.77671041906274,1.01505233680137,0.0320261818360966,0.389913577135132,0.356996407175699,0.0755818478389234,1.20883834231482,0.124365806198918,2.39722911626757,-1.13126239142286,2.10905418184266,1.21916004385024,-1.26004158461359,-0.939784555956757,0.950821443903681,-0.16244546868782,0.483310524723785,0.130691557721144,-0.246857213935795,-0.144846988275843,0.0336491975690859,0.159633072528125,-0.219621677017187,-0.542670945293832,0.118817217468928,0.247375175884962,13.65,0.0
7672.0,0.702709900098753,2.42643280600508,-5.23451329584052,4.41666124290876,-2.17080621591773,-2.66755356121463,-3.87808845483572,0.911337122229195,-0.166199039175942,-5.00924850212751,4.67572941865677,-8.16718805173089,0.638559282180499,-6.76333439062322,1.29686025605627,-3.81175840977789,-3.75412806618729,-1.04917740227906,1.55419726345897,0.422743129198702,0.551179689117248,-0.00980235731325313,0.721698230069415,0.473245751402033,-1.9593037711687,0.31947554010746,0.600484916486359,0.129305225096566,1.0,1.0
95628.0,-17.5189091261484,12.5721178535385,-19.0385383213549,11.1908946558522,-13.5547207079601,-0.41192361337145,-23.189396512394,-5.30141221815132,-8.63039030596902,-16.2556117491401,5.70211147983179,-13.8124040899594,-0.306815322507812,-7.01360737195925,-1.18229035380557,-9.3601791927531,-16.6683693822389,-7.14746777723207,2.16209864550609,2.52851232971436,-4.96947772242457,0.976124822110751,1.8412479337881,0.334417748210128,-0.720128461316563,-0.232603423065217,-3.02199247294556,-0.478158234859683,1.63,1.0
97121.0,-17.9762660516057,12.864988563015,-19.5750661905691,11.3451198184298,-13.9986456031027,-0.35489996091484,-23.7834698823143,-4.87235340557097,-8.50428479375643,-16.6011969664137,5.56925817499418,-13.9322487527403,-0.204854827407058,-7.58102324741972,-1.01361239001659,-9.01481328062598,-16.0920320589503,-6.05014766257303,1.66102935873752,2.41992113013135,-4.30043186631826,2.8657718597682,1.48930201538756,0.386039288843108,-0.232391836340479,0.413826703027495,-3.25598090607432,-0.538963227046118,8.64,1.0
24336.0,1.31846194246583,0.0789915750103289,-0.947784230015237,-0.35351448057656,2.10442825090196,3.31516342489212,-0.627753584585927,0.727705372040564,1.23223474746095,-0.369425590547807,0.918946061543315,-2.4332660434188,1.68109923584774,1.86015392091136,0.507817511388608,0.611115968870876,-0.177922054382065,0.204684965662909,0.052044431092655,-0.0263150215742029,-0.46380977950278,-1.25517312230381,0.115565686294497,0.931098804168456,0.346278715844585,0.0717747430417287,-0.0550348162839741,0.00542306182737766,1.98,0.0
70143.0,1.18998219370188,-0.746935706915172,-0.442851644382031,-0.228288501446273,-0.65093413338108,-0.0408487322590286,-0.750783557982037,0.178695280172703,-0.590591468387905,0.368531526669035,0.0598882839890165,-1.40321897940819,-1.92222597337914,-0.832957068854985,0.879891480692167,0.0249988371957666,0.323123611816466,3.18671520738015,-0.631454362586999,-0.350386346692403,-0.257716259073079,-0.578406970000236,-0.260236635024699,-0.997117725609769,0.342782868712046,0.714356898140543,-0.024128385613906,0.0408363693133012,106.9,0.0
86376.0,-0.670238130057305,0.94520635153406,0.610050626297701,2.64006508673377,-2.70777462644103,1.95261056051566,-1.62460819938343,-5.22990786160988,0.21020202822781,-2.06990438955593,-0.529805728295342,0.999716276092526,-0.0861120244186652,-1.50855714024168,-0.450669492347937,-0.328387382736473,2.27027117814029,0.709666017682026,0.913175997078955,1.4749287568126,-2.50445018690737,1.43647237841825,0.351542386126581,0.648466904268149,0.579681417358758,0.0757375933335965,0.346717084034013,0.282208626038179,323.77,1.0
113735.0,0.0790441845099389,0.637988072505251,-0.125423172143734,-0.861961433385431,0.713786257146221,-0.492601313689945,0.71999252255018,-0.00479053021178892,0.0942934111417624,-0.440076860627369,0.652018661431653,0.0363183935922698,-1.38403062896085,0.762941957228618,-0.0538343033059347,-0.055471880044585,-0.782634720477736,0.770533567805183,-0.201261013881141,-0.289397974754069,0.395635256880898,1.06684016880057,-0.233554531812917,0.687301580404158,0.0224564071134972,-0.552113551336838,-0.0977139494584145,-0.00968742946192585,1.0,0.0
51307.0,1.40263575361909,-0.969668483491239,0.0318624088188961,-1.54269352910988,-0.808928840691879,0.0541194344886919,-0.828077885269325,0.0350008321499745,-2.4173813830839,1.53317735660013,1.77335330229874,0.25100157283784,0.842732693573531,0.00949933104028576,0.107635782940545,-1.06367023146482,0.896662556055433,-0.674266129182561,-0.594310261741599,-0.343371887614352,-0.0877256158797482,0.193259455725987,0.00745716383920627,-0.270962131543824,0.399595219389639,-0.106097483943598,0.0409999489135501,-0.00245376522362968,20.0,0.0
100298.0,-22.3418888868038,15.53613332478,-22.8652284959099,7.04337354768731,-14.1831291919342,-0.463144880408286,-28.2151120538009,-14.6077905214735,-9.48145633401495,-20.9491915543611,4.73958247105186,-11.9249546896802,-1.50141102577851,-3.83678146634435,-2.72032883823594,-8.88010567222989,-15.8251362851177,-6.75042522352437,-0.129188144339879,4.10001904830367,-9.11042257588182,4.15889482041313,1.41292844456256,0.38280067392155,0.447153952515532,-0.632816336434319,-4.38015425911661,-0.467862869164174,1.0,1.0
53031.0,0.206075454303215,1.38735982061524,-1.045286987034,4.22868619369076,-1.64754917421782,-0.180896946218666,-2.94367757476862,0.859155533266087,-1.18174300683428,-3.09650359868717,3.20091235546057,-2.45083242908802,0.316619878616412,-6.39717031528651,-2.12972836543767,-2.42737307534442,-4.44847225233098,-1.21222044988735,0.0346554556282822,0.351484399563241,0.46919942584802,0.344930464195865,-0.203799378001586,0.376640378487856,0.715485489514387,0.226002880910544,0.628544616302757,0.319917987612491,0.76,1.0
35899.0,-2.85716975415491,4.04560138120513,-4.19729878550198,5.48719863078843,-3.07077616787415,-1.42268633776286,-5.65131373987331,2.01965739455388,-5.01549098658195,-6.31970750896333,3.77960220775921,-8.07709364590223,1.4408888557809,-7.89190877856627,0.530452788364339,-7.9540700449952,-14.2650559534715,-5.7710644259128,2.8921696850147,0.981608721582294,1.08032273397717,-0.561384150324839,0.102678427260093,-0.0671947227831213,-0.476931194262915,-0.103716356143308,1.16696149168342,0.663632066947765,1.0,1.0
70270.0,-1.51251575792702,1.13313858781029,-1.60105247993576,2.81340096831714,-2.66450340578315,-0.310371093924795,-1.52089516380539,0.852995775116439,-1.49649450564954,-4.05629261571005,1.55375586796783,-2.74355135914945,1.50454067059684,-5.42878849870488,-0.0160171233729703,-3.72718761269833,-3.94629958919926,-1.68028644319238,2.30361261010114,1.24958556268985,0.729827756052255,0.48528591471162,0.567005413227757,0.323585691602658,0.0408708540928058,0.825813553299941,0.41448227186994,0.267265082454707,318.11,1.0
28726.0,-29.8763655139763,16.4345245512223,-30.5586968214292,6.50586178736296,-21.6656542956569,-4.94035632949796,-20.0813910746494,19.5877726234404,-3.59149104711596,-7.80059820772759,3.94783971729026,-5.4879114860488,1.36994034924206,-4.82955244300835,-0.134412095441135,-5.12116240451142,-11.1181904509172,-4.65995586983801,0.608930080519071,1.72477883837961,1.81295397464878,-2.23225158753151,-1.41280344282556,0.178731069561437,2.15604185816706,-0.20938462411377,1.25564890085966,0.364530452975509,99.99,1.0
76857.0,1.14020795371139,1.15643107873873,-1.47157796740819,2.07627840454674,0.774809058745551,-1.00253195191231,0.264947929409663,0.0131622605764724,0.248835339320523,-2.10066651278309,0.763204840843787,-0.94491647902938,-1.41903447142202,-4.68361969585018,0.51928230124953,0.908454083367609,4.13366666889167,1.30620452511785,-1.09471647432252,-0.125097258302807,-0.387894980568907,-0.866811936205838,-0.121582639900783,-0.356108586349469,0.634572810783188,-0.306311023397994,0.0940868179231164,0.121064728484123,1.0,1.0
58222.0,-1.32278906321956,1.55276821126964,-2.27692070362638,2.99211739124618,-1.94706392017319,-0.480288250384527,-1.36238752318047,0.953242226598613,-2.32962885992389,-3.39355348115172,3.1284396921776,-3.57039373078107,-0.595198191474463,-3.98841505479623,0.995905842419722,-2.84378455855144,-4.82624611607161,-0.703883464864473,2.15221455770756,0.988493486888991,0.614968996752659,-0.195199717277462,0.590711261700839,-0.233377663885038,-0.164285286785183,-0.27749787053455,0.428610084734921,0.246393746180351,270.0,1.0
62252.0,-0.934304733680378,1.39416721628016,1.70750978985119,-0.182921842247208,-0.0599741518117884,-1.08141781800753,1.07803143392254,-0.498115168319202,0.440596193344235,1.03678750906863,0.153514449013248,-0.0595268301149076,-0.015511280665475,-0.479145976077778,0.924127842705941,-0.127878980321169,-0.51196306128639,-0.571158248366313,-0.191444027782032,0.609200000560923,-0.401842167298819,-0.543589377742661,-0.0338006227751582,0.683570706908686,-0.134996890295074,0.00781383520176424,0.257390910729257,-0.133496378092505,4.99,0.0
8090.0,-1.78322883722709,3.40279371307631,-3.82274226552205,2.62536815276644,-1.97641541136284,-2.73168901231308,-3.43055914949085,1.41320351399318,-0.776941494554916,-6.19988176274188,4.36671348631445,-8.24326243368313,0.345761165232579,-6.59055029705192,0.265576095932165,-3.02845238846152,-4.21448627485607,-1.21360784773725,-0.265421595374812,0.364089115014408,0.454031931736316,-0.577525824201459,0.0459665375362652,0.461700017592254,0.044146161217817,0.305704433918549,0.530980986346765,0.243745598122111,1.0,1.0
76876.0,-1.29835900258265,1.07967115744319,-0.180677930886891,1.28783908383189,1.85827347944352,-2.22369500209375,0.525166986044906,-0.0968743110676978,-0.168893374133313,-2.544410418956,0.706999574201444,-0.835695915134352,-1.02211731659325,-4.99399178918475,-0.455706843211384,1.31536513941655,3.63919954823548,1.62342609471098,-1.53933883157799,-0.18757199362802,-0.332983053581271,-0.851270427572191,-0.370799798865314,0.29824168728035,0.442929877216587,-0.522832450531743,1.04856507220322E-4,0.135698346061769,1.0,1.0
85181.0,-3.00345942213401,2.09615030972986,-0.487030347865578,3.06945315960973,-1.77432868427117,0.251804209642436,-4.32877649482139,-2.42547814428288,-0.985222033510513,-3.99521073403213,1.8806015528528,-2.32517912777326,0.636458662971611,-5.41749934539643,-0.262909464785021,-3.81808566437699,-3.70070702592749,-1.99141207812339,0.779950535234061,0.692537380835205,0.163966694003732,1.24564832133152,-0.269241340185825,0.537102119409512,-0.220756683145222,-0.0595547732936557,0.460709677482052,-0.0335506071081744,2.0,1.0
44393.0,-4.61746102917986,3.66339525318756,-5.29744641020372,3.88095965427288,-3.26355091342907,-0.918546733700683,-5.7152620778107,0.831039550183167,-2.45703377841015,-5.72681709632961,3.52572598717089,-6.48911156043177,-1.01279063167124,-7.05231095228929,0.78444540329242,-6.77397674966222,-8.58807007314333,-4.51089174541971,1.14787783834912,-0.34645583270524,2.69817489528664,-0.0270808907137453,0.366775230313112,-0.123011441662663,-0.300456526768528,-0.239996239629945,-0.183463054061235,-0.0733597031884566,1.0,1.0
26362.0,-1.77298104659916,1.22536974821526,1.52317756703917,-1.38233681079434,-0.287884306004624,-1.26583267212292,0.873416893263351,-0.4399938240019,0.795721420944133,0.730631932761235,0.133770538256512,0.404924237375806,0.70575979994655,-0.729180176765561,0.525875093548719,0.313273878930227,-0.764960926606203,-0.653378593274172,-0.869591624224665,0.354314872914627,-0.192777808992849,-0.0952503980394628,0.0453676506187372,0.770283063172349,-0.233488505905916,0.648335271352724,-5.09550717523136E-4,0.259745817112654,20.0,0.0
96717.0,-3.7058559456413,4.10787318567637,-3.80365599543613,1.71031444791959,-3.58246604635748,1.4697289395611,-9.62156012711908,-11.9131046925977,-0.322296771337166,-6.62569249371823,2.17523030559549,-4.38107755793604,2.06329870945929,-0.673818453194249,1.40076321660287,-4.25492662033392,-5.16021301572915,-1.30252591599748,2.59445276115475,3.63960274068724,-5.49877168010629,2.94147540326902,0.916235852911927,-0.25550447969595,-0.18383483865098,-0.584538952417976,-0.315483570351021,-0.0972228121259146,1.0,1.0
55311.0,-6.15960693036327,1.46871292315117,-6.85088814665684,5.17470627250374,-2.98670392387712,-1.795054145699,-6.54507152628193,2.62123613805269,-3.60587012643541,-8.12216107491307,6.02903256317613,-9.22585530778592,-1.54675863096913,-10.3093341893072,0.308062393533042,-7.78732622111619,-12.8221770045808,-4.36767713342358,2.64398422133793,-0.289829585956863,1.06131418230601,0.125737468595024,0.589592331660844,-0.568730604518481,0.582824720935876,-0.0425826450995479,0.951130233081124,0.158996023697089,0.83,1.0
48702.0,0.944720709420996,-0.622058956772281,1.49645330519654,1.11641829430565,-1.34465315625042,0.377466558179136,-0.818050631279328,0.261350293532898,1.11791856329914,-0.292963026150476,0.76317424429955,1.84537424014709,0.554813488697683,-0.841405408104854,-1.9913766112237,-0.332425564620258,0.0815926157939931,0.0471952305292147,0.452835450457313,0.0829267978779949,0.140160600142541,0.686274835514489,-0.203575449530576,0.656151355166731,0.478615150018014,0.545907588909668,0.0248051699552058,0.0287354959315256,84.99,0.0
66878.0,-0.67103319375608,1.06389892865475,0.967004824358671,0.00469570650356893,-0.362426556302372,-0.824071791150758,0.387630410713778,0.4077540647439,-0.875027043708668,-0.480570852409282,1.06274670766996,0.358382264300145,-0.860855292060172,0.937117959766074,-0.0179313631507762,0.301726584348035,-0.321328575940042,0.427019008428193,0.168031168880266,-0.186818272964073,0.233248353285638,0.456665993330869,-0.0332695640381248,0.546718812595099,-0.424499686331546,0.258642567571897,-0.0344548348825198,0.0802000695386047,19.97,0.0
14152.0,-4.71052878230567,8.63621438967976,-15.4962220036783,10.3133493732845,-4.35134098287048,-3.32268873543923,-10.7883728387388,5.06038112024979,-5.68931118776998,-11.7121866242875,11.1524905985837,-16.5581971409376,0.302644522406362,-17.4759212828566,-0.412393267331071,-10.222203169604,-13.7991476446987,-5.00858517858957,1.16202614780693,1.43423977941906,1.9905453513529,0.223785002572736,0.554408428563337,-1.20404159623154,-0.450684594730258,0.641836059375492,1.60595762479265,0.721643614506061,1.0,1.0
86117.0,-0.310659386896927,0.883204436338847,1.23639056827217,-0.099769467346761,0.275602905176157,-0.622680667533766,0.758655051814577,-0.125578170874904,-0.479508573644388,-0.47347037627668,-0.986835102212436,-0.325002309194712,0.0788652997845037,0.170627937750429,0.773661575352733,0.207500033542095,-0.555613218807713,0.116069515761692,0.113300710928311,-0.0161765069481186,0.127852686964499,0.372237175601629,-0.24631019825005,-0.0749535007750354,-0.155306428610659,0.374334150062517,0.0870125047203319,0.130188586138371,9.75,0.0
94364.0,-15.1920640113629,10.4325276778611,-19.6295152518171,8.04607504591293,-12.8381666152727,-1.87585874614533,-21.3597382791388,-3.71784952676935,-5.96978174909567,-17.1415136412892,5.90239975502551,-13.5801472568557,-0.45140689941267,-8.33476258691073,-2.02514468652193,-10.1963336944105,-17.2709851692259,-7.07909577930568,1.51769533116994,1.65747618417276,-3.47409650326971,1.76544551266317,1.70125678162665,0.381586805077026,-1.41341748729956,-1.0230778939005,-2.63476129227348,-0.463930546269812,1.0,1.0
56806.0,0.0168278084833761,2.40082554709233,-4.220359820602,3.46221746352071,-0.624142188342754,-1.29430258598001,-2.98602831443748,0.751882724799937,-1.60667229891344,-5.97492543825504,3.26492215161104,-5.09503162409832,0.307807541258315,-10.0181060613614,0.273282636641356,-3.56253351747421,-4.37710568381017,-1.79263494349375,0.0802807729992116,0.590418382570863,0.285831617664336,-0.771508088806938,-0.265199774294598,-0.873077150100989,0.939776315964547,-0.219084743497804,0.874493632152321,0.470434221788752,1.0,1.0
50808.0,-9.16978982388629,7.09219680097303,-12.3540368689178,4.24306897383907,-7.1764377547738,-3.38661804868541,-8.05801194656602,6.44290866379074,-2.41298660229065,-6.13490688724113,2.82667122820047,-6.30984277729399,-0.623002385785158,-7.27986921938704,0.924233225976226,-4.21553713481175,-7.17167241498026,-2.55033668458713,0.596364320528384,0.816651661759946,0.926156961108813,-0.817706132334589,-0.150434415715838,-0.039383059739641,0.485639753958673,-0.264324608977439,1.1596904600617,0.232758088392131,99.99,1.0
50807.0,-1.21548239374105,0.611873290352501,2.01392702733157,-1.24302311025725,-0.589559471379467,0.721272748367008,-0.527331242537822,1.07435351617507,0.313149205105833,-1.06840442838774,0.970977997085653,0.731618522970326,-0.997043237906327,0.102853027646608,-0.545077602815552,0.119653820707117,0.164997467088047,-0.589848375732105,-0.884256739958808,-0.187997477395354,0.0442843309923444,0.226772319290055,-0.0659733311471974,-0.238198762162681,-0.281734692964631,0.89678915426301,0.162761944153611,0.0706206365220039,1.0,0.0
121130.0,-0.192153015834316,0.834355971807522,-0.881955699630448,1.41196645974698,0.0243478502106801,-1.00409156402688,0.655015031321514,0.0516574659451444,-0.694194785800377,-0.641466768891501,-0.422295601297345,-0.0368816934057454,0.637605238321991,-0.343554640576178,1.92983977737546,-0.790571071642764,1.46211580361728,1.04793565410005,2.17997796674827,0.41595009990907,0.503506237262821,1.33447672548386,0.161239329910962,0.0177833464280595,-0.946718626947182,0.155898283379816,0.17920166069805,0.19709561752108,112.67,0.0
43369.0,-3.36531852073793,2.42650326490524,-3.75222652688429,0.27601659835291,-2.30587029698066,-1.9615783188747,-3.029283444673,-1.67446174770883,0.183961286375875,-4.98092843827312,3.65788166668826,-6.40982235504524,-1.0873102947816,-8.50943318717532,1.43257178733402,-5.36989001074152,-9.06907940021057,-2.81980659631422,0.874542948076265,-0.0368373256714411,2.07000816413804,-0.512625728150551,-0.248501692422131,0.126549624264963,0.104166256940212,-1.05599732614735,-1.20016496678239,-1.01206584314534,88.0,1.0
40276.0,1.15937314510686,2.84479469928473,-4.05067950821309,4.77770088131929,2.94898004123771,-2.01036111013216,1.74408581794948,-0.410286521869204,-2.45019774688553,-2.04216786301424,1.84409317018026,-2.42593281501277,-1.5842751343556,-7.2083115791564,0.459828383286257,2.37529619792022,6.4435098643744,2.59184606301795,-2.88977035831304,-0.059264385833904,-0.176541018596848,-0.433469859425429,-0.529323202003731,-0.597019604985794,1.33595405267787,0.547092070642555,0.00997894426391215,0.160769150049196,1.0,1.0
4462.0,-2.30334956758553,1.759247460267,-0.359744743330052,2.33024305053917,-0.821628328375422,-0.0757875706194599,0.562319782266954,-0.399146578487216,-0.238253367661746,-1.52541162656194,2.03291215755072,-6.56012429505962,0.0229373234890961,-1.47010153611197,-0.698826068579047,-2.28219382856251,-4.78183085597533,-2.61566494476124,-1.33444106667307,-0.430021867171611,-0.294166317554753,-0.932391057274991,0.172726295799422,-0.0873295379700724,-0.156114264651172,-0.542627889040196,0.0395659889264757,-0.153028796529788,239.93,1.0
74149.0,-1.74808593890643,-0.745208982492136,0.0636099646024811,-1.87476905636741,3.31200733039048,2.6468755993346,-0.0826699294775968,0.83283599933414,-0.510660456760528,-0.689444171804638,-0.195347428311724,-0.246205256484553,-0.0822731613321996,0.25846236195112,0.699012952992371,0.742692837967405,-1.00851896966942,-0.0930833151309665,-0.00200345163901866,0.23180365961923,-0.177206202135229,-0.993749980422597,0.0506136297038811,1.03127574443299,0.414286018383411,0.73629487701685,-0.275615875395617,0.255039357144848,83.48,0.0
87163.0,-0.461595655394518,1.96093925051793,-3.04257920780244,-0.424549287806511,1.6854204778529,-0.946940948161873,0.786188828318473,0.574317455389191,-1.14066035976839,-1.82322976871954,0.769919792601269,0.51330983419617,0.423255511144086,-1.87246670704614,-1.27999523199722,0.871954344817869,1.89278398998735,1.30445854376719,-0.0956634586362529,-0.293202193715272,0.185261566427722,0.375142360152985,-0.185433655965038,-0.127615324222104,-0.320605826087354,0.522737808201412,-0.294141289120066,0.0144632318393848,0.76,0.0
71662.0,1.17202204631612,0.184976348239053,0.130443156293284,0.887253589977092,0.057786472199905,-0.00231620615003742,-0.0179466226766117,0.117973924647684,-0.136929721870164,0.161759661783152,1.09595035403339,0.426013803963694,-0.853747207843694,0.755677055466949,0.583942854290804,0.0868380015896132,-0.471526697099629,0.101344260790831,-0.311938588771295,-0.196352718521828,0.0787351513438197,0.224813774410601,-0.116789133175319,-0.317601099350911,0.599576680709763,-0.293600346224522,0.0198560462909074,0.00250829956530804,8.9,0.0
40211.0,-0.363112478852531,1.1574020778333,1.30853049943182,0.0630021721993105,0.116410129587587,-0.975856274057938,0.761635986638708,-0.119214703340208,-0.519717043110469,-0.53633136253802,-0.0699430185243533,0.362658634320776,0.947251934115976,-0.592664351178039,0.804058286206425,0.343508917633549,-0.0384070735425578,-0.238537495692854,-0.0974463744143729,0.180044733096722,-0.250353331929702,-0.622988094932075,-0.0127278006694319,0.35647355609905,-0.130307374435753,0.0689876981964885,0.249099936614566,0.100800005176724,6.27,0.0
49021.0,0.342702957988769,-2.96146345754236,-0.270253867620529,-0.883294189056476,-2.05786770292015,-0.374483867190848,-0.298752699557499,-0.188713181432009,-1.71966179063916,1.16218758528311,-0.471636708739508,-1.46766748804178,-0.730639548437082,0.114969679416388,1.03718765011205,-0.554869740356957,0.879604225152544,-0.209403085363492,-0.781404980414588,0.749821222638815,0.153400370563218,-0.526354555909123,-0.436329639708702,0.0578119960988359,0.0550206206280747,-0.235220020248805,-0.0729834016862965,0.116953278071863,599.99,0.0
48533.0,1.24384844934819,0.524525772902587,-0.538883626044331,1.20919597418592,0.479537596763788,-0.19742873374782,0.0491662598481355,0.0377916321310988,0.128118590882765,-0.552902906422504,-0.668358831257417,-0.818803693746743,-0.883832091051869,-0.994580854433906,1.50684875024006,0.62400331534091,0.705794271683871,0.524181774270524,-0.73174984602915,-0.171540654731681,-0.0516598862539047,-0.0840894090242923,-0.192846388954053,-0.917391985542652,0.681952813037122,-0.194418574345634,0.0459171449577401,0.0401359980627264,1.0,1.0
74262.0,-2.25053480921229,2.36575487772312,-2.95549117924385,0.0897905975142065,-2.83074456678034,-0.844461639207772,-0.174061560679368,-0.407138137833787,0.174216293591102,-2.9989262562074,2.60516857519668,-3.67771661422902,-0.961254636207547,-4.62948099682303,1.94218161282,-4.18037888438458,-4.60568646763486,-2.55718413666009,1.58958220191211,-0.48653714178381,0.256559618287662,-0.466245243122949,0.291104927494009,0.242566552797207,-1.27909371150404,-1.12353433717278,-0.630976512544474,0.326839204012689,311.28,1.0
7526.0,0.00843036489558254,4.13783683497998,-6.24069657194744,6.6757321631344,0.768307024571449,-3.35305954788994,-1.63173467271809,0.15461244822474,-2.79589246446281,-6.18789062970647,5.66439470857116,-9.85448482287037,-0.306166658250084,-10.6911962118171,-0.638498192673322,-2.04197379107768,-1.12905587703585,0.116452521226364,-1.93466573889727,0.488378221134715,0.36451420978479,-0.608057133838703,-0.539527941820093,0.128939982991813,1.48848121006868,0.50796267782385,0.735821636119662,0.513573740679437,1.0,1.0
93860.0,-10.6323749061596,7.25193622855414,-17.6810718207918,8.20414440620562,-10.1665907519072,-4.51034377036334,-12.9816061559658,6.78358879797499,-4.65932958355558,-14.9246547735487,8.38914233451929,-16.4655039422141,0.33851695978655,-14.224403603167,0.556584472572111,-11.683998043525,-15.8416159780561,-5.75319975278369,3.81304079276336,-0.810146481561289,2.71535704420309,0.695602689761576,-1.13812206664164,0.459442241911828,0.386337323495895,0.522438449202614,-1.41660373652915,-0.488307035713995,188.52,1.0
119534.0,-0.71151599132009,0.0762826992237024,0.703549265461656,-2.51036548429132,-0.116727367976669,0.19721544572834,-0.39765727813731,0.589202146070997,-1.16090623524195,-0.356684303583227,-0.421209958019372,-0.212749502367305,0.497900999815095,-0.21001381945454,-1.19191337208112,1.88875262771085,-0.574254304407545,-0.284366470771373,0.432013701348051,-0.0100455881342154,0.434107673383098,1.03130515756708,-0.373549652343465,-1.11792169290225,0.115245920074735,-0.130098999795393,-0.00839885690272286,0.0320527020939022,19.95,0.0
68357.0,1.23260446981971,-0.548931183157109,1.08787266901823,0.894081819978967,-1.43305489904701,-0.356797142170886,-0.717492197160233,0.00316653108995309,-0.100396732730679,0.54318725600578,-1.03941706835478,0.285261608751792,-0.206006567752438,-0.498521775750102,-1.06410845071827,-2.1560365431533,0.564761098405632,0.837856659648528,-0.728989760343786,-0.576274061414969,-0.448670516618872,-0.517567967949267,0.0128333352729761,0.699216728009832,0.527257980520248,-0.322606503047991,0.080805437438631,0.0354271820131481,19.59,1.0
70774.0,1.18522553429839,-0.209718112894343,0.518708537116078,0.592682659831219,-0.784901498469128,-0.68270775643577,-0.164337259378538,-0.0861643093963286,0.81567574404528,-0.296318812554566,-0.860306351203727,0.134119320952068,-0.729651363532348,-0.0629186367439464,-0.262599317057369,-0.357753630852472,0.175027826204584,-0.525971289595987,0.315382433273111,-0.094724569007886,-0.0880433302380117,-0.0990777765171326,-0.0962979484480156,0.457937742076259,0.505634789414072,0.670149576793672,-0.043187240119973,0.010452961691921,35.0,0.0
42948.0,-0.417628852213301,0.94354532227753,1.36890561528909,0.0166440679194722,-0.129619672003288,-0.832192024107606,0.484111907694099,0.154438565614402,-0.423382687169144,-0.292927440289624,1.39545376916525,-0.174394128979786,-1.60625671960759,0.099970311736312,0.355500641662108,0.594022095580328,-0.0760057185459261,0.487688647244523,0.132881024552725,0.0213647683284115,-0.215218430025049,-0.67223620447956,0.0210805015896083,0.440357735932502,-0.271211207306938,0.0472024237874482,0.230820998233228,0.0872367645123195,2.68,0.0
64785.0,-8.7444146436792,-3.4204679837707,-4.85057473189452,6.60684578567387,-2.80054617200457,0.105511583647205,-3.26980129883546,0.940377922978903,-2.55869060182863,-3.62477471396623,5.26786160380362,-5.58369692598496,0.173895592410693,-6.67997675520914,2.08419914311417,-4.3488914455328,-8.76078602293495,-3.40754854415232,1.33293006548133,-1.81831542477292,0.102912553839685,0.311626102287519,-4.12919549979785,0.0346387321763146,-1.13363123097119,0.272265246225774,1.84130726881613,-1.79636258672205,720.38,1.0
85867.0,-3.58696386180132,2.60912703784891,-5.56857720803735,3.63194695349796,-4.54358971050144,-0.15789907530677,-4.08912766842153,2.41730514407718,-3.23990097529344,-5.822449155685,3.36918605153883,-5.69192578583088,0.287371390782189,-5.41378669142638,-0.555549924912204,-5.86366171303999,-11.1432410242579,-3.48093955285599,2.79433340410919,-0.178533964286313,1.02442283357462,0.428756482022381,0.182032121144153,-0.534597882665306,0.16893349468844,-0.149843614233619,0.685517241438814,-0.299728379437129,310.42,1.0
90658.0,1.94458750658264,0.676724960807491,-0.83134356656108,3.62928265846956,1.05788915604172,0.778248420465533,0.0435303928267031,0.0426935804472136,0.0923525331542584,1.22987599798672,0.881868974836103,-2.24685662937441,1.57102543085383,1.86955660943355,-2.2239588460527,1.16031456361969,-0.489598508121536,0.202390848598597,-0.990287158483484,-0.292350280597479,-0.422700001582014,-1.03449185737149,0.316557791264989,-0.0562637872790979,-0.209057990878664,-0.394935706273845,-0.0732315107155076,-0.0595029704658495,2.99,0.0
7519.0,1.23423504613468,3.0197404207034,-4.30459688479665,4.73279513041887,3.62420083055386,-1.35774566315358,1.71344498787235,-0.496358487073991,-1.28285782036322,-2.44746925511151,2.10134386504854,-4.6096283906446,1.46437762476188,-6.07933719308005,-0.339237372732577,2.58185095378146,6.73938438478335,3.04249317830411,-2.72185312222835,0.00906083639534526,-0.37906830709218,-0.704181032215427,-0.656804756348389,-1.63265295692929,1.48890144838237,0.566797273468934,-0.0100162234965625,0.146792734916988,1.0,1.0
116394.0,1.99607718958396,0.0458569925595811,-1.97185331205707,0.326369727126065,0.740386924236625,-0.515483131226298,0.346389191134857,-0.293949830367202,0.320590330128515,-0.445370090445826,-0.824869449828673,0.68426346232085,1.51478130676339,-1.13072153360483,0.105268227127376,0.420285318568793,0.200480902092212,-0.282355794071156,0.229536177521186,0.0725004113025246,-0.347880321614881,-0.967195280848163,0.2023763181503,0.0298932027105281,-0.162419921498914,0.194396683117478,-0.0661926432583288,-0.0224278749420595,62.99,0.0
99171.0,-0.12406509099137,0.876794047831295,-0.158124569133731,1.14340761696115,1.37689856588266,-0.557801236184306,1.16066996511213,-0.722442414169668,0.478807259900662,0.282981049427322,1.7786103078681,-1.84669267944059,2.11789651553823,1.98262003367083,-0.414049904539172,-1.87825805580805,1.08097414279581,0.688680247877626,3.10910245901027,0.175641174418128,0.101936673402105,0.958249405807779,-0.447044780614271,-0.286051365825694,-0.158100483038612,0.211799166061136,-0.253683159641128,0.00873930984755163,21.4,0.0
53727.0,-1.64927881611351,1.26397355628777,-1.05082567399718,2.23799063903423,-2.52788923751396,-0.889939993137591,-2.35525367110661,0.85465864123984,-1.28124261677782,-2.70501138232752,1.17447506014201,-4.38191956749248,-1.22666589816604,-2.95382425341893,1.99416119386347,-3.30425391022094,-5.58579436647491,-1.64370403169872,2.11863332532912,0.0874063699474628,0.679176431149171,0.731907051356776,0.333045475501739,0.392505235969248,-0.274197297543759,0.802348667525187,0.390808552793314,0.11214553148245,112.45,1.0
101051.0,-1.46531575579616,-1.09337687781209,-0.0597678482279439,1.06478463530602,11.0950886001596,-5.43097128323669,-9.37802517086658,-0.446456139679101,1.99210961400888,1.78592177154007,1.36858453419511,-1.47169658834377,-0.72475884619705,3.44242199594215,-0.957403224855046,-1.62612941891216,1.41821495932655,-1.41791682839858,-1.65176618071699,-1.4576102135585,1.16062328833533,-1.2596968082996,-15.9816491909559,-0.883669935248733,-3.53671623161143,-0.59296488849027,0.675524833181225,0.424849351792902,0.92,1.0
27564.0,-0.41368334302965,1.05501676809484,1.38266155052943,-0.247365072969223,0.490423441492439,-0.424533433009456,0.995537835598016,-0.334390340840432,-0.141762211381621,0.390967121895861,1.38929057089653,0.314566799283084,0.0134348426399466,-0.73513172639712,0.298278860941464,0.49292951322447,-0.578678878388984,0.39701183967656,0.302852282506125,0.396339912158538,-0.370740767200072,-0.610600897842265,-0.141265019846308,-0.0566029947452748,-0.149828167939559,0.0233693981087826,0.0284621914893232,-0.306200714518176,8.9,0.0
51135.0,-10.5273044341626,7.63974510878724,-13.4431145027514,4.30340291762786,-8.04820986720506,-3.46699653575204,-8.64319279153494,7.28410530047069,-2.36209663777244,-5.99659592015915,2.5891035399443,-5.9622614216576,-0.468955402702701,-6.77818372152522,0.907946622048306,-3.97013003226966,-6.85761265464239,-2.51173568202806,0.511761951503497,0.847085223070639,0.937415595523653,-0.931178206442092,-0.235696693319785,-0.0313933540844794,0.591558276561224,-0.263516323288921,1.10889729755393,0.219021143211497,99.99,1.0
100298.0,-22.3418888868038,15.53613332478,-22.8652284959099,7.04337354768731,-14.1831291919342,-0.463144880408286,-28.2151120538009,-14.6077905214735,-9.48145633401495,-20.9491915543611,4.73958247105186,-11.9249546896802,-1.50141102577851,-3.83678146634435,-2.72032883823594,-8.88010567222989,-15.8251362851177,-6.75042522352437,-0.129188144339879,4.10001904830367,-9.11042257588182,4.15889482041313,1.41292844456256,0.38280067392155,0.447153952515532,-0.632816336434319,-4.38015425911661,-0.467862869164174,1.0,1.0
84106.0,1.19005001928051,0.00810507974728402,1.07511696190733,1.2096686199956,-0.652089119116948,0.125870470215503,-0.519222468357543,0.0822049787838919,0.813231095075796,-0.223610656387137,-1.14090535815253,0.709200118352375,0.887804822907144,-0.543036683045771,0.134313341701903,0.199027609964132,-0.486781011350276,0.019601969604485,-0.0142768373158889,-0.0666199440675856,-0.088623955831359,-0.0103527616819682,-0.0802879327351678,-0.121595981483163,0.512171470511783,-0.378538801474223,0.0766201770904503,0.0346322010166506,9.99,0.0
67571.0,-0.758468652663917,-0.0454102784513458,-0.168438290153528,-1.31327481447103,-1.9017625315847,0.739433414882114,3.07189204639003,-0.483422244220096,0.61820276215476,-1.7690597207318,-0.651414013964987,-0.00542329080098884,-0.517194341398293,0.217469760178719,0.883558824493356,-1.17397764863161,0.24334710955825,-0.342300728238465,0.68705620239513,-0.0324998988871344,0.0426194565214976,0.397223782011498,0.0722288654476503,-0.242275996603303,0.560916469624214,-0.540954584325348,0.150606446374032,-0.117140114799884,549.06,1.0
62330.0,1.14086473658976,1.22131743135767,-1.45295546048243,2.06757505760281,0.854742052227546,-0.981222507744598,0.325713913670098,-0.0377214068783676,0.113219371615132,-2.12697274994354,0.915947028928619,-0.468571538051367,-0.523377293666349,-4.86186658087283,0.421013353871263,0.866440624739209,4.08248488419359,1.1963181517001,-1.10076358353881,-0.0677120411898438,-0.377597095255037,-0.79345965987036,-0.132333171548173,-0.33158626897425,0.664877856718148,-0.309312434134138,0.099941947375597,0.122988311929089,1.0,1.0
14625.0,1.16626581990942,0.308132149159619,0.756405653704334,0.859734781426377,-0.349351728289095,-0.644901450730179,-0.0458613378573119,-0.201397347033742,1.22545550130051,-0.503273935320843,1.33152995996929,-1.67517854764686,2.38617248878049,1.62497218826118,0.469015681857102,-0.135746209244314,0.678025942576023,-0.883144853678752,-0.812219504141987,-0.113507468989735,-0.343216583721838,-0.723262729766921,0.197799208617163,0.348609266018966,0.0890703528152668,0.062021461450311,-0.0386345465314543,0.0164125938159341,17.99,0.0
105570.0,-0.968343021950399,0.461047616156999,2.09467317524321,-0.268845763600687,-0.326845079581558,0.285039201908457,1.20267637755646,-0.133422005719813,1.22455872179917,-0.981458979542999,1.9941797088339,-1.86462054477993,1.54675563619255,1.35365358849521,-0.692143973116411,-0.0508288770165587,0.106931813358573,0.627279663707292,0.390212357070385,0.541113169032682,-0.307208798350699,-0.644628596893144,0.157463358879084,-0.107481526118148,0.324220317199909,-0.532173334125136,0.0631592954669677,-0.0912970036903056,183.74,0.0
102542.0,-1.45687631770562,3.74030556080113,-7.40451844591174,7.44096403590735,-1.5498779534738,-1.66169686169337,-5.75721301357641,1.61501101078404,-2.19488072574389,-6.80713525144464,6.82579316213884,-10.3997491177692,1.83644883978883,-11.872845098188,-3.6423925983095,-6.0441031440521,-9.75077638654123,-3.11637225405711,0.0653171492484702,0.529557330911833,0.957897451629944,0.145339479676781,-0.0447039008346728,-0.544961671329029,-0.757756535554721,-0.00535236923589807,0.318152285707546,-0.323553622642371,2.28,1.0
66816.0,1.03927729347163,-0.105043236594113,1.10377230876943,1.33750814850609,-0.623378679952025,0.441251861017565,-0.534163597919494,0.268837812041946,0.73779267237213,-0.267606727514824,-0.0631159407121293,0.765062292420575,-0.00785443910820106,-0.216982319377395,0.526504802358282,-0.788299935237918,0.49120904108814,-1.02637513119139,-1.08693606905294,-0.187049432361272,0.175263312067242,0.794536942229324,-0.0499357745551283,0.12871221277079,0.459112435445588,-0.177903935545407,0.0923657823206013,0.0286068328316566,19.95,0.0
83934.0,-0.433222446537596,2.42837911824053,-3.99645439738162,4.87129854095106,-1.7963078560437,-0.586867589935922,-4.65454261848565,1.28522967071729,-2.74353881589949,-5.63894131284807,4.3437434980468,-6.65573446968769,-0.293108662762872,-9.50514082568186,-1.39614905931922,-4.85032315924603,-10.0062528282393,-2.78959811229388,0.98258385892977,0.745029329890697,0.713558821786954,-0.408953595906886,-0.320889532152165,-0.804230275167984,0.962851575679124,0.199558010666927,1.09453318209808,0.541147567735467,1.0,1.0
96557.0,1.92254891064836,-0.332095809837064,-0.918880133162859,0.435365470514457,-0.221821575677569,-0.634371085875178,-0.149269434537152,-0.206033798540632,2.18647495346875,-0.420115491159388,1.68660053093021,-1.3203436337958,1.25934578144832,1.73258004714336,-1.81470659711797,-0.55823379639678,0.534443930113884,0.236287976616822,0.244774462578342,-0.225168914013348,0.0123161803998432,0.496652908029204,0.0211979096640093,0.0168444429128997,0.101790762237076,0.132930858403709,-0.0613515258598374,-0.072693509166664,41.13,0.0
53945.0,-0.869628698127567,0.40787576974922,1.14865303864505,-1.58920828663467,-0.0773669205898919,-1.30409448466179,0.581275646930769,-0.0944269819698591,1.16814722785403,-2.08881961200303,-0.426381677117661,-0.120873070552298,-0.903613679159622,-1.21887450232129,0.601635754291777,-0.123774341865173,0.643678252156152,0.718293936508459,-0.0595202268618061,-0.186986864776372,0.0284981007628668,0.231417563331404,-0.092082938172664,0.27470776531516,0.176450404868946,-0.808046615091603,0.0575952184190889,0.146498703363874,28.76,0.0
56806.0,0.0168278084833761,2.40082554709233,-4.220359820602,3.46221746352071,-0.624142188342754,-1.29430258598001,-2.98602831443748,0.751882724799937,-1.60667229891344,-5.97492543825504,3.26492215161104,-5.09503162409832,0.307807541258315,-10.0181060613614,0.273282636641356,-3.56253351747421,-4.37710568381017,-1.79263494349375,0.0802807729992116,0.590418382570863,0.285831617664336,-0.771508088806938,-0.265199774294598,-0.873077150100989,0.939776315964547,-0.219084743497804,0.874493632152321,0.470434221788752,1.0,1.0
62834.0,1.16415295060609,0.341278806790155,-0.264799411164561,1.00310399784176,0.433575873635375,-0.172271278887991,0.398019400416524,-0.048890310360073,-0.585709843570835,0.215954564570315,1.25037830451232,0.856966194039457,-0.0482638071945927,0.771557175398363,0.221709676768543,-0.172011830110957,-0.418197875513554,-0.219431934906527,-0.259773648113625,-0.118618229200864,0.0740820945199393,0.212042059428909,-0.186901990141348,-0.287461410844601,0.778056412391679,-0.25051617090165,-0.00166797401206171,-0.00171435275274609,25.29,0.0
2322.0,-0.353416694170476,-3.42164933762019,-0.253020414411415,-1.05240622415621,-2.05572559024991,-0.205535708324772,0.44640968347629,-0.260455583030138,2.74030282145951,-2.2309902520146,-0.947261155277759,1.74029012247278,1.06106495731286,-0.635066285471185,0.092973806387962,-1.40080442280675,0.384916025263951,0.186129243585533,1.36684237891985,1.67116244480074,0.528372100442149,0.213119614241219,-1.01023757451036,0.190236174735553,0.610823810089953,-0.655039967610147,-0.0343207697359203,0.172944665004919,850.15,0.0
47941.0,1.3810547248743,-0.528424629212035,0.13209978064902,-0.636782026322307,-0.648433839494265,-0.372740422104755,-0.355978828677287,-0.222554714636543,-0.772516388811268,0.527905141114753,-1.21749574074769,0.475080860894909,1.71790815672621,-0.426911035477682,0.0647670296240961,-1.35284990703905,-0.162314746500429,0.677072062633067,-0.161666601738728,-0.317245925123329,-0.647175687083759,-1.2940355601757,0.0189743205700335,-0.409912514568528,0.266906872415025,0.900132948244057,-0.04745873841533,0.00911740964419697,37.03,0.0
114617.0,1.84854112263379,-0.463385851993233,0.0220839839633822,1.18538362757072,-0.671039146092528,0.470534953576721,-0.9903016284068,0.400994412657769,1.13032308824138,0.335949704068346,0.508169417714491,0.259908896055659,-1.39943670185,0.262066629143195,0.195031224163146,0.796134006030147,-0.89560850632879,0.882588632641906,-0.447610382663419,-0.271905400482269,0.102332641448822,0.286221810946825,0.3126552154238,0.619535451997417,-0.425324696574131,-0.799547989072476,0.060147122956866,-0.0233791137907822,23.94,0.0
59467.0,-0.602623126532214,0.520114480049026,1.0685695047063,-0.713036679377942,0.317029224272205,-0.00447478552569205,0.55584682183677,0.284268243475802,-0.468975691122338,-0.322231417269286,1.41539292184847,-0.542848338967452,-2.72078511675076,1.04748664471009,0.739136249345155,-0.267513558966999,0.26738979467762,-0.942267027259173,0.0323710079620994,-0.255953910859968,-0.273964339924334,-1.01248093943166,0.13867461378875,-0.352076211453869,-0.639548135270501,0.619955204698115,-0.154561765988255,0.017389988411005,26.99,0.0
69394.0,1.14043132434726,1.13424300279892,-1.42945474072655,2.01222598912655,0.622800198240135,-1.1529230868157,0.22115947772768,0.0373717733484629,0.0344859259841517,-1.87964382107016,2.19166507997652,-0.487849732811135,-1.75713709936308,-4.46105120749925,-0.402884205654366,1.4109171085787,3.61925125200524,2.28492676267757,-0.443999191918561,-0.0997118777920308,-0.367136001490949,-0.891627120817809,-0.160578066799212,-0.10832596200032,0.668374321480191,-0.352393242949003,0.0719927692746503,0.113684370071235,1.0,1.0
48508.0,-0.826708841918287,0.328258333516297,2.3302248046314,1.00705297906269,0.428957563622709,1.08007232980972,0.664811100362515,0.00284802057198921,-0.0751692882655966,0.173532693491767,1.38590188028575,0.1392947703345,-1.44025536991698,-0.0556276297667016,0.281457331923859,-1.25536616119654,0.503889076856401,-0.573315691392697,0.834429339463007,0.0413059797599382,-0.218647089563911,-0.155249491515521,-0.232406963965462,-0.323164887376201,0.0035276041476624,-0.384171322492625,-0.275899413135967,-0.402533855467781,69.98,0.0
76857.0,1.14020795371139,1.15643107873873,-1.47157796740819,2.07627840454674,0.774809058745551,-1.00253195191231,0.264947929409663,0.0131622605764724,0.248835339320523,-2.10066651278309,0.763204840843787,-0.94491647902938,-1.41903447142202,-4.68361969585018,0.51928230124953,0.908454083367609,4.13366666889167,1.30620452511785,-1.09471647432252,-0.125097258302807,-0.387894980568907,-0.866811936205838,-0.121582639900783,-0.356108586349469,0.634572810783188,-0.306311023397994,0.0940868179231164,0.121064728484123,1.0,1.0
61646.0,-1.52230450950001,1.50515204317029,0.372364350808073,2.28686855813503,-0.526518744404641,0.998593092488712,-1.0875560400314,-0.027248402908359,-0.533001251290556,0.169572797878818,2.79039639060721,-2.31695189213093,-0.78253178710191,-3.43173796295146,-0.527701760836688,-3.2935576903327,-3.90149898369755,-2.52544048175208,0.79514422023384,0.412800620721233,0.332216175668172,0.493980864616249,-0.0801982925908616,-0.253327337787628,-0.477799682605952,0.991739677999628,-0.952553959120801,-0.39036399798095,19.04,1.0
41308.0,-13.6807603221285,6.99038924197379,-13.7700011356219,8.694896899191,-11.4269679730732,-2.91984498997907,-14.5945615876748,8.62290473620712,-8.09069700355941,-12.7806339362021,5.3306013514672,-11.898065148453,1.59599290197592,-9.56016927087188,0.596403762858148,-11.3809956026059,-21.5368016259059,-8.48535580519493,3.51761050964655,-0.877391609905133,2.98955250855903,0.497598716647637,-0.509290299460639,0.732503456665873,0.280527953637944,0.280037142108891,-1.40668683562971,-0.663643363595055,0.76,1.0
41743.0,-2.14441147422114,1.0734990949761,-2.77366294436956,1.38439373061694,-4.01547712730958,0.747235431622141,1.52563753547227,0.192987836205386,-2.43186196584916,-4.15583783449678,4.35477463025116,-2.87240010922107,0.468875462284219,-4.55566674751092,0.699671492981511,-2.90114077639634,-4.67466711122835,-2.21362325223921,1.29616504982889,0.668123787084126,0.14465327974064,-0.885681640451265,0.625098628062992,0.0965268919194303,-0.189454895625625,0.532908314019749,0.423044721673666,-0.210266310409715,802.52,1.0
93860.0,-10.6323749061596,7.25193622855414,-17.6810718207918,8.20414440620562,-10.1665907519072,-4.51034377036334,-12.9816061559658,6.78358879797499,-4.65932958355558,-14.9246547735487,8.38914233451929,-16.4655039422141,0.33851695978655,-14.224403603167,0.556584472572111,-11.683998043525,-15.8416159780561,-5.75319975278369,3.81304079276336,-0.810146481561289,2.71535704420309,0.695602689761576,-1.13812206664164,0.459442241911828,0.386337323495895,0.522438449202614,-1.41660373652915,-0.488307035713995,188.52,1.0
111602.0,-0.716455286283408,0.886838759161673,2.05555710550628,-1.04242587537245,-0.0206576138751183,-0.652767415700557,0.980838379919547,-0.558651773227564,0.797260079418319,-0.190296118944329,-0.196192617593257,0.529874194038318,0.711717889708639,-0.852953584807303,0.292416189371466,-0.245883192284246,-0.6411776830815,-0.532955527186572,-0.313204789804933,0.158919467098358,-0.192064666232726,-0.139262710534082,-0.106766910419032,0.395978859416142,-0.398879643376637,-0.380743869195026,-0.363399138282133,-0.251313132957754,10.0,0.0
95559.0,-16.308650062507,11.6148005425867,-19.7393862972953,10.4638662754002,-12.599145656022,-1.2023933184963,-23.3805078207357,-5.78113300512982,-7.81102238181602,-16.3035376590131,5.57362527301538,-13.6352161247268,-0.483236243869236,-7.35279224297253,-2.39268418895092,-8.72814239367754,-17.5988535455879,-7.45595632935304,0.169740705598221,2.10603387120175,-4.88498262418118,1.14091043558273,1.39295263139548,0.348996604820014,-2.16750975079914,-0.798753537981903,-2.94277507305079,-0.462679619023024,1.63,1.0
84834.0,-1.48990959035852,1.36463740313,1.89388840069176,2.60524527859894,0.516785125540069,-0.0979022251053158,0.310615599015249,0.498409969568963,-1.96729723946996,0.280970830428521,-0.351574637794302,0.617487762924904,1.42744673038231,0.050791425177247,-0.499545175102199,1.16800574873524,-0.750635546327702,-0.905577295347567,-2.91246983059008,-0.314943604220538,0.135085291997937,0.0993546985536579,-0.0727237042079407,0.383793424979008,-0.470754855037143,-0.397036840833497,-0.0578402982634247,-0.0175426566300354,14.16,0.0
77033.0,1.04553816235017,-0.132025019144555,1.35981215245754,1.22703569524191,-0.834191957731045,0.481480382875308,-0.728206391342323,0.359925534414966,0.605839153623618,-0.080576007061292,1.32058248056829,1.35128423644505,-0.0531858272398901,-0.13224467337366,-0.29036281250913,-0.0793433160125283,-0.149501874689195,-0.0880933510401922,-0.358353880472199,-0.150499148495992,0.0330640205587094,0.293337073372866,0.0341554506106059,0.236263584481388,0.285390675356977,-0.410163804842303,0.0850645849611147,0.0275544409926665,12.99,0.0
5292.0,1.2388451036334,0.334215933098662,0.308136066054274,0.712541546909206,-0.166144084749838,-0.534028213891529,-0.18380552773772,-0.0590197911039169,1.23231926609194,-0.454561350069008,2.11065008941353,-2.22628150086034,0.837727824715339,1.52313247646559,-0.20961002405515,0.790085740057402,0.412175467445716,0.701451331919989,0.0204285285736932,-0.165916504274799,-0.419759908516557,-1.04732678561738,0.0992610788778227,-0.130932129929198,0.173454661133874,0.0623947099945581,-0.060647325976385,0.00872818115430204,1.98,0.0
105899.0,-3.60323973324954,-5.60305489043176,-1.72147037837088,-1.67655597155305,-2.50802146319237,2.68188767567642,4.67529360967532,-0.0738824150093856,1.95423403678237,-3.36499559586592,1.86585357046688,-1.3096963804127,2.69394852090665,1.6578840899925,0.0735508817676549,-0.326919516797463,0.130760913443763,0.635501389127916,-1.44503476809069,3.53687432780149,1.37621331944493,1.3093885087917,3.97139627495576,-1.82731755134028,-0.543550581122138,-0.416307956531688,-0.295343617638611,0.375445843765555,1605.57,0.0
14214.0,-0.930683760117114,1.02301219726828,1.41639079980023,0.427537283936303,-0.608422597082656,-0.223778398991358,0.201413211084514,0.473112236500241,0.966610202589225,-0.922596394667746,1.71593921732679,-1.41850381525139,1.49052572325932,1.64861672286077,-2.15198516830909,-0.264053813537869,0.811274017965821,0.373020494696058,0.318265088542693,0.0388250384798378,-0.0319926431846895,0.239761008935349,0.0174839836417459,0.535611574263588,-0.168849923260979,0.294331240172331,0.185011720884005,0.128155063646965,59.99,0.0
25342.0,1.05082860808528,-0.172360620495568,1.34885107527415,1.23129365467608,-0.892720136056344,0.464008902014735,-0.778930398781166,0.399845478705345,0.710512487230974,-0.0589431482099192,1.20304550829538,0.984741484916253,-0.742687746911931,0.00418912705978071,-0.215148712893466,-0.0474209545304452,-0.110220212363425,-0.00418003329227806,-0.352744087282903,-0.200751004017958,0.0233247777929652,0.238495609617027,0.0450692888437338,0.217246325991292,0.263180627991013,-0.407535070491338,0.0811274800792536,0.0255524082123889,9.99,0.0
58642.0,-0.451382569628168,2.22514650025341,-4.95305045271638,4.34222824814605,-3.65619018970243,-0.0201214656089607,-5.40755361778584,-0.748436141338482,-1.36219775131112,-4.17062288702767,3.76230638231684,-4.22622469486547,-2.04669403006077,-4.71049793587464,0.217572360008267,-4.73908378383857,-6.13188675183675,-2.42587063860491,2.31416486951171,0.724381267691587,-0.575924092076688,0.495889440695266,1.15412793921228,-0.0161857864909953,-2.07992826296301,-0.554376906341192,0.455179270612071,0.00132065645985432,113.92,1.0
93879.0,-13.0865194204794,7.35214833905529,-18.256576111808,10.6485054461688,-11.7314764509112,-3.65916740569145,-14.8736579646075,8.81047267511276,-5.4182040716445,-13.2025771482197,6.35722736343626,-15.5316111795156,0.659694875353275,-11.4123295951252,-2.44757607431839,-9.83374302098841,-18.1746174349071,-7.269904593126,0.623796611777714,-1.37629840858733,2.7611570593153,-0.266161809571132,-0.412860724865388,0.519952215674181,-0.743908960008006,-0.167808225140728,-2.498300252188,-0.711066151912636,30.31,1.0
41204.0,-8.44028396323147,6.14765332384605,-11.6837061588856,6.70277957100753,-8.15583929706995,-3.71626415558662,-12.4073130564101,5.62657129554302,-6.23216089363823,-13.3866834395246,7.60555947435276,-13.351815018081,0.827049642773684,-14.9794773489142,1.53281308437662,-11.7714969677127,-20.2992165093576,-7.60911006016911,3.80913643570604,0.520732330180873,2.19285541971989,-0.282596814624446,0.00806849811246454,0.403858336982018,-0.0187883930291726,0.522721636106603,0.792690689790115,0.0677895462043786,30.26,1.0
121861.0,-2.14352303181339,1.69874964960332,-0.232853826806783,-0.259901002140814,-2.02432850763065,1.03913537510662,-0.519288817223802,-1.79514665587672,0.190126305028191,-1.29797079886694,-1.45298680562472,-0.151473002750609,-0.961137223843812,1.01477827185739,1.29277864904678,0.379991538642622,0.0207491277430804,0.906438268388343,0.296339085562245,0.320279250586761,-1.09200716150864,1.20912809456548,0.176679727817058,0.712756261619929,0.10439759576189,-0.424927205713664,0.353908061324933,0.0542377646523657,258.2,0.0
27163.0,-23.9141008948243,13.7659421584186,-25.7337337663194,6.2909179135006,-17.7848236618953,-4.57249762015164,-17.3907644695894,15.7941361803271,-3.81983218698836,-8.44226241787632,5.02011249777419,-7.0464278465108,0.692785249374773,-7.07689932873899,-0.0465348409616521,-6.20823797273981,-12.5320624040465,-4.82885763250639,0.978636193358608,1.64003733516462,1.77339928248294,-1.74842552125898,-1.09310448820022,0.147807442391992,1.66379235724108,-0.221024471156944,1.45807561131952,0.43031504868091,99.99,1.0
68232.0,-4.22989100294412,-4.1534640741323,0.767350257178082,-1.322943313945,-1.33853300865154,-1.21502229159964,0.863055867435774,0.53192338620648,1.29777346100066,-2.51329106266004,-0.997701077869093,-0.122542632945227,-1.21001899298624,0.412848939547648,0.94142016517167,0.152837116045973,-0.109625287703842,0.684317131598972,-0.155036661924819,2.14712565271787,0.656333715592958,-0.225127022717863,1.35005124031962,0.322850221927109,0.688920785446224,-0.163102291167192,-0.0275432358938476,-0.303346819749239,700.0,0.0
42624.0,1.37383332232559,-1.339520706675,0.623231577848751,-1.52545996349942,-1.53690645222367,0.171946358296822,-1.45122840550164,0.201692210405203,-1.72385680660532,1.56015776462888,0.980162850055126,-0.649890494312267,-0.223851519178814,-0.132496886231233,0.504195619372029,-0.109611271200374,0.326678289090584,0.561653974447714,-0.391634476594945,-0.313986766696217,0.00752134406240354,0.327154665062583,-0.0423784006498209,-0.322980736715717,0.24381650611177,-0.0719301959154737,0.0530733033395148,0.0143215719791979,44.0,0.0
75581.0,-2.86636370525907,2.34694943137396,-4.05330668845935,3.98335888025187,-3.46318571327039,-1.28095301603103,-4.47476383461874,1.21665528478137,-2.30982869782019,-5.51550707258062,3.04839203447565,-7.12825076846601,0.00595580092517457,-7.49518733635876,-0.25108802193356,-7.5680148993231,-12.2236328477344,-4.89517519350497,2.52496746940249,0.270013154062001,1.04973156228305,0.475840283409025,0.404480059350581,0.282029789710327,-0.506901095688855,-0.371741093052833,0.615256964379468,0.803162841917988,124.53,1.0
61108.0,-2.7560071191969,0.68382137690334,-1.39016888269883,1.50188726081003,-1.165614355805,-0.13120694925796,-1.47874061646082,-0.246921578045176,-0.100522731731488,-2.30110989675506,1.91445404493049,-3.8309980112302,0.719488566785256,-6.35301985790071,1.43871619241123,-3.29723907467834,-4.86297149937169,-2.00235399924327,1.54523326964355,-0.106944639579729,0.320473875601072,0.61102668559867,0.174863684107414,-0.502151101117601,-0.174712784335661,1.17924208342707,-1.16631532833921,0.821214803121569,101.5,1.0
35016.0,0.408263409727221,-1.20213156209108,-0.80365662831157,1.2849479807251,0.135640705857563,0.728010301083856,0.614293007307237,0.0656544758615259,-0.036381252501438,-0.0494416438961707,0.0803212500753278,0.215468399443489,-0.900761804328637,0.689978073652673,-0.216576845736459,-0.0317587968955955,-0.441561595575112,0.191808556955378,0.11085533309298,0.660488561219436,0.216043383831076,-0.229716818541525,-0.640434837304515,-1.13686818986611,0.702685167224842,-0.218460063394627,-0.0666725111129043,0.0608109031303607,431.5,0.0
77745.0,1.3784648049297,-0.211662455143164,-0.00124928173154075,-0.343114829462062,-0.481672154466533,-0.688056396839654,-0.125808655333942,-0.160078492111803,-1.45523463216489,0.922708697056375,0.958780603800744,0.542749587009306,0.246485649806606,0.505036612477472,-0.0486763769310758,-1.16338576333871,-0.368945495084981,1.06888931084272,-0.236031312152826,-0.496129830794575,-0.731755281905945,-1.70759806783773,0.191266324136964,-0.0629242185466283,0.165495184578384,0.126163102766294,-0.040520683793627,8.95820390679091E-4,3.99,0.0
32745.0,-2.17913506011513,0.0202179180614602,-2.18273279614299,2.57204626116115,-3.6637331119316,0.0815679330899005,0.268048730691862,0.660437428502318,-2.37402736257173,-3.58281002008802,1.97582106179607,-3.50054226479879,0.170681027067223,-2.73594037401519,1.67025110352247,-4.04629299726117,-5.07947908460579,-2.58685704537203,1.66926055335833,1.95796029993605,1.02642111100453,0.299613501640326,1.65680000734873,0.328432501784239,0.106456827905221,0.691774505774569,0.196778974067123,0.241085157494976,717.15,1.0
40086.0,1.08369268125484,1.17950120574809,-1.34615039129229,1.99882440095464,0.818034176163642,-0.771419407716543,0.230307373480955,0.0936831311994367,-0.167594341704434,-1.95980925751416,2.80433477984687,0.312424168769405,-0.595976467281167,-4.66257695501824,-0.299515020029103,1.00141391934549,3.90282478361756,1.61960922680862,-0.888087464222472,-0.0601585380014646,-0.311999618117422,-0.639699711353317,-0.120249014807271,-0.180217694458199,0.609282565276013,-0.339524442352566,0.0967012906089022,0.114971915513805,1.0,1.0
35730.0,0.992504467722894,-0.753256283891322,1.11890709474075,0.196082688513746,-1.2493776166448,0.278199835130842,-0.852154613611564,0.398354303172484,1.15330323443488,-0.310839894316983,1.04699485174575,0.603412643677664,-1.68870506010212,7.00468243389468E-4,-0.590270685265711,-0.195608393161127,0.335630306154636,-0.458480364817028,0.311156827257344,-0.0793560168906977,-0.122018582406731,-0.306125274824437,0.0875253430667991,0.2721079047935,-0.0679019984511164,0.940444074041791,-0.0423129733341403,0.0101825325931691,69.32,0.0
72304.0,1.29829630428538,0.327180411179334,-0.118815634340912,0.462917718454742,0.163193239706486,-0.475833680535026,0.130551118519073,-0.181075980166781,-9.64751427391861E-4,-0.307803397842815,-0.852847385904894,0.256950493825883,1.06969847614249,-0.476744730400445,1.09653006137907,0.74291635822593,-0.408749470240274,-0.0492182463500331,0.171640031777469,0.0254177276581416,-0.336933036446569,-0.968878527684956,-0.016461494442771,-0.644000452305485,0.367346173019943,0.152987879014214,-0.0229192228569258,0.0246895595763346,16.99,0.0
25095.0,1.19239598990768,1.33897371069007,-0.678876186687009,3.1236723071222,0.643244863589275,-1.18432299431215,0.397585526006899,-0.253498538261658,0.41113497684127,-0.859862301810301,1.124059382453,-3.76387384832398,0.367975966769142,-0.971757538368114,-0.0138825132357776,1.45757852763076,2.61145033447876,1.2919552295122,-1.56381522671193,-0.185454650142832,-0.377503243008699,-0.889596747960403,-0.0742075893964193,0.0354455164139561,0.550577974200231,-0.0271712789934873,-0.0249206212266212,0.0736053986634045,3.12,1.0
61457.0,-0.457273342996062,1.2450235386618,0.595555262355121,-0.320533856639527,0.61505995225168,-0.208428487689438,0.638945442053578,0.0559433002857866,-0.0326942975899892,-0.186591651784736,-1.52726220145131,-0.80191503006663,-0.144872071201197,-0.483139084655883,1.06598309850044,0.793103468233998,-0.480223782634573,0.363458226656284,0.409958576321611,0.250070534663334,-0.392838825115879,-1.00932196989908,-0.172096999332562,-1.08595693330702,0.0602176406508242,0.165112819830252,0.347469505233256,0.141613133594205,1.79,0.0
88672.0,-3.85988078691481,2.63288131193679,-5.2642653095088,3.44611314661501,-0.675231056544998,-1.90495945391597,-3.2910408690196,-0.985766040904484,-1.16811416733417,-3.93629417027159,4.25656448730292,-6.60065448140166,0.00562637646602147,-9.9585309187018,2.47135790380837,-5.7001414199952,-6.38809273753128,-1.83815930102503,2.99317350708135,-0.178626358366056,1.66411901528299,0.785075271950043,0.0684124857414983,0.778960915978384,-0.863165919910699,-0.00680961441649656,-1.06573404007904,1.77332644564776,1.18,1.0
44532.0,-0.234922308660103,0.355412643473604,1.97218278594888,-1.2555927126284,-0.681386509254345,-0.665731671302037,0.059110489686438,-0.00315327709103439,1.12245113562848,-1.48124586053984,-0.473852105914046,0.9221844195147,0.913513839827119,-0.499349578859305,0.933898442932603,-0.560471962989049,-0.207706529097452,0.380541571066627,0.574335960915453,-0.0034694628125566,0.220670430492642,0.912107214037724,-0.286337679755902,0.451208246513352,0.188315252003614,-0.531845781256926,0.123184687838547,0.0395806345060398,1.0,1.0
94625.0,1.70785693746472,0.0248807914815549,-0.488140038578959,3.78754815533943,1.13945148482475,2.91467262159314,-0.743357877946301,0.699135879021363,1.0084706473096,0.912806096143303,0.7653541419638,-2.04386838674929,1.00154733873148,1.32288725448265,-2.72007696175136,-0.153429555378718,0.752610596119435,-0.755785824269169,-1.91256263382671,-0.368014254987192,0.0108651916304298,0.548257831746395,0.0912182952145324,-1.00795946020642,-0.0821828177765288,0.179709188704528,0.0077377190320074,-0.0688413102470406,33.76,1.0
60031.0,-0.435154028083353,0.999283054294642,1.44850707388909,-0.226935411574706,0.161918477117243,-0.373276082837024,0.618972409809772,0.0880825379044452,-0.667982259126766,-0.151400934544671,1.04081480547776,0.650616676125214,0.234745317380834,0.273254085504013,0.146815519131703,0.481620460268082,-0.778236666885717,0.224224916071605,0.426726023009758,0.137998386663393,-0.19432705364352,-0.524792853877886,-0.0734057707691734,-0.0155316613574468,-0.171131384039874,0.0735759249259939,0.26182900105382,0.108072861106922,4.99,0.0
86376.0,-0.670238130057305,0.94520635153406,0.610050626297701,2.64006508673377,-2.70777462644103,1.95261056051566,-1.62460819938343,-5.22990786160988,0.21020202822781,-2.06990438955593,-0.529805728295342,0.999716276092526,-0.0861120244186652,-1.50855714024168,-0.450669492347937,-0.328387382736473,2.27027117814029,0.709666017682026,0.913175997078955,1.4749287568126,-2.50445018690737,1.43647237841825,0.351542386126581,0.648466904268149,0.579681417358758,0.0757375933335965,0.346717084034013,0.282208626038179,323.77,1.0
113303.0,1.71049445606502,-2.4671335515831,-0.161199703114388,-1.65445250809096,-1.28887879043923,2.27822156015413,-2.18704626738631,0.690656497385086,-0.526374147355727,1.20010175111218,-0.259536533032023,-0.248114718618869,1.14844165704368,-0.977209379586099,1.61892866363214,-1.01331069092089,1.23224275395257,-1.1922821161486,-2.11146878680011,-0.119127036627774,0.281093602885351,1.10390831816437,0.249711556155482,-0.759872227286938,-0.852510299878842,-0.00667716549051395,0.116511846985725,-0.00336304955347563,193.24,0.0
87559.0,-0.0705931259448483,0.253484652498005,-1.71006107660821,-0.332949573139667,1.47080968041961,-1.71982622372847,1.67462035169919,-0.396855578324498,-0.647873025995759,0.166925337712305,0.529074905277188,0.183300324808854,-1.19765814376779,1.17395786841482,-1.51002346293315,-0.698483956030942,-0.426397694401482,0.0148597851766035,-0.0998430944544059,0.10417806942828,0.608996556052977,1.72601854073907,0.217201826662549,0.0808326151333248,-1.19668046935477,0.36795784898559,0.453057035814283,0.385662516222657,90.0,0.0
70071.0,-0.440095203221886,1.13723897606434,-3.22707975693117,3.24229293383089,-2.03399815309639,-1.61841464754635,-3.02801259904704,0.764554819893569,-1.8019372093973,-4.7117686842189,4.66325458481107,-5.17173460782892,-1.62407024790733,-6.71387819491558,0.607986267670607,-3.27520749888835,-6.8238312134789,-1.35530868624906,0.291250739005026,0.895840844006848,0.764186724577691,-0.275577693085964,-0.343571526478397,0.233084829252444,0.606433640125543,-0.315433462199896,0.768290751269875,0.459623327730251,227.3,1.0
78394.0,-3.60183553378025,3.20655642931971,-1.76644650801712,-0.25946762163092,-1.64266722510439,-0.230113428065154,-1.74550040396918,2.93937567128314,-0.471244894991418,-0.154752934241822,0.105463607707065,0.801836112832057,-0.765117928496406,1.55550767456915,0.484353163504797,1.18482927205296,0.82446536956355,0.435306176216897,-0.0745624543094609,0.0136827555412997,-0.14425426319486,-0.881762607983923,0.269316945827945,-0.774848772753288,0.177035571702328,0.166105687098355,0.0343179702344336,-0.0191470180647787,9.99,0.0
53451.0,0.385108461103674,1.2176203228402,-1.95387216540948,2.08707599095328,-1.14422540643716,-0.57688799482478,-2.58286504391682,0.643229999334504,-1.19123269237613,-3.09509360697848,2.82114488798301,-3.1005456578695,0.146199374342408,-4.51012391529804,0.574490022660784,-2.12346278453199,-6.05331938825344,-0.70637615273475,0.572791028207014,0.380545212283106,0.594623132460925,0.372143665842342,-0.310455791389476,-0.624065148802846,0.840216130296559,-0.159451766672991,0.599482364663208,0.288915549852885,8.0,1.0
28755.0,-30.552380043581,16.7133892350242,-31.1036848245812,6.53498386355181,-22.105531524316,-4.97769196369245,-20.371513594495,20.0072083651213,-3.56573779124378,-7.7310714411342,3.8294273949908,-5.31433227604015,1.44693027992913,-4.57926372815218,-0.142299360010106,-4.99784830436345,-10.9614103561188,-4.64148195920404,0.567056279787444,1.73364399368955,1.8165201713562,-2.28868550494101,-1.46054449877578,0.183179482716819,2.20820917836653,-0.208823971247713,1.23263629519904,0.356660010884047,99.99,1.0
66037.0,0.286302363835244,1.39934474808556,-1.68250270884931,3.86437703955242,-1.18537340204974,-0.341732013808781,-2.53938012266357,0.768378375007388,-1.54788162780199,-2.65971794652165,2.6215881261205,-3.46236188507757,-1.05430017332918,-4.95582330430277,-1.40027445820489,-2.33994291742419,-5.19779447735003,-1.34281449785555,0.288846910516582,0.270360155086889,0.352456413618901,-0.243677652080658,-0.194078546536702,-0.172201087463232,0.742237197555102,0.127789797006944,0.569730790365159,0.291205858831994,7.53,1.0
51112.0,-9.84877583247984,7.36554648639464,-12.8985382309124,4.27332307326376,-7.61199101126967,-3.4270452374345,-8.35080815251842,6.86360392236365,-2.3875673251028,-6.06578236274727,2.70785640511515,-6.13603446645473,-0.545976095807375,-7.02898027290706,0.916068574603162,-4.09288449351717,-7.01462170672071,-2.5309672589153,0.554027499068527,0.832398066019608,0.931958309450931,-0.87446736131737,-0.192639469446569,-0.0354260265633338,0.538665050436448,-0.263933516556866,1.13409509350836,0.225973163975667,99.99,1.0
83934.0,-0.433222446537596,2.42837911824053,-3.99645439738162,4.87129854095106,-1.7963078560437,-0.586867589935922,-4.65454261848565,1.28522967071729,-2.74353881589949,-5.63894131284807,4.3437434980468,-6.65573446968769,-0.293108662762872,-9.50514082568186,-1.39614905931922,-4.85032315924603,-10.0062528282393,-2.78959811229388,0.98258385892977,0.745029329890697,0.713558821786954,-0.408953595906886,-0.320889532152165,-0.804230275167984,0.962851575679124,0.199558010666927,1.09453318209808,0.541147567735467,1.0,1.0
49985.0,-1.55421636788274,1.69422928947167,-0.903333638062708,2.42543608490852,-2.89978748492542,0.133028430446298,-0.286225919411127,0.555944559014401,-1.39491838156524,-2.89261176082088,1.96223597455109,-2.38526266137636,0.458337202321203,-3.72454345377605,1.84397832505056,-2.01392370780293,-2.81560029569659,-1.09229027232613,0.139687230416985,-0.0323343863075664,0.493436338989664,0.733393182273647,0.202349959595007,0.492053700892718,-0.183790909215829,-0.19991711985608,0.395200622125666,0.0276930320930062,360.0,1.0
89164.0,2.01615832441701,0.151274577666085,-2.03085642129432,1.02891685951859,1.08654212534641,-0.167211067952211,0.622965071113444,-0.269794065372032,-0.147824653920139,0.385833502109363,-0.0655240446792585,1.22245857682522,0.91536444460751,0.458020380469825,-1.25359163467041,-0.272177879793196,-0.83373704659671,0.0641666201090362,0.461471323440846,-0.13735234098306,0.0570702174776862,0.360733443122649,-0.183252988552368,-1.12157988587912,0.600533068601629,-0.445554168660387,-0.0175266908074737,-0.0767083591651258,32.98,0.0
41285.0,-12.8357595817777,6.57461542943546,-12.7884624825347,8.7862568391843,-10.7231209172666,-2.81353585641993,-14.2488465310891,7.96052082227957,-7.71875064933864,-13.0740681657723,5.97513066688423,-12.375374654316,1.47220511856229,-11.4706925061593,0.993143253686908,-10.9738046181506,-21.047629901985,-7.99078328442082,3.33103902941017,-0.617296150458597,2.67949007049737,-0.0473351062766089,-0.836982346024597,0.625349328179101,0.125864937720446,0.177623612238763,-0.817680255865793,-0.521029795905738,37.32,1.0
120130.0,-1.52306892171592,1.41638005322417,-1.70389326464796,-0.831193088431914,-0.425807869267303,-0.91438743917779,0.265370168025983,1.01585195522245,-0.0567931506687209,-0.894096851257211,-1.50583925063323,0.329220276920924,-0.335726649173998,1.15881516652578,-0.296230237648207,0.0410543046095149,0.0960263970303224,-0.391862058349867,-0.0105650475935293,-0.386454486355448,-0.0947281034540787,-0.394759946456789,-0.0450022484392717,0.6681136086879,0.15488504703152,-0.139190470882732,-0.0669550903191071,-0.245315063804746,99.95,0.0
40276.0,1.15937314510686,2.84479469928473,-4.05067950821309,4.77770088131929,2.94898004123771,-2.01036111013216,1.74408581794948,-0.410286521869204,-2.45019774688553,-2.04216786301424,1.84409317018026,-2.42593281501277,-1.5842751343556,-7.2083115791564,0.459828383286257,2.37529619792022,6.4435098643744,2.59184606301795,-2.88977035831304,-0.059264385833904,-0.176541018596848,-0.433469859425429,-0.529323202003731,-0.597019604985794,1.33595405267787,0.547092070642555,0.00997894426391215,0.160769150049196,1.0,1.0
26931.0,-22.5616992591298,13.2089042844176,-24.6438187771226,6.23253182330679,-16.905611362323,-4.49743871970001,-16.8101841919321,14.9551067734604,-3.87129682308601,-8.58126551626339,5.25698760960799,-7.39361499215009,0.538800829120431,-7.57755201800709,-0.030725531904052,-6.45478323655342,-12.8456565242928,-4.86591773720169,1.06244185030067,1.62144422472126,1.76598663639159,-1.6355166467436,-0.998316503452087,0.138972227361725,1.55935014018173,-0.22212451669,1.5044246600224,0.445919826109776,99.99,1.0
36182.0,-1.40948658479082,1.3405789036748,0.936181502820057,-0.0749888217682416,0.177146707617219,-0.182928903021976,-0.469359745538762,-2.75701243379708,-0.567551544016215,-0.578926905111924,-0.770854285367617,0.458715508218474,0.726525041868883,0.266089436191239,0.758969393738179,0.474435750966652,-0.511299621543583,-0.263506739014606,0.0803007571341299,0.586256836959306,-1.53797707633072,-0.180682564176672,0.392215400122403,-0.132271885285402,-0.120403998936136,0.0747881315211398,0.0556038503888545,0.0965401318838435,1.98,0.0
69467.0,1.1283218135633,-0.0227214856521842,0.444832553845863,0.423515855823056,-0.204266035548285,0.232586381056059,-0.313849512564911,0.317568312762577,0.037623166832619,0.0647539952974501,1.6422785301422,0.317669972812862,-1.53032515588993,0.835651008842111,1.02647499492534,-0.0111061189929013,-0.0122388503639812,-0.742166283744343,-0.542232776774696,-0.25614980744831,-0.16925323890576,-0.541111542026392,0.204942049271399,-0.339250961578581,-0.0185797820208965,0.142132459214125,-0.0109664672314056,-0.00160016285088363,1.98,0.0
37667.0,-0.385726957599295,0.415688943153639,0.924714792369622,-1.77318585638741,0.133918758075436,-0.594221585657155,0.872959935626454,-0.416938837253331,0.779696804998207,-0.860813901658217,-0.16383949625566,0.206608698653507,0.120417650763968,0.0419329909404032,2.03792189047441,-1.15649892961484,0.142199333720676,-0.484622710712706,1.40534485454719,0.0152049489774396,-0.0952853430014002,0.0291998419605391,0.0179578908633558,-0.243165793412074,-0.558907278038931,-0.127158409879109,-0.228871660393224,-0.0924427328204207,31.99,0.0
67150.0,-1.82429505976067,0.403326526860602,-1.99412200641801,2.75655816357726,-3.13906432572579,0.408185014718199,-1.20904511871624,1.09563435393431,-1.44722489217345,-3.95100289197434,2.56070020158284,-3.4119829114195,-0.781669619949492,-4.7327675351632,-0.433973654922625,-3.30608841178359,-4.23102187544855,-0.750809770409941,2.69080834203374,1.50368830479002,0.838760421033887,0.341727095787049,0.947506491293615,-0.145493002452622,0.0493257725258454,0.831065451615044,0.33242130393302,0.252712728641008,489.71,1.0
75851.0,-4.79366743133161,3.41891065333381,-5.07444453285381,4.03598694267746,-3.52787459906065,-1.92324150219959,-5.06598083804842,1.99688475994042,-3.09737916358313,-6.44720227383046,3.77557843937585,-7.49878345527601,0.231306922054262,-8.65826843157538,1.34330765668858,-6.17333085967808,-10.7080182544535,-3.50489419159365,1.88404425730219,0.342122343012083,1.16861781897539,0.289530903898366,-0.371888203724815,0.144761276597316,0.0847348250689305,-0.19743147093529,0.328671522253493,0.835394921353057,99.85,1.0
20451.0,-15.8191787207718,8.7759971528627,-22.8046864614815,11.8648680803607,-9.09236053189517,-2.38689320657655,-16.5603681078199,0.948348594786058,-6.31065843275059,-13.0888909176936,9.81570317447819,-14.0560611837648,0.777191846436601,-13.7610179615936,-0.353635939812489,-7.95744722625995,-11.9629542349435,-4.7805077876172,0.652498045264831,0.992278949261366,-2.35063374523783,1.03636187430048,1.13605073696052,-1.0434137405139,-0.10892334328198,0.657436778462222,2.13642447085514,-1.41194537483904,1.0,1.0
92780.0,0.231515980806556,-0.636127122482833,0.325551987874677,-3.87585929403698,0.361433902331348,1.36337221570318,-0.684408635810964,0.509082045776507,2.00571362362198,-1.498720627696,1.63292137431975,-1.58336310732529,1.58471243722682,1.48759330932706,0.32755822457726,-2.63567566604369,0.936548525268321,1.20271353783597,-0.674405480669582,-0.676539382392353,-0.522156349031767,-0.572735304992775,0.179538857185128,-1.09180359491776,-0.746895341947311,-1.14956809572768,0.157579170097476,-0.00162344945775783,1.16,0.0
67857.0,-1.73933378422429,-1.30465465035444,0.314102907291187,0.0537401062585881,-0.0586957001779964,0.0712595573040713,0.694861852921962,-0.313269934817745,-0.649377114028123,0.517567879914365,-1.35655775612738,-0.238382663867126,0.0695790190825196,-0.431690053731737,-0.674723889299605,-1.65416180710569,-0.0539606012956825,0.520745840192804,-1.55456174696529,-1.46399432399357,-0.665172078751849,-0.632078028662709,-0.421175799634968,-0.400774352865197,-0.00164030189404302,-0.495162312868153,0.0316326197006312,0.0662796878513276,320.0,1.0
93860.0,-10.8502815883108,6.72746568826853,-16.760583409542,8.42583167857118,-10.2526968683093,-4.19217104406337,-14.0770860104531,7.16828793346092,-3.68324217370244,-15.2399619587112,8.03070840755191,-16.0603057628826,0.270529742348469,-14.9529810390579,-0.241094883743813,-11.866730636746,-15.4869899240937,-5.74865155747378,4.1300314273319,-0.646818272966729,2.5416369467068,0.135534921100722,-1.02396689219897,0.40626452579196,0.106592778669641,-0.0262323892202069,-1.46463002356247,-0.411681819907858,78.0,1.0
32686.0,0.287952771527529,1.72873464521162,-1.65217304572257,3.81354418795523,-1.09092715391318,-0.984744665624589,-2.20231792699069,0.555087932252191,-2.03389204830362,-2.73415555507211,2.36843367282003,-3.65680265130054,-0.169534683304731,-4.74441333023745,0.765192829294304,-2.47951355643698,-4.93111196829858,-2.54740252736051,-0.90268980289448,0.265250210286539,0.262201510185118,-0.633527564205563,0.0928910102678184,0.187612655556196,0.368708354409639,-0.132474029018571,0.57656075692479,0.309842705461879,0.0,1.0
115117.0,2.03451566043268,-0.264298911897056,-1.44330793750735,0.0822235762766542,-0.0120614719987994,-0.891709674505649,0.0310384226633338,-0.178544678123222,0.343122762821873,0.368169665927499,0.540483111297271,0.144193797929199,-1.07515648263595,0.827195064220636,0.0735701946552925,0.37905939081005,-0.773066170038296,0.448948052047752,0.181879721576479,-0.224986536527853,0.236848972343727,0.684885800172817,-0.00391346733556203,-0.289605298570744,0.0259094321763907,0.78942854047393,-0.104386759366339,-0.083462905307142,19.95,0.0
48380.0,-2.79077103894771,-1.46426898705405,1.03116500769674,1.9213560843992,-0.0900138203463016,-0.483871347899329,0.780731181206493,-0.348775795673106,0.609133451935087,0.225933803313285,-1.06453419450651,-0.787372737955552,-1.57646958451914,-0.126756361711439,0.367012281940972,-0.635321654596588,0.327006411459276,0.0438160872305435,1.40357376229763,-1.37672077946455,-0.392667221970544,0.440019838749267,0.777659196131864,0.418551935584405,0.244563185949918,-0.159360689127314,0.0605395343366452,0.356958362771354,208.58,1.0
50094.0,-1.08066667142162,-0.835793180415572,0.66243898993139,-1.56808015945173,0.893894082527325,-1.62550324984132,0.140738000882264,-0.407645617517813,-0.835362466457798,0.898937730361929,-0.538444094559908,-0.324738244880156,1.14106778156831,-0.669920180524822,-0.100822730055352,1.27393106507198,-0.356127393920898,-1.8617410046556,0.27565071834689,0.398399525416821,-0.324110400416141,-0.739146083839436,0.210733650728174,-0.143233528515982,-0.601893929319282,-0.891213138007749,0.336285938021616,0.0745941024340126,74.0,0.0
117493.0,-1.08908789054764,-0.592121001933493,0.0508555100454179,-1.77162552679444,1.45957154895357,1.09310152050246,1.56772162799906,-0.121293142909716,0.81272774706368,-0.548822009995561,0.560603393896156,0.530860088004947,-0.859194440833384,-0.193994189827561,-1.18295159498898,-0.655797365230445,-0.5391061537601,-1.24997029993488,-1.54123652139356,-0.149428306436457,-0.103223570545226,0.338957448237356,0.0378603320712726,-1.63232854018918,-0.761127055824771,-0.350933834532841,0.0987488439530219,-0.212070310682275,219.6,0.0
28755.0,-30.552380043581,16.7133892350242,-31.1036848245812,6.53498386355181,-22.105531524316,-4.97769196369245,-20.371513594495,20.0072083651213,-3.56573779124378,-7.7310714411342,3.8294273949908,-5.31433227604015,1.44693027992913,-4.57926372815218,-0.142299360010106,-4.99784830436345,-10.9614103561188,-4.64148195920404,0.567056279787444,1.73364399368955,1.8165201713562,-2.28868550494101,-1.46054449877578,0.183179482716819,2.20820917836653,-0.208823971247713,1.23263629519904,0.356660010884047,99.99,1.0
58951.0,0.577553583175887,-1.01639324593184,-0.590379523609673,1.12602493445725,-0.136994309561118,0.0651772616269426,0.531559855471377,-0.173486559397897,0.22397266747864,-0.160578102267125,-1.75864212965243,-0.513836618825209,-0.122820383302288,0.391682350816483,1.17721631108088,0.600500676820529,-0.932198750713165,0.599965089121377,-0.0430180023778004,0.671415998620413,0.255515586793039,-0.0991148025685821,-0.647721911854158,-0.984750250359762,0.729642022956398,-0.205865305989607,-0.0559279681094252,0.0750577350902973,395.26,0.0
43028.0,-1.10964552515211,0.811069300236989,-1.13813532731484,0.935264670223385,-2.33024787785051,-0.11610605479739,-1.62198623466478,0.458027900124116,-0.912189159098001,-2.96199570179906,2.77896789639267,-2.37959961108923,0.918962784041379,-4.01578678027745,-0.530009790602772,-2.81588776765893,-6.6493577879714,-1.74611328389964,1.08340676372199,0.168890572541282,0.641593528333926,0.841754904759402,0.176727750810022,0.0810041184974676,-0.258898742565752,0.707654245320429,0.418648658517389,0.0807557537005394,204.27,1.0
3533.0,-1.34648301076299,0.916194223534625,0.733271959304352,0.227107216803032,-0.506842911004325,-0.773889320500068,0.360197762219962,0.493483073925129,-0.206054446098515,-0.474474009482853,-0.0150290128472945,-0.352411999882392,-1.06500142185477,0.113777616038442,1.27208997158201,0.204201304326249,0.624461229349973,-0.518915876622265,-0.602893586473148,0.0100857536321168,-0.229706294015679,-0.683984853913563,0.0526645665700022,0.330469470409987,-0.264544360522489,0.0919253961992566,0.347096045000619,-0.0410544031046396,89.99,0.0
58642.0,-0.451382569628168,2.22514650025341,-4.95305045271638,4.34222824814605,-3.65619018970243,-0.0201214656089607,-5.40755361778584,-0.748436141338482,-1.36219775131112,-4.17062288702767,3.76230638231684,-4.22622469486547,-2.04669403006077,-4.71049793587464,0.217572360008267,-4.73908378383857,-6.13188675183675,-2.42587063860491,2.31416486951171,0.724381267691587,-0.575924092076688,0.495889440695266,1.15412793921228,-0.0161857864909953,-2.07992826296301,-0.554376906341192,0.455179270612071,0.00132065645985432,113.92,1.0
45787.0,-0.336679893277708,1.19830678774883,1.31518754436971,0.0529944267691679,0.108086359660806,-0.968308816927277,0.760446685467768,-0.119658253902918,-0.51959935268363,-0.533819314774455,-0.0697083299652698,0.361935193228303,0.945216120740051,-0.594267024847801,0.802780000862783,0.342989691476721,-0.0384345828699072,-0.241385188159999,-0.0963216835104381,0.161646253334162,-0.25559719623745,-0.621114633361188,-0.0302428939847162,0.357211916470574,-0.133633724631901,0.0691519540198604,0.251879445850545,0.0999023182009977,0.89,0.0
56177.0,-1.44872562824601,0.857619907849495,1.32541051259205,0.0958658425827705,0.361061634048786,-0.618923373122861,0.557601017408604,0.446637093634285,-0.84415883837727,-1.0526907366997,-0.565650750992031,0.040824100774953,-0.223670932110841,0.64004166717775,0.585111493078976,0.0415489426549002,-0.180822206015199,-0.427551035011065,-1.23920385785677,-0.0961459053395107,0.200773873985479,0.220793473559621,-0.256028338329422,0.0708446377997657,0.651495877673542,-0.385572848937634,-0.0839537741399927,-0.0639139753017608,39.14,0.0
3770.0,1.24525383280821,-0.685859349501055,0.485028358691532,-0.65209442170879,-0.805019305872424,-0.0268545104973192,-0.846075926990532,0.0915314298011573,0.45826385742572,0.378585013341746,2.17369868355178,-3.06853515172579,0.489859983674845,1.75602503144382,-0.19819444181719,1.27438634732409,0.933588035571257,-0.983693918296264,0.452342581626153,0.0382962608993487,-0.171515998564834,-0.550426166512165,0.0934626271735206,-0.41593916987523,0.0848310226186885,-0.488829202880597,-0.0226927000594864,0.00571531612746589,60.96,0.0
38826.0,1.20683544410884,-0.0363511915738008,-1.10422676444564,0.0844598263397789,2.10356500327936,3.43000986227279,-0.443210815283313,0.818469956300801,-0.129363355440026,0.0902394057624791,-0.146312949431755,0.0430221331664061,0.0279986682331788,0.458997901711475,1.19337164154733,0.574006137557863,-1.00040748343175,0.2725646541787,-0.0658861523112156,0.06396962788062,-0.103734490636877,-0.519654235025643,-0.0683565016305973,0.981660188417949,0.647635697535059,-0.437264168769975,0.0181643631348839,0.0269720202006545,42.9,0.0
119465.0,2.21760286698776,-1.50366009545093,-3.93952415006418,-2.58261526677922,2.07532469317012,2.65990694676557,-0.436288098652635,0.353100804288438,-2.28015686117775,1.72430161631404,-0.169130636246746,-0.933483878057765,0.0748172003523985,0.497571134851844,-0.268084434500471,-1.51170995526875,0.725792452971824,-0.531262429795676,-0.166272667687834,-0.214068104666206,0.169554399526752,0.728401147117695,-0.18896310410943,0.767586647052575,0.659204337505122,0.312665717802096,-0.067254771254945,-0.0787421592081186,103.89,0.0
31752.0,-0.766554846561374,0.2617441705241,1.81848898115687,0.14887093773656,-1.21431772084347,0.759720792544753,0.445350628080968,-0.015445589432539,-1.40840481630595,0.644599921993283,0.508598380775234,0.443506090899686,0.779502398216713,-0.335519848232923,-0.195741017988815,-1.50918580467924,-0.227286525350851,2.21328432442738,0.163435504065924,-0.482857935588179,-0.148864396311251,0.291472208004849,-0.186449220248932,0.012053064768042,0.0937032619827324,-0.157094925247072,0.028366255703616,0.0432302647726812,158.0,0.0
39729.0,-0.964567282813312,-1.64354066791439,-0.187726849232163,1.15825311047012,-2.45833564593802,0.852221660377025,2.78516254594393,-0.30360853861401,0.94000553101046,-1.96530880945923,0.159743522312315,-0.490697387341298,-1.1819769933833,-1.95887596969497,1.15274328622613,-1.34126935794233,2.49832484974359,0.777831088916474,1.4060448737262,1.78444933498197,0.447180121733859,0.536203895046365,1.63406050110051,0.203838849073356,0.218748854725954,-0.221885828382479,-0.308554718022245,-0.164500017914328,776.83,1.0
68932.0,-0.416339999988258,0.0533351451731257,2.06392747455181,-0.11743661872817,-0.925143969332078,0.227553342056215,-0.0639623494949558,0.23658959903539,0.319033129690939,-0.577277957628837,-0.520263027614394,-0.343678803228535,-0.508063612139405,-0.226070634227573,1.35761852589098,-0.350833584385869,0.47136244362035,-0.241287523132243,0.814940297595862,0.23899237485948,0.238067784478251,0.718944226521088,0.104085958486625,0.181305308197038,-0.750118220658869,1.58974901308835,0.0677971819160281,0.137507377095592,80.38,0.0
87202.0,-0.41982017420894,-1.15597800832635,-2.09251550244986,2.78675032975706,0.736296592040403,-0.167291965690249,1.60002746290919,-0.117426851332358,-0.796953814299879,-0.133950251206468,1.03303201224459,-0.284367998317494,-1.20827980965211,-0.429211904447448,0.248945360461687,-0.928921529997167,1.67998551904683,1.31533886586358,2.22616065557659,1.27535802653094,0.48063971759843,0.533516931196614,1.28464540597639,0.516131270391061,-0.60294109971583,-0.305023689896282,-0.0213631449369425,0.129096385608294,451.27,1.0
77487.0,1.13000471968941,0.00826865051905578,0.333737043214695,0.433032046591308,-0.107619079861965,0.200395354108182,-0.216238226332049,0.268170573331096,-0.0510611677135386,0.0611306190922191,1.67142734451998,0.487079811058704,-1.21555669949682,0.794871188814436,0.881562460588323,-0.128339808286789,0.0148323851101203,-0.78081152344008,-0.533862924374971,-0.231952317130395,-0.108808736472245,-0.336641334605958,0.141745833609578,-0.316039035065242,0.0960183840453705,0.219314524363642,-0.0146801462251758,-0.0040895852814888,4.91,0.0
93860.0,-10.8502815883108,6.72746568826853,-16.760583409542,8.42583167857118,-10.2526968683093,-4.19217104406337,-14.0770860104531,7.16828793346092,-3.68324217370244,-15.2399619587112,8.03070840755191,-16.0603057628826,0.270529742348469,-14.9529810390579,-0.241094883743813,-11.866730636746,-15.4869899240937,-5.74865155747378,4.1300314273319,-0.646818272966729,2.5416369467068,0.135534921100722,-1.02396689219897,0.40626452579196,0.106592778669641,-0.0262323892202069,-1.46463002356247,-0.411681819907858,78.0,1.0
32118.0,-0.00171078630166371,0.81372330511551,0.272772748547693,1.20042345604282,0.465897932888915,1.69383576029873,-0.983857540842154,-2.3993984840268,-0.699084529338721,-0.54980784871383,0.00543077377615601,1.17724796446496,0.444093941959302,0.577001318949468,-0.390678616019635,-0.360293067127506,-0.0467107812073947,0.071249490705504,1.137696782992,0.781244633818215,-1.351940564086,0.288471984211505,-0.283590708665137,-1.31430585694832,0.968905630865625,-0.083858683305054,0.134313377209738,0.230158993913607,42.0,0.0
53658.0,-1.73934096431325,1.34452078912347,-0.534379047474665,3.19529149873811,-0.416196142475576,-1.26196066822182,-2.34099093949748,0.713003645507275,-1.41626499933122,-2.9966693020716,0.747478135782509,-4.59661151187479,-1.92775970193864,-4.75707449850737,-1.2478148188713,-2.53549425081321,-5.35646454386042,-1.97474852459452,-0.603726269220942,0.00274947845372853,0.38318010845642,-0.21395221812466,-0.336639824887574,0.23707630076775,0.246002931555889,-0.044227636498999,0.510729074882634,0.22095159365596,0.0,1.0
94362.0,-26.4577446501446,16.497471901867,-30.1773174564996,8.90415677106517,-17.8925996927224,-1.22790388102871,-31.1973285494605,-11.43892041491,-9.46257260540015,-22.1870885620007,4.41999660154863,-10.5923050053728,-0.703795803703315,-3.92620731586873,-2.40024649210124,-6.80988994039049,-12.4623149481086,-5.50105078380738,-0.567939572890149,2.81224110932946,-8.75569832116533,3.46089334478551,0.896537503959012,0.254835536763482,-0.738096558530353,-0.966564233789852,-7.26348214633855,-1.32488430656137,1.0,1.0
11910.0,-0.834262488655622,0.860988117438156,2.17551360266494,-0.516210285465987,1.71043542216722,0.404226433151675,1.48136345227268,-1.21192737453413,1.43137730215603,0.87462310293295,1.73092889918803,-2.2276586569347,2.79571823656887,0.291449601956239,-0.339009227776985,0.226216343444473,-0.971144850621098,0.555804295159183,0.73990042994816,0.430149362627169,-0.648245584451857,-0.809071970717559,-0.586648309784536,-1.06796995303275,0.160421651524336,-0.0216193916447067,-1.11789305063279,-0.967816069311715,8.98,0.0
58067.0,-0.264868683737295,3.38613996883911,-3.4549969895002,4.36762905773351,3.33606042827178,-2.05391842272465,0.256890458421417,-2.95723544083265,-2.8557972336327,-2.8084555425423,1.84750351109611,-2.4148223375383,-2.57322454244165,-6.5991261303635,0.123470382678038,2.57237180761341,6.60936580903842,2.53066979960508,-3.60265725092653,0.482513022122587,-1.39450379366468,-0.166029306744804,-1.45208118338289,-0.251814670710545,1.24346054282121,0.45278677690471,0.13221807596169,0.42459946550375,1.0,1.0
56098.0,-1.22966891678814,1.95609915073809,-0.851197959645561,2.79698655025108,-1.91397684079333,-0.0449344462262948,-1.34073935355915,-0.5555479867039,-1.18446766006311,-3.24510859732028,2.33832327000211,-2.82004218823068,0.763325773164453,-5.41958986916794,0.0414327925041231,-4.18075778829053,-4.2850705920981,-2.53645157282245,0.93023918577297,0.270459255150975,1.20805425987967,0.277611797272191,0.0192658003152734,0.508528831195383,-0.201182897226566,-0.249600419347595,0.562238742839488,0.0753085014191344,170.92,1.0
74662.0,1.03119986809614,-1.01149117375293,-0.590948657476901,-0.829211660895007,1.20618194573081,3.91617445896737,-1.07205196029481,1.02259394423584,1.06129400536052,-0.44802683722278,-0.567985629153892,0.399679612565548,-0.0643812622885744,-0.383910154364077,-0.0983609113142176,0.222752160880553,-0.350613989734388,-0.167649115289972,0.799192984008103,0.293764813573808,-0.213384655334533,-0.782904018923935,-0.0627387880162473,1.08358679879,0.250444536692714,0.944839983974042,-0.0545006069979874,0.0287765309858921,130.52,0.0
71237.0,-0.234759102575694,0.778255255385723,0.826149191279089,-0.550601357443521,0.45109343074105,-0.854568382757849,0.99749690830627,-0.412359301927848,0.176220657553158,-0.0827844392893473,-1.09824511805788,-0.648062623636769,-0.774030316561403,0.0449951077644861,0.277628680736708,0.455047721458458,-0.95914187314666,-0.193251628924853,-0.569784010851675,-0.213340039718914,-0.0795763870883703,-0.201884383077564,0.0784564779882429,-0.147524498375765,-1.20060032875292,-0.204015635687739,-0.253927849883213,-4.88944372964407E-4,11.92,0.0
43525.0,-1.19970906725551,1.07764574798394,-0.147173180222836,0.0516759543351936,-1.80613360035908,0.51144262683132,1.06307975665675,0.713482201259094,-0.810669623841809,-0.682337806734619,1.09540473007709,0.56955080664818,-0.667042066497632,1.09134006691571,0.298204337515577,0.439952706484964,-0.050141127940685,-0.135011106599671,-0.114375779566718,-0.551098223368791,0.00241654549568751,-0.155454418206962,0.308145820956086,0.00693253880505188,-0.55514893428137,0.0704049589147195,-0.299163311173997,-0.217161774497027,301.83,0.0
28726.0,-29.8763655139763,16.4345245512223,-30.5586968214292,6.50586178736296,-21.6656542956569,-4.94035632949796,-20.0813910746494,19.5877726234404,-3.59149104711596,-7.80059820772759,3.94783971729026,-5.4879114860488,1.36994034924206,-4.82955244300835,-0.134412095441135,-5.12116240451142,-11.1181904509172,-4.65995586983801,0.608930080519071,1.72477883837961,1.81295397464878,-2.23225158753151,-1.41280344282556,0.178731069561437,2.15604185816706,-0.20938462411377,1.25564890085966,0.364530452975509,99.99,1.0
44532.0,-0.234922308660103,0.355412643473604,1.97218278594888,-1.2555927126284,-0.681386509254345,-0.665731671302037,0.059110489686438,-0.00315327709103439,1.12245113562848,-1.48124586053984,-0.473852105914046,0.9221844195147,0.913513839827119,-0.499349578859305,0.933898442932603,-0.560471962989049,-0.207706529097452,0.380541571066627,0.574335960915453,-0.0034694628125566,0.220670430492642,0.912107214037724,-0.286337679755902,0.451208246513352,0.188315252003614,-0.531845781256926,0.123184687838547,0.0395806345060398,1.0,1.0
25095.0,1.19239598990768,1.33897371069007,-0.678876186687009,3.1236723071222,0.643244863589275,-1.18432299431215,0.397585526006899,-0.253498538261658,0.41113497684127,-0.859862301810301,1.124059382453,-3.76387384832398,0.367975966769142,-0.971757538368114,-0.0138825132357776,1.45757852763076,2.61145033447876,1.2919552295122,-1.56381522671193,-0.185454650142832,-0.377503243008699,-0.889596747960403,-0.0742075893964193,0.0354455164139561,0.550577974200231,-0.0271712789934873,-0.0249206212266212,0.0736053986634045,3.12,1.0
121136.0,1.51646745279965,-0.997142164247101,-0.593011504637751,0.652595619435233,-0.860508935974976,-0.716901813220052,-0.0140457362908861,-0.20886412819506,1.10504389721402,-0.286114525369837,-0.684819422559806,0.826040374231521,0.648144445571729,-0.0333445462245276,0.603784437102915,0.164476402082556,-0.546207726586805,-0.294292894118137,-0.122685317579964,0.301815934034134,-0.0716793022998081,-0.594878885153156,0.172158960029593,0.0217877020898764,-0.511309316177752,-0.693620929519386,-0.0123234896609568,0.0122800485091922,251.76,0.0
64510.0,1.40590701392227,-0.225985216365651,0.114229358709916,-0.62040608105093,-0.705550399390123,-1.20866471330373,-0.013799618899735,-0.39346462251802,-1.28635952924298,0.637816234734715,-0.237878091024198,0.549329532823497,1.44469406986985,0.0471404055673778,0.581102663762015,-1.42295044886603,-0.0300269017876951,0.215830932106369,-0.46940002408974,-0.395737588789503,-0.793617588939742,-1.82783689397796,0.266166741770311,0.33685126390332,0.0333496488451517,0.622847804197336,-0.0688424483958458,0.0113298672469293,12.98,0.0
35926.0,-3.89658259167336,4.51835470349753,-4.45402724041253,5.54745334718879,-4.12145857265685,-1.16340665785105,-6.80505305303552,2.92835625399971,-4.91712959933528,-6.60046062150676,3.36784560815482,-7.88897751950988,1.68260346667335,-7.62865191597326,0.779245995683184,-7.53340432942796,-14.0646239413114,-4.96010863308331,2.52578492424474,0.757286726552078,1.69104203001122,0.920020577187708,-0.151103893232396,0.0110068782298363,0.0803032669086078,0.412191351423526,0.635788870982512,0.501049550484962,4.56,1.0
35195.0,-1.33768374836923,0.440261811474535,3.08602508538764,0.498441911896163,-0.386269099466352,1.04626990899287,0.0235980751448643,0.0861851616589559,1.39584124760402,-0.56314648640885,-1.19713907079984,0.999195380222739,0.615048286213914,-1.76955212907721,-2.08332730427869,-0.772425874910572,0.111910581856133,-0.781228422896147,-0.814820728251696,-0.253229901835423,0.0294273660796679,0.656647767772284,-0.387326488310899,0.137815414603397,0.165047919868979,-0.433944138385619,-0.495647208035082,-0.0766459030299657,34.45,0.0
6309.0,-1.12138666002359,-0.675894626440669,1.99715850258186,2.17522840517747,-1.5064058768238,1.05487120275204,1.70815826406743,-0.00751904283602686,1.14725392813198,-0.589633824413503,0.109002468276353,-3.80415677875802,-0.506792223620784,1.28732075535702,-0.775300656382147,0.724301920193278,0.237944199484773,0.154313114477952,-2.44024508533073,0.719192170714415,0.183511637203166,0.0219705591509705,1.20621554515536,0.202772020023847,-0.430787145625928,-0.320032057139434,-0.286026638896492,-0.139895259685628,492.04,0.0
102572.0,-28.7092292541793,22.0577289904909,-27.8558111336212,11.8450129100508,-18.9838125824286,6.47411462748849,-43.5572415712451,-41.0442609210741,-13.3201546920984,-24.5882624372475,3.48195180343701,-9.12834128617468,-3.00825547830858,0.796579962453559,-2.1022985205307,-5.66036644069929,-13.0327849564566,-5.39234917412895,-0.901040817847599,11.0590042933942,-22.7976039055519,8.31627543891357,5.46622995370963,0.0238542303884927,-1.52714472319428,-0.145225187134896,-5.68233823990698,-0.439133675051458,0.01,1.0
27784.0,0.288028928428076,0.965681439446855,-1.45949519977085,1.92186300234526,-1.91241402974899,-1.13028190025527,-2.81426265960526,0.648663224885543,-0.695262639845074,-3.46568908576121,2.35161910622909,-3.82670531942496,-0.767569849115369,-4.8528669146236,1.66486300420352,-2.61736133003734,-4.83555830647772,-1.92175160139324,-0.385884175181753,0.330916894188196,0.603127128021142,0.380690182113136,-0.0641251755885565,0.271380100640141,0.33721953478356,0.626155869423677,0.565124825956713,0.305925255390835,23.36,1.0
62341.0,-5.26775974325256,2.50671895922695,-5.29092481764433,4.8861341982102,-3.34318841087649,-1.10008548506579,-5.81050918581537,1.72634335514407,-0.749277159995058,-4.83482799462627,3.54601225001006,-7.75128547808951,-1.19569394502348,-10.0185024459282,0.29639612212368,-7.47716172698803,-9.78580026201852,-4.24397714797126,2.68112678165858,-0.286043269744833,0.764265624858483,0.473261684078133,0.54848172305712,-0.15685005182413,-0.71018694460215,-0.366422677340972,-1.48676592030738,0.677664104601632,1.1,1.0
97494.0,1.96513756239271,-0.4324410103971,-0.0393729272643385,0.234340034551019,-0.422310987668985,0.554004090859434,-1.07982790303964,0.162308388247904,2.29475012436068,-0.254452644952543,1.50101854793555,-1.19305525596614,2.72980712961829,1.09027115856381,-0.690694248194985,0.946121450039258,-0.38921533620912,0.867521520809053,-0.0522341439809639,-0.0969561231008973,-0.086764519560313,0.112227283240862,0.284352376241339,0.269417304143411,-0.545556841432065,0.413397317913112,-0.0435443549681897,-0.0489324582578901,14.95,0.0
68357.0,1.23260446981971,-0.548931183157109,1.08787266901823,0.894081819978967,-1.43305489904701,-0.356797142170886,-0.717492197160233,0.00316653108995309,-0.100396732730679,0.54318725600578,-1.03941706835478,0.285261608751792,-0.206006567752438,-0.498521775750102,-1.06410845071827,-2.1560365431533,0.564761098405632,0.837856659648528,-0.728989760343786,-0.576274061414969,-0.448670516618872,-0.517567967949267,0.0128333352729761,0.699216728009832,0.527257980520248,-0.322606503047991,0.080805437438631,0.0354271820131481,19.59,1.0
68207.0,-13.1926709562391,12.785970638298,-9.90665002092758,3.32033688288942,-4.80117593230105,5.76005855618556,-18.7508891580107,-37.3534426378925,-0.391539743919107,-5.05250236713858,4.40680552357904,-4.61075647740608,-1.90948796970811,-9.07271093398351,-0.226074450896345,-6.21155748212485,-6.24814535335983,-3.14924669470095,0.0515761185277783,-3.49304991519446,27.2028391573154,-8.88701714094871,5.30360690376998,-0.639434802306313,0.263203123457008,-0.108876929971315,1.26956635541013,0.939407362758877,1.0,1.0
53568.0,-0.828570908587744,0.220235768352073,1.88079459960832,0.917530913010082,-0.762167569110295,0.812582709286993,0.784532064737194,-0.17978049039665,0.134721984495085,0.133173583874925,0.764708887472542,0.643514733184781,0.42041087391668,-0.492048690240172,0.113665195136689,0.143306968705289,-0.712521581630463,0.993104506335292,0.802845844534721,-0.103375302299534,0.182416612154501,1.01753762488498,-0.277660817211421,0.0680602542392253,-0.452528699169939,-0.306415070473061,-0.0325760388551425,-0.105314085325828,212.17,0.0
79349.0,0.186217939799374,-2.45216949190876,-0.613127597682632,0.0642380102250267,-1.52438963310061,-0.833488858379323,0.613899509939067,-0.459007567250113,-0.871612525792598,0.329510030248969,-0.735725321488814,-0.0131962055799911,0.258052926524829,0.163835047023157,0.0371526586508412,-1.7123038804675,0.331384559751162,0.726627334340988,-0.66289765383502,0.785270442902771,-0.0671451778527873,-1.02135190991282,-0.561745023187092,0.471821621407267,0.202353711777282,1.02451789934339,-0.188163980116133,0.107938700865765,638.28,0.0
61451.0,1.27125284940335,0.275694483287479,0.159568036492662,1.00309576511593,-0.12853459548889,-0.608729738286472,0.0887774135032596,-0.145336127270675,0.156047118066144,0.022707110015142,-0.963306374645205,-0.228073586073513,-0.324932986028689,0.390608594103586,1.06592325152319,0.285929897328686,-0.62707223016865,0.170174816440504,-0.215911768213382,-0.147394365073171,0.0319579001040591,0.12350276602637,-0.174527773363506,-0.147534893417906,0.735909092789256,-0.262269751252271,0.015576818173064,0.0159546191894633,6.53,0.0
51135.0,-10.5273044341626,7.63974510878724,-13.4431145027514,4.30340291762786,-8.04820986720506,-3.46699653575204,-8.64319279153494,7.28410530047069,-2.36209663777244,-5.99659592015915,2.5891035399443,-5.9622614216576,-0.468955402702701,-6.77818372152522,0.907946622048306,-3.97013003226966,-6.85761265464239,-2.51173568202806,0.511761951503497,0.847085223070639,0.937415595523653,-0.931178206442092,-0.235696693319785,-0.0313933540844794,0.591558276561224,-0.263516323288921,1.10889729755393,0.219021143211497,99.99,1.0
107236.0,-0.480844121779016,0.710580620600811,2.36035046663128,-0.104984054501588,-0.0555590497771565,-0.303450395532038,0.401247498142465,-0.138650820263584,1.8151605675053,-1.0882579026673,-0.0314193868116703,-3.65122502606874,-0.344479385025508,1.65248233219842,0.865813832076899,-0.239798494311247,0.467985523649758,0.676001677824566,0.482909371925602,-0.0815317495540252,-0.329028125504291,-0.572796110857547,-0.279560850928083,-0.171327290556714,0.180656504197761,-0.718078765816603,-0.0886115665527867,-0.151160646092462,2.12,0.0
54049.0,-4.32721843684551,2.39313745680665,0.135580538509707,0.212080480423533,-2.17065466291654,1.10455230136468,-2.12341227106976,2.37177841985584,1.42823601292486,-0.266351774089799,-2.72417777162997,0.69235195562545,-0.499657118775076,0.0102829246409145,-1.46252021966781,-0.267411798444857,1.27762263397166,-0.445066616205708,0.66218395210853,-0.537878446673989,0.0252985254284137,-0.247417830809065,0.0364224322153568,-0.735128273775788,0.510660787309207,0.419772542845863,-1.42998810412998,-0.0182460808060821,12.31,0.0
96291.0,-3.55217282034342,5.42646054559111,-3.73181031980956,6.67906180701896,-2.18754337884152,2.43394023761172,-8.74811035885579,-12.1082840970182,-2.8563585144669,-5.66586179854092,2.54083553206878,-6.14705358343033,1.79689064160126,-4.32898899462283,-0.150037374792615,-1.83900466547168,-3.35463814070962,-0.282307261175205,0.148592393859995,3.79266672675409,-5.68899027177143,2.51097955615894,0.953932861684676,-0.542506228224687,-0.620152015985956,0.406012866709306,0.0230251633862463,0.164740605977244,33.59,1.0
56169.0,-1.42390515676249,0.562389838203303,1.95488421960347,-3.19993021609751,-0.620678387314135,-0.284676133339455,-0.122533082428569,0.754752275955141,0.934377764257943,-2.18698805087167,1.22961497642909,1.83014269084872,0.543963592248952,-0.0776654361112434,-0.392443079443276,0.115937337751507,-0.519582181091312,0.0195729208774296,-0.860802961955782,-0.128613714184319,0.111427835630181,0.419313741452191,-0.287803313449111,0.0757441828523087,0.522168847526687,-0.258997454378136,0.169036271379307,0.0406414180084453,7.25,0.0
118157.0,-1.41494996095391,-0.794432648382187,1.99829196197662,0.052114595680229,-1.16168111632662,0.21537891475208,0.970764711972043,0.0387136862156916,0.184337913716833,-1.19090387425387,-0.823017963809418,0.067181945740504,0.591016589136599,-0.326115341649479,1.33293459178571,0.0117214696752948,-0.251292469941964,0.591205362110872,0.833797823944615,1.01132504604175,0.321611450815494,0.307836567170177,0.584208020579231,0.0376699788739563,0.363251597953553,0.217547224580557,-0.0446576204899684,0.115634498732089,363.0,0.0
80410.0,1.27796048168546,-0.277545417420867,-1.30171297865727,-1.05639323502216,1.94855314676862,3.12017334033358,-0.473471127625203,0.746835948134206,-0.00264787906390958,-0.0947682108128221,0.00954551574565009,0.0532529651313988,0.041093441966719,0.41880718910104,1.19579570031144,0.582052891928375,-0.783285871232502,-0.209096886179461,0.457973214719767,0.123786837943337,-0.260884947283903,-0.990361733485278,0.0432677248184175,1.04376515367079,0.320790924606463,0.82645837480956,-0.0897797992507079,0.00474782615366133,39.95,0.0
49093.0,1.13113261713475,0.0436241720993878,1.66713935435706,1.27307138221005,-1.3430439617951,-0.621664561584189,-0.698465861290806,0.0345975195645528,0.606790625613574,-0.0724611834162981,0.0673870331916614,0.586916047666149,0.559467035341958,-0.217391320273819,1.49381013009784,0.586533551083097,-0.596997318556085,0.37425831601655,-0.992419226870092,-0.101891900789,0.29104362476732,0.92990102259923,-0.00712148820001353,0.937620578621165,0.313235134354833,-0.288304682478349,0.08089909072757,0.0493467199861032,5.31,0.0
81693.0,-0.777016388036452,0.946665470214263,1.29248459868155,-0.630216760291022,0.399310065924604,-0.588772642262316,0.916061844211131,-0.257394310173104,0.074616061379544,0.109963061400519,-0.0239454805260808,0.426108570680543,0.802749989945922,-0.384586304151476,0.613622592853158,-4.6922955835849E-4,-0.556924913914171,-0.906354125581343,-1.17841611317047,0.18108580001515,-0.0858520772697723,0.105461227931785,-0.0921330436684963,0.116797124166236,-0.139344690047829,0.213997757597308,0.0672954170510372,-0.0389296431772948,20.53,0.0
44532.0,-0.234922308660103,0.355412643473604,1.97218278594888,-1.2555927126284,-0.681386509254345,-0.665731671302037,0.059110489686438,-0.00315327709103439,1.12245113562848,-1.48124586053984,-0.473852105914046,0.9221844195147,0.913513839827119,-0.499349578859305,0.933898442932603,-0.560471962989049,-0.207706529097452,0.380541571066627,0.574335960915453,-0.0034694628125566,0.220670430492642,0.912107214037724,-0.286337679755902,0.451208246513352,0.188315252003614,-0.531845781256926,0.123184687838547,0.0395806345060398,1.0,1.0
54670.0,0.942321294570795,-0.201992350189476,1.30763124460097,1.19940911296398,-0.292498419573148,1.6603050383497,-0.859746598928623,0.645564693133669,0.787413596143444,-0.406285689259634,0.532060115544131,1.18901965930333,0.325141388224443,-0.303810435735515,1.19758058250885,-1.30300418239364,1.05017601481195,-2.16490067160172,-1.88825388141193,-0.252899979965331,0.0838814772931757,0.616865442523167,0.157954009476487,-0.614117421803782,0.0708568716560427,-0.302343575241043,0.146971093438951,0.027906472397845,9.99,0.0
48623.0,-0.255719702125637,0.332089011216842,0.970694446063047,-0.489017106639626,2.12861613909083,4.2234056030303,-0.26391877518616,0.952340453340328,0.314888865844569,-0.382087826581387,-0.642084919509644,-0.121247408029232,-0.148625822849165,-0.524851509631242,0.184817068711345,0.217371598839535,-0.830031707411928,0.5332788650498,0.329906022088152,0.120791781915961,-0.0879068509241825,-0.0634059345445498,-0.2241310669217,0.994266618260243,0.0838023500095932,-0.463113900539221,-0.0375020205961873,-0.151713856013285,10.26,0.0
28755.0,-30.552380043581,16.7133892350242,-31.1036848245812,6.53498386355181,-22.105531524316,-4.97769196369245,-20.371513594495,20.0072083651213,-3.56573779124378,-7.7310714411342,3.8294273949908,-5.31433227604015,1.44693027992913,-4.57926372815218,-0.142299360010106,-4.99784830436345,-10.9614103561188,-4.64148195920404,0.567056279787444,1.73364399368955,1.8165201713562,-2.28868550494101,-1.46054449877578,0.183179482716819,2.20820917836653,-0.208823971247713,1.23263629519904,0.356660010884047,99.99,1.0
53658.0,-1.73934096431325,1.34452078912347,-0.534379047474665,3.19529149873811,-0.416196142475576,-1.26196066822182,-2.34099093949748,0.713003645507275,-1.41626499933122,-2.9966693020716,0.747478135782509,-4.59661151187479,-1.92775970193864,-4.75707449850737,-1.2478148188713,-2.53549425081321,-5.35646454386042,-1.97474852459452,-0.603726269220942,0.00274947845372853,0.38318010845642,-0.21395221812466,-0.336639824887574,0.23707630076775,0.246002931555889,-0.044227636498999,0.510729074882634,0.22095159365596,0.0,1.0
47775.0,1.10424052684829,-0.61967465731846,0.402984406978697,0.0384783988005718,-0.277781674448491,1.1327681086261,-0.60678738348607,0.354403329956862,-0.766954931113978,0.419223601261996,0.413278957434769,0.857520815758977,0.522381892179328,-0.106567512256107,0.580014728932313,-3.27257254550095,1.62653915736171,-1.45399448375191,-2.22860679697722,-0.607010025762965,-0.361638413312674,-0.250225199378377,0.168604614205752,-0.605864963305752,0.121913225112866,0.473692407409086,0.0663981612898518,0.00606509015637226,28.0,0.0
120415.0,-0.929461866726311,-0.705320650890472,2.0476490090005,-2.53693830359174,-0.22119622820919,0.899236572716933,0.279371867152933,0.0791056475053308,-0.962755673949271,-0.256038479957269,0.356858707133813,-0.0110990938533125,1.22944413690401,-1.09258578834455,-0.829280273494716,1.95651526216722,-0.892580009509925,-0.291512447188679,0.327533299376769,0.647201565513456,0.296528703654449,0.588373345347296,-0.0763850996352584,0.105061084144629,0.576908260028008,-0.268496730750727,-0.180750488564404,-0.155207886652454,165.0,0.0
7526.0,0.00843036489558254,4.13783683497998,-6.24069657194744,6.6757321631344,0.768307024571449,-3.35305954788994,-1.63173467271809,0.15461244822474,-2.79589246446281,-6.18789062970647,5.66439470857116,-9.85448482287037,-0.306166658250084,-10.6911962118171,-0.638498192673322,-2.04197379107768,-1.12905587703585,0.116452521226364,-1.93466573889727,0.488378221134715,0.36451420978479,-0.608057133838703,-0.539527941820093,0.128939982991813,1.48848121006868,0.50796267782385,0.735821636119662,0.513573740679437,1.0,1.0
62341.0,-5.26775974325256,2.50671895922695,-5.29092481764433,4.8861341982102,-3.34318841087649,-1.10008548506579,-5.81050918581537,1.72634335514407,-0.749277159995058,-4.83482799462627,3.54601225001006,-7.75128547808951,-1.19569394502348,-10.0185024459282,0.29639612212368,-7.47716172698803,-9.78580026201852,-4.24397714797126,2.68112678165858,-0.286043269744833,0.764265624858483,0.473261684078133,0.54848172305712,-0.15685005182413,-0.71018694460215,-0.366422677340972,-1.48676592030738,0.677664104601632,1.1,1.0
101313.0,-25.825982149082,19.1672390103062,-25.3902293121699,11.1254347149714,-16.6826439195391,3.93369943022963,-37.0603114554112,-28.7597989339836,-11.1266235224579,-23.2282548357516,3.7859770496129,-10.5224940129243,-2.65749636392801,-3.79279543594993,-4.49894467676621,-6.55787310177539,-12.8672447953713,-5.80459047549908,-1.25446534452587,7.90737812724062,-16.9220157786505,5.70368400806478,3.51001884069223,0.0543302268964685,-0.671983312405663,-0.209431359115655,-4.95002186384908,-0.448412770754799,2.28,1.0
84204.0,-1.92745281973369,1.82762056700016,-7.01949468454197,5.34830323951426,-2.73918788004738,-2.10721929638307,-5.01584797563431,1.20586815982046,-4.38271250852199,-8.33770697381781,7.19030608944843,-9.42484446049178,-0.223292646427513,-12.8754942229841,-0.071918160688794,-6.2999613976222,-12.719207160428,-3.74017615583058,0.844059610296466,2.17270905626492,1.37693832294098,-0.792016725563067,-0.771414187530036,-0.379574271539528,0.718716522008066,1.11115125599517,1.27770725705846,0.819081152045361,512.25,1.0
102669.0,-5.60369027985602,5.22219270751471,-7.51682997724608,8.11772427554261,-2.75685795265464,-1.57456462233583,-6.33034325040366,2.99841888080239,-4.50816689310713,-7.33437708370839,7.18872396524447,-10.6551809118898,2.59467986078199,-10.242859083204,-0.191158119172494,-5.50433407013933,-8.69777741257031,-1.93422536185434,1.95874993153475,0.227525994742654,1.24289620552409,0.428408392466797,-0.101183595116722,-0.520199121186447,-0.176937756589733,0.461449982566097,-0.106625180749266,-0.479661947808134,0.0,1.0
55618.0,-7.4279242314783,2.94820920837905,-8.67855038407896,5.18530347959595,-4.76108997261691,-0.95709501604379,-7.77337978477431,0.717309273781191,-3.68235923846278,-8.40315026242229,5.70520550718269,-8.6407464115182,-1.60292501896209,-9.46613912320431,0.137324186945341,-7.30324272860725,-12.4480392359586,-4.33283424125087,2.35202964025176,-0.123085015912889,-0.299847070706951,0.610478813685703,0.789022761446755,-0.564511939509452,0.201195825477742,-0.111225430586455,1.14459850910478,0.102279545438297,130.44,1.0
26523.0,-18.474867903441,11.5863805198184,-21.4029168131391,6.03851541556808,-14.4511581398683,-4.14652350569915,-14.856123673178,12.4311404723263,-4.05335328722588,-9.04039624894471,5.96620250720685,-8.46396612952571,0.0786921317878341,-9.09253265181295,0.0108220973904713,-7.1863755078292,-13.7974745003699,-4.95849390971089,1.32116655982617,1.5779244011474,1.74113559593371,-1.25113794883836,-0.396219126116475,0.0957055555718895,1.32275094272025,-0.217954564863573,1.62879253147016,0.482248274865402,99.99,1.0
55872.0,-0.456363178039539,2.71591986109128,-2.10427050390313,1.38377533840395,0.743798565930668,-2.1221101609747,1.14415167943892,-0.499012753338564,0.80443530622439,0.84782153865184,1.36360847073004,-0.176137016530566,0.471011732580434,-4.28373390964403,1.09517300986846,0.495655552494176,2.74576877824116,1.19216650523979,-0.719020040926982,0.981371492165122,-0.345203358428009,-0.15114514902958,0.139601050962338,0.361393047898191,-0.198190346902221,-0.425185551721568,0.730501477389464,0.159780134753104,0.89,0.0
65346.0,0.897112822453581,-1.44140346199444,-0.16121663291076,-2.10067081850708,-0.765757067648087,0.240921239331668,-0.442711759268371,0.0756859360535357,2.55315076410763,-1.77055740570104,-1.36820521058205,0.560229217425027,0.203860977603091,-0.146598188303451,2.05259514049966,-0.717952356164726,-0.226133649378346,0.47553891137282,1.10643262953161,0.375487868970512,0.219859449073857,0.481445924146107,-0.503380054638574,-1.26441901164383,0.707333673017992,-0.547433865283262,0.0765321766015856,0.0535394463005426,232.78,0.0
67721.0,-0.771100631856565,-0.0195464817534051,0.645937515268362,-1.7311989770368,0.0893373036403297,-0.531175780724778,1.48969689395096,-0.0792509519411091,-0.422033119211771,-1.11165975364897,1.3554410783355,1.34763015007561,0.44190029456471,0.0451939017164647,-1.79553152503652,0.11524801121271,-0.55437845696887,-0.915329092062202,-1.42183560412166,0.147026104359458,0.26955120632795,0.53123178555584,0.394012887852502,0.312063895702571,-0.682292736871441,0.991312379302175,-0.0154931638259827,0.168912305944789,178.0,0.0
33743.0,-1.05048222139461,0.770121060937236,0.644193587919233,-0.562401657220743,1.83465422483892,0.695263380263881,0.552418562277721,0.579212591939902,-0.900861683609575,-1.44777634501119,2.46274902101592,0.242011129264212,-1.13104846087912,-0.967421748916064,0.74338520313172,-0.291336450923978,1.75082173421383,-1.00206804731083,-2.2718641377991,-0.18913230543352,0.111370782151059,0.267885875741364,-0.151094079349955,-1.16416938497112,-0.0634675421270672,0.323921035902143,0.0739538791118591,0.0975062987537954,0.76,0.0
60155.0,0.161260480215264,2.26508960556992,-1.59365579231821,1.22434021701202,1.25709171481031,-1.55873770650416,2.33320329445229,-1.47234296577972,1.08766613380006,1.3162973333374,1.55873012738397,-0.261156402852538,1.21955625664128,-5.23613671717072,1.15094445204851,0.277851971282464,2.16280121889998,1.10698902074531,-0.558318005936338,1.13036455999927,-0.564857785618934,-0.0127438616356532,-0.0903997429631304,0.0684457661551039,-0.284038931747212,-0.522748759148097,0.0333129198330522,-0.826373339133496,69.38,0.0
6986.0,-4.39797444171999,1.35836702839758,-2.5928442182573,2.67978696694832,-1.12813094208956,-1.70653638774951,-3.49619729302467,-0.248777743025673,-0.24776789948008,-4.80163740602813,4.89584422347523,-10.9128193194019,0.184371685834387,-6.77109672468083,-0.00732618257771211,-7.35808322132346,-12.5984185405511,-5.13154862842983,0.308333945758691,-0.17160787864796,0.573574068424352,0.176967718048195,-0.436206883597401,-0.0535018648884285,0.252405261951833,-0.657487754764504,-0.827135714578603,0.849573379985768,59.0,1.0
74262.0,-2.25053480921229,2.36575487772312,-2.95549117924385,0.0897905975142065,-2.83074456678034,-0.844461639207772,-0.174061560679368,-0.407138137833787,0.174216293591102,-2.9989262562074,2.60516857519668,-3.67771661422902,-0.961254636207547,-4.62948099682303,1.94218161282,-4.18037888438458,-4.60568646763486,-2.55718413666009,1.58958220191211,-0.48653714178381,0.256559618287662,-0.466245243122949,0.291104927494009,0.242566552797207,-1.27909371150404,-1.12353433717278,-0.630976512544474,0.326839204012689,311.28,1.0
75978.0,-5.14072311805277,3.56875123426923,-5.89624545735196,4.16471993013258,-4.09119263947502,-1.98996029061886,-5.47243601705169,2.42282066166249,-2.90973525837833,-6.28780335064533,3.70431215185119,-7.26754953396678,0.329269938095914,-8.45897495556967,1.35448720090917,-5.9762209822112,-10.5760149147501,-3.52516124688807,1.73797600497073,0.318995199686566,1.13113028151049,0.118021510216711,-0.332704205017834,0.139940733895169,0.324757896441424,-0.180769130367976,0.177810382911191,0.661555355551591,99.9,1.0
97235.0,-17.5375916846763,12.3525186682391,-20.1346128135864,11.1227714331133,-14.5710801396343,-0.381622313270995,-23.9286610291615,-4.72492103304407,-8.6030380974132,-15.2318333653018,4.41705461009659,-12.8935202086054,-0.10962845638889,-3.54722989444144,-2.17782399757845,-10.4020683266181,-18.3720191223339,-8.31409231206699,2.43582348553379,1.9251025961188,-4.35221313065903,2.38904092140055,2.01912792631133,0.627191869568278,-1.08599721239039,-0.0718032360759346,-3.83819790404877,-0.802564460951448,9.82,1.0
85864.0,-3.36526491864606,2.92854110729003,-5.66099919906905,3.89115992835328,-1.84037510965314,-1.80088720390662,-5.55867935318221,2.40232168278639,-2.84892272106495,-5.99567612703198,4.22130410784879,-6.11966735264192,0.0230135705891201,-8.14932178394224,-0.301351931335019,-5.37528289323615,-9.31500138499105,-2.48756256913711,2.35591891159776,0.57637946532203,0.875260063301294,-0.102501391250503,-0.606282749133978,-0.743164794295893,0.096318936065612,-0.135060497401362,1.23869473001415,0.0998237563444676,1.0,1.0
27472.0,1.20273688582157,0.0600881655789483,-0.218872296614953,1.09076993275269,0.491813312183577,0.629259726076875,0.070173812300141,0.0745390370715574,0.404729487443155,-0.133062337855117,-1.81267738905094,-0.00695791902034837,-0.0227523106050587,0.0172165524192038,0.0280036479408253,-0.303967246985176,-0.23636519106762,-0.497469174690697,0.150986594706329,-0.090179575639497,-0.176527586179657,-0.342462949739997,-0.260955820878488,-1.3098044789687,0.833764359227433,-0.228843332043724,0.0311900823316227,0.00699149547287373,39.73,0.0
623.0,-1.08475367170315,0.495541947031431,1.17066771622353,0.537479054868058,1.36647938570602,4.88599592815603,-1.36609794306256,1.87525426793724,0.600988419955933,-0.636978046847482,-1.4015741617524,0.374262095389592,-0.23038430676023,-0.635259118625113,-1.09004776260998,-0.635091611036932,0.435677896896944,0.438674400422429,1.76708562405177,0.228938663608852,-0.126041447778941,-0.0754542606586985,-0.329595876523154,1.04436698440995,0.577033413991306,-0.063467833046098,0.296040993597097,0.0635246391266044,1.0,0.0
88300.0,-0.428951985875953,0.7017543284532,1.81967938427318,-0.451023550698404,-0.0120851822418099,-0.0911558201339406,0.375316129986284,0.149220226192402,-0.108046868237794,-0.754240189483245,0.949779205032777,1.08208325518597,0.422538717599102,0.0110231140700221,-0.147232441430844,0.0469788147093957,-0.601004907420229,0.344254739571654,0.551864462032814,-0.0239500206140985,-0.0498092498955841,-0.0671553697414753,-0.0904307620022921,-0.00358506485403544,-0.366495310512609,-0.551811277899884,0.162780768493888,0.138700382409858,5.0,0.0
79195.0,-1.62850531750098,1.00894351677444,1.59539619416552,-0.449918196690548,-0.0706521406509616,-0.951289340189332,0.25210880046134,0.471093131446064,-0.831808659429931,-0.550149769985496,1.29719595856776,0.872194939942996,-0.0726250555359975,0.607751031844671,-0.199454844264964,0.691700230417664,-0.614247507616481,0.029304338811056,-0.361678486008349,-0.0828436792952752,-0.139956942391215,-0.638527033178411,-0.247639051000973,0.527435537405558,0.19139652737232,-0.00426983965638136,0.0408747862261968,-0.0595833670201596,5.99,0.0
74134.0,0.844718106584725,-0.834452812517845,1.62661343548039,1.73299397493713,-1.39604212461763,0.953969475863086,-1.03292929440533,0.484110110832805,1.9086118098507,-0.508523856762812,-1.40325000931113,0.352668427718472,-1.22712416016335,-0.831467192938022,-1.1818137707678,-0.793211044741465,0.669840051299822,-0.515013673540759,-0.155253417216536,-0.0478461796332312,0.0129067175696562,0.295961042387591,-0.150393742057167,0.107546399947145,0.417730046496779,-0.219176522556164,0.100147082283456,0.0516448478003962,115.44,0.0
54092.0,-0.323390839427582,0.654968588270581,1.72299552802842,0.163889863837872,-0.18361983570223,-0.331610921288981,0.948496976012286,-0.373047074538,0.124336093995264,-0.397994576780795,-0.649402980276757,0.604338869114541,0.875865558767857,-0.764355284740104,-0.670005640537913,-0.573130914129341,-0.059560500410378,-0.580169671271757,0.356695567687391,0.0553357525588696,-0.0490983464385259,0.256834292015932,-0.247049868704881,0.488064151497534,0.128074427572565,0.45980228465802,-0.266187494144302,-0.222819434409611,54.95,0.0
64585.0,1.08043336974687,0.962830680816555,-0.27806547765439,2.74331806279958,0.412364075681078,-0.320778352962878,0.0412895489552235,0.176170299597767,-0.966951551053629,-0.194120466505581,2.14005681553663,-0.276308752749667,-1.19130573752489,-1.88027540328199,0.398271956336376,1.36743302249318,1.52266169956075,1.02631748255981,-1.57707047840184,-0.172658644566365,-0.00899617409257402,-0.0570361435998535,-0.0536915092211487,-0.0263732767799466,0.40029973123052,0.0728277709127376,0.0270429343018625,0.0632375727147923,0.0,1.0
102671.0,-4.99175779387947,5.2133398229232,-9.11132629809104,8.43198635177602,-3.4355156720863,-1.8275651016855,-7.11430284412379,3.43120663145462,-3.87564287029742,-6.86850850672582,7.15062516950116,-10.2629840447185,2.73308493575221,-10.1275247811671,-0.262783621001749,-5.19027103814098,-8.6557110398096,-2.02444347438745,1.5604792800844,0.0981321924634143,1.18942283937597,0.247858476295777,0.294448330047117,-0.548503502162266,-0.174616566570794,0.406702503092405,-0.40233927269736,-0.882885795448957,0.0,1.0
41243.0,-10.9407391093978,6.26158585106885,-14.1823387841287,7.18360208606589,-9.95136334372547,-3.86082033664669,-13.5473021949163,7.09647164642187,-6.29402944276594,-13.6081431627279,7.12716532148781,-12.6110036871047,1.21455639781013,-13.9062968240505,1.51406990634864,-11.1257390593549,-19.7162573051191,-7.5527890897252,3.65678707068496,-0.0883420818722748,2.26744826134981,-0.492029167950335,-0.239302865923644,0.454368210214217,-0.101611062526814,0.446996732737119,0.062292646721181,-0.439769899530758,45.49,1.0
121361.0,2.24097445677152,-0.690704996832056,-1.38792190868305,-0.96872232458673,-0.280532336596072,-0.804913017267472,-0.324840955052819,-0.31960731897277,-0.396069596666319,0.745638381772416,-1.18558221520042,-0.35846827781225,0.67593948520765,-0.233143063145888,-0.191384472395092,0.876056371714958,0.127186059752024,-1.81337711414656,1.02429252745717,1.4306060100594E-4,-0.104350503638132,-0.247964420167194,0.196575606301688,-0.712425459675604,-0.086793675908347,-0.361327535490813,-0.0246178818722637,-0.0631920719892435,14.95,0.0
18088.0,-12.2240206243564,3.85415032971366,-12.4667657248211,9.64831072711484,-2.72696132147655,-4.44561038185083,-21.9228110340575,0.320792273696859,-4.43316165783721,-11.2014000859835,9.32879925655782,-13.1049334662012,0.88848078772943,-10.140200337183,0.713465392614318,-10.0986706554809,-17.5066115481045,-8.06120798966267,1.60687003263877,-2.14718143950284,-1.1598299509044,-1.50411888189644,-19.2543276173719,0.54486672601225,-4.78160552206407,-0.00777228109993075,3.05235768679424,-0.775035651186717,1218.89,1.0
32686.0,0.287952771527529,1.72873464521162,-1.65217304572257,3.81354418795523,-1.09092715391318,-0.984744665624589,-2.20231792699069,0.555087932252191,-2.03389204830362,-2.73415555507211,2.36843367282003,-3.65680265130054,-0.169534683304731,-4.74441333023745,0.765192829294304,-2.47951355643698,-4.93111196829858,-2.54740252736051,-0.90268980289448,0.265250210286539,0.262201510185118,-0.633527564205563,0.0928910102678184,0.187612655556196,0.368708354409639,-0.132474029018571,0.57656075692479,0.309842705461879,0.0,1.0
57492.0,1.23455812959879,0.092400941857475,0.297420318705466,0.359630256150314,-0.311776955513659,-0.509620764796375,-0.0787308770833046,-0.0332573942975592,-0.101095857145861,0.116151792267899,1.07275074305845,0.663696529662567,-0.149886773795225,0.490447895176469,0.39540366359433,0.567010728785019,-0.749757866057743,0.261902168531664,0.245896301517193,-0.0778702236110001,-0.0559130440470463,-0.203928070396399,-0.0361493059992779,0.0183271418302475,0.364448796085653,0.396065483053326,-0.0477476100902767,5.85047628109316E-5,9.99,0.0
22278.0,1.1854777028727,-0.349047741988633,1.00396173302044,-0.558501042474082,-0.996560217378399,-0.313915246975424,-0.75685912864916,0.045545575759945,3.1641168369537,-1.48740856652405,0.659998005959119,-1.90056146730681,1.16629319310862,1.39919140118386,0.833463161545449,-0.743379836992918,0.889893776381179,0.0652013754947016,-0.00632497526619701,-0.205244179247274,-0.133402527268405,0.102803085727307,0.00104868167794618,0.0262536370383608,0.386216452167929,-0.695253015068112,0.0786387766370915,0.0264707336649401,11.85,0.0
63629.0,-1.42701163491704,0.0429555036971883,1.66530687442933,0.566130380272426,0.2873402504735,0.960705013556216,-0.507013047425297,1.04853699089026,0.476160031653232,-1.10416187232548,-0.569452772650311,0.968992766650676,-1.00607717686569,-0.224225865981124,-2.97124645043233,-0.43496162582742,0.229697579777912,-0.388035181399422,0.152623903630693,-0.174765137851886,-0.213322034519638,-0.629125142631149,-0.0761236656948163,-0.690330079809474,-0.100543404997146,-0.677938380880424,0.0599955219596925,-0.0375239246168295,17.59,0.0
18362.0,-0.79530745349027,1.21565891586913,0.914060368991537,0.504589838381974,1.19829820813221,-0.344409411223876,0.929242722921434,-0.255068985078982,0.560892488203689,-0.599214170419328,0.154845137063389,-2.74341392292093,1.57581529711751,1.85170570405928,0.0515209287338777,-0.530654708151241,0.521206186965671,-0.196574472788941,-0.394426695287365,-0.213622987103742,-0.0398343873009394,0.109033075171528,-0.379816595059194,-0.50326426085558,0.261774980627716,-0.34390647536861,-0.17730072333096,0.112819777839798,4.99,0.0
69394.0,1.14043132434726,1.13424300279892,-1.42945474072655,2.01222598912655,0.622800198240135,-1.1529230868157,0.22115947772768,0.0373717733484629,0.0344859259841517,-1.87964382107016,2.19166507997652,-0.487849732811135,-1.75713709936308,-4.46105120749925,-0.402884205654366,1.4109171085787,3.61925125200524,2.28492676267757,-0.443999191918561,-0.0997118777920308,-0.367136001490949,-0.891627120817809,-0.160578066799212,-0.10832596200032,0.668374321480191,-0.352393242949003,0.0719927692746503,0.113684370071235,1.0,1.0
72327.0,-4.19873460983989,0.194120636801706,-3.91758567828042,3.92074784640417,-1.87548574659158,-2.11893292738694,-3.61444510993627,1.68788446543007,-2.18987113590881,-4.68423332514029,4.37690666362302,-5.00744082816051,-1.30474507803596,-6.19247526385522,1.00240426741391,-3.31693430074553,-6.18883415213498,-1.04041264854272,1.23304434947994,1.0033504305956,0.801312235949018,-0.183000576489906,-0.440386862411508,0.292539411877521,-0.144967421927777,-0.251743981877142,1.24941367428483,-0.131524643545312,238.9,1.0
87202.0,-0.41982017420894,-1.15597800832635,-2.09251550244986,2.78675032975706,0.736296592040403,-0.167291965690249,1.60002746290919,-0.117426851332358,-0.796953814299879,-0.133950251206468,1.03303201224459,-0.284367998317494,-1.20827980965211,-0.429211904447448,0.248945360461687,-0.928921529997167,1.67998551904683,1.31533886586358,2.22616065557659,1.27535802653094,0.48063971759843,0.533516931196614,1.28464540597639,0.516131270391061,-0.60294109971583,-0.305023689896282,-0.0213631449369425,0.129096385608294,451.27,1.0
41164.0,-5.93277795485543,4.57174320411303,-9.42724692838332,6.57705643811276,-6.11521812544893,-3.66179789602346,-10.8940785545016,3.70921000751656,-5.85952387304171,-12.981619145004,8.26529460055417,-14.1541653609607,0.479842781966758,-16.3375959447735,1.64604527960375,-12.3753974432385,-21.090612716108,-7.7245457358645,3.85637474254372,1.19107830456005,2.01427156558263,-0.167416617986259,0.0499675298711021,0.384429719031746,-0.0778835668224832,0.56549290579318,1.79201191700266,0.371007021212136,5.3,1.0
406.0,-2.3122265423263,1.95199201064158,-1.60985073229769,3.9979055875468,-0.522187864667764,-1.42654531920595,-2.53738730624579,1.39165724829804,-2.77008927719433,-2.77227214465915,3.20203320709635,-2.89990738849473,-0.595221881324605,-4.28925378244217,0.389724120274487,-1.14074717980657,-2.83005567450437,-0.0168224681808257,0.416955705037907,0.126910559061474,0.517232370861764,-0.0350493686052974,-0.465211076182388,0.320198198514526,0.0445191674731724,0.177839798284401,0.261145002567677,-0.143275874698919,0.0,1.0
42892.0,1.12689615418531,0.0335921792635676,1.57756281452092,1.22908680677625,-1.21926106187005,-0.491432643228746,-0.664628216076042,0.0241512374575589,0.563553496311204,-0.0876427560449248,-0.0533618203025031,0.716730841164035,0.968391248176164,-0.301370585491001,1.46938893536281,0.630477592446966,-0.692771667212671,0.397927566662671,-0.920456579264005,-0.051403474283914,0.287733824389147,0.917178099958657,-0.0457038760119378,0.74204881044428,0.349660075672409,-0.277828123374063,0.0811959564535487,0.0497687697538531,15.15,0.0
92102.0,-1.66293711018596,3.25389242362715,-7.0404847120185,2.26645647990886,-4.17764891282786,-0.746924828187599,-0.248336733243902,1.09115651568673,-0.307137450847617,-5.56794705115052,2.71273940377591,-5.94840312668093,2.14472605490538,-4.21175592358692,-0.137195538810617,-2.63940913979839,-2.53235540606601,-0.667067027160165,0.626059293435215,-0.842178336511866,0.450381285220709,0.521161529635377,0.308325446158517,-0.318011840652356,-1.25536156975299,-0.691963403718384,0.264878381232973,-0.130444804408444,600.73,1.0
101051.0,-1.46531575579616,-1.09337687781209,-0.0597678482279439,1.06478463530602,11.0950886001596,-5.43097128323669,-9.37802517086658,-0.446456139679101,1.99210961400888,1.78592177154007,1.36858453419511,-1.47169658834377,-0.72475884619705,3.44242199594215,-0.957403224855046,-1.62612941891216,1.41821495932655,-1.41791682839858,-1.65176618071699,-1.4576102135585,1.16062328833533,-1.2596968082996,-15.9816491909559,-0.883669935248733,-3.53671623161143,-0.59296488849027,0.675524833181225,0.424849351792902,0.92,1.0
59924.0,0.684770277350612,-0.502631084538354,-0.288273698507291,0.482213083496719,0.464848663167097,0.865015800777525,0.413812157097448,0.1833705448045,-0.325981085969492,-0.36445540226348,0.86343107785291,1.00364680250616,0.625258930939542,0.524409408969064,1.80683709507824,-1.24158588695811,0.925294053779662,-2.86050984025876,-1.51533689698107,0.234843853220817,-0.12753796223119,-0.705408720112382,0.0787276861016296,-0.94662112857882,-0.086044450857824,0.242267272597258,-0.028638789756604,0.0332039765085073,219.95,0.0
58278.0,0.439888214203491,-3.12444654908079,0.833806123553513,-0.436078151263783,-2.60951892208624,0.72191024692529,-1.18858544531804,0.200990871039429,-0.368128864301074,0.771677574218129,-1.37021351464358,-0.543867509930715,-0.4839895183732,-1.22114500530647,-1.78716909421663,-1.51266416154529,1.74434943969768,-0.760568041110106,0.0639721554576816,0.526165468496488,-0.156281799870725,-0.702651594341415,-0.325717263715178,0.0920171267824756,0.0893956694791754,-0.23005979481125,0.0178561746222336,0.107902292744394,495.0,0.0
58335.0,1.21917142512965,-0.0532757321535972,0.754994687279491,0.54828794050352,-0.667226403399471,-0.367466131566698,-0.400773725298104,-0.00885842434345678,0.497618114785664,-0.0970102486212898,-0.841966335109605,-0.00537424562772664,0.179615652935048,-0.00511684483082283,1.35483319995094,0.75560722180247,-0.735724272051648,0.12577319341635,-0.153653500836658,-0.0358942385797264,-0.0722992427396445,-0.234723477599451,-0.00821883231386733,-0.141698458915363,0.231436334015073,0.282024045681304,-0.00686775809736307,0.0249304281773726,25.45,0.0
93823.0,-3.82193880087939,5.66724730913206,-9.24496345774236,8.24614693395311,-4.36828608664298,-3.45073451820581,-8.42737802930292,2.30560850484611,-5.33807918394682,-12.0111608836062,8.62125508140256,-18.6837146333443,-0.962073428413392,-15.2976561861343,-2.41413212341002,-12.105602245184,-21.3381950868483,-8.04543571561822,0.15601503277122,1.11524688892983,1.99051970513882,0.0833533215963405,-0.0622635530228708,0.390187802079359,0.329883884451897,0.0980170825531413,1.86957016296191,1.00084956292018,75.86,1.0
99745.0,-1.0425788906682,0.937267425640744,1.43718395615133,0.688717784619834,0.226625238199104,-0.188381234688659,0.493392552784795,0.0576441074016157,2.1261357428016,-0.540245530951505,-0.674966149757232,-2.75481121467884,0.160430046247808,1.17464741560053,-2.13526475285135,-0.524609908935589,0.712940997948211,-0.432496643629514,-0.169583114103949,-0.177071443938591,-0.69688343189285,-1.36158527823217,0.032916887700116,-0.183170779859949,-0.413913584070614,-1.15690203197418,0.448435500903922,0.275072137695558,37.96,0.0
40161.0,1.216779357597,0.668538110301321,-0.102961073812229,1.38975665325373,-0.142259400039601,-1.38742799134664,0.295693199999862,-0.258328499883558,-0.0852709139536344,-0.562623360872734,0.312070201177416,-0.0124505656985262,-0.210800151801899,-1.00854583036542,1.04855243739443,0.414772943046822,0.798723220895259,0.374652691322005,-0.704999428491575,-0.124023394552651,-0.0319539136695413,-0.0287030400714812,-0.0774444417558425,0.599711384348567,0.643739792858228,-0.347366213986504,0.0315186486212587,0.0542960600622967,1.0,0.0
50442.0,-1.22349838628563,0.762505326084678,1.97265011889291,1.61541100683494,-0.149377003197759,-0.00840047739702619,1.01605790471448,-0.0341600526614081,-0.521055665894816,-0.0136068155274163,-1.1842395394997,-0.338586559043503,-0.616550038941244,-0.313312300665403,-1.20037128461022,0.649550708276601,-0.606942703603504,-0.567262806427112,-1.22869971637262,-0.438326500914356,-0.303342899448651,-0.746194207068227,0.198816448584064,0.315735796554298,-0.28463827869157,-0.492298305695259,-0.0433930380730309,0.0932739641597282,115.61,0.0
121668.0,-22.2849665240222,4.51212647732959,-14.5569530104171,-1.32144383609179,-15.4859673466267,-0.785817128650303,-7.80855225770191,11.9495304018398,-0.964958345429047,2.02900553848798,-4.56839024646022,3.7099697321666,3.09944254974868,6.38903605663257,0.537531705928726,4.5982777210834,4.18849098311368,1.40008900822532,-2.54876701013454,-0.285949507976897,-0.0101167970477221,-1.46180063444302,-3.55736835402414,0.168614438359233,1.48647992232601,-0.127934822016514,-0.267473984536408,-0.480605761206681,152.65,0.0
61711.0,1.16066907201167,0.0679175932042944,0.565979895670335,0.51469694873851,-0.447235169546539,-0.345165571606099,-0.201503569085947,0.139138995056878,-0.040696249135623,0.0963044001089432,1.67082057731164,0.537628402802358,-1.09037366429564,0.72803096842683,0.707084191588201,0.206471848116236,-0.248937415733014,-0.40744138148377,-0.255855562085062,-0.203445976226826,-0.17979153592787,-0.583105293784708,0.194756349177638,0.184221814162747,0.0448132460586325,0.0985174967733902,-0.02422371391131,0.00462506086713293,0.89,0.0
76822.0,1.26861770216501,-0.744532439596669,1.17104401948012,-0.541837929953333,-1.61147365683366,-0.563005682348346,-1.08584913649159,0.046673980940104,-0.413897685910799,0.562272209584836,0.349436143050611,-0.463511274329291,0.0333333224747575,-0.351862893607345,1.34771133529074,1.04104876746904,0.537765429933585,-1.4527806365494,-0.338885167665525,0.0574753232305353,0.449968415707822,1.24854289692134,-0.0162655607652395,0.658397512155045,0.272980523476413,-0.0538025274927417,0.0511243841570082,0.0298343472134994,24.99,0.0
84176.0,1.05043669997811,-8.702952423029E-4,0.655463555228671,1.4273499761139,-0.378945692839085,-0.0250947515982628,-0.0578504163999454,0.0533289680135507,0.418008986260243,-0.182015088182891,-0.498887488990584,0.598202002058739,-0.0443956002503272,-0.0335356911825171,0.0588013103064381,-0.514858636945367,0.18873600286981,-0.998644554282683,-0.378447109159849,-0.0828291170684555,-0.212419569278579,-0.515802994442547,0.0297246808234426,0.0666200856186347,0.399943165977633,-0.505106926417725,0.0458663313637857,0.0336065687684045,57.0,0.0
91075.0,-1.85506070184998,1.55496360697718,-1.40580882850107,0.669327345741316,-0.280229520106465,1.17865246733203,-3.45997906611492,-2.81515495312599,1.24222876512242,-4.15635447965382,2.20944075185923,-5.12231410931103,0.66129710617156,-3.10393771952109,-2.41086973192388,-2.42501563217886,-3.96062268909989,-0.125017788038036,0.60039728842723,0.536916458029193,-0.0953083066630984,0.94662891847112,-0.297402959067305,-0.368343891207103,0.198731156287359,-0.0785905919566464,0.366709355889324,0.0737667168278096,38.76,1.0
53855.0,-1.15085603696148,1.40729353678355,1.63791764897951,0.610286679754728,0.33075398995495,0.566319274380124,0.194002599956156,-2.72482334799485,-0.429592805099206,0.587094261007807,1.89709370793025,1.07863801759096,0.462345000076856,0.00817155469857085,0.636277332513055,-0.533042680838727,-0.190882556468976,-0.0312496706756097,0.278676637695245,-0.442062320267928,2.32896367693078,-0.191490981579775,0.234187601397959,0.189084871567907,-0.336164015615769,-0.462102646120478,-0.127100716875092,-0.308615822041662,18.99,0.0
27252.0,-25.9424344479142,14.6019980426299,-27.3686502881266,6.37839460769688,-19.1040334039646,-4.68480620428185,-18.2613929340355,17.0525663121462,-3.74260500983864,-8.233721369876,4.6648362538527,-6.52566786025865,0.92375858946558,-6.32597461208273,-0.0702237027595964,-5.83836021908828,-12.0616957125199,-4.77334851403019,0.852969608454831,1.66730429040185,1.78431598423494,-1.91775921336107,-1.23578743924962,0.161104731783341,1.82037804128869,-0.2193590586868,1.38878576213598,0.406809649908512,99.99,1.0
102619.0,-2.48836288474016,4.35901910783724,-7.77640985018266,5.36402677044258,-1.82387723220959,-2.44514013600669,-4.96422092061784,1.48489015991725,-2.94789885841072,-7.17534972178322,7.34365210856032,-10.178995535122,2.14215063066493,-8.98305216762269,-0.473746033414928,-8.14334226244301,-9.78567719982127,-3.08651950539248,3.37971333584943,0.792274684105994,1.32567239039937,1.02122620503862,-0.266476205063069,-0.370880444896658,0.365535186093547,0.081372023747405,0.184983040876449,-0.211582455539506,1.0,1.0
78771.0,-0.928565841440485,0.85561971414726,1.72718731571827,-0.342869312900399,0.389379154252409,0.389263616609215,0.541885497206271,-0.139655525824585,0.153473232266433,0.110059075048485,-0.760999221451751,0.00381960394906315,0.954473651077067,-0.557540212272568,1.39608181221226,0.245906262013988,-0.716117239173536,-0.270571129621916,-0.182071064783476,0.153523357354476,-0.0775732251941066,0.0124926744511069,-0.149747394711736,-0.744574679869974,-0.287158563409567,0.199234574990742,-0.219327058127881,0.00160399620785297,25.4,0.0
38516.0,-1.8844554926913,1.13625307764787,1.65776529831023,1.07750416876419,-1.19065586676366,0.498165947805607,-0.875501658001699,1.40572811803595,-0.414525035629646,-0.0859003250950369,0.878996676404234,-0.0227246682854027,-1.50274336592013,1.0358182923974,1.51780043535681,0.403943866078089,0.158098777718815,0.945608497703725,0.351625642350508,0.0936857897924001,0.242017192888943,0.483251665774968,-0.148124047080383,-0.0324479559056566,0.119278243934602,-0.13963726551837,0.252311832564976,0.0220645609881119,45.0,0.0
39423.0,1.33634634170516,-1.23682858437087,0.260617813458435,-1.31748154930766,-1.42269673366865,-0.578833023606706,-0.862392052067111,-0.130412462244922,-1.85580166401577,1.38251861585681,-0.297443213119704,-0.98816891623324,0.137820313620141,-0.152335042535053,0.884720789504116,-0.682989443278304,0.808405232715505,-0.446728531990683,-0.62512261471872,-0.230519626100073,-0.142271726949837,-0.174994091201751,-0.00412331524491109,0.0585536251720699,0.295753278035024,-0.178220230580741,0.0263290851079354,0.0287710221197753,88.5,0.0
99831.0,2.01625255985111,0.248750730228142,-1.359643872571,0.739868748965105,0.267430057322971,-1.03572111397309,0.102391696060086,-0.327299149875273,1.73831684051035,-0.762784791630567,0.887475845035803,-2.16103171324314,1.6348923542924,0.623994749104641,-0.5232061291005,0.0808912239453399,1.44548232468024,-0.289479725026413,-0.416297882382972,-0.202319313038868,-0.470246172052896,-1.01683896647067,0.412823654720755,0.932597720513096,-0.366486458856591,0.105719636855023,-0.087137523120183,-0.0306806627271601,10.7,0.0
110184.0,-0.232210731153807,1.12101084806161,-0.763895347904938,-1.04320317698202,1.42750132679286,-0.916387948238267,1.46439731737795,-0.354572628984018,0.724435852439897,-0.578944769393128,1.75195024741306,-2.11533249833812,0.980775592003254,2.37338572161201,-1.48061762275867,-0.529785415449319,0.133008528285448,0.354334522127666,-0.113258769612711,-0.127069628255575,0.160036333614056,0.795274263260831,-0.193645122030751,0.689714580055376,-0.383810841346456,-0.0118450564447608,0.237713684237754,0.253087875917309,20.0,0.0
65385.0,-2.92382666427262,1.52483716405302,-3.01875803326242,3.28929147538496,-5.75554237361289,2.21827630310359,-0.509995431790455,-3.56944356866613,-1.01659168855188,-4.32053577559936,1.27720226474415,-3.70174966668488,-0.97186959353265,-4.85777667212588,0.0906055221312176,-2.80150199048762,-4.18680753704806,-1.64840609367465,1.1764455977519,-0.447039406719925,-0.511656805196235,-0.12272408639124,-4.28863899895194,0.563796657800838,-0.949451350280346,-0.204532177495445,1.51020648735902,-0.324706012560446,1354.25,1.0
74236.0,-0.62661051147459,0.655996609120161,2.51006000394616,1.19251343629693,-0.525944212664041,-0.260054569073242,-0.0454128565625884,0.0704607125401679,0.184510590925142,-0.347212247931974,-0.50553242675557,0.592353164021414,0.609492112390307,-0.542961010884909,0.227421739550844,-0.431222147954333,0.0813440281996432,0.00383880452016183,0.497415962875834,-0.0219355175156377,0.0826529292257677,0.461283651187236,-0.115022703709525,0.750552520565638,-0.411236879692883,-0.419375756669316,0.114868944413424,0.151383701320766,9.99,0.0
65936.0,-3.5934760029271,0.78144226309285,-1.82244751422669,0.605760683474701,-1.19465586719981,-0.517194856719497,-1.72252312325165,0.128889523769538,0.0149633080909052,-2.85611682977408,1.61826162043188,-3.58137450130299,0.623706919914784,-6.16045662030601,0.494733399107095,-2.54310504010287,-5.30127339068683,-2.19271270602319,-0.09472379272847,-0.478219313417121,0.351792125839819,0.391248950287018,-0.252874890557857,-0.498042480147132,0.0101721931231225,0.909928721553306,-1.47876724603751,0.722673039450917,101.5,1.0
50046.0,0.990063065742964,-0.045649676312117,0.442809474819085,1.3781521179816,-0.271620390546963,0.0370634458413164,0.0370111975683888,0.11315056915751,0.0416037903593601,0.0218438461844938,1.31072147503006,1.17898651244037,-0.447821401344158,0.329732273960185,-0.779859488970147,-0.569071517018354,0.10111401255212,-0.512317975524216,-0.173302982644863,-0.0761651445884278,-0.0022386492153076,0.0458083711280278,-0.100768967805729,0.229660920146903,0.576273496550888,-0.348065697574079,0.0236167950812451,0.0179114506336255,69.0,0.0
64470.0,-0.457170771758744,-0.721109908680985,1.46678233520667,-2.46765916707907,-0.59895510444132,-0.619750592750347,-0.308601039349253,0.0111772939708594,-2.61537684442168,0.948520497102505,0.783817150604291,-0.311331928129071,0.735045487346194,-0.3149878646241,-0.719344878524063,0.139390350203604,-0.172056758942265,0.45290629293647,-0.266881051971115,-0.141621987361335,-0.248238600794653,-0.617267039449082,0.239603737280288,-0.0628028529285041,-0.590013599110903,-0.693417718076463,0.127026796497844,0.155077800446379,55.0,0.0
59201.0,-2.49223105210199,0.659713774873628,0.296499993995737,1.35144134976659,-0.0899174672734381,0.464203374370708,0.205143930938456,0.588667283810034,-0.286577913924464,0.418900659847049,0.681707640626665,0.969707474714623,0.0477694307682136,0.357288834677334,-0.354555605056147,-0.698686154811476,0.395109435877742,-0.0970033463286419,1.25201390537262,-0.665288730753374,-0.120277320877138,0.401440779859429,0.308515386323385,-0.262424150507722,0.0431144956414397,-0.269579791395247,-0.469857455238762,-0.079608318598509,82.89,0.0
94746.0,-0.486883188546347,2.0731036240223,-2.78976102879319,0.977301666195251,1.39054305088223,-0.768845929188341,1.03067705000877,0.205852947597857,0.286629527917252,-0.0057013604504878,-0.859273691076046,-1.89377493647248,3.03146191896685,2.54454157954002,-1.24644339156553,-0.957411092400194,0.673500279253351,0.256069935205994,0.529536978748733,-0.0767776682463142,0.390120457679521,1.54182067095213,-0.0862711450178152,0.118968536185333,-0.901092367860524,-0.403953440021537,0.327422187932365,0.303648897643596,25.0,0.0
84535.0,1.24634366968286,-0.433819595041717,0.884047615413091,-0.714852094560742,-1.3125259787011,-0.850185795505372,-0.652403292729184,0.0338324325812287,1.99968203106771,-1.04531241976203,-0.643338633272431,0.114484532007928,-1.21533698907959,0.084803256675875,1.4014642765905,-0.385899897378831,-0.0795520956677306,0.333547906467807,0.565850400404446,-0.200878924202028,-0.0261894981597649,0.117117374746951,-0.0221947421026934,0.371792151902051,0.46111201566929,-0.682320794174443,0.0859591281722369,0.0327194251838,1.0,0.0
8169.0,0.857321003765953,4.09391182702914,-7.42389358948559,7.38024451788662,0.973366022888688,-2.73076151658057,-1.49649705633444,0.543015172692922,-2.35119015933267,-3.94423849794435,6.35507773663404,-7.30974798382371,0.7484505505775,-9.05799252943745,-0.648944909074786,-1.07311652692728,1.52450091526025,1.83136353283608,-0.0897244112241547,0.483302650495284,0.375026285129017,0.145399853347782,0.240603265009756,-0.234649222710157,-1.00488094720044,0.435831916241838,0.618323805168482,0.148468944379397,1.0,1.0
63186.0,1.27903451020833,-0.760953041129615,0.496846347797197,-0.871405175872978,-0.941793758842497,0.0021957270458738,-0.893249665818634,0.202802063994925,-0.763590600358216,0.751272693143132,1.2394905294564,-0.46840668801886,-0.910734187525694,0.203468447115355,0.607074718331122,1.37119009446002,0.14129927164182,-1.13300517873216,0.576245225973177,0.0525651571762637,0.0533832528598492,-0.0744691731262977,0.0652764226153858,-0.339385776393572,0.136228697938245,-0.378400787077018,0.0172821210095006,0.010209118458893,38.0,0.0
93856.0,-6.75050851563533,5.36741605145469,-10.0546349530569,9.06447791765316,-7.96811808353808,-2.26379841398236,-10.317566180676,4.23766573099145,-5.32410880613734,-11.0923923688428,7.15408284221914,-17.1504052507291,-0.0953992277686904,-11.0301103643432,-1.95905455483077,-12.4485623424367,-22.6679054064789,-9.26460873295655,1.9823563171714,-0.0812198922441237,1.90903201764938,-0.34873973066671,0.425000563135111,0.674908669807175,-0.784208393488163,-0.247422102935353,1.1595813739152,0.197817874685768,209.65,1.0
40918.0,-3.14025953779538,3.36734230912012,-2.77893140701488,3.85970067435928,-1.15951836286203,-0.721552487906327,-4.19534154281433,-0.59834584749232,-2.87014477203106,-5.29061006200618,3.82376208408163,-7.49227616878309,-1.52436747989794,-8.52767862203589,-0.391214524543396,-6.18087991000233,-9.6988394108884,-4.81823334077503,-0.871581688476025,0.0777814455070256,2.45233850455703,-0.292962575086153,-0.189330326319261,-0.166482104307702,0.0380396237066075,-0.0154765350217125,0.776691265853111,0.397557490298277,0.76,1.0
44393.0,-4.61746102917986,3.66339525318756,-5.29744641020372,3.88095965427288,-3.26355091342907,-0.918546733700683,-5.7152620778107,0.831039550183167,-2.45703377841015,-5.72681709632961,3.52572598717089,-6.48911156043177,-1.01279063167124,-7.05231095228929,0.78444540329242,-6.77397674966222,-8.58807007314333,-4.51089174541971,1.14787783834912,-0.34645583270524,2.69817489528664,-0.0270808907137453,0.366775230313112,-0.123011441662663,-0.300456526768528,-0.239996239629945,-0.183463054061235,-0.0733597031884566,1.0,1.0
93860.0,-10.6323749061596,7.25193622855414,-17.6810718207918,8.20414440620562,-10.1665907519072,-4.51034377036334,-12.9816061559658,6.78358879797499,-4.65932958355558,-14.9246547735487,8.38914233451929,-16.4655039422141,0.33851695978655,-14.224403603167,0.556584472572111,-11.683998043525,-15.8416159780561,-5.75319975278369,3.81304079276336,-0.810146481561289,2.71535704420309,0.695602689761576,-1.13812206664164,0.459442241911828,0.386337323495895,0.522438449202614,-1.41660373652915,-0.488307035713995,188.52,1.0
79638.0,-0.770036058010195,0.364474872035039,3.00896734784128,-0.411207110327213,-0.151589786085629,0.140352240381047,0.0784239382200935,0.0130868100931918,0.418101862338798,-0.76874618973231,-1.09111233746356,0.196619036955838,0.99039981401956,-1.03608583211012,0.276077723712155,0.687381988886074,-0.961695091545226,0.419640208528361,-0.638836532544798,0.118202486681037,0.169916793925863,0.744242653417792,-0.446711358229382,-0.0400136193875119,0.343337850032805,0.431892862935833,-0.112260985386971,-0.149787956289289,8.4,0.0
116234.0,-0.871556666982478,1.64690839531384,-0.880262930299193,-1.05584156220894,0.987686030833762,-0.317394082242006,1.05385622684165,-0.202446094273782,0.96300191777591,1.64485817033711,0.0125067436011596,0.0105057620386059,-0.436928675874279,0.105955759271444,0.0335784744240909,-0.174668495863716,-1.15944178398839,0.855743045410123,0.497403556931734,0.707757165577106,0.157397813719443,1.16469174788902,-0.242273512638528,-1.09080693949598,-0.485611628677676,-0.175206795558967,0.865305943944159,0.377228343188574,0.89,0.0
57027.0,-2.33565492855671,2.22537994112476,-3.37945038583039,2.17853822878821,-3.56826371512658,0.316813583664713,-1.73494800330036,1.4491394338594,-1.98003348126993,-5.71150474047788,1.83721490161197,-4.5403416445233,0.747845860345767,-6.28431406964108,-0.128887216546494,-3.5632394063049,-7.36832064555377,-2.69295315786876,-0.450550113544917,0.274027122680488,0.78554012192761,0.29741198434836,0.308536146370564,-0.598415746387816,-0.121850330815637,-0.491018310202025,0.701606041424924,0.206966343288918,444.17,1.0
109298.0,-1.00061051985933,3.34685000184439,-5.53449117133595,6.83580203854396,-0.299803293657807,0.0959512989990878,-2.44041927394713,1.28630119597073,-2.7664382829404,-4.45800770078481,4.69653339192897,-8.76211333956078,0.985826601093264,-7.32027202211023,-1.06384045772504,-3.37112471078725,-4.25115786762875,-0.43005729986925,1.80401333906519,1.18981379228675,0.439756764345897,-0.694099203587273,0.299660329499667,-0.657600627722995,0.101647558980344,0.430457439169415,0.824685450418745,0.326952273050223,186.13,1.0
116820.0,2.00152603433985,-1.15108193595772,-0.508726364777632,-0.937161880807656,-1.01631330388408,-0.255557919705039,-0.951407519322017,0.00810872778825932,-0.232824961481707,0.828436561169345,0.822859542031058,0.472764867819326,0.672235971776838,-0.34258725179667,-0.458110110319248,1.47507061466116,-0.214100421007136,-1.04948037263406,0.936906223051202,0.14477449547674,0.0375654145372282,-0.0277140617557409,0.277057140696827,-0.406645565358188,-0.508529646102237,-0.487686809340417,0.0022336981363443,-0.0414949583465826,77.0,0.0
7672.0,0.702709900098753,2.42643280600508,-5.23451329584052,4.41666124290876,-2.17080621591773,-2.66755356121463,-3.87808845483572,0.911337122229195,-0.166199039175942,-5.00924850212751,4.67572941865677,-8.16718805173089,0.638559282180499,-6.76333439062322,1.29686025605627,-3.81175840977789,-3.75412806618729,-1.04917740227906,1.55419726345897,0.422743129198702,0.551179689117248,-0.00980235731325313,0.721698230069415,0.473245751402033,-1.9593037711687,0.31947554010746,0.600484916486359,0.129305225096566,1.0,1.0
93731.0,-0.0356452994562473,-0.13938687903822,0.339134401033047,-1.49497623442333,0.318468405375223,-1.39100495336505,0.27662547892359,-0.329313410047247,0.363875256067147,-0.252763974127455,-0.237631155003818,-3.57324577485996,0.878262949348078,1.38114168217563,-1.7326928109873,0.570222811818168,1.07757859645913,-1.3869305859428,0.485958147946568,-0.0236262231814406,-0.00398767020057702,0.123014515643568,0.161820954952559,-0.0332049171613605,-0.998618096304775,-0.551167565809624,0.172632767521345,0.234406534501946,15.9,0.0
55091.0,-1.49844003669746,1.28804394839608,1.51246953267464,-1.64074844945666,-0.157623238961204,-0.438386595464824,0.57765747232765,0.0791387798236047,0.702089204152936,0.854838149366058,1.69781015227074,0.429562032662987,-0.760703428594117,-0.187166716467776,0.197464282721149,0.304662834352302,-0.678084031854467,-0.387992149987201,-0.944603257047405,0.544349564873421,-0.169932573994366,-0.0303677603430163,-0.016094098346189,0.226112101457083,-0.313176443907854,0.710858340245111,0.528525685584849,0.179872290176111,3.84,0.0
73582.0,-0.531898861016417,0.714833188790439,1.25931110418677,0.735170585210818,0.0422373787781363,-0.12011073369343,0.925475283958868,0.0510460257092937,-0.848426409470159,-0.160777415140928,0.713128423574549,-0.200969302817306,-1.12761959423346,0.749441916919386,0.525831415664697,0.0320032811448159,-0.469829359520933,0.884837731684867,0.872226295645091,0.167287785038929,0.196783144827103,0.350976963105363,-0.0943536100817348,-0.0195982106803158,0.104660106703048,-0.267877368089713,0.0846768527548418,0.114717906212939,92.98,0.0
72541.0,-0.728346766478749,0.859475713618216,1.91388296235684,-0.500501674040187,0.546225378673507,-0.576587053124886,0.933433543584028,-0.121728352139611,-0.335224330547164,-0.862142759285992,-0.161344868333269,-0.68609498228461,-1.06199013607305,-0.393354995884718,0.917456939453905,0.301098229941406,0.0191064019644857,-0.545462163298816,-1.03714218775135,-0.0813153139936856,-0.267688743508771,-0.744158256350767,-0.180107122037381,-0.00624228559604571,0.0891211426076692,0.0145778491460443,-0.163048785583461,-0.155057834435646,1.98,0.0
118603.0,-6.67721162487866,5.52929920087665,-7.19327456474359,6.08132107951892,-1.63607097105033,0.500609583298219,-4.64077020758754,-4.33983969614375,-0.950036405131991,0.566679814004086,4.3150759158968,-4.93828359985114,-1.10570973729343,-8.49081262174082,1.00362574598099,-1.94912326096651,-3.09301268981888,0.124087074705575,0.886746966076448,-1.11868675540655,5.56330066446813,-1.60827196122017,0.965321595694456,0.16371797930961,0.0475308707267175,0.466164782963216,0.278546743051982,1.47198811731278,105.89,1.0
35771.0,-3.21895201068387,2.70853541135777,-3.26304158740062,1.36186594394607,-1.64577567536596,-1.85298187130258,-3.06995821412732,-1.79687585578416,-0.213356097435365,-3.55198400939375,3.77974953895486,-6.98477147722078,-1.14097718858781,-9.37787845231763,0.921463506707037,-4.65207119462111,-9.09423129737693,-3.08254995409724,0.132330776389272,0.571654488206511,1.80787725006384,-0.890421395077162,-0.325814386573867,0.123039596922715,-0.0930137472776971,0.232105969675678,-0.310518998304807,-0.745294626799623,60.6,1.0
63440.0,1.16193303673547,0.0200220679084028,1.2177909703556,1.14988029048956,-0.999501664126777,-0.454604229867951,-0.560328877753375,0.0565777766553518,0.61643193163764,-0.0451072165659042,-0.508986426697034,-0.00936805808221273,-0.225081893166958,0.0354112612512516,1.50572576914736,0.668523509964173,-0.67867003996396,0.419609073270689,-0.66489181748305,-0.12378668808222,0.121595826349966,0.357521603799785,-0.0177073047754567,0.378436623844178,0.331653797689411,-0.362936228005327,0.0608935889496668,0.0414941731231252,15.0,0.0
93387.0,-0.859190440881405,1.67903111840282,-0.341806810697014,-1.29915611354583,1.62711456975431,-1.39411855797744,2.33179669482516,-1.40799506640205,1.98613247385219,1.60512661051494,2.42955172869328,-1.80339307714173,1.96024811021689,1.00828980117148,-1.51315967667566,-1.00160128397313,-0.396110292973357,0.0634250045119996,-0.178329351916296,0.652581198563814,-0.146231945644894,0.964662263844187,-0.288244735855533,0.0764819846674556,-0.253833791894166,-0.0950442606278976,-0.108634804856096,-0.416838832728398,0.77,0.0
19512.0,-2.52200077871798,-2.45826779901419,2.37639755113038,-1.03426893929838,0.913951897292246,-1.09402276530188,-0.292356588354338,0.0249869619161218,2.74749675002805,-2.08599438176713,0.450139483274411,-2.3283437855372,1.00945513112898,1.14650067494646,0.397578597356061,-0.685162700566217,0.585928534891335,0.468341558661919,-0.621217621359903,0.943049888397163,0.32472599480022,0.483740148897653,0.542590094159514,-3.32319287930914E-5,0.684719353388792,-0.659185468303916,-0.227766321539808,-0.100118960056551,257.4,0.0
93853.0,-5.83919161928092,7.1515323543223,-12.8167600806187,7.03111476501099,-9.6512721679897,-2.93842725771624,-11.5432071690832,4.84362653179436,-3.49427572506535,-13.3207888671784,8.46024444901677,-17.003289445516,0.101556614891384,-14.094451660329,0.747030766392512,-12.6616957230679,-18.9124938172188,-6.62697484523061,4.00892074227194,0.0556838813863639,2.46205591127559,1.05486518382957,0.530480596078193,0.472669814042592,-0.275997967880675,0.282435024801752,0.104886020210564,0.254417096767513,316.06,1.0
113316.0,2.11365193871618,0.176340982707857,-1.92185168484288,0.285359848330229,0.720812221405222,-0.558816430317928,0.204411977362716,-0.227181465603057,0.463414810200908,-0.390559100466052,-0.978488459257467,0.205397771656467,0.608212987863989,-0.966330084710789,0.195838247806228,0.454226831416787,0.249848284512271,-0.185008521459054,0.255129969328068,-0.109516174532037,-0.39526117442459,-1.00824692761526,0.267068499286756,0.00223056171771954,-0.17025382825863,0.20392521383074,-0.0604842193541563,-0.0350074638144579,1.79,0.0
39650.0,-0.935968851854286,0.223546332256401,1.91219945966711,2.99452269689719,-2.87760023535606,2.36790971964913,2.60521358244224,-0.294640805128237,-1.02502880944201,0.53228932551075,0.926263989743908,-0.217564847553984,-0.279581060405366,-0.300009958467629,0.359055920792193,0.410959580731692,-0.366591855171916,1.05190161234692,0.985946973226056,0.301471072796281,0.1719385143529,0.828975815399726,0.191442938153515,0.35843725408324,-0.193597559911959,0.29061022492034,0.114407596731697,-0.257318766921138,631.86,0.0
61262.0,1.12964953161603,0.103835147791049,0.46195429484366,1.21301467403133,-0.560587535190758,-0.709805375030556,-0.0568823995430506,0.0286077935033791,-0.0188354559354854,0.27597696482249,1.15825123570238,-0.02513255826944,-1.8661959236374,0.898205807092502,0.420097004990793,0.372860209569721,-0.54582435743826,0.582764352223521,-0.258047718132508,-0.204248239243917,0.129209446838271,0.245097524338836,-0.096052159063878,0.491546827033569,0.546908544435285,-0.30707043900872,-0.00138474442554016,0.0141475448204903,27.85,0.0
42474.0,-3.84300903438536,3.37511020399082,-5.49289319668564,6.13637764344382,2.79719546082743,-2.64616226518954,-1.66893106391951,-2.61755205155675,-3.94584260288362,-4.56525209408734,4.09721607443527,-5.4509164388957,-0.965692752165388,-10.9044588731508,0.526947764497797,-1.13975413041553,0.835639563488731,0.389774231161906,-1.43960797610281,0.0547955667305956,-1.2778115827927,0.719652000906672,0.451125175067876,-0.25809365058648,0.656129466667281,0.556676326289228,0.739383212515096,-0.203049673816441,1.0,1.0
14332.0,1.07195037828665,0.340678199005271,1.78406769114042,2.84639593157536,-0.751537865151711,0.403027674110204,-0.734920373035831,0.205807411912726,1.09272622481687,0.286087550395668,1.90771826763967,-1.48096834984976,1.75119859468016,1.1906697429405,-1.77797217609807,0.718800549265357,0.130063793282836,0.477206995592158,-0.834333876162065,-0.190846789084766,-0.169632092117249,-0.113604112017646,0.0676429643818148,0.46866856561148,0.223541407235149,-0.112355485378614,0.0140145948191272,0.0215038832231833,0.0,0.0
20451.0,-15.8191787207718,8.7759971528627,-22.8046864614815,11.8648680803607,-9.09236053189517,-2.38689320657655,-16.5603681078199,0.948348594786058,-6.31065843275059,-13.0888909176936,9.81570317447819,-14.0560611837648,0.777191846436601,-13.7610179615936,-0.353635939812489,-7.95744722625995,-11.9629542349435,-4.7805077876172,0.652498045264831,0.992278949261366,-2.35063374523783,1.03636187430048,1.13605073696052,-1.0434137405139,-0.10892334328198,0.657436778462222,2.13642447085514,-1.41194537483904,1.0,1.0
39729.0,-0.964567282813312,-1.64354066791439,-0.187726849232163,1.15825311047012,-2.45833564593802,0.852221660377025,2.78516254594393,-0.30360853861401,0.94000553101046,-1.96530880945923,0.159743522312315,-0.490697387341298,-1.1819769933833,-1.95887596969497,1.15274328622613,-1.34126935794233,2.49832484974359,0.777831088916474,1.4060448737262,1.78444933498197,0.447180121733859,0.536203895046365,1.63406050110051,0.203838849073356,0.218748854725954,-0.221885828382479,-0.308554718022245,-0.164500017914328,776.83,1.0
29753.0,0.269614090485094,3.54975512877325,-5.81035344453706,5.80936957402456,1.53880793351049,-2.26921913566818,-0.824203333436328,0.351069915343584,-3.75905945636624,-4.59238980599474,5.47939151009669,-5.65785754091816,-2.6480760898503,-10.3848897408947,-0.225946407826958,-0.701882908954806,0.409735840500415,0.939603694029483,-1.95429995537505,0.310524633435283,0.371121111209288,-0.322289520392532,-0.549855883222537,-0.520628958812409,1.37821038664663,0.564714292689441,0.553254713878568,0.40240000915925,0.68,1.0
90676.0,-2.40558049004183,3.73823496480673,-2.31784304058402,1.36744244056479,0.39400112765787,1.91993798476143,-3.10694204753682,-10.7644025337266,3.3535248599039,0.369936028027435,0.382172176843061,-2.26293253493218,1.21060458321664,-1.88061870491121,-0.934160416330735,0.235476804417352,3.32156931100987,1.90627082950488,-0.581355690647057,-2.14087382269319,10.0059980130045,-2.45496409501601,1.68495694696092,0.118263083149952,-1.53138011163519,-0.695307571119466,-0.152501562016877,-0.138866256312262,6.99,1.0
84789.0,-1.43086372778891,-0.802528699267131,1.12332029999445,0.389760264731692,-0.281213534404278,-0.055123492429819,1.32623248909333,0.195699815379613,-0.546889550453909,-0.71347376073502,1.27462907751277,0.0236821347785728,-1.52169610821701,0.727242085814848,0.166504662441577,0.348037591565135,-0.5663900830288,0.216016101767291,-1.14037564250718,0.634184289933654,0.325575470468413,0.0140018451191784,0.844946015847872,0.114962884542335,0.156364810543393,-0.619437446641754,-0.120351072821334,0.0355941733717493,354.33,1.0
62080.0,-1.59945740179415,2.60772002929222,-2.98719294171061,3.06415614684784,-2.49791431686821,-0.54110279282052,-2.2777862276701,1.26816610842127,-1.99733105335741,-3.83477508791878,1.11335409263987,-4.97692104108215,-0.795530934675206,-4.54955674371782,1.81376325403563,-3.17746049642958,-5.36934877847861,-1.1214541569793,2.03059193793375,0.22533293042937,0.662933039629134,0.184086858369512,-0.0894518031771282,-0.505999935132595,-0.0622588885489331,-0.0527144132804191,0.322854004983613,0.135267636745646,180.0,1.0
46057.0,-1.3094413460044,1.78649494921925,-1.37107024042555,1.21433549160762,-0.336642221570741,-1.39011986486896,-1.7091091066305,0.667747590382643,-1.69980879955917,-3.84391103993778,2.96259879138962,-3.95604520140947,-1.53923191944683,-4.63463139323434,-0.248403490673103,-2.05855138409951,-5.63549400383391,-0.775271204300359,-0.23930965408033,0.253464129147281,0.533521286327158,-0.0221799534199139,-0.299555851230085,-0.226416167090146,0.364360460778096,-0.47510178544057,0.571426303828437,0.293425836896259,1.0,1.0
83562.0,1.28761541116318,-0.434313463057738,-1.4508538341193,-2.03660281219844,1.82605719759098,2.88624025725931,-0.486260920398327,0.710461492297083,1.00628463651766,-0.912478579535037,0.105878176981905,0.481742558075343,0.0151929428914828,0.522690814942706,1.88820725083762,-0.187339668357127,-0.737648595046481,0.417828630525153,0.896523510091724,0.0805851708653256,-0.0861070962330139,-0.358454638579233,-0.116643377116158,1.00507250520094,0.779288623315761,-0.747421302137764,0.0475329692375843,0.0243190384457756,38.71,0.0
84204.0,-0.937843305478391,3.46288948991687,-6.44510395393435,4.9321986662268,-2.23398306982245,-2.29156112129773,-5.69559392853253,1.33882463362261,-4.32237655329329,-8.0991193981365,7.18296700883659,-9.44594338249901,-0.314619967520224,-12.9914655817567,-0.136358931959623,-6.36752437517144,-12.7343938853776,-3.84512965889743,1.00766725992114,1.12953228130351,1.06655024941577,-0.521657289347299,-0.319917292909547,-0.405859088093617,0.906802159957716,1.16578389011737,1.37449533233535,0.729889341911333,0.0,1.0
16934.0,-0.985278489207171,0.609858051654467,2.7519127106318,3.1711358964845,0.0442167833176712,0.600639982862619,-0.388923270589761,0.182110589763746,0.593748259052983,0.240467854991662,-0.435428929764759,-3.40313918708386,1.25115992889031,1.20777023571481,0.346662255182553,0.18425545305517,0.673410340841303,0.96657178462186,0.792501096579743,0.12238361332715,8.11638218775293E-4,0.257969672667027,-0.279823947939624,-0.161098980381066,0.121664951741604,0.375022408156251,-0.0416647164040751,0.146634143293574,44.99,0.0
78253.0,0.945722144049813,-0.458509235774789,-0.373039842405415,0.0386013083321616,-0.287379619347681,-0.82133157132661,0.470846338558338,-0.182799436173295,-0.257674511041701,-0.00948414927038254,1.09995938289179,0.383807120164796,-0.841510819490543,0.856572460243097,0.224605778540407,0.383385486726906,-0.485648861078477,-0.255363781654934,0.639870399078519,0.252127107271273,-0.254420882691202,-1.25252182442596,-0.0493657453423905,0.023464998861656,0.128115036890594,0.690735330747852,-0.150985102999485,0.0154466826998042,185.0,0.0
55760.0,-6.00342167645829,-3.93073139597263,-0.00704545511728066,1.71466918264498,3.41466660221529,-2.32958262254194,-1.9015116901208,-2.74611109114189,0.887673207764977,-0.0492328559624844,-0.153131026660117,-0.814309846145704,-1.89479558623308,-0.83148260879597,1.38728869521525,1.18890675852063,0.536817322665437,-0.0514032140040002,-1.23138550165184,-4.12818582871798,1.10167131666753,-0.992493706726384,-0.698258928361953,0.139897673540465,-0.205150795631722,-0.472412262665941,1.77537805651063,-0.104284625925588,311.91,1.0
81512.0,-2.06484034934107,-1.6545850864614,1.22843699028907,0.465607097104797,-0.0409205495619021,1.2211283986048,1.20905980381157,0.315053450244207,0.156722518851865,-1.17987335114282,-2.06840472038869,-0.607403103251769,-0.0781909598550428,-0.290493398621582,0.397044261041657,0.651606769093851,-0.898437071619192,0.574950368638991,-0.965078064909602,1.16345578101987,0.507340239439584,0.430126610847773,0.903222672919676,-1.39741053751676,0.47956788735269,-0.293143867544236,-0.058737731347616,0.156919762701596,500.0,0.0
12093.0,-4.69679522444504,2.69386747884008,-4.47513271259153,5.4676845487781,-1.55675807549758,-1.54942028904253,-4.10421487278526,0.553934075416293,-1.49846813107494,-4.59495176285009,5.27550585077254,-11.3490285500915,0.374549235103921,-8.13869488434773,0.548570894168134,-6.65359434741365,-10.2467554066001,-4.19106626655491,0.991486122257293,-0.158970548660611,0.573898081112651,-0.0801627753981571,0.318407817148194,-0.245862202650853,0.338238431564141,0.0322706213908033,-1.50845793363219,0.608074682590101,0.0,1.0
83734.0,-0.760214366980717,1.29297852217607,1.08435482678991,1.33542192284251,-0.135575941339111,0.00204479017144424,0.268809397544484,0.529612861467586,-0.472131554693856,-0.331606901295146,-0.76069158257244,0.344392562862014,-0.0433245004027825,0.323512869391721,0.172220648919044,-1.10124668149318,0.79673924507165,-0.648235442972404,0.716925155742314,0.035300761028608,0.0104207310063032,0.263376733678205,-0.0948840570369036,0.0864127873820322,-0.0646830682309022,-0.22110320788896,0.304824126762891,0.138118425846794,12.13,0.0
92941.0,1.94904246848942,-0.346374974263978,0.283625072050879,0.539578729649394,-0.856081462203765,-0.22955762037332,-0.942224597198604,-0.0504043427011149,2.46316373644499,-0.431873018361851,0.568430573080549,-1.48901830274833,2.90704033311585,0.895934646449048,-0.0752021185923144,0.502089863751709,0.143273930212304,0.0787294374829028,-0.649631108694957,-0.117196858211861,-0.0817644878438149,0.167917024375619,0.393412473442292,1.14220889730082,-0.616229792525577,0.379621402744995,-0.0373253720376813,-0.0298374369395517,15.99,0.0
43186.0,-2.20627571823247,2.01911582805561,0.705150294631693,0.831982210057044,-0.143385910418164,0.25727160009043,0.470307779470697,0.340025580915093,1.01648010115611,2.3582947448536,1.10344918752934,0.295847629801929,-1.27279372402882,-0.212588237324971,-0.218255018621601,-1.16920132155272,0.299998703090802,-0.193004272991992,0.86657722158851,0.784166045025841,-0.343343292100242,0.262574877470952,-0.0880618304076294,-0.00546714970258163,0.114743099454142,-0.310899410994256,0.20778227670051,-0.495125045020032,11.65,0.0
51629.0,1.07835011595361,0.515282345214179,0.503572725013731,2.67203422286015,-0.201343648340396,-0.0856184151015028,-0.315537014627131,0.208464181498273,-0.280451835724573,0.115024848509974,-0.2286615153428,-1.1015391563651,-1.48989047396421,-0.946320154772471,1.32633349748691,1.15947182849825,0.644522302081585,0.396351868059278,-1.75832939588071,-0.197648649560817,0.0514677417678364,0.071345466151402,-0.0201245319201639,-0.0891004298963903,0.270341067962926,0.092419072399582,0.033396859349373,0.0562437650387891,20.0,0.0
62486.0,0.91322357040618,-0.825023027691278,0.768908634376433,0.262839949939125,-1.01461722996638,-0.0155651960283174,-0.34391671183747,-0.0346202564507827,1.0219969972879,-0.570003749693418,-1.01396196544329,1.11321483853073,1.39665607580364,-0.805516049421576,-0.388626848591243,-0.0139840380019281,-0.105290068835458,-0.602144903920768,0.589055926955695,0.373659978921848,-0.146759343027672,-0.48775153659084,-0.149776221472655,0.00402338242949994,0.183127248485908,0.950849724874582,-0.0584333882567169,0.04214910117222,181.44,0.0
17187.0,1.08837493830851,0.898474023721059,0.394684329076182,3.17025757451452,0.17573879687403,-0.221980885195245,-0.0229887284923858,-0.0108735366656839,0.860043617194172,-0.592472935320844,1.07272839973578,-2.54755681422931,1.23595005675711,-0.330305803751441,-1.02235437464957,0.335642172519614,2.29899822072815,-0.1620962094812,-1.53270721248432,-0.217358192249005,-0.423553904215867,-0.800852284805578,0.0776144554303444,0.167608452574198,0.350181817443194,-0.118940929478619,0.0129477659306532,0.0542542721018558,3.79,1.0
44532.0,-0.234922308660103,0.355412643473604,1.97218278594888,-1.2555927126284,-0.681386509254345,-0.665731671302037,0.059110489686438,-0.00315327709103439,1.12245113562848,-1.48124586053984,-0.473852105914046,0.9221844195147,0.913513839827119,-0.499349578859305,0.933898442932603,-0.560471962989049,-0.207706529097452,0.380541571066627,0.574335960915453,-0.0034694628125566,0.220670430492642,0.912107214037724,-0.286337679755902,0.451208246513352,0.188315252003614,-0.531845781256926,0.123184687838547,0.0395806345060398,1.0,1.0
93879.0,-12.8336314219519,7.50878980635543,-20.4919522106577,7.46577999198461,-11.5753037055975,-5.14099947650773,-14.0205637048257,8.33212047126021,-4.33771253089739,-15.5637913387301,7.61081978841573,-15.5923232225286,0.504789055226229,-13.2478885958622,-0.796526030140245,-10.3423283585648,-16.0445243414767,-5.8821359384126,1.57369789640089,-1.37892322363159,2.96684240389381,0.615344322057327,-0.766494757432984,0.431261005079751,-0.104974994617143,-0.0100913270781415,-2.4008113496639,-0.720556600051925,104.03,1.0
76575.0,-5.62246941906299,3.48062317879011,-6.20067659397487,4.31123366835313,-5.22628632428769,-1.34176357284987,-5.22094094197327,2.68284353707778,-2.92148438224053,-6.56125741097377,3.21126387844398,-6.86166051434144,0.326461834627394,-7.7552536640417,0.50465219263742,-6.27661678567251,-10.6117146970978,-4.14677374512684,2.19728771323892,-0.156288522686099,0.949568986169808,-0.428985749759671,-0.35067550041691,0.197549503550848,0.15923422951036,-0.377790861014248,-0.213561786254573,0.459528918054306,219.8,1.0
39388.0,0.969442458019632,0.621527522200976,0.0776244205186352,3.56323223868947,0.506671119168276,0.00745068565344583,0.639703496874583,-0.0929696404498772,-1.9194326330621,1.37547993265129,0.758040688072629,0.34175029095396,0.133703608674916,0.663041728196312,-0.837871786095519,0.994521251679317,-1.00562268558392,0.0664987350373135,-1.0353297134603,0.0540688347102564,0.0760649015640991,-0.106311334962381,-0.23291296436345,-0.014020010637302,0.68465752378851,0.0550160922092313,-0.0640708255536784,0.0180251884546475,105.11,0.0
58808.0,1.24051375563239,-0.158958748574794,-0.912624922363019,0.196461492875915,1.96023272521129,3.78157986217991,-0.674379458381665,0.93023774678137,0.478781825210402,-0.119064569764986,-0.626735779464424,0.301880197006429,-0.200392871691505,1.58871160112162E-4,-0.202435262677025,-0.0904709038182484,-0.489382160618776,0.0618043542282615,0.388423215307213,-0.0286762998262861,-0.13111131899491,-0.28652572036628,-0.143237127689845,1.02024832130284,0.865762043131791,-0.299441738192301,0.042830806961769,0.0170014518168726,11.5,0.0
110547.0,-1.53281036094493,2.23275183861699,-5.92310007493809,3.38670841159996,-0.15344334000728,-1.41974768064009,-3.8785763388613,1.44465586239817,-1.46554214173397,-5.20833459337633,4.54630106888309,-7.76119403219115,1.15954032168956,-5.23161145654992,-0.171642119460071,-4.71982949844975,-4.84799196061678,-1.13432874514983,3.52773827223549,0.520839865969216,0.632504705856676,-0.070837950713368,-0.490291315112446,-0.359983126080465,0.0506775325943162,1.09567132878655,0.471741401676933,-0.106667140739625,0.76,1.0
96291.0,-3.55217282034342,5.42646054559111,-3.73181031980956,6.67906180701896,-2.18754337884152,2.43394023761172,-8.74811035885579,-12.1082840970182,-2.8563585144669,-5.66586179854092,2.54083553206878,-6.14705358343033,1.79689064160126,-4.32898899462283,-0.150037374792615,-1.83900466547168,-3.35463814070962,-0.282307261175205,0.148592393859995,3.79266672675409,-5.68899027177143,2.51097955615894,0.953932861684676,-0.542506228224687,-0.620152015985956,0.406012866709306,0.0230251633862463,0.164740605977244,33.59,1.0
27252.0,-25.9424344479142,14.6019980426299,-27.3686502881266,6.37839460769688,-19.1040334039646,-4.68480620428185,-18.2613929340355,17.0525663121462,-3.74260500983864,-8.233721369876,4.6648362538527,-6.52566786025865,0.92375858946558,-6.32597461208273,-0.0702237027595964,-5.83836021908828,-12.0616957125199,-4.77334851403019,0.852969608454831,1.66730429040185,1.78431598423494,-1.91775921336107,-1.23578743924962,0.161104731783341,1.82037804128869,-0.2193590586868,1.38878576213598,0.406809649908512,99.99,1.0
54471.0,-1.34117683125861,-0.409611067039442,1.60472088737261,0.542595203766899,1.2095049296043,-0.754196536496718,-0.150308433591821,0.41848368184981,-0.0385301001625219,-0.435210856122074,0.643073252566118,-0.210566766572101,-2.79629657734017,0.675601541021503,-1.2003225945076,-0.343322926091773,-0.0235778446739487,-0.122670025543353,-0.697918957730796,-0.113735493065035,0.131005667447237,0.0847969772038799,0.0477186593515128,0.148959218591841,-0.0925029248129667,-0.539114748153981,0.0890120799644245,0.141738112927844,1.0,0.0
15817.0,-4.64189285087538,2.90208643306647,-1.57293870931742,2.507298518227,-0.871782564349351,-1.0409025722626,-1.59390073966645,-3.25490508581579,1.90896268593707,1.07741752106048,3.33850216040272,-6.54261034532574,1.09953638182128,-3.26647554459315,1.01472790444294,-4.84238307827835,-5.269876299726,-2.34466857415508,1.95922405409272,-0.465679220344122,1.96359666634146,-0.217413915973245,-0.54933995583883,0.645545202036521,-0.354557818794591,-0.611763845006479,-3.90808047547799,-0.671248265147117,11.39,1.0
35906.0,-3.51902954497457,4.14086717613266,-3.62820236883577,5.50567203744754,-4.05746250583351,-0.905945282755562,-6.65203112089008,2.63452416520597,-4.67940204045465,-6.54624181523522,3.53820204012168,-8.04228514248667,1.69750938374612,-8.05104890186539,1.07045739646232,-7.39595692479141,-14.3296261567476,-4.86801023649552,2.46384303909831,0.898723234092648,1.58255593340505,0.778710245469243,-0.13570727840987,-0.00427780027496027,0.0327061591060809,0.362014053476722,0.900925137512513,0.554897499272323,9.13,1.0
44455.0,1.09519461570227,-0.199778962404316,0.560915908276979,1.25418429425152,-0.114386871238955,1.10506902171777,-0.497009619560251,0.386796526783877,0.712962746702206,-0.0864003906728053,0.0210779633964945,0.912170623826699,-0.440494780962816,-0.183350799833149,-1.30546502393002,-0.353960755422923,-0.108818030958054,-0.0699577721243509,0.355592568013141,-0.135850962100463,-0.0808538164608626,0.0458041432045306,-0.205428696397604,-0.817838139291193,0.68166163300897,-0.22320916432745,0.0621485385986756,0.00681282851927616,29.7,0.0
65818.0,-2.84909821514308,2.31838769627627,0.798878579456485,-0.546102888946407,-0.46014302413175,6.86878018204148E-4,0.568186956256679,0.0674478142291951,2.57251865784427,3.54840810745455,1.21839862289309,-0.154906707154346,-2.36565726804421,-0.861199015355498,-0.671036438391089,-0.954328953754836,0.00448292865296051,-0.391009217362997,-0.126628444108067,1.42341747444541,-0.398421922353185,0.199483589688931,-0.0862334688460858,0.182108733043089,0.179428132744716,0.363832796041571,1.19350589906971,0.437963223159014,14.4,0.0
80580.0,1.17257652921515,-0.0974070482329666,0.175450169675585,0.561603963477747,-0.113240391409653,0.0988082875995483,-0.0727740604292758,0.0381473188124728,0.218950422814917,-0.0487225719070291,0.340133441403924,1.02523478612537,0.278438264456284,0.0370404039056397,-0.87404923143672,0.147693812908031,-0.531741694968057,0.0279443898361617,0.805235484799774,0.0122326779380348,-0.208291411248988,-0.524214363146357,-0.139162121880668,-0.456291575268985,0.528203696234688,0.298226274378489,-0.0328534142667394,0.00155635477106032,45.54,0.0
20931.0,-16.3679230107968,9.22369194937548,-23.2706305232856,11.8447765860728,-9.46203714585895,-2.45044437416398,-16.9251520440555,1.38420847895884,-6.28773594816964,-13.0027093010697,9.69146098207319,-13.8865951585248,0.838361375836116,-13.5170724083842,-0.377910607106286,-7.85568149439455,-11.8038151924676,-4.76102594206856,0.618624412799665,0.993584598744375,-2.34367359429797,1.00460241382139,1.18821215709493,-1.04718376839983,-0.0355727659827232,0.664899774367373,2.12279575423083,-1.41674061492574,1.0,1.0
30465.0,1.29286015211196,-0.706850932206891,1.10163541574047,-0.595561047800724,-1.4783797756197,-0.446555073822666,-1.07064902086991,0.0382190797309416,-0.455259489141152,0.554151874040503,0.229816129649719,-0.333039796059117,0.439276183742408,-0.438920643640066,1.3204879234854,1.08218955857617,0.442382059910234,-1.4332183288032,-0.262802390143048,0.0770725616136173,0.437824682942989,1.244951761854,-0.0422674400693135,0.449348490078144,0.314383473286391,-0.0411721109975284,0.0543283385266345,0.0275462848397532,19.95,0.0
