Time,V1,V2,V3,V4,V5,V6,V7,V8,V9,V10,V11,V12,V13,V14,V15,V16,V17,V18,V19,V20,V21,V22,V23,V24,V25,V26,V27,V28,Amount,Class
61108.0,-2.7560071191969,0.68382137690334,-1.39016888269883,1.50188726081003,-1.165614355805,-0.13120694925796,-1.47874061646082,-0.246921578045176,-0.100522731731488,-2.30110989675506,1.91445404493049,-3.8309980112302,0.719488566785256,-6.35301985790071,1.43871619241123,-3.29723907467834,-4.86297149937169,-2.00235399924327,1.54523326964355,-0.106944639579729,0.320473875601072,0.61102668559867,0.174863684107414,-0.502151101117601,-0.174712784335661,1.17924208342707,-1.16631532833921,0.821214803121569,101.5,1.0
32842.0,-0.556154618286968,0.951838543472591,1.18952846293431,-0.341663539293427,0.361217568527155,-0.123866804071196,0.538376190275767,0.123383087851706,-0.457361133034063,-0.0165569645885445,0.489028997547298,0.118557916945692,-0.367847295299196,0.344212527731545,0.269446016328335,0.647415028258688,-0.926340222555118,0.463664152363174,0.625999602470655,0.0803713997223989,-0.222552129476235,-0.6676084206793,-0.0744966455257101,-0.530695850591567,-0.128661975421817,0.0958775569855951,0.128888535543919,0.0925426575337894,2.69,0.0
472.0,-3.0435406239976,-3.15730712090228,1.08846277997285,2.2886436183814,1.35980512966107,-1.06482252298131,0.325574266158614,-0.0677936531906277,-0.270952836226548,-0.838586564582682,-0.414575448285725,-0.503140859566824,0.676501544635863,-1.69202893305906,2.00063483909015,0.666779695901966,0.599717413841732,1.72532100745514,0.283344830149495,2.10233879259444,0.661695924845707,0.435477208966341,1.37596574254306,-0.293803152734021,0.279798031841214,-0.145361714815161,-0.252773122530705,0.0357642251788156,529.0,1.0
77202.0,-0.356326154090313,1.43530513012275,-0.813563965472736,1.99311717679272,2.0558775401316,-0.54357866590526,0.487691066602944,0.0854488054265826,-0.536351998021526,-2.23120932812687,0.273983570211148,-0.535839387011391,0.595677221650834,-5.14182349291966,0.732366764261792,0.623912780633594,4.09098324669186,1.63408402811385,0.26084733041578,0.303261648412104,-0.312862941766726,-0.687873797330169,-0.267002508610821,-1.15848006325515,0.271459963711122,-0.155397186179697,0.114328416432227,0.101525594435204,1.0,1.0
93853.0,-5.83919161928092,7.1515323543223,-12.8167600806187,7.03111476501099,-9.6512721679897,-2.93842725771624,-11.5432071690832,4.84362653179436,-3.49427572506535,-13.3207888671784,8.46024444901677,-17.003289445516,0.101556614891384,-14.094451660329,0.747030766392512,-12.6616957230679,-18.9124938172188,-6.62697484523061,4.00892074227194,0.0556838813863639,2.46205591127559,1.05486518382957,0.530480596078193,0.472669814042592,-0.275997967880675,0.282435024801752,0.104886020210564,0.254417096767513,316.06,1.0
85576.0,-2.20763091845218,3.25907610397605,-5.43636546967173,3.68473739367705,-3.06640091036945,-0.671323195313701,-3.69617839443207,1.8222724578951,-3.04965272773018,-6.35388725151755,4.35148149710451,-6.4532473302497,-0.0614319367541572,-8.44287285721034,-0.328820639839654,-5.44079518325917,-9.5180378916264,-2.43806861829455,2.33675362049059,0.808336360421968,0.920899033968287,0.0376745089378149,0.026753977510545,-0.791488823729947,0.176492777047381,-0.136312279131778,1.08758482385547,0.373833528935625,240.77,1.0
36495.0,1.17375646865311,0.00353797941476066,1.18675639015042,0.642245131427403,-1.07410243170847,-0.826131494346672,-0.408272402155144,-0.0930151089958562,0.368445187909422,-0.128868685328082,0.0751328938376608,0.67800672074731,0.840759244910983,-0.143076367622651,1.30290193591264,0.531554847900959,-0.493260462631144,-0.18786833244297,-0.504958856937904,-0.0178956637870742,0.0332888573843905,0.117418696344238,0.0831621922957003,0.767899795845613,0.126931227622876,0.367416723192413,-0.00406554981118283,0.0335945022793447,18.8,0.0
93853.0,-5.83919161928092,7.1515323543223,-12.8167600806187,7.03111476501099,-9.6512721679897,-2.93842725771624,-11.5432071690832,4.84362653179436,-3.49427572506535,-13.3207888671784,8.46024444901677,-17.003289445516,0.101556614891384,-14.094451660329,0.747030766392512,-12.6616957230679,-18.9124938172188,-6.62697484523061,4.00892074227194,0.0556838813863639,2.46205591127559,1.05486518382957,0.530480596078193,0.472669814042592,-0.275997967880675,0.282435024801752,0.104886020210564,0.254417096767513,316.06,1.0
58067.0,-0.264868683737295,3.38613996883911,-3.4549969895002,4.36762905773351,3.33606042827178,-2.05391842272465,0.256890458421417,-2.95723544083265,-2.8557972336327,-2.8084555425423,1.84750351109611,-2.4148223375383,-2.57322454244165,-6.5991261303635,0.123470382678038,2.57237180761341,6.60936580903842,2.53066979960508,-3.60265725092653,0.482513022122587,-1.39450379366468,-0.166029306744804,-1.45208118338289,-0.251814670710545,1.24346054282121,0.45278677690471,0.13221807596169,0.42459946550375,1.0,1.0
47359.0,1.27021020403458,-0.755504020622685,1.07037179370452,-0.745715566890943,-1.36597853585297,-0.0496450656060963,-1.19785406936021,0.207162500451194,-0.6778243804142,0.731290122574845,1.785715637061,0.214798403597412,0.189485016973153,-0.214334273778052,0.649569954341058,1.32313585219507,0.156679200063691,-0.875203430922539,0.0767107725296461,0.0686897617417614,0.475540542574841,1.32148441976701,-0.0618542789689243,0.280605624545064,0.297015098089205,-0.0503411137928136,0.0501631799596036,0.0148094230266262,14.0,0.0
41237.0,-10.2817840384715,6.30238478416897,-13.271718028752,8.92511547634157,-9.97557831146449,-2.83251346361162,-12.7032526593299,6.70684583868978,-7.07842395823848,-12.8056831898117,6.78605830197451,-13.0642398936784,1.1795245105938,-13.694873039573,0.951479176238826,-10.9542857275047,-20.5835927904158,-7.51726213169106,2.87235363605874,-0.247647527731929,2.47941350799644,0.366932842343897,0.0428046480276363,0.478278891799746,0.157770817898023,0.329900959238367,0.163504340964582,-0.485552212695879,118.3,1.0
32705.0,1.57163278622428,-1.05117410146078,0.482756184376202,-1.52174700284661,-1.39706814216011,-0.318723468314905,-1.25881757680664,-0.103231627363701,-1.58607203704406,1.42219162702455,-1.21121319136735,-1.01366049027691,1.05429962272955,-0.613997734330027,0.865492113516893,0.0791337672727026,0.0498090867716633,0.540089252600622,-0.125178214053934,-0.285861516298095,-0.116363703034848,0.116033582726332,-0.101514715564775,-0.442408257716454,0.466109363830275,-0.0519991896056067,0.0542023688391624,0.0183165254429997,5.2,0.0
38557.0,-1.01451079283962,0.835772298634794,0.627183874989152,0.0617402920607559,-1.56300489823025,-0.0676250701166437,1.54270876477848,0.198962340451733,-0.883058183913351,-0.617107905746099,1.17138297880757,0.406472898366309,-0.660275020494125,0.828226620217925,0.0306451654384578,0.479056693538916,-0.390988058987429,0.257527333746491,0.235638102381662,-0.167979267668916,0.0233150873980565,-0.142992175660086,0.317219539799919,0.52102485522197,-0.60115886023584,0.0274594758043335,-0.0401274620013217,0.00969255465240776,299.0,0.0
88737.0,1.91782653091941,0.951966571156228,-2.05920551344214,3.83399771227534,1.66819219140891,0.769825697337707,0.23246305671161,0.107940567202011,-1.14364568858013,0.541699242973355,0.301977229683697,0.257697090947377,0.709147651977866,-2.420715975085,-1.99774018079568,1.50669615001484,0.799832475247662,1.16276426158317,-1.15062735713932,-0.115922317627863,0.0152553539964535,0.239994342022941,-0.111915984520572,-0.380575889863537,0.370994788995014,0.189116547062326,-0.00582328067918961,-0.0121050906997506,9.21,1.0
67414.0,1.14469328554918,-0.0537549303290227,1.2777225934784,1.34754501573334,-0.997615671075944,-0.201899947805219,-0.563850894532204,0.0977650577627674,0.911675695867559,-0.199721810860539,-0.812840020196751,0.410107662735422,-0.101990057820321,-0.331616571660406,0.193781223088072,0.084743707856847,-0.240011487801148,-0.0451181681427831,-0.211988052960941,-0.134256763469123,-0.0614354319331417,0.0133863366146083,-0.00619054056581815,0.39250410833714,0.408795805209223,-0.409252639793433,0.0707968713623771,0.0387759113980424,13.53,0.0
39729.0,-0.964567282813312,-1.64354066791439,-0.187726849232163,1.15825311047012,-2.45833564593802,0.852221660377025,2.78516254594393,-0.30360853861401,0.94000553101046,-1.96530880945923,0.159743522312315,-0.490697387341298,-1.1819769933833,-1.95887596969497,1.15274328622613,-1.34126935794233,2.49832484974359,0.777831088916474,1.4060448737262,1.78444933498197,0.447180121733859,0.536203895046365,1.63406050110051,0.203838849073356,0.218748854725954,-0.221885828382479,-0.308554718022245,-0.164500017914328,776.83,1.0
100924.0,-23.9847466495794,16.6978316913154,-22.209874815521,9.5849686202149,-16.2304387891461,2.59633265752887,-33.2393281671892,-21.5600394546929,-10.8425258685569,-19.836148851696,3.22323270290842,-10.8951335063028,-1.52345240330584,0.116303256118652,-3.09880532704263,-7.60642457511483,-18.1082610229766,-7.51186615794432,-1.24328515722898,5.80455066066397,-12.6150228644215,5.77408726884239,2.7502214496329,0.513411099654255,-1.60880380395117,-0.459624387540527,-4.62612660780224,-0.334560720645878,1.0,1.0
61559.0,-0.437569258434716,0.869861182605291,1.03384023619542,-0.782825035415585,0.939596737748284,-0.179170725717184,0.885513922217853,-0.153648788894698,-0.35487186048081,-0.404242217468521,0.42680215134473,-0.0337933017561138,-0.297322313201242,-0.433329160635133,-0.152287551187046,1.06510164157787,-1.00080140868358,0.660215904780122,-0.0816887167977211,-0.0546598229292546,-0.224382685951576,-0.64547816802335,-0.163009334780093,-0.788055300484366,-0.488095927469205,-0.120715555936996,-0.212239879692847,-0.0815719694321859,1.98,0.0
27784.0,0.288028928428076,0.965681439446855,-1.45949519977085,1.92186300234526,-1.91241402974899,-1.13028190025527,-2.81426265960526,0.648663224885543,-0.695262639845074,-3.46568908576121,2.35161910622909,-3.82670531942496,-0.767569849115369,-4.8528669146236,1.66486300420352,-2.61736133003734,-4.83555830647772,-1.92175160139324,-0.385884175181753,0.330916894188196,0.603127128021142,0.380690182113136,-0.0641251755885565,0.271380100640141,0.33721953478356,0.626155869423677,0.565124825956713,0.305925255390835,23.36,1.0
46057.0,-1.3094413460044,1.78649494921925,-1.37107024042555,1.21433549160762,-0.336642221570741,-1.39011986486896,-1.7091091066305,0.667747590382643,-1.69980879955917,-3.84391103993778,2.96259879138962,-3.95604520140947,-1.53923191944683,-4.63463139323434,-0.248403490673103,-2.05855138409951,-5.63549400383391,-0.775271204300359,-0.23930965408033,0.253464129147281,0.533521286327158,-0.0221799534199139,-0.299555851230085,-0.226416167090146,0.364360460778096,-0.47510178544057,0.571426303828437,0.293425836896259,1.0,1.0
113123.0,2.09271346991593,-0.145165401351292,-1.55668176029472,0.157654814781024,0.144763841757936,-0.859399302775349,0.0553740191525933,-0.194354494733831,1.00100375533308,-0.0529052350272587,-1.16855873204126,-0.598446867445361,-1.47652344422186,0.775568585504137,1.08504265902634,-0.139722184764977,-0.525669515664664,0.36233834035661,-0.106193564714639,-0.321200957398686,0.234757739594663,0.749210355063075,0.0103895706762493,0.557312138483156,0.323214918457954,-0.437918230630689,-0.00685867057653974,-0.052063047424087,1.0,0.0
53027.0,-1.18231996711624,1.67288685009127,0.331053997682073,0.665913152666318,-0.105925444007496,0.116462864006881,-0.037906127441649,0.961578641157106,-1.14013682471915,-0.254398965838194,0.929765449775559,1.18286775477326,0.697883807861206,0.992822335386125,0.459861442298914,-0.127456509400017,0.0134029438594958,0.250104255577592,0.442481982273515,-0.0755832166244985,0.273698920500284,0.679681683491335,-0.0916373169624883,-0.278037725802996,-0.200085658114465,-0.295150021767363,0.0549262405103689,0.073372768969735,14.7,0.0
34100.0,1.10104833288892,-0.0827370647273287,0.755978980131597,0.797612885379307,-0.703917921083323,-0.430028381787093,-0.153356149076819,0.0161315617213671,0.223060966934081,-0.0618511758694492,1.26695560576814,1.35722675417996,0.0594760418529095,0.0602221545344478,-0.872602575491514,-0.0547185650171962,-0.188958255753416,-0.314836667400732,0.421207086445158,-0.0333351139571149,-0.211014425683199,-0.542715015395514,0.0577533763815969,0.559422948238629,0.274023046525213,0.146604932479097,-0.0237527997050373,0.0151855976636721,39.95,0.0
14747.0,1.01259468366088,0.185411102837171,1.85700244402965,2.62567535867554,-0.813686024523601,0.741197688840922,-1.0505095089944,0.411448710796633,1.07822938004678,0.410744187576532,2.23791236372468,-2.31050557828637,0.771151506062043,1.64748764838662,0.00591830928781064,1.16825626869422,-0.0447219186076227,0.838388886391218,-1.76632441969054,-0.240469290102206,0.167722000049086,0.665252615994881,0.0342269055081351,0.14937667395634,0.0614517557570649,0.0737251745441229,0.0246227812638981,0.0233645967025548,12.16,0.0
57865.0,-0.951275518717197,-0.685301762052372,3.17654384200082,-1.01420522830688,-1.39644429981265,0.509771960013925,-0.772147073788263,0.502041897813596,0.201524620629253,-0.554957322349125,-1.39992019551496,-0.179289517328846,-1.0607556410818,-1.16692657969732,-1.89843515679387,-2.21768782456507,1.03244803534157,0.372761776505256,-1.00251908556142,-0.474831743942052,-0.426157751052319,-0.496504461787842,-0.0365005827162014,0.437325120383993,0.019715352611688,1.01178640178754,0.0368510052608141,0.0665392828184984,40.0,0.0
38607.0,1.13261396707411,-0.302038306810195,0.850691979330777,0.706529558771038,-0.66953497694078,0.208532470920535,-0.512050866025475,0.0643755959005906,0.858478594677844,-0.288845534704777,-1.34219118891474,0.600423427286629,1.01557706275631,-0.606511816811334,0.178011892050706,0.376031253877822,-0.523594941922461,-0.0514168315722051,0.251900476416764,0.092497124110589,-0.103459514439408,-0.186459404101259,-0.131860917989335,-0.394504409280116,0.373005045748757,0.360311259710066,0.010611252525205,0.0302145600261115,64.99,0.0
61402.0,-0.991364778770339,0.752958368543618,2.28413288852166,0.186758771344751,-0.93364851273421,-0.0137610088032836,-0.379288003582471,0.725884013263223,-0.183912343624123,-0.80549195564102,0.815550321411894,0.957554026396703,-0.188906701730623,0.0495760427738112,-0.739429678296496,0.293695649246963,-0.13675907290761,0.432339912072833,0.385498029732176,-0.107705437899294,0.102095658255691,0.244549343736685,-0.100948690813844,0.577988308311502,-0.169248801173442,0.267036143729774,-0.0338131687427097,0.0293653502802268,11.5,0.0
8614.0,-2.16992897559082,3.6396539992044,-4.50849778617728,2.73066814884895,-2.12269287053048,-2.34101682766366,-4.23525308290613,1.70353765763508,-1.30527913344307,-6.7167200227127,6.35361231915591,-8.60164826276464,0.449930038237225,-7.50616937408145,-0.438081781812467,-3.69451599830956,-6.30475338603049,-1.26758712788115,0.357987030484253,0.5007790539507,0.645103275621378,-0.503529448911197,-5.22821818299227E-4,0.0716957787676742,0.0920074334247208,0.308497931577036,0.552590914653841,0.298954478709399,1.0,1.0
43028.0,-1.10964552515211,0.811069300236989,-1.13813532731484,0.935264670223385,-2.33024787785051,-0.11610605479739,-1.62198623466478,0.458027900124116,-0.912189159098001,-2.96199570179906,2.77896789639267,-2.37959961108923,0.918962784041379,-4.01578678027745,-0.530009790602772,-2.81588776765893,-6.6493577879714,-1.74611328389964,1.08340676372199,0.168890572541282,0.641593528333926,0.841754904759402,0.176727750810022,0.0810041184974676,-0.258898742565752,0.707654245320429,0.418648658517389,0.0807557537005394,204.27,1.0
26585.0,-19.8563223334433,12.0958932259299,-22.4640827464876,6.11554110191771,-15.1480215209615,-4.34672408349599,-15.6485074722661,13.2768048056341,-3.97416161954102,-8.85919405880884,5.73081553744459,-8.08803351213651,0.230824969324902,-8.57897327333454,9.46636693186079E-4,-6.94774606726094,-13.4728970076501,-4.94021082886802,1.23014255193802,1.58292955492187,1.75072984045421,-1.40963570908141,-0.809809278333882,0.121396659905885,1.35030007077468,-0.224291873525585,1.59762136835254,0.476919818025438,99.99,1.0
79283.0,1.15709807155515,0.154783077655757,0.481748789932695,0.676733707443457,-0.40465496258069,-0.742457827467979,0.0933543967188408,-0.124246361377237,-0.0234418132930442,-0.113772927826729,0.27218429083134,0.561604048636653,0.235029293360349,0.314916712065671,1.15273993768966,-0.18445605309385,0.020137740508136,-1.09297740254025,-0.596232593093515,-0.0914381403452743,-0.139521424782378,-0.402226943224461,0.129478674200954,0.410403000148056,0.197448181760186,0.180176118611861,-0.0217230932062489,0.0192085187441489,24.64,0.0
47772.0,1.25898705909246,0.0740669691889227,0.222418726201699,0.770295112976522,-0.62911210821091,-1.24288660045536,0.117593686082424,-0.179902003526657,0.425507988656374,-0.0587944241320326,-0.577439885654079,-0.56825710462862,-1.99540289252678,0.580000296294365,0.234729589399162,-0.33718763260219,0.211732417118147,-0.512281801319879,0.0194617370503847,-0.260046783934252,-0.0690991822349123,-0.128614150070581,-0.043919251485965,0.735652267435154,0.5587824071928,0.540499090885306,-0.063911707857255,-3.6985827933714E-5,0.0,0.0
58250.0,1.1703913040663,0.0180784143545886,0.729009522258142,0.909716873195651,-0.562145071047888,-0.306931102306761,-0.178102008455583,-0.00910838183088779,0.523397431370537,-0.268733306535605,-0.195790565921229,0.906278040136824,0.311643776770511,-0.235122173801247,-0.222645470674684,-0.775380374593204,0.460434642744678,-1.17602028154245,-0.295294569727123,-0.148128346253196,-0.0377380822607565,0.208359594348311,-0.0188952955665217,0.486505985607164,0.487317246823071,0.446405542284579,0.00504284185375324,0.0108433029745838,1.0,0.0
93888.0,-10.0406314557065,6.1391827154247,-12.9729718943545,7.74055544506762,-8.68470452840193,-3.83742916671056,-11.9077019040753,5.83327300056002,-5.73105424359056,-12.4389449056023,6.98988561330738,-16.218610393127,0.25330336584704,-8.72864506518152,-0.147529091109699,-14.1298545174931,-20.6850275533272,-8.48444905730181,4.85125513655685,-0.0822752254211996,2.82343143164188,1.15300501339169,-0.567342849673059,0.843011621641402,0.549937644887907,0.113891875585392,-0.30737499959267,0.0616306406149363,1.0,1.0
41353.0,-15.0209806030789,8.07523975163174,-16.2980905380446,5.66482005292134,-11.9181533731348,-4.24695712395156,-14.7166675516611,9.43508432139337,-6.7953981269244,-15.1241628144947,6.03766622940467,-11.6767222367813,1.32697878633103,-12.3816058947985,-0.0716392778020956,-9.48414337021449,-19.6718814509262,-7.64327282087749,1.16906441801605,-0.995786857833133,2.52511546344786,-0.832074336953531,-0.186116823393738,0.429780833741005,0.697102812320081,0.0560310740941657,-1.31088762047629,-0.707402991270252,34.12,1.0
109298.0,-1.00061051985933,3.34685000184439,-5.53449117133595,6.83580203854396,-0.299803293657807,0.0959512989990878,-2.44041927394713,1.28630119597073,-2.7664382829404,-4.45800770078481,4.69653339192897,-8.76211333956078,0.985826601093264,-7.32027202211023,-1.06384045772504,-3.37112471078725,-4.25115786762875,-0.43005729986925,1.80401333906519,1.18981379228675,0.439756764345897,-0.694099203587273,0.299660329499667,-0.657600627722995,0.101647558980344,0.430457439169415,0.824685450418745,0.326952273050223,186.13,1.0
20931.0,-16.3679230107968,9.22369194937548,-23.2706305232856,11.8447765860728,-9.46203714585895,-2.45044437416398,-16.9251520440555,1.38420847895884,-6.28773594816964,-13.0027093010697,9.69146098207319,-13.8865951585248,0.838361375836116,-13.5170724083842,-0.377910607106286,-7.85568149439455,-11.8038151924676,-4.76102594206856,0.618624412799665,0.993584598744375,-2.34367359429797,1.00460241382139,1.18821215709493,-1.04718376839983,-0.0355727659827232,0.664899774367373,2.12279575423083,-1.41674061492574,1.0,1.0
36170.0,-5.68501341827133,5.77651621042963,-7.06497672861513,5.90271545151069,-4.71556383098609,-1.75563332378958,-6.95867914257843,3.87779518702774,-5.54152882782373,-7.50211219093686,3.67670318691664,-7.64298306727846,1.68986512270453,-8.29965953059956,0.646996364810759,-6.79279505972775,-12.075932061394,-4.88217964265137,2.62662452479163,0.299488632233821,1.12864107441301,-0.962959729230981,-0.110045083655872,-0.177733240766768,-0.0891754157062679,-0.049446723229275,0.303444581632884,0.219380438614266,111.7,1.0
78719.0,1.23861287419737,0.271867584410337,0.650472107701487,0.69357622414701,-0.620059185307349,-1.1682076592998,0.0778393604966097,-0.233520684836502,-0.00127649792833434,-0.0707121309886861,0.102102993346761,0.559657721822698,0.41551934570875,0.227177021661858,0.99152935011039,0.200827864069524,-0.313990282461991,-0.667377303223056,-0.242420142664139,-0.0942070632864023,-0.234621226323214,-0.672321457060038,0.175979229295676,0.72341537566818,0.179821831113771,0.0732838711349797,-0.027599463364397,0.0227044592730812,1.29,0.0
93856.0,-6.75050851563533,5.36741605145469,-10.0546349530569,9.06447791765316,-7.96811808353808,-2.26379841398236,-10.317566180676,4.23766573099145,-5.32410880613734,-11.0923923688428,7.15408284221914,-17.1504052507291,-0.0953992277686904,-11.0301103643432,-1.95905455483077,-12.4485623424367,-22.6679054064789,-9.26460873295655,1.9823563171714,-0.0812198922441237,1.90903201764938,-0.34873973066671,0.425000563135111,0.674908669807175,-0.784208393488163,-0.247422102935353,1.1595813739152,0.197817874685768,209.65,1.0
3002.0,-0.302520690013682,0.447473606170949,-0.495757487926775,-3.21479928170564,2.70504105264306,2.76243958474878,0.593846555077562,0.556451025514572,0.697719595505647,-1.09018090617913,-0.111087964243309,0.0626523474576219,-0.238457031495562,0.215738138536011,1.06935589341597,-0.255230524748655,-1.07208498526811,0.485110431510628,0.271314885172261,0.156089011075005,0.00734280266579561,0.250885695089417,-0.331599689403957,1.00995227965779,0.233730179901549,-0.824470557380348,0.241305212556617,-0.0203586378568534,1.0,0.0
41701.0,-0.428816371108462,1.00780169230283,1.38694391815118,0.104074931474728,0.012898582232905,-0.733004812328439,0.577739185089266,0.0876270719802717,-0.309503590283033,-0.533498994408324,0.177161740197122,-0.270858629292154,-0.684167881495141,-0.23556302686935,1.20269755954102,0.0286689163616615,0.447231795813635,-0.603547267443288,-0.567483091968958,0.034799690092191,-0.220089561200343,-0.575984238201813,0.0718730798191551,0.328800942739035,-0.299786538845048,0.0837776199431041,0.256394236391742,0.0972612580711375,4.49,0.0
41181.0,-7.33434102050082,4.96089229123138,-8.45140959148547,8.1748251681484,-7.23746372952055,-2.38271066458273,-11.5088418575552,4.63579753722901,-6.55776036636164,-11.5198609264142,6.45582813287588,-13.3802218737527,0.545279226790884,-13.0268638593173,-0.453594543596495,-13.2515419788937,-22.8839985767803,-9.28783221397402,4.03823050489431,0.723313822249839,2.15375502636012,0.0339216178167887,-0.0140949200284419,0.625249955306557,-0.0533903339689031,0.164708739959664,1.41104749421382,0.315644799820923,11.38,1.0
117372.0,2.03381145970041,-1.15803578493285,-1.18596604075559,-0.935859054629543,-0.729731641726293,-0.545551955486333,-0.623786300704279,-0.104648643792475,-0.319069556087514,0.927234207305599,0.392431777084708,-0.297584404160201,-0.543873322320957,0.0817146830590125,-0.655731034444925,1.24751158252881,-0.113182807912355,-0.753930622398495,1.07719457746595,0.095567519619936,0.251790894489594,0.551830421524175,0.0179523173938669,-0.480077110716111,-0.0742093014346608,-0.158301666538309,-0.0400087123369154,-0.0593928257863987,89.95,0.0
32745.0,-2.17913506011513,0.0202179180614602,-2.18273279614299,2.57204626116115,-3.6637331119316,0.0815679330899005,0.268048730691862,0.660437428502318,-2.37402736257173,-3.58281002008802,1.97582106179607,-3.50054226479879,0.170681027067223,-2.73594037401519,1.67025110352247,-4.04629299726117,-5.07947908460579,-2.58685704537203,1.66926055335833,1.95796029993605,1.02642111100453,0.299613501640326,1.65680000734873,0.328432501784239,0.106456827905221,0.691774505774569,0.196778974067123,0.241085157494976,717.15,1.0
78691.0,-3.77357603164501,-2.07134713498673,0.434260298801896,2.40313092981333,2.28633332536365,-1.41925966999949,-1.21427076157946,0.2987798586503,-0.710840172103969,0.386168589232122,-0.327690099196851,0.830840242922395,1.51254571895758,0.555619348005067,2.1432745860406,-0.413736832713232,0.412846799889801,-0.850451009526011,1.53447290892813,-0.426577240934153,-0.625084789032684,-1.55704157830192,-1.68210034638162,-0.302411711089054,-0.268193340610652,-0.506758990152599,0.756807582858204,-1.01660442785791,32.25,0.0
11131.0,-1.42662331260887,4.14198623236944,-9.80410344235714,6.66627300324451,-4.74952679326515,-2.07312900595144,-10.0899311630826,2.79134529885187,-3.2495156171301,-11.4204509744097,10.8530116481991,-15.969207520809,0.546690084634152,-14.690729133641,0.91233739988339,-12.2271892780267,-18.5873662058916,-6.92076186060174,3.16699890688552,1.41067765264616,1.86567876848945,0.407809281593599,0.605809354312964,-0.769348118123441,-1.7463368287861,0.502039516709683,1.9772583297728,0.711606531209485,1.0,1.0
472.0,-3.0435406239976,-3.15730712090228,1.08846277997285,2.2886436183814,1.35980512966107,-1.06482252298131,0.325574266158614,-0.0677936531906277,-0.270952836226548,-0.838586564582682,-0.414575448285725,-0.503140859566824,0.676501544635863,-1.69202893305906,2.00063483909015,0.666779695901966,0.599717413841732,1.72532100745514,0.283344830149495,2.10233879259444,0.661695924845707,0.435477208966341,1.37596574254306,-0.293803152734021,0.279798031841214,-0.145361714815161,-0.252773122530705,0.0357642251788156,529.0,1.0
109848.0,0.0266897910410615,1.09781929155734,0.0829741171878318,-0.197708985590903,0.872075382368594,-0.506927831291104,0.848181742584726,-0.229371960370715,1.28899776462073,-0.743873188921198,3.20584993070611E-4,-2.61145986686208,1.69298056178699,1.85700004161692,0.21253987038903,-0.698417989649048,0.401136515761766,0.592727109948796,0.263413466236092,0.0229674976028671,0.204124232531654,1.10166312455653,-0.21614293015912,0.575201580821076,-0.397524764126458,-0.465682930688267,0.471239698608856,0.285315057477409,1.0,0.0
70522.0,1.17620910945708,0.183812754247909,0.514542419331007,0.450080220879416,-0.197021083619674,-0.18729418471402,-0.0917788944377218,0.056852330668356,-0.280994094139249,0.0472117908184315,1.77317075999957,1.36323847036252,0.625851450502716,0.381331927911832,0.537813863984734,0.187726950983599,-0.419804673971514,-0.546370893977626,-0.189620136257611,-0.0889219708486556,-0.173952347242889,-0.483480387568014,0.149046477025241,0.02399057246581,0.129106466732092,0.105646171925331,-0.0135290079975939,0.00616259507754802,0.99,0.0
35124.0,-0.388553066673844,-3.4316311297276,-0.835226526351702,0.248780871675624,-1.79959542660146,-0.511172589152195,0.787213295403508,-0.354566342765944,-0.735975746295363,0.14630616532097,-0.14057924272613,-0.802583175077686,-0.93057930739601,0.255491944194504,0.221556022130997,0.303937778182919,1.10347592137263,-1.9086814862318,0.0514811394666747,1.77972029749534,0.735598901278918,0.103407746257423,-0.879060537984635,0.48323495753871,0.306106017554154,-0.149028270563349,-0.169946408289125,0.159150412139899,915.0,0.0
119062.0,1.82744954498307,-0.0164194081752306,0.851345896034737,3.8671165440401,-0.911999688232285,0.507209291516517,-1.11561074438683,0.370209275764596,0.302252324826446,1.40032048112187,-1.69683844257803,-1.13343176753558,-1.45225678780139,-0.156643949717892,0.172122211508861,1.78060236739117,-1.09499600706262,0.626954099650853,-1.95335882992289,-0.365034793054395,0.201729246569144,0.579916750779859,0.277515291593679,-0.107581555912581,-0.549675000613882,-0.0209049416520887,0.0367881303317937,-0.0206237840656853,7.59,0.0
75455.0,-2.12037308311915,-2.43596318014682,0.143107101904206,-1.69352223350451,-0.742081975428361,-1.39279716389419,-0.272585134938525,0.363346576991041,-2.55004375512915,0.790278963451865,0.703360204328893,-0.0438314869277639,0.246422780103801,0.137707607824861,-1.813852700648,-0.509333079711005,0.570635833585028,0.391149510997533,-0.479754438313414,0.671305051229406,0.302537054639283,0.253684549921967,0.601965022699393,0.521791459337475,-0.293229890643374,-0.383339795847701,0.231819150679743,-0.0742165841729158,275.0,0.0
8757.0,-1.86375555343732,3.44264397684973,-4.46825973145511,2.80533625940251,-2.1184124774924,-2.33228488731467,-4.2612371974404,1.70168184397858,-1.43939587542941,-6.99990663386522,6.31620967716699,-8.67081800476226,0.316023991908777,-7.41771206475053,-0.436537471366146,-3.65280196004741,-6.29314531907376,-1.24324829133852,0.364810482193887,0.36092400372093,0.66792657242141,-0.516242362128804,-0.012217811746839,0.070613703103445,0.0585044669560628,0.304882839588584,0.418012467185258,0.208858278145839,1.0,1.0
67046.0,-0.38764706954529,1.40929035758015,0.0910245597516484,0.46945968623078,0.87204548399127,-0.0914451685828088,1.29945690303584,-0.404773895374123,0.0391897884013527,1.65737650541442,1.40779042259257,0.665906244963392,0.244222472883291,-0.0045406075092921,0.310879201600862,-0.794058538518353,-0.496638943997965,-0.116781124968971,0.351847764931388,0.570533923025337,-0.00513065764590639,0.793220383393512,-0.0617133762519607,-0.291539778080751,-0.656079639817176,-0.426635870386598,0.455206379297339,-0.0458874508948661,22.9,0.0
84204.0,-1.92745281973369,1.82762056700016,-7.01949468454197,5.34830323951426,-2.73918788004738,-2.10721929638307,-5.01584797563431,1.20586815982046,-4.38271250852199,-8.33770697381781,7.19030608944843,-9.42484446049178,-0.223292646427513,-12.8754942229841,-0.071918160688794,-6.2999613976222,-12.719207160428,-3.74017615583058,0.844059610296466,2.17270905626492,1.37693832294098,-0.792016725563067,-0.771414187530036,-0.379574271539528,0.718716522008066,1.11115125599517,1.27770725705846,0.819081152045361,512.25,1.0
76826.0,-6.61629292560656,3.56342789803106,-7.05890129814843,4.28434595524384,-5.09629887292392,-1.76861780360559,-4.93755412732933,2.74845954534783,-3.79675959454545,-6.8254901042394,3.25959475409854,-6.94389061823948,0.43597516308899,-6.94701030902337,1.01100406527995,-6.16683742461485,-10.564346602529,-4.01018815310236,2.14350179519978,-0.54163415582255,1.21597610572025,0.0411777442210425,-1.05909770217904,0.275662062254882,0.057424927985318,-0.265838484019501,-0.514636936427821,0.388590269335523,254.76,1.0
91554.0,-5.10025566317088,3.63344238024837,-3.84391862443125,0.183208447320966,-1.18399737637674,1.6021393332506,-3.00595315203476,-8.64503780175356,1.28545810732477,-3.71748137540216,3.71921153916465,-5.03402974701745,0.918999158233287,-4.22036591807154,-1.05049995739584,-1.69104526842648,-2.37242320724166,0.450098503348706,0.407805060819919,-2.80630192287329,8.28043932580154,-2.79714954096118,1.09070659271567,-0.159259597476933,0.532156369375709,-0.497125808167425,0.943621624807946,0.553580691756943,261.22,1.0
15817.0,-4.64189285087538,2.90208643306647,-1.57293870931742,2.507298518227,-0.871782564349351,-1.0409025722626,-1.59390073966645,-3.25490508581579,1.90896268593707,1.07741752106048,3.33850216040272,-6.54261034532574,1.09953638182128,-3.26647554459315,1.01472790444294,-4.84238307827835,-5.269876299726,-2.34466857415508,1.95922405409272,-0.465679220344122,1.96359666634146,-0.217413915973245,-0.54933995583883,0.645545202036521,-0.354557818794591,-0.611763845006479,-3.90808047547799,-0.671248265147117,11.39,1.0
62341.0,-5.26775974325256,2.50671895922695,-5.29092481764433,4.8861341982102,-3.34318841087649,-1.10008548506579,-5.81050918581537,1.72634335514407,-0.749277159995058,-4.83482799462627,3.54601225001006,-7.75128547808951,-1.19569394502348,-10.0185024459282,0.29639612212368,-7.47716172698803,-9.78580026201852,-4.24397714797126,2.68112678165858,-0.286043269744833,0.764265624858483,0.473261684078133,0.54848172305712,-0.15685005182413,-0.71018694460215,-0.366422677340972,-1.48676592030738,0.677664104601632,1.1,1.0
8482.0,1.02153755834902,-0.722876477499452,2.16714446497223,0.996960590493857,-1.87599129540991,0.282201075045271,-1.34860759813374,0.188064549149977,3.22994478201423,-0.991120313346922,-0.0192902829559924,-1.30548446238044,2.1524344539107,0.0184655234680698,-2.17527591804814,-0.457749500404033,1.22245717133503,-0.174506442273747,0.11368788091877,-0.00319802820652758,-0.0618866918697591,0.512517620632351,-0.0950701632910451,0.809068507165519,0.227212197207723,1.18630105855168,-0.0113859800932465,0.027511730606549,58.3,0.0
55614.0,-7.34795494690262,2.39704134824746,-7.57235581757844,5.17781925521834,-2.85483828261718,-1.79523877381611,-8.78323473517424,0.437156561210431,-3.74059750992972,-8.33286306292127,5.76318940883843,-8.70787929219866,-1.71694948774786,-9.57719439289905,0.146369002626258,-7.58649078643175,-12.5039309695675,-4.37563101237668,2.46519487038601,0.0731637913502985,-0.175273369741836,0.543325051876651,-0.547955067054245,-0.503721690122004,-0.31093277648824,-0.16398601754964,1.19789504657005,0.378186688214491,0.83,1.0
85181.0,-3.00345942213401,2.09615030972986,-0.487030347865578,3.06945315960973,-1.77432868427117,0.251804209642436,-4.32877649482139,-2.42547814428288,-0.985222033510513,-3.99521073403213,1.8806015528528,-2.32517912777326,0.636458662971611,-5.41749934539643,-0.262909464785021,-3.81808566437699,-3.70070702592749,-1.99141207812339,0.779950535234061,0.692537380835205,0.163966694003732,1.24564832133152,-0.269241340185825,0.537102119409512,-0.220756683145222,-0.0595547732936557,0.460709677482052,-0.0335506071081744,2.0,1.0
65169.0,0.806831624463259,-0.590440158615444,-1.48888076303925,0.235116636265287,2.07596661730406,3.36155972895232,0.0781374379543503,0.713851814696751,-0.33992316300213,-0.0283198503232787,-0.0432510697545873,0.149629933785641,-0.00506743340309073,0.651856855722394,1.04491469536025,0.513212079093786,-0.904002286245492,-0.210885070873981,0.148437663015361,0.485174552414662,-0.375594163906134,-1.85274695449528,-0.02817572453261,0.929736202419184,0.31883867191698,-0.847787080069671,-0.0336939753138816,0.0660788310741984,253.99,0.0
58504.0,-0.846286948332033,1.17355914303904,1.30779165960964,0.116346326443568,-0.570273803576883,-1.15842341899196,0.346634289991908,0.359054557919011,-0.535836597932712,-0.535923219868914,-0.313578607397649,0.0382685950010782,-0.300726619273851,0.551119241249993,0.826418429600275,0.2441998898696,-0.0861392306528956,-0.371382007517662,-0.116291899070427,0.00639861697313031,-0.153525752573587,-0.580787164935648,0.111551716564305,0.681017658423315,-0.219839902008503,0.0534070684049278,0.134342135759976,0.0512838508496177,17.99,0.0
67758.0,-7.83745259616541,-8.13871173985679,-1.24626096306547,1.11785221249644,7.13149441512409,0.271545883421328,-1.170932232966,0.524113169744894,0.346326005843473,0.628300072940201,-0.0329631761641205,-0.201620134832029,0.568611831747593,-0.151560445852712,1.5826510715631,0.911733076450048,-1.22754537125103,0.320579356290972,1.29309908117549,-3.28898844820491,-1.3071754971499,0.970837136752423,6.55295748600003,1.02365611996318,1.73989519499281,0.715592128621548,2.12806749043382,-1.10648919938703,6.75,0.0
87202.0,-0.41982017420894,-1.15597800832635,-2.09251550244986,2.78675032975706,0.736296592040403,-0.167291965690249,1.60002746290919,-0.117426851332358,-0.796953814299879,-0.133950251206468,1.03303201224459,-0.284367998317494,-1.20827980965211,-0.429211904447448,0.248945360461687,-0.928921529997167,1.67998551904683,1.31533886586358,2.22616065557659,1.27535802653094,0.48063971759843,0.533516931196614,1.28464540597639,0.516131270391061,-0.60294109971583,-0.305023689896282,-0.0213631449369425,0.129096385608294,451.27,1.0
76406.0,-0.454463174103864,0.229117232602554,2.57771406605213,1.36563086350768,-0.701264152188448,0.434221345388021,-0.067375100005355,0.0550328433338327,1.18520582129862,-0.252553699966649,-1.4909350723641,-0.147116767741851,-0.965357560372774,-0.98591960712401,-0.987949783102613,-0.946853803089641,0.397308635459519,0.206478744541602,0.919602205331914,-0.028040092067473,0.129072829018558,0.943391278775489,-0.251166928033054,0.434227935160895,-0.307010621646601,-0.182879917072343,-0.0384030026124258,-0.043396573506096,32.05,0.0
49225.0,-1.06113564985506,0.403645062272445,-0.841894955582764,0.357557944153259,1.47760960284418,4.21447391494723,0.640749400391722,1.31416412211216,-0.689040998114959,-0.450349068638387,-0.771736479068843,-0.0257489008851951,-0.107065718707154,0.47643150788547,0.1337758113591,-0.424641428654544,0.00194865587302179,0.356594567161956,1.3869247618871,0.731402152543991,0.0748713352216363,-0.179249357213853,0.433720757874885,0.983128443535703,0.268963418505631,-0.243240836819153,0.202009144775747,0.156119337622131,263.99,0.0
41313.0,-13.8972058704019,6.34428045616839,-14.2816664432471,5.58100899740718,-12.8871331616131,-3.1461763671985,-15.450467216827,9.06028147442157,-5.48612077680694,-14.6764702497464,5.1483517210937,-10.7495919949504,1.58548896754337,-9.79801207658904,0.733276999106463,-12.675268899047,-20.7406637223494,-8.15366802624724,5.2283417900513,-1.02522792390103,3.05808183846397,0.941180290424241,-0.232710298333368,0.763508019302571,0.0754562386388435,-0.453839571774416,-1.50896825698328,-0.686835738780169,9.99,1.0
87707.0,2.12448162489503,-0.022646795226663,-1.52546059729535,0.120194610941459,0.554877628696128,-0.344493444865479,0.167365321705513,-0.23711003224859,0.457063983226102,0.0426328699389533,-1.29057145010962,0.581687113879084,1.02930648901332,0.0540391666680475,0.0500958602576496,0.102971302641107,-0.631327862169517,-0.688385305024407,0.43482602270606,-0.115753641295296,-0.334549352501378,-0.82796412215273,0.272989857190962,0.0529480478617132,-0.152323042414372,0.205393281592853,-0.0715335096179033,-0.0586088933793325,2.58,0.0
48699.0,1.17011331022874,0.197270117984011,0.833754222553798,1.13912445140907,-0.606795532338774,-0.631942879996487,-0.144266412789029,-0.137402303592052,0.176858774182565,-0.0570041902705587,-0.268438522888416,0.694346015710764,1.06652098547313,-0.0568185189096766,1.13988838687194,0.350007423083051,-0.64475307858854,0.0918400360327576,-0.583544640426797,-0.0260233695131787,0.154764797784122,0.50422981058513,-0.1109324674943,0.428482680059678,0.558286762715792,-0.301963155413931,0.0463134123395706,0.0368454315256317,24.99,0.0
62330.0,1.14086473658976,1.22131743135767,-1.45295546048243,2.06757505760281,0.854742052227546,-0.981222507744598,0.325713913670098,-0.0377214068783676,0.113219371615132,-2.12697274994354,0.915947028928619,-0.468571538051367,-0.523377293666349,-4.86186658087283,0.421013353871263,0.866440624739209,4.08248488419359,1.1963181517001,-1.10076358353881,-0.0677120411898438,-0.377597095255037,-0.79345965987036,-0.132333171548173,-0.33158626897425,0.664877856718148,-0.309312434134138,0.099941947375597,0.122988311929089,1.0,1.0
71843.0,1.36360687961808,-0.777818436614683,0.645689762080717,-0.990475363141395,-0.895208982138874,0.518110833398891,-1.26179140874133,0.29794625916715,-0.542465446543609,0.750353983537971,0.793504685522935,-0.346887341274821,-0.0501331605726254,-0.195229474185091,0.768487028633882,1.64111478285055,-0.193740650589542,-0.490887192213938,0.471012222579025,0.0522126498924434,0.396430164473427,1.10450890118529,-0.175072346349493,-0.776698191404601,0.42404403946482,0.0167401647207901,0.0482653403930134,0.00141141445321433,2.94,0.0
46242.0,-0.333365738223446,1.55047483512654,1.7417668209338,2.63826349628905,0.384800921960628,0.125691226882163,0.624378878521677,3.55127416140435E-4,-1.57167887102142,0.818994933222529,-0.742543577928848,-0.0358096914561674,1.2740719670154,0.0275191712023408,1.20417198785435,0.113511900198828,-0.261786922353975,-0.070699722050917,1.03208465295903,0.35781044539945,-0.214200066823572,-0.484886321845975,-0.0704815881987952,-0.129723207568277,-0.309869628055662,-0.0126655670145189,0.386154708853986,0.200320309280303,3.08,0.0
12393.0,-4.06400473842815,3.10093489093256,-1.18849800365476,3.26463274045175,-1.90356235801726,0.3203505872957,-0.954940039087007,-3.27753491983773,2.82082866173719,1.01511287978593,3.18718689736493,-7.00432728360605,0.872710605485111,-6.22060535304292,-0.904444629573358,-3.07509188469837,-5.04473569177435,-1.71808268516882,-0.662462068430895,-0.531897693292296,1.68866543097474,-0.0788446980063478,0.19373092657711,0.479495953884992,-0.50660305739906,-0.409862744197452,-3.03627132936069,-0.630605198840545,179.66,1.0
79540.0,-0.140299279111156,-0.00615916583026964,1.56533648445144,-1.03119148332402,-0.0317276127003105,-0.0106382197165932,0.68571754497686,-0.366033608111408,-1.00196655380395,0.705225711196185,1.19316451342293,0.763598193470557,0.275890508895897,-0.616943703187659,-1.57920942280961,-2.02953548280581,-0.105552329374747,0.591472605537187,-1.34181572332744,-0.473640220861579,-0.415372046825688,-0.272523305681016,-0.0524933208707135,0.220966871933566,-0.372170411033143,0.0800141272979168,-0.411679540340576,-0.422984811247518,28.0,0.0
68207.0,-13.1926709562391,12.785970638298,-9.90665002092758,3.32033688288942,-4.80117593230105,5.76005855618556,-18.7508891580107,-37.3534426378925,-0.391539743919107,-5.05250236713858,4.40680552357904,-4.61075647740608,-1.90948796970811,-9.07271093398351,-0.226074450896345,-6.21155748212485,-6.24814535335983,-3.14924669470095,0.0515761185277783,-3.49304991519446,27.2028391573154,-8.88701714094871,5.30360690376998,-0.639434802306313,0.263203123457008,-0.108876929971315,1.26956635541013,0.939407362758877,1.0,1.0
44393.0,-4.61746102917986,3.66339525318756,-5.29744641020372,3.88095965427288,-3.26355091342907,-0.918546733700683,-5.7152620778107,0.831039550183167,-2.45703377841015,-5.72681709632961,3.52572598717089,-6.48911156043177,-1.01279063167124,-7.05231095228929,0.78444540329242,-6.77397674966222,-8.58807007314333,-4.51089174541971,1.14787783834912,-0.34645583270524,2.69817489528664,-0.0270808907137453,0.366775230313112,-0.123011441662663,-0.300456526768528,-0.239996239629945,-0.183463054061235,-0.0733597031884566,1.0,1.0
50706.0,-8.46184470133154,6.86619841481805,-11.8382692206767,4.19421096699453,-6.92309709702798,-3.22114664850055,-7.55349651116055,6.015618186942,-2.4661434402463,-6.24624318477127,2.94398521977131,-6.51238933713471,-0.698175946764313,-7.54364593187217,0.92645528395257,-4.3302948063467,-7.33969796421674,-2.55090085394741,0.645904895509124,0.814710155897088,0.918244480856236,-0.715366336614015,0.210747336284603,-0.0602114737129364,0.509534595479059,-0.257283692851139,1.17002651560613,0.229300914797861,99.99,1.0
44224.0,-1.2383415843618,0.811785575376355,-0.497376892256759,0.872691148349668,2.57856026210535,-2.60372286532548,0.798482283790172,-0.252029053619033,-0.921666929691517,-2.09321102089057,0.617475129860955,-0.384793629496926,0.288926230320657,-3.55987536141612,0.343249188476341,1.13956035923907,2.42123601477806,1.40136904694365,-1.4136262574145,0.259036868464942,0.0122233134961718,-0.25140448857797,-0.10814506088606,0.0582521130392524,0.166061109489815,-0.519008136405591,0.11971857739755,0.251395956663987,1.49,0.0
49861.0,0.951653192505508,-1.5030825946608,1.46772497824551,-0.211692852700056,-2.07235012917001,0.211591221184321,-1.32121675853502,0.242753466708005,0.14896823609493,0.419743161758946,0.955690863517964,0.686643880795434,0.238504915714917,-0.99728239789935,-1.5317815563227,0.9293381554853,0.515470777251065,-0.83010093165789,0.982917258712452,0.394160395394904,0.338559944709189,0.850481861151443,-0.209459750813168,0.610612275627442,0.329128157938694,-0.120011560141164,0.0443695907531459,0.0486052162334703,168.24,0.0
76876.0,-1.29835900258265,1.07967115744319,-0.180677930886891,1.28783908383189,1.85827347944352,-2.22369500209375,0.525166986044906,-0.0968743110676978,-0.168893374133313,-2.544410418956,0.706999574201444,-0.835695915134352,-1.02211731659325,-4.99399178918475,-0.455706843211384,1.31536513941655,3.63919954823548,1.62342609471098,-1.53933883157799,-0.18757199362802,-0.332983053581271,-0.851270427572191,-0.370799798865314,0.29824168728035,0.442929877216587,-0.522832450531743,1.04856507220322E-4,0.135698346061769,1.0,1.0
76876.0,-1.29835900258265,1.07967115744319,-0.180677930886891,1.28783908383189,1.85827347944352,-2.22369500209375,0.525166986044906,-0.0968743110676978,-0.168893374133313,-2.544410418956,0.706999574201444,-0.835695915134352,-1.02211731659325,-4.99399178918475,-0.455706843211384,1.31536513941655,3.63919954823548,1.62342609471098,-1.53933883157799,-0.18757199362802,-0.332983053581271,-0.851270427572191,-0.370799798865314,0.29824168728035,0.442929877216587,-0.522832450531743,1.04856507220322E-4,0.135698346061769,1.0,1.0
41164.0,-5.93277795485543,4.57174320411303,-9.42724692838332,6.57705643811276,-6.11521812544893,-3.66179789602346,-10.8940785545016,3.70921000751656,-5.85952387304171,-12.981619145004,8.26529460055417,-14.1541653609607,0.479842781966758,-16.3375959447735,1.64604527960375,-12.3753974432385,-21.090612716108,-7.7245457358645,3.85637474254372,1.19107830456005,2.01427156558263,-0.167416617986259,0.0499675298711021,0.384429719031746,-0.0778835668224832,0.56549290579318,1.79201191700266,0.371007021212136,5.3,1.0
31121.0,1.20594807580566,0.323530810759793,0.428264547119045,0.780797300577414,-0.537538544504572,-1.25275809524028,0.117959345431542,-0.232900308811102,-0.00349193161489242,-0.292090715183536,0.239000090310367,0.385177106752765,0.250523489850104,-0.280491694288096,1.06322876818128,0.381671544069715,0.109072977259949,-0.412286604163384,-0.326279499429081,-0.0572972574822211,-0.256661072939598,-0.770939363782746,0.156149980602535,0.674393037495542,0.170073121550395,0.0724288942537977,-0.0248142018984194,0.0367718661282951,16.0,0.0
32338.0,1.10649129591171,0.493569371224766,-0.401953598314606,1.14805607058408,0.411480358434681,-0.00480374569528028,-0.0260068567262042,0.246038794677719,-0.182944547760362,-0.567443072613418,2.0770408604877,0.129848529356304,-1.34553371151997,-0.851278265516318,1.02272653596744,0.256475822214676,1.27285960340566,0.324363743072183,-1.05211776142694,-0.225421989292007,0.0267069815642807,0.127003652455061,-0.0617903555874567,-0.452096580680281,0.474218306149143,-0.281647411986267,0.0570282266258563,0.0380401204327081,1.0,0.0
76527.0,0.977510786071824,0.374811643717997,0.779271431378165,2.34213146771295,0.380181141994003,1.30092015109338,-0.250480006203126,0.515627001398712,-0.679608941665541,0.49852624371883,0.657327225992346,0.0952034102717684,-0.724196068590172,0.553361320572932,1.69566172249318,-0.556241503611403,0.709972170025773,-2.44406664279705,-2.59079299733892,-0.342910870747425,-0.116248990618749,-0.292552891864346,0.322205085968956,-0.70006971238295,-0.130920413041931,-0.155577908811647,0.0611407267120073,0.015728332973096,1.89,0.0
21662.0,-18.0185611876771,10.5586001882538,-24.6677412485732,11.7861803616399,-10.564656569212,-2.64568119936245,-18.02346767268,2.69365540308048,-6.21946362785238,-12.7447607871859,9.31813768535999,-13.3778574339457,1.02192386777466,-12.7843458873548,-0.451145843251939,-7.55136493140559,-11.3259968724596,-4.70125277749548,0.516317073274611,1.00770320533757,-2.31947946208034,0.908838783150801,1.35290370698024,-1.05922233762791,0.185750941504222,0.687037383632165,2.07808058379956,-1.42951702264525,1.0,1.0
65478.0,1.02933093384664,-0.472603049621391,1.18119781616255,0.806213953086176,-1.19466420214704,0.00769764433434306,-0.730361430158375,0.269428384090792,0.838727663776334,-0.0635428918281535,0.770155854522916,0.521048193935192,-1.17908552828832,0.031024435300999,-0.368218384166312,0.42048595385746,-0.357908693363865,0.411808372862012,0.239258969539336,-0.0493380261134084,-0.0193097818711413,-0.0806713582443383,-0.0172846467544072,0.336624782794712,0.16477384682266,0.297532104022944,-0.00494535621106222,0.0243070425298522,64.99,0.0
38204.0,-0.276168149089687,-0.495003106187032,1.02683968612789,-2.81641536940759,-0.0916929377203654,0.384917936208679,-0.311771711339077,0.177103764572609,-2.55045716016998,0.906741359178054,0.131421468905318,-0.745736386695997,0.513307138158413,-0.288807138429148,-0.495663223367698,-0.00300825240534999,-0.160967862016134,0.486740255699432,-0.445690782366647,-0.295177407435004,-0.0852411262222703,0.0435116117894981,-0.153233010768272,-1.18646650664897,-0.205110303870758,-0.327231955810871,0.137960868685851,0.115960753611345,25.0,0.0
76123.0,1.31988681189841,0.191954881277576,0.151905226754008,0.428843492753116,-0.117955050493755,-0.525944929704643,0.00819545629255859,-0.12235405031365,0.181066185482307,-0.049018079717126,-1.05380468842923,-0.183138261234038,-0.0569350014470755,0.292148924407794,1.14996954000524,0.571446818625299,-0.698021319293621,-0.205404348902057,0.200580187450248,-0.100367573250752,-0.318806863634841,-0.940955113249154,0.0395538137423983,-0.474553818042264,0.311928384001138,0.148357961426884,-0.0334509994228816,0.00931904155635965,1.29,0.0
73977.0,1.19978590632372,-0.0097657807485234,1.04238502533542,0.730793577989566,-1.09511705051397,-0.939521517870462,-0.407399453355798,-0.0232130794497245,0.525860495754891,-0.0517160562236352,-0.214139007210044,-0.260683034718424,-0.991703405154772,0.296288835971655,1.40936589420025,0.531841381356617,-0.361139984506546,-0.100498850278063,-0.439830568928236,-0.167568903366096,-0.0775854266390655,-0.276199416115686,0.146093172952815,0.700707729356017,0.0794088666466841,0.196662082836204,-0.0133621885558391,0.0275825602469956,6.47,0.0
83567.0,1.20032571974372,0.11496380814565,0.228114849584466,0.464972502528954,-0.202545297815581,-0.476169832657486,0.0350314847954481,-0.102924955544392,-0.25733473069314,0.108447327862271,1.1753496707973,1.10812531898292,0.734521334903383,0.32546057681987,0.246126294125425,0.455378677982521,-0.795256082741719,0.286442969342465,0.152302927331864,0.00989716910019385,0.0947034114871316,0.261514862573607,-0.160065402539495,0.0614682742363429,0.548933164345494,0.427581029232659,-0.0400449396722209,0.00308582929850479,28.29,0.0
46149.0,-1.34650881762975,2.13243062687771,-1.85435531823997,2.11699770636107,-1.07037837875552,-1.09267135682306,-2.23098606430574,1.03642490791919,-1.89551573571367,-3.36401057980002,2.88704787664695,-3.78445965821089,-1.28890425847532,-3.98562600822203,0.531838297985603,-2.60370264991872,-5.15759639749234,-0.696010004579956,1.28596139472532,0.221918669151309,0.609508181503446,0.202874284952422,-0.0607913872259794,-0.186733353366053,-0.0174012274970924,-0.283751034119116,0.395451049081013,0.233138575967241,1.0,1.0
25471.0,-0.311566024569753,0.727435347354014,-0.653628543562904,1.20582816675987,3.50538619507263,3.31201338485116,0.272601968782854,0.804593321194064,-1.70764043181553,0.667063947353066,-0.482003710266074,-0.584711119715926,-0.0985985898650982,0.654337916704903,0.449237243519171,0.276811233686806,-0.755384759635462,0.227817775191397,0.252934658761251,0.177775816197653,0.125696165839502,0.0907396570738611,-0.0412263019136792,1.00354555726726,-0.372941619369586,0.0172630866258601,0.15171376828739,0.193515206502912,6.68,0.0
74651.0,-0.509321588379746,1.18411739567495,0.643145082321326,-0.418765564433526,0.644755315092063,0.0709385994247825,0.523678712357575,0.203841426980587,-0.284763127380672,-0.0141170569370305,0.2171143636504,-0.129266091889326,-0.313050933731887,-0.267881374305021,0.369026828509609,0.973615683941532,-0.702958607919042,0.846319508270055,0.675532902885822,0.255320760801541,-0.337320832663702,-0.891832025494615,-0.179468753157654,-1.07599917267985,0.0181758191832672,0.143740706636559,0.342494463644269,0.133675912893639,1.29,0.0
41074.0,-0.114371443009178,-0.904433866416815,0.015374486919111,-3.49390969000431,1.30850375911508,3.3591255153033,-1.02446853874719,0.907121161097048,-2.14222990368827,0.900669783617592,-0.595422135459262,-1.31134863096595,0.453379286642761,-0.47667759723647,0.258085818651715,0.339831912848966,-0.436113736868557,0.86711450113663,-0.6956629547607,-0.162319062571643,0.0656093292625646,0.322125083886181,0.0679369710378639,0.977217537594718,-0.571579363389839,-0.372809828348382,0.201021108567916,0.193063089377361,42.3,0.0
87900.0,-1.80422366411356,1.64175325033167,-0.546521973941757,-2.98786118614278,0.563519046902836,-0.581874460905266,0.668344798788084,0.572793714890005,0.647517555945915,-0.0150479412400544,-0.0302509610286451,0.00613397851658881,-1.42535368951971,0.62454612082709,-0.936603861442084,0.764223281912257,-1.06640347825169,0.0189102728401014,-0.398767617227297,0.280544796529226,-0.367245302161192,-1.01595821339551,-0.0690023913037679,0.0438743686282564,0.164346563265913,0.381713310986911,0.502675866021679,0.333660386508892,1.0,0.0
46057.0,-1.3094413460044,1.78649494921925,-1.37107024042555,1.21433549160762,-0.336642221570741,-1.39011986486896,-1.7091091066305,0.667747590382643,-1.69980879955917,-3.84391103993778,2.96259879138962,-3.95604520140947,-1.53923191944683,-4.63463139323434,-0.248403490673103,-2.05855138409951,-5.63549400383391,-0.775271204300359,-0.23930965408033,0.253464129147281,0.533521286327158,-0.0221799534199139,-0.299555851230085,-0.226416167090146,0.364360460778096,-0.47510178544057,0.571426303828437,0.293425836896259,1.0,1.0
56887.0,-0.0754834663888726,1.81235458422751,-2.56698081016962,4.12754860722303,-1.62853157024518,-0.805895445766318,-3.39013454458215,1.01935326231828,-2.45125125188341,-3.55583492739064,4.31571103012142,-5.47980167679906,-2.11550315600957,-5.5887855765974,0.280108069299552,-3.50723062361012,-7.45709493793125,-2.32549168188332,-0.440434552920779,0.338598140549314,0.794372451897782,0.270471232297866,-0.143624140755259,0.0135659145316466,0.634203128800614,0.213693187250942,0.773625466697089,0.387434054572014,5.0,1.0
22678.0,-0.561668682234209,0.132104529152128,1.01651653934413,-1.90101981281994,0.492735317355958,-0.254326302177215,0.306047553873884,0.101843020441789,-0.39290426602754,-0.310182580585302,2.30440790276201,-3.34348873564738,-0.0595641148249493,1.95950997922916,-1.20602027265392,0.648989722328355,1.15745709336681,-1.48344797354385,-0.867911727818776,-0.162006748219146,0.245622834092789,0.722077758188537,-0.186794066297153,-0.35302611265434,-9.2006803057787E-4,-0.319779295584045,0.0439475225941456,0.0851899549255029,15.0,0.0
62561.0,1.09077964928381,-0.127823647860751,0.617045732881948,0.891479359554044,-0.671024666125084,-0.619025805205968,0.0119193333582581,-0.143938385556432,0.447587465986092,-0.255452820102943,-0.562183126532006,0.760883892804644,0.482805908538397,-0.199691049187955,-0.185461937649007,-0.201229297529966,-0.0279446227388864,-0.773212482412268,0.195013721937954,0.0525401881795801,-0.251419361016203,-0.686756243729467,0.0106501612453197,0.419284023460011,0.328408296161152,0.171925455809093,-0.0248808712095384,0.0300429193258937,74.99,0.0
74931.0,-0.816465424065841,1.21836287194179,0.88477996483254,0.0856776527078111,-0.0393964352077836,-0.587540767941183,0.298195615634883,0.47459685508376,-0.619708130211383,-0.797894834035519,-0.0787734303085106,0.356855303438645,0.516920551885253,-0.147468786333243,1.07348746034067,0.198546117697256,0.436286739388528,-0.584218508602442,-0.461528470492678,0.0549118879425333,-0.17255570326465,-0.567326170044869,0.0984639678285512,0.0306955719428952,-0.192703333024126,0.101376184583881,0.13594286516144,0.0184475862057504,17.99,0.0
11080.0,-2.12548982597957,5.97355569173344,-11.0347272274446,9.00714687170235,-1.68945053397167,-2.85441528535313,-7.81044074525876,2.03086994595841,-5.90282812214984,-12.8409338181318,12.0189131816199,-17.7691434633638,-0.431035658230095,-19.2143254902614,-0.962464574748091,-10.2666091836641,-15.5033921000669,-5.49492764246329,-0.410480977392724,1.49377464554928,1.6465182926595,-0.278484510810644,-0.664841293974353,-1.16455536944202,1.70179641354046,0.69080561470369,2.11974873337031,1.10893340333617,1.0,1.0
52225.0,-2.42792056191727,-1.47853208965594,-0.437524926023961,1.52924352478875,0.616554530998036,-0.162175744820503,0.875498766007092,0.475239425373125,-1.10524536809331,-0.186283565683646,-0.0393876002374482,0.22076616024246,0.0828078490611524,1.05119731479857,0.484274672812007,0.21764174663205,-0.51357667096612,1.12542199059568,1.33692495165914,1.44119182514119,0.454584811514131,0.02067351526586,0.651766162332928,-0.875559870311917,0.0424426030462666,-0.26232357458538,0.185334485017373,-0.10319831129756,391.4,0.0
51112.0,-9.84877583247984,7.36554648639464,-12.8985382309124,4.27332307326376,-7.61199101126967,-3.4270452374345,-8.35080815251842,6.86360392236365,-2.3875673251028,-6.06578236274727,2.70785640511515,-6.13603446645473,-0.545976095807375,-7.02898027290706,0.916068574603162,-4.09288449351717,-7.01462170672071,-2.5309672589153,0.554027499068527,0.832398066019608,0.931958309450931,-0.87446736131737,-0.192639469446569,-0.0354260265633338,0.538665050436448,-0.263933516556866,1.13409509350836,0.225973163975667,99.99,1.0
62080.0,-1.59945740179415,2.60772002929222,-2.98719294171061,3.06415614684784,-2.49791431686821,-0.54110279282052,-2.2777862276701,1.26816610842127,-1.99733105335741,-3.83477508791878,1.11335409263987,-4.97692104108215,-0.795530934675206,-4.54955674371782,1.81376325403563,-3.17746049642958,-5.36934877847861,-1.1214541569793,2.03059193793375,0.22533293042937,0.662933039629134,0.184086858369512,-0.0894518031771282,-0.505999935132595,-0.0622588885489331,-0.0527144132804191,0.322854004983613,0.135267636745646,180.0,1.0
52934.0,1.03663855772541,0.407227280182074,0.75770616494457,3.16182144737059,-0.568122226356034,0.202180695126505,-0.68980405626803,0.41137993906161,0.336769232300548,-0.283731283967387,0.90311745288141,-0.158825775049249,-1.93070901899978,-2.37665364067708,-1.8101724846962,0.935791272330693,1.59150614830401,1.25947071382768,-0.666806394320072,-0.219461074162075,-0.0501076222906236,0.123760575662397,-0.132567901550036,0.350230553629671,0.507701400813083,0.189620904934317,0.0610156660255082,0.0631412801847289,0.76,1.0
85033.0,1.1763407510501,1.10816423428971,-1.66083671979771,1.62143237290853,0.88885147515869,-1.38624129842931,0.624370833290961,-0.173638802080213,-0.2440863458404,-1.56071903268976,0.804545417610432,-1.12648185213626,-1.52718398220177,-3.07402185560446,1.47560500533639,0.81081257239842,3.06298151568188,1.05707915924116,-1.18970344932042,-0.127045080897327,-0.190266262804147,-0.511651759751157,-0.175611398202599,-0.293238751748465,0.733709273986238,-0.261134385248873,0.0447734373559755,0.0930408037738311,15.27,0.0
42247.0,-2.52401156950864,2.09815186657166,-4.94607520997003,6.45658840962748,3.17392137712693,-3.05880605463133,-0.184709664717417,-0.390419986932457,-3.64981179874133,-4.07758540918968,4.38921350258246,-5.84955800710779,-0.750964374574877,-11.5838983872121,0.838750052957938,-1.4610292465747,0.635694232941605,0.390150149131876,-1.06302761603247,-0.162797482259592,0.0279349679314103,0.2203664412615,0.976347942245667,-0.290539415419797,1.1610017911475,0.663953624390758,0.456022723280535,-0.405682084802192,1.0,1.0
93853.0,-5.83919161928092,7.1515323543223,-12.8167600806187,7.03111476501099,-9.6512721679897,-2.93842725771624,-11.5432071690832,4.84362653179436,-3.49427572506535,-13.3207888671784,8.46024444901677,-17.003289445516,0.101556614891384,-14.094451660329,0.747030766392512,-12.6616957230679,-18.9124938172188,-6.62697484523061,4.00892074227194,0.0556838813863639,2.46205591127559,1.05486518382957,0.530480596078193,0.472669814042592,-0.275997967880675,0.282435024801752,0.104886020210564,0.254417096767513,316.06,1.0
105623.0,2.24694808066256,-0.610826793629856,-1.48255918855256,-0.780529876186038,-0.1012324151332,-0.686221550445406,-0.414681654234673,-0.319708578695056,0.924539791489271,0.429330699127769,-0.128350894689269,-3.44762079003255,1.06098806130516,1.5236276261878,-0.861647248880942,0.688349359269213,1.08406835600138,-1.46164861161267,0.68727973590544,-0.110325390715231,-0.153302270028023,-0.216831887234855,0.216526296084762,0.342008999416633,-0.0138394723287688,-0.326590683131848,-0.0736313275856091,-0.0679016091238817,12.0,0.0
79591.0,1.37522348266926,-1.0830448755733,0.350917877906418,-1.47533411888516,-1.24066952049875,-0.252766491962641,-0.954249237898867,-0.0291827401861279,-2.25707978459594,1.54258795414063,1.56479018574379,0.214911282047158,1.01574817564758,-0.158161154217154,0.0718462575227265,-0.537604615801482,0.500769522555135,-0.0790701662053789,-0.328280352647587,-0.243322476465322,-0.104876026283352,0.0398216314848323,0.00791977598269586,0.0140673252923765,0.313781001059325,-0.193706975760229,0.0368790185790659,0.0132149154761477,46.5,0.0
96717.0,-3.7058559456413,4.10787318567637,-3.80365599543613,1.71031444791959,-3.58246604635748,1.4697289395611,-9.62156012711908,-11.9131046925977,-0.322296771337166,-6.62569249371823,2.17523030559549,-4.38107755793604,2.06329870945929,-0.673818453194249,1.40076321660287,-4.25492662033392,-5.16021301572915,-1.30252591599748,2.59445276115475,3.63960274068724,-5.49877168010629,2.94147540326902,0.916235852911927,-0.25550447969595,-0.18383483865098,-0.584538952417976,-0.315483570351021,-0.0972228121259146,1.0,1.0
66696.0,-1.66933181661268,0.124845215846178,1.36596574516256,0.167722546890134,0.300564749218102,-1.12360780308037,0.188924802956647,0.26400690056798,-0.524003886329935,0.0115516161407245,1.41344672124632,0.695878095023745,-0.171806061346334,0.432938962609344,0.21580628797999,0.411803794523202,-0.528927105761622,0.133469483150943,0.31729342859045,-0.108596898631142,-0.227763956966508,-0.359355238594205,0.880158654072586,0.493333824696441,-0.0518358873378592,0.0406927973404488,-0.0336907962969403,-0.276520671182277,1.0,0.0
7526.0,0.00843036489558254,4.13783683497998,-6.24069657194744,6.6757321631344,0.768307024571449,-3.35305954788994,-1.63173467271809,0.15461244822474,-2.79589246446281,-6.18789062970647,5.66439470857116,-9.85448482287037,-0.306166658250084,-10.6911962118171,-0.638498192673322,-2.04197379107768,-1.12905587703585,0.116452521226364,-1.93466573889727,0.488378221134715,0.36451420978479,-0.608057133838703,-0.539527941820093,0.128939982991813,1.48848121006868,0.50796267782385,0.735821636119662,0.513573740679437,1.0,1.0
26833.0,-20.5327510764355,12.3739891389716,-23.0090029136283,6.14482097803751,-15.5872960035928,-4.38449066917613,-15.9390026942523,13.696416119399,-3.94845491908543,-8.78972336330438,5.61234710799626,-7.91442236630349,0.307819968365149,-8.32860088836825,-0.00697929458963793,-6.82452417207669,-13.3160791903173,-4.9216120866876,1.18820420779718,1.59275393136331,1.75460760918813,-1.46611525253641,-0.85677863566488,0.125776576475404,1.40258698975375,-0.223754856770293,1.57424873519633,0.469200693158523,99.99,1.0
44014.0,-0.919356247692055,0.926418220052096,1.98730446964052,2.45335893643294,0.191969456226464,0.36961565070037,0.451999875104163,0.0465489128426705,-1.17991839033111,0.636292401573828,-0.242992963876503,0.0574372072540573,0.881840519402026,-0.112271872504946,1.23822072731803,0.158922303163722,-0.174103145276179,-0.48517968338892,-0.243703553624022,-0.142105036806643,-0.0370522613440993,0.0603793378584928,0.405542555619124,0.0634043728738588,-0.657477287021801,-0.130515938502117,0.0152473421133166,0.112697169954623,39.0,0.0
31804.0,-1.7838879859911,1.24566959761455,2.09717305480717,1.03105855056837,-0.793755115383007,0.566460410151383,-0.403512325005936,0.625923900013805,0.627738720448049,-0.124830510272991,-1.03637051134602,-0.111653155456142,-1.0246042856631,-0.264646592188329,0.194920963495046,-0.813250671845468,0.703947359690854,-0.39674988450264,0.589646276009653,-0.264627765683386,-0.0541536854355672,-0.0298747927950372,-0.0940999988909521,0.0561974074305224,0.116731068286623,-0.403203863511389,-1.11781620841885,-0.466715330720427,1.0,0.0
21419.0,-17.4677100117887,10.1148157246654,-24.2021422329158,11.8054692105913,-10.1980458075926,-2.5799380080012,-17.6567879964837,2.25690247596699,-6.24214930949065,-12.8306571996417,9.44266526535108,-13.5474858999444,0.960728558325579,-13.0287170264518,-0.426674498701321,-7.65266166506753,-11.4853277896478,-4.72136957553102,0.550519004149565,1.00151850195952,-2.32802441621057,0.940830319350178,1.29681706144136,-1.05510390359967,0.11179202805362,0.679694612203418,2.09354057112569,-1.42549145377361,1.0,1.0
55311.0,-6.15960693036327,1.46871292315117,-6.85088814665684,5.17470627250374,-2.98670392387712,-1.795054145699,-6.54507152628193,2.62123613805269,-3.60587012643541,-8.12216107491307,6.02903256317613,-9.22585530778592,-1.54675863096913,-10.3093341893072,0.308062393533042,-7.78732622111619,-12.8221770045808,-4.36767713342358,2.64398422133793,-0.289829585956863,1.06131418230601,0.125737468595024,0.589592331660844,-0.568730604518481,0.582824720935876,-0.0425826450995479,0.951130233081124,0.158996023697089,0.83,1.0
13093.0,1.20867573495292,0.105041761410674,1.02784138814955,0.226616717179031,-0.747358747264235,-0.655427829550244,-0.416310852963651,-0.118165568752943,1.26849036401742,-0.393508414939219,2.7437825470459,-1.0740584241679,2.52261789093653,1.55741425555518,-0.270913723132058,0.603807614571795,0.0897587647595778,0.169855759747884,-0.0362079434994952,-0.0454078029503176,-0.269739619590068,-0.537700659869609,0.169498718020313,0.529794401914041,-0.0422690577576392,0.717325295155428,-0.0870078698786541,0.00204523314514658,4.99,0.0
75315.0,1.23741149249859,-0.135917427520594,-1.04993496246822,-1.32718140020376,0.71280065172774,-0.0814423926697906,0.462340980790543,-0.171310061095569,0.387913234328512,-0.805089401094011,0.792123125804216,1.59133358285008,1.36863269384384,0.52431169231483,0.836350969332007,-0.635189291734645,-0.598956638633332,0.0815370707064593,1.05726275217998,0.101883709974182,0.0561746460845041,0.233561369153323,-0.405412529331111,-1.26924524431981,1.03628263004943,-0.368017416128057,0.0158063338670645,-0.00656898352427687,63.67,0.0
26556.0,-19.1798264145873,11.8179219897853,-21.9191735807843,6.0862356342864,-14.7088447898427,-4.30888760741835,-15.3579518065836,12.8571650181242,-3.99986076978115,-8.9286556608751,5.8492930661792,-8.26164983722413,0.153829148314596,-8.82935922766409,0.00887883882572681,-7.0709530089254,-13.6297209427085,-4.9588298158479,1.27209136353211,1.572949614923,1.74680154191934,-1.35314876613352,-0.762965072731218,0.117027851903743,1.29799375563032,-0.224825057048525,1.62105238966989,0.4846144027264,99.99,1.0
65936.0,-3.5934760029271,0.78144226309285,-1.82244751422669,0.605760683474701,-1.19465586719981,-0.517194856719497,-1.72252312325165,0.128889523769538,0.0149633080909052,-2.85611682977408,1.61826162043188,-3.58137450130299,0.623706919914784,-6.16045662030601,0.494733399107095,-2.54310504010287,-5.30127339068683,-2.19271270602319,-0.09472379272847,-0.478219313417121,0.351792125839819,0.391248950287018,-0.252874890557857,-0.498042480147132,0.0101721931231225,0.909928721553306,-1.47876724603751,0.722673039450917,101.5,1.0
44393.0,-4.61746102917986,3.66339525318756,-5.29744641020372,3.88095965427288,-3.26355091342907,-0.918546733700683,-5.7152620778107,0.831039550183167,-2.45703377841015,-5.72681709632961,3.52572598717089,-6.48911156043177,-1.01279063167124,-7.05231095228929,0.78444540329242,-6.77397674966222,-8.58807007314333,-4.51089174541971,1.14787783834912,-0.34645583270524,2.69817489528664,-0.0270808907137453,0.366775230313112,-0.123011441662663,-0.300456526768528,-0.239996239629945,-0.183463054061235,-0.0733597031884566,1.0,1.0
41237.0,-10.2817840384715,6.30238478416897,-13.271718028752,8.92511547634157,-9.97557831146449,-2.83251346361162,-12.7032526593299,6.70684583868978,-7.07842395823848,-12.8056831898117,6.78605830197451,-13.0642398936784,1.1795245105938,-13.694873039573,0.951479176238826,-10.9542857275047,-20.5835927904158,-7.51726213169106,2.87235363605874,-0.247647527731929,2.47941350799644,0.366932842343897,0.0428046480276363,0.478278891799746,0.157770817898023,0.329900959238367,0.163504340964582,-0.485552212695879,118.3,1.0
30780.0,1.08042889759095,0.0760224770795961,0.261261494809423,1.22231559221729,0.0809263164924659,0.356399487622469,0.0354543471251508,0.116947762846066,-0.0232020828559475,0.0148360239744257,0.951037005152157,1.36750682749608,0.329577192493592,0.154365989058542,-0.819029422527686,-0.449083135027371,-0.13311537706297,-0.427876253458205,0.0316413748027546,-0.0692052992217879,-0.0458101105980288,0.0173013935667141,-0.150411632441221,-0.272516673660068,0.680916663626182,-0.315098665886275,0.0324288868869352,0.00941828180489082,42.0,0.0
18088.0,-12.2240206243564,3.85415032971366,-12.4667657248211,9.64831072711484,-2.72696132147655,-4.44561038185083,-21.9228110340575,0.320792273696859,-4.43316165783721,-11.2014000859835,9.32879925655782,-13.1049334662012,0.88848078772943,-10.140200337183,0.713465392614318,-10.0986706554809,-17.5066115481045,-8.06120798966267,1.60687003263877,-2.14718143950284,-1.1598299509044,-1.50411888189644,-19.2543276173719,0.54486672601225,-4.78160552206407,-0.00777228109993075,3.05235768679424,-0.775035651186717,1218.89,1.0
57163.0,-10.3630494651588,4.54367201286394,-9.79589773551539,5.50800333404763,-6.03715599427489,-0.133492972364907,-11.7243461176622,-3.19834557193323,-4.76784222430147,-9.33212806886128,5.2241240042156,-7.74312234505579,-1.56034320038539,-7.14041803349475,1.18597782557697,-6.59870406570123,-12.1205390025684,-3.90409153348034,2.51343040062446,0.924396179705582,-2.45714487251707,1.68725664165106,0.977178353536712,-0.543368976583511,-0.289124786926125,-0.107586425389056,0.330641897772597,0.163577149556086,1.0,1.0
91407.0,-3.95120850670532,2.88180518239049,-6.42149029451106,2.43418142416554,-1.32732453838007,-2.12210598673342,-3.2275333300383,-0.68556047558208,0.775985124963588,-4.72309174576035,4.921657447038,-8.75277008726404,1.52019774197935,-8.5520227319441,0.351975957711389,-4.5340297530839,-6.46540863418339,-1.89030997911689,0.174840185624481,-0.669351428982036,1.41047856462921,0.279402820830601,0.570821171370176,0.65627101478476,-0.298600548903483,-0.407571358894306,-1.37870253026193,1.37913029153249,52.69,1.0
41413.0,-15.1404496225073,7.37804241221284,-16.356367356494,9.19493491430021,-13.4661632895942,-2.95843050082103,-16.1655386244192,10.0752539455532,-7.90182112627786,-13.0094028057641,4.82823533219729,-11.0584014244364,1.99812557552295,-8.59204740189288,0.540385309176116,-10.6157452968661,-21.0178983428443,-8.39739305199317,3.18355894967976,-1.69148198782553,3.14742810473234,0.341677595071206,-1.15016247089952,0.795189734964946,-0.194542181109758,0.145963568626439,-2.45868034756574,-1.18988788135128,106.55,1.0
97235.0,-17.5375916846763,12.3525186682391,-20.1346128135864,11.1227714331133,-14.5710801396343,-0.381622313270995,-23.9286610291615,-4.72492103304407,-8.6030380974132,-15.2318333653018,4.41705461009659,-12.8935202086054,-0.10962845638889,-3.54722989444144,-2.17782399757845,-10.4020683266181,-18.3720191223339,-8.31409231206699,2.43582348553379,1.9251025961188,-4.35221313065903,2.38904092140055,2.01912792631133,0.627191869568278,-1.08599721239039,-0.0718032360759346,-3.83819790404877,-0.802564460951448,9.82,1.0
35105.0,-0.812777934346833,-0.298236319953745,1.8720012125627,-1.81152697173308,-0.48031014541086,-0.305097391280959,0.0325398447220436,0.312970584762787,1.39874246310297,-1.62570248064025,0.335799100015483,0.42509672575747,-1.55491461864592,0.0437900087923166,-0.362488331472709,-0.106039286526371,-0.555665293523237,0.976928410647586,0.538392875319758,-0.0165489181400833,0.128433800637407,0.315457164596036,-0.0363572346725534,-0.0239920744706419,-0.0637729769676235,-0.870373824678684,0.150591503493779,0.139707229356013,67.0,0.0
43494.0,-1.27813773524814,0.716241580332591,-1.14327922918382,0.217804800631468,-1.29389046969973,-1.16895152511977,-2.56418198278833,0.204532467641239,-1.61115462297744,-1.25028553742691,3.36736102310858,-4.58309584545642,-0.806939683730076,-5.20830522179452,0.525823682164556,-1.81591431259746,-5.24911146794949,-2.19669120679566,2.10905264474381,0.817203155491914,0.490182667533974,0.470427403079725,-0.126261344339209,-0.126644458784455,-0.661907559467122,-0.349792996571914,0.454851068382725,0.137843477172283,24.9,1.0
55916.0,1.53767487768997,-0.977381925439058,0.103955131361695,-1.19331058013068,-1.40400656909002,-1.0665179736212,-0.740108929981526,-0.266968709505138,-1.69364487036906,1.41407565126734,-0.852337946849762,-1.19595889440581,-0.472833863319735,-0.200151774959679,-0.300219592237178,-0.944542785125511,0.921872853194679,-0.226193777875924,0.0587380458807339,-0.411461672316814,-0.221157570578992,-0.146453131506739,-0.0717627284556548,0.385485461314712,0.652788035127874,-0.0611836710138983,0.0118242861830114,0.00693943753407916,10.0,0.0
28143.0,-27.1436784229495,15.3658043803315,-28.4074244550982,6.37089534679314,-20.0878775718571,-4.66631306343841,-18.7094788213717,17.9035743750222,-3.72227873753244,-8.12096173759343,4.41994345577668,-6.21094112120869,1.06383739513242,-5.84352838067721,-0.108836449172905,-5.60659732565665,-11.7562556050179,-4.71494676131661,0.783577593799492,1.70388764553958,1.79682638880552,-1.96097371657716,-0.90224745220798,0.144011442167384,2.02438803943008,-0.204214065769385,1.33215305903359,0.385890728011147,99.99,1.0
102542.0,-1.45687631770562,3.74030556080113,-7.40451844591174,7.44096403590735,-1.5498779534738,-1.66169686169337,-5.75721301357641,1.61501101078404,-2.19488072574389,-6.80713525144464,6.82579316213884,-10.3997491177692,1.83644883978883,-11.872845098188,-3.6423925983095,-6.0441031440521,-9.75077638654123,-3.11637225405711,0.0653171492484702,0.529557330911833,0.957897451629944,0.145339479676781,-0.0447039008346728,-0.544961671329029,-0.757756535554721,-0.00535236923589807,0.318152285707546,-0.323553622642371,2.28,1.0
43028.0,-1.10964552515211,0.811069300236989,-1.13813532731484,0.935264670223385,-2.33024787785051,-0.11610605479739,-1.62198623466478,0.458027900124116,-0.912189159098001,-2.96199570179906,2.77896789639267,-2.37959961108923,0.918962784041379,-4.01578678027745,-0.530009790602772,-2.81588776765893,-6.6493577879714,-1.74611328389964,1.08340676372199,0.168890572541282,0.641593528333926,0.841754904759402,0.176727750810022,0.0810041184974676,-0.258898742565752,0.707654245320429,0.418648658517389,0.0807557537005394,204.27,1.0
41170.0,-6.49808616880785,4.75051466030858,-8.96655783136602,7.09885431317009,-6.9583762227814,-2.82212618665779,-10.3334056561063,4.03190730189525,-6.64877821018697,-11.6344144245911,6.87757089846463,-13.6976856184689,0.463040401836978,-13.0441824003561,-0.309229265664683,-12.3175797238757,-24.0190985475902,-9.33519307905321,1.95189049542104,0.568338010653019,2.15814308370257,0.1115103626317,0.216413836254987,0.584661255488016,0.760359507805524,0.0819723426822078,1.41506751068321,0.0351241448009389,83.38,1.0
101051.0,-1.46531575579616,-1.09337687781209,-0.0597678482279439,1.06478463530602,11.0950886001596,-5.43097128323669,-9.37802517086658,-0.446456139679101,1.99210961400888,1.78592177154007,1.36858453419511,-1.47169658834377,-0.72475884619705,3.44242199594215,-0.957403224855046,-1.62612941891216,1.41821495932655,-1.41791682839858,-1.65176618071699,-1.4576102135585,1.16062328833533,-1.2596968082996,-15.9816491909559,-0.883669935248733,-3.53671623161143,-0.59296488849027,0.675524833181225,0.424849351792902,0.92,1.0
63164.0,-0.807286988206311,1.16524404280114,1.28447448995519,-0.0476596303957642,-0.53705995940781,-0.778080354785245,0.154755141871065,0.568736951346677,-0.641557680070028,-0.327330469106147,1.11505050782956,0.183406231075973,-1.31405558158638,0.92266494529778,0.234472449794093,0.517132336551216,-0.327555286682906,0.271579321847117,0.230694562854047,-0.0935730887325256,-0.136153386924545,-0.560856516605953,0.0581823935296474,0.480418273299318,-0.271342553473596,0.0479132145965398,0.128566189081488,0.0470575329563225,1.98,0.0
93965.0,-11.3977267217611,7.76395304621262,-18.572307456296,6.71185525207739,-10.1742155991554,-4.39591833120843,-15.8937882429266,2.08301258152135,-4.9888371802491,-15.3460988468775,7.09318207259894,-14.9797547574476,-0.148288045224015,-9.93567958156078,-1.16199939019334,-11.6468338293624,-18.3838524599849,-7.40273080415809,1.94169681013401,0.208879130047717,0.339007373241803,1.34292261443867,0.239217367154604,0.534644166424257,-0.174964905765612,-0.500240426616998,-1.72206026726614,-0.574339363297002,11.4,1.0
35585.0,-2.01900071938148,1.49126972926361,0.00522181572867197,0.817253270463702,0.973252233873376,-0.639268312778292,-0.974072997078786,-3.14692889107659,-0.00315907368902013,-0.121653217684609,0.0243696057661544,-1.07381224038496,-2.00276910919169,-0.895433620751722,1.74893630108012,-0.103527023620705,2.03119574973193,0.31759835677742,0.38676063692414,-1.02996468249782,2.83959610796444,-1.18544284096841,-0.142811875801854,-0.0861029384113329,-0.329113253522425,0.523601226377288,0.626282771397878,0.152439938058669,0.76,1.0
30971.0,1.24235054148266,-0.0900425830527359,0.151048590558208,-0.304314748502599,-0.238078975899047,-0.230514467223429,-0.201475143406281,0.108171693969555,0.0997518491873685,-0.0475247944862895,1.27438191025422,0.435992536312213,-0.865287105318411,0.653225025915599,0.7203662040721,0.253163143982988,-0.304394188683777,-0.401734186504379,0.228487480736289,-0.145142850663928,-0.185403070383534,-0.569518371337408,0.10113407899159,-0.277947854840173,0.0829205341522604,0.882632089976588,-0.0804129801972062,-0.0150722032054182,0.0,0.0
70270.0,-1.51251575792702,1.13313858781029,-1.60105247993576,2.81340096831714,-2.66450340578315,-0.310371093924795,-1.52089516380539,0.852995775116439,-1.49649450564954,-4.05629261571005,1.55375586796783,-2.74355135914945,1.50454067059684,-5.42878849870488,-0.0160171233729703,-3.72718761269833,-3.94629958919926,-1.68028644319238,2.30361261010114,1.24958556268985,0.729827756052255,0.48528591471162,0.567005413227757,0.323585691602658,0.0408708540928058,0.825813553299941,0.41448227186994,0.267265082454707,318.11,1.0
41203.0,-8.42681446458936,6.24165891255794,-9.94646974501132,8.19961393161759,-8.21309336768256,-2.52204605104398,-11.6430282742756,5.33950009801351,-7.05101582770698,-12.2653238444006,7.04773274001302,-13.7429528415799,0.821627223133927,-14.1074642630375,1.02047093981622,-11.8478871921138,-21.6739867132891,-7.78404247450965,3.20430921695579,0.563869352833826,2.42746037443776,0.692666548056743,0.0203051671536146,0.499809093124917,0.467593621860553,0.483161969665241,1.19567086957704,0.198294350072086,88.23,1.0
11080.0,-2.12548982597957,5.97355569173344,-11.0347272274446,9.00714687170235,-1.68945053397167,-2.85441528535313,-7.81044074525876,2.03086994595841,-5.90282812214984,-12.8409338181318,12.0189131816199,-17.7691434633638,-0.431035658230095,-19.2143254902614,-0.962464574748091,-10.2666091836641,-15.5033921000669,-5.49492764246329,-0.410480977392724,1.49377464554928,1.6465182926595,-0.278484510810644,-0.664841293974353,-1.16455536944202,1.70179641354046,0.69080561470369,2.11974873337031,1.10893340333617,1.0,1.0
7551.0,0.316459000444982,3.80907594667829,-5.61515901119457,6.04744510216478,1.55402595692572,-2.6513531120137,-0.746579273100222,0.0555863112529252,-2.6786785422399,-4.95949291161496,6.43905335158373,-7.52011739288703,0.38635166741077,-9.25230724747513,-1.36518841502051,-0.502362190618164,0.784426598154274,1.49430460743838,-1.80801215867357,0.388307428238927,0.208828369001674,-0.511746619200722,-0.583813220813723,-0.219845029091423,1.47475258440688,0.491191925656006,0.518868284577287,0.40252806767232,1.0,1.0
11866.0,-0.688175679383606,0.784316445988403,1.93328802431088,0.341899917123775,-0.0845182851080585,-0.379926972316965,0.379082380813521,0.0223921751190027,1.0728383941553,-0.728147925816253,1.79959510421706,-2.22049269907971,0.264439721750737,1.6805866033448,-1.74658251040136,-0.262739197587906,0.673700548370183,0.308755464004729,0.442951012503202,-0.17675277344669,-0.220218097274485,-0.387850020789254,-0.116174413302596,0.48600657011107,-0.208624675418978,0.143894842160745,-0.0955013124263925,0.103316346194923,12.43,0.0
109297.0,0.745153216872909,2.80929887414381,-5.82540635746786,5.83556642595055,0.512319881201007,-0.615622343185995,-2.91657564356736,0.776710041712962,-1.87883185000296,-4.54693575081085,4.69879549591235,-8.50778570734412,0.718249309268122,-7.62871014660448,-2.24957848303647,-2.55866861696795,-5.30462366328046,-0.956938449028105,-0.585321852047277,0.40283675391689,0.284840710005163,-0.874383479410998,-0.0839950451669313,-0.651441658316508,0.454593823671078,0.0503758982755266,0.756952562644727,0.383868938615243,0.0,1.0
41305.0,-12.9809425647533,6.72050777097643,-13.4556359425571,8.69861009281133,-11.4795517833437,-2.68151865053833,-14.0192907576919,8.21819051252864,-7.93089996826719,-12.6959474039839,5.58936163192341,-11.9608660326622,1.53867076186333,-9.88721406724695,0.6339792179337,-11.3502438549644,-21.7101876525534,-8.85945192496352,3.62971365041526,-0.84330261969681,2.54962823474498,-0.532227763596568,-0.235096473604284,0.673209169467055,0.22659797207791,-0.00616785819002466,-1.18569550568181,-0.747361321404312,59.68,1.0
28759.0,1.05497537159281,0.172032094593326,1.02085354537886,1.89507438346161,-0.78563638384266,0.0112336771067201,-0.655080152809003,0.225120617507826,1.00465200698218,-0.891556614210273,0.0774364414405176,0.787678742099831,0.197840542751251,-2.1860112423733,-0.398127606376849,-0.276372997568607,1.62180120530543,-0.0427473347590233,-0.90912047638546,-0.140847467437885,0.0912027755316731,0.723885361999646,-0.106816538481843,0.555094201769254,0.563505013360514,-0.118768887236579,0.120586204489689,0.066874313793366,2.5,0.0
79666.0,1.40720701113343,-0.449520395431337,0.318788715727082,-0.849803930225841,-0.790670654251409,-0.552986655027009,-0.588107090912418,-0.0892622035862446,-1.09725649460604,0.792519168384235,1.23338695215018,0.236420807740144,0.625139734855103,-0.0688584892104907,-0.00711263850296569,1.37318239951076,-0.143320322156495,-0.839805072923165,0.929759071414402,0.108858790470017,0.177242283345862,0.443821971957216,-0.0970254115331044,0.0480896635657746,0.53031523355247,-0.20604701520551,0.00437266223279436,0.00214450261802346,3.95,0.0
91554.0,-5.10025566317088,3.63344238024837,-3.84391862443125,0.183208447320966,-1.18399737637674,1.6021393332506,-3.00595315203476,-8.64503780175356,1.28545810732477,-3.71748137540216,3.71921153916465,-5.03402974701745,0.918999158233287,-4.22036591807154,-1.05049995739584,-1.69104526842648,-2.37242320724166,0.450098503348706,0.407805060819919,-2.80630192287329,8.28043932580154,-2.79714954096118,1.09070659271567,-0.159259597476933,0.532156369375709,-0.497125808167425,0.943621624807946,0.553580691756943,261.22,1.0
1655.0,1.15994494877056,-0.0924707336845269,0.126677978450738,0.0311020415555913,-0.443155712477354,-0.913536317874287,0.207052040957032,-0.220172500545587,-0.0954532515014436,-0.127019347134183,1.55084921082711,1.54053977031685,0.678414661197264,0.206815709413106,-0.661070754254263,-0.233681890599707,-0.149209094104452,-0.429730279554351,0.559176215712812,0.0617867850045027,0.0141547380756551,0.09412841197241,-0.124668732406065,0.657772321438005,0.498297827536372,1.08454012080812,-0.102559489083737,-0.00622282026743833,50.11,0.0
77915.0,-0.383143915110599,-3.19798851636366,-0.973883483428305,0.24112770604415,-1.17812984075896,0.393133937604434,0.803650312538296,-0.142753781098681,-1.3803184408456,0.457050636120834,0.830137232505993,0.312939297579831,-0.0030148531095468,0.749999320240355,0.557485970610017,-1.03741864644182,-0.238075091136786,0.968862447400906,-0.752534805377993,1.28100796841509,-0.294987356861698,-2.50377245409967,-0.501595926298805,-0.708832395190863,-0.39548349241874,-0.0607387477894019,-0.186303286591926,0.15568343871366,899.0,0.0
93853.0,-6.18585747765758,7.10298492227346,-13.0304552638937,8.01082339822486,-7.88523736131971,-3.97454999359808,-12.2296077786617,4.9712317023058,-4.24830701294998,-12.9654812039222,8.68830799242781,-17.1829184301947,0.0695769150313325,-14.1161560074304,0.959031717400206,-12.3753337375636,-18.716764511809,-6.52201457322122,3.51795494036344,0.483930108481186,2.50277241039945,0.481691289576756,0.480957977547458,0.360318638811951,-0.293354295977635,-0.199193157971208,-0.203917328209747,0.398927185850218,44.9,1.0
85573.0,-1.7567118508365,3.26657425418237,-4.15338789695403,3.92452561357555,-1.7537718434176,-1.0057867792296,-4.31321717578502,1.56071190324579,-3.29567366751075,-6.2133552491157,4.52299197543382,-6.6528440527591,-0.12468523386066,-8.60448620191387,0.110359314846888,-5.94548061159606,-9.33893779428438,-2.39019258818085,3.18415235636348,0.874720103498016,0.911427441871296,0.0530612807310541,-0.367700953962814,-0.776337755840596,0.292093831084717,0.025999713844171,1.0629681996854,0.501148168228208,1.0,1.0
41273.0,-11.6822148930584,6.33288209288301,-13.2971092469499,7.69077191542072,-10.8898905208867,-2.79236003834138,-12.5617825809497,7.28712220991134,-7.57032240879292,-12.8357376825339,5.80470785195987,-12.15623949431,1.18498466280471,-10.4686770874209,-0.41674319706657,-10.999792348619,-22.6088681905866,-9.49874592104677,2.10273540686125,-1.00931993766307,2.13345628394787,-1.27150896701449,-0.0353038871622371,0.615053695038953,0.349023768265454,-0.428922796793546,-0.694935387398427,-0.818970428930229,173.07,1.0
43494.0,-1.27813773524814,0.716241580332591,-1.14327922918382,0.217804800631468,-1.29389046969973,-1.16895152511977,-2.56418198278833,0.204532467641239,-1.61115462297744,-1.25028553742691,3.36736102310858,-4.58309584545642,-0.806939683730076,-5.20830522179452,0.525823682164556,-1.81591431259746,-5.24911146794949,-2.19669120679566,2.10905264474381,0.817203155491914,0.490182667533974,0.470427403079725,-0.126261344339209,-0.126644458784455,-0.661907559467122,-0.349792996571914,0.454851068382725,0.137843477172283,24.9,1.0
58060.0,-2.63059770314604,5.12575923008793,-6.09225454651378,5.52739306209755,1.60514485494011,-2.31988352953118,-3.20707570564086,-1.48258321071708,-5.07487063178104,-6.77833138248069,5.72525459149638,-6.94917182528041,-3.12779501198771,-11.090424813263,-0.800272569362332,-1.70750085360527,-1.68547301699574,0.274890838662414,-2.02888535240153,0.948863770149954,-0.527474204141788,0.220546094514546,-1.37110989476897,-0.504898994517705,0.382306792598482,0.395527722278956,0.782035950782542,0.62852786395406,1.0,1.0
100501.0,-6.9852674861123,5.15109356872598,-4.59933777342036,4.53447860064768,0.849053978611719,-0.210701203278644,-4.42522968507474,-5.13452515572624,0.0693205728889109,-0.870997150804889,5.20081516878268,-7.80222778971281,0.0339124179895287,-7.56013197197136,-1.01465193469311,-1.50792960088674,-3.41027456780471,0.107544007359072,-1.37551765637273,-1.24699631854492,5.45367185347674,-2.05617714358307,-0.280333720590026,0.120771472511766,0.569357720918146,0.145971466001576,0.300193469284684,1.77936385243205,0.76,1.0
93920.0,-12.3810482122443,8.21302215295327,-16.9625296493409,7.11609059812684,-9.77282635905051,-3.66683564785878,-16.1473633736285,2.07870595319163,-4.25065683444105,-16.7460441053944,7.42580096307482,-15.5648376012203,-0.426338420425742,-14.0295376738875,-1.68188923012087,-11.1337609764854,-15.8335888785336,-5.74853293843859,2.27108150670047,0.53779490001906,0.1677033350947,1.5034133341063,-0.767755381526479,0.371951476263823,-1.41563947948017,-0.517022160118675,-0.434620522533755,0.292721057342818,97.0,1.0
96717.0,-3.7058559456413,4.10787318567637,-3.80365599543613,1.71031444791959,-3.58246604635748,1.4697289395611,-9.62156012711908,-11.9131046925977,-0.322296771337166,-6.62569249371823,2.17523030559549,-4.38107755793604,2.06329870945929,-0.673818453194249,1.40076321660287,-4.25492662033392,-5.16021301572915,-1.30252591599748,2.59445276115475,3.63960274068724,-5.49877168010629,2.94147540326902,0.916235852911927,-0.25550447969595,-0.18383483865098,-0.584538952417976,-0.315483570351021,-0.0972228121259146,1.0,1.0
64785.0,-8.7444146436792,-3.4204679837707,-4.85057473189452,6.60684578567387,-2.80054617200457,0.105511583647205,-3.26980129883546,0.940377922978903,-2.55869060182863,-3.62477471396623,5.26786160380362,-5.58369692598496,0.173895592410693,-6.67997675520914,2.08419914311417,-4.3488914455328,-8.76078602293495,-3.40754854415232,1.33293006548133,-1.81831542477292,0.102912553839685,0.311626102287519,-4.12919549979785,0.0346387321763146,-1.13363123097119,0.272265246225774,1.84130726881613,-1.79636258672205,720.38,1.0
102489.0,-2.29698749921502,4.06404334190313,-5.95770634516933,4.68000806392241,-2.08093759960382,-1.46327216002463,-4.49084686931735,1.02924628254192,-1.59324925133839,-8.99381088354112,7.86446740028511,-10.6498396512844,1.82659101647783,-12.9136317373077,-0.766330314740752,-7.95409770929125,-7.80963509977466,-1.71851117214548,3.83298514230067,1.26495379665956,1.08908418394041,0.975397809530551,-0.62553033358642,-0.535180928107126,0.247435028956319,0.160399507909509,0.969581605226584,0.335041293733825,104.0,1.0
79181.0,-1.01796355177852,0.32252556562828,2.25324449132836,0.210035947520784,0.706972735397694,-0.301633216317805,0.386852501558936,0.0184856949790845,0.132118684623008,-0.447451257415409,-0.406469006389444,0.457868705747762,0.4996228426388,-0.547929656898043,0.0764855047549211,-0.239701135097008,-0.362210596717682,-0.592173401126294,-1.16527004551875,0.225327250976265,-0.00549492224752489,0.233866472433697,-0.228895223907267,0.0872635871667581,0.655357304232804,-0.412793910517081,0.0761322808592877,-0.170653993435354,12.4,0.0
35953.0,-4.84437152213983,5.64943864783758,-6.73039574613665,5.25284201867297,-4.4095661499774,-1.74076745609347,-6.31169852901067,3.44916731253577,-5.41628435913526,-7.8335555711125,3.6573495649865,-7.7814479532704,1.50772042676786,-8.60475886835984,0.0105926875670707,-6.55397325691037,-12.6243936527694,-4.98990973846596,1.64541389333247,0.284555090358885,1.19488835625662,-0.845752531858704,0.190673885417928,-0.216443252531192,-0.325033100382822,-0.270327592956951,0.210214051535782,0.391854886292055,111.7,1.0
8415.0,-0.25147096006823,4.31352332575143,-6.89143771650147,6.79679668055103,0.616296505250374,-2.96632654187403,-2.43665252687714,0.489327898838014,-3.37163857159343,-6.81081309938215,7.62008905836908,-10.2852825163315,-0.342444334069655,-11.5434979157865,-1.3349879032835,-2.68928420445067,-3.20438340295762,0.0865218956911394,-1.31449509665307,0.632709963789826,0.536892074447128,-0.546126023729244,-0.605239547613772,-0.263743459593593,1.53991583077868,0.523573696680871,0.891024688365269,0.572740666549584,1.0,1.0
113738.0,0.652593379014993,0.444417310236171,-0.38512820860968,-0.19094145182767,0.304546990598985,-0.19666349079101,0.0535214224706224,-0.797193455697844,0.192848503558401,-0.174087481006487,0.697331310532324,-0.0754404073281106,-1.87130908383719,1.17528389762665,0.562916880712158,-0.298549995543611,-0.394115161006721,0.844499138904516,0.486826299680743,-0.348499345879465,1.10796147259982,0.740795959795565,-0.193699353219386,0.689561208094897,0.507902605691766,-0.346437839598037,0.263588852315363,0.2928395941625,1.0,0.0
41743.0,-2.14441147422114,1.0734990949761,-2.77366294436956,1.38439373061694,-4.01547712730958,0.747235431622141,1.52563753547227,0.192987836205386,-2.43186196584916,-4.15583783449678,4.35477463025116,-2.87240010922107,0.468875462284219,-4.55566674751092,0.699671492981511,-2.90114077639634,-4.67466711122835,-2.21362325223921,1.29616504982889,0.668123787084126,0.14465327974064,-0.885681640451265,0.625098628062992,0.0965268919194303,-0.189454895625625,0.532908314019749,0.423044721673666,-0.210266310409715,802.52,1.0
43369.0,-3.36531852073793,2.42650326490524,-3.75222652688429,0.27601659835291,-2.30587029698066,-1.9615783188747,-3.029283444673,-1.67446174770883,0.183961286375875,-4.98092843827312,3.65788166668826,-6.40982235504524,-1.0873102947816,-8.50943318717532,1.43257178733402,-5.36989001074152,-9.06907940021057,-2.81980659631422,0.874542948076265,-0.0368373256714411,2.07000816413804,-0.512625728150551,-0.248501692422131,0.126549624264963,0.104166256940212,-1.05599732614735,-1.20016496678239,-1.01206584314534,88.0,1.0
235.0,-0.663511067150586,-0.0444432255338869,1.02925331506786,-2.49807231003764,-1.35008455718738,-0.7987742916063,-0.581071299268623,0.480997363804379,-2.51703663101124,0.961802327296045,0.656159003567114,-0.75985838488446,-0.522604319990123,0.213254241828541,-0.782823826125467,0.110467114188951,0.192158139215554,0.695763388886298,-0.56920944461924,-0.357884369037238,-0.0518952774038794,0.0708455243255517,0.0393211650632334,0.275750183021649,-0.330251339938331,-0.42393595530703,0.251988906502669,0.133956989596954,25.0,0.0
100223.0,-19.6418567335974,14.7063346696674,-22.8012376947782,12.1146718424589,-14.898112530969,0.840777704221173,-28.0112929096778,-11.9196388199434,-8.9609216998511,-18.9132433348732,4.971248707036,-12.6863075224956,-1.07144311342478,-7.38337003956967,-2.99243029925503,-8.58230865037102,-13.8065681285297,-6.00035879778826,1.42263161326029,3.83464904792346,-8.22887409813848,3.31817776987025,2.58521234602075,0.195008569338351,-1.19480304002391,0.0384229399473607,-4.12674625203028,-0.645329219040983,2.28,1.0
18139.0,1.13726950553301,0.269777448912695,0.877689238192769,1.40323567101497,-0.358786185691771,-0.214521393708917,-0.274751682159344,-0.00718866681850567,1.51021710367672,-0.385376118624903,0.704107414338803,-2.51330912475163,1.06473516739149,1.81390427818744,0.70217980589243,0.120597572833279,0.489261749801246,-0.296601297554427,-0.979409365792944,-0.218909484991482,-0.314979434640805,-0.699595226983619,0.151082353710348,-0.0420458880645105,0.170116205194376,-0.615240854273916,0.018490349448891,0.0262504608663494,19.99,0.0
69190.0,-0.320095950035869,0.946311687709524,1.39170981329671,0.053293431198397,0.0651735404143996,-0.865741256666877,1.09503358993722,-0.323093049064161,-0.308008064517047,-0.349277558649511,-0.0785817846535391,-0.0371964285762815,0.375129407044647,-0.688274504964896,0.89720311260659,0.297933724315203,-0.116383646547665,-0.179829117824342,-0.0987012685696365,0.303457340214457,-0.285552942358266,-0.644304029052445,0.0505845353942554,0.330817410311603,-0.158231724825924,0.0413497133050234,0.0678588038455769,-0.12090969678658,50.0,0.0
93853.0,-6.18585747765758,7.10298492227346,-13.0304552638937,8.01082339822486,-7.88523736131971,-3.97454999359808,-12.2296077786617,4.9712317023058,-4.24830701294998,-12.9654812039222,8.68830799242781,-17.1829184301947,0.0695769150313325,-14.1161560074304,0.959031717400206,-12.3753337375636,-18.716764511809,-6.52201457322122,3.51795494036344,0.483930108481186,2.50277241039945,0.481691289576756,0.480957977547458,0.360318638811951,-0.293354295977635,-0.199193157971208,-0.203917328209747,0.398927185850218,44.9,1.0
32957.0,-9.01118794059181,4.84153339032531,-7.05769235871599,1.4004101329025,-5.68552321470423,-1.51119129336408,-3.3935026939352,5.8394678810129,-0.0846143482168128,0.912465575177597,-2.0515478722394,1.51054788279863,-1.03675826867544,4.49894953408074,0.960908636884673,0.856551613201646,2.56919969602983,-0.143880803583165,-0.614551993327508,-0.120084875237595,0.253366196559128,-0.0853001803565061,-0.21125301278172,0.411168482354909,-0.146128192840724,-0.369248448789661,0.152132915845073,-0.0593927088576276,89.99,0.0
29531.0,-1.06067628419757,2.60857946990866,-2.97167900258071,4.36008935234848,3.73885304346426,-2.72839507263672,1.98761635466291,-0.357344707416169,-2.75753451251209,-2.33593332652232,2.11151686706104,-2.59194964968951,-1.9505893546741,-7.31157981735935,0.0777527657738322,2.29060783198994,6.50927165018434,2.56997142628646,-3.28615008214787,-0.0890615369649179,-0.0631678773494982,-0.207385284031508,-0.183260817119722,-0.103679373403096,0.896178353364318,0.407386872028391,-0.130918311231478,0.192177382137495,0.68,1.0
66145.0,-1.78306866020962,0.307307616671796,1.57915539024478,1.3573025988032,-0.109013334699752,-0.126471466658558,0.253925615213935,0.552381835896412,-0.963096900038351,-0.478011599146289,-0.131372678100586,0.678607847084538,1.25978188909045,0.346595629773136,1.68217195441968,-0.278679830899685,0.241772904034857,-0.375466680191991,0.322823837482183,0.701161954987951,0.0545468455678076,-0.322184571032291,0.244702607517335,0.0613255492412051,0.178456360990382,-0.393574106120732,0.209449741333216,-0.0227748428622605,148.0,0.0
40035.0,1.14738365003593,0.559774101864727,-0.58493972792017,0.652306997099983,0.603912153822578,-0.175005464606629,0.19909548606238,0.0674178435108979,-0.541438716658017,-0.653245174191627,2.46487089566346,1.09411792723948,0.489615451326691,-1.18313533554907,0.696939384881441,0.123283541929595,1.30892924123236,-0.231084706090316,-0.805612087925757,-0.0782389232778406,-0.0380295571688054,0.0159656012730899,-0.0439149155159983,-0.379534380970532,0.416859458404864,0.408384268436243,0.00328295307637876,0.0274218144979146,0.76,0.0
26961.0,-23.237920244511,13.4873857909274,-25.1887729688701,6.26173255148578,-17.3451881651558,-4.53498915241687,-17.1004924771637,15.3746300252798,-3.84556677176243,-8.51176669710133,5.1385473219039,-7.22001986441493,0.615793286019405,-7.3272215995796,-0.0386320690669864,-6.33151509399145,-12.6888576275064,-4.84738160696153,1.02053587929144,1.63078748322503,1.76970812949114,-1.69197330547661,-1.04567292278161,0.143386499863412,1.61157707182701,-0.221575644736264,1.48123260638065,0.438124804842523,99.99,1.0
73496.0,-0.540206196211163,0.439438168158861,1.5385974596608,-1.28393846429116,-0.17850071650514,-0.46460213329382,0.288076781285768,0.28295012188672,-0.0337781357861641,-0.513407483851893,1.48605052200854,0.347905370152292,-1.05275125531267,0.342228903474585,0.157207804755713,0.538957196767471,-0.538709773596204,-0.27284848345034,-0.902881382047216,-0.0311169143808004,-0.011300170906284,-0.0752504167546985,0.0711144666721359,0.238080817132253,-0.407342181479153,0.725091245346281,0.176242087692073,0.055883696546338,15.98,0.0
75033.0,-0.430330205681344,0.985632693552081,0.645789437298841,0.317131047127407,0.616332206255463,-1.34746245720975,1.0782335690849,-0.161518267508932,-0.492855874580938,-1.03963769713185,-0.39560772252726,-0.664683930228673,-0.985700496668287,-0.660967626671015,0.344105202877093,0.530852433867815,0.278141865207384,0.355529916892446,-1.08122326117298,-0.115281935429531,-0.0163780179250957,-0.207609058231514,-0.164119225784612,0.255280162145255,0.454797817761532,-0.505032215885219,-0.0394559687978208,-0.00635758223393408,30.14,1.0
87883.0,-1.36029263351035,-0.45806896998712,-0.700403917726715,2.73722917151503,-1.00510597388675,2.89139936351597,5.80253735302589,-1.93319735249124,-1.01771714252211,1.987861862693,0.504116141204789,-0.863430853145281,-0.184450076491427,-1.01691553500414,-1.55941019827384,1.15431268558106,-2.04385766822656,-0.151698807119589,-0.94351353548825,-1.49340137472525,-0.936989532415364,-0.0538115862306455,0.580105893889531,0.216927302487974,0.151642929701357,-0.33211456915886,-0.469800301881959,-1.495005896766,829.41,1.0
33813.0,1.1072996440697,0.57342949752499,-0.379033589790601,1.13734425896079,0.509859427335598,0.0214232625111332,0.048782046978947,0.183412742425608,-0.349856508013151,-0.599819979887825,2.26503124582288,0.716119225944627,-0.243186415820682,-1.07065904708266,0.901780139194186,0.204766950056644,1.20986663762341,0.189118975788803,-1.05956035738545,-0.154794029768359,0.039381301950582,0.217283377175649,-0.0750217791534757,-0.421915266987704,0.51151682422294,-0.285341455969214,0.0642345397981401,0.0404076077495888,1.0,0.0
34330.0,1.40827161020012,-0.550707269579453,0.0659864707178277,-1.01906421241464,-0.525604772623676,-0.157005737929251,-0.597679990986085,0.00604907233682152,-0.988413714905896,0.779743904420848,0.561020645695468,-0.283391645441099,0.097242590243791,0.0565252805548791,0.173693919991573,1.71316644727119,-0.384807929591391,-0.792274269479199,1.33107366305488,0.1360875641201,-0.14693350274564,-0.632071739472343,-0.00305737031351075,-0.74658874455641,0.321308912246741,-0.47043305100951,-0.00339247830099011,0.00375104688769149,26.28,0.0
57964.0,-0.988451016670052,1.02242978933338,0.478645212681696,0.98271198914553,0.30265314129515,1.05513646794739,0.248521585057532,0.729234164040892,-0.464387558857744,-0.0541851088055023,-0.230043299248956,0.201641591710829,-0.711276679344673,0.563934095519833,-0.329020143339186,-0.511375467122793,0.146786799911583,0.329459386306425,1.46723266895297,-0.0228433101394066,-0.0290237090757784,0.112002244440071,-0.0654346228320186,-1.14802070742239,0.0659464362840608,-0.16889960588432,0.20433508771888,0.0848227725938861,56.63,0.0
58199.0,0.340390790889508,2.01523346310003,-2.77732956104823,3.81202413104427,-0.461729071578821,-1.1520219714746,-2.00195866818811,0.548681056661142,-2.34404166261939,-3.07669858515182,3.55473755027372,-3.96968929955842,-0.932183689489454,-5.87606732124924,-0.0667394504128529,-1.49528077472825,-4.42475717388751,-0.619323237398381,-0.231198386269899,0.326772803133095,0.29976881646527,-0.583282924090166,-0.187696049565752,-0.329255753153177,0.732328138266652,0.0580797142765515,0.55314334331356,0.318832445723953,1.75,1.0
51601.0,1.22175327742055,-0.881407530968693,0.114384797628815,-0.517813492056819,0.92553183024035,4.50268196732414,-1.74103111222508,1.27534486486923,1.76747099391241,-0.505686346775364,-1.09894771417211,0.58814079275576,-0.20829244956312,-1.03958440141113,-1.29892428260929,-0.114742031175954,-0.0178268810037663,-0.0954638811119379,0.979244435817281,0.00858834191351476,-0.179845968591568,-0.154602718893712,-0.0624757982684375,1.12086681318722,0.427509048635265,1.14261603439769,0.00983916134290065,0.00960162818189015,1.0,0.0
102619.0,-2.48836288474016,4.35901910783724,-7.77640985018266,5.36402677044258,-1.82387723220959,-2.44514013600669,-4.96422092061784,1.48489015991725,-2.94789885841072,-7.17534972178322,7.34365210856032,-10.178995535122,2.14215063066493,-8.98305216762269,-0.473746033414928,-8.14334226244301,-9.78567719982127,-3.08651950539248,3.37971333584943,0.792274684105994,1.32567239039937,1.02122620503862,-0.266476205063069,-0.370880444896658,0.365535186093547,0.081372023747405,0.184983040876449,-0.211582455539506,1.0,1.0
34684.0,-2.43923696855219,2.59145816263611,-2.84012564998452,1.28624391005241,-1.7770161908324,-1.4361387710222,-2.20605624197635,-2.28272485775905,-0.292885036315821,-3.71744992918956,3.90739912775712,-7.22000368560677,-1.21173934568755,-9.6576265944335,0.927517899548728,-4.73866234284944,-9.27663556929158,-3.08196108095709,0.17774563450317,0.513529864634298,1.77446009213068,-0.771389807551225,0.0657267026225069,0.103915744896627,-0.0575779255552146,0.24265246086543,-0.268649222026483,-0.743712586038479,125.3,1.0
74688.0,0.395339295298482,-1.36081747414384,0.0337607016685292,1.20030372996271,-1.05417676177971,-0.575337435636445,0.496669597530819,-0.201258610599902,0.538362699004029,-0.370852136868792,-0.797293155212922,0.0522206385790604,-0.787887868797746,0.193297455995619,-0.065512078475896,-0.18687227135855,0.0923719545779848,-0.523678245506852,0.0856934735144402,0.708462103576251,0.0206700750943276,-0.781644316373569,-0.358255604858019,0.42968439704131,0.267180190236182,0.225355477764599,-0.1095436648653,0.0865540078003916,439.62,0.0
85573.0,-1.7567118508365,3.26657425418237,-4.15338789695403,3.92452561357555,-1.7537718434176,-1.0057867792296,-4.31321717578502,1.56071190324579,-3.29567366751075,-6.2133552491157,4.52299197543382,-6.6528440527591,-0.12468523386066,-8.60448620191387,0.110359314846888,-5.94548061159606,-9.33893779428438,-2.39019258818085,3.18415235636348,0.874720103498016,0.911427441871296,0.0530612807310541,-0.367700953962814,-0.776337755840596,0.292093831084717,0.025999713844171,1.0629681996854,0.501148168228208,1.0,1.0
9605.0,-0.750114873985358,0.754842234444422,1.39790979027417,-1.17925951631792,0.529618334182271,-0.434043679705744,0.981621757505597,-0.087383595235026,0.40664955334925,-1.2238718254103,2.45440574095537,-1.61194842435613,1.87564526933273,1.80589563625913,-1.04736250319529,0.0624158381387091,0.257952739805701,-0.273048746590195,-0.776565983592215,-0.0291726293636355,-0.0436978760180591,-0.0127497794520456,-0.134904853384724,0.026024718865072,0.0603003270399627,0.853489389527468,-0.0786343606240211,0.0547241191346412,48.01,0.0
58822.0,-4.38422089880268,3.26466481012305,-3.07715801666012,3.40359359659281,-1.93807528041028,-1.2210812776781,-3.3103166090276,-1.11197501012863,-1.97759328056305,-3.28820356526528,2.88609147657536,-6.84897793447677,-1.02923459062256,-7.46010298330266,0.0559060176229105,-4.33478342671028,-9.87456039324105,-3.54190332932228,-0.531558760456647,-0.141533268810834,2.07638272101207,-0.990302787008607,-0.330358452316133,0.158377625833497,0.0063514462492984,-0.493860013315231,-1.53765237842389,-0.994022490842227,45.64,1.0
46925.0,-0.481531150954278,1.05954227713479,0.647117402910268,0.905586233912649,0.81936824001549,-0.0911835663506086,0.504134851323607,0.161064336313081,-0.765053776949662,-0.55054534794377,1.48028602025778,-0.105359122514952,-0.804841454759319,-0.819901849432008,0.916881766469427,0.201150538864914,0.874890632270019,0.941476678511478,0.272698476205832,-0.0425151328862889,0.0706328691882125,0.192490772493404,-0.174659253437827,-0.438908072947488,0.239258996609831,-0.217823405004998,-0.0728522476980958,0.0104633125817071,1.0,1.0
31693.0,-3.23704829969189,1.00109017899012,-0.804986123212117,-2.49692459867783,2.8333901945888,2.92639154151771,0.27544024590448,0.251639690223011,2.06198120742001,2.51417154802379,-0.103606217898941,-0.297480121267668,-0.139130151258692,-1.12635776724907,0.30871758914913,0.997807305042936,-2.01686476448659,0.0370066668406058,-1.64564291060498,0.096625280694511,-0.359039978707667,0.0165427751850946,0.0474506029752067,1.00782458153072,-0.139999233497331,-0.152576531149809,-0.207246635607651,0.487416715613242,3.77,0.0
86992.0,1.71797861611202,0.93744057830393,-2.08207707735431,4.2187271366051,0.990416322730677,-0.743166504956242,0.58848355795209,-0.0701766077582312,-1.31874353834269,0.361400134207295,1.31998397682611,-0.727761981428454,-1.60091398374612,-2.29414638272379,-1.23504669155465,1.8488430286058,1.61863165400368,1.21777807515881,-1.57148264810494,-0.128274272129834,-0.226872501255757,-0.868285103367996,0.132005025896936,-0.276390413106909,-0.150157292432891,-0.203495035536463,-0.0396399138145396,0.0195752432887476,83.63,0.0
64835.0,0.69100128394846,-1.73354751201993,-0.599415555530912,-1.78777918123515,-1.24636969226215,-1.32164016741748,0.417963291525253,-0.421841501986085,-0.20823741049399,-0.42367232090802,0.285487693845413,0.546360007730669,0.143877825652867,0.575985835707749,1.55027395026742,-2.60004531470774,0.674087445814794,0.182842485568513,-0.348665932948036,0.199458001766459,-0.430965375547361,-1.50622791054548,-0.0987871989158164,0.391298331457961,0.117489425478776,-0.318320793336804,-0.0535575576408146,0.0765982489725213,372.0,0.0
95559.0,-16.308650062507,11.6148005425867,-19.7393862972953,10.4638662754002,-12.599145656022,-1.2023933184963,-23.3805078207357,-5.78113300512982,-7.81102238181602,-16.3035376590131,5.57362527301538,-13.6352161247268,-0.483236243869236,-7.35279224297253,-2.39268418895092,-8.72814239367754,-17.5988535455879,-7.45595632935304,0.169740705598221,2.10603387120175,-4.88498262418118,1.14091043558273,1.39295263139548,0.348996604820014,-2.16750975079914,-0.798753537981903,-2.94277507305079,-0.462679619023024,1.63,1.0
119146.0,-1.31763872105184,-0.248074663638226,0.0392028247825619,-0.918211939681757,1.76463345320235,-1.87024171837143,1.33405395894361,-0.313179250644583,-0.42268657601652,-0.976635858340612,-1.40875362931539,-0.623209801243046,-1.21027980995516,0.567556771767968,-1.21564233523341,-0.310877883250817,-0.507780970372346,-0.201704372662684,-1.46257668806591,0.0679068894875755,0.664576934831285,1.58146108986824,-0.403842627363074,0.0776714418610721,1.08039066272322,0.763550669581725,-0.0858282230439768,0.0971276196236535,84.89,0.0
7610.0,0.725645739819857,2.30089443776603,-5.32997618300917,4.007682804682,-1.73041059025206,-1.73219256822244,-3.96859261813707,1.06372815344105,-0.486096552344833,-4.62498495406596,5.5887239146762,-7.14824263637845,1.68045074096412,-6.21025774661028,0.495282117814298,-3.5995402092184,-4.83032424210571,-0.649090120211694,2.2501232487881,0.504646226103286,0.589669127323198,0.109541319229913,0.601045276521079,-0.364700278220039,-1.84307769215194,0.351909298434892,0.594549978086464,0.0993722360416487,1.0,1.0
25426.0,1.12533553530785,1.13014648418496,-0.962975334759173,2.67568785863118,0.990074518469203,-0.243317741184431,0.316192138064781,0.122960131988498,-1.1433427947576,-0.369908966047961,1.83449419801385,-0.491243315415958,-1.12990700459946,-2.23862224442526,0.27846874170613,1.47792560308038,1.77645429510255,1.14928218583042,-1.30699464468423,-0.138813697509247,-0.166736918429935,-0.52193383894905,-0.112376257435029,-0.592076750460089,0.520791314299405,0.0433535805717847,0.0151590212632604,0.0636117222853327,3.76,1.0
92092.0,-1.10847821852891,3.44895257232738,-6.21697180605649,3.02105161812575,-0.529900931709915,-2.55137517507643,-2.00174290819286,1.09243237369483,-0.836098368778531,-4.09564897273592,2.42595071598052,-6.06726194524698,1.83243272022382,-3.50170251648822,-1.00400820464185,-3.5012811030282,-2.941876323532,-1.12574106196719,0.37371480785248,-0.0685983809223332,0.825951491439622,1.14416978988846,0.208559481945769,-0.295497424488562,-0.690232196243341,-0.364749075788586,0.229327220125504,0.208829891689567,18.0,1.0
39729.0,-0.964567282813312,-1.64354066791439,-0.187726849232163,1.15825311047012,-2.45833564593802,0.852221660377025,2.78516254594393,-0.30360853861401,0.94000553101046,-1.96530880945923,0.159743522312315,-0.490697387341298,-1.1819769933833,-1.95887596969497,1.15274328622613,-1.34126935794233,2.49832484974359,0.777831088916474,1.4060448737262,1.78444933498197,0.447180121733859,0.536203895046365,1.63406050110051,0.203838849073356,0.218748854725954,-0.221885828382479,-0.308554718022245,-0.164500017914328,776.83,1.0
36348.0,1.23684193285979,0.562192411187364,0.0997373730319482,2.05935554979413,0.631034068161647,0.570095359345347,0.0894590334726727,0.0384679474073755,-1.05603934897629,0.838694537260906,0.0910816351510305,0.670003794505475,1.23717182528185,0.188340744162027,-0.219218255306509,1.19594064454957,-1.42846940333799,0.614174549672189,-0.26143292689941,-0.0193169671885599,0.0301585253334462,0.0806278434648147,-0.267769638637405,-1.00520969273324,0.744134658554286,0.131195538653736,-0.0112969941129822,5.37932009052407E-5,9.42,0.0
76575.0,-5.62246941906299,3.48062317879011,-6.20067659397487,4.31123366835313,-5.22628632428769,-1.34176357284987,-5.22094094197327,2.68284353707778,-2.92148438224053,-6.56125741097377,3.21126387844398,-6.86166051434144,0.326461834627394,-7.7552536640417,0.50465219263742,-6.27661678567251,-10.6117146970978,-4.14677374512684,2.19728771323892,-0.156288522686099,0.949568986169808,-0.428985749759671,-0.35067550041691,0.197549503550848,0.15923422951036,-0.377790861014248,-0.213561786254573,0.459528918054306,219.8,1.0
75978.0,-5.14072311805277,3.56875123426923,-5.89624545735196,4.16471993013258,-4.09119263947502,-1.98996029061886,-5.47243601705169,2.42282066166249,-2.90973525837833,-6.28780335064533,3.70431215185119,-7.26754953396678,0.329269938095914,-8.45897495556967,1.35448720090917,-5.9762209822112,-10.5760149147501,-3.52516124688807,1.73797600497073,0.318995199686566,1.13113028151049,0.118021510216711,-0.332704205017834,0.139940733895169,0.324757896441424,-0.180769130367976,0.177810382911191,0.661555355551591,99.9,1.0
17187.0,1.08837493830851,0.898474023721059,0.394684329076182,3.17025757451452,0.17573879687403,-0.221980885195245,-0.0229887284923858,-0.0108735366656839,0.860043617194172,-0.592472935320844,1.07272839973578,-2.54755681422931,1.23595005675711,-0.330305803751441,-1.02235437464957,0.335642172519614,2.29899822072815,-0.1620962094812,-1.53270721248432,-0.217358192249005,-0.423553904215867,-0.800852284805578,0.0776144554303444,0.167608452574198,0.350181817443194,-0.118940929478619,0.0129477659306532,0.0542542721018558,3.79,1.0
58976.0,1.17639488783543,-0.176805082917445,1.23951409999151,0.867084110405447,-1.10420266708067,-0.305196126221301,-0.629662760055032,0.0794737420973592,0.948725255841536,-0.23781957639787,-0.752713070105776,0.376650522313428,-0.07603350620418,-0.382395675094797,0.213428213622269,0.16878418607507,-0.167278734885269,-0.220545818852047,-0.0405744238409889,-0.102983590602159,-0.0915936128861092,-0.0814565975630086,0.0308551451985451,0.430914885274169,0.249411274079078,0.316507621388813,0.0156086972240554,0.0275277173492874,11.5,0.0
119718.0,1.84289293805542,-0.381248915268376,-0.818137585267614,1.50727942166666,-0.117764706174427,0.123878845535235,-0.155897650242026,0.117929286571426,1.03005228189461,0.16692703942106,-0.178965783272596,0.796517586445856,-1.34203172185667,0.153303079457278,-2.26875832753231,-0.5577419029542,-0.0873032556267,-0.254174469796307,0.630848813063881,-0.272453115090959,-0.287917732895776,-0.601522048524945,0.162537601234706,-0.453873407747977,0.00707496783297434,-0.814401364579141,0.0233814525005194,-0.0520813569277177,50.0,0.0
93853.0,-6.18585747765758,7.10298492227346,-13.0304552638937,8.01082339822486,-7.88523736131971,-3.97454999359808,-12.2296077786617,4.9712317023058,-4.24830701294998,-12.9654812039222,8.68830799242781,-17.1829184301947,0.0695769150313325,-14.1161560074304,0.959031717400206,-12.3753337375636,-18.716764511809,-6.52201457322122,3.51795494036344,0.483930108481186,2.50277241039945,0.481691289576756,0.480957977547458,0.360318638811951,-0.293354295977635,-0.199193157971208,-0.203917328209747,0.398927185850218,44.9,1.0
70828.0,0.196706751987779,1.18975728641634,0.704882217511495,2.89138777331251,0.0455553693851548,1.24573045976205,-1.19871420021049,-2.42161641083942,-1.23208864617238,0.324238886093679,-1.27393508028395,-0.868686295319925,-1.18194465496857,1.0275841718551,1.68813234484864,0.256215978185418,0.120608339589106,-0.0523460171330233,0.329826631850516,0.646616407050903,-1.32813178943378,0.189310618105111,-0.00552418359572104,-0.814707739467747,0.400924279960331,0.286281378755055,0.135214945600326,0.257314769060283,0.76,1.0
8878.0,-2.6618021745564,5.8563932148043,-7.65361621324071,6.37974188053221,-0.0607121191362683,-3.13154973153662,-3.10356974550479,1.77849156945338,-3.83115371623455,-7.19160424618226,7.10298858788516,-9.92869994299538,-0.0674983775194601,-10.924186865147,-1.69791397714032,-2.37942098527078,-2.77511389701838,0.273798971252603,-1.38218756352589,0.399096860264863,0.734774950378595,-0.43590118187623,-0.384765904180568,-0.286015663843443,1.00793382365812,0.413195532462339,0.28028415690056,0.303936550639395,1.0,1.0
102625.0,-4.22122078925031,2.87112058054735,-5.8887158872207,6.89095207502484,-3.40489435037622,-1.15439396843915,-7.73992801001653,2.85136330092288,-2.50756869395709,-5.11072764247853,5.35088988417692,-9.29980722738699,2.79314035729228,-6.10655192524523,-2.10694702580884,-6.25062921491661,-13.5663252216994,-4.19278019670633,0.510570181831806,-0.227881506131312,1.62059124560534,1.56794700869044,-0.578007459600926,-0.0590448081819941,-1.82916881940751,-0.0724287202294822,0.136734308772186,-0.599847542493268,7.59,1.0
8451.0,0.314596589729515,2.66067027657541,-5.92003738034463,4.52249960508858,-2.3150272861839,-2.27835165394776,-4.68405393631569,1.20227026523098,-0.694695511200349,-5.52627805985834,6.66243683071252,-8.52546492534563,0.742745446888019,-7.67866801029943,0.593070459066131,-4.47813659534324,-5.84426647937357,-1.1027307945783,2.17738568653903,0.562705643312244,0.743314023428983,0.0640383555765096,0.677841675250346,0.0830078227438395,-1.91103446375022,0.322188398435937,0.620866538820488,0.185030354728703,1.0,1.0
9274.0,-2.17608407940978,0.485671987760826,1.17889810562115,-0.0817455298528225,0.329832675546115,-0.178998964042396,-0.191529075947256,-0.017327168804876,3.13956107083104,1.09855090130129,1.89514120568315,-1.58370552581383,0.719968079886176,0.530157957620878,-2.63083462801192,-0.661644230289966,0.626959367949568,-0.371914205347662,-0.666222789851928,-0.00931772139094528,-0.326254276908244,0.363497507206345,-0.0487569554427764,0.213170558343614,-0.952755072268229,0.120049635386616,0.23593881949725,0.711927703578252,0.01,0.0
47708.0,-1.02874627541848,0.620017154900575,1.20222961689543,-3.08531025117195,0.0021715073266889,-1.44414286067674,0.915574979341718,-0.218242955239442,0.958160716720252,-1.6630111632078,0.0253993546214265,0.295196063905921,-0.812720289233554,0.222021975071369,0.65420035945053,-0.360247997738325,-0.349861309687553,-0.90570795937333,-1.2275163995246,-0.387796584684707,-0.00139189770501204,-0.156438703395815,-0.0201804779431111,0.38165760404402,-0.166156620468328,-0.497375473862349,-0.340193059254164,0.114706116468464,2.12,0.0
4462.0,-2.30334956758553,1.759247460267,-0.359744743330052,2.33024305053917,-0.821628328375422,-0.0757875706194599,0.562319782266954,-0.399146578487216,-0.238253367661746,-1.52541162656194,2.03291215755072,-6.56012429505962,0.0229373234890961,-1.47010153611197,-0.698826068579047,-2.28219382856251,-4.78183085597533,-2.61566494476124,-1.33444106667307,-0.430021867171611,-0.294166317554753,-0.932391057274991,0.172726295799422,-0.0873295379700724,-0.156114264651172,-0.542627889040196,0.0395659889264757,-0.153028796529788,239.93,1.0
76876.0,-1.29835900258265,1.07967115744319,-0.180677930886891,1.28783908383189,1.85827347944352,-2.22369500209375,0.525166986044906,-0.0968743110676978,-0.168893374133313,-2.544410418956,0.706999574201444,-0.835695915134352,-1.02211731659325,-4.99399178918475,-0.455706843211384,1.31536513941655,3.63919954823548,1.62342609471098,-1.53933883157799,-0.18757199362802,-0.332983053581271,-0.851270427572191,-0.370799798865314,0.29824168728035,0.442929877216587,-0.522832450531743,1.04856507220322E-4,0.135698346061769,1.0,1.0
52636.0,1.0762885743942,-0.859309877309719,0.556805332156526,-0.361632786053183,-1.18250850172925,-0.683013009542771,-0.345124856695938,-0.1801099360704,-0.802665957077001,0.403248984942285,0.433888014391808,0.425222244125536,1.07702057540176,-0.4647642064331,0.0682292837998363,0.301805196983878,0.938320390678014,-2.42623786948105,0.212790582670561,0.331894358853282,0.125124331146013,0.17688709746532,-0.0221369563472916,0.667700274133405,0.323168385521444,-0.322128333759249,0.0104935036007687,0.041769060022238,136.5,0.0
80126.0,-0.859549417074902,1.25394096222536,1.29088262993504,-0.114322984877312,-0.179699855997302,-0.24484986917048,0.246914557779729,0.583502400060156,-0.972031283322495,-0.440585465392702,1.70082330461556,1.40439212647949,0.806773331882811,0.525855568305711,0.252115110422871,0.125893121643722,-0.1721330397258,-0.436959478564632,-0.143728493794399,0.0267504427371609,-0.0799279536866506,-0.271686479848826,0.0784811496127992,0.226687935972621,-0.268848803761919,0.070249448217414,0.156572712002191,0.0489288259416375,8.99,0.0
45541.0,-1.51924353075082,2.30849245367643,-1.50359931953802,2.06410058377601,-1.00084505842829,-1.01689703316417,-2.05973051990126,-0.275166374590629,-1.56220609694371,-2.75579692797163,3.43824825990431,-3.52152936013651,-0.918761288376486,-4.45210024854037,0.499313753853031,-2.90790343439971,-5.24864639527919,-0.936814652613817,1.16012029433585,0.175018552247898,1.30787143187069,0.102825644139183,-0.0177462832428156,0.149695925673219,-0.0966024680642115,-0.369114567720136,-0.0192440931269227,-0.20831909164279,1.0,1.0
41189.0,-0.738915461556424,-4.36296281300381,-2.79099147325404,-0.767774141582209,0.551591413462145,3.57689479083909,0.67387833734526,0.403237755784224,-1.03101026090916,0.106257362940861,-0.242601936497959,-0.595974140337391,0.201809104621987,0.193487107925025,0.0956830378959636,1.00031464792263,0.15372488743808,-0.988272621037265,0.819759812089323,2.5119589839057,0.793737846404958,-0.418103585183384,-1.21309306171526,1.11543154281416,0.527723606580924,-0.172513057316273,-0.223795552110018,0.197277818160945,1159.67,0.0
406.0,-2.3122265423263,1.95199201064158,-1.60985073229769,3.9979055875468,-0.522187864667764,-1.42654531920595,-2.53738730624579,1.39165724829804,-2.77008927719433,-2.77227214465915,3.20203320709635,-2.89990738849473,-0.595221881324605,-4.28925378244217,0.389724120274487,-1.14074717980657,-2.83005567450437,-0.0168224681808257,0.416955705037907,0.126910559061474,0.517232370861764,-0.0350493686052974,-0.465211076182388,0.320198198514526,0.0445191674731724,0.177839798284401,0.261145002567677,-0.143275874698919,0.0,1.0
11007.0,1.28634304063969,-0.00936733182219173,0.426667498651949,-0.0723340100932737,-0.120996136580911,0.174660879518847,-0.496933265187654,-0.0378636917905256,1.40816504966865,-0.378338470896025,1.46459567510019,-1.54030809859665,2.8921564632905,1.40623731926806,-0.143535335295282,0.977447745244199,-0.436427914747746,0.910405655606895,0.319173503018883,0.0305755359976469,-0.0801565441097605,0.0477464557227165,-0.184136216819099,-0.794005246245791,0.365607687529847,1.08292321946303,-0.0883090900348095,-0.0141024491026939,15.95,0.0
112786.0,0.073228730668643,0.798539740869845,-0.112736837769658,-0.941895834751661,0.963785841297214,-0.207370128300456,0.908127972107112,-0.00453089664691699,-0.257431745584092,-0.247129851153328,-0.115068631501881,0.56628772430066,0.249860339490515,0.218759765400396,-1.0452221065526,0.394239751502695,-1.03856485599127,0.0623953113779342,0.588341184691863,0.0179881788769375,-0.273373307539547,-0.634581083018157,-0.066599199998442,-1.04019035621665,-0.377735862202255,0.183498166689856,0.242424411092455,0.0772649052695687,5.25,0.0
84044.0,-0.38449934362947,1.1894085126209,1.62178395547321,0.410548842754878,0.131684870858686,-0.801817614035277,0.751908245539635,-0.167260135698798,-0.854895824553245,-0.631967657584263,-0.0248546357136429,0.317295818240532,1.07052687082977,-0.507353920098738,1.17628328580555,0.0596706562111659,0.223922647170498,-0.141060849068959,0.655969530814117,0.1422324695545,-0.191702867761752,-0.530220937697779,-0.0925418433896651,0.369820784945737,-0.230887184103171,0.170531156689721,0.0809566597617545,0.122038053382577,1.79,0.0
46925.0,-0.481531150954278,1.05954227713479,0.647117402910268,0.905586233912649,0.81936824001549,-0.0911835663506086,0.504134851323607,0.161064336313081,-0.765053776949662,-0.55054534794377,1.48028602025778,-0.105359122514952,-0.804841454759319,-0.819901849432008,0.916881766469427,0.201150538864914,0.874890632270019,0.941476678511478,0.272698476205832,-0.0425151328862889,0.0706328691882125,0.192490772493404,-0.174659253437827,-0.438908072947488,0.239258996609831,-0.217823405004998,-0.0728522476980958,0.0104633125817071,1.0,1.0
52417.0,1.24853651390166,-0.0860591738027369,0.227284421562961,-0.819663880826259,-0.407878073291407,-0.728950196424005,0.0170779946285228,-0.157621718429921,1.20630740115377,-1.12635114220901,0.0507893740353905,1.45605063698884,0.944847892512056,-0.00184129920988927,1.01665623797393,-1.21585856703805,0.272382749800189,-0.901015097139429,0.471600847819419,-0.1033469597539,-0.155579912943506,-0.134486971776202,-0.00680774727879252,0.114473803068475,0.616328299416584,-0.78433919204484,0.0809486988922822,0.0220058236423813,1.0,0.0
39703.0,-0.451101400901593,0.828738373625673,1.71047798063529,1.21600737010312,0.356345166466538,0.264237924373979,0.719822006292357,0.00710285042826733,-0.465440324352993,0.265350769432511,1.39979251466349,0.986499749030893,0.0028771272772278,-0.0381502942103217,-0.497980994433455,-1.18126636248021,0.334105529779375,-0.30981580527528,0.935883514091889,0.274209530803292,-0.00459621438182231,0.466618765147888,-0.141220327783179,0.242855576036625,-0.156183552162768,-0.282912272613915,0.25788872951118,-0.0237835355983773,20.19,0.0
102542.0,-1.45687631770562,3.74030556080113,-7.40451844591174,7.44096403590735,-1.5498779534738,-1.66169686169337,-5.75721301357641,1.61501101078404,-2.19488072574389,-6.80713525144464,6.82579316213884,-10.3997491177692,1.83644883978883,-11.872845098188,-3.6423925983095,-6.0441031440521,-9.75077638654123,-3.11637225405711,0.0653171492484702,0.529557330911833,0.957897451629944,0.145339479676781,-0.0447039008346728,-0.544961671329029,-0.757756535554721,-0.00535236923589807,0.318152285707546,-0.323553622642371,2.28,1.0
7519.0,1.23423504613468,3.0197404207034,-4.30459688479665,4.73279513041887,3.62420083055386,-1.35774566315358,1.71344498787235,-0.496358487073991,-1.28285782036322,-2.44746925511151,2.10134386504854,-4.6096283906446,1.46437762476188,-6.07933719308005,-0.339237372732577,2.58185095378146,6.73938438478335,3.04249317830411,-2.72185312222835,0.00906083639534526,-0.37906830709218,-0.704181032215427,-0.656804756348389,-1.63265295692929,1.48890144838237,0.566797273468934,-0.0100162234965625,0.146792734916988,1.0,1.0
54365.0,1.34876086282547,-1.47285412205323,0.593290851857702,-1.43663674437899,-1.84740501140734,-0.314134548083363,-1.3916052273882,0.107405399611171,-1.57731466098871,1.61652562973767,0.591131932749774,-1.2485347332869,-1.16451141817969,0.0395728465094457,0.362252749083119,0.233519243392598,0.103549493977929,1.13707782544168,-0.0365632968109738,-0.27334838554335,-0.0101801483532158,0.115381979828752,-0.0923187354438754,-0.0544891757854089,0.271278595058114,-0.101227283319441,0.0237420616552789,0.0215771727067616,79.0,0.0
56887.0,-0.0754834663888726,1.81235458422751,-2.56698081016962,4.12754860722303,-1.62853157024518,-0.805895445766318,-3.39013454458215,1.01935326231828,-2.45125125188341,-3.55583492739064,4.31571103012142,-5.47980167679906,-2.11550315600957,-5.5887855765974,0.280108069299552,-3.50723062361012,-7.45709493793125,-2.32549168188332,-0.440434552920779,0.338598140549314,0.794372451897782,0.270471232297866,-0.143624140755259,0.0135659145316466,0.634203128800614,0.213693187250942,0.773625466697089,0.387434054572014,5.0,1.0
104456.0,1.94732359761263,-0.177319734985352,0.0152950723131663,0.644890848879731,-0.838583547760487,-0.951605492222543,-0.545987132318088,-0.175071763741471,2.61605425525092,-0.60161715196803,0.605877536737351,-1.97560467318889,1.40798834900754,1.5888218991379,0.372162759982076,0.025179433346492,0.296303469957967,0.0926211919942699,-0.578631544011091,-0.308230860635598,-0.233847746671509,-0.311286522878829,0.418833783220804,0.273669260472266,-0.471736930309455,-0.985263889665852,0.0332411282074035,-0.0287637579436059,9.39,0.0
93823.0,-3.82193880087939,5.66724730913206,-9.24496345774236,8.24614693395311,-4.36828608664298,-3.45073451820581,-8.42737802930292,2.30560850484611,-5.33807918394682,-12.0111608836062,8.62125508140256,-18.6837146333443,-0.962073428413392,-15.2976561861343,-2.41413212341002,-12.105602245184,-21.3381950868483,-8.04543571561822,0.15601503277122,1.11524688892983,1.99051970513882,0.0833533215963405,-0.0622635530228708,0.390187802079359,0.329883884451897,0.0980170825531413,1.86957016296191,1.00084956292018,75.86,1.0
76857.0,1.14020795371139,1.15643107873873,-1.47157796740819,2.07627840454674,0.774809058745551,-1.00253195191231,0.264947929409663,0.0131622605764724,0.248835339320523,-2.10066651278309,0.763204840843787,-0.94491647902938,-1.41903447142202,-4.68361969585018,0.51928230124953,0.908454083367609,4.13366666889167,1.30620452511785,-1.09471647432252,-0.125097258302807,-0.387894980568907,-0.866811936205838,-0.121582639900783,-0.356108586349469,0.634572810783188,-0.306311023397994,0.0940868179231164,0.121064728484123,1.0,1.0
21662.0,-18.0185611876771,10.5586001882538,-24.6677412485732,11.7861803616399,-10.564656569212,-2.64568119936245,-18.02346767268,2.69365540308048,-6.21946362785238,-12.7447607871859,9.31813768535999,-13.3778574339457,1.02192386777466,-12.7843458873548,-0.451145843251939,-7.55136493140559,-11.3259968724596,-4.70125277749548,0.516317073274611,1.00770320533757,-2.31947946208034,0.908838783150801,1.35290370698024,-1.05922233762791,0.185750941504222,0.687037383632165,2.07808058379956,-1.42951702264525,1.0,1.0
78299.0,-0.894624662681042,0.809125257461335,1.58393535211433,-0.754105222773836,0.690191311030192,-0.497070405656556,1.09797324060454,-0.505154542175175,0.31601515971756,0.203777652170555,-1.11452024712896,-0.940755594428019,-0.763530618173635,-0.343478656769562,0.739539888146543,0.587545007785321,-1.13447088848427,-0.156096400968826,-0.347966068025813,0.0239786533163637,-0.421319203647251,-0.960173210949386,-0.189202746619003,-0.507597291340365,0.380736418504919,-0.0022380096760764,-0.555365341334121,-0.418341137478375,5.49,0.0
62632.0,1.16023378966205,0.291101298892091,0.54295012485255,2.54372165347912,-0.00504043410935235,0.447642419888429,-0.163864134066731,0.229992767894165,-0.0426632968405629,0.550243940429608,-1.42805994176537,-0.873450727952894,-1.84611369037405,0.294882049336387,-0.220400697698831,0.115895526448925,-0.00404358259423128,-0.735171054806948,-0.742442618706298,-0.311929627378583,-0.251247282676255,-0.641077479512119,0.01414824064655,-0.492323234255305,0.426207893946398,-0.0241207682798385,0.00670554144955578,0.0093885027069688,1.52,0.0
48120.0,-0.211168245519496,-2.98470571386937,-0.320192092157408,0.415784121913825,-1.78522595402843,-0.324388283589744,0.546391350227882,-0.360512014093541,-0.944187038052742,0.317801873390603,-0.725052025438286,0.0881257346861775,1.05868561320013,0.093633617562996,1.13078475715314,-0.844843587705336,-0.334151208437068,1.17556306629417,-1.04483035322055,1.22456553478595,-0.107365566504301,-1.71139354307254,-0.539778400923207,0.0453022242141422,-0.241901640243697,0.176464996243339,-0.156655933056617,0.167326469359026,830.0,0.0
91524.0,1.95485173775774,1.63005630331209,-4.33719968092597,2.37836729179698,2.11334786136033,-1.58385066673113,0.65374545254113,-0.192892012453504,1.21760825458778,-2.8290982053899,3.50456779253823,-3.9181998797616,-1.01579192974001,-4.7045087050312,-0.968553075532043,1.85477191713001,6.02439676670687,3.53125033477791,-1.1962847755939,-0.230640095367639,-0.474437304644058,-0.974624666273666,-0.0481545042172499,-0.0235242678879109,0.362192024107476,-0.570709266940076,0.0256187202949634,0.0818803891570235,1.0,1.0
66209.0,1.20062559901505,0.294348602850232,0.407889970452638,0.626889615056441,-0.433765037494899,-0.870849334151092,-0.0296415150135593,-0.055621898841394,-0.20399123856111,-0.106508285863549,1.77261159092396,0.860623753588531,-0.139022640981743,-0.0302662263390371,0.405346454450884,0.627032633214115,-0.168195201841193,0.159698901901112,0.0164572054911207,-0.0937511876536692,-0.225897511329684,-0.699578831617482,0.145755973008202,0.488693761221667,0.15092019635955,0.0652654532644792,-0.0280538375238947,0.0220249097075082,0.89,0.0
25198.0,-15.9036352020113,10.3939171427504,-19.1336024646827,6.18596883540498,-12.5380209157442,-4.02703044708406,-13.8978265981985,10.6622517826007,-2.84495398482036,-9.66878891236125,7.39441941053863,-11.6356300484755,1.42327692545531,-8.64045910049478,-0.674719538892936,-7.69556878829619,-13.6841395944616,-4.77740603940726,1.26834277321029,1.50156541071894,1.57754822493456,-1.28013712313136,-0.601294526869194,0.0404039214626868,0.99550197117886,-0.273742711729157,1.688135896398,0.527830799573719,99.99,1.0
111110.0,2.10272347730144,-0.0643309583309592,-1.46589994456723,0.340946225814564,0.233705524088366,-0.762993866995287,-0.0667263768989131,-0.245579275892888,2.35359200213213,-0.411578410861639,-0.381256880743032,-3.352102515931,-0.21876762242007,2.28367061954738,0.39900271655113,-0.120200478024401,0.192103129533749,0.718374825806537,-0.267936786919315,-0.386767284204858,0.0728906356701634,0.511258032994853,0.0142419846449376,0.382283613499272,0.300289867091361,-0.468795919605169,-0.0363416895328467,-0.0603789570385055,1.0,0.0
93904.0,-11.3206331107815,7.1919501426236,-13.1790825454686,9.09955188204157,-10.094748875094,-2.44011507020033,-14.1843372950953,4.45250293397358,-6.24196000276902,-12.618162687238,6.05731930477932,-15.7176066468772,0.117817409556609,-8.65374335706751,-2.50255377627617,-11.2313644545234,-21.5851521412337,-9.09089206099764,1.17118873250237,-0.180934725269677,1.08223532776525,-0.350562500439559,0.483043945803059,0.661132920850802,-0.396521511995203,-0.413315388408682,-0.997547797965388,-0.235035882545031,37.93,1.0
52624.0,-1.97802535692175,1.69931186429835,0.991249271047428,-1.72968367862617,-0.304209962919514,-0.505865961036542,0.49857740342409,0.0812496685618967,1.313750310354,1.83491325947887,1.89004331702193,0.791877002500805,-0.190563278162214,-0.54548925977004,0.195120403136484,0.27150845509199,-0.75918988410683,-0.530119584634278,-1.10745197925881,0.914729850252636,-0.288745339629666,-0.11618839216593,0.102157840752123,0.236248137910117,-0.0372683629620949,0.728637009819681,0.766260249952322,0.276775850695049,5.0,0.0
109298.0,-1.00061051985933,3.34685000184439,-5.53449117133595,6.83580203854396,-0.299803293657807,0.0959512989990878,-2.44041927394713,1.28630119597073,-2.7664382829404,-4.45800770078481,4.69653339192897,-8.76211333956078,0.985826601093264,-7.32027202211023,-1.06384045772504,-3.37112471078725,-4.25115786762875,-0.43005729986925,1.80401333906519,1.18981379228675,0.439756764345897,-0.694099203587273,0.299660329499667,-0.657600627722995,0.101647558980344,0.430457439169415,0.824685450418745,0.326952273050223,186.13,1.0
59281.0,-3.22317829324735,1.01266275713711,-0.245442882037558,-1.64677291190558,-0.465869603655273,-0.623674754512683,0.30125968823777,-0.152686200858068,1.10500206948668,0.0316740050311371,-0.940846089493848,0.433415549317026,1.20019483409119,-0.0711588895927877,2.22715136728188,-0.673833282526769,-0.0667845900596372,0.331935379511951,2.34107736976417,-0.630173695403929,0.0266468337926973,0.407507061160406,-0.350393467364751,-0.488271226669145,0.51292689193236,0.158554188783753,-2.34071847168096,-0.624996966718206,35.6,0.0
110087.0,1.93494645561548,0.650677737498259,-0.286957048622899,3.98782809057201,0.316051835129206,-0.0994493763543019,-0.0214831582313935,-0.172327298889228,0.508730034701461,1.07295520625891,-0.427567391481657,-2.777649223895,1.63714014878874,1.5710801214626,-1.44536681818908,0.908649625166723,-0.122016068028642,-0.104109917156777,-1.6840216339214,-0.344452123814994,-0.173601631022283,-0.190973581696087,0.219975571293889,-0.216596550704603,-0.136691885594352,-0.129953649978571,-0.0500768352982461,-0.0510818960798855,1.0,1.0
58199.0,0.340390790889508,2.01523346310003,-2.77732956104823,3.81202413104427,-0.461729071578821,-1.1520219714746,-2.00195866818811,0.548681056661142,-2.34404166261939,-3.07669858515182,3.55473755027372,-3.96968929955842,-0.932183689489454,-5.87606732124924,-0.0667394504128529,-1.49528077472825,-4.42475717388751,-0.619323237398381,-0.231198386269899,0.326772803133095,0.29976881646527,-0.583282924090166,-0.187696049565752,-0.329255753153177,0.732328138266652,0.0580797142765515,0.55314334331356,0.318832445723953,1.75,1.0
65082.0,0.960730373453877,-0.379187021991495,0.057097022408327,-0.539392073287692,-0.776373874230237,-0.956577784046623,-0.0626610304376456,-0.109533597228023,1.10721932451446,-1.45125873756825,1.97809228619071,1.78642889771027,0.716122161577117,-1.12538796686543,0.370828780539054,-0.204557535486131,0.652846118771565,0.87604254705016,0.637869682405905,0.226306666319814,0.0833406360085457,0.229536226338872,-0.230258490026688,0.490047952423415,0.606465165813728,-0.671886803964859,0.0657505126648015,0.0684294383323166,128.36,0.0
60890.0,-1.86902213028729,2.20600556478485,0.183625464382816,0.0696325388127786,0.258854036195687,0.784665140174335,-0.898320705997051,-1.71685456516147,-2.08988382657557,-0.921495901421721,-0.341705665006579,1.15663029696789,1.30688614461346,0.956354538318809,-1.1336982168446,1.94782806353,-1.21488535484932,0.262202780389664,-0.826378366233737,0.357407371775063,-1.32623260712148,-0.249429145059774,-0.0100747220343482,-1.02095500479188,-0.121387074446398,0.562505064036325,-0.417229782935781,-0.0150425791297343,27.21,0.0
93879.0,-12.8336314219519,7.50878980635543,-20.4919522106577,7.46577999198461,-11.5753037055975,-5.14099947650773,-14.0205637048257,8.33212047126021,-4.33771253089739,-15.5637913387301,7.61081978841573,-15.5923232225286,0.504789055226229,-13.2478885958622,-0.796526030140245,-10.3423283585648,-16.0445243414767,-5.8821359384126,1.57369789640089,-1.37892322363159,2.96684240389381,0.615344322057327,-0.766494757432984,0.431261005079751,-0.104974994617143,-0.0100913270781415,-2.4008113496639,-0.720556600051925,104.03,1.0
35771.0,-3.21895201068387,2.70853541135777,-3.26304158740062,1.36186594394607,-1.64577567536596,-1.85298187130258,-3.06995821412732,-1.79687585578416,-0.213356097435365,-3.55198400939375,3.77974953895486,-6.98477147722078,-1.14097718858781,-9.37787845231763,0.921463506707037,-4.65207119462111,-9.09423129737693,-3.08254995409724,0.132330776389272,0.571654488206511,1.80787725006384,-0.890421395077162,-0.325814386573867,0.123039596922715,-0.0930137472776971,0.232105969675678,-0.310518998304807,-0.745294626799623,60.6,1.0
116067.0,0.949240654782111,1.33351901279168,-4.85540201400676,1.83500588341825,-1.05324529225553,-2.56282606985029,-2.2869856262026,0.260906489976679,-0.895365545923127,-4.54261203828437,2.45371037821171,-4.92519869522976,-1.20041197086128,-6.42437211273331,1.01489749133407,-3.12942132163446,-5.14703878335167,-1.81543652928925,0.520496923051347,0.424608328846183,0.306598169644708,-0.854626651528392,0.101176995923819,-0.281497410249515,0.0244439388949186,-0.107944111820021,0.625288550407281,0.315677390712111,65.0,1.0
120985.0,0.194963616403007,0.128759394307623,-0.0497372106779431,-1.1254913078988,-0.0628963643620085,-0.339041041791819,0.332258588443747,-0.106389402361647,-1.41516139924917,-0.0191583839635956,0.92414545419143,-0.0912911721088017,0.920277237905387,-1.51674464792203,-0.557445083998542,1.15648721529563,1.03562110993784,-0.0920620373916282,1.8074002339075,0.396640592573755,0.3285191161187,0.930096872403904,0.0868966938475978,-0.462862507969861,-1.00510190093153,-0.189268021175134,0.255806405651941,0.26282865874371,76.75,0.0
71033.0,-3.17081841545902,0.185734554774403,-3.39985157931162,3.76115529034876,-2.14804702797609,-1.59894442520531,-2.51956531805231,1.31621501070214,-2.40010611621824,-4.99341703829647,4.44719176626515,-5.29376010254684,-1.41957829927441,-6.42527621352443,0.914083034195792,-3.51519716625381,-6.34745330751181,-0.90351216582405,1.19160626766329,1.93225372509724,1.09205113380931,-0.0410804286307278,0.904395217733676,0.180015601586537,0.0499703397242655,-0.257099837784436,0.859281566487016,0.225924185725605,426.4,1.0
87339.0,1.88747126875784,-0.161977184468452,-0.205221145466254,1.48737815225341,-0.38166496485158,-0.0137332185467913,-0.345843951795101,0.124039081271062,0.89127206303196,0.149945676811913,0.541501086566191,1.54388929106913,-0.17678000168413,-0.0888935801072656,-1.8921443532384,-0.320964968888565,-0.219623535375178,-0.52463440666099,0.398481564581658,-0.29542492895574,-0.463135536344635,-1.04220969775795,0.446398507479528,-0.063383170810902,-0.368641741970728,-1.12467475234998,0.0562323373817925,-0.0407386452019022,2.0,0.0
116337.0,-0.620609438028553,-0.182848113139854,-1.85161902352994,-0.866210184530386,4.15513491388531,2.91705443498528,0.737856508767258,0.766759888498127,-0.537360357560537,-0.516291738493601,-0.635392489399204,0.023448426479202,-0.583026270975109,0.673507158671065,-1.02301902344102,-0.565929114974971,-0.625962799824219,-0.532405172198892,-1.04430250488297,0.0678397157875414,0.308112670569073,0.588367251632376,0.187636325718884,0.686489737981319,-0.40837360207872,-0.769026718417559,0.204704617937514,0.25983094755877,77.33,0.0
14152.0,-4.71052878230567,8.63621438967976,-15.4962220036783,10.3133493732845,-4.35134098287048,-3.32268873543923,-10.7883728387388,5.06038112024979,-5.68931118776998,-11.7121866242875,11.1524905985837,-16.5581971409376,0.302644522406362,-17.4759212828566,-0.412393267331071,-10.222203169604,-13.7991476446987,-5.00858517858957,1.16202614780693,1.43423977941906,1.9905453513529,0.223785002572736,0.554408428563337,-1.20404159623154,-0.450684594730258,0.641836059375492,1.60595762479265,0.721643614506061,1.0,1.0
44373.0,-0.688371819978013,-0.879968343667523,0.646454513388521,-0.926506435719521,-1.56455516486637,-0.101564148829872,1.38498059508093,-0.0731177378382853,-1.46862953488466,0.108738922672645,0.482293625905454,-0.738855057735804,-1.81587285638565,0.509285279173529,-0.727350667076195,-1.52884172194177,0.155647678093041,1.62356976913377,-0.105390980297391,0.200260664478907,-0.144013995470007,-0.584931964781762,0.6794237114414,0.288364236481545,0.0464320716739375,1.02949576551109,-0.179943666466721,0.0141990817685687,352.96,0.0
65936.0,-3.5934760029271,0.78144226309285,-1.82244751422669,0.605760683474701,-1.19465586719981,-0.517194856719497,-1.72252312325165,0.128889523769538,0.0149633080909052,-2.85611682977408,1.61826162043188,-3.58137450130299,0.623706919914784,-6.16045662030601,0.494733399107095,-2.54310504010287,-5.30127339068683,-2.19271270602319,-0.09472379272847,-0.478219313417121,0.351792125839819,0.391248950287018,-0.252874890557857,-0.498042480147132,0.0101721931231225,0.909928721553306,-1.47876724603751,0.722673039450917,101.5,1.0
101313.0,-25.825982149082,19.1672390103062,-25.3902293121699,11.1254347149714,-16.6826439195391,3.93369943022963,-37.0603114554112,-28.7597989339836,-11.1266235224579,-23.2282548357516,3.7859770496129,-10.5224940129243,-2.65749636392801,-3.79279543594993,-4.49894467676621,-6.55787310177539,-12.8672447953713,-5.80459047549908,-1.25446534452587,7.90737812724062,-16.9220157786505,5.70368400806478,3.51001884069223,0.0543302268964685,-0.671983312405663,-0.209431359115655,-4.95002186384908,-0.448412770754799,2.28,1.0
48736.0,-0.433750878032478,1.09460216760251,2.43066701754802,3.04926754720996,-0.312896044052953,0.659009536919743,-0.0306654428854741,0.320156866057247,-0.736692401523661,0.680200931143452,-0.435884135481242,0.0906843189800224,0.305387535171409,-0.357147130915186,0.466481022181414,-0.7108197801778,0.640900677966186,-0.360078532889421,0.405451525534083,0.237964819063729,0.192779927308932,0.940025154072134,-0.115463584610143,0.456662703515667,-0.391547853965,0.354472170394685,0.455176695649107,0.222040602726365,4.95,0.0
120924.0,-0.595469308558234,1.07252382977343,-0.444464089289278,-1.13653476849812,0.648507449911426,-0.611040656622068,1.21057362471512,-0.37345880511322,0.227700754785609,0.116974337449912,0.369809777859893,0.547619703233582,-0.304191814951799,0.23198473350379,-0.93540488263298,-0.225995486898176,-0.807518619106236,0.0411785634321756,0.564860709365759,-0.249409810180483,-0.0298603034477305,-0.0367269425312892,-0.167804965132298,-0.491017372485011,-0.287255481764517,-0.262381768998502,-1.11256369347491,-0.478805386522052,31.0,0.0
85285.0,-6.71340697159693,3.92110415204576,-9.74667821737542,5.14826254938013,-5.15156271985187,-2.09938865681113,-5.93776683170198,3.57877960420447,-4.6849517505833,-8.53775768653457,6.34897930341209,-8.68160893168352,0.251179384774619,-11.6080022570993,-0.351568782034355,-5.36356643348466,-11.9390915052116,-3.58360287020043,0.897402406121681,0.135711322729059,0.954272201927517,-0.45108644858101,0.127214424071711,-0.339449869297565,0.394095513633807,1.07529509891805,1.6499059092424,-0.394905372194808,252.92,1.0
41237.0,-10.2817840384715,6.30238478416897,-13.271718028752,8.92511547634157,-9.97557831146449,-2.83251346361162,-12.7032526593299,6.70684583868978,-7.07842395823848,-12.8056831898117,6.78605830197451,-13.0642398936784,1.1795245105938,-13.694873039573,0.951479176238826,-10.9542857275047,-20.5835927904158,-7.51726213169106,2.87235363605874,-0.247647527731929,2.47941350799644,0.366932842343897,0.0428046480276363,0.478278891799746,0.157770817898023,0.329900959238367,0.163504340964582,-0.485552212695879,118.3,1.0
26523.0,-18.474867903441,11.5863805198184,-21.4029168131391,6.03851541556808,-14.4511581398683,-4.14652350569915,-14.856123673178,12.4311404723263,-4.05335328722588,-9.04039624894471,5.96620250720685,-8.46396612952571,0.0786921317878341,-9.09253265181295,0.0108220973904713,-7.1863755078292,-13.7974745003699,-4.95849390971089,1.32116655982617,1.5779244011474,1.74113559593371,-1.25113794883836,-0.396219126116475,0.0957055555718895,1.32275094272025,-0.217954564863573,1.62879253147016,0.482248274865402,99.99,1.0
8408.0,-1.81328048476897,4.91785071056565,-5.92612969400656,5.70150043141163,1.20439257214362,-3.03513754815611,-1.71340206347108,0.561257390902032,-3.79635425171163,-7.45484065078351,7.38805512292025,-10.4752286504099,-0.379314526756117,-11.7367291212569,-2.08698895215593,-2.44235398293755,-3.53552351168246,0.130360306640887,-2.07145048844325,0.576656033332069,0.615641835107552,-0.4064272753179,-0.73701807643754,-0.279641772215917,1.1067663744335,0.323885477719453,0.894766671515833,0.569518600269514,1.0,1.0
37003.0,-0.996190464797448,0.933838580644723,1.14919015560476,-0.683057307872036,-0.293458730471194,-0.36519968844926,0.169409067287782,0.657204221830526,-0.0671677892426539,-0.749357151882733,0.141125118880455,0.102113409737509,-1.70011591753282,0.561124462906756,-1.26465398793812,0.269050967856899,-0.235206918106326,0.172450228581709,0.332740803719807,-0.163400876836524,-0.145152000313393,-0.423919907485808,-0.146355626848751,-0.00667737169398131,4.45136356858722E-4,0.387795461093035,0.144745311451062,0.081738585133406,4.0,0.0
63954.0,-0.458773896249638,1.05857534509646,1.60139565203687,-0.155776487921723,0.0629057025910385,-0.545006920730991,0.676287677895152,0.0260834223895278,-0.799147813926176,-0.17333349860418,1.45895987962481,1.14007791279675,0.891891763780737,0.150865066022064,0.0441785518475582,0.351601783005918,-0.698744633208956,0.0286471257159485,0.296955983379848,0.174175088555879,-0.164037081516824,-0.405277312093708,-0.0398743178688288,0.335668535403108,-0.190928739646673,0.0506269440238497,0.266763465097604,0.11300343750912,5.49,0.0
82528.0,1.24580670469825,0.312627150641259,-0.00569981418357427,0.846346527072418,0.541568593821166,0.442195233362398,0.0842509456130995,0.0155878664929312,-0.0618747516493929,-0.0516469454199735,-1.18832188931918,0.381228213013154,1.17727154588214,0.100714484181307,1.25305742292812,0.372997109417595,-0.777018424357614,-0.532539152604251,-0.138472196637602,-0.0372599368285934,-0.36601681589742,-1.0331754920366,-0.00108874573448481,-1.37040621589708,0.411403924051398,-0.600661224837937,0.0419796098075944,0.0192608627527204,20.0,0.0
121336.0,1.84046800152326,-1.13363884225769,-0.824497190861746,-0.672422467569566,-0.843576153691004,-0.420375118016668,-0.57910311143534,-0.070901220156072,1.88257876153583,-0.482398374481771,-1.60404424871543,0.0256633318988872,-0.198551001860895,-0.171629601118189,0.77997046916416,0.284356477852362,-0.578716973274997,0.31444158232979,0.462536892732234,0.0802131769818486,0.177979372692329,0.472171828558859,-0.0394086590019379,-0.638668445579777,-0.256576374334763,0.768936546082876,-0.0577785166374357,-0.03884918140592,135.0,0.0
119450.0,2.25851269202198,-1.53472475946411,-0.725847658204626,-1.80341556527574,-1.19036004076906,0.0782035532641464,-1.451624677637,0.0442329112536282,-1.1744818173178,1.67913932653426,-0.139224753910565,-0.27213264408808,0.708191586770384,-0.478919587140638,-0.572111007834709,0.241966719148155,-0.245583219016378,0.644869777175041,0.525247419965093,-0.349835673063812,-0.407922711775129,-0.758779005625314,0.311945059398516,-1.10419564314886,-0.507439098402586,-0.442159420563266,0.0303799040208152,-0.0519682248460947,31.4,0.0
7891.0,-1.58550536691994,3.26158454822833,-4.13742198305023,2.35709625199132,-1.40504331370135,-1.87943719306477,-3.51368687087654,1.51560674568816,-1.20716636120056,-6.23456133227108,5.45074606689486,-7.33371406736393,1.36119332407831,-6.60806825219469,-0.481069424899829,-2.60247787045261,-4.83511205239717,-0.553026089102902,0.351948943356815,0.315957258937511,0.501543149467536,-0.54686881157389,-0.0765836358993043,-0.425550366841581,0.123644186352002,0.321984539336613,0.264028160503965,0.132816719764592,1.0,1.0
1256.0,-2.59470394545245,0.792115507036795,-0.74919327918474,-2.0730815234293,-0.938224748899246,-1.81994514994583,-0.10290898568694,1.10343741997128,0.204788424686523,-1.2494410296464,1.23290538780014,1.74123097441908,0.263956903797608,1.34312034593514,0.240370333147033,-0.238002126358342,0.122958158815139,0.317903080439631,0.753406449849616,0.0700671368129685,0.173199697014037,0.377771621871127,0.148204052227748,0.58793610185547,0.0714967633455214,-0.153506630181618,0.262470506580291,-0.0810601446775015,1.0,0.0
110547.0,-1.53281036094493,2.23275183861699,-5.92310007493809,3.38670841159996,-0.15344334000728,-1.41974768064009,-3.8785763388613,1.44465586239817,-1.46554214173397,-5.20833459337633,4.54630106888309,-7.76119403219115,1.15954032168956,-5.23161145654992,-0.171642119460071,-4.71982949844975,-4.84799196061678,-1.13432874514983,3.52773827223549,0.520839865969216,0.632504705856676,-0.070837950713368,-0.490291315112446,-0.359983126080465,0.0506775325943162,1.09567132878655,0.471741401676933,-0.106667140739625,0.76,1.0
72327.0,-4.19873460983989,0.194120636801706,-3.91758567828042,3.92074784640417,-1.87548574659158,-2.11893292738694,-3.61444510993627,1.68788446543007,-2.18987113590881,-4.68423332514029,4.37690666362302,-5.00744082816051,-1.30474507803596,-6.19247526385522,1.00240426741391,-3.31693430074553,-6.18883415213498,-1.04041264854272,1.23304434947994,1.0033504305956,0.801312235949018,-0.183000576489906,-0.440386862411508,0.292539411877521,-0.144967421927777,-0.251743981877142,1.24941367428483,-0.131524643545312,238.9,1.0
55311.0,-6.15960693036327,1.46871292315117,-6.85088814665684,5.17470627250374,-2.98670392387712,-1.795054145699,-6.54507152628193,2.62123613805269,-3.60587012643541,-8.12216107491307,6.02903256317613,-9.22585530778592,-1.54675863096913,-10.3093341893072,0.308062393533042,-7.78732622111619,-12.8221770045808,-4.36767713342358,2.64398422133793,-0.289829585956863,1.06131418230601,0.125737468595024,0.589592331660844,-0.568730604518481,0.582824720935876,-0.0425826450995479,0.951130233081124,0.158996023697089,0.83,1.0
121753.0,-0.763510000671607,1.16134631153653,0.31350946172501,-0.200686321493198,0.95550371689617,-1.09603792760677,1.4511388690125,-0.556012050522728,-0.644644306650821,-0.288879310243738,-0.811780621084537,0.543603180460214,1.00910793840519,0.015877444484215,-0.637637505015618,-0.896697299441995,-0.0488597857651471,-0.764809076323258,0.594005227481692,-0.12292487735456,0.0734280820354304,0.330928255407582,-0.452706670712251,0.147692907460803,0.313730612551931,0.428193804589538,-0.326240183010686,0.118664107601648,19.95,0.0
42038.0,1.42131272507683,-0.438726782103927,0.258905807214571,-0.897010128500626,-0.513274599542976,-0.144536728794046,-0.598162254988307,-0.0474968809181568,-0.832408718077797,0.548612450211023,-0.49135944348405,-0.332901135006788,0.969785731638154,-0.304673984896925,1.04504396372608,1.12299127681227,0.193237975770465,-1.87667513226718,0.519929468249744,0.097312133653671,-0.109594290104184,-0.358770590306951,0.0701035989177735,-0.647817704187871,0.278160841627671,-0.408883537319372,0.0306988038270842,0.0128975869407539,5.67,0.0
58822.0,-4.38422089880268,3.26466481012305,-3.07715801666012,3.40359359659281,-1.93807528041028,-1.2210812776781,-3.3103166090276,-1.11197501012863,-1.97759328056305,-3.28820356526528,2.88609147657536,-6.84897793447677,-1.02923459062256,-7.46010298330266,0.0559060176229105,-4.33478342671028,-9.87456039324105,-3.54190332932228,-0.531558760456647,-0.141533268810834,2.07638272101207,-0.990302787008607,-0.330358452316133,0.158377625833497,0.0063514462492984,-0.493860013315231,-1.53765237842389,-0.994022490842227,45.64,1.0
45463.0,-1.47689343619361,2.12231379246165,-1.22946956041319,1.20184879823143,-0.343264387787516,-1.31770390932283,-1.52814215893659,-0.620953383361586,-1.21304032250238,-2.97526724837752,3.53221960237349,-3.68263987014104,-1.15477748628793,-5.16522922685485,-0.240091425455286,-2.40492728839102,-5.67173864053893,-0.99429395124741,-0.289935891439032,0.276893466308702,1.18603560532412,-0.0402148700651311,-0.238930086824211,0.110144325976026,0.0454183699836296,-0.56923231725429,0.481018701576887,-0.0475554426964208,1.0,1.0
58276.0,-0.366069419909531,1.14423976185156,1.43131189014812,0.13884495409225,-0.126018718643672,-1.16625766632375,0.730259501491021,-0.100149645119215,-0.432657157747211,-0.516038344870914,0.096855231794066,0.0796959448120405,0.157831336460192,-0.428892396688435,0.859414328542284,0.283075153118073,0.121427991573896,-0.256502941218517,-0.215004750425249,0.112136268906915,-0.240473000495308,-0.62126482165225,0.0272506655120806,0.662890841722783,-0.200345036924947,0.0512940942349335,0.246273877626994,0.101896414255378,4.49,0.0
67571.0,-0.758468652663917,-0.0454102784513458,-0.168438290153528,-1.31327481447103,-1.9017625315847,0.739433414882114,3.07189204639003,-0.483422244220096,0.61820276215476,-1.7690597207318,-0.651414013964987,-0.00542329080098884,-0.517194341398293,0.217469760178719,0.883558824493356,-1.17397764863161,0.24334710955825,-0.342300728238465,0.68705620239513,-0.0324998988871344,0.0426194565214976,0.397223782011498,0.0722288654476503,-0.242275996603303,0.560916469624214,-0.540954584325348,0.150606446374032,-0.117140114799884,549.06,1.0
12393.0,-4.06400473842815,3.10093489093256,-1.18849800365476,3.26463274045175,-1.90356235801726,0.3203505872957,-0.954940039087007,-3.27753491983773,2.82082866173719,1.01511287978593,3.18718689736493,-7.00432728360605,0.872710605485111,-6.22060535304292,-0.904444629573358,-3.07509188469837,-5.04473569177435,-1.71808268516882,-0.662462068430895,-0.531897693292296,1.68866543097474,-0.0788446980063478,0.19373092657711,0.479495953884992,-0.50660305739906,-0.409862744197452,-3.03627132936069,-0.630605198840545,179.66,1.0
42985.0,-4.07597468486268,0.963031254092613,-5.07607019842086,4.9559633578155,-0.161436852450419,-2.83266299767191,-7.619765445461,1.61889544068454,-2.99209215744034,-7.14219911358407,6.27866584548672,-9.40706094796316,-1.81887396082411,-10.7395718907673,0.224206083734093,-8.42708279627514,-13.5021528919623,-4.71296758855481,2.6304759946371,0.0588612515023862,1.03073825203134,0.165327776328984,-1.01750231442165,-0.477983380813876,-0.304986825039416,-0.106089275128594,1.89971434181658,0.51146170682063,1.0,1.0
14073.0,-4.15301449873357,8.20479650456012,-15.0317142097481,10.330099825448,-3.99442609736294,-3.25001318447365,-10.4156978119079,4.62080391044331,-5.71124797098224,-11.7971810675777,11.2779207278067,-16.7283393320915,0.2413676825577,-17.7216383537133,-0.387299923381284,-10.3220166783853,-13.9590853730538,-5.03071003831832,1.19726633504633,1.41262488019492,1.97698839609887,0.25651048717528,0.485908106513804,-1.19882131436036,-0.526567394687845,0.634873502483478,1.62720907623952,0.723235068518316,1.0,1.0
28658.0,-28.5242675938406,15.8769229879536,-29.4687320925264,6.44759140152748,-20.7860000418837,-4.86561341755669,-19.5010840750712,18.7488719520883,-3.64298981925263,-7.93964241937325,4.18467368942509,-5.83507521523889,1.21595964527928,-5.33014378246253,-0.118631138153322,-5.36777527618834,-11.4317569116986,-4.69692444373293,0.69268841200477,1.7068890619925,1.80576978392608,-2.11937616760819,-1.31744962200248,0.169845630469178,2.05168733506275,-0.210502000459411,1.30173396497076,0.380246181418509,99.99,1.0
68507.0,1.27350914197486,-0.58276835133779,-0.225992695835649,-0.801983405055484,-0.570686364207475,-0.829085872047113,-0.0903505733640959,-0.202528515841931,-1.34013819471151,0.789495917239876,1.20934791737586,-0.0823544910905096,-0.167076214150158,0.351716682305898,-0.189316700867009,1.16130701653485,0.0437078696052399,-1.25835714571131,1.18529181383301,0.219996486576967,-0.0722442062113622,-0.551412492264575,-0.0434430387168564,-0.00534153286345433,0.428789954636425,-0.455598898147613,-0.0426933952404414,0.00958748407219916,87.3,0.0
68207.0,-13.1926709562391,12.785970638298,-9.90665002092758,3.32033688288942,-4.80117593230105,5.76005855618556,-18.7508891580107,-37.3534426378925,-0.391539743919107,-5.05250236713858,4.40680552357904,-4.61075647740608,-1.90948796970811,-9.07271093398351,-0.226074450896345,-6.21155748212485,-6.24814535335983,-3.14924669470095,0.0515761185277783,-3.49304991519446,27.2028391573154,-8.88701714094871,5.30360690376998,-0.639434802306313,0.263203123457008,-0.108876929971315,1.26956635541013,0.939407362758877,1.0,1.0
93860.0,-10.8502815883108,6.72746568826853,-16.760583409542,8.42583167857118,-10.2526968683093,-4.19217104406337,-14.0770860104531,7.16828793346092,-3.68324217370244,-15.2399619587112,8.03070840755191,-16.0603057628826,0.270529742348469,-14.9529810390579,-0.241094883743813,-11.866730636746,-15.4869899240937,-5.74865155747378,4.1300314273319,-0.646818272966729,2.5416369467068,0.135534921100722,-1.02396689219897,0.40626452579196,0.106592778669641,-0.0262323892202069,-1.46463002356247,-0.411681819907858,78.0,1.0
71033.0,-3.17081841545902,0.185734554774403,-3.39985157931162,3.76115529034876,-2.14804702797609,-1.59894442520531,-2.51956531805231,1.31621501070214,-2.40010611621824,-4.99341703829647,4.44719176626515,-5.29376010254684,-1.41957829927441,-6.42527621352443,0.914083034195792,-3.51519716625381,-6.34745330751181,-0.90351216582405,1.19160626766329,1.93225372509724,1.09205113380931,-0.0410804286307278,0.904395217733676,0.180015601586537,0.0499703397242655,-0.257099837784436,0.859281566487016,0.225924185725605,426.4,1.0
36169.0,-1.54411390857893,0.910407494614584,3.17093614001537,-0.907917255038932,-0.257514638933004,-0.126374351678414,1.15805414055788,-1.13094656907651,1.69115317972937,1.52546789616142,-0.0886629384299112,-0.759702232178955,-0.188448560629837,-1.80687356887694,1.303899445669,0.454616421414176,-1.48645570093666,0.28826466032972,-1.05327521675179,0.401469650673489,-0.062667445409068,0.845471809129259,-0.529248633490641,0.414489959954031,0.0707233263335201,0.251684335790036,-1.650233426031,-1.4760448381123,39.53,0.0
43481.0,1.39795313925979,-0.825861557182053,0.597134207355841,-0.799626908085429,-1.23012598389229,-0.272110493270372,-1.1030809439999,0.055168189769202,-0.155343942955036,0.63740712581454,-1.27980516168604,-1.5680589421082,-0.772173825930156,-0.249106095340392,1.3136528904055,1.78401039013046,-0.177932958444957,-0.424712006861021,0.541835982583176,0.0754399368965798,0.322946817853768,0.791718743755287,-0.206835969030595,-0.432517032124966,0.490878040357044,0.00456359203599844,0.0249361208800144,0.0179155022035604,29.95,0.0
108638.0,-0.410807110895709,1.46990280198876,1.8472311842976,4.78877973435567,0.52291185738226,0.826703467023265,-0.048773360213265,-0.786774528710283,-0.426206663463259,1.02897258758547,-0.189898998726634,-2.33376580001958,2.94315616134998,1.18108659753916,-0.771380169050545,-0.232798993136918,0.977973481491493,-0.109945229980655,1.29365046263931,-0.0503484103190537,0.299342679787611,-1.0535031776491,0.592874696302215,-0.141972337601989,-1.1015968856141,-0.15531224600641,0.315746232639762,0.195411187301388,0.0,0.0
41200.0,-1.27387463014551,1.79008522501148,1.16474456196339,0.0226554696586443,-0.57040550147212,-0.773806555543083,-0.0891772888995381,-1.29888331719218,-0.638973067218629,-0.433715953283329,-0.0588424033597318,1.00176653883682,1.2332360678441,0.283946391297643,0.616256450876395,0.181468117465756,-0.0506326892654691,-0.545916147887664,-0.154215033892489,-0.279177614788507,1.37396756210673,-0.965900647069111,0.279683796867464,0.697634273712356,-0.134297405171168,0.0620343300636884,0.225557218174011,0.0738887083662152,8.99,0.0
8408.0,-1.81328048476897,4.91785071056565,-5.92612969400656,5.70150043141163,1.20439257214362,-3.03513754815611,-1.71340206347108,0.561257390902032,-3.79635425171163,-7.45484065078351,7.38805512292025,-10.4752286504099,-0.379314526756117,-11.7367291212569,-2.08698895215593,-2.44235398293755,-3.53552351168246,0.130360306640887,-2.07145048844325,0.576656033332069,0.615641835107552,-0.4064272753179,-0.73701807643754,-0.279641772215917,1.1067663744335,0.323885477719453,0.894766671515833,0.569518600269514,1.0,1.0
56650.0,-8.7620833940977,2.79103028235041,-7.68276685719257,6.99121396498416,-5.23069545140333,-0.357387950702527,-9.68562145610769,1.74933494530821,-4.49567886484426,-7.86450647898838,4.77414774007074,-8.24589788162945,-1.33349186005079,-7.97425052332349,-0.39879894749855,-7.24434047432354,-12.7600939511044,-4.82474022298701,2.83699299496563,-0.460389538640294,-0.0905267878788197,0.34858962816605,0.0511323900482543,-0.41542987238242,0.219665266254896,0.330020364891881,-0.0282517554687547,-0.156270272972183,7.52,1.0
91554.0,-5.10025566317088,3.63344238024837,-3.84391862443125,0.183208447320966,-1.18399737637674,1.6021393332506,-3.00595315203476,-8.64503780175356,1.28545810732477,-3.71748137540216,3.71921153916465,-5.03402974701745,0.918999158233287,-4.22036591807154,-1.05049995739584,-1.69104526842648,-2.37242320724166,0.450098503348706,0.407805060819919,-2.80630192287329,8.28043932580154,-2.79714954096118,1.09070659271567,-0.159259597476933,0.532156369375709,-0.497125808167425,0.943621624807946,0.553580691756943,261.22,1.0
91554.0,-5.10025566317088,3.63344238024837,-3.84391862443125,0.183208447320966,-1.18399737637674,1.6021393332506,-3.00595315203476,-8.64503780175356,1.28545810732477,-3.71748137540216,3.71921153916465,-5.03402974701745,0.918999158233287,-4.22036591807154,-1.05049995739584,-1.69104526842648,-2.37242320724166,0.450098503348706,0.407805060819919,-2.80630192287329,8.28043932580154,-2.79714954096118,1.09070659271567,-0.159259597476933,0.532156369375709,-0.497125808167425,0.943621624807946,0.553580691756943,261.22,1.0
18399.0,-14.4744374924863,6.50318451651946,-17.7126323688621,11.2703523334822,-4.15014206409808,-3.3720982088695,-16.5358068114174,-1.4439469925952,-6.81527289964437,-13.6705451263516,10.5452629545898,-15.0226996343749,0.171633085144947,-15.0663743633461,-0.259575939555838,-8.6687392723375,-12.8041408991277,-5.11662049533788,0.579200358016368,1.10124987016838,-2.47596222945688,0.342390706034285,-3.56450803816097,-0.81814019000188,0.153407682695978,0.755079460824454,2.70656616161759,-0.992916047059418,1.0,1.0
7543.0,0.329594333318222,3.71288929524103,-5.77593510831666,6.07826550560828,1.66735901311948,-2.42016841351562,-0.812891249491333,0.133080117970748,-2.21431131204961,-5.13445447110633,4.56072010550223,-8.87374836164535,-0.797483599628474,-9.17716637009146,-0.25702477514424,-0.871688490451564,1.31301362907797,0.773913872552923,-2.37059945059811,0.269772775978284,0.156617169389793,-0.652450440932299,-0.551572219392364,-0.716521635357197,1.41571661508922,0.555264739787582,0.530507388890912,0.404474054528712,1.0,1.0
100501.0,-6.9852674861123,5.15109356872598,-4.59933777342036,4.53447860064768,0.849053978611719,-0.210701203278644,-4.42522968507474,-5.13452515572624,0.0693205728889109,-0.870997150804889,5.20081516878268,-7.80222778971281,0.0339124179895287,-7.56013197197136,-1.01465193469311,-1.50792960088674,-3.41027456780471,0.107544007359072,-1.37551765637273,-1.24699631854492,5.45367185347674,-2.05617714358307,-0.280333720590026,0.120771472511766,0.569357720918146,0.145971466001576,0.300193469284684,1.77936385243205,0.76,1.0
58758.0,-1.93784065314641,-0.258202875986941,1.0201862692887,-2.15228519034211,-1.99666124694063,-1.23218623781866,-0.831349341068398,0.658380674883965,-2.38128844712258,0.643217751485124,-0.654257578112285,-0.769887106902194,0.386619602723791,0.0596512932091288,0.104492841642004,0.161205501110928,0.609465784255154,-0.0219244359912551,-0.923217776804397,-0.543514664858572,-0.236204206078194,-0.575039322727552,0.127582096559082,0.667652788424965,-0.201727572275395,-0.585793640079255,-0.0269201746268405,-0.152797171764134,60.0,0.0
38360.0,-1.93671291129587,-5.89443684207306,-1.78206765362255,0.81975517758683,-2.47916795907914,-0.116234408229231,1.98320756372168,-0.628879531673867,-1.35276725789931,-0.0213306981900497,1.08862769374602,1.05420068359471,0.989254267998025,0.480305599409776,-0.597523731395014,-1.40479636337604,0.0786573369160996,1.36403115632345,-0.723110922863657,3.02831803282063,0.644488983491201,-1.42421172567381,-1.53087678124405,0.480841959136978,-0.202790783013765,0.890534173016669,-0.391234611284932,0.286479497770784,1714.96,0.0
70216.0,1.03880094960872,0.236486026193852,0.976246197636825,2.75211189619381,-0.454026054704008,0.0575829702341833,-0.145335711227252,0.172924428775429,-0.129814797585163,0.50754862263989,-0.591069625206287,-0.307529857071293,-1.45042389627308,0.208967920846749,-0.276956898252133,-0.068527933917739,0.23860883041391,-1.07068091533312,-1.06372588913115,-0.243140689513297,-0.225886038370326,-0.626038552316666,0.135025759821041,0.350618194628342,0.231518721776504,-0.150384850068902,0.0111390067427456,0.0274317134366992,30.69,0.0
37263.0,-1.15232812943511,0.989705579209532,0.257458824160505,1.08894554243713,-0.759383328052482,-0.673046872716184,0.0613240957455127,0.766996719016813,-1.01686468387229,-0.346891002026952,1.04550752573911,0.792011649471286,-0.287264036030555,1.18778948052987,0.307937125544708,0.162367503677204,-0.0486154700819952,0.640350680580312,0.565618108119856,-0.288442611288876,0.277842048227941,0.53151646312551,0.210342146130263,0.538906607096305,-0.147213572475794,-0.360946895888828,-0.215606315278275,-0.246981059002706,56.7,0.0
102114.0,-28.2550528932108,21.4672029942752,-26.8713387797136,11.7374361361796,-17.9996302850189,6.0659013519233,-41.5067960832574,-38.9872627434095,-13.4340663182301,-24.4031849699728,3.40932261990014,-9.60826735632918,-3.07631796817408,0.240060357919937,-2.83667693195872,-6.594756991638,-12.9575309948449,-5.61352195004329,-0.248828402209821,10.4407179813405,-21.4537362781468,8.36198519168435,4.90911112135878,0.0983279449493119,-1.50873912052995,0.00871129047841733,-5.4078236392388,-0.183811044930697,0.0,1.0
102480.0,-1.92959692675373,4.0664132778545,-4.86518400996861,5.89860229319899,-0.552492585328532,-1.55596245330906,-3.83362344068736,0.679511648528001,-3.46376549143694,-6.68368922880726,7.02127774818005,-11.1024933822497,1.71175507363653,-10.447632938235,-2.79907615915518,-6.26174085045904,-11.6471577741668,-3.45143614190286,-0.507536514254236,0.942488941965831,1.13721164676769,0.674245235425331,-0.531765489027487,-0.433409350510738,0.378658562357166,0.198107291025294,0.869694411928137,0.228047851815119,0.0,1.0
53937.0,-2.04260819938332,1.57357807373238,-2.37265243271278,-0.572676430720841,-2.09735276458226,-0.174142123011242,-3.03951978687359,-1.63423295064356,-0.594808638750073,-5.45960189444545,2.37853722491518,-2.33027064686235,-0.24623272486659,-4.05852343611281,-0.316983146603949,-2.52266081131673,-5.60340034818128,-0.778439963776289,0.860211793588662,0.825565985313424,-0.723326195587733,0.501221637302624,-0.696892260580304,-0.600513726439022,0.127547028812739,-0.786072220292301,0.606097322391548,0.171696507911815,261.87,1.0
33983.0,1.00858216422163,0.110648977473646,0.484742586796676,2.66328542551539,-0.175443425843326,0.0447555247492369,0.136978391186697,-0.00911770404595831,-0.248582903923568,0.508827248897194,-1.42491342107144,-0.260000306331141,-0.502718543400839,0.0296786915075975,-0.60284911260403,0.360380281847061,-0.353903729531894,-0.425765014984761,-0.425357227301039,0.00979992404744294,-0.202448502323624,-0.701966610232429,-0.12030727897604,-0.139929890188454,0.50596809278456,-0.0690184616818155,-0.0203866165256772,0.0332484892085825,102.84,0.0
41185.0,1.19486481485108,-0.313148514446834,0.572135690890793,-0.0548273297780375,-0.84810466843817,-0.456876574529755,-0.504105487109747,0.15882652572249,0.466006381241857,0.0536610585387442,0.811058813330187,-0.318715497557139,-1.98086693509881,0.685458911082342,0.833825210659158,0.931805894790293,-0.667833724628609,0.440029658859278,0.381771440066885,-0.125598653047868,-0.174051995224371,-0.705632755110161,0.105718019886625,-0.0269637005765058,-0.0565120743972984,0.796594713972199,-0.0848810385390503,8.32539377789346E-4,29.01,0.0
78598.0,-0.650054557223897,1.03369902564611,0.983015315808271,0.673686797313739,0.866331363197129,-0.448744486968205,1.10009099520699,-0.148319896382451,-0.91582799046653,-0.171035635134231,-0.941776291648648,0.245532968042181,1.17912041304925,0.190591263924281,0.902790563731731,-0.196655922428794,-0.446884031688913,-0.259862400823855,1.02262368828747,0.414845503695083,-0.340088494884389,-0.998053537724475,0.0114989178958126,-0.484255862842122,0.0928810806319452,-0.612092841804075,0.336305970013876,0.185736881610364,52.05,0.0
94362.0,-26.4577446501446,16.497471901867,-30.1773174564996,8.90415677106517,-17.8925996927224,-1.22790388102871,-31.1973285494605,-11.43892041491,-9.46257260540015,-22.1870885620007,4.41999660154863,-10.5923050053728,-0.703795803703315,-3.92620731586873,-2.40024649210124,-6.80988994039049,-12.4623149481086,-5.50105078380738,-0.567939572890149,2.81224110932946,-8.75569832116533,3.46089334478551,0.896537503959012,0.254835536763482,-0.738096558530353,-0.966564233789852,-7.26348214633855,-1.32488430656137,1.0,1.0
76826.0,-6.61629292560656,3.56342789803106,-7.05890129814843,4.28434595524384,-5.09629887292392,-1.76861780360559,-4.93755412732933,2.74845954534783,-3.79675959454545,-6.8254901042394,3.25959475409854,-6.94389061823948,0.43597516308899,-6.94701030902337,1.01100406527995,-6.16683742461485,-10.564346602529,-4.01018815310236,2.14350179519978,-0.54163415582255,1.21597610572025,0.0411777442210425,-1.05909770217904,0.275662062254882,0.057424927985318,-0.265838484019501,-0.514636936427821,0.388590269335523,254.76,1.0
58623.0,1.10420588921438,-0.976844211503741,-0.36670288894408,-0.780759950533615,-0.619239906229176,-0.381249748568501,-0.213115729892978,0.0287491221956623,-1.05987133223607,0.771854382304912,1.10283367847604,-1.01874897083456,-2.10096396469696,0.777880828683021,0.282034191952436,0.967789805728374,0.433920013029466,-1.45769720616444,0.819406042102472,0.196387467247534,-0.0276483651871768,-0.628865746657031,-0.047769020629819,-0.366199125879798,0.267134927793959,-0.426316919453002,-0.0510010874747609,0.0132819183144988,151.88,0.0
35962.0,-0.393669765533058,0.678641410725206,1.49063403362706,-1.19427560455528,-0.246478269001645,-1.0999001370661,0.538170140436723,-0.0504234960390627,0.0843082368039584,-0.665418475641606,-0.440312846866705,0.0631964190593326,0.136800563420815,-0.107277939720875,0.503349456002869,0.645731961681844,-0.702314314332464,-0.384978701168731,-0.760945143919194,0.0337201644868347,-0.100817343572079,-0.251058812906334,-0.0125345984394436,0.423873027137762,-0.246414513221805,0.722497409432698,0.174688619508414,0.0681123268999035,7.68,0.0
54817.0,-0.429601859487311,0.582224867336856,1.33081833830648,-0.085073961571379,0.192004611700904,-0.428762621631828,1.40661297180968,-0.394590501183033,-0.49709140468247,-0.404518551330713,-0.762524054430965,-0.160778957742849,0.464124746811982,-0.0771861228239564,0.734561095740071,0.1481636503252,-0.662735294822837,-0.191979413370201,0.240668913078997,0.318744550432889,-0.109077775078194,-0.352750821833208,0.0978228802178098,-0.117723887004188,-0.257634824620743,0.0989891797405106,-0.121540082142893,-0.0883851076133094,116.0,0.0
91387.0,-2.81884280926943,1.50705725506134,-0.1773146886121,1.01956907463972,0.69831265850049,1.07182460811773,-0.968861390810148,-4.87456083761719,2.22664078171099,1.03896842984323,1.0300378714239,-3.05333193066753,-1.47832550137177,1.99278398146482,-1.52668929382321,-0.792614446149994,1.03574714595405,1.0311283129358,0.827865546582364,-1.7150973588904,4.35096889233188,-0.675246759677464,0.909229820323265,0.540167286046183,0.219441633921896,-0.282415030539313,0.645791251356001,-0.0422430115380318,11.0,0.0
29785.0,0.92376442016477,0.34404807190464,-2.88000365579163,1.72168007534123,-3.01956477860235,-0.639736122583852,-3.8013245024591,1.29909588513018,0.864065471140902,-2.89525166830126,3.02816223099618,-2.54917730779636,-1.56043182473423,-2.97131675769274,1.07889539651163,-4.70201182527384,-4.90809850732764,-1.5088732903485,3.0016850593747,0.170871765618069,0.8999311755668,1.48127100376248,0.725265549161058,0.176959582872624,-1.81563797523647,-0.536517111308732,0.489035020411905,-0.0497285787992942,30.3,1.0
35964.0,-0.356601608396783,0.0960774018870428,1.32468123665985,-0.588230039059157,-0.588358668686549,0.224288037389871,0.12759027155403,0.217566392105418,-1.13904038450485,0.469069585556419,0.547700978766182,-0.387875453436227,-1.80742834336312,0.276219667153792,-0.885102372192622,-1.99060257970304,0.462736906661143,1.0809332041464,-0.460422354649172,-0.63310068606685,-0.377205592632859,-0.589662153858105,-0.0555293535531045,-0.0222746544898836,-0.136988211344298,0.335377299229181,-0.0985748489056042,-0.0102505470237166,40.0,0.0
95707.0,-6.77140026724782,6.41703574365698,-3.84618994298119,-2.72491520418797,0.0334412271280523,-1.58144565501731,1.35797156192554,-0.127150471287263,6.38815739611602,8.63983626246736,2.06306253153572,-1.77008254541638,1.54856810836776,0.0490652181460146,-1.13724003382721,-1.07584648917826,-0.433959805975209,0.0214989362148684,-0.748009254433407,3.74412029821827,-0.85730096010998,0.23052851482684,0.0146277686402852,-0.616790495066767,1.15217141706136,0.0799214352756411,2.46447994043175,1.06565172538722,3.84,0.0
44262.0,-1.16996100783528,0.276048115856338,2.13798884607086,-0.156303331694575,-0.808669380371891,1.12226977097225,-0.56416090874056,1.03683796343162,0.0385836599864114,-0.99799443543305,1.00197846519764,0.785571034782611,-0.868771065933128,0.122709717459446,-0.216866821910477,-0.729783070225445,0.973223053306779,-0.635698692348449,0.911099907802981,0.0333387086492053,0.00329077726346118,-0.0162965940229471,0.0276627363886918,-0.233154919989884,-0.197691103368289,1.12032204793093,-0.0907303448586412,-0.0281901027826911,56.09,0.0
55882.0,-2.27737269419427,0.131146482447616,-0.187536421536904,-0.483634366466585,0.0990506166009635,-1.13996715272687,0.218643127972391,0.770668014812972,-0.79228662342454,-0.694478900195581,0.536997532877683,0.691863357130365,-0.235156206042182,1.11100791873929,-0.401953932370671,0.698889108958428,-0.515612411579159,0.323645409790872,-0.0139138853770615,-0.200129799260287,0.114741204599652,0.116326839732149,0.355907934207841,0.046007487955036,-0.0931168363365895,0.41744750958505,0.114880362849353,-0.349430154925875,23.0,0.0
68207.0,-13.1926709562391,12.785970638298,-9.90665002092758,3.32033688288942,-4.80117593230105,5.76005855618556,-18.7508891580107,-37.3534426378925,-0.391539743919107,-5.05250236713858,4.40680552357904,-4.61075647740608,-1.90948796970811,-9.07271093398351,-0.226074450896345,-6.21155748212485,-6.24814535335983,-3.14924669470095,0.0515761185277783,-3.49304991519446,27.2028391573154,-8.88701714094871,5.30360690376998,-0.639434802306313,0.263203123457008,-0.108876929971315,1.26956635541013,0.939407362758877,1.0,1.0
52371.0,1.25133966572691,-0.606993386317849,-1.20515974225726,-0.563052872338715,1.65581983062474,3.43628856624538,-0.709390577161878,0.768214556014521,-1.25161458465431,0.876735332071016,-0.359966253123221,-0.222175070206367,0.296205234603601,0.36312670862333,0.93585770959435,-0.997921656585996,-0.692943207836867,1.46054570931156,-0.74398301229746,-0.270919952551512,-0.54548203125007,-1.41803879616649,0.0282363216271853,0.926517252943165,0.488011658854649,-0.527343318044678,0.0316977375559222,0.0374432844725913,80.09,0.0
70435.0,0.727765167067713,-1.05290131527863,0.847607375429986,0.0478899175719563,-0.553474525301293,1.8724116787992,-1.01688708855162,0.797399844628572,0.790618167111926,-0.314176020576489,1.88716461926684,0.761297172031234,-1.15692719831096,0.229221448903782,1.22894843277059,-0.631599112983973,0.76844164925202,-1.39369753179819,-1.35446480872343,0.0199455665045291,0.31252900659304,0.80380798704064,-0.0201978842072453,-0.938492514234265,-0.221119453551936,1.20875515617781,-0.00155205885127367,0.0118392675315243,145.0,0.0
45501.0,1.00199171536791,0.047938380305255,-0.349001552412107,1.49395843665091,0.186938875230095,0.190965634380865,-0.00111210422593577,0.147140194715723,0.580415339651519,-0.792937990748917,-0.984171728067149,-0.567380064895921,-1.10559224967424,-1.38121354248053,0.405490421163411,0.279890165223202,1.1321602098483,0.0929929763441439,-0.298920455435975,0.016003673251105,-0.334417439439,-1.01431467260935,-0.128427315817252,-0.946241837638308,0.456090274720588,-0.453205972393371,0.0466270924243456,0.0646983543716214,105.99,1.0
61580.0,-1.21133985298333,-1.95413820614481,1.49954999037945,-3.36149315566681,-1.01693903635638,-0.62690341562205,-0.32551273194101,0.270110770073098,1.13432839008641,-1.47111615203959,0.0336200934886368,0.307795160243748,-1.66798839352964,-0.0778275548409804,-0.652526862652125,-2.27981998200354,0.0966688351873463,2.24837410718528,0.555270277190115,-0.0341453897586921,-0.227939087801842,-0.505571545777818,0.444646401332828,-0.0978407538363429,-0.0661702580255108,-1.02728516401712,0.128791428651167,0.162605060154347,191.28,0.0
93856.0,-6.75050851563533,5.36741605145469,-10.0546349530569,9.06447791765316,-7.96811808353808,-2.26379841398236,-10.317566180676,4.23766573099145,-5.32410880613734,-11.0923923688428,7.15408284221914,-17.1504052507291,-0.0953992277686904,-11.0301103643432,-1.95905455483077,-12.4485623424367,-22.6679054064789,-9.26460873295655,1.9823563171714,-0.0812198922441237,1.90903201764938,-0.34873973066671,0.425000563135111,0.674908669807175,-0.784208393488163,-0.247422102935353,1.1595813739152,0.197817874685768,209.65,1.0
63124.0,-0.474538101364013,1.28969108821587,1.41560962014254,0.109050289436705,-0.0569408163455382,-1.1353321070908,0.789127680900104,-0.191949571207904,-0.511205577385162,-0.434200565691653,0.268992492679728,0.591549927440581,1.12363084550814,-0.656619441696303,0.76042601499798,0.224858291586482,0.0596953622118753,-0.383231216522144,-0.218525057629904,0.155518791719489,-0.212382989046067,-0.542809921973294,0.0170801999990589,0.688762113155402,-0.180502370290803,0.0350996823962916,0.116508013503067,0.101951510648984,3.58,0.0
84204.0,-1.92745281973369,1.82762056700016,-7.01949468454197,5.34830323951426,-2.73918788004738,-2.10721929638307,-5.01584797563431,1.20586815982046,-4.38271250852199,-8.33770697381781,7.19030608944843,-9.42484446049178,-0.223292646427513,-12.8754942229841,-0.071918160688794,-6.2999613976222,-12.719207160428,-3.74017615583058,0.844059610296466,2.17270905626492,1.37693832294098,-0.792016725563067,-0.771414187530036,-0.379574271539528,0.718716522008066,1.11115125599517,1.27770725705846,0.819081152045361,512.25,1.0
113959.0,-1.65330164978207,-1.01472346562409,2.26128847783465,-1.04491081471621,-0.971452487902743,0.180293142247789,0.0268339704650789,0.0994432977801663,-1.03259832571745,0.0368808703653743,0.567413725137107,0.356130979877024,0.466731403648442,-0.432892310186171,-0.284058221779624,-0.622983025546896,-0.702846103425376,2.06242074376093,-0.919863982226521,-0.530029010641875,-0.288536247662423,-0.291240393302845,-0.192777711280618,0.0845043916252596,0.126663520891383,0.289259013280724,0.137495412474873,-0.0288054356032242,248.08,0.0
93853.0,-5.83919161928092,7.1515323543223,-12.8167600806187,7.03111476501099,-9.6512721679897,-2.93842725771624,-11.5432071690832,4.84362653179436,-3.49427572506535,-13.3207888671784,8.46024444901677,-17.003289445516,0.101556614891384,-14.094451660329,0.747030766392512,-12.6616957230679,-18.9124938172188,-6.62697484523061,4.00892074227194,0.0556838813863639,2.46205591127559,1.05486518382957,0.530480596078193,0.472669814042592,-0.275997967880675,0.282435024801752,0.104886020210564,0.254417096767513,316.06,1.0
61283.0,1.17971496869577,0.323052381590493,0.443768455282723,1.37693711615912,-0.0325765273547503,-0.161148467818386,0.145017780894663,-0.086715127089941,0.100923016516898,-0.158165946170172,-0.320153741990052,1.20131218044369,1.12838181369748,-0.186600855579921,-0.234186773632349,-0.784113339486829,0.192142782646418,-1.13550293987587,-0.374494135192392,-0.125084502011345,-0.091612233039357,0.0520726325111108,-0.0711111658509452,0.116302403494158,0.708122182761432,-0.315680644302073,0.0496145250783337,0.0173431360791393,1.0,0.0
91075.0,-1.85506070184998,1.55496360697718,-1.40580882850107,0.669327345741316,-0.280229520106465,1.17865246733203,-3.45997906611492,-2.81515495312599,1.24222876512242,-4.15635447965382,2.20944075185923,-5.12231410931103,0.66129710617156,-3.10393771952109,-2.41086973192388,-2.42501563217886,-3.96062268909989,-0.125017788038036,0.60039728842723,0.536916458029193,-0.0953083066630984,0.94662891847112,-0.297402959067305,-0.368343891207103,0.198731156287359,-0.0785905919566464,0.366709355889324,0.0737667168278096,38.76,1.0
52934.0,1.03663855772541,0.407227280182074,0.75770616494457,3.16182144737059,-0.568122226356034,0.202180695126505,-0.68980405626803,0.41137993906161,0.336769232300548,-0.283731283967387,0.90311745288141,-0.158825775049249,-1.93070901899978,-2.37665364067708,-1.8101724846962,0.935791272330693,1.59150614830401,1.25947071382768,-0.666806394320072,-0.219461074162075,-0.0501076222906236,0.123760575662397,-0.132567901550036,0.350230553629671,0.507701400813083,0.189620904934317,0.0610156660255082,0.0631412801847289,0.76,1.0
30852.0,-2.83098405592803,0.885657038258755,1.19993009832405,2.86129223993172,0.321668777779154,0.289966026429405,1.7677604489638,-2.45104966190813,0.0697358066743391,3.24508640095346,0.675287853392807,-0.677096334427304,-0.222741128141729,-0.913786970583513,1.60333192308268,-1.0245020918608,0.0220452070437295,-0.940684674142594,0.484758940230455,-1.01692314354721,0.546589339675499,0.334970736976198,0.172105676221893,0.623590288019672,-0.527114316331261,-0.079214654387473,-2.53244529803097,0.311176714703215,104.81,1.0
33419.0,1.43623670471072,-0.619922592871904,0.301600990609961,-1.02485364792936,-0.471116840151369,0.468936129441523,-0.93837935445391,0.0979482292983838,-0.513861640197719,0.532786447048266,-1.18333653280125,-0.609578617992106,1.12212493381075,-0.542578545741578,1.2700023909236,1.50121616498864,-0.146902878640336,-1.26547163527186,0.574316711305646,0.137626200380544,0.0658223702210446,0.179776638524695,-0.107665543864456,-1.29517692751398,0.402643854976888,-0.183963677503861,0.0489537484356616,0.0110757584956591,11.32,0.0
2473.0,-0.287085008655396,0.0618500130764389,1.38969288569823,-0.844605111928517,-0.756235802828403,-0.702512363783223,0.256420183912627,-0.0560588172443713,-1.81436802969052,0.581363850641199,1.14637008056177,-0.112687661234849,-0.462959414701582,0.453036637895182,0.331353260493989,-1.5334394665059,0.0987406116597299,1.66161066590726,0.273151924220587,-0.256173840582529,-0.187207566155165,-0.212449210056976,0.0648020231103941,0.547049243981475,-0.537486214780476,1.03943259972884,0.0443943851075629,0.120747640499028,51.7,0.0
63015.0,0.17709392737645,-1.84552462938762,-0.606920690034008,0.720889406719106,-0.551520860250583,0.184425155645244,0.620176316781012,-0.252781194593213,0.207864027863594,-0.362532435360869,-1.47669063657662,0.115756649281648,1.25406349633938,0.0237837812016775,1.28929608714381,0.84038837630543,-1.00363232424815,0.469924376452111,-0.0238154592525779,1.2411452408079,0.421064287874481,-0.0677089194173833,-0.804757397815763,-0.89385516095969,0.43424276969566,0.612867401934913,-0.138481563170159,0.108081223554643,611.77,0.0
62495.0,-2.40149938749873,3.08161817418039,-1.21807401776635,0.0610525986077624,0.330654997706947,-0.808762524699234,1.13022025510151,-0.323769000882227,1.95526389431964,4.11289809067803,-0.902623744555475,-0.251997555720372,0.18055881668026,-0.632063527118272,0.935351231365781,-0.641590486418965,-0.671537853340443,-0.0818947234314084,0.34320987833069,1.6502441232237,-0.347815849311609,0.226612196792958,0.00788331598118394,-0.483146838812819,0.00175506060000741,-0.337168483261446,1.51634507452496,0.814889925552957,13.99,0.0
26833.0,-20.5327510764355,12.3739891389716,-23.0090029136283,6.14482097803751,-15.5872960035928,-4.38449066917613,-15.9390026942523,13.696416119399,-3.94845491908543,-8.78972336330438,5.61234710799626,-7.91442236630349,0.307819968365149,-8.32860088836825,-0.00697929458963793,-6.82452417207669,-13.3160791903173,-4.9216120866876,1.18820420779718,1.59275393136331,1.75460760918813,-1.46611525253641,-0.85677863566488,0.125776576475404,1.40258698975375,-0.223754856770293,1.57424873519633,0.469200693158523,99.99,1.0
84204.0,-0.937843305478391,3.46288948991687,-6.44510395393435,4.9321986662268,-2.23398306982245,-2.29156112129773,-5.69559392853253,1.33882463362261,-4.32237655329329,-8.0991193981365,7.18296700883659,-9.44594338249901,-0.314619967520224,-12.9914655817567,-0.136358931959623,-6.36752437517144,-12.7343938853776,-3.84512965889743,1.00766725992114,1.12953228130351,1.06655024941577,-0.521657289347299,-0.319917292909547,-0.405859088093617,0.906802159957716,1.16578389011737,1.37449533233535,0.729889341911333,0.0,1.0
55820.0,-0.753490602326599,1.18259580050477,1.01033576308798,0.198018168823331,0.990910967495069,-0.820319640303569,0.92126801679274,-0.0131536921673908,-0.661910179269793,-1.30542416992273,0.0139039804548271,-0.252023704814785,-0.165948997444561,-1.15855968296144,0.668094975366705,0.358994318242783,0.707635300501552,0.115531697440425,-1.47643816387851,-0.107411814606407,0.0751425053157152,0.185621136745823,-0.282453891343795,-0.0456405481903439,0.253788932695215,-0.451180805743284,0.109453733312292,0.136538261857351,1.0,0.0
41850.0,1.27625731884932,0.572198495605838,-0.59090618174985,0.885198314712566,0.00636742486530443,-1.48675464954845,0.331623264903638,-0.251976729241217,0.00940555022507755,-0.678366485499444,-0.0042330495886718,-0.76297703732433,-1.25493711543581,-1.06495249215798,1.09609545059041,0.605207014710686,1.10378623985731,0.408764803676651,-0.358624680686373,-0.145014325456278,-0.167290540468436,-0.481186137325287,-0.0692954933528214,0.241730845209757,0.531189791056461,0.372779022503372,-0.0383081597962128,0.0403772666995091,0.76,0.0
48123.0,1.02512438083365,-0.239062240376533,1.2583085562146,1.06426888996942,-0.767635157515532,0.70515974146126,-0.899661318255169,0.418805752431917,0.457962002008569,0.112145492259156,1.06510856232925,0.642849902982223,-0.164752739762253,0.110163140861949,1.144832221758,0.81982430159858,-0.846985381960997,0.795213292468258,-0.793190905640719,-0.0658127833153762,0.326623479873261,0.904424423293855,-0.118836270739037,-0.296122812620138,0.279376862543628,-0.20830348485479,0.0786248174874481,0.0324215360302177,44.5,0.0
93834.0,-3.7656801220835,5.8907352377921,-10.2022676310229,10.2590359766218,-5.61144841660942,-3.23537557925717,-10.6326834778618,3.27271632618119,-5.26890524285018,-11.1821254546586,8.87947566765026,-18.4311310279993,-0.232822027713119,-15.0216572999306,0.141186252914787,-12.1863624982841,-20.1655673800665,-7.05165135326307,2.50082720798487,1.19413732146866,2.24560593428534,0.546320674537693,0.381853427747185,0.382024544024505,-0.82103649456311,0.394355120127285,1.4129609931535,0.782407053763083,0.01,1.0
41607.0,-18.2475132286673,8.71325017095966,-17.8801268207974,9.24945923683651,-14.5412125237225,-1.91156359308197,-18.0146601306809,5.52216218981207,-9.28392451240577,-14.5571590528859,4.39243558567834,-10.3800731219167,1.61182090128819,-6.91763950579126,0.158841037400664,-10.3282423879882,-20.2545556896053,-8.53452256380618,3.25653448060821,-0.526368288315335,0.598842606268504,0.615318868165234,-0.486498927270445,0.739268468431111,-0.236844752247958,-0.0460816699541002,-3.01147328474912,-1.02214746628442,53.95,1.0
26556.0,-19.1798264145873,11.8179219897853,-21.9191735807843,6.0862356342864,-14.7088447898427,-4.30888760741835,-15.3579518065836,12.8571650181242,-3.99986076978115,-8.9286556608751,5.8492930661792,-8.26164983722413,0.153829148314596,-8.82935922766409,0.00887883882572681,-7.0709530089254,-13.6297209427085,-4.9588298158479,1.27209136353211,1.572949614923,1.74680154191934,-1.35314876613352,-0.762965072731218,0.117027851903743,1.29799375563032,-0.224825057048525,1.62105238966989,0.4846144027264,99.99,1.0
86390.0,1.29733415864398,0.29018162765891,-0.157241284700112,0.300443039676223,0.274948646203814,-0.0751477792160817,-0.0280687068887012,0.00646695599820525,-0.178591438678626,-0.117850092157972,0.623331124431746,0.648917388161908,0.554037536234318,-0.202631163383409,0.455945898252879,1.00572806279431,-0.692593159214488,0.551560201481293,0.530212929794007,-0.0200950211786622,-0.310791854581626,-0.915082496201467,-0.0292842344328681,-0.872324909216844,0.349217220481746,0.148775598864831,-0.0269095881449256,0.00910816123517098,0.99,0.0
36170.0,-5.68501341827133,5.77651621042963,-7.06497672861513,5.90271545151069,-4.71556383098609,-1.75563332378958,-6.95867914257843,3.87779518702774,-5.54152882782373,-7.50211219093686,3.67670318691664,-7.64298306727846,1.68986512270453,-8.29965953059956,0.646996364810759,-6.79279505972775,-12.075932061394,-4.88217964265137,2.62662452479163,0.299488632233821,1.12864107441301,-0.962959729230981,-0.110045083655872,-0.177733240766768,-0.0891754157062679,-0.049446723229275,0.303444581632884,0.219380438614266,111.7,1.0
66112.0,-0.358395708029599,1.19561591596153,1.44569673308147,0.130732630259914,-0.0754546033646794,-1.15335987360538,0.763608231046207,-0.131198869257671,-0.515651082406558,-0.530727073280314,0.190900705234471,0.372954837740683,0.708367822856989,-0.539020947099709,0.798605309220091,0.256882411072832,0.0900144309398554,-0.325149376743733,-0.218221807711962,0.141243667919316,-0.23586634543218,-0.575663096122573,0.0144326488726383,0.678265955836425,-0.182835166874271,0.0495160526405081,0.250833757966272,0.102814726774022,2.28,0.0
47923.0,0.364376991240021,1.44352346510311,-2.2209073739296,2.03698508634993,-1.23705503097364,-1.72816100636381,-2.05858236489925,0.358895084111675,-1.39330570864802,-3.50579032571994,2.81431415481622,-3.34217599575955,-0.150269366634614,-4.82032224395007,1.10260955786246,-3.15703267184314,-4.40585022452865,-2.55882785118576,-0.208809536741974,0.310979602822284,0.402729680639885,-0.132128891527171,-0.0329771760409112,0.460860836846427,0.560403798330262,0.409366102366135,0.539668285308506,0.296918378210685,0.76,1.0
41080.0,1.36766350562326,-1.29438545248043,0.646357652272556,-1.4640321596638,-1.6540680380048,-0.268197709891032,-1.26331886081041,-0.00768246346310898,-1.8892145111146,1.56001080401277,0.943484960937945,-0.149647875667088,0.900785181676515,-0.373803683063999,0.134346060030418,0.135378057246228,-0.0148291407282085,0.881649901372752,-0.0476436520875091,-0.159249103895569,0.0081308247981818,0.28940655626344,-0.109195059117063,0.00163897509146945,0.344517895736961,-0.107193745202596,0.03895442140576,0.0244491518042315,70.0,0.0
84189.0,-1.94072559150443,-1.78812964218344,1.12132113311561,3.34912982637398,-2.51302698846571,3.13809684051127,3.61821055128254,-0.175285235611472,-0.855354634419767,-0.357284711680789,-2.26136259874288,-1.02011687735291,0.310816265378089,-0.684781259735797,0.0989325415965139,0.129166640738911,-0.216865170533539,0.768176288426734,1.52927398484316,2.44478445004968,0.309187877106347,-0.467155665549419,1.94447732161927,-1.12131754548026,0.587028771510458,0.219283855337294,-0.384819318895049,-0.0666399292789817,1007.8,0.0
64585.0,1.08043336974687,0.962830680816555,-0.27806547765439,2.74331806279958,0.412364075681078,-0.320778352962878,0.0412895489552235,0.176170299597767,-0.966951551053629,-0.194120466505581,2.14005681553663,-0.276308752749667,-1.19130573752489,-1.88027540328199,0.398271956336376,1.36743302249318,1.52266169956075,1.02631748255981,-1.57707047840184,-0.172658644566365,-0.00899617409257402,-0.0570361435998535,-0.0536915092211487,-0.0263732767799466,0.40029973123052,0.0728277709127376,0.0270429343018625,0.0632375727147923,0.0,1.0
34521.0,1.08123377540659,0.416413936043849,0.862918740651629,2.52086280678918,-0.00502050005851413,0.563341022808024,-0.123372251574041,0.223121852791809,-0.673597550149872,0.644549730341658,1.1205051770709,1.23777331256672,0.342362114422749,0.0383719793321978,-1.19450308848281,0.0854063439558358,-0.219143226460215,-0.694259215394403,-0.655269928208246,-0.16524877677618,-0.159387123973102,-0.305154013019185,0.0536197364326817,0.0117614442207135,0.375145782072105,-0.106298753298543,0.0210082653765087,0.0105592082435436,1.52,1.0
116544.0,2.21281467027151,-0.675566748429646,-1.53288135513015,-1.09213112940083,-0.300413682062738,-0.98775950109392,-0.291531197247038,-0.232944645621727,-0.818992793632356,1.04820157742227,0.81227322860248,-0.334590837196136,-0.641145606315896,0.490934611679244,-0.313402534554393,1.11773810823585,-0.0663277537620481,-1.17233086073666,1.01497742293488,-0.0857238456908583,0.0744102654490376,0.114797578214643,0.182482785192732,-0.417589169131592,-0.0909121980668952,-0.30550980348355,-0.0530113523923645,-0.0786908277023696,8.0,0.0
86049.0,-0.178043964095946,0.861437508923689,1.6619082946715,0.844872677979802,-0.137194929373439,0.0325057284219994,0.268126401017449,0.187853004489515,-0.882346602288825,0.104924708211358,1.71301775900406,0.369625861926588,-0.600141873041541,0.668050871738624,1.34194551019795,-0.558231527657954,0.340444170614637,-0.0792498522975952,1.52260963200972,0.0848583956111166,-0.0540236135234247,-0.145757839543163,0.0869784395284189,0.213346628676029,-0.880868970325126,0.266512977408768,0.151089741779466,0.142428194424079,0.89,0.0
77627.0,-7.13906006793885,2.77308160372497,-6.75784506920828,4.44645597412376,-5.46442818500108,-1.7134014508064,-6.48536540922127,3.40939479860676,-3.05349271362056,-6.26070551479114,2.39416766551329,-6.16353737959229,0.60285052085239,-5.60634642932959,0.206621733749977,-6.52508103976033,-11.4083675448063,-4.69397773642436,2.43127449162965,-0.616949301183343,1.30325030896469,-0.0161181523663711,-0.876669888453567,0.382229800649027,-1.05462388774771,-0.614606036944453,-0.766848111948171,0.409423944116944,106.9,1.0
81294.0,1.18936950912003,0.137653147164539,0.363570470064817,0.74363827873043,-0.563230821513669,-0.848208511213032,-0.152090882960624,0.0541845105734472,0.380002172319396,-0.25458981737397,0.0256052602418185,-0.884260493459996,-2.31757096062699,0.251123201676993,1.59263737032953,0.206782655863107,0.532367945691198,-0.551796994504566,-0.66265435892956,-0.282105439108011,-0.267238793550109,-0.85732664766914,0.22915284091585,0.292489889193159,0.0165510218405205,0.112245232541522,-0.0221938416050729,0.0253287934878371,1.29,0.0
472.0,-3.0435406239976,-3.15730712090228,1.08846277997285,2.2886436183814,1.35980512966107,-1.06482252298131,0.325574266158614,-0.0677936531906277,-0.270952836226548,-0.838586564582682,-0.414575448285725,-0.503140859566824,0.676501544635863,-1.69202893305906,2.00063483909015,0.666779695901966,0.599717413841732,1.72532100745514,0.283344830149495,2.10233879259444,0.661695924845707,0.435477208966341,1.37596574254306,-0.293803152734021,0.279798031841214,-0.145361714815161,-0.252773122530705,0.0357642251788156,529.0,1.0
61251.0,-1.0585279968588,1.15356207560143,1.16238979544897,-0.277936741212887,0.0796617388592786,-0.387444860247921,0.538852324216455,-0.146832342818313,-0.206615601123715,0.377110810185462,0.871899088307798,0.13221580947765,-0.710283198060856,0.306317201023941,0.229540238496906,0.440329947114844,-0.782473655408283,0.317342057052644,0.488599623296265,-0.207355456575498,-0.0198136250105418,-0.430680172920191,0.0860833896304978,-0.0354606816809798,-0.720874931182795,-0.081716165018312,-0.715366099100949,0.152809277064502,3.58,0.0
68207.0,-13.1926709562391,12.785970638298,-9.90665002092758,3.32033688288942,-4.80117593230105,5.76005855618556,-18.7508891580107,-37.3534426378925,-0.391539743919107,-5.05250236713858,4.40680552357904,-4.61075647740608,-1.90948796970811,-9.07271093398351,-0.226074450896345,-6.21155748212485,-6.24814535335983,-3.14924669470095,0.0515761185277783,-3.49304991519446,27.2028391573154,-8.88701714094871,5.30360690376998,-0.639434802306313,0.263203123457008,-0.108876929971315,1.26956635541013,0.939407362758877,1.0,1.0
115567.0,1.84951682649596,-0.215691401206765,-1.83348625490322,0.342945020817351,0.216430837283734,-0.603582597574342,0.0309866481048117,-0.0379560455854388,0.820295219350018,-0.749763174770471,1.17878171003096,0.657740253007453,-0.752045790875063,-1.28375214810226,-0.708105529266787,0.271559852489325,0.964353906152592,0.674448729141684,0.37168024470458,-0.0344496262513211,-0.170051562984661,-0.481618938841023,0.157072996364685,0.623832215181659,-0.124045058396599,-0.150064481848793,-0.03034164055248,-0.00981013578670699,79.54,0.0
73823.0,0.718221431793933,-1.32898583074019,0.30483442156637,0.545764441999583,-1.06060258766903,0.26814564155844,-0.358123974069981,0.0194050387389764,-1.06069562179821,0.860196646495182,0.454733123304069,0.465613490082893,0.725296116198756,0.141023479703367,0.431259564649048,-0.620716953737923,-0.862352984295621,2.29378479589311,-0.93741384759863,0.146125772613976,-0.0491013171914127,-0.352071337472867,-0.356552569400481,-0.367360806033087,0.344799019333009,-0.308007709107723,0.00806598488394041,0.0746232472513051,316.0,0.0
26585.0,-19.8563223334433,12.0958932259299,-22.4640827464876,6.11554110191771,-15.1480215209615,-4.34672408349599,-15.6485074722661,13.2768048056341,-3.97416161954102,-8.85919405880884,5.73081553744459,-8.08803351213651,0.230824969324902,-8.57897327333454,9.46636693186079E-4,-6.94774606726094,-13.4728970076501,-4.94021082886802,1.23014255193802,1.58292955492187,1.75072984045421,-1.40963570908141,-0.809809278333882,0.121396659905885,1.35030007077468,-0.224291873525585,1.59762136835254,0.476919818025438,99.99,1.0
69740.0,-1.28289337753249,1.31658422986653,1.32477522746231,-0.215740524709534,-0.221084160882621,-0.79025587986736,0.551101885235143,0.109836697604467,-0.0347383934153656,0.798523698929493,1.50082036856212,0.564149046328634,-0.399211292854846,0.196018720995361,0.227136206113682,0.299782234421929,-0.584943025727375,0.0686823331134881,0.151744905546824,0.417500209463713,-0.277691008653644,-0.525917041201099,0.129445029560476,0.495377425243328,-0.0773725886716304,0.0608888364354859,0.580973097156001,0.331331095502407,8.98,0.0
35462.0,-0.665504380113957,-0.034657894017107,2.80582859600165,0.104571982228462,-1.04727914973327,0.55094472533977,-0.333428278977765,0.511922671632175,1.12619330096988,-0.950576538512093,0.111897345127469,0.971434548963819,-0.954312873464002,-0.946222606493799,-2.9181273677018,-0.153305700822578,-0.0290874508193798,0.219773846120129,0.021422697587857,-0.126446738621057,0.111213816198514,0.631724454877872,-0.0366474184596345,0.585010364781846,-0.468657299243085,0.222566152862418,0.159868726500491,0.157453287556806,42.12,0.0
42247.0,-2.52401156950864,2.09815186657166,-4.94607520997003,6.45658840962748,3.17392137712693,-3.05880605463133,-0.184709664717417,-0.390419986932457,-3.64981179874133,-4.07758540918968,4.38921350258246,-5.84955800710779,-0.750964374574877,-11.5838983872121,0.838750052957938,-1.4610292465747,0.635694232941605,0.390150149131876,-1.06302761603247,-0.162797482259592,0.0279349679314103,0.2203664412615,0.976347942245667,-0.290539415419797,1.1610017911475,0.663953624390758,0.456022723280535,-0.405682084802192,1.0,1.0
63802.0,-0.365370022217573,1.10416243491149,0.783339609899652,0.949904595112986,-0.403182920518142,-0.619748782033168,0.304056865089215,0.408582982282825,-0.924005357598377,-0.205002714996176,1.17534705531229,0.63214841973529,-0.387006938128841,0.9086442820792,0.305861129078263,0.00980884807136786,-0.197742395073298,0.601229141408802,0.552829850241226,-0.113968124107077,0.246471870332287,0.539456180228534,0.00851881044493584,0.533517172702403,-0.195440886801364,-0.357409205269908,-0.0566683252053081,-0.0256443189292917,29.46,0.0
41147.0,-5.31417320646342,4.14594361146639,-8.53252245892907,8.34439167363678,-5.71800820787464,-3.04353608094129,-10.9891846672722,3.40412865609659,-6.16723364181153,-11.435623996076,7.67453383416429,-14.2960914258331,0.526938923712363,-15.4450258118019,0.991651201275811,-12.3913460034009,-22.5416517287861,-7.98672065349455,2.99255446334225,1.15001731865814,2.33146580801509,0.862996305559532,-0.614453237551036,0.523647877136623,-0.712593271662611,0.324637964828057,2.24509146635599,0.497320848969724,88.23,1.0
114458.0,2.04158228500892,-0.142444383621976,-1.18723234017726,0.229839724856436,0.029056609352985,-0.717056457794088,0.043914399757559,-0.141481655519,0.372914699666376,0.256045537125099,0.593799775114141,0.778861618334854,-0.42143877171325,0.543741695537895,-0.586960460318947,0.205853124709892,-0.628900364841818,-0.213947737600164,0.559187992210003,-0.232249382838507,-0.263834809802234,-0.682886099674758,0.293753069048194,-0.348496408285909,-0.301296166124916,0.199824023950862,-0.077955304670926,-0.0743376729686782,1.79,0.0
83274.0,1.50591648836188,-0.228225065974055,-0.521663045672632,-0.862197469881938,-0.126575982927178,-0.900209808104812,0.0357044407138416,-0.424260904037789,-1.27059348738183,0.653167079136063,-0.780415303877186,-0.276467104951861,1.42421521611862,-0.165522609892953,0.356594158009573,0.916521470785888,0.0372524637110556,-1.47017714272253,0.942728826355484,0.168725901115529,0.149445800478099,0.424828706744998,-0.283258805084702,-0.380625038594776,0.943371066421434,-0.0368025101538512,-0.0225837849741772,-0.00388167392927531,15.0,0.0
26599.0,-1.58614481168732,-0.188461633834576,1.64669855736635,0.345940266262923,0.543903791939426,-1.18390714503057,0.392753546650701,0.00315352518866772,-0.317113985633564,-0.198876557864605,0.352730703453549,0.329452990903353,0.184706559474111,0.0981911577020834,1.12329941747076,-0.22016168436004,0.0278853599289472,-0.968143894390997,-0.442783922597684,-0.120795652525298,-0.227988085809173,-0.267758360028726,1.08601371203473,0.572467425453564,-0.0871271984167472,0.0983634286642613,0.300966721267785,0.00302484361372074,5.49,0.0
48884.0,-2.13905055735992,1.39436766175691,-0.612034894995233,1.04932705568948,-1.1621019076536,-0.768219363115428,-1.99723740081007,0.574996543366778,-0.98083177624058,-2.49561924548174,2.5555891530874,-3.53043627008024,-1.01623381526368,-3.45519657744236,-0.0563633864076254,-2.46773703008032,-7.14032596614864,-1.27128002161365,-0.00172192354163427,0.0254265126136498,0.696954881120808,0.740003045389771,-0.15511524943514,-0.0506074460808317,0.268368293338874,-0.469432841163864,-0.405813768055179,-0.152170846988601,19.73,1.0
43080.0,-4.08961852804601,0.583986785420113,-2.81536173795921,1.40638436858357,-1.18936883470142,1.08759647971638,-0.298249857346191,2.07943873043644,-0.836989247019024,-0.22584517806816,-0.98216079584167,1.07362150413214,0.617044229484378,1.73969813696044,-0.0600191730871982,0.347029002112699,0.37860815349197,0.594369660104593,1.35624121277677,-0.254216065622113,0.135270295398985,0.121236120661622,-0.9343735907993,-1.59676406289112,-0.290932686637601,-0.188697819408785,0.0446980848341142,-0.326190174778301,211.48,0.0
25198.0,-15.9036352020113,10.3939171427504,-19.1336024646827,6.18596883540498,-12.5380209157442,-4.02703044708406,-13.8978265981985,10.6622517826007,-2.84495398482036,-9.66878891236125,7.39441941053863,-11.6356300484755,1.42327692545531,-8.64045910049478,-0.674719538892936,-7.69556878829619,-13.6841395944616,-4.77740603940726,1.26834277321029,1.50156541071894,1.57754822493456,-1.28013712313136,-0.601294526869194,0.0404039214626868,0.99550197117886,-0.273742711729157,1.688135896398,0.527830799573719,99.99,1.0
112423.0,-0.858023366521222,0.390824659297393,0.523104417239204,-0.596075623291177,1.06769161214727,-0.561358328006489,0.788885171531138,-0.0367422888256326,-0.337558501551247,-0.510221417594628,0.744419332831664,0.15154142437655,-0.843158145690763,0.720879081314563,0.235400718685699,-0.27757899954956,-0.620828721163352,0.912296199388175,0.576317880594647,-0.172921979117274,0.359114537219595,1.11218983427041,-0.0318637529327602,0.768318949650091,0.480648158905204,-0.376703093496469,0.0426863014181153,0.0767467460737551,1.0,0.0
93856.0,-6.75050851563533,5.36741605145469,-10.0546349530569,9.06447791765316,-7.96811808353808,-2.26379841398236,-10.317566180676,4.23766573099145,-5.32410880613734,-11.0923923688428,7.15408284221914,-17.1504052507291,-0.0953992277686904,-11.0301103643432,-1.95905455483077,-12.4485623424367,-22.6679054064789,-9.26460873295655,1.9823563171714,-0.0812198922441237,1.90903201764938,-0.34873973066671,0.425000563135111,0.674908669807175,-0.784208393488163,-0.247422102935353,1.1595813739152,0.197817874685768,209.65,1.0
102318.0,-1.02063166582361,1.49695912243222,-4.49093711758335,1.83672705849852,0.627318467501556,-2.73556861001066,-1.54627364241291,0.459821576439238,-0.68274140597399,-4.36310219273296,4.28702087961434,-5.40376835689762,1.26026230900043,-3.08774290682652,-1.31748806297981,-3.53705628406879,-3.17202752176385,-0.52988508450368,1.01162645030639,0.443488532055906,0.773630966413973,0.86061818130652,-0.304666447555476,-0.155499583027691,0.41216629075428,-0.220079647308722,0.392337584118175,-0.0200894870934853,22.04,1.0
79429.0,1.00799603843041,0.128931619367704,0.411964821755416,0.989933079529964,0.328113304889604,0.949795809919809,-0.155394424663403,0.343526031539039,-0.0584095380611402,-0.2001597179445,0.922610228794636,0.912914811060095,0.353708099298647,0.385216684688954,1.99324841623896,-1.27401107843428,0.840097983104849,-2.16582150187689,-2.10156742588936,-0.23776143327625,0.223975903339892,0.849146375607798,0.0409167874353919,-0.618386594634571,0.332996505425207,-0.190556132786561,0.0925489088902047,0.0132304390166624,14.9,0.0
116881.0,1.9882772112689,-0.786821190045686,-0.740679932740499,-1.96681571483305,-0.880341387028776,-1.13481454624473,-0.449682633155831,-0.256533248368074,2.31601561296813,-1.33568917012797,0.033919780952073,1.77326120947674,1.60542221197147,-0.213439207040063,1.6618321898764,-0.76590154254453,-0.355640371841577,0.228946238516241,0.566388696165046,-0.00625309332789814,0.298648935061027,1.1096813890741,0.107395612763443,1.22217760680968,0.0437121404114481,-0.812045770244907,0.0764178429014532,-0.0159585103673663,43.87,0.0
12597.0,-2.58961719821269,7.01671438495857,-13.7054072869097,10.3432280604117,-2.95446103475574,-3.05511578527804,-9.3012886151434,3.34957336071614,-5.65421202641103,-11.853866972601,11.6692047358121,-17.2286622386187,0.0555715664836118,-18.4937733551053,-0.304172113519045,-10.6294973901353,-14.4412111342765,-5.10548646597228,1.2702262705049,1.48885519236896,1.88773772551451,0.333998184533223,0.28765904061745,-1.18640640906644,-0.690272670076388,0.631703772210546,1.93422076005943,0.789687172212655,1.0,1.0
79033.0,0.426722165894593,-2.48294187804334,0.0639329713774204,-1.46513073777937,-2.23083107193765,-1.13230026435909,-0.0991692987783237,-0.312093855794023,0.611961070367191,-0.546478783972462,-0.359167242010401,0.332613691625961,-0.166899821436115,0.0417781541136176,1.04213792046824,-2.17007771583661,0.457384226705522,1.25901704872945,-0.186458889426378,0.469965294637009,-0.0741773353196426,-0.647830846256729,-0.382269637754355,0.741542118201631,0.186181413697498,-0.0502373211489393,-0.0469684460864047,0.110075194758276,499.53,0.0
35906.0,-3.51902954497457,4.14086717613266,-3.62820236883577,5.50567203744754,-4.05746250583351,-0.905945282755562,-6.65203112089008,2.63452416520597,-4.67940204045465,-6.54624181523522,3.53820204012168,-8.04228514248667,1.69750938374612,-8.05104890186539,1.07045739646232,-7.39595692479141,-14.3296261567476,-4.86801023649552,2.46384303909831,0.898723234092648,1.58255593340505,0.778710245469243,-0.13570727840987,-0.00427780027496027,0.0327061591060809,0.362014053476722,0.900925137512513,0.554897499272323,9.13,1.0
4544.0,-0.908938156404032,0.872991253445653,2.19486988280639,0.750183225428163,0.504100669398073,-0.0449335084781159,0.189568947718975,0.0216514516302721,0.487772806898845,-0.676553851108969,1.5051154673898,-2.05339840920928,2.22861225798338,1.61434899303973,1.17000270737139,-0.937801686533602,1.38559841734242,-1.04405394433263,0.0388899818786498,-0.0164580698439196,-0.261497809626223,-0.470607860256936,-0.0773429489590338,0.0581772785695803,-0.220649404593143,0.263873055423103,-0.0508668180525076,0.0584593666088192,1.17,0.0
78414.0,0.695751576316586,-1.17000559826509,0.967712958000775,0.311135737076439,-1.30902921275592,0.358207159544674,-0.577684961734346,0.299671082035264,0.978684204630601,-0.412920890869993,1.22544221850352,1.15938448466551,-0.627798330904725,-0.170104028138347,-0.684284816036226,-0.223773701819367,0.281140053524873,-0.553719694863022,0.254993296831355,0.300472577239945,-0.0168230574635419,-0.302767394884691,-0.0606146397504634,0.308305007901676,-0.0894796611717606,0.920556455577778,-0.064654885077029,0.0392161832570693,223.32,0.0
75922.0,-0.488538542606919,0.638670360822758,1.84435246599575,0.437076786068983,-1.1203591480768,-0.161641187159008,-0.521090289803605,0.706592153209092,0.389640672058754,-0.819090162521706,-0.464291676262096,0.276439568295922,-0.679898670295175,-0.024475131402995,0.162192514810658,-0.208093503653517,0.477978392358541,-0.587919152359821,-0.523488778486497,-0.29297331918442,0.103095935560753,0.353817644379504,0.162730058452923,0.614705858242058,-0.684733299764271,0.210055851851585,-0.0394987600885892,-0.0137979819268964,3.87,0.0
120432.0,-1.7628483380578,-0.813741723309542,1.83434073108322,1.27550694365804,0.925673340583361,0.328104957849263,0.671927612605291,0.127359806664128,-0.0942412411469161,-0.214850606714598,0.253331333541179,0.896754822149773,0.0441058280127429,-0.343507593651812,-1.3893774643129,-0.759956643949868,-0.0577240181722077,-0.0280700040175466,1.62321135799408,1.01097200873838,-0.358879488945296,-1.23978605605082,0.461063971786654,-0.487235114221769,0.513447384627573,-0.813250883391102,0.0800883539031844,-0.0553831439446459,219.99,0.0
27784.0,0.288028928428076,0.965681439446855,-1.45949519977085,1.92186300234526,-1.91241402974899,-1.13028190025527,-2.81426265960526,0.648663224885543,-0.695262639845074,-3.46568908576121,2.35161910622909,-3.82670531942496,-0.767569849115369,-4.8528669146236,1.66486300420352,-2.61736133003734,-4.83555830647772,-1.92175160139324,-0.385884175181753,0.330916894188196,0.603127128021142,0.380690182113136,-0.0641251755885565,0.271380100640141,0.33721953478356,0.626155869423677,0.565124825956713,0.305925255390835,23.36,1.0
53496.0,-0.637768003652784,0.873689879668531,-0.477224774022567,-0.329968337393448,2.70825162585275,3.35884368797643,0.137069540972446,0.8854583131587,-0.459207178295356,0.364326650489785,-0.262205411857228,-0.282101831873862,-0.0340858405472745,0.38657151094803,1.2375142626104,-0.0213712080876991,-0.698615552566266,0.532466397724855,0.747942690593767,0.375045740778553,0.0194017265073826,0.151877058085894,-0.186681088812514,1.00542467160391,0.0185343502557987,-0.295458338449752,0.541849749045159,0.288227573466799,19.99,0.0
73012.0,-0.337080339122496,1.09587953237768,-0.960467791489802,-0.924036052105324,2.0584749725022,3.91720223362383,-1.37148465906804,-2.29664100523288,-0.116628025672987,-0.257049238479894,0.0785780353719727,0.102730970509425,-0.155134512086453,0.0113744120314456,1.17209245739394,0.866025066497361,-0.262780706848151,0.225926395290021,0.0108473571527756,-0.562538454049135,2.68651535927744,-2.32904917541103,0.299765151642592,0.892456791368258,1.04478161919554,0.208161369613775,0.129041775847399,0.129887924679945,1.98,0.0
57954.0,0.887010674711514,-1.02942693849565,0.760544459134981,0.564478638066775,-1.14473844142448,0.45063174923856,-0.676376495537602,0.187671726745585,-0.768065281303985,0.735459907295719,1.04282114507991,0.948423095241361,0.483361786679165,-0.0574473725295459,-0.148591169829315,-1.53779718339569,-0.0461758054976032,1.46685509485469,-1.23793729723926,-0.206070827202181,-0.0589741207459335,0.106744632570638,-0.186581313403607,0.0135171975660451,0.370372300896788,-0.228545970612359,0.0610241971115068,0.0502703243501214,176.0,0.0
77698.0,-0.650932608387175,0.85981989583602,0.656636736509529,-0.504784169287997,-0.517498538105551,-0.743094545340062,2.16107306841671,-0.43864884264597,-0.637989140882636,-0.734836626587585,-0.533612681581429,-0.295712933184499,-0.490873267564142,0.399199340272142,0.106453865090413,0.246231162111757,-0.534281375580456,-0.704650485776382,-0.492619782341296,-0.153584257729708,-0.242594235845757,-0.816238654962799,0.188208215480547,0.370620226540054,-0.423216457995938,-0.0627522988448305,4.37842823664478E-4,0.0807811311198842,224.69,0.0
37157.0,1.22965843037249,0.370436962066901,0.284165078523229,0.684128490721184,-0.275037087844172,-1.01246050478637,0.171882450609109,-0.258712815816775,-0.110199640969894,-0.318192330958855,0.0466386514995376,0.725116068654177,1.19397650305125,-0.477333813880036,0.995293435332347,0.45228725222453,-0.0798655959251358,-0.39469048395439,-0.188794622895586,0.0152755330246307,-0.270508054745186,-0.770612219879474,0.0966381069431592,0.315734206386348,0.249989954176826,0.0929793187548798,-0.0199633922031434,0.0351245009374194,17.99,0.0
39267.0,-0.703617660850915,0.24761153681247,0.0861555617686666,-0.770060164729855,3.36389718517779,3.43353074109641,0.495609704056789,0.413006198274526,0.168033001296343,0.0724809102840141,-0.625212161376244,-0.213433950961693,-0.421751404667532,-0.41121683408691,-0.729568724970941,-0.153992042946709,-0.987344631202604,-0.0390867560282216,-0.127449557409594,0.00368002831495759,-0.140674446828902,-0.149159011620493,-0.285677810997588,1.00122813318664,0.0181104322565513,-0.628013941728259,-0.471495575160009,-0.202116796021772,2.49,0.0
39504.0,1.31875602936458,0.133259335402296,-0.585886475317122,-0.0814820504712526,0.234849521978209,-0.916742184762069,0.505032235857987,-0.389538330260977,-0.189971209318522,-0.113953249991313,-0.879482485868406,0.223224416729062,0.805841575916927,0.309113656924247,0.753831639160986,0.125899085323486,-0.498362171343296,-0.490404871612914,0.420244162748457,0.0571362759693227,-0.0760486155902614,-0.232318311986938,-0.225942009544447,-0.354106459916546,0.671800268983653,1.11708702440936,-0.116679413394179,-0.0105459341608625,39.95,0.0
72680.0,-1.19322805901014,-0.0670690656507441,0.195100340293175,-0.797863547813656,-2.72420659542076,2.0821308117792,2.23780521065025,0.27936862505422,0.186022242970281,-1.36708477293994,-0.452990773575687,0.8223144835123,0.616868146047403,-0.406504779313188,-1.69156753340387,0.922339245319403,-0.795840937411456,0.406027178647511,0.497527482448153,-0.0719021673322933,-0.0773931368711538,-0.0779748462627965,0.425741135724879,-0.743803074089112,-0.710704701025276,0.689694108480554,0.110856056930504,-0.04798448008351,614.41,0.0
57027.0,-2.33565492855671,2.22537994112476,-3.37945038583039,2.17853822878821,-3.56826371512658,0.316813583664713,-1.73494800330036,1.4491394338594,-1.98003348126993,-5.71150474047788,1.83721490161197,-4.5403416445233,0.747845860345767,-6.28431406964108,-0.128887216546494,-3.5632394063049,-7.36832064555377,-2.69295315786876,-0.450550113544917,0.274027122680488,0.78554012192761,0.29741198434836,0.308536146370564,-0.598415746387816,-0.121850330815637,-0.491018310202025,0.701606041424924,0.206966343288918,444.17,1.0
21662.0,-18.0185611876771,10.5586001882538,-24.6677412485732,11.7861803616399,-10.564656569212,-2.64568119936245,-18.02346767268,2.69365540308048,-6.21946362785238,-12.7447607871859,9.31813768535999,-13.3778574339457,1.02192386777466,-12.7843458873548,-0.451145843251939,-7.55136493140559,-11.3259968724596,-4.70125277749548,0.516317073274611,1.00770320533757,-2.31947946208034,0.908838783150801,1.35290370698024,-1.05922233762791,0.185750941504222,0.687037383632165,2.07808058379956,-1.42951702264525,1.0,1.0
100924.0,-23.9847466495794,16.6978316913154,-22.209874815521,9.5849686202149,-16.2304387891461,2.59633265752887,-33.2393281671892,-21.5600394546929,-10.8425258685569,-19.836148851696,3.22323270290842,-10.8951335063028,-1.52345240330584,0.116303256118652,-3.09880532704263,-7.60642457511483,-18.1082610229766,-7.51186615794432,-1.24328515722898,5.80455066066397,-12.6150228644215,5.77408726884239,2.7502214496329,0.513411099654255,-1.60880380395117,-0.459624387540527,-4.62612660780224,-0.334560720645878,1.0,1.0
70536.0,-2.27175453696818,-0.457654560738072,-2.58905463865543,2.23077826688105,-4.27898250263823,0.388610079538804,0.102485457456358,0.813127838070308,-1.0929208385062,-5.03202838566819,3.51034756034463,-2.22739840581069,0.656823927974733,-5.19918574342056,-0.128311029598493,-3.94352099869908,-3.82052232662867,-0.570821093891663,2.78338340771804,2.28575790271371,1.09634200952947,0.658398654570846,1.71167573455248,0.333540036403021,0.538591373646869,-0.193528512332835,0.258194100840055,0.247269213953463,824.83,1.0
53791.0,1.20656687031649,0.371121687669305,0.280779312158398,2.35983945335786,0.594982393510375,1.1509632228154,-0.098370760169665,0.165270960854989,-0.244098636504741,0.447911521601506,-1.8896944842241,0.286522690841812,1.03174419473889,-0.426360569707354,-0.643543659612479,0.168259876284391,-0.431387753083333,-0.625975607725084,-0.454300551061431,-0.0965543248382883,-0.131646286707148,-0.107462605838522,-0.236775920648253,-1.27671087539864,0.769461423246957,0.190338742385448,0.0286093018816654,0.005388929503978,7.83,0.0
70828.0,0.196706751987779,1.18975728641634,0.704882217511495,2.89138777331251,0.0455553693851548,1.24573045976205,-1.19871420021049,-2.42161641083942,-1.23208864617238,0.324238886093679,-1.27393508028395,-0.868686295319925,-1.18194465496857,1.0275841718551,1.68813234484864,0.256215978185418,0.120608339589106,-0.0523460171330233,0.329826631850516,0.646616407050903,-1.32813178943378,0.189310618105111,-0.00552418359572104,-0.814707739467747,0.400924279960331,0.286281378755055,0.135214945600326,0.257314769060283,0.76,1.0
66366.0,1.16953160704508,0.338203192146575,0.457812048192745,1.15074878502207,-0.352078442683975,-0.828202297121862,0.162985852090055,-0.0268690840565292,-0.293395398692923,0.235240798782325,1.42365517540941,0.434579396520292,-1.29497644029323,0.915010429127673,0.286051298493246,0.364530813952727,-0.536115477278056,-0.125294849519966,0.0611046921151406,-0.210331383193542,-0.417056020850146,-1.36333117044759,0.252240790112592,0.41601959267111,0.148798962356319,-0.864946344424361,-0.00148189769418429,0.0193721002499141,7.99,0.0
48884.0,-2.13905055735992,1.39436766175691,-0.612034894995233,1.04932705568948,-1.1621019076536,-0.768219363115428,-1.99723740081007,0.574996543366778,-0.98083177624058,-2.49561924548174,2.5555891530874,-3.53043627008024,-1.01623381526368,-3.45519657744236,-0.0563633864076254,-2.46773703008032,-7.14032596614864,-1.27128002161365,-0.00172192354163427,0.0254265126136498,0.696954881120808,0.740003045389771,-0.15511524943514,-0.0506074460808317,0.268368293338874,-0.469432841163864,-0.405813768055179,-0.152170846988601,19.73,1.0
71219.0,0.0675992206947558,-3.5114901535504,-0.18200849101429,-0.785025656288861,-2.43610055768408,-0.334273308533324,-0.280604223543012,-0.296610603528968,-1.61572958622681,1.08514737198631,-0.87555741433538,-1.15004621548018,0.492638488130529,-0.29092020890876,0.993381741446299,0.0682528908038567,0.281912076657386,0.614592791725874,-0.544948787113497,1.20863256965328,0.369138459853296,-0.247329597510651,-0.70538465822663,0.0605995080911448,0.101951430538247,-0.160852485358816,-0.092928147223578,0.154336266225973,766.0,0.0
88435.0,1.20887633339774,-1.64277332380576,0.401158582634072,1.92507401658078,-1.60609776059372,0.526507825602707,-0.829267812031299,0.206228892826512,1.92343424160573,-0.215443290710937,-1.44786395768561,0.738489321610912,0.27233955827207,-0.847856379781651,-0.500889462155015,0.162702723858673,-0.337310329740169,0.323341799273724,-0.633517039440983,0.427834307956915,0.387360014491988,0.79559255012136,-0.138295685182041,0.0163822063164455,-0.337622559920174,-0.555548494563749,0.0595349000974139,0.0415159511404946,344.07,0.0
8614.0,-2.16992897559082,3.6396539992044,-4.50849778617728,2.73066814884895,-2.12269287053048,-2.34101682766366,-4.23525308290613,1.70353765763508,-1.30527913344307,-6.7167200227127,6.35361231915591,-8.60164826276464,0.449930038237225,-7.50616937408145,-0.438081781812467,-3.69451599830956,-6.30475338603049,-1.26758712788115,0.357987030484253,0.5007790539507,0.645103275621378,-0.503529448911197,-5.22821818299227E-4,0.0716957787676742,0.0920074334247208,0.308497931577036,0.552590914653841,0.298954478709399,1.0,1.0
36475.0,-0.910736148902191,-0.716535632876042,2.11500195563719,-2.62509460848891,-0.985113889187264,0.479795406428882,-0.658186872582198,0.50126807855296,-2.22271459069895,0.921976507886665,1.18933138200704,-1.1266864838726,-1.08043117081764,-0.135818390620973,0.23518053890027,-0.329146429222753,0.546702073137926,0.181474255131392,-1.40280310322657,-0.155476594083583,0.0757326001406265,0.4804355629432,-0.0692966679018682,-0.342754202919496,0.221741904180178,-0.125086084037479,0.307018295075751,0.116151201336024,65.0,0.0
27252.0,-25.9424344479142,14.6019980426299,-27.3686502881266,6.37839460769688,-19.1040334039646,-4.68480620428185,-18.2613929340355,17.0525663121462,-3.74260500983864,-8.233721369876,4.6648362538527,-6.52566786025865,0.92375858946558,-6.32597461208273,-0.0702237027595964,-5.83836021908828,-12.0616957125199,-4.77334851403019,0.852969608454831,1.66730429040185,1.78431598423494,-1.91775921336107,-1.23578743924962,0.161104731783341,1.82037804128869,-0.2193590586868,1.38878576213598,0.406809649908512,99.99,1.0
20332.0,-15.2713618637585,8.32658106147414,-22.3385905133352,11.8853128922128,-8.72133435613386,-2.32430694897567,-16.1964186599881,0.512881820424485,-6.33368515594745,-13.175198078736,9.93981974172569,-14.2254557039818,0.716033665192873,-14.0047761755606,-0.329447848153274,-8.0594194070953,-12.1220088158237,-4.79971013254961,0.686227163597458,0.993121017282391,-2.3568962794623,1.06801917704623,1.08561716724338,-1.03979707801119,-0.182006136246673,0.649920860777984,2.14924707788821,-1.40681133211222,1.0,1.0
67355.0,-0.943869044328128,1.14410111000253,1.22452578098245,-0.69428275156737,-0.218985622918109,-0.624942284746331,0.339545825503204,0.480496464275565,-0.53337256454751,-0.735538206438488,0.949762914510017,1.34463809481697,0.551414149802095,0.26250758977809,-1.11622777133238,0.275776724811603,-0.413804686680666,-0.139380230672993,0.0579417421894205,-0.0385638559896143,-0.0908188689717526,-0.218821457247729,-0.0589872610644234,0.366851280863179,-0.200015051382032,0.275689226684089,0.177404228308151,0.109250708571499,1.0,0.0
39083.0,1.06607303873523,-0.374195094779019,1.51041066832245,0.235416084209642,-1.38256417815038,-0.344667564938428,-0.819150761933709,0.0992167187463187,0.669148500958952,-0.274866500939487,0.482124367788041,0.85682049731431,1.01110307093978,-0.360937170869786,1.76288254214023,0.39630150126791,-0.184137937779645,-0.446359252564974,-0.987987170316699,0.0441747556293723,0.292940126464194,0.881771466417003,0.0457984817954317,0.71451646428491,-0.0580473429455421,1.10343494915384,-0.0117828609432914,0.0330278467242434,45.9,0.0
76845.0,1.141572041228,1.29119504187036,-1.43290045302393,2.05820222243243,0.940823737515849,-0.958273875563986,0.391154204412105,-0.0925192025989645,-0.0328285936060586,-2.15530254380865,1.0804386160969,0.0444153214634158,0.441176590070526,-5.05382476474338,0.315185256694669,0.821195361600931,4.02736603913411,1.07797898032715,-1.10727585500251,-0.00591257660665234,-0.366507064917023,-0.714464900739845,-0.14391066716844,-0.305177619493244,0.697514060032721,-0.312544722619217,0.106247471401345,0.125059863331359,1.0,1.0
44595.0,-1.33221213618162,0.526062119693897,0.992658066632895,1.48369823998734,-0.758786114921005,0.660564772013488,1.61585330609371,-0.00812303415014019,-0.669897218944787,-0.490552717947332,-0.432394201054948,0.729909349319478,1.10269590215771,-0.132150568840218,0.197231278495515,-1.11572079142834,0.598459191529694,-0.763310600840408,0.771368300876617,0.0813161025676979,-0.0166604229442239,0.323983723369552,0.175905202998129,0.138088433157439,0.243374574177198,-0.222068804226729,-0.127067832817963,-0.266922966547256,291.31,0.0
121790.0,1.86498847744037,-0.3369608311967,-1.57475070211031,-0.0212102232773087,1.06847015090265,1.35675064222563,-0.116149911030248,0.329133606370321,0.216435010061804,0.0422858494115141,1.29008867106233,1.60857297265741,0.672663681695791,0.353350757686151,-0.107030649816268,-0.885344654415406,0.236256115967481,-1.75413579685713,-0.498386202476518,-0.170783909476768,-0.117669800563684,-0.15589573303636,0.312910663168662,-0.694314624274087,-0.367576294315284,0.341080809743976,-0.0300013722501858,-0.07534981169709,32.21,0.0
85285.0,-6.71340697159693,3.92110415204576,-9.74667821737542,5.14826254938013,-5.15156271985187,-2.09938865681113,-5.93776683170198,3.57877960420447,-4.6849517505833,-8.53775768653457,6.34897930341209,-8.68160893168352,0.251179384774619,-11.6080022570993,-0.351568782034355,-5.36356643348466,-11.9390915052116,-3.58360287020043,0.897402406121681,0.135711322729059,0.954272201927517,-0.45108644858101,0.127214424071711,-0.339449869297565,0.394095513633807,1.07529509891805,1.6499059092424,-0.394905372194808,252.92,1.0
33956.0,-0.641548764467061,0.654940936349015,1.04926774141271,1.61077287256667,-1.28368353854234,0.747226204118056,1.74505209025316,-0.152794260490275,-0.664918587665713,-0.0981953791160757,-0.40519527147456,-1.00990647445321,-1.26720975397109,0.597154290303991,2.1208286226372,-0.708430993409813,0.461793432819511,0.0713659753948382,0.951394073399136,0.0738767682095382,0.183936623979583,0.587637859144545,0.0350891229714343,0.0757199249735716,-0.111234553633747,-0.042954800420469,0.152268954838571,0.0569401904655712,325.1,0.0
41313.0,-13.8972058704019,6.34428045616839,-14.2816664432471,5.58100899740718,-12.8871331616131,-3.1461763671985,-15.450467216827,9.06028147442157,-5.48612077680694,-14.6764702497464,5.1483517210937,-10.7495919949504,1.58548896754337,-9.79801207658904,0.733276999106463,-12.675268899047,-20.7406637223494,-8.15366802624724,5.2283417900513,-1.02522792390103,3.05808183846397,0.941180290424241,-0.232710298333368,0.763508019302571,0.0754562386388435,-0.453839571774416,-1.50896825698328,-0.686835738780169,9.99,1.0
67319.0,1.50088374503711,-1.12302238366576,0.633914147157142,-1.29964859802869,-1.82745091402554,-0.900723264842301,-1.20254721476575,-0.130992073438717,-1.5267222859321,1.46795177913827,-0.693413326244783,-1.43667546325665,-0.405937973170839,-0.247753676291544,0.846600370966167,-0.218273223981942,0.476708335464479,0.405142561892638,-0.418180266352794,-0.37707111348321,-0.022710021592667,0.307687228074859,-0.0474001959486394,0.376551549939207,0.417930918507785,-0.0285834597825505,0.0366465036042971,0.0215086748797518,16.2,0.0
11822.0,1.21915829857533,-0.231637081713249,0.34209643284977,-0.117682867594522,-0.440344438996807,-0.209438923347596,-0.470957358600688,0.0303346549967787,1.70967960953256,-0.386659573390331,1.41454862802444,-2.69852463693094,0.26988127386743,2.03306104786343,0.0506567622381801,0.89277459899052,-0.0914847496662651,0.819607535025523,0.423131669444423,-0.0861155939031564,-0.279585807212487,-0.748511187324686,-0.0244544488321239,-0.548813802599588,0.105884180505396,0.900969065993231,-0.120464299623301,-0.0116967897383962,44.21,0.0
64136.0,-0.337450729932845,1.08341153014904,1.27993127108779,0.0670826374672842,-0.0305657950517563,-1.00281808433227,0.652867828914401,-0.029318707776127,-0.2793918207591,-0.487290459078194,-0.344783628825735,-0.482278218997071,-0.637719450122856,-0.279382626921235,0.976967388576193,0.418905310910309,0.0500602333285694,-0.0452490125710888,-0.0835370813859099,0.0603442623401724,-0.274173003894171,-0.751854565553088,-0.0119170477476549,0.30829022212996,-0.186485775742458,0.0748037314836323,0.241517788108574,0.0964443404680817,0.89,0.0
6429.0,1.30662922977701,-0.750209576477871,0.387309284394798,-1.37099242770593,-1.38960761552959,-1.13774480867225,-0.705478877635609,-0.0989655512807054,1.48559034433888,-0.27435952820956,2.03186348914766,-2.79037592817678,-0.747900467771367,2.38779596884538,0.375731826178926,-1.77587308236311,0.72208377566766,2.33023430283994,-0.212999883562366,-0.676833217297767,-0.51969372872385,-0.882601504449122,0.0694582627881447,0.360666981768424,0.334238592057958,-0.798334100563192,0.0241225088928157,0.0136989052391935,28.6,0.0
88737.0,1.91782653091941,0.951966571156228,-2.05920551344214,3.83399771227534,1.66819219140891,0.769825697337707,0.23246305671161,0.107940567202011,-1.14364568858013,0.541699242973355,0.301977229683697,0.257697090947377,0.709147651977866,-2.420715975085,-1.99774018079568,1.50669615001484,0.799832475247662,1.16276426158317,-1.15062735713932,-0.115922317627863,0.0152553539964535,0.239994342022941,-0.111915984520572,-0.380575889863537,0.370994788995014,0.189116547062326,-0.00582328067918961,-0.0121050906997506,9.21,1.0
84463.0,-0.963388964340173,0.161348828435649,2.18394335737821,-0.106248624284351,-1.31815216794062,1.19142134268058,-1.56797471624481,-1.24744859182961,0.185030971603551,-0.172638206085687,-0.692361305425155,0.312800379039769,1.07304006858907,-2.71426354354087,-1.30891388114039,-0.132290879091235,2.47241736657342,-1.33503635715956,1.71345262642954,-0.184346246354331,1.7187651738405,0.615224609465866,-0.268177183185633,0.120402037951886,-0.373363295997299,0.0679838522585607,0.295251178499667,0.169798244636082,59.89,0.0
81734.0,-1.35912335692083,2.09650247473068,-0.332061451719865,0.212834582031142,1.71441955652751,-1.36887658137068,1.49808202795113,-0.29087811998907,-0.536139140006795,-1.16058992447048,1.92327537084715,-1.03093725083252,-1.70697250616116,-3.4617522026925,0.0483816977952485,1.41362676022548,2.07211233049814,2.11910294790343,-0.948638599928378,0.13489802913064,-0.268362241370449,-0.553416754849638,-0.657687606419394,-0.367341918847561,0.882809855390887,-0.400491062324764,0.0033193560379344,0.00714897964809802,8.99,0.0
72017.0,1.31546314655146,0.363842247979347,-0.0330650606301482,0.494374927533003,0.0710311608931535,-0.590766801900342,0.0995680755770807,-0.176732259895553,0.0240661797594923,-0.294132541146535,-0.741255940669268,0.191309081326627,0.809120890304379,-0.424444263804454,1.10652016279032,0.702065486139697,-0.334599267999248,-0.0798798134895218,0.114448205812649,-0.0261641643090823,-0.337603228044111,-0.947512660727797,0.0197894447795845,-0.496451627353102,0.342425545653214,0.145582576835221,-0.0212250890610431,0.02312739320501,1.79,0.0
117758.0,1.95095556676134,0.00199151177232731,-2.23802395497616,0.625398873040392,0.637233447334119,-0.916043418534698,0.486670670139628,-0.303551110268053,0.389590145616782,-0.394491779122945,-0.805034050451647,-0.251944626481257,-0.469400224579956,-0.749660854964714,0.115753325046633,0.205986949713857,0.616792525548721,-0.0448141596009935,0.00681135129368414,-0.0397845953734516,-0.179861169394057,-0.572389290953349,0.0995743025156314,0.381540924398631,0.0287709177234298,0.200208345694627,-0.0817257769041963,-0.0238482703693298,78.4,0.0
64585.0,1.08043336974687,0.962830680816555,-0.27806547765439,2.74331806279958,0.412364075681078,-0.320778352962878,0.0412895489552235,0.176170299597767,-0.966951551053629,-0.194120466505581,2.14005681553663,-0.276308752749667,-1.19130573752489,-1.88027540328199,0.398271956336376,1.36743302249318,1.52266169956075,1.02631748255981,-1.57707047840184,-0.172658644566365,-0.00899617409257402,-0.0570361435998535,-0.0536915092211487,-0.0263732767799466,0.40029973123052,0.0728277709127376,0.0270429343018625,0.0632375727147923,0.0,1.0
93888.0,-10.0406314557065,6.1391827154247,-12.9729718943545,7.74055544506762,-8.68470452840193,-3.83742916671056,-11.9077019040753,5.83327300056002,-5.73105424359056,-12.4389449056023,6.98988561330738,-16.218610393127,0.25330336584704,-8.72864506518152,-0.147529091109699,-14.1298545174931,-20.6850275533272,-8.48444905730181,4.85125513655685,-0.0822752254211996,2.82343143164188,1.15300501339169,-0.567342849673059,0.843011621641402,0.549937644887907,0.113891875585392,-0.30737499959267,0.0616306406149363,1.0,1.0
36338.0,1.36006982491509,-0.388956325478549,-0.165696876631288,-0.730498849959446,-0.374396056286118,-0.182998670313161,-0.631202412458967,-0.0208986069817438,-0.744271576137702,0.103523315190281,-0.356369082056863,-0.723302647397515,0.772006373507767,-1.44064541536574,1.24838008311828,1.54890455943256,0.974793941677839,-1.0739468235984,0.257901937135945,0.183442367340588,0.0395409263414605,0.0459194518115421,-0.101890173029588,-0.839799878639731,0.409291568370749,-0.204595654844829,0.0429385432979755,0.0389173024355583,34.9,0.0
38913.0,1.09006895639989,-0.0987827942063272,1.32629370715051,1.42878966450531,-1.02125837606136,-0.0315871009090714,-0.676917719701025,0.262282623146153,0.863229756612176,-0.0959711097396996,-0.39610774895853,-0.182154277705603,-1.38938553237241,0.0956105383010597,0.951952701910892,-0.0216698353792546,0.0646559133613484,-0.347327128741487,-0.874526808747235,-0.257933314978083,0.0103075913169806,0.130643299487031,0.0900392178779219,0.365526906359807,0.216599958896768,-0.384438886896817,0.0735664348369954,0.0360768501089989,10.0,0.0
73408.0,-2.86979494599423,1.33566696241079,-1.00953019777159,1.69388472852407,-0.741479894623347,-0.796772696354505,-2.61424187718441,1.06663646767929,-1.13549652218517,-3.9433368210052,2.57283021584331,-2.28866350030302,0.562084177710423,-5.33871420959882,-1.85325189141529,-2.619233053885,-5.23142512742468,-1.23485373672039,0.397308037124058,0.0115572104606548,0.528421372720921,0.228027080989586,-0.749297963439339,-0.0671789627433331,0.215792485177395,-0.453651011768872,0.349191042793996,0.198862268219404,16.48,1.0
45858.0,-0.206481736805396,0.390253500766663,1.35397259324586,-1.45909252478087,-0.227017065157724,-0.467854044807875,0.433315597247503,-0.053590856083366,0.80563502155387,-1.47024244106642,-0.151707473766799,1.21056741523425,0.974716431260957,-0.272356799869635,0.754707749277473,-1.61883104597555,0.704303127978149,-0.895649447508938,1.56843174416702,0.0828163913326043,-0.110474270325115,0.0328782310501342,-0.0104756655135092,0.157590988145948,-0.524699070110939,-0.0975843933584528,0.194310047270868,0.158045038174234,9.99,0.0
32842.0,1.23906398922228,0.359571638091363,0.205723600877326,0.490088272482564,-0.0736500728934606,-0.537160204326876,0.0338467934685742,-0.0838995696169409,-0.334186844306134,-0.138161929717386,1.48031468929397,1.26993208123844,1.05794797618891,-0.281950160001662,0.323627408542469,0.731947986338354,-0.426468962012889,0.199639883468401,0.211408587596471,-0.0054807424962706,-0.248469530332164,-0.708218495703506,0.0660365568331183,-0.0190250519563981,0.259878858312756,0.0948654020709081,-0.021566865164186,0.0189641843126722,0.99,0.0
67857.0,-1.73933378422429,-1.30465465035444,0.314102907291187,0.0537401062585881,-0.0586957001779964,0.0712595573040713,0.694861852921962,-0.313269934817745,-0.649377114028123,0.517567879914365,-1.35655775612738,-0.238382663867126,0.0695790190825196,-0.431690053731737,-0.674723889299605,-1.65416180710569,-0.0539606012956825,0.520745840192804,-1.55456174696529,-1.46399432399357,-0.665172078751849,-0.632078028662709,-0.421175799634968,-0.400774352865197,-0.00164030189404302,-0.495162312868153,0.0316326197006312,0.0662796878513276,320.0,1.0
62517.0,1.24567381944824,0.166975019545401,0.488305742562781,0.6353219207244,-0.562776680773863,-1.01107261632698,0.0149526614685896,-0.160210863301812,0.17036185217373,-0.0445745893804268,-0.35674901847752,-0.0734595173503765,-0.517759694198053,0.406968934383731,1.12414692288685,0.342469754110769,-0.374656440051376,-0.438992432436683,-0.116090785002835,-0.132079724302295,-0.262580846041176,-0.816263763157847,0.140304302014326,0.357827249299806,0.186422945723389,0.0965444707905616,-0.035866315294695,0.0184945729704665,8.99,0.0
47193.0,-0.732969681135178,0.895196724847625,1.64273291673326,-0.0223367634400628,0.282038534733087,-0.770055055792428,0.924601033341606,0.00554477609863364,-0.815895813132558,-0.52602117095293,1.16239359871429,0.406062296986356,-0.693548513956478,0.551684252022203,-0.389690804051779,0.360833083700744,-0.823556088084495,0.436865391365345,-0.694307325684323,-0.120840368246719,0.189677068286805,0.392844086026943,-0.238294941157513,0.521960661094731,0.263016960463085,-0.509449321108312,0.0636686863515816,0.0984092313070439,22.85,0.0
41305.0,-12.9809425647533,6.72050777097643,-13.4556359425571,8.69861009281133,-11.4795517833437,-2.68151865053833,-14.0192907576919,8.21819051252864,-7.93089996826719,-12.6959474039839,5.58936163192341,-11.9608660326622,1.53867076186333,-9.88721406724695,0.6339792179337,-11.3502438549644,-21.7101876525534,-8.85945192496352,3.62971365041526,-0.84330261969681,2.54962823474498,-0.532227763596568,-0.235096473604284,0.673209169467055,0.22659797207791,-0.00616785819002466,-1.18569550568181,-0.747361321404312,59.68,1.0
90676.0,-2.40558049004183,3.73823496480673,-2.31784304058402,1.36744244056479,0.39400112765787,1.91993798476143,-3.10694204753682,-10.7644025337266,3.3535248599039,0.369936028027435,0.382172176843061,-2.26293253493218,1.21060458321664,-1.88061870491121,-0.934160416330735,0.235476804417352,3.32156931100987,1.90627082950488,-0.581355690647057,-2.14087382269319,10.0059980130045,-2.45496409501601,1.68495694696092,0.118263083149952,-1.53138011163519,-0.695307571119466,-0.152501562016877,-0.138866256312262,6.99,1.0
94362.0,-26.4577446501446,16.497471901867,-30.1773174564996,8.90415677106517,-17.8925996927224,-1.22790388102871,-31.1973285494605,-11.43892041491,-9.46257260540015,-22.1870885620007,4.41999660154863,-10.5923050053728,-0.703795803703315,-3.92620731586873,-2.40024649210124,-6.80988994039049,-12.4623149481086,-5.50105078380738,-0.567939572890149,2.81224110932946,-8.75569832116533,3.46089334478551,0.896537503959012,0.254835536763482,-0.738096558530353,-0.966564233789852,-7.26348214633855,-1.32488430656137,1.0,1.0
62221.0,0.583108836988642,-1.24732903216986,0.477849002613475,0.438125970818821,-1.31683805816932,-0.445702193636547,-0.0776736703533801,0.0111746694320444,0.468446896763558,-0.191954726124727,1.20983838057677,0.614827354649582,-0.914998674818035,0.315139406881826,-0.106521617197774,0.3517313573231,-0.251302720589381,0.158851834034076,0.23873526292148,0.515841742143465,0.174479077523565,-0.15966420111426,-0.24964980707997,0.617355247896752,0.0618685021107111,0.952829483326435,-0.126825490794926,0.0534155269062037,322.0,0.0
14073.0,-4.15301449873357,8.20479650456012,-15.0317142097481,10.330099825448,-3.99442609736294,-3.25001318447365,-10.4156978119079,4.62080391044331,-5.71124797098224,-11.7971810675777,11.2779207278067,-16.7283393320915,0.2413676825577,-17.7216383537133,-0.387299923381284,-10.3220166783853,-13.9590853730538,-5.03071003831832,1.19726633504633,1.41262488019492,1.97698839609887,0.25651048717528,0.485908106513804,-1.19882131436036,-0.526567394687845,0.634873502483478,1.62720907623952,0.723235068518316,1.0,1.0
41866.0,-1.0739203424302,0.483131571792849,1.30604800704633,-0.216088479974882,1.36765807704407,-0.221624871042617,1.62513103209108,-0.614815140510985,-0.106893395085822,0.528456160388805,0.871707225875717,-1.06477346097322,-2.78314852699429,0.374314347898079,-0.0644363387074769,-0.112035783021013,-0.908087740129139,0.0603687780387251,-0.842535946057327,-0.294521210933223,-0.0397577003933014,0.23827279521272,-0.320314794124425,-0.381250713536136,0.343832713813419,-0.516025320946932,-0.849456044235934,-0.508826828996774,28.89,0.0
84789.0,-1.43086372778891,-0.802528699267131,1.12332029999445,0.389760264731692,-0.281213534404278,-0.055123492429819,1.32623248909333,0.195699815379613,-0.546889550453909,-0.71347376073502,1.27462907751277,0.0236821347785728,-1.52169610821701,0.727242085814848,0.166504662441577,0.348037591565135,-0.5663900830288,0.216016101767291,-1.14037564250718,0.634184289933654,0.325575470468413,0.0140018451191784,0.844946015847872,0.114962884542335,0.156364810543393,-0.619437446641754,-0.120351072821334,0.0355941733717493,354.33,1.0
86802.0,-0.06116481061808,0.562818125826777,-1.43290701635842,-1.41485648545911,2.22286149762783,3.60901587108789,-0.617046498865573,1.51222345238889,0.140999030566789,-1.26194506402516,-0.0898168006751663,0.040986446269806,-0.162335510945513,-0.87606952964446,0.490668369807993,0.899500767490094,0.312238281388477,0.184886567579338,-0.679761023574871,-0.171027512710071,-0.106902548817778,-0.493412872518957,0.408708189902165,0.577301881448503,-1.3321519611785,0.0116791804560301,0.0200035684689856,0.0708646497108794,20.0,0.0
7543.0,0.329594333318222,3.71288929524103,-5.77593510831666,6.07826550560828,1.66735901311948,-2.42016841351562,-0.812891249491333,0.133080117970748,-2.21431131204961,-5.13445447110633,4.56072010550223,-8.87374836164535,-0.797483599628474,-9.17716637009146,-0.25702477514424,-0.871688490451564,1.31301362907797,0.773913872552923,-2.37059945059811,0.269772775978284,0.156617169389793,-0.652450440932299,-0.551572219392364,-0.716521635357197,1.41571661508922,0.555264739787582,0.530507388890912,0.404474054528712,1.0,1.0
20451.0,-15.8191787207718,8.7759971528627,-22.8046864614815,11.8648680803607,-9.09236053189517,-2.38689320657655,-16.5603681078199,0.948348594786058,-6.31065843275059,-13.0888909176936,9.81570317447819,-14.0560611837648,0.777191846436601,-13.7610179615936,-0.353635939812489,-7.95744722625995,-11.9629542349435,-4.7805077876172,0.652498045264831,0.992278949261366,-2.35063374523783,1.03636187430048,1.13605073696052,-1.0434137405139,-0.10892334328198,0.657436778462222,2.13642447085514,-1.41194537483904,1.0,1.0
85778.0,0.97081400292227,0.136642717215123,-0.0826162772497375,0.709808291903926,0.934390617710949,1.47825460721624,0.0835563130833665,0.448622444428955,-0.544992029408534,-0.0654268677735378,2.18641562080981,1.57637613924421,0.461116637091022,0.708400517801318,1.12899335782685,-1.00549947451686,0.448788769356319,-2.08956240039026,-1.24693301222067,-0.14974935002124,-0.209824163484786,-0.57271610240917,0.178990936224329,-1.38041401315857,0.109279235702376,-0.616058393531657,0.0675609706954059,0.0035576911557356,42.16,0.0
94141.0,-13.5120737201635,8.21517673687939,-16.5826057272747,6.20736889019759,-11.3184715177058,-2.99720698778128,-17.6404704062016,0.0403490750758574,-5.62023218946632,-15.1237521803455,5.93465734341534,-14.1750301634055,-0.169044491655796,-6.55255368427192,-1.57000723316824,-12.1725530183154,-20.1645422294456,-8.66881519685045,2.55087034384644,0.694574465326517,-0.907905601256761,1.5140282763652,-0.141879203311202,0.789185965955202,-0.0313427677694401,-0.255056581600699,-1.86583088908172,-0.442204311521227,45.48,1.0
53031.0,0.206075454303215,1.38735982061524,-1.045286987034,4.22868619369076,-1.64754917421782,-0.180896946218666,-2.94367757476862,0.859155533266087,-1.18174300683428,-3.09650359868717,3.20091235546057,-2.45083242908802,0.316619878616412,-6.39717031528651,-2.12972836543767,-2.42737307534442,-4.44847225233098,-1.21222044988735,0.0346554556282822,0.351484399563241,0.46919942584802,0.344930464195865,-0.203799378001586,0.376640378487856,0.715485489514387,0.226002880910544,0.628544616302757,0.319917987612491,0.76,1.0
93853.0,-6.18585747765758,7.10298492227346,-13.0304552638937,8.01082339822486,-7.88523736131971,-3.97454999359808,-12.2296077786617,4.9712317023058,-4.24830701294998,-12.9654812039222,8.68830799242781,-17.1829184301947,0.0695769150313325,-14.1161560074304,0.959031717400206,-12.3753337375636,-18.716764511809,-6.52201457322122,3.51795494036344,0.483930108481186,2.50277241039945,0.481691289576756,0.480957977547458,0.360318638811951,-0.293354295977635,-0.199193157971208,-0.203917328209747,0.398927185850218,44.9,1.0
36170.0,-5.68501341827133,5.77651621042963,-7.06497672861513,5.90271545151069,-4.71556383098609,-1.75563332378958,-6.95867914257843,3.87779518702774,-5.54152882782373,-7.50211219093686,3.67670318691664,-7.64298306727846,1.68986512270453,-8.29965953059956,0.646996364810759,-6.79279505972775,-12.075932061394,-4.88217964265137,2.62662452479163,0.299488632233821,1.12864107441301,-0.962959729230981,-0.110045083655872,-0.177733240766768,-0.0891754157062679,-0.049446723229275,0.303444581632884,0.219380438614266,111.7,1.0
41313.0,-13.8972058704019,6.34428045616839,-14.2816664432471,5.58100899740718,-12.8871331616131,-3.1461763671985,-15.450467216827,9.06028147442157,-5.48612077680694,-14.6764702497464,5.1483517210937,-10.7495919949504,1.58548896754337,-9.79801207658904,0.733276999106463,-12.675268899047,-20.7406637223494,-8.15366802624724,5.2283417900513,-1.02522792390103,3.05808183846397,0.941180290424241,-0.232710298333368,0.763508019302571,0.0754562386388435,-0.453839571774416,-1.50896825698328,-0.686835738780169,9.99,1.0
55311.0,-6.15960693036327,1.46871292315117,-6.85088814665684,5.17470627250374,-2.98670392387712,-1.795054145699,-6.54507152628193,2.62123613805269,-3.60587012643541,-8.12216107491307,6.02903256317613,-9.22585530778592,-1.54675863096913,-10.3093341893072,0.308062393533042,-7.78732622111619,-12.8221770045808,-4.36767713342358,2.64398422133793,-0.289829585956863,1.06131418230601,0.125737468595024,0.589592331660844,-0.568730604518481,0.582824720935876,-0.0425826450995479,0.951130233081124,0.158996023697089,0.83,1.0
120013.0,-0.866109544441229,1.04340373911407,-1.08292566605622,1.05246582998393,1.37642775100652,-1.58784656075898,0.984521454411972,-0.098414221903466,-1.09589820667743,0.136906997479206,-1.04849877600136,0.353143190463719,0.794941114704169,0.960166843033687,0.186827859216497,-0.817952128410515,-0.0569024278188276,-0.14554784477379,0.594687733013934,-0.0462571462127013,0.331422842009946,1.02194374124693,-0.434660197045397,-0.0395625994177844,-0.330471689846385,-0.395352026843818,0.333738293585002,0.0607536974149734,3.6,0.0
46395.0,-4.78214223887027,3.64088346907466,-1.84791756346568,0.0241240111589406,-2.61641128234729,-1.49653787203471,-1.40565726422027,2.33123586867279,-0.0851927906783829,0.510331010571701,-1.09174470456444,0.710067704779984,-0.230251062164208,1.77358331284949,0.633364131814117,0.565447462607379,0.77012831684151,-0.085922410663826,-0.2859894592201,-0.46241372727469,0.271457041118891,0.197461293032876,0.29692207753793,0.716204217171174,0.00815145614988871,0.213185515863875,-1.3142048006126,-0.222492581419911,39.11,0.0
35867.0,-0.481636594022168,0.732963756294229,1.40075677973054,0.874663923494651,-1.07199456713681,2.15674221452951,-0.871927358447458,-2.06723863272404,0.46073752853817,-0.163933364169937,-1.55390948057431,-0.686168789028201,-0.355403596027687,0.088976506754502,2.55340286654619,0.626505970662907,-0.40736138872162,0.881200100696631,0.278815415342148,-0.496578708838119,2.38429081937873,-0.3420560365094,-0.318072295962106,-1.33268573885688,1.32502587612999,0.179769080043248,0.357398560408995,0.120178254938113,164.64,0.0
119318.0,0.0782067376649584,0.809014270810966,-0.131443596434141,-0.957865574625227,1.01857363910165,-0.176505448570807,0.904248095392474,-0.00762102864731178,-0.2738712377957,-0.248559538185107,-0.144799263526795,0.624705094156279,0.405911040186524,0.186084910550196,-1.05672229312674,0.404522058429802,-1.06875179843546,0.0635465747567161,0.611013121327737,0.0250610068467094,-0.276785789819024,-0.63401613695763,-0.0808996474293791,-1.09697627552069,-0.365493824463027,0.186874024419284,0.244000611139404,0.0768778282157064,2.69,0.0
58222.0,-1.32278906321956,1.55276821126964,-2.27692070362638,2.99211739124618,-1.94706392017319,-0.480288250384527,-1.36238752318047,0.953242226598613,-2.32962885992389,-3.39355348115172,3.1284396921776,-3.57039373078107,-0.595198191474463,-3.98841505479623,0.995905842419722,-2.84378455855144,-4.82624611607161,-0.703883464864473,2.15221455770756,0.988493486888991,0.614968996752659,-0.195199717277462,0.590711261700839,-0.233377663885038,-0.164285286785183,-0.27749787053455,0.428610084734921,0.246393746180351,270.0,1.0
42985.0,-4.07597468486268,0.963031254092613,-5.07607019842086,4.9559633578155,-0.161436852450419,-2.83266299767191,-7.619765445461,1.61889544068454,-2.99209215744034,-7.14219911358407,6.27866584548672,-9.40706094796316,-1.81887396082411,-10.7395718907673,0.224206083734093,-8.42708279627514,-13.5021528919623,-4.71296758855481,2.6304759946371,0.0588612515023862,1.03073825203134,0.165327776328984,-1.01750231442165,-0.477983380813876,-0.304986825039416,-0.106089275128594,1.89971434181658,0.51146170682063,1.0,1.0
8864.0,1.259734780132,0.488457598363011,0.218645323139151,1.19802553363501,0.135715016458963,-0.586220175182844,0.195679396588,-0.336177668674509,1.16107106474576,-0.388574638738266,0.233880018554648,-1.9973526279414,2.66973105162199,1.60843606690027,0.120394507816208,0.134036130621766,0.0580346620324874,0.184645887084821,-0.382234952207271,-0.0823025932993019,-0.139351353280888,-0.0889072376664065,-0.176739162328383,-0.175207642258094,0.762866993824169,-0.338280210849995,-0.0101346926764711,0.0128726566786482,17.9,0.0
118011.0,-0.99698572815517,0.600545656041458,1.3586620971443,-1.10397245074574,0.805287342490391,-0.785447486803376,1.05818261713357,-0.00159622494884096,-0.728473239238621,-0.920724599621566,0.789811977776312,0.473834394899913,-0.689473671189583,0.448299152437534,-1.1494062819873,0.195586156674624,-0.632661024267094,-0.323521145177621,-0.211506280605097,-0.0530182527026452,-0.198275905717531,-0.775285443231023,-0.218183194399167,-4.73736315250928E-4,0.518129124449697,0.217811436521707,-0.0822673340402392,0.0318701588167994,24.99,0.0
55150.0,0.78171582644016,-1.01339061828091,1.27778503822968,1.06378763999419,-1.43313018226012,0.488683689670943,-0.76641405674054,0.295806085012445,1.26749064837514,-0.32510735061694,0.443221604777597,1.31777561000627,-0.257561833362017,-0.666511382176303,-1.86037530963327,-0.212924198593983,0.072221513769227,0.215350659581704,0.539765190825669,0.230862158317948,0.169426371530307,0.514516574095347,-0.296613496000121,0.436885630667476,0.419326059040146,0.657247227448042,-0.00696354602842704,0.0395086604340731,179.0,0.0
54426.0,0.942593470939648,-0.924047906631674,-0.918925996606795,-1.56361826442805,0.100035074566103,0.0275140640533624,0.323993753360571,-0.0961806707450135,0.966723450621428,-1.07348491129359,0.666243861476544,1.47462428903847,0.657221767132196,0.342262790472376,0.325294520625325,-0.843971489195089,-0.198348336792693,-0.0612953182309563,1.33135797025822,0.366417835927379,0.0904453063114803,0.0864322574633953,-0.481360791690461,-1.04510379540441,0.819418327662464,0.156370659554111,-0.0363856456496282,0.0131918993308409,208.0,0.0
44587.0,1.19695354421435,0.278024581836107,0.489846804827295,1.2591598154302,-0.641812482518299,-1.29922980237263,0.154568864196784,-0.200457231817312,0.127338017119392,0.0473099146616585,-0.121827018634638,-0.274071008870009,-1.29514830609104,0.661046863603187,1.01293710437131,-0.0494874780162536,-0.163784910465715,-0.177293041235655,-0.564726417827143,-0.228614302188015,0.0515117528775705,0.123959546561966,-0.0228818035978612,0.897697794493446,0.57427429475552,-0.357878958050715,0.00571034434344946,0.023996297367896,9.03,0.0
68207.0,-13.1926709562391,12.785970638298,-9.90665002092758,3.32033688288942,-4.80117593230105,5.76005855618556,-18.7508891580107,-37.3534426378925,-0.391539743919107,-5.05250236713858,4.40680552357904,-4.61075647740608,-1.90948796970811,-9.07271093398351,-0.226074450896345,-6.21155748212485,-6.24814535335983,-3.14924669470095,0.0515761185277783,-3.49304991519446,27.2028391573154,-8.88701714094871,5.30360690376998,-0.639434802306313,0.263203123457008,-0.108876929971315,1.26956635541013,0.939407362758877,1.0,1.0
102671.0,-4.99175779387947,5.2133398229232,-9.11132629809104,8.43198635177602,-3.4355156720863,-1.8275651016855,-7.11430284412379,3.43120663145462,-3.87564287029742,-6.86850850672582,7.15062516950116,-10.2629840447185,2.73308493575221,-10.1275247811671,-0.262783621001749,-5.19027103814098,-8.6557110398096,-2.02444347438745,1.5604792800844,0.0981321924634143,1.18942283937597,0.247858476295777,0.294448330047117,-0.548503502162266,-0.174616566570794,0.406702503092405,-0.40233927269736,-0.882885795448957,0.0,1.0
47545.0,1.17671575912859,0.557090903443645,-0.490799622910899,0.756424293386678,0.2491915585394,-0.781870546568533,0.228750322026116,-0.0408400791377636,-0.432110564245139,-0.585778431385528,2.28193937592012,0.654566719272309,-0.310379432324912,-1.04370522504569,0.513750399321109,0.399177755263914,1.14313007770305,0.256013886486252,-0.511210088142662,-0.10277180482264,-0.0621660000083396,-0.128168129786567,-0.0401759895545737,0.110040347467026,0.437891432381746,0.368808854483266,-0.0182873480981415,0.0311734033163997,0.76,1.0
25254.0,-17.2751911945397,10.8196653713117,-20.3638859739149,6.04661174671427,-13.4650333517322,-4.16664724489873,-14.4094479851747,11.5807967244857,-4.07385571204177,-9.15336803834587,6.21088301172371,-8.77857203246194,-0.0613674966661798,-9.57466229922106,0.0492885399107771,-7.41848727872681,-14.1027718764864,-5.01642333521081,1.39031436050276,1.54497046707519,1.7298040916597,-1.20809608165502,-0.726839224163999,0.112539673508366,1.11919347248491,-0.233188990129274,1.68406299250578,0.503739738280361,99.99,1.0
79484.0,-1.4623016666581,0.8953085800094,0.479111197692951,-3.18458856989713,-0.040100901257492,-1.50614166567173,0.632160530915351,0.0583566766469392,0.871054292281671,-1.73432787082805,-1.00439446521707,0.299630160906062,-0.197667345153053,0.341801131615986,0.398557778905051,0.27330714530782,-0.793222425501545,-0.205592620851456,-0.550605898046724,-0.484632786984961,-0.039965580953953,-0.392414109779011,-0.0299401307335682,-0.123713012470804,0.0625814501167508,-0.483012484686289,-0.598076253883163,0.0484074064590131,2.8,0.0
51135.0,-10.5273044341626,7.63974510878724,-13.4431145027514,4.30340291762786,-8.04820986720506,-3.46699653575204,-8.64319279153494,7.28410530047069,-2.36209663777244,-5.99659592015915,2.5891035399443,-5.9622614216576,-0.468955402702701,-6.77818372152522,0.907946622048306,-3.97013003226966,-6.85761265464239,-2.51173568202806,0.511761951503497,0.847085223070639,0.937415595523653,-0.931178206442092,-0.235696693319785,-0.0313933540844794,0.591558276561224,-0.263516323288921,1.10889729755393,0.219021143211497,99.99,1.0
110482.0,-2.03416225562079,2.12887784125111,-0.682866229520144,-2.38543555565874,0.0370398347960634,-1.09189460594701,0.123743173872731,1.04369064431584,1.09919619566089,-1.68996907535158,-0.231093112785008,-1.49730596515426,2.58823451609924,2.2213250992364,-1.31854140352816,0.511980685891794,0.383406054621118,-0.627481832307075,-1.11843019882162,-0.133140733175189,-0.361642197173468,-0.990608591104129,0.0818227296850317,0.563238358207902,0.10983089052947,0.322573955774083,0.0393776897369216,0.097732728145842,1.0,0.0
74159.0,-1.54878809850026,1.80869795041448,-0.953509033832342,2.21308539346999,-2.01572779170327,-0.913456844516923,-2.35601298316433,1.19716896702387,-1.67837405659509,-3.53865023182429,3.1020899271543,-3.99337305447702,-1.93741062327519,-3.82289410599595,0.830970110708369,-2.47535885382925,-5.21187516766885,-0.413871678166879,0.933262164554872,0.390785963777347,0.855138263312025,0.77474482148342,0.0590371520063436,0.343199807900813,-0.468937928609185,-0.278337986906642,0.625922215184372,0.395573378256676,76.94,1.0
50706.0,-8.46184470133154,6.86619841481805,-11.8382692206767,4.19421096699453,-6.92309709702798,-3.22114664850055,-7.55349651116055,6.015618186942,-2.4661434402463,-6.24624318477127,2.94398521977131,-6.51238933713471,-0.698175946764313,-7.54364593187217,0.92645528395257,-4.3302948063467,-7.33969796421674,-2.55090085394741,0.645904895509124,0.814710155897088,0.918244480856236,-0.715366336614015,0.210747336284603,-0.0602114737129364,0.509534595479059,-0.257283692851139,1.17002651560613,0.229300914797861,99.99,1.0
44393.0,-4.61746102917986,3.66339525318756,-5.29744641020372,3.88095965427288,-3.26355091342907,-0.918546733700683,-5.7152620778107,0.831039550183167,-2.45703377841015,-5.72681709632961,3.52572598717089,-6.48911156043177,-1.01279063167124,-7.05231095228929,0.78444540329242,-6.77397674966222,-8.58807007314333,-4.51089174541971,1.14787783834912,-0.34645583270524,2.69817489528664,-0.0270808907137453,0.366775230313112,-0.123011441662663,-0.300456526768528,-0.239996239629945,-0.183463054061235,-0.0733597031884566,1.0,1.0
13126.0,-2.88004235163471,5.22544230971559,-11.0633302799459,6.68995065770063,-5.7599239886738,-2.24403079081521,-11.1999752166959,4.01472180864313,-3.42930426351801,-11.5619497720699,10.446846814514,-15.4790524832016,0.734441608104148,-13.8837785491112,0.821439545395249,-11.911483017197,-18.1030037037729,-6.83783453880068,3.12692935212663,1.19144396640797,2.00288287701632,0.351102064721284,0.79525514045211,-0.778379381413672,-1.64681511254223,0.487538823287331,1.42771309550336,0.583172486219188,1.0,1.0
55618.0,-7.4279242314783,2.94820920837905,-8.67855038407896,5.18530347959595,-4.76108997261691,-0.95709501604379,-7.77337978477431,0.717309273781191,-3.68235923846278,-8.40315026242229,5.70520550718269,-8.6407464115182,-1.60292501896209,-9.46613912320431,0.137324186945341,-7.30324272860725,-12.4480392359586,-4.33283424125087,2.35202964025176,-0.123085015912889,-0.299847070706951,0.610478813685703,0.789022761446755,-0.564511939509452,0.201195825477742,-0.111225430586455,1.14459850910478,0.102279545438297,130.44,1.0
81439.0,-0.496197753130779,1.03156993969824,1.764077146008,0.0415016694212163,-0.122563172090094,-0.72103251936369,0.668804919077307,0.0188726508224978,-0.485423710796065,-0.368350537450801,0.353207925150679,0.382317715068521,0.241313968106991,0.138341198945019,1.02569095443417,-0.263988300274359,0.0601223306974361,-1.01384633951602,-0.547920576895586,0.073009133677205,-0.160461517879365,-0.355873908085836,0.0743072644275359,0.595797637936308,-0.326189821672011,0.0667647334209635,0.283888231203624,0.123811830894509,4.95,0.0
44393.0,-4.61746102917986,3.66339525318756,-5.29744641020372,3.88095965427288,-3.26355091342907,-0.918546733700683,-5.7152620778107,0.831039550183167,-2.45703377841015,-5.72681709632961,3.52572598717089,-6.48911156043177,-1.01279063167124,-7.05231095228929,0.78444540329242,-6.77397674966222,-8.58807007314333,-4.51089174541971,1.14787783834912,-0.34645583270524,2.69817489528664,-0.0270808907137453,0.366775230313112,-0.123011441662663,-0.300456526768528,-0.239996239629945,-0.183463054061235,-0.0733597031884566,1.0,1.0
33226.0,-0.336979837132497,0.835487087836432,1.59002947090559,-0.248900439066142,0.206176104469288,-0.382578528216252,0.720236735951998,-0.0592466827536706,-0.331100683266777,0.101081645783893,0.924159550580522,-0.0984336616643818,-1.03787125209258,0.312413922345028,0.312942580003645,0.454465596155919,-0.808333424614584,0.346083388686187,0.437944824060752,0.121105457923221,-0.262121436559752,-0.599234048842507,-0.106005304706506,-0.0433970777299482,-0.242050517272619,0.0490857875490146,0.0914873415400357,-0.117836756727978,1.29,0.0
119141.0,1.79332075728008,0.289019053196192,-0.966490997500196,3.42371576279614,1.20968709843158,1.83388501436516,-0.183051496057354,0.453627266702376,-1.03923394854501,1.51568474583065,0.412334203336826,0.349258002506413,-0.214049629342161,0.44882078182794,-0.717441082236022,0.224731744782994,-0.392970140139957,-0.822011463684468,-2.18156982001569,-0.362009962912968,0.378189061130004,1.26076826555313,-0.0132030753782236,-1.62256767409815,0.0486939958095269,0.356196096026929,0.009585733750923,-0.0791705571915497,10.62,0.0
21662.0,-18.0185611876771,10.5586001882538,-24.6677412485732,11.7861803616399,-10.564656569212,-2.64568119936245,-18.02346767268,2.69365540308048,-6.21946362785238,-12.7447607871859,9.31813768535999,-13.3778574339457,1.02192386777466,-12.7843458873548,-0.451145843251939,-7.55136493140559,-11.3259968724596,-4.70125277749548,0.516317073274611,1.00770320533757,-2.31947946208034,0.908838783150801,1.35290370698024,-1.05922233762791,0.185750941504222,0.687037383632165,2.07808058379956,-1.42951702264525,1.0,1.0
36679.0,1.02579204902566,-0.956852863286645,0.493104449233203,0.647739787180598,-0.65452480751279,1.19886265215309,-0.7536098929725,0.319448666987993,-0.424254885564951,0.664565940115349,-0.12376484041784,0.878500038455543,0.355505286394916,-0.412156767602567,-1.499438840567,-1.86913578117996,0.122287164102742,1.23305507479326,-0.438774608484725,-0.319949800504458,-0.380613131691844,-0.537548809132935,-0.211662189478865,-0.843166313754435,0.553348651158134,-0.233168757186194,0.0736407419101113,0.0289230377455735,123.59,0.0
76575.0,-5.62246941906299,3.48062317879011,-6.20067659397487,4.31123366835313,-5.22628632428769,-1.34176357284987,-5.22094094197327,2.68284353707778,-2.92148438224053,-6.56125741097377,3.21126387844398,-6.86166051434144,0.326461834627394,-7.7552536640417,0.50465219263742,-6.27661678567251,-10.6117146970978,-4.14677374512684,2.19728771323892,-0.156288522686099,0.949568986169808,-0.428985749759671,-0.35067550041691,0.197549503550848,0.15923422951036,-0.377790861014248,-0.213561786254573,0.459528918054306,219.8,1.0
7551.0,0.316459000444982,3.80907594667829,-5.61515901119457,6.04744510216478,1.55402595692572,-2.6513531120137,-0.746579273100222,0.0555863112529252,-2.6786785422399,-4.95949291161496,6.43905335158373,-7.52011739288703,0.38635166741077,-9.25230724747513,-1.36518841502051,-0.502362190618164,0.784426598154274,1.49430460743838,-1.80801215867357,0.388307428238927,0.208828369001674,-0.511746619200722,-0.583813220813723,-0.219845029091423,1.47475258440688,0.491191925656006,0.518868284577287,0.40252806767232,1.0,1.0
56551.0,1.31135208605342,0.0180190019578503,-0.372809006272245,0.148109741197477,-0.046934738549157,-0.804849624156401,0.20806066767966,-0.191902093971225,0.276749010029578,-0.0733949194471818,-1.27700417605025,-0.855015380833787,-1.30440875570528,0.655420979900786,1.07943652335643,0.290650516534828,-0.460218989904323,-0.0753216086005512,0.339431252686472,-0.118116985937753,-0.124793861812282,-0.443703742293272,-0.157383019017346,-0.443764552594842,0.574823864812013,0.655256633139503,-0.0846257566249849,-0.00570146207983382,27.83,0.0
30004.0,0.962456820593208,-0.362197912064869,0.230026982765644,0.454399625553916,0.39380284005976,1.69222312491813,-0.351824278788183,0.494509820718459,0.502772291634781,-0.446986409306148,-0.116754847832798,0.829603028156706,0.274878478062635,-0.0650349515833031,0.961775433426178,-1.31416624522229,1.01287504012487,-2.53692821083827,-1.11586656419248,-0.0901204730327202,-0.164244983672557,-0.275178009531452,0.072414429907789,-1.45176635261178,0.0828077328529812,0.459283133205968,0.0360361792477166,0.0056937508181097,67.95,0.0
76826.0,-6.61629292560656,3.56342789803106,-7.05890129814843,4.28434595524384,-5.09629887292392,-1.76861780360559,-4.93755412732933,2.74845954534783,-3.79675959454545,-6.8254901042394,3.25959475409854,-6.94389061823948,0.43597516308899,-6.94701030902337,1.01100406527995,-6.16683742461485,-10.564346602529,-4.01018815310236,2.14350179519978,-0.54163415582255,1.21597610572025,0.0411777442210425,-1.05909770217904,0.275662062254882,0.057424927985318,-0.265838484019501,-0.514636936427821,0.388590269335523,254.76,1.0
22674.0,-1.24615067284373,0.960559568141941,1.19151129390891,0.650315109390375,0.205787526845822,-0.297864210655589,0.859893186990205,-0.429544889706998,0.774476097019739,-0.127695627123577,1.08254858500431,-2.17093859696225,2.35563490475227,1.513493035246,0.782675944043627,-0.612945806658681,0.946835056759188,-0.895440290183034,0.720329231627129,-0.32839562856318,-0.53445143261788,-1.15879921424626,0.383911465703355,0.0209740646256511,-0.811855003464135,-0.0104726449297386,-0.515543100169067,0.24115331852601,68.9,0.0
68207.0,-13.1926709562391,12.785970638298,-9.90665002092758,3.32033688288942,-4.80117593230105,5.76005855618556,-18.7508891580107,-37.3534426378925,-0.391539743919107,-5.05250236713858,4.40680552357904,-4.61075647740608,-1.90948796970811,-9.07271093398351,-0.226074450896345,-6.21155748212485,-6.24814535335983,-3.14924669470095,0.0515761185277783,-3.49304991519446,27.2028391573154,-8.88701714094871,5.30360690376998,-0.639434802306313,0.263203123457008,-0.108876929971315,1.26956635541013,0.939407362758877,1.0,1.0
2921.0,1.31884349394088,-0.00338183635212751,-0.0177771213344538,-0.870712646126867,-0.531473205444,-1.48184965241856,0.183232680113928,-0.341696286985496,1.02847672141557,-0.92523955889471,-0.135462662548375,0.656887701346527,0.0952592422923919,0.424702260146553,1.55752895588457,-0.662561456170475,-0.185105644414003,-0.0357654093912416,0.529816288997368,-0.119993402641091,0.0430744673172511,0.278662780716102,-0.143492972982308,0.410659162522803,0.805823921356265,-0.601340124024479,0.0406033688402348,0.0179454157941268,1.0,0.0
4023.0,-0.661589139342268,0.60526597184837,2.16381312611716,0.447595042081949,-0.365014847545057,-0.331684415628025,0.0919392289401524,0.0675585857846056,1.66854754208111,-0.834257976730539,-0.0591268128163607,-2.61809278549293,1.22181337168071,1.06911441277579,-0.855179354547372,-0.162861456484401,0.653983763489784,0.333651391133406,-0.115461230996289,0.115554782982928,-0.0113464585908585,0.434570335857599,-0.1318254526916,0.385749855903966,-0.1347005245483,0.41694524579614,0.321971628112751,0.1928463666824,29.99,0.0
63227.0,-0.651545744731946,0.67167724051471,0.973891871205196,0.781430687359615,1.15340724267417,1.48017029718388,0.732014849765664,0.0224643355873509,-0.255630627633052,0.259005489350787,-0.426133623538749,-0.108574994002585,-0.430439657315916,-0.0528967746728335,-0.193329014533273,-0.571178577018185,-0.322298898627405,0.39472724091955,1.75236956805058,-0.00107338962834808,-0.131828086632877,-0.0248091697984527,-0.533647406309664,-1.68402740983778,0.25136215314153,-0.15015631374608,-0.233881194886695,-0.150449681899024,57.96,0.0
71518.0,1.12784176839529,0.0255630070957293,0.458585691388867,0.417235250439664,-0.143282103240633,0.249161793309433,-0.26642968750326,0.27829465762743,-0.0667568792617658,0.0442808886441182,1.75977982782122,0.68411016442795,-0.841267169901683,0.698653482330888,0.950947654664555,-0.0433568978768343,-0.0515943339589054,-0.826589770789741,-0.547047288270354,-0.210968738006684,-0.16102276393519,-0.484955885989094,0.196222895796895,-0.320361471157241,0.00454453228209973,0.139769289058308,-0.00655888444336704,-3.1683232604632E-5,2.49,0.0
65358.0,1.1939160689293,-0.571085006532232,0.742522413618004,-0.0145876823031251,-0.624560898094263,0.832161659907577,-0.833350424512102,0.272896998506182,1.16942539891152,-0.371671945168217,-0.245676823310174,1.37594135044076,0.870456831276252,-0.819319364809584,-1.55090356200859,0.125852995600752,-0.397245548944671,0.272377065433488,1.22602219788409,0.062908129152134,-0.0495024276847497,0.207265101065706,-0.265271877292053,-0.67929377017329,0.511811527633814,1.24660443744052,-0.0286711040907993,-0.00611200759772271,31.91,1.0
112204.0,1.33597197444538,-2.16485405376795,-3.08664465418923,-0.609917452129111,-0.32886436647579,-1.3215329922421,0.910273739673127,-0.572480203713208,-1.05342813082305,0.943675377674524,0.372360274481461,-1.11396761531098,-2.0144669899185,1.11794474647682,-0.943921666601957,0.500099685299034,0.31541882124615,-0.828153182947274,1.01674578348071,0.809676895799401,0.780524342827808,1.11066210845751,-0.685988254592566,-0.260834415740732,0.532538758830161,0.255148946296122,-0.204263886184251,-0.0259527316534155,498.0,0.0
68357.0,1.23260446981971,-0.548931183157109,1.08787266901823,0.894081819978967,-1.43305489904701,-0.356797142170886,-0.717492197160233,0.00316653108995309,-0.100396732730679,0.54318725600578,-1.03941706835478,0.285261608751792,-0.206006567752438,-0.498521775750102,-1.06410845071827,-2.1560365431533,0.564761098405632,0.837856659648528,-0.728989760343786,-0.576274061414969,-0.448670516618872,-0.517567967949267,0.0128333352729761,0.699216728009832,0.527257980520248,-0.322606503047991,0.080805437438631,0.0354271820131481,19.59,1.0
120203.0,2.01972007509654,-1.36561389737461,-0.537747120270594,-0.94096540529803,-1.31091102742402,-0.286466501093984,-1.26544678008971,0.149703035789354,0.178782214912492,0.962367993039267,0.384413756243482,-0.964131650006051,-1.6537335733027,0.105295357234588,0.164443617513628,1.70776789884367,-0.222068537454089,-0.194270513612984,0.612953389104674,-0.0149046003888472,0.446179871440171,1.09017198990329,0.0619940604072713,-0.407358254422315,-0.290254056618606,-0.0597250263408268,-0.00828352930241619,-0.0527315273895387,69.0,0.0
39081.0,1.21720399072096,-0.096863405155051,0.674296234224139,0.465005843868607,-0.69986370350449,-0.476295469306037,-0.37180815562122,-0.00768010258909142,0.526392328607008,-0.0887812723406763,-0.862395598522387,-0.292123945376446,-0.388345459651492,0.155646983680584,1.43100051242649,0.759849781870138,-0.672293995536391,0.0921954675155966,-0.106584334359748,-0.0590628009100722,-0.116360784748998,-0.415394228278522,0.0222403199008135,-0.118848450533625,0.172804710010629,0.350054511565873,-0.0239032980555726,0.0225245066399262,30.02,0.0
41227.0,-9.00135134450649,6.61328394324752,-12.4236347238918,7.51992923163014,-10.2662546389665,-2.11320754204122,-9.98428744767688,5.54194143253089,-7.38370453522347,-13.2151722995049,6.89518136811315,-13.2796997105282,0.755263578785977,-13.4170122721265,-0.210774362111057,-10.9226551270595,-21.90649321637,-8.82981976595275,1.85246698871594,-0.645393857931055,1.7758908996538,-1.22475761150578,0.0825935414630254,0.452088727391883,0.463827332847796,-0.296928065001458,0.526505578079938,-0.450890488772313,459.07,1.0
32342.0,-6.0988968570311,-0.725314995684497,-0.409644876972309,2.0281184218454,2.13380607768661,0.987745901932467,-0.541682924184678,-7.34034133268891,0.537241480475816,1.12161290361973,-1.44306680836167,-0.315524693154711,0.618161193120868,-2.14132402118603,-0.385822583135863,1.77148917868942,-0.32755997486093,0.179208638489488,-0.483090375434465,-5.23957155688263,4.36108127244556,-2.25607318834997,2.45332757150009,-1.0930783867164,0.868028626232591,-0.0432674642687988,1.55177099398591,-1.16960550280061,144.27,0.0
76826.0,-6.61629292560656,3.56342789803106,-7.05890129814843,4.28434595524384,-5.09629887292392,-1.76861780360559,-4.93755412732933,2.74845954534783,-3.79675959454545,-6.8254901042394,3.25959475409854,-6.94389061823948,0.43597516308899,-6.94701030902337,1.01100406527995,-6.16683742461485,-10.564346602529,-4.01018815310236,2.14350179519978,-0.54163415582255,1.21597610572025,0.0411777442210425,-1.05909770217904,0.275662062254882,0.057424927985318,-0.265838484019501,-0.514636936427821,0.388590269335523,254.76,1.0
27252.0,-25.9424344479142,14.6019980426299,-27.3686502881266,6.37839460769688,-19.1040334039646,-4.68480620428185,-18.2613929340355,17.0525663121462,-3.74260500983864,-8.233721369876,4.6648362538527,-6.52566786025865,0.92375858946558,-6.32597461208273,-0.0702237027595964,-5.83836021908828,-12.0616957125199,-4.77334851403019,0.852969608454831,1.66730429040185,1.78431598423494,-1.91775921336107,-1.23578743924962,0.161104731783341,1.82037804128869,-0.2193590586868,1.38878576213598,0.406809649908512,99.99,1.0
113824.0,1.86230256914092,-0.393318477420726,-0.599152501556312,1.21096597242107,-0.284624308024761,-0.021395319790374,-0.412103760252559,-0.0053056068089523,0.964992212905187,0.187286642868274,-1.57658626170798,-0.0393321069618385,0.150103821321698,5.82242564234042E-4,0.899817486956891,0.637542575423223,-1.00097283032842,0.531956668783563,-0.570142025824706,-0.0909289887503391,0.223347005933477,0.643078011314749,-0.0120808171430539,-0.790142282605406,-0.0329907020742447,-0.518788219566409,0.0447260955841718,-0.0255746981084657,79.0,0.0
79396.0,1.21406839212623,0.445220413030056,0.641885315144857,1.17784184784575,-0.423398011611833,-1.05686100636215,0.202637077840983,-0.283058013120675,-0.163763269655788,-0.0408433298342765,0.147608293987913,1.02189698068455,1.28211354401215,0.0916426848450403,0.854049710952254,0.016524287341939,-0.430639975416236,-0.433657388330615,-0.504195181017974,-0.0707590072527324,-0.018508146030509,0.0403945740995159,0.00641177879847204,0.728383155282374,0.542814309766271,-0.462817207500331,0.0317478209777134,0.0313654258342842,2.49,0.0
34634.0,0.333499490680108,1.69987344643198,-2.59656116696059,3.64394526899047,-0.585067615145778,-0.65465853161144,-2.27578851019488,0.675228968561644,-2.04241592376479,-2.83487115980611,2.80200512615164,-4.39273243849001,-1.36967144973756,-5.32728665168661,0.16315896154,-1.35938947657172,-5.09518287931609,-0.338012656200231,-0.124137989024621,0.32934171405761,0.469211944535006,-0.144362651206432,-0.317980934036568,-0.769644309522666,0.807854587509663,0.228164299217237,0.551001873896763,0.305473419992231,18.96,1.0
55311.0,-6.15960693036327,1.46871292315117,-6.85088814665684,5.17470627250374,-2.98670392387712,-1.795054145699,-6.54507152628193,2.62123613805269,-3.60587012643541,-8.12216107491307,6.02903256317613,-9.22585530778592,-1.54675863096913,-10.3093341893072,0.308062393533042,-7.78732622111619,-12.8221770045808,-4.36767713342358,2.64398422133793,-0.289829585956863,1.06131418230601,0.125737468595024,0.589592331660844,-0.568730604518481,0.582824720935876,-0.0425826450995479,0.951130233081124,0.158996023697089,0.83,1.0
40852.0,-0.931735329708843,1.03986624465826,1.15497494820471,0.259898656958466,-0.320447729000247,-0.504297758573892,0.291482595993905,0.522944113001696,-0.187096215648221,-0.679007832535189,-0.608373684390709,0.126535968090393,-0.835742459136252,0.371324106216557,-0.266471963940271,-0.761083080816748,0.689218121508782,-0.950419118505553,-0.117849828945114,-0.0906699145598233,-0.00589123756638218,0.111050759200911,-0.0370716303087548,0.422455681476951,-0.160743786321025,0.322382422333263,0.219041998541434,0.113577189274058,11.99,0.0
85303.0,-0.304109624792886,0.521546365720072,0.937694207189412,0.645373956228676,1.31460971555399,1.30612962063306,0.668888046417139,0.132499615398151,-0.29135493414028,0.00512316159834311,-0.521480432927391,-0.101699762809771,-0.537531601090066,0.0351306444517851,-0.445032594121825,-0.453352310750727,-0.430145099721326,0.403412944081265,1.39886564640865,0.137135611199779,-0.083828029382619,0.0390090926716581,-0.348798780957721,-1.71731236433066,0.0473283447583201,-0.226881673563109,-0.00703396984037634,-0.107109998885702,30.0,0.0
75508.0,-0.808879454707621,1.51038678079036,1.10673162707178,-0.0490942129365363,0.0451647736067518,-1.02186861223186,0.719482085486409,-0.0966055784194585,-0.135504369365084,0.0859644652583354,-0.0243267158280355,0.382731381863146,0.946165582114791,-0.734504733188822,0.83442989961411,0.300980655329898,-0.056021781899091,-0.273527825127962,-0.155500149176176,0.417814080845511,-0.315821177147475,-0.666192672188519,-0.00408511118338803,0.349538723179629,-0.0295682888206064,0.0784607850626506,0.461469753214353,0.22851393264307,0.99,0.0
93834.0,-3.7656801220835,5.8907352377921,-10.2022676310229,10.2590359766218,-5.61144841660942,-3.23537557925717,-10.6326834778618,3.27271632618119,-5.26890524285018,-11.1821254546586,8.87947566765026,-18.4311310279993,-0.232822027713119,-15.0216572999306,0.141186252914787,-12.1863624982841,-20.1655673800665,-7.05165135326307,2.50082720798487,1.19413732146866,2.24560593428534,0.546320674537693,0.381853427747185,0.382024544024505,-0.82103649456311,0.394355120127285,1.4129609931535,0.782407053763083,0.01,1.0
14073.0,-4.15301449873357,8.20479650456012,-15.0317142097481,10.330099825448,-3.99442609736294,-3.25001318447365,-10.4156978119079,4.62080391044331,-5.71124797098224,-11.7971810675777,11.2779207278067,-16.7283393320915,0.2413676825577,-17.7216383537133,-0.387299923381284,-10.3220166783853,-13.9590853730538,-5.03071003831832,1.19726633504633,1.41262488019492,1.97698839609887,0.25651048717528,0.485908106513804,-1.19882131436036,-0.526567394687845,0.634873502483478,1.62720907623952,0.723235068518316,1.0,1.0
36723.0,1.05949800050172,0.188373520546214,0.340405023156008,1.23448297500531,-0.0865569275142192,-0.347470947864774,0.23917538985353,-0.158112903050352,-0.237965219868279,-0.0515825390795883,0.0429309072362913,1.00354303791141,1.43659712833152,0.0919984723547211,1.04350091468413,-0.199764064364359,-0.272645740460098,-0.676790346700001,-0.864594750523831,0.0562707425982491,0.155541946584358,0.446152709601595,-0.156648007396084,0.132502027739674,0.623378829715072,-0.263365570225131,0.0309412837121586,0.0336572813569791,72.8,0.0
53451.0,0.385108461103674,1.2176203228402,-1.95387216540948,2.08707599095328,-1.14422540643716,-0.57688799482478,-2.58286504391682,0.643229999334504,-1.19123269237613,-3.09509360697848,2.82114488798301,-3.1005456578695,0.146199374342408,-4.51012391529804,0.574490022660784,-2.12346278453199,-6.05331938825344,-0.70637615273475,0.572791028207014,0.380545212283106,0.594623132460925,0.372143665842342,-0.310455791389476,-0.624065148802846,0.840216130296559,-0.159451766672991,0.599482364663208,0.288915549852885,8.0,1.0
66385.0,0.763360926655027,-0.485218265958483,1.3138995846258,2.80724002245559,-0.639699672110267,1.65301223751332,-0.815588652291722,0.681745859711104,0.400474552255318,0.454791502016533,0.545099431695479,0.416793230354704,-1.69555163703936,-0.152496778873998,-1.50661533171295,-0.281568910652469,0.403860169431306,-0.518631091638044,-1.02742443458582,-0.10550509723264,0.180379700126646,0.58798500831417,-0.163239409220016,-0.278093314133276,0.348164703486594,0.248209990855999,0.0472606807775322,0.0264245051699845,113.11,0.0
112947.0,0.124385324662557,1.00622215335994,-0.425705933632092,-0.551389043890778,0.953684651252414,-0.730676692285345,0.977192989273313,-0.0868744583171893,-0.0553885801881346,-0.848355328801907,-0.662442231757384,-0.0856364600213813,0.0549754868692479,-1.0215803052927,-0.193710567956249,0.28164215196235,0.407547547606967,-0.296996525274583,-0.289766360328262,0.031458051666258,-0.333367437737357,-0.814523188501541,0.112759818139422,0.50000048536343,-0.427297148472589,0.119054276539299,0.223465391884183,0.0841643542754591,8.9,0.0
59467.0,1.32079177738517,-1.02735454635878,0.103950327321892,-2.21990277094337,-1.13824256568625,-0.698116449859284,-0.603939359230486,-0.241349119485189,0.315631360140576,-0.308820014256781,-0.906914126655231,0.62851403665635,1.71823357221664,-0.279646149086884,1.75669199204135,-1.5555532303165,-0.384174862234535,1.67463689345079,0.0569804752540388,-0.214221492203544,-0.24875171293523,-0.225943740927048,-0.189098772011036,-0.40520191640805,0.491436070392385,0.0973328485385938,0.0391712841438448,0.03268933839744,84.5,0.0
94364.0,-15.1920640113629,10.4325276778611,-19.6295152518171,8.04607504591293,-12.8381666152727,-1.87585874614533,-21.3597382791388,-3.71784952676935,-5.96978174909567,-17.1415136412892,5.90239975502551,-13.5801472568557,-0.45140689941267,-8.33476258691073,-2.02514468652193,-10.1963336944105,-17.2709851692259,-7.07909577930568,1.51769533116994,1.65747618417276,-3.47409650326971,1.76544551266317,1.70125678162665,0.381586805077026,-1.41341748729956,-1.0230778939005,-2.63476129227348,-0.463930546269812,1.0,1.0
85181.0,-3.00345942213401,2.09615030972986,-0.487030347865578,3.06945315960973,-1.77432868427117,0.251804209642436,-4.32877649482139,-2.42547814428288,-0.985222033510513,-3.99521073403213,1.8806015528528,-2.32517912777326,0.636458662971611,-5.41749934539643,-0.262909464785021,-3.81808566437699,-3.70070702592749,-1.99141207812339,0.779950535234061,0.692537380835205,0.163966694003732,1.24564832133152,-0.269241340185825,0.537102119409512,-0.220756683145222,-0.0595547732936557,0.460709677482052,-0.0335506071081744,2.0,1.0
46149.0,-1.34650881762975,2.13243062687771,-1.85435531823997,2.11699770636107,-1.07037837875552,-1.09267135682306,-2.23098606430574,1.03642490791919,-1.89551573571367,-3.36401057980002,2.88704787664695,-3.78445965821089,-1.28890425847532,-3.98562600822203,0.531838297985603,-2.60370264991872,-5.15759639749234,-0.696010004579956,1.28596139472532,0.221918669151309,0.609508181503446,0.202874284952422,-0.0607913872259794,-0.186733353366053,-0.0174012274970924,-0.283751034119116,0.395451049081013,0.233138575967241,1.0,1.0
34498.0,1.28403362481448,1.35884390682617,-1.7746503735562,1.52087754836009,1.16521919156372,-1.5236594445717,0.830707476943438,-0.409467114114678,-0.558226957534277,-1.57765966085886,0.539663717526283,-0.133856137242539,0.910464111773298,-3.59974622426856,1.00186454422589,1.13581675870335,2.47136816298376,1.3777155041191,-0.656409632235095,0.0406557031724641,-0.232313693980882,-0.51812905021077,-0.28135480614593,-0.413294301563216,0.956717738551434,-0.26649466906373,0.0456463648657384,0.0939291759959368,0.74,0.0
51455.0,1.23088854886744,-0.0956825823088239,0.432166658451451,0.746928679819871,-0.53359566956003,-0.395673806341139,-0.19355613525868,0.00434377580749844,0.760182661369562,-0.176365615801744,-1.31590402282982,-0.361202426176387,-1.23516868215762,0.115251914688725,0.0411529971188667,0.0214040166799958,-0.108531900001432,-0.40122824831198,0.412944774188726,-0.158328417008781,-0.338229098935545,-0.896764929717023,0.0189403110098551,-0.132918178415859,0.354501050186216,0.214780650664205,-0.02688196770939,0.0115449683019019,19.99,0.0
57007.0,-1.27124419171437,2.46267526851135,-2.85139500331783,2.3244800653478,-1.37224488981369,-0.948195686538643,-3.06523436172054,1.16692694787211,-2.26877058844813,-4.88114292689057,2.25514748870463,-4.68638689759229,0.652374668512965,-6.17428834800643,0.594379608016446,-4.84969238709652,-6.53652073527011,-3.11909388163881,1.71549441975915,0.560478075726644,0.652941051330455,0.0819309763507574,-0.221347831198339,-0.523582159233306,0.224228161862968,0.756334522703558,0.632800477330469,0.250187092757197,0.01,1.0
71196.0,-0.65122260417053,0.743536307455181,1.46993167084001,0.142006677445251,0.461233039241485,0.10890420301718,0.824148558514652,0.211899358586713,-0.416214209688112,-0.647492632420853,0.80984001744934,0.749171860823627,-0.714330937012624,0.19725774005382,-1.52915063514775,-0.301745721220022,-0.288559392808979,-0.34557490870744,-0.778250326992237,-0.204703965316927,0.0734262207832094,0.278292284076986,-0.135104015055127,-0.00116469883313892,-0.0382152926517907,-0.558919431638833,0.129975333518502,0.126944544824696,28.8,0.0
96949.0,0.342095464938217,1.07182040112091,-0.776085780354789,-0.813051636348144,1.42825765000798,-1.17732540721512,1.52158499374603,-0.564137374553913,0.704786026164959,-1.03494418441403,0.143275366996241,-2.21244496771727,2.30719961665857,1.93265626616438,-0.846850149184724,-0.609228563187206,0.243635138276157,-0.17729080934791,-0.274866674721909,-0.167711603491994,0.0607711811165366,0.498107064826823,-0.269458600952288,0.674501112710185,0.259079498347752,0.0968459218231245,-0.0716166671361846,-0.0253136479211437,5.94,0.0
5581.0,1.1642068325231,-0.851953107122227,0.616513063877233,-0.297988274323485,-1.08134537933865,-0.1021729165891,-0.828929055319816,0.0887742313700738,0.775879969409981,0.255920366781644,2.20980816915422,-2.76807534856368,0.10459867168874,1.50830303555418,-1.52223958212788,0.468937776202894,1.59856863298146,-1.32397848038227,0.578715547129812,0.0204793786036958,-0.0548621749279421,-0.0453341506932689,-0.0210185956675758,0.16652805344127,0.330512944497252,-0.286031678887362,-0.0222432379043802,0.00407935727006361,77.69,0.0
93824.0,-3.63280894927825,5.43726336227612,-9.13652148062595,10.3072263079132,-5.42183029451154,-2.86481514933136,-10.6340876212042,3.01812657999175,-4.89164032107494,-11.2350479111446,8.78878366710272,-18.5536970096458,-0.339533407676443,-15.6231873302985,-0.188978574214972,-12.4279613630565,-20.1590474539227,-6.88889109280947,2.58609321670737,1.35406479520345,2.30988016889674,0.978660126299279,-0.0961301444473713,0.432376722544823,-0.435627929953396,0.65089278643537,1.69360750804844,0.857685371687245,8.54,1.0
18399.0,-14.4744374924863,6.50318451651946,-17.7126323688621,11.2703523334822,-4.15014206409808,-3.3720982088695,-16.5358068114174,-1.4439469925952,-6.81527289964437,-13.6705451263516,10.5452629545898,-15.0226996343749,0.171633085144947,-15.0663743633461,-0.259575939555838,-8.6687392723375,-12.8041408991277,-5.11662049533788,0.579200358016368,1.10124987016838,-2.47596222945688,0.342390706034285,-3.56450803816097,-0.81814019000188,0.153407682695978,0.755079460824454,2.70656616161759,-0.992916047059418,1.0,1.0
33042.0,0.991921742575696,-0.129123444376094,0.19305191156401,1.26730944719553,-0.037732204539463,0.35310317589639,0.0397402991303171,0.152107600604212,0.0966226175183083,0.0179264453897243,0.810696101300287,0.929677891831471,-0.489071238071076,0.329202593923685,-0.722595749705537,-0.4043002793891,-0.0845217098561831,-0.317120307298664,0.0226910659240594,-0.0295173264326167,-0.02774599760245,-0.0744227569240784,-0.180591742082924,-0.292817941207274,0.63623629088009,-0.31718081196702,0.0184270657703414,0.015565023293508,87.5,0.0
44393.0,-4.61746102917986,3.66339525318756,-5.29744641020372,3.88095965427288,-3.26355091342907,-0.918546733700683,-5.7152620778107,0.831039550183167,-2.45703377841015,-5.72681709632961,3.52572598717089,-6.48911156043177,-1.01279063167124,-7.05231095228929,0.78444540329242,-6.77397674966222,-8.58807007314333,-4.51089174541971,1.14787783834912,-0.34645583270524,2.69817489528664,-0.0270808907137453,0.366775230313112,-0.123011441662663,-0.300456526768528,-0.239996239629945,-0.183463054061235,-0.0733597031884566,1.0,1.0
79352.0,0.993169952549893,-1.10469868599865,-0.148179761631617,-0.340736830679207,-0.917928496986615,-0.527908311902929,-0.0572034348283308,-0.198773489489919,-0.80338367220732,0.494414549705775,-0.539149267279661,-0.0162460548520872,0.0237810818136043,0.119682606709578,0.248127601069963,-2.05802040114399,0.60632307298291,0.202353318277484,-0.881716158669476,-0.15192117656424,-0.30750733870646,-0.684678701311688,-0.141894390951011,0.139639101702879,0.285916419360902,1.10129994104716,-0.0893670735743022,0.0276299366460046,198.0,0.0
62467.0,-5.34466537543542,-0.285760408166142,-3.83561578178611,5.33704802681048,-7.60990870021268,3.8746680317393,1.28962992438915,0.201741916806601,-3.00353243733788,-3.9905513318108,4.98601380361468,-6.11638322304304,0.0423244061770454,-6.04339314434942,1.82140103177852,-4.7454624675489,-10.0756455907271,-3.6045960155148,1.43529381015392,-1.56216235780532,0.276010822180054,1.34204455689584,-1.01657869464831,-0.0713612973880671,-0.335869334726878,0.441044176004645,1.52061262049821,-1.11593680318009,1402.16,1.0
68207.0,-13.1926709562391,12.785970638298,-9.90665002092758,3.32033688288942,-4.80117593230105,5.76005855618556,-18.7508891580107,-37.3534426378925,-0.391539743919107,-5.05250236713858,4.40680552357904,-4.61075647740608,-1.90948796970811,-9.07271093398351,-0.226074450896345,-6.21155748212485,-6.24814535335983,-3.14924669470095,0.0515761185277783,-3.49304991519446,27.2028391573154,-8.88701714094871,5.30360690376998,-0.639434802306313,0.263203123457008,-0.108876929971315,1.26956635541013,0.939407362758877,1.0,1.0
91554.0,-5.10025566317088,3.63344238024837,-3.84391862443125,0.183208447320966,-1.18399737637674,1.6021393332506,-3.00595315203476,-8.64503780175356,1.28545810732477,-3.71748137540216,3.71921153916465,-5.03402974701745,0.918999158233287,-4.22036591807154,-1.05049995739584,-1.69104526842648,-2.37242320724166,0.450098503348706,0.407805060819919,-2.80630192287329,8.28043932580154,-2.79714954096118,1.09070659271567,-0.159259597476933,0.532156369375709,-0.497125808167425,0.943621624807946,0.553580691756943,261.22,1.0
93888.0,-10.0406314557065,6.1391827154247,-12.9729718943545,7.74055544506762,-8.68470452840193,-3.83742916671056,-11.9077019040753,5.83327300056002,-5.73105424359056,-12.4389449056023,6.98988561330738,-16.218610393127,0.25330336584704,-8.72864506518152,-0.147529091109699,-14.1298545174931,-20.6850275533272,-8.48444905730181,4.85125513655685,-0.0822752254211996,2.82343143164188,1.15300501339169,-0.567342849673059,0.843011621641402,0.549937644887907,0.113891875585392,-0.30737499959267,0.0616306406149363,1.0,1.0
93856.0,-6.75050851563533,5.36741605145469,-10.0546349530569,9.06447791765316,-7.96811808353808,-2.26379841398236,-10.317566180676,4.23766573099145,-5.32410880613734,-11.0923923688428,7.15408284221914,-17.1504052507291,-0.0953992277686904,-11.0301103643432,-1.95905455483077,-12.4485623424367,-22.6679054064789,-9.26460873295655,1.9823563171714,-0.0812198922441237,1.90903201764938,-0.34873973066671,0.425000563135111,0.674908669807175,-0.784208393488163,-0.247422102935353,1.1595813739152,0.197817874685768,209.65,1.0
8090.0,-1.78322883722709,3.40279371307631,-3.82274226552205,2.62536815276644,-1.97641541136284,-2.73168901231308,-3.43055914949085,1.41320351399318,-0.776941494554916,-6.19988176274188,4.36671348631445,-8.24326243368313,0.345761165232579,-6.59055029705192,0.265576095932165,-3.02845238846152,-4.21448627485607,-1.21360784773725,-0.265421595374812,0.364089115014408,0.454031931736316,-0.577525824201459,0.0459665375362652,0.461700017592254,0.044146161217817,0.305704433918549,0.530980986346765,0.243745598122111,1.0,1.0
70685.0,1.46976510774228,-1.33666771860452,0.362956182874172,-1.65795465425684,-1.35784349634144,0.229301329280525,-1.44126270195195,0.12436126533029,-1.62492876859477,1.59409765171918,0.00582842414039495,-0.920947585886165,0.124665384284132,-0.2965607462434,0.279440539355693,0.426105641289577,-0.26772481749398,1.34099159766412,0.248721260871593,-0.241581000709853,-0.0164654244113159,0.253181836700573,-0.210392435153844,-0.850434969274441,0.463947778165132,0.00672609429986859,0.0404857179174255,0.00982652933081189,45.0,0.0
25254.0,-17.2751911945397,10.8196653713117,-20.3638859739149,6.04661174671427,-13.4650333517322,-4.16664724489873,-14.4094479851747,11.5807967244857,-4.07385571204177,-9.15336803834587,6.21088301172371,-8.77857203246194,-0.0613674966661798,-9.57466229922106,0.0492885399107771,-7.41848727872681,-14.1027718764864,-5.01642333521081,1.39031436050276,1.54497046707519,1.7298040916597,-1.20809608165502,-0.726839224163999,0.112539673508366,1.11919347248491,-0.233188990129274,1.68406299250578,0.503739738280361,99.99,1.0
74957.0,-0.884674497898862,0.789084626436832,-0.262495654398498,-2.41114994936615,1.99108959237001,3.15190782934355,-0.294951212046338,1.3781490325851,-0.31494428611696,-0.896024067812155,-0.411580338658915,-0.0755839822331671,-0.0172633603058276,0.411195788998647,0.659231682872683,1.05050231742419,-1.00488654914145,0.140705372409854,-0.319085984896969,0.0500721154131907,-0.0926331138258517,-0.505286654423322,-0.0452534605815959,1.03519097719954,-0.15885033066026,0.736593517939037,0.133867356236892,0.105948253890034,7.68,0.0
71462.0,-0.873178679613235,2.01102960981016,1.27851806363816,2.61430850232684,0.00972194491182611,0.0665731164437808,0.264623256879659,0.437685519251664,-1.55061716183177,0.903696585168881,-0.867435214682429,0.1323185506914,1.33440182616451,0.271084687312626,1.17851556410873,0.214283135568848,-0.102692104638189,-0.0502232625096964,0.9983453149543,0.362292759998266,-0.206122262297038,-0.514224229646503,-0.00388972814441077,-0.13467053366851,-0.233775247234083,-0.00511177258673415,0.369125311442006,0.196390456004988,0.78,0.0
47128.0,1.24288416896592,0.154306462755019,0.336509254494409,1.12711642368627,-0.107065451379041,-0.0806261631871865,-0.0306766071903177,-0.0423788524645938,0.51849826362745,-0.172100112526402,-1.44139271087404,0.310256217653717,0.213139932394604,-0.128648888792577,-0.125671654678074,-0.0516097949473931,-0.378945412871739,-0.28819043315466,0.362450844501134,-0.105715499068243,-0.305214511130022,-0.699831774526739,-0.0831976143828117,-0.470534078847672,0.635313934035237,-0.474924397740055,0.0372714085011967,0.0199863782299996,13.41,0.0
100298.0,-22.3418888868038,15.53613332478,-22.8652284959099,7.04337354768731,-14.1831291919342,-0.463144880408286,-28.2151120538009,-14.6077905214735,-9.48145633401495,-20.9491915543611,4.73958247105186,-11.9249546896802,-1.50141102577851,-3.83678146634435,-2.72032883823594,-8.88010567222989,-15.8251362851177,-6.75042522352437,-0.129188144339879,4.10001904830367,-9.11042257588182,4.15889482041313,1.41292844456256,0.38280067392155,0.447153952515532,-0.632816336434319,-4.38015425911661,-0.467862869164174,1.0,1.0
50706.0,-8.46184470133154,6.86619841481805,-11.8382692206767,4.19421096699453,-6.92309709702798,-3.22114664850055,-7.55349651116055,6.015618186942,-2.4661434402463,-6.24624318477127,2.94398521977131,-6.51238933713471,-0.698175946764313,-7.54364593187217,0.92645528395257,-4.3302948063467,-7.33969796421674,-2.55090085394741,0.645904895509124,0.814710155897088,0.918244480856236,-0.715366336614015,0.210747336284603,-0.0602114737129364,0.509534595479059,-0.257283692851139,1.17002651560613,0.229300914797861,99.99,1.0
80280.0,1.19836750952605,0.354992497271862,0.279604242347956,1.06447441422986,-0.0326193596472052,-0.482963253975397,0.18317540434933,-0.128942128232238,-0.111306454194091,-0.0473445672753245,-0.0702915353032255,0.589897376718441,0.572254282672496,0.299650713365742,1.10648020942054,-0.271408645172681,-0.181403764292922,-0.67348703534128,-0.733806511952488,-0.134264804604761,0.0629841585698165,0.288964498429503,-0.0780043892576155,0.102865235755225,0.634247777935389,-0.300893747449236,0.0337951304042414,0.018523214952808,6.03,0.0
45857.0,-1.1743073153895,0.102022442428332,1.5301125063641,-1.01476529566881,-0.924880246048347,0.446953648127979,0.842732049197732,-0.228012664134633,1.18981703565657,-0.0553708415263946,0.400117635530156,0.457646375158131,-0.683174318199442,-0.891244186025765,-1.55221473778842,0.285434059486449,-0.717785561617462,0.0482338019932776,0.316350749132229,-0.439074821285664,-0.23352720864516,0.0941492241328115,0.142562426574421,0.059011842709994,-1.00203581916215,0.550288097468583,-0.854152649361252,-0.629423820071717,152.99,0.0
55618.0,-7.4279242314783,2.94820920837905,-8.67855038407896,5.18530347959595,-4.76108997261691,-0.95709501604379,-7.77337978477431,0.717309273781191,-3.68235923846278,-8.40315026242229,5.70520550718269,-8.6407464115182,-1.60292501896209,-9.46613912320431,0.137324186945341,-7.30324272860725,-12.4480392359586,-4.33283424125087,2.35202964025176,-0.123085015912889,-0.299847070706951,0.610478813685703,0.789022761446755,-0.564511939509452,0.201195825477742,-0.111225430586455,1.14459850910478,0.102279545438297,130.44,1.0
406.0,-2.3122265423263,1.95199201064158,-1.60985073229769,3.9979055875468,-0.522187864667764,-1.42654531920595,-2.53738730624579,1.39165724829804,-2.77008927719433,-2.77227214465915,3.20203320709635,-2.89990738849473,-0.595221881324605,-4.28925378244217,0.389724120274487,-1.14074717980657,-2.83005567450437,-0.0168224681808257,0.416955705037907,0.126910559061474,0.517232370861764,-0.0350493686052974,-0.465211076182388,0.320198198514526,0.0445191674731724,0.177839798284401,0.261145002567677,-0.143275874698919,0.0,1.0
55311.0,-6.15960693036327,1.46871292315117,-6.85088814665684,5.17470627250374,-2.98670392387712,-1.795054145699,-6.54507152628193,2.62123613805269,-3.60587012643541,-8.12216107491307,6.02903256317613,-9.22585530778592,-1.54675863096913,-10.3093341893072,0.308062393533042,-7.78732622111619,-12.8221770045808,-4.36767713342358,2.64398422133793,-0.289829585956863,1.06131418230601,0.125737468595024,0.589592331660844,-0.568730604518481,0.582824720935876,-0.0425826450995479,0.951130233081124,0.158996023697089,0.83,1.0
71130.0,0.918915726528323,-1.41501826276359,0.124499686774599,-1.20922418503642,-0.779852545327308,0.779854642339952,-0.63264243652249,0.221932303416191,2.53937828995432,-1.46870626634596,-1.95320971784193,0.55039769802313,-0.105043142927638,-0.642386713390379,0.146186105425531,-0.972331595281818,0.266940147216487,-0.120992113996875,1.28167947358613,0.28641013585655,0.0465074851042433,0.222645903492686,-0.467570209063605,-1.2102761035115,0.678777428429405,0.266973025639899,0.0353875603420531,0.0350042641277293,200.0,0.0
68792.0,1.02625945036734,-0.0090427579218729,0.675991470253194,1.24335396600189,-0.479220186820959,-0.2513535528165,-0.0945318323438593,0.0476136905389281,0.191504737105744,-0.0428033944967084,-0.212513362667266,0.0675914318442633,-0.425346322596524,0.370171163014978,1.44601599610384,0.156048282395171,-0.253704484979335,-0.573713827192066,-0.800142486368326,-0.053028227320211,-0.127897553490328,-0.530278072024303,0.0882126882967565,0.0126409259298802,0.175728560902622,-0.583230209995623,0.0353939237824928,0.0426048305361148,76.0,0.0
472.0,-3.0435406239976,-3.15730712090228,1.08846277997285,2.2886436183814,1.35980512966107,-1.06482252298131,0.325574266158614,-0.0677936531906277,-0.270952836226548,-0.838586564582682,-0.414575448285725,-0.503140859566824,0.676501544635863,-1.69202893305906,2.00063483909015,0.666779695901966,0.599717413841732,1.72532100745514,0.283344830149495,2.10233879259444,0.661695924845707,0.435477208966341,1.37596574254306,-0.293803152734021,0.279798031841214,-0.145361714815161,-0.252773122530705,0.0357642251788156,529.0,1.0
41237.0,-10.2817840384715,6.30238478416897,-13.271718028752,8.92511547634157,-9.97557831146449,-2.83251346361162,-12.7032526593299,6.70684583868978,-7.07842395823848,-12.8056831898117,6.78605830197451,-13.0642398936784,1.1795245105938,-13.694873039573,0.951479176238826,-10.9542857275047,-20.5835927904158,-7.51726213169106,2.87235363605874,-0.247647527731929,2.47941350799644,0.366932842343897,0.0428046480276363,0.478278891799746,0.157770817898023,0.329900959238367,0.163504340964582,-0.485552212695879,118.3,1.0
26899.0,-21.8854339051741,12.9305051249875,-24.098871851647,6.20331419234722,-16.4660991227874,-4.45984212550286,-16.519835984614,14.5355647151916,-3.89702188761405,-8.6507583293562,5.3754339072439,-7.56721354069937,0.461807829323489,-7.82789139878016,-0.0228148529460228,-6.57804150255676,-13.0024594617382,-4.88446723880536,1.10435473489394,1.6119982189969,1.76223176917351,-1.57905510076487,-0.951042744820554,0.13456529188962,1.50711039768212,-0.222670856855594,1.52765527810284,0.453698638993223,99.99,1.0
20451.0,-15.8191787207718,8.7759971528627,-22.8046864614815,11.8648680803607,-9.09236053189517,-2.38689320657655,-16.5603681078199,0.948348594786058,-6.31065843275059,-13.0888909176936,9.81570317447819,-14.0560611837648,0.777191846436601,-13.7610179615936,-0.353635939812489,-7.95744722625995,-11.9629542349435,-4.7805077876172,0.652498045264831,0.992278949261366,-2.35063374523783,1.03636187430048,1.13605073696052,-1.0434137405139,-0.10892334328198,0.657436778462222,2.13642447085514,-1.41194537483904,1.0,1.0
40919.0,-2.74048250153169,3.65809481979987,-4.11063552027473,5.34024166876747,-2.66677476000958,-0.0927818149405728,-4.38869880914515,-0.280132705503576,-2.82189458229917,-4.46628416302479,3.96979981229186,-7.34671678644283,-1.16331176961366,-8.22556891234807,0.82500183194645,-6.77286703365235,-8.81578542555918,-4.56885928410549,1.12659865645629,0.185325269832133,2.41749541196206,-0.0977119508973041,0.382154506973307,-0.154756519767143,-0.40395592644091,0.277894930235294,0.830061638644528,0.218690442242457,112.33,1.0
17838.0,-5.18787810836635,6.96770866359565,-13.510931139095,8.61789514115238,-11.2144223939458,0.6722478387604,-9.46253281088355,5.32870420774381,-4.89700552817542,-11.7868116556041,9.36907905765884,-15.0941631493865,1.25637700700759,-11.8521613037824,0.274429814172421,-10.6882417917386,-18.3888105354245,-6.89884013301839,2.38280793552097,-0.623737291574186,2.08608300107406,0.760190240866359,0.716805785858217,-0.646743429628277,-1.61704292571624,0.172346889503238,0.626646780979254,-0.169726031129409,766.36,1.0
7551.0,0.316459000444982,3.80907594667829,-5.61515901119457,6.04744510216478,1.55402595692572,-2.6513531120137,-0.746579273100222,0.0555863112529252,-2.6786785422399,-4.95949291161496,6.43905335158373,-7.52011739288703,0.38635166741077,-9.25230724747513,-1.36518841502051,-0.502362190618164,0.784426598154274,1.49430460743838,-1.80801215867357,0.388307428238927,0.208828369001674,-0.511746619200722,-0.583813220813723,-0.219845029091423,1.47475258440688,0.491191925656006,0.518868284577287,0.40252806767232,1.0,1.0
35866.0,-2.04448868873478,3.36830621710984,-3.93711139061868,5.62311973109633,-3.0792320390481,-1.25347411822809,-5.77887959312275,1.70742815771205,-4.46710312294842,-6.0677981503786,3.83978771072745,-8.27784094846266,1.49391490811495,-8.41668121212274,0.792297928201949,-7.86265882647354,-14.5708366290177,-5.18538553288232,2.41438956859515,1.11202761894884,1.48359421639379,0.834310712862216,-0.148485620188757,0.00166885452328186,-0.0389957310939217,0.389526401954901,1.30023645611458,0.549940374167289,7.61,1.0
12597.0,-2.58961719821269,7.01671438495857,-13.7054072869097,10.3432280604117,-2.95446103475574,-3.05511578527804,-9.3012886151434,3.34957336071614,-5.65421202641103,-11.853866972601,11.6692047358121,-17.2286622386187,0.0555715664836118,-18.4937733551053,-0.304172113519045,-10.6294973901353,-14.4412111342765,-5.10548646597228,1.2702262705049,1.48885519236896,1.88773772551451,0.333998184533223,0.28765904061745,-1.18640640906644,-0.690272670076388,0.631703772210546,1.93422076005943,0.789687172212655,1.0,1.0
57668.0,0.942205282610906,-0.18680688511226,1.3154115987009,1.19974924310971,-0.279416711964675,1.65679611218721,-0.844615733666298,0.631951527535496,0.756240271759223,-0.41222568964144,0.568650340822359,1.30021498784497,0.531503059507037,-0.344654044388962,1.17397281194694,-1.31354025544124,1.03919696115018,-2.19131728581845,-1.89028176498528,-0.240245896811009,0.0864402308995036,0.635071192076643,0.154938401484054,-0.621172149722555,0.0773647811936936,-0.302469337130571,0.148417835182353,0.0282311360361104,9.99,0.0
17187.0,1.08837493830851,0.898474023721059,0.394684329076182,3.17025757451452,0.17573879687403,-0.221980885195245,-0.0229887284923858,-0.0108735366656839,0.860043617194172,-0.592472935320844,1.07272839973578,-2.54755681422931,1.23595005675711,-0.330305803751441,-1.02235437464957,0.335642172519614,2.29899822072815,-0.1620962094812,-1.53270721248432,-0.217358192249005,-0.423553904215867,-0.800852284805578,0.0776144554303444,0.167608452574198,0.350181817443194,-0.118940929478619,0.0129477659306532,0.0542542721018558,3.79,1.0
93879.0,-12.8336314219519,7.50878980635543,-20.4919522106577,7.46577999198461,-11.5753037055975,-5.14099947650773,-14.0205637048257,8.33212047126021,-4.33771253089739,-15.5637913387301,7.61081978841573,-15.5923232225286,0.504789055226229,-13.2478885958622,-0.796526030140245,-10.3423283585648,-16.0445243414767,-5.8821359384126,1.57369789640089,-1.37892322363159,2.96684240389381,0.615344322057327,-0.766494757432984,0.431261005079751,-0.104974994617143,-0.0100913270781415,-2.4008113496639,-0.720556600051925,104.03,1.0
63170.0,-1.34098899805067,1.22119379410404,1.60362066485873,-1.5535778666178,-0.339454198151197,-0.886123641688885,0.650797985097772,-0.0943711528711374,0.61326390408266,0.70508295051302,1.42561898327882,0.221791447754952,-0.949600519680411,-0.138469852115103,-0.0401568781199451,0.614284029204259,-0.941932754359712,0.0959487645485341,-0.553015729995653,0.42828744985852,-0.149220805619594,-0.140883172059673,-0.044200734599347,0.534288373604504,-0.310367001366745,0.66382996308097,0.262508323098347,0.125175442828651,3.61,0.0
41243.0,-10.9407391093978,6.26158585106885,-14.1823387841287,7.18360208606589,-9.95136334372547,-3.86082033664669,-13.5473021949163,7.09647164642187,-6.29402944276594,-13.6081431627279,7.12716532148781,-12.6110036871047,1.21455639781013,-13.9062968240505,1.51406990634864,-11.1257390593549,-19.7162573051191,-7.5527890897252,3.65678707068496,-0.0883420818722748,2.26744826134981,-0.492029167950335,-0.239302865923644,0.454368210214217,-0.101611062526814,0.446996732737119,0.062292646721181,-0.439769899530758,45.49,1.0
71637.0,1.07647882528329,-0.36762864319253,1.671371124618,1.1961105897773,-1.3127530195725,0.301725281919094,-0.904846401196762,0.263016056752847,1.38838258417198,-0.463655491427942,-0.4528703461722,1.25022124433932,0.366081578470331,-0.971988179944105,-1.05315644096201,-0.919086701879299,0.738030427282704,-0.998348450006223,-0.291868284520781,-0.145842981200836,0.0868815788707334,0.776167569488348,-0.0480310802184588,0.71790179411959,0.415451627276799,0.581893868078507,0.0595322279257176,0.0244477786309323,4.63,0.0
58369.0,1.10869262187499,0.144891996955993,-0.00803512895507614,1.02967811281533,0.226363888930203,0.118646128712017,0.206188288927019,0.0290671989472433,-0.197556362579345,0.0334810180905875,1.07831325492023,1.24800065380816,0.289624257996615,0.375013351967381,-0.44153742228585,-0.435306117581145,-0.2144764502796,-0.325863018494984,-0.0356299863610922,-0.0694216901138341,0.0516390857799458,0.253150755660049,-0.211685163520306,-0.26365930964509,0.788799643676346,-0.249996780513572,0.0187696216874153,0.00437075356293175,41.14,0.0
6425.0,-1.10525580211798,0.780094201414571,1.7443605771185,0.529521242159675,0.579650694856364,-0.48422186114417,1.34934063377279,-0.799621785093582,1.63598407152224,-0.241666777033932,0.118599329998877,-2.52951031156161,1.43977072833417,0.750163538878005,-1.61863552368775,-0.478564188022715,0.190281499671021,-0.234366205610269,-0.687435627035214,-0.242649181240991,-0.260561433262555,-0.0951634453778115,-0.288031406439527,0.284931347773552,0.0696714595771773,-0.669268146188672,-0.824502078474418,-0.116238011968369,59.9,0.0
59350.0,1.37767702585918,-1.28939198259118,0.846498686604057,-1.33113878747608,-1.80090485174374,-0.302994502297472,-1.36564439360398,0.0600139078334462,-1.4625113502027,1.36229818937667,-0.389486245965852,-1.15918578203196,-0.171877305848927,-0.335276657351774,1.16770612853344,-0.343825358102092,0.696367970769084,-0.20596783022479,-0.717089126392522,-0.32617742652717,-0.197717158805819,-0.265688310329382,0.131759299597909,0.0287024574204139,0.0464466697959776,-0.268490334190514,0.0611244837406925,0.0334602823290117,47.86,0.0
56806.0,0.0168278084833761,2.40082554709233,-4.220359820602,3.46221746352071,-0.624142188342754,-1.29430258598001,-2.98602831443748,0.751882724799937,-1.60667229891344,-5.97492543825504,3.26492215161104,-5.09503162409832,0.307807541258315,-10.0181060613614,0.273282636641356,-3.56253351747421,-4.37710568381017,-1.79263494349375,0.0802807729992116,0.590418382570863,0.285831617664336,-0.771508088806938,-0.265199774294598,-0.873077150100989,0.939776315964547,-0.219084743497804,0.874493632152321,0.470434221788752,1.0,1.0
52337.0,-0.151028816944495,0.424233409038722,1.28832057143329,0.0245773256211918,0.563341169828524,0.423936061929898,0.55531168404607,-0.0301723410154712,0.411159743766588,-0.400395259113516,-1.53579468733485,-0.362900644754134,-0.53680566035667,-0.405544787719684,-0.298611270388351,-0.569298534294076,-0.0418701376692738,-0.513304017312644,0.28794138880767,-0.0391179858146144,-0.041313905304105,0.286874463388419,-0.176104419195366,-0.716411283898058,-0.559738384614013,0.314086146291694,0.00604637118115904,-0.0570615122728023,9.19,0.0
8614.0,-2.16992897559082,3.6396539992044,-4.50849778617728,2.73066814884895,-2.12269287053048,-2.34101682766366,-4.23525308290613,1.70353765763508,-1.30527913344307,-6.7167200227127,6.35361231915591,-8.60164826276464,0.449930038237225,-7.50616937408145,-0.438081781812467,-3.69451599830956,-6.30475338603049,-1.26758712788115,0.357987030484253,0.5007790539507,0.645103275621378,-0.503529448911197,-5.22821818299227E-4,0.0716957787676742,0.0920074334247208,0.308497931577036,0.552590914653841,0.298954478709399,1.0,1.0
32139.0,-0.68001803062864,0.604165832043542,-0.210250663098432,-0.424791316548374,1.46289872998531,4.24619306835453,-1.15812547320681,0.63736296773924,-1.4519165712351,0.416601062247507,-1.12123757973403,-0.164086865667074,0.140782911197658,0.162836760092751,-0.150863670802772,-1.91566253056955,0.350394696054676,1.74848361474009,0.678680143191113,-0.551703066054561,0.419020647189508,-0.786888617093638,-0.00132595950306008,0.969036358729741,-0.0260745544458835,-0.201156814144209,0.130707976410872,0.0902052074785812,8.59,0.0
72327.0,-4.19873460983989,0.194120636801706,-3.91758567828042,3.92074784640417,-1.87548574659158,-2.11893292738694,-3.61444510993627,1.68788446543007,-2.18987113590881,-4.68423332514029,4.37690666362302,-5.00744082816051,-1.30474507803596,-6.19247526385522,1.00240426741391,-3.31693430074553,-6.18883415213498,-1.04041264854272,1.23304434947994,1.0033504305956,0.801312235949018,-0.183000576489906,-0.440386862411508,0.292539411877521,-0.144967421927777,-0.251743981877142,1.24941367428483,-0.131524643545312,238.9,1.0
65936.0,-3.5934760029271,0.78144226309285,-1.82244751422669,0.605760683474701,-1.19465586719981,-0.517194856719497,-1.72252312325165,0.128889523769538,0.0149633080909052,-2.85611682977408,1.61826162043188,-3.58137450130299,0.623706919914784,-6.16045662030601,0.494733399107095,-2.54310504010287,-5.30127339068683,-2.19271270602319,-0.09472379272847,-0.478219313417121,0.351792125839819,0.391248950287018,-0.252874890557857,-0.498042480147132,0.0101721931231225,0.909928721553306,-1.47876724603751,0.722673039450917,101.5,1.0
5399.0,1.22893763580314,0.25515638928362,0.491086209610053,1.07768486644497,0.271445338782821,0.700607878842943,-0.275236566425071,0.0410064306157266,1.48446437221297,-0.428092581640979,0.959533993414768,-1.02146571719641,3.06883697071321,1.17287367488308,-1.56375894834655,0.335800894574488,-0.199597549004441,0.489370723924581,0.640272451337274,-0.0423052896929525,-0.51041998786377,-1.03820268126586,-0.0799455339842286,-1.09345440161695,0.541658802538975,-0.616438591622357,0.0229492008194323,0.00607621298790894,12.99,0.0
47923.0,0.364376991240021,1.44352346510311,-2.2209073739296,2.03698508634993,-1.23705503097364,-1.72816100636381,-2.05858236489925,0.358895084111675,-1.39330570864802,-3.50579032571994,2.81431415481622,-3.34217599575955,-0.150269366634614,-4.82032224395007,1.10260955786246,-3.15703267184314,-4.40585022452865,-2.55882785118576,-0.208809536741974,0.310979602822284,0.402729680639885,-0.132128891527171,-0.0329771760409112,0.460860836846427,0.560403798330262,0.409366102366135,0.539668285308506,0.296918378210685,0.76,1.0
35507.0,1.15564723786043,0.0731922306830378,0.317089513355078,0.909405384766146,-0.132510343930296,0.128726966462486,-0.230802384413768,0.192874214042728,0.0666674696244645,0.159166727438498,0.994773101190828,0.263023432098882,-1.08183455885765,0.683097874984508,0.70014980101245,0.196488185935278,-0.508538854889522,0.368842733353656,-0.428581462556894,-0.204739421343344,0.213796608043478,0.627069403357636,-0.175436994618678,-0.305537142775113,0.623100650465621,-0.173115122490091,0.0299001313217766,0.00440507550320311,10.65,0.0
68464.0,-0.606968139559642,0.597252406957497,-0.16210936661384,-1.24954913097703,2.45132234038981,3.34675204516561,0.102189837952869,0.881407247964242,-0.390462626540801,-0.147169291443187,-0.227584485854467,-0.291634495727465,-0.0407127590254869,0.210103321465857,1.01268852842239,0.463425930759762,-0.87336282122883,0.259605989164484,0.348448426790304,0.200468199049368,-0.0845474933667785,-0.30983311105681,-0.0543643369047511,1.02206121437962,0.147339713033815,0.395354857729007,0.141349737822164,0.0978760142058574,20.0,0.0
73260.0,1.12426353633767,0.173280937271435,1.08501033791659,1.05567479437007,-0.719828148847204,-0.404514981809721,-0.315841195519622,0.0438010792674037,-0.0373840206775297,0.0997698134615678,1.62521408213792,1.38623828775007,0.731936055525491,0.177197188873139,0.499164093811538,0.594852420459886,-0.831746930125731,0.388040027255213,-0.290139358539941,-0.0570919124552902,0.0205573055397374,0.0553268839059368,0.0543260506311732,0.523417284223029,0.283856973932356,-0.545048995311525,0.0487518325763006,0.0321383896740631,13.99,0.0
55000.0,1.1505479003402,0.183510047048055,1.0502435167339,2.15088254404889,-0.0134891793191074,1.33244797516026,-0.756713778451045,0.343896096252792,-0.108710915454523,0.558436719140681,-1.53742564277377,-0.0706608071844032,1.28520075318311,-0.433658937849886,1.36606271622282,1.38593686371151,-1.21099492563341,0.375182262879826,-1.26308531885544,-0.0248577470249345,0.186710400234141,0.585710301316084,-0.192087278493556,-1.29268737400608,0.386045964850701,0.222330080719751,0.0631779459230346,0.0289864131515688,20.5,0.0
41991.0,-4.56634156694274,3.35345148012501,-4.57202780762531,3.61611930403552,-2.49313810882875,-1.0899997127127,-5.55143306976649,0.44778308394893,-2.42441402571208,-5.69992228265959,3.58682418337431,-6.63622904939297,-1.1281764439465,-7.24554959537009,0.638325536245456,-6.85681003898144,-8.85187850534679,-4.5918832274368,0.936939858866071,-0.249127726683026,2.67446587862872,-0.0208799797343963,-0.302447083877198,-0.0863964000107124,-0.516059779833395,-0.295102234035121,0.195985145691014,0.141115102721758,1.0,1.0
102619.0,-2.48836288474016,4.35901910783724,-7.77640985018266,5.36402677044258,-1.82387723220959,-2.44514013600669,-4.96422092061784,1.48489015991725,-2.94789885841072,-7.17534972178322,7.34365210856032,-10.178995535122,2.14215063066493,-8.98305216762269,-0.473746033414928,-8.14334226244301,-9.78567719982127,-3.08651950539248,3.37971333584943,0.792274684105994,1.32567239039937,1.02122620503862,-0.266476205063069,-0.370880444896658,0.365535186093547,0.081372023747405,0.184983040876449,-0.211582455539506,1.0,1.0
27432.0,-4.4642304094081,3.4395404570305,-6.29648841062406,1.84542236814998,-2.11946520655145,-1.50136506574731,-1.58405244511449,3.3136788202399,-0.055637684231502,-0.936140960697789,-0.753741464819858,-0.210847009554327,-1.12342657150632,-1.13626329979179,1.47026297179583,1.7673735258425,4.27555891442389,1.60380881143856,-0.862289202405598,-0.0599782540708828,-0.103934064133363,-0.681496071389454,-0.110324375414825,-0.78221806070601,-0.116950015914607,-0.318663996457387,0.0947076294572,-0.23999014568172,89.99,0.0
75978.0,-5.14072311805277,3.56875123426923,-5.89624545735196,4.16471993013258,-4.09119263947502,-1.98996029061886,-5.47243601705169,2.42282066166249,-2.90973525837833,-6.28780335064533,3.70431215185119,-7.26754953396678,0.329269938095914,-8.45897495556967,1.35448720090917,-5.9762209822112,-10.5760149147501,-3.52516124688807,1.73797600497073,0.318995199686566,1.13113028151049,0.118021510216711,-0.332704205017834,0.139940733895169,0.324757896441424,-0.180769130367976,0.177810382911191,0.661555355551591,99.9,1.0
113102.0,2.07342341942374,-0.152614881132338,-1.49723510052363,0.18516833573062,0.101355946873487,-0.859745914062642,0.0416100966142023,-0.1759984723359,0.994532078177558,-0.0606111999510752,-0.991959398630904,-0.547957769698109,-1.54044124103208,0.796884575675408,1.12538490322087,-0.239729419111713,-0.413705489690321,0.229470038979464,-0.233457825783754,-0.334440064329748,0.249946977984106,0.79720786077051,0.0357599263946193,0.653527775336694,0.287307313005011,-0.441826016345275,-0.00371503406020776,-0.0511999246260417,1.0,0.0
17520.0,-5.26805322089363,9.06761342731767,-15.9607281345144,10.2966027898053,-4.70824109122294,-3.39537485177836,-11.1610570028797,5.49996263444947,-5.66737554592835,-11.6271935556579,11.0270590938161,-16.3880541668327,0.363921486512734,-17.230202160711,-0.437487559248993,-10.1223919213552,-13.6392089915234,-4.98645725844229,1.12678437819631,1.45587819528,2.00410994522741,0.191058399384387,0.622927669875126,-1.20926355739155,-0.374798862642666,0.64879803679546,1.58469734677224,0.720055870245492,1.0,1.0
45970.0,1.23800714426024,0.275135812526814,0.183791983787369,0.502698360081664,-0.180846965775267,-0.568254444128968,-0.045679307328374,-0.0176480297256947,-0.157102696983713,-0.103701940834134,1.28541259210187,0.648464633120968,-0.115002520858396,-0.048405243613899,0.451793432816598,0.785291357845955,-0.35748432846534,0.341595137361134,0.217262414392064,-0.0809522963387225,-0.261640116725339,-0.803125096506592,0.0808774094612501,-0.0455617730949691,0.219521331786492,0.0984593997932236,-0.0292020956578981,0.0164860319798123,0.89,0.0
55760.0,-6.00342167645829,-3.93073139597263,-0.00704545511728066,1.71466918264498,3.41466660221529,-2.32958262254194,-1.9015116901208,-2.74611109114189,0.887673207764977,-0.0492328559624844,-0.153131026660117,-0.814309846145704,-1.89479558623308,-0.83148260879597,1.38728869521525,1.18890675852063,0.536817322665437,-0.0514032140040002,-1.23138550165184,-4.12818582871798,1.10167131666753,-0.992493706726384,-0.698258928361953,0.139897673540465,-0.205150795631722,-0.472412262665941,1.77537805651063,-0.104284625925588,311.91,1.0
59669.0,0.326006629816884,1.28663756547088,-2.00718128715265,2.41967479633278,-1.53290169734535,-1.43280331503216,-2.45952963994058,0.617737791926574,-1.12586103037287,-3.23678401592309,3.5617949640183,-3.91467935228848,-2.12495645598654,-4.45889502952153,0.578201875425492,-2.3433041192933,-5.07145010804216,-0.749172320846648,0.22842274838649,0.222666683155765,0.556894674408544,0.169775528574355,-0.174357059251063,0.308061323046213,0.710996128051644,-0.23102981819073,0.580495233837149,0.30098403791885,6.27,1.0
33722.0,0.884697380326216,-0.427709586151827,1.39830483991822,1.1150915725505,-1.10669426129582,0.375628554157714,-0.817944322299828,0.364814940827688,0.482674992985445,0.0334707173909417,1.55048317882209,0.806868631346636,-0.315286045735165,0.177357173173423,1.17391979423115,0.638509512977473,-0.637834990523299,0.651027905617372,-0.96187991251795,0.0267768881327241,0.396407176246969,0.977054755803523,-0.10400342547885,0.225601845066902,0.190832487721709,-0.262945043301323,0.0697214935616457,0.0470943112481491,99.99,0.0
49985.0,-1.55421636788274,1.69422928947167,-0.903333638062708,2.42543608490852,-2.89978748492542,0.133028430446298,-0.286225919411127,0.555944559014401,-1.39491838156524,-2.89261176082088,1.96223597455109,-2.38526266137636,0.458337202321203,-3.72454345377605,1.84397832505056,-2.01392370780293,-2.81560029569659,-1.09229027232613,0.139687230416985,-0.0323343863075664,0.493436338989664,0.733393182273647,0.202349959595007,0.492053700892718,-0.183790909215829,-0.19991711985608,0.395200622125666,0.0276930320930062,360.0,1.0
45463.0,-1.47689343619361,2.12231379246165,-1.22946956041319,1.20184879823143,-0.343264387787516,-1.31770390932283,-1.52814215893659,-0.620953383361586,-1.21304032250238,-2.97526724837752,3.53221960237349,-3.68263987014104,-1.15477748628793,-5.16522922685485,-0.240091425455286,-2.40492728839102,-5.67173864053893,-0.99429395124741,-0.289935891439032,0.276893466308702,1.18603560532412,-0.0402148700651311,-0.238930086824211,0.110144325976026,0.0454183699836296,-0.56923231725429,0.481018701576887,-0.0475554426964208,1.0,1.0
18088.0,-12.2240206243564,3.85415032971366,-12.4667657248211,9.64831072711484,-2.72696132147655,-4.44561038185083,-21.9228110340575,0.320792273696859,-4.43316165783721,-11.2014000859835,9.32879925655782,-13.1049334662012,0.88848078772943,-10.140200337183,0.713465392614318,-10.0986706554809,-17.5066115481045,-8.06120798966267,1.60687003263877,-2.14718143950284,-1.1598299509044,-1.50411888189644,-19.2543276173719,0.54486672601225,-4.78160552206407,-0.00777228109993075,3.05235768679424,-0.775035651186717,1218.89,1.0
93834.0,-3.7656801220835,5.8907352377921,-10.2022676310229,10.2590359766218,-5.61144841660942,-3.23537557925717,-10.6326834778618,3.27271632618119,-5.26890524285018,-11.1821254546586,8.87947566765026,-18.4311310279993,-0.232822027713119,-15.0216572999306,0.141186252914787,-12.1863624982841,-20.1655673800665,-7.05165135326307,2.50082720798487,1.19413732146866,2.24560593428534,0.546320674537693,0.381853427747185,0.382024544024505,-0.82103649456311,0.394355120127285,1.4129609931535,0.782407053763083,0.01,1.0
94558.0,-0.450544400337513,1.28548635233515,0.145986696657933,-0.209381318398179,0.719121241258291,-0.782758732954507,0.841525029256763,-0.120361920855584,1.22446036408097,-1.33496525123621,1.86816240723874,-2.27010527332831,0.871486329872652,-0.136946352222859,-2.26561733439458,0.20787390365407,1.6799788298779,1.11199376633032,-0.194623783382172,-0.0501569139049281,-0.0567092749519739,0.349426839108642,-0.281625015057525,-0.0639172874317597,-0.278641535578018,0.505428047864589,0.212456080506901,0.243313455466019,6.99,0.0
119125.0,0.907386035282752,-1.55861533724345,-1.2048787783417,4.1173797167813,-0.0923586469098534,1.35166314264503,0.250793346057038,0.228327806772921,-0.209185948318391,1.26831801144863,-1.24273469234679,-0.629717405437539,-1.82720651596809,0.302839845285169,-2.2571844231033,0.986102334173788,-0.854391823706257,0.622929474074333,-0.790331097112801,0.653965980017936,0.363154980443947,0.0403238342186961,-0.496419342440402,-1.17512371135381,-0.0507300631820239,0.138575128960196,-0.115508532151297,0.0178145948518947,521.77,0.0
51155.0,-11.2054613927303,7.91463349246877,-13.9877516388388,4.33334117975523,-8.48496952268505,-3.50656117309394,-8.93524303241605,7.70444915069923,-2.33658417970129,-5.92735916911943,2.47040101557896,-5.7885170305197,-0.391939257057427,-6.52746224116063,0.899859362283244,-3.84729284231041,-6.70063744821132,-2.49261610727828,0.469554313978012,0.860911741764656,0.942593331002491,-0.987848114682141,-0.279446305433771,-0.0272992246723051,0.644344195524188,-0.263077923082484,1.08402252771111,0.211933356664813,99.99,1.0
56887.0,-0.0754834663888726,1.81235458422751,-2.56698081016962,4.12754860722303,-1.62853157024518,-0.805895445766318,-3.39013454458215,1.01935326231828,-2.45125125188341,-3.55583492739064,4.31571103012142,-5.47980167679906,-2.11550315600957,-5.5887855765974,0.280108069299552,-3.50723062361012,-7.45709493793125,-2.32549168188332,-0.440434552920779,0.338598140549314,0.794372451897782,0.270471232297866,-0.143624140755259,0.0135659145316466,0.634203128800614,0.213693187250942,0.773625466697089,0.387434054572014,5.0,1.0
87202.0,-0.41982017420894,-1.15597800832635,-2.09251550244986,2.78675032975706,0.736296592040403,-0.167291965690249,1.60002746290919,-0.117426851332358,-0.796953814299879,-0.133950251206468,1.03303201224459,-0.284367998317494,-1.20827980965211,-0.429211904447448,0.248945360461687,-0.928921529997167,1.67998551904683,1.31533886586358,2.22616065557659,1.27535802653094,0.48063971759843,0.533516931196614,1.28464540597639,0.516131270391061,-0.60294109971583,-0.305023689896282,-0.0213631449369425,0.129096385608294,451.27,1.0
50808.0,-9.16978982388629,7.09219680097303,-12.3540368689178,4.24306897383907,-7.1764377547738,-3.38661804868541,-8.05801194656602,6.44290866379074,-2.41298660229065,-6.13490688724113,2.82667122820047,-6.30984277729399,-0.623002385785158,-7.27986921938704,0.924233225976226,-4.21553713481175,-7.17167241498026,-2.55033668458713,0.596364320528384,0.816651661759946,0.926156961108813,-0.817706132334589,-0.150434415715838,-0.039383059739641,0.485639753958673,-0.264324608977439,1.1596904600617,0.232758088392131,99.99,1.0
11635.0,0.919136507326981,4.19963266902077,-7.53560659365729,7.42694037455047,1.11821533001319,-2.88672235145027,-1.34103599607144,0.363933268353337,-2.20322443100109,-4.13784019622865,4.57011280759332,-7.62916958856017,1.73391746350254,-9.44037499459843,-0.0233533498971062,-1.23395828198259,1.63200885764087,1.3157345644727,-0.287188855297045,0.535434663150233,0.316093599204254,0.0551792270194195,0.21069215028398,-0.417917881438145,-0.91118827562932,0.466523924588163,0.627393270472548,0.157851282541588,1.0,1.0
41233.0,-10.6457996485752,5.9183066586857,-11.6710425949575,8.80736917876038,-7.97550136587277,-3.58680634405361,-13.6167970541448,6.42816934590602,-7.36845129274034,-12.8881582878915,6.85495311388866,-13.2116950297251,1.03561234332246,-13.7789556397675,1.04044835530024,-11.2903278082585,-20.5780220491922,-7.54782411219534,3.11847976563045,-0.0461701790327979,2.57196959291347,0.206809359357246,-1.66780140024191,0.558418754024331,-0.0278978765982558,0.354253781525514,0.273328726801416,-0.152908080809092,0.0,1.0
21046.0,-16.9174682656955,9.66990017304097,-23.7364434105216,11.8249902296814,-9.83054822917941,-2.51482887310345,-17.2906566748216,1.8204078670595,-6.26490348784789,-12.9166361091709,9.56711029521397,-13.7170673789468,0.899540705915631,-13.2729650621928,-0.402260044266312,-7.75409405936683,-11.6446032058862,-4.74130270962407,0.58462597267458,0.996745095162688,-2.33611095619483,0.972754726208974,1.24186581168063,-1.05108624820763,0.0380090796054737,0.672317065099677,2.10847085205046,-1.42124325273233,1.0,1.0
60869.0,-1.09863608706641,-0.257457503161837,1.42653827690939,0.334250657155116,-0.861407868019702,0.249504186865573,1.4775826699701,-0.0479692232930559,-0.204585195543985,-0.933740894790668,-1.24323237315584,-0.460723505640034,-0.523874790836126,-0.0423325630342027,0.264400711470657,-0.378567460877177,0.187721080350686,-0.143522194904206,1.36098533309911,0.789210351891394,-0.0771566177980015,-0.70549972436783,0.511290745036447,-0.128936698610418,0.32294563771644,0.589080308819118,-0.0961911051033315,0.0857059391518794,324.0,0.0
66019.0,-3.51263655271267,3.04001005914603,-0.114424342919707,-2.23285684870701,-0.601684747525905,-0.341474299757652,0.178562664386978,0.456507039173698,2.61336683785485,3.78450646015794,1.36985678424483,0.440859140575462,-0.699265345292192,-0.729641623650851,0.363101578506348,0.379178128619157,-0.869549126407368,-0.360916462922232,-1.13068414852847,1.78970506963227,-0.461630895957791,-0.450991704711688,0.140526353986328,-0.344485837630251,0.387104692482272,0.820283240117838,1.64708319875253,0.897695947032733,3.84,0.0
74341.0,-0.993302574391953,-0.0584797638830301,1.88344076204324,0.217885182173054,0.217095147949131,0.0298826635965108,1.00656393897384,0.00156782553704584,-0.0795521524112904,-0.579249561953086,0.436532420630686,0.234167640352668,-1.07860037674299,-0.0661621844571503,-1.24407248045305,0.180144693221083,-0.723567638326044,0.275981463976651,-0.0806030177739341,0.282655409298581,-0.158251997967695,-0.635629794106226,0.0898262776330881,-0.0814549514948562,0.608059408908831,-0.647356652704444,-0.245923299026922,-0.240599999196425,149.0,0.0
8528.0,0.447395553302475,2.48195386638743,-5.66081393141405,4.4559228120932,-2.4437797540431,-2.18504026247234,-4.71614294470093,1.24980325173147,-0.718326066573691,-5.3903302556601,6.45418752494833,-8.48534657377678,0.635281408794591,-7.01990155916612,0.53981407134798,-4.6498642988132,-6.2883575087823,-1.33931232244731,2.26298478762517,0.549612970886705,0.756052550277073,0.140167768675,0.665411100673545,0.131463791724986,-1.90821741154788,0.334807598686864,0.748534284767756,0.175413794422896,1.0,1.0
93888.0,-10.0406314557065,6.1391827154247,-12.9729718943545,7.74055544506762,-8.68470452840193,-3.83742916671056,-11.9077019040753,5.83327300056002,-5.73105424359056,-12.4389449056023,6.98988561330738,-16.218610393127,0.25330336584704,-8.72864506518152,-0.147529091109699,-14.1298545174931,-20.6850275533272,-8.48444905730181,4.85125513655685,-0.0822752254211996,2.82343143164188,1.15300501339169,-0.567342849673059,0.843011621641402,0.549937644887907,0.113891875585392,-0.30737499959267,0.0616306406149363,1.0,1.0
77824.0,1.36381613749517,-1.5682412578993,-0.986234927187113,-2.43480351621073,0.719153817711287,3.38146102374873,-1.51993064794628,0.793230390254648,-1.89472957024812,1.4255662330675,-0.18701452282431,-0.973269392620027,0.575743942075519,-0.23155393228985,0.946835361899982,0.147648697735198,-0.075724972586965,0.372546664477013,0.100538048787728,0.0095655428953785,-0.36045073918601,-1.06246356349656,0.0544527120260753,0.952420357501208,0.25653550500425,-0.405681348531708,0.0268954334767365,0.0406914839011977,113.62,0.0
31315.0,1.18532235346731,-0.290999640850755,0.566550226628006,-0.121965195240919,-0.622629246316204,0.0175177173410161,-0.591751363705268,0.291592812577707,0.432139638478285,0.0113408990078306,1.07109892830411,-0.12240620534693,-1.79492760878068,0.668204827416028,1.06113657313672,0.626550530526696,-0.400874587237364,-0.0388012520913637,0.026186195101251,-0.17889096175622,-0.15438153733983,-0.565232284204913,0.14921588517166,-0.315300275693695,-0.116090198173946,0.826551176790969,-0.0638352718940569,-0.00498101319899188,11.64,0.0
37809.0,-2.06629322071922,1.91552242805598,1.64681254669856,-0.659441818715657,0.43104481313604,-0.580337858301748,1.80301757541558,-1.20253393959938,2.16576553269505,3.69468658190052,0.905431079358003,-0.214850699201182,-0.00182512060502945,-1.74672843562263,1.39092800705418,-0.864055592800193,-0.71925045381734,-1.24825982670428,-0.701734208082845,1.54255345648399,-0.798281482189146,-0.435693423927231,-0.0551084892711778,0.356053268870342,0.0213450180923112,-0.0451764114791766,0.24549445550263,-0.569330478683631,17.99,0.0
48533.0,1.24384844934819,0.524525772902587,-0.538883626044331,1.20919597418592,0.479537596763788,-0.19742873374782,0.0491662598481355,0.0377916321310988,0.128118590882765,-0.552902906422504,-0.668358831257417,-0.818803693746743,-0.883832091051869,-0.994580854433906,1.50684875024006,0.62400331534091,0.705794271683871,0.524181774270524,-0.73174984602915,-0.171540654731681,-0.0516598862539047,-0.0840894090242923,-0.192846388954053,-0.917391985542652,0.681952813037122,-0.194418574345634,0.0459171449577401,0.0401359980627264,1.0,1.0
65358.0,1.1939160689293,-0.571085006532232,0.742522413618004,-0.0145876823031251,-0.624560898094263,0.832161659907577,-0.833350424512102,0.272896998506182,1.16942539891152,-0.371671945168217,-0.245676823310174,1.37594135044076,0.870456831276252,-0.819319364809584,-1.55090356200859,0.125852995600752,-0.397245548944671,0.272377065433488,1.22602219788409,0.062908129152134,-0.0495024276847497,0.207265101065706,-0.265271877292053,-0.67929377017329,0.511811527633814,1.24660443744052,-0.0286711040907993,-0.00611200759772271,31.91,1.0
37526.0,-0.263757743239787,-2.46748991284853,-0.567455040441867,1.00960199534763,-1.18982170402332,-0.233986997952221,0.854200494432397,-0.167071786524261,-0.00389819678190012,-0.219813183475866,0.890953633859461,0.152403603450365,-1.0497763011233,0.845544085696569,0.568193912314095,0.704258950132188,-0.654739725004548,0.563446417093242,0.00351980373154202,1.43129147817196,0.417096000703094,-0.640227462947224,-0.716156587802058,0.0388889615940738,0.0571865124622024,0.335983340566041,-0.199102292262179,0.132628150840699,783.9,0.0
77202.0,-0.356326154090313,1.43530513012275,-0.813563965472736,1.99311717679272,2.0558775401316,-0.54357866590526,0.487691066602944,0.0854488054265826,-0.536351998021526,-2.23120932812687,0.273983570211148,-0.535839387011391,0.595677221650834,-5.14182349291966,0.732366764261792,0.623912780633594,4.09098324669186,1.63408402811385,0.26084733041578,0.303261648412104,-0.312862941766726,-0.687873797330169,-0.267002508610821,-1.15848006325515,0.271459963711122,-0.155397186179697,0.114328416432227,0.101525594435204,1.0,1.0
84789.0,-1.43086372778891,-0.802528699267131,1.12332029999445,0.389760264731692,-0.281213534404278,-0.055123492429819,1.32623248909333,0.195699815379613,-0.546889550453909,-0.71347376073502,1.27462907751277,0.0236821347785728,-1.52169610821701,0.727242085814848,0.166504662441577,0.348037591565135,-0.5663900830288,0.216016101767291,-1.14037564250718,0.634184289933654,0.325575470468413,0.0140018451191784,0.844946015847872,0.114962884542335,0.156364810543393,-0.619437446641754,-0.120351072821334,0.0355941733717493,354.33,1.0
44046.0,1.20502660346818,-0.932914723671186,0.112008788256888,-0.870065317721652,-0.861700594696565,-0.227747297293565,-0.588936058029073,0.0320889623298111,-0.833593449456672,0.752559632969382,0.607353225455398,-0.622891047239613,-0.700415339811137,0.198906976500446,0.262215379382191,1.72043670192645,-0.264505663279294,-0.68111318013915,1.18935727158736,0.270647302512968,-0.0432346441608915,-0.573113743159253,-0.0673121535511803,-0.543577682221191,0.238787976978262,-0.454402546486993,-0.0215168926584656,0.021385957780273,120.28,0.0
73668.0,1.03470599826706,0.0400362856313718,0.420633495755886,1.12522430085998,-0.221173944256372,-0.0394075490548647,-0.0458576037824322,0.109456160451122,-0.200663686368086,0.164998843663744,1.45596477053928,0.793117056996773,-0.352489719317531,0.600084185300153,0.567618119437994,0.12796205948889,-0.445288505525778,0.0193158012220511,-0.557663302549934,-0.067392175866547,0.14346207371313,0.312904910629689,-0.103243453699266,0.00785025768935819,0.476128297434659,-0.321323431443006,0.0222961030758698,0.0197564143066589,60.0,0.0
120765.0,-0.622364864978031,1.11746944846802,-0.192248721227571,-0.535932915230934,1.17137828352429,-0.738144498979769,0.976145230459415,-0.21752606468713,0.424662918626232,-1.02395720232311,-1.46074979959056,0.00885712229575986,0.377648131694691,-1.50438565139575,-0.79805689669549,-0.160909676596897,0.460493240502132,0.466265902317071,0.0767279909101698,-0.0158773192539979,0.0668776695484454,0.528013647845052,-0.448765324266141,-0.700299896392349,0.118553777923507,-0.189418795406074,0.162395945518378,0.27527342872885,0.08,0.0
116666.0,-1.40379686024249,1.00939327635958,-0.705775638846248,0.672220300165588,0.297452117894695,0.214587348150523,2.61611309305787,-0.695240193546413,0.349596478702509,1.75012393061562,0.400505640305072,-0.369903729133083,-1.40225290979595,0.121869537997754,-0.640900933589136,-0.931331923614293,-0.449886802551408,0.266317712734444,1.13367682347369,0.189206805152541,-0.297379426857098,0.622451122293315,-0.20274004872843,-0.462608018283012,0.249082240889747,-0.374851657713627,0.749154289469701,0.0752231023460293,255.0,0.0
72577.0,1.22469839160257,0.286914517759174,0.742973843208415,0.742891160660314,-0.715475778106894,-1.29199460813081,0.090356505924552,-0.254794269995281,-0.0320525843273772,-0.0739615971064532,0.30657491671254,0.687994752533779,0.490226653774717,0.217604661217246,0.963293721953641,0.13466561606572,-0.244663360326064,-0.749340224096208,-0.321286366683776,-0.0951602317769751,-0.219864105098989,-0.623805173017958,0.199917741929923,0.919962134136201,0.155763292352062,0.0607512415541878,-0.0264316682644715,0.0248426163982248,0.89,0.0
34256.0,0.539275913891047,1.5548897630737,-2.06618033324968,3.24161746276725,0.184735711234243,0.0283295594064726,-1.51552137985061,0.537035374444064,-1.99984603560986,-2.13317644293659,2.75617194535395,-2.24286436771513,0.615204246860345,-4.65280380668112,0.222163815521883,-0.775666019840941,-3.21861825150599,-0.370992501046414,-0.686196723569762,0.302734578907132,0.371773459120687,0.111954592156869,-0.305225078771695,-1.05383526243402,0.77117490696746,0.240878213732036,0.418434531995645,0.232169715166482,19.02,1.0
121530.0,-0.365334478337918,-1.37034367549332,0.25706435009556,-0.952257411622785,0.84369441352791,0.158832996718825,0.0686962880420078,-0.00129609719267829,0.460744171862553,-0.19441926094624,-0.227185638501138,0.281476327698996,0.670163911774748,-0.326139813875485,0.235469848537087,0.896970387195566,-1.33529734803872,0.968675878277426,0.739921013614932,0.683326471433416,0.320912504265334,0.614085987002525,0.395901940794011,-1.3763913453743,-0.614528953188203,1.2918305645677,-0.295231934620343,-0.238639131130875,178.14,0.0
93897.0,-10.3008197578448,6.48309458751086,-15.0763627200288,6.55419115286706,-8.88025172157215,-4.47167242014489,-14.900688599735,3.84017023811699,-4.35844142237671,-14.5331616869738,7.58874088021049,-15.8357188077344,0.135035383391472,-11.5670059165135,-0.077026912374336,-11.4674297370042,-19.1729963590355,-6.96985638421183,2.21175583268581,0.113244363257218,1.50874842459643,1.04164209875775,-0.682789602968657,0.573543946252624,-1.6023889741646,-0.393520821299559,-0.468892515546761,0.105920160381125,1.0,1.0
47982.0,-1.23280412810524,2.24411874456383,-1.70382579275654,1.49253586483501,-1.19298516971563,-1.68611021267902,-1.86461150490967,0.856122313785725,-1.97353527775248,-3.94238290411726,2.40165068027699,-3.39426561777896,-0.145161724970334,-4.32979551307589,0.758760885824274,-3.19904647594093,-4.48018356526203,-2.48566878350317,-0.0958074336903356,0.207889301735382,0.560475065574211,0.165681717805126,-0.0137535165177887,0.474935180269258,-0.218725074414735,0.302809125708237,0.46603094153746,0.250133538809307,0.76,1.0
118569.0,1.87433755349822,-0.462671961725733,-0.507654853963195,0.176502707112252,-0.416773349329836,-0.0493601226390702,-0.549222502689832,0.0715742222418541,0.992984222084132,-0.0814948051768671,1.02799559045253,1.48373364999623,0.806530312732044,0.0638047518087667,0.33419371531205,0.343394046067298,-0.971134028546494,0.810687829844969,-0.0622440584231282,-0.0557137814855192,0.310332761900664,0.953597287436812,0.103717693376923,0.786674914922782,-0.0716877352668115,-0.625013188322182,0.0469197584168265,-0.0259791947428301,50.0,0.0
96654.0,2.07933701365667,0.196398647964729,-2.04927105058811,0.055416513505525,0.835136505440099,-1.0477904050331,0.616426583077595,-0.49624721217246,1.13325123786727,-0.20768621026276,2.12652077707635,-1.3113222225622,1.99192418278796,2.33266353255712,-1.08119988539946,-0.484990312119944,0.189932072725404,0.181348096851332,0.182050637405324,-0.191913125103987,0.0585504262197128,0.491446221442356,-0.0184133110157906,0.776161591306817,0.413268923715417,0.142987524754693,-0.120138866197449,-0.0849168303219331,14.77,0.0
41203.0,-8.42681446458936,6.24165891255794,-9.94646974501132,8.19961393161759,-8.21309336768256,-2.52204605104398,-11.6430282742756,5.33950009801351,-7.05101582770698,-12.2653238444006,7.04773274001302,-13.7429528415799,0.821627223133927,-14.1074642630375,1.02047093981622,-11.8478871921138,-21.6739867132891,-7.78404247450965,3.20430921695579,0.563869352833826,2.42746037443776,0.692666548056743,0.0203051671536146,0.499809093124917,0.467593621860553,0.483161969665241,1.19567086957704,0.198294350072086,88.23,1.0
117857.0,-0.34220965364416,0.903780953235412,0.55696140758453,-0.195003497959602,0.112990731421682,-0.515819641566362,0.811485618273171,-0.554062753800827,-1.76343722384107,0.680459680122689,0.40590337617492,-0.780993864855876,1.02274623530359,-1.68801304852206,1.17202343895042,-0.339158859720727,2.33149596372612,-1.08481737512385,3.34464684271711,0.71447422344262,-0.0787882861148024,0.108075394484024,-0.290117968063973,1.11312079440628,0.447555926597171,0.199248247660413,-0.0811346177717071,-0.0613494962715328,40.0,0.0
32897.0,1.0607366097319,1.03169496928069,-1.7276705286159,1.43833094874733,1.57357217610606,0.187348323160988,0.383045517188161,0.260883181857903,-0.336487491692571,-1.7167997160109,1.63193536302519,-0.556648187998613,-1.05544133508007,-3.09047188125426,2.25323510794622,-0.189603361378068,3.95794564840097,-0.506125473832984,-2.38134933958729,-0.22718010279732,-0.100813454859649,-0.0792921850393306,-0.071380168826772,-1.31591766965375,0.514930692921142,-0.162503285662349,0.105867515932166,0.0803502665646088,1.0,0.0
80973.0,1.19607396828145,0.19588688900192,0.617846724293045,0.649473322483884,-0.474422323364698,-0.716192014966364,-0.0274757210117961,-0.0733069277042974,0.0572863886058497,-0.102382750413369,0.254483718925083,0.427970342025497,-0.0145900418038665,0.337226389006505,1.28744901766591,-0.0732265915174238,-0.0114937372862451,-1.06709169117447,-0.598354024929303,-0.15402777813623,-0.211910448478719,-0.58996056272686,0.21037494341049,0.387998817465311,0.0928992015941782,0.105005006790518,-0.0135873547444914,0.0181859543267546,0.69,0.0
41313.0,-13.8972058704019,6.34428045616839,-14.2816664432471,5.58100899740718,-12.8871331616131,-3.1461763671985,-15.450467216827,9.06028147442157,-5.48612077680694,-14.6764702497464,5.1483517210937,-10.7495919949504,1.58548896754337,-9.79801207658904,0.733276999106463,-12.675268899047,-20.7406637223494,-8.15366802624724,5.2283417900513,-1.02522792390103,3.05808183846397,0.941180290424241,-0.232710298333368,0.763508019302571,0.0754562386388435,-0.453839571774416,-1.50896825698328,-0.686835738780169,9.99,1.0
72873.0,-5.11845461876701,3.83967617128724,-1.07505331646496,-0.0877067927807527,-3.2465048492333,-0.155255414428907,-2.95460667713908,3.80516703801058,0.0245207562814169,-0.156045808595406,-0.528207160344555,1.87078953128887,0.19417766833575,1.71944201640847,-0.794260965977713,1.15124553423497,0.811639050725403,0.76128858818616,0.382810347281177,-0.00287754032211909,0.128912802992306,-0.191745400829316,0.175387332559921,-0.00677243719168785,0.706454767799522,0.391065268480156,-0.342057682483081,-0.0367966713384992,5.2,0.0
67890.0,-1.64508996700084,-6.00184467854561,-0.71057979649672,-0.600832690085149,-3.33654200979807,0.0877759782771486,0.895119664737331,-0.302006901678285,1.02107200630323,-1.28615443438019,-0.371868538482807,0.822447647153992,0.109979430865109,-0.137462162757254,0.629766109991831,-2.60692179479139,1.02365517584723,0.8352990423413,-0.553838197262045,2.53291430694357,0.421126769258346,-1.38520466892693,-1.19188478123782,0.47796093736396,-0.356919820922566,-0.334326900626528,-0.189186368551218,0.293834958388891,1529.16,0.0
55279.0,-5.75385192191905,0.577609830544052,-6.31278151817008,5.15940136394611,-1.69831984974091,-2.68328644007023,-7.93438913772177,2.37354992013064,-3.07307886895315,-7.14513662527302,6.25006758982915,-9.15082268467043,-1.37614146959781,-9.98258470738767,1.2022169675584,-7.56504249195105,-13.691474448179,-4.36686728138342,2.18142273556017,0.0175000205275833,1.17785240817647,0.175331359039045,-1.21112332108691,-0.446891081681294,-0.405520352964176,-0.165797490498776,1.50551591304239,0.359492050360598,1.0,1.0
77171.0,1.11855963468941,1.29185826269199,-1.29880532614411,2.13577170090141,0.77220369761071,-1.14729144173341,0.390577698285265,-0.107072317539989,-0.0383392686455211,-2.15251889070952,1.35275258963919,0.092848590126307,0.273152694590986,-5.01220235869184,0.303552415334761,0.731437272149243,4.15208557256771,0.985358288437165,-1.22925431837217,-0.0235757902669068,-0.346373779572415,-0.663587986293548,-0.102325808556082,0.0179105750224893,0.650301613577378,-0.332365629546077,0.105948676665863,0.12812372864866,1.0,1.0
93853.0,-6.18585747765758,7.10298492227346,-13.0304552638937,8.01082339822486,-7.88523736131971,-3.97454999359808,-12.2296077786617,4.9712317023058,-4.24830701294998,-12.9654812039222,8.68830799242781,-17.1829184301947,0.0695769150313325,-14.1161560074304,0.959031717400206,-12.3753337375636,-18.716764511809,-6.52201457322122,3.51795494036344,0.483930108481186,2.50277241039945,0.481691289576756,0.480957977547458,0.360318638811951,-0.293354295977635,-0.199193157971208,-0.203917328209747,0.398927185850218,44.9,1.0
96291.0,-3.55217282034342,5.42646054559111,-3.73181031980956,6.67906180701896,-2.18754337884152,2.43394023761172,-8.74811035885579,-12.1082840970182,-2.8563585144669,-5.66586179854092,2.54083553206878,-6.14705358343033,1.79689064160126,-4.32898899462283,-0.150037374792615,-1.83900466547168,-3.35463814070962,-0.282307261175205,0.148592393859995,3.79266672675409,-5.68899027177143,2.51097955615894,0.953932861684676,-0.542506228224687,-0.620152015985956,0.406012866709306,0.0230251633862463,0.164740605977244,33.59,1.0
55279.0,-5.75385192191905,0.577609830544052,-6.31278151817008,5.15940136394611,-1.69831984974091,-2.68328644007023,-7.93438913772177,2.37354992013064,-3.07307886895315,-7.14513662527302,6.25006758982915,-9.15082268467043,-1.37614146959781,-9.98258470738767,1.2022169675584,-7.56504249195105,-13.691474448179,-4.36686728138342,2.18142273556017,0.0175000205275833,1.17785240817647,0.175331359039045,-1.21112332108691,-0.446891081681294,-0.405520352964176,-0.165797490498776,1.50551591304239,0.359492050360598,1.0,1.0
57502.0,-6.69619076518182,5.13159158308398,-3.507234919791,-1.79492133169494,-6.07551659270456,6.31154199854068,-2.14601709961575,-19.7222381071959,0.863537819644929,-0.0504953115717346,0.387892416491984,1.28657257316831,-1.62158405698796,1.42805957284369,-0.247861427156521,2.00649553066637,0.0978160418818707,0.173680875255981,-0.709750101716077,-3.7800829022152,9.32432297200719,-4.79176271213129,-3.55006669136936,-0.322107087573733,-1.23428296279557,0.751676576896869,2.76677977382595,-0.137213958037494,1502.36,0.0
84586.0,1.18292061121045,-0.592921424871429,0.724243674268015,-0.951080165200014,-0.970501068465055,0.116313497174151,-0.88817168996082,0.380796158444304,1.86585439606987,-0.899329103002442,0.861899816328057,0.40382120471775,-1.96917683537548,0.430693977710706,1.05454494864512,-0.352875319446839,-0.13107087541137,0.574013173617711,0.625699258034275,-0.256193699009143,0.0233888113010805,0.225527047520642,-0.0372797025294929,-0.34131218280197,0.378135857931208,-0.647325071942451,0.0935718174046113,0.0142774851403686,1.0,0.0
64844.0,1.18527414147109,-0.0606358625416982,0.176438965008121,-0.0365946768429479,-0.54823820499832,-1.26442134057372,0.257321492435561,-0.276279548931743,0.115519960330829,-0.236462531073999,-0.155899941200846,0.183258613282572,-0.204237235007214,0.430798047300483,1.01719768045336,0.215065010298904,-0.207376369925837,-0.984761272875796,0.335521120000211,0.0317211842458687,-0.494708989951156,-1.63353942011942,0.23986250033201,0.387496549509982,-0.0753898150057576,0.540821103599642,-0.107011499761121,0.0174378485763957,63.94,0.0
15817.0,-4.64189285087538,2.90208643306647,-1.57293870931742,2.507298518227,-0.871782564349351,-1.0409025722626,-1.59390073966645,-3.25490508581579,1.90896268593707,1.07741752106048,3.33850216040272,-6.54261034532574,1.09953638182128,-3.26647554459315,1.01472790444294,-4.84238307827835,-5.269876299726,-2.34466857415508,1.95922405409272,-0.465679220344122,1.96359666634146,-0.217413915973245,-0.54933995583883,0.645545202036521,-0.354557818794591,-0.611763845006479,-3.90808047547799,-0.671248265147117,11.39,1.0
42474.0,-3.84300903438536,3.37511020399082,-5.49289319668564,6.13637764344382,2.79719546082743,-2.64616226518954,-1.66893106391951,-2.61755205155675,-3.94584260288362,-4.56525209408734,4.09721607443527,-5.4509164388957,-0.965692752165388,-10.9044588731508,0.526947764497797,-1.13975413041553,0.835639563488731,0.389774231161906,-1.43960797610281,0.0547955667305956,-1.2778115827927,0.719652000906672,0.451125175067876,-0.25809365058648,0.656129466667281,0.556676326289228,0.739383212515096,-0.203049673816441,1.0,1.0
65358.0,1.1939160689293,-0.571085006532232,0.742522413618004,-0.0145876823031251,-0.624560898094263,0.832161659907577,-0.833350424512102,0.272896998506182,1.16942539891152,-0.371671945168217,-0.245676823310174,1.37594135044076,0.870456831276252,-0.819319364809584,-1.55090356200859,0.125852995600752,-0.397245548944671,0.272377065433488,1.22602219788409,0.062908129152134,-0.0495024276847497,0.207265101065706,-0.265271877292053,-0.67929377017329,0.511811527633814,1.24660443744052,-0.0286711040907993,-0.00611200759772271,31.91,1.0
44577.0,-2.34632156271249,2.85706564183534,-4.12645084453817,1.79321141627981,-0.852069307698211,-2.12446461281158,-1.01906983842839,2.0543120087242,-0.538573170964123,-0.897341587674941,1.81591770556108,0.510180805580901,-0.829963964973196,-1.82202694851264,0.381638911096487,1.5967148015296,3.50200699566286,2.17636007854162,-0.34377014515725,0.0148576735301712,-0.0133692878989997,-0.293381546972234,0.248066524323223,0.168165243433702,-0.260055504951926,-0.408756605590762,0.0936218276759108,-0.187852705328737,1.0,0.0
41413.0,-15.1404496225073,7.37804241221284,-16.356367356494,9.19493491430021,-13.4661632895942,-2.95843050082103,-16.1655386244192,10.0752539455532,-7.90182112627786,-13.0094028057641,4.82823533219729,-11.0584014244364,1.99812557552295,-8.59204740189288,0.540385309176116,-10.6157452968661,-21.0178983428443,-8.39739305199317,3.18355894967976,-1.69148198782553,3.14742810473234,0.341677595071206,-1.15016247089952,0.795189734964946,-0.194542181109758,0.145963568626439,-2.45868034756574,-1.18988788135128,106.55,1.0
71843.0,1.19760244389691,0.174494656744234,0.319187763792876,1.41609916064944,0.469899174058688,1.22674804784771,-0.257122966640451,0.273378003456262,-0.482958901091079,0.491296360755061,0.103706570168744,1.0733690918283,1.15439314160836,-0.241880781777416,-1.02426155007367,0.581128325632773,-0.652327084366107,-0.542443776538765,0.147354799016214,-0.0216655917172832,-0.321670651176358,-0.777068107011791,-0.0394178666869888,-1.29154093255502,0.28750899112223,0.844725756778989,-0.0448060073439104,-0.0122160233265581,9.11,0.0
41757.0,1.31208273928076,0.623420696593052,-0.781589751378524,0.759214512703595,0.329351840017153,-1.17968163810181,0.381429697158592,-0.270621033509973,-0.0913253957459441,-0.703815009102202,-0.29893938859411,-0.45376315375122,-0.276134408765067,-1.27229840251471,1.03482251329648,0.709054152674701,0.871284198783064,0.462358717267335,-0.176401419196933,-0.0717219642781681,-0.189880426167228,-0.500166337872768,-0.1417339111105,-0.234082218282818,0.628003031666823,0.400764109353623,-0.0331359502035884,0.0372265414762442,0.76,0.0
68207.0,-13.1926709562391,12.785970638298,-9.90665002092758,3.32033688288942,-4.80117593230105,5.76005855618556,-18.7508891580107,-37.3534426378925,-0.391539743919107,-5.05250236713858,4.40680552357904,-4.61075647740608,-1.90948796970811,-9.07271093398351,-0.226074450896345,-6.21155748212485,-6.24814535335983,-3.14924669470095,0.0515761185277783,-3.49304991519446,27.2028391573154,-8.88701714094871,5.30360690376998,-0.639434802306313,0.263203123457008,-0.108876929971315,1.26956635541013,0.939407362758877,1.0,1.0
3749.0,1.34033976791843,-0.425672434018285,0.569684997470646,-0.705688685849232,-0.627896156927481,-0.00994628476148579,-0.812499650033317,0.021967223443201,0.244924561504097,0.358759053258404,2.41973876210142,-2.3010595174738,1.92801359948498,1.45706906157951,-0.36305924709941,1.20009914540863,0.849466843817488,-1.17117453869248,0.45811889733394,0.031880936276094,-0.184371607110468,-0.40624658270049,0.118994097478951,-0.378823573929345,0.151655758042494,-0.488486868789811,-0.00403836595112035,3.48333032290728E-4,12.29,0.0
41461.0,-0.983922023367714,-0.0690565081346656,1.23196811054967,-0.458403941381398,-2.05026342083814,0.624921521546016,-0.864850841086991,-2.63724723056996,1.50824507166317,-1.8805334729283,-1.14116027378228,0.362651780166799,-1.20160475902992,-0.0165747952490951,0.471870605870561,-1.61085296942731,1.28521206382286,0.33935058085996,2.74718685916576,0.723678478257591,-1.12987157647913,1.20816465127359,-0.71666000524537,0.528736089973011,-0.492845144903527,0.362296076630326,0.360357299782819,0.138258539102287,305.05,0.0
52814.0,-1.10184700698197,-1.63244121283891,0.901066556872515,0.847752885502341,-1.24909072939532,0.654936785498635,1.44886782586722,0.0233079125519542,-0.136742416820243,-0.150129182778684,1.17235508293037,-0.795988136674965,-2.13695096583302,0.578869439330842,1.4121147225086,0.0134668068434063,-0.119204381070058,0.826814373772222,0.476859902488945,1.23027784051309,0.610653920616913,0.835795006603528,1.17995542066426,-0.0290908864225033,-0.300895693792436,0.699174952578756,-0.33607170899039,-0.177586827857027,519.9,1.0
58822.0,-4.38422089880268,3.26466481012305,-3.07715801666012,3.40359359659281,-1.93807528041028,-1.2210812776781,-3.3103166090276,-1.11197501012863,-1.97759328056305,-3.28820356526528,2.88609147657536,-6.84897793447677,-1.02923459062256,-7.46010298330266,0.0559060176229105,-4.33478342671028,-9.87456039324105,-3.54190332932228,-0.531558760456647,-0.141533268810834,2.07638272101207,-0.990302787008607,-0.330358452316133,0.158377625833497,0.0063514462492984,-0.493860013315231,-1.53765237842389,-0.994022490842227,45.64,1.0
103808.0,-4.51734375344642,2.50022390414582,-4.01392753708116,1.18945163355882,-2.48686063585833,-1.41347553285281,-4.24570662259591,1.26508694822894,1.16882778968781,-4.51390660472333,3.69471123994721,-6.11044323287235,-0.110521636054475,-4.18455528093394,-0.93103463417672,-1.61471832598223,-3.35318018239636,0.236762036968587,0.0038960221310578,-1.05616226010439,1.32694422202396,0.102998961106284,0.508166904438541,-0.278017536127694,0.139721094971637,0.0646100247346309,-0.972358289293076,0.351359561196795,2.27,1.0
2195.0,-1.45318673663895,-1.17987548153436,-0.336759011494105,-2.48260042991897,-1.47518497879608,-0.0400198381756314,3.19410197832605,-0.465321183808136,0.519983462945639,-2.14654372671819,-0.917455692043361,0.771679322197565,1.78628413186524,-0.179959643231596,0.679686539813423,0.0316861692747545,-1.00275906834235,0.376377433534981,-0.15509193025938,1.54554674380927,0.55007005582127,0.70157074438946,1.23263490283362,-0.440244427477669,0.263097973887676,-0.145654489475284,0.155756204856965,0.264798452637395,668.5,0.0
86197.0,-2.27822085389247,1.72614814162412,1.08545588055782,-0.357657974758579,-0.558412525175302,0.799868561847341,-0.5048208893116,0.74147646935882,0.496943932027229,0.426757722195835,-0.165183686445797,1.22935078357952,1.30576931843976,-0.52438037405588,-0.704237288186681,0.56269924496397,-0.699357617954523,0.656651160701988,0.850111721984087,0.105925072514984,0.050436160788376,0.0568645526782112,-0.256158701426862,-0.785555846714354,0.0786577132546488,0.252257920973359,-0.951616645343669,-0.0873502328791864,11.5,0.0
72824.0,-1.11149523246612,-0.257575207100777,2.25020963478583,1.15267090326627,0.432904474488939,1.25412602800986,-0.58416279009186,-0.609681605347911,1.01460246273104,0.334532824069685,0.82637484441332,0.196886900487791,-1.88599349809323,-0.472025637126337,-0.578141395688259,-1.24300710102788,0.570459827436018,-0.159056766164096,0.407187527410462,-0.510613591931657,0.862912790109336,0.927825035064447,-0.343058085886885,-0.256268230425974,-0.600742165862083,-0.18033128765631,0.0267622260788268,-0.358335321215398,45.03,1.0
70270.0,-1.51251575792702,1.13313858781029,-1.60105247993576,2.81340096831714,-2.66450340578315,-0.310371093924795,-1.52089516380539,0.852995775116439,-1.49649450564954,-4.05629261571005,1.55375586796783,-2.74355135914945,1.50454067059684,-5.42878849870488,-0.0160171233729703,-3.72718761269833,-3.94629958919926,-1.68028644319238,2.30361261010114,1.24958556268985,0.729827756052255,0.48528591471162,0.567005413227757,0.323585691602658,0.0408708540928058,0.825813553299941,0.41448227186994,0.267265082454707,318.11,1.0
117359.0,2.04613304611523,-0.149265662328702,-1.2182024657684,0.214024437626082,0.0578750119705622,-0.678083570539242,0.0386055645640354,-0.133621021915524,0.386773888401753,0.257816134025546,0.520589334697619,0.723819516425729,-0.468853114209298,0.55145678790123,-0.575224771856494,0.229230530583399,-0.651091788331987,-0.18358639437386,0.586086016369541,-0.233409978728066,-0.269039534904716,-0.700858157491315,0.285593642052173,-0.42068884082655,-0.293985968824447,0.204373310996802,-0.07847440134015,-0.0751475139069564,1.98,0.0
100501.0,-6.9852674861123,5.15109356872598,-4.59933777342036,4.53447860064768,0.849053978611719,-0.210701203278644,-4.42522968507474,-5.13452515572624,0.0693205728889109,-0.870997150804889,5.20081516878268,-7.80222778971281,0.0339124179895287,-7.56013197197136,-1.01465193469311,-1.50792960088674,-3.41027456780471,0.107544007359072,-1.37551765637273,-1.24699631854492,5.45367185347674,-2.05617714358307,-0.280333720590026,0.120771472511766,0.569357720918146,0.145971466001576,0.300193469284684,1.77936385243205,0.76,1.0
45541.0,-1.51924353075082,2.30849245367643,-1.50359931953802,2.06410058377601,-1.00084505842829,-1.01689703316417,-2.05973051990126,-0.275166374590629,-1.56220609694371,-2.75579692797163,3.43824825990431,-3.52152936013651,-0.918761288376486,-4.45210024854037,0.499313753853031,-2.90790343439971,-5.24864639527919,-0.936814652613817,1.16012029433585,0.175018552247898,1.30787143187069,0.102825644139183,-0.0177462832428156,0.149695925673219,-0.0966024680642115,-0.369114567720136,-0.0192440931269227,-0.20831909164279,1.0,1.0
100298.0,-22.3418888868038,15.53613332478,-22.8652284959099,7.04337354768731,-14.1831291919342,-0.463144880408286,-28.2151120538009,-14.6077905214735,-9.48145633401495,-20.9491915543611,4.73958247105186,-11.9249546896802,-1.50141102577851,-3.83678146634435,-2.72032883823594,-8.88010567222989,-15.8251362851177,-6.75042522352437,-0.129188144339879,4.10001904830367,-9.11042257588182,4.15889482041313,1.41292844456256,0.38280067392155,0.447153952515532,-0.632816336434319,-4.38015425911661,-0.467862869164174,1.0,1.0
77584.0,-0.964381045605559,1.37392450220099,0.677102730702622,-0.121423069147775,-0.191863384690626,-0.570486654391657,0.177365311277368,0.582290648691069,-0.469596817190357,-0.232841383588925,0.913780004668427,0.185659698051791,-0.759522231567775,0.176635620084838,0.297299494770366,0.821968638099488,-0.150179182529879,0.599274058350988,0.292635784814995,0.102805637612577,-0.230756758015752,-0.74870156061067,0.0122834054894946,-0.0770700338915996,-0.101266785541259,0.0846306058826192,0.218085012985827,0.0784884894735929,10.2,0.0
69958.0,1.1350336647025,0.275001262532302,0.255777713139756,1.10499444260209,-0.297172963379848,-0.503109429472682,-0.0903604426387919,-0.0301760405439422,0.435520925867151,-0.844077895001789,0.276137460514859,0.840684594679728,0.590330056128575,-1.68373662135551,-0.099355578130808,-0.323515268473605,1.48446015661906,-0.623748598190165,-0.504574340689706,-0.0625028286548122,-0.121665576709557,-0.0333191097846429,-0.0356380465147822,0.362420222539924,0.459466610832572,0.418148460047245,0.0238536663413255,0.0447215303259981,12.31,0.0
43369.0,-3.36531852073793,2.42650326490524,-3.75222652688429,0.27601659835291,-2.30587029698066,-1.9615783188747,-3.029283444673,-1.67446174770883,0.183961286375875,-4.98092843827312,3.65788166668826,-6.40982235504524,-1.0873102947816,-8.50943318717532,1.43257178733402,-5.36989001074152,-9.06907940021057,-2.81980659631422,0.874542948076265,-0.0368373256714411,2.07000816413804,-0.512625728150551,-0.248501692422131,0.126549624264963,0.104166256940212,-1.05599732614735,-1.20016496678239,-1.01206584314534,88.0,1.0
41170.0,-6.49808616880785,4.75051466030858,-8.96655783136602,7.09885431317009,-6.9583762227814,-2.82212618665779,-10.3334056561063,4.03190730189525,-6.64877821018697,-11.6344144245911,6.87757089846463,-13.6976856184689,0.463040401836978,-13.0441824003561,-0.309229265664683,-12.3175797238757,-24.0190985475902,-9.33519307905321,1.95189049542104,0.568338010653019,2.15814308370257,0.1115103626317,0.216413836254987,0.584661255488016,0.760359507805524,0.0819723426822078,1.41506751068321,0.0351241448009389,83.38,1.0
29112.0,1.28653616163264,-0.911299049142008,1.17974922592699,-0.331700370134785,-1.79033003148561,-0.389332889373625,-1.13376974293705,0.080460290682123,0.0992563466462375,0.500037581944955,-1.04291899158402,-0.327854547593636,-0.510891340579166,-0.424570973707809,0.198873036784376,-1.26043229934412,0.211521806810924,1.06733900305863,-0.598298429495421,-0.49302978749202,-0.478464146139277,-0.804139610099928,0.138104803634127,0.403666400394948,-0.0307267233465207,0.960560434517993,-0.0150671354787615,0.023347698479158,26.9,0.0
53871.0,-0.362075413804399,1.03558036199386,1.03515458679226,-0.106551502053331,0.471821529630371,-0.215008175073226,0.61264768431889,0.10771373315704,-0.341774754248984,-0.55204788159016,-0.493563276564812,-0.241209523875819,0.0607534792180617,-0.405879963634789,1.20033981949677,0.253159577815165,0.0991406766382562,-0.394496872503734,-0.246595638267899,0.101086278627624,-0.270081887945343,-0.68574179770187,-0.040666658970525,-0.519660770891219,-0.164375857005489,0.135269200764298,0.259037134075068,0.0896613311106759,5.98,0.0
35087.0,0.510168768155568,-2.53963061925506,0.176184394538763,-1.61387098948828,-2.02075122447102,-0.279000280826957,-0.415542905318208,-0.145151585531464,1.11787283610435,-0.762916120250042,-1.24615869022023,0.732673869370735,0.670200853065278,-0.57244877418362,0.240185521649034,-2.24160414875749,0.38048125656811,1.26368529256975,0.450950417571086,0.464151821126595,-0.298098644335934,-1.04249878485907,-0.393458410374085,-0.0754494229220148,0.236096881545239,-0.201469265486257,-0.00207267338921608,0.10505239333776,466.16,0.0
68207.0,-13.1926709562391,12.785970638298,-9.90665002092758,3.32033688288942,-4.80117593230105,5.76005855618556,-18.7508891580107,-37.3534426378925,-0.391539743919107,-5.05250236713858,4.40680552357904,-4.61075647740608,-1.90948796970811,-9.07271093398351,-0.226074450896345,-6.21155748212485,-6.24814535335983,-3.14924669470095,0.0515761185277783,-3.49304991519446,27.2028391573154,-8.88701714094871,5.30360690376998,-0.639434802306313,0.263203123457008,-0.108876929971315,1.26956635541013,0.939407362758877,1.0,1.0
13323.0,-5.45436177939673,8.28742055534983,-12.7528112729386,8.59434189301081,-3.10600228114338,-3.17994875686414,-9.25279393795831,4.24506220985367,-6.32980084623466,-13.1366983691039,11.228470279576,-17.1313009454468,-0.169401056814124,-18.0499976898594,-1.36623566099065,-9.7235653091894,-14.7449024646768,-5.24730110631125,-0.574675143795817,1.30586191483437,1.84616479291417,-0.267171794223081,-0.310803969751621,-1.20168545799806,1.35217609502433,0.608424596360403,1.57471478384204,0.808725205090233,1.0,1.0
45061.0,-1.42532527844328,1.71338477130985,1.48654218668157,1.72748036278812,-0.604726290229777,-0.633704731444376,0.0966491528850157,0.824033759118063,-1.13576536544585,-0.512042839118098,-0.919528719386779,0.606387158065942,0.170134165711919,0.306545987594867,-1.55712876000213,0.541727269078824,-0.0572910691818426,-0.747825973823983,-1.49203639911203,-0.447627248016709,-0.0338913187765332,-0.373426138659376,0.115448247068588,0.894192580016153,-0.321968163493488,-0.453757959583194,-0.266764108958699,0.0163606897389829,8.0,0.0
100223.0,-19.6418567335974,14.7063346696674,-22.8012376947782,12.1146718424589,-14.898112530969,0.840777704221173,-28.0112929096778,-11.9196388199434,-8.9609216998511,-18.9132433348732,4.971248707036,-12.6863075224956,-1.07144311342478,-7.38337003956967,-2.99243029925503,-8.58230865037102,-13.8065681285297,-6.00035879778826,1.42263161326029,3.83464904792346,-8.22887409813848,3.31817776987025,2.58521234602075,0.195008569338351,-1.19480304002391,0.0384229399473607,-4.12674625203028,-0.645329219040983,2.28,1.0
50644.0,1.23490777743414,-0.0505714259255809,0.44736597129341,0.0525854613344267,-0.712600540688142,-0.902935669440245,-0.187374730643152,-0.0629784465580867,0.0484145468437586,0.067341245499448,1.47438109838375,0.576701572195018,-0.642264113783151,0.529856130737787,0.39707099523958,0.405536744509237,-0.451318088715249,0.181086639320493,0.141613001620818,-0.107738459604318,0.119645782833484,0.33064923480089,-0.0508951948234646,0.605798283767959,0.325616569380006,1.08708157684981,-0.088852984382156,-0.00834281270436734,3.45,0.0
57926.0,1.00238172457032,0.52597593507689,0.946079306609168,3.47092448741514,0.131833071715525,0.876176289703374,-0.201643117989368,0.33783704323372,-1.35005121896832,1.31014297855423,0.869679260844061,0.135534385380185,-0.405924449881908,0.45150050648266,-0.0756564974225166,1.25993424411056,-0.918501247619224,-0.0436410482316111,-1.53070893757578,-0.138230710026834,-0.0264815006815686,-0.271208679409821,0.04396168935684,-0.363847116752567,0.184377383847137,-0.105022313347651,0.00530202773391837,0.0217394766337642,36.8,0.0
51112.0,-9.84877583247984,7.36554648639464,-12.8985382309124,4.27332307326376,-7.61199101126967,-3.4270452374345,-8.35080815251842,6.86360392236365,-2.3875673251028,-6.06578236274727,2.70785640511515,-6.13603446645473,-0.545976095807375,-7.02898027290706,0.916068574603162,-4.09288449351717,-7.01462170672071,-2.5309672589153,0.554027499068527,0.832398066019608,0.931958309450931,-0.87446736131737,-0.192639469446569,-0.0354260265633338,0.538665050436448,-0.263933516556866,1.13409509350836,0.225973163975667,99.99,1.0
48865.0,1.43892171663539,-1.18808980475059,0.397267510873783,-1.46887651201951,-1.49525321374663,-0.288239692178913,-1.23931410325849,0.156516804924146,-1.78516234358643,1.63010337660448,1.07726118113932,-1.23984817859051,-1.74172532681233,0.341574585424708,0.351914169063468,-0.397734883992704,0.658085772226037,0.265751853229779,-0.297445843165488,-0.493711927078968,-0.161843741196151,-0.169020804240242,0.0802126276161877,-0.063837663028075,0.213646741270067,-0.186259557089003,0.0293973121594858,0.00213522652884412,10.0,0.0
83934.0,-0.433222446537596,2.42837911824053,-3.99645439738162,4.87129854095106,-1.7963078560437,-0.586867589935922,-4.65454261848565,1.28522967071729,-2.74353881589949,-5.63894131284807,4.3437434980468,-6.65573446968769,-0.293108662762872,-9.50514082568186,-1.39614905931922,-4.85032315924603,-10.0062528282393,-2.78959811229388,0.98258385892977,0.745029329890697,0.713558821786954,-0.408953595906886,-0.320889532152165,-0.804230275167984,0.962851575679124,0.199558010666927,1.09453318209808,0.541147567735467,1.0,1.0
35489.0,1.3693778813338,-0.640974785811397,0.345845471541924,-1.06580478747402,-0.453116862462,0.791406093174075,-0.951330565623469,0.211425437163393,-0.900485483695393,0.735939782718574,0.393309178479866,0.765601890149909,1.60624087325165,-0.190860850282961,0.754964967460096,-0.637510083450575,-0.729952479670016,1.43141009245114,-0.446456424876408,-0.368246388734709,-0.470949726030167,-0.841573871339948,0.038623341377864,-1.31564025719938,0.0219144187469549,0.949950436964397,-0.0124551517310188,-0.00354674359307144,8.97,0.0
54096.0,-1.26951544829524,-0.196574843364272,0.659067283671578,-1.50796679341796,-0.487453456595518,-1.40921666634844,0.151587362584519,0.221826830200132,-1.52573714064276,-0.083014341888585,-0.574317788927672,-0.39541221179959,0.71787545652052,0.0101995223318027,-0.122855087037394,1.25521273920183,0.14877316969409,-1.27639272845221,-0.135631947418068,0.473970233361663,0.442352766135142,0.791480871504073,0.069937747065518,0.42562811876699,0.0109454638204915,-0.331850424985896,0.212501016346808,0.0517680171045315,105.4,0.0
77182.0,-1.41085190223088,2.26827061391536,-2.29755364869312,1.87133052690782,0.248957097554545,-1.20879869131782,-1.35864849113679,1.10291613180529,-1.31736377078276,-4.62691916410905,3.35763973653551,-2.99881490434833,-1.95678634545881,-6.76663337149207,-0.869899592420961,-0.868576751992314,-0.370333268936992,0.419265507331837,-0.894893657235367,0.0580625903425241,0.155380926745126,-0.614880421672272,-0.196125537805858,-0.464375543427361,0.118473100986687,-0.484537034984231,0.373595915880442,0.187657248903867,1.0,1.0
53076.0,1.29623080363477,0.417447287721689,0.193963067987499,0.901644194576026,0.13053136701763,-0.371634020776762,0.158125823740231,-0.202668656827626,-0.0795117562857989,-0.0450882478448673,-0.876737591678351,0.687487636238951,1.5747177026257,-0.00779123029058128,0.948315691837591,0.37715383740261,-0.868182736046053,-0.0671351121445059,-0.0644929660672327,-0.0295593500917474,-0.112113509551068,-0.2200020323662,-0.121021883862135,-0.440454448442227,0.671540040565908,-0.413518433654353,0.0328380408333744,0.0206001971066775,1.18,1.0
93879.0,-12.8336314219519,7.50878980635543,-20.4919522106577,7.46577999198461,-11.5753037055975,-5.14099947650773,-14.0205637048257,8.33212047126021,-4.33771253089739,-15.5637913387301,7.61081978841573,-15.5923232225286,0.504789055226229,-13.2478885958622,-0.796526030140245,-10.3423283585648,-16.0445243414767,-5.8821359384126,1.57369789640089,-1.37892322363159,2.96684240389381,0.615344322057327,-0.766494757432984,0.431261005079751,-0.104974994617143,-0.0100913270781415,-2.4008113496639,-0.720556600051925,104.03,1.0
66037.0,0.286302363835244,1.39934474808556,-1.68250270884931,3.86437703955242,-1.18537340204974,-0.341732013808781,-2.53938012266357,0.768378375007388,-1.54788162780199,-2.65971794652165,2.6215881261205,-3.46236188507757,-1.05430017332918,-4.95582330430277,-1.40027445820489,-2.33994291742419,-5.19779447735003,-1.34281449785555,0.288846910516582,0.270360155086889,0.352456413618901,-0.243677652080658,-0.194078546536702,-0.172201087463232,0.742237197555102,0.127789797006944,0.569730790365159,0.291205858831994,7.53,1.0
35188.0,1.44674075612096,-0.872075630829553,-0.0795092682026108,-1.38332755216797,-1.14330114964681,-1.12625443835097,-0.458615061554014,-0.335905057967898,-2.57590931084047,1.63227508441487,1.52988758857582,0.174444578545246,0.915807538951832,0.05394486273841,-0.509837583822225,-0.666813594388067,0.453188371615333,0.100441819219312,0.0729875090868222,-0.237951418831039,-0.0817940659084057,0.0966996659622649,-0.102698860139398,0.553270690423737,0.635335067006778,-0.118399404813447,-0.00779728853667034,0.00494669859220874,43.0,0.0
42985.0,-4.07597468486268,0.963031254092613,-5.07607019842086,4.9559633578155,-0.161436852450419,-2.83266299767191,-7.619765445461,1.61889544068454,-2.99209215744034,-7.14219911358407,6.27866584548672,-9.40706094796316,-1.81887396082411,-10.7395718907673,0.224206083734093,-8.42708279627514,-13.5021528919623,-4.71296758855481,2.6304759946371,0.0588612515023862,1.03073825203134,0.165327776328984,-1.01750231442165,-0.477983380813876,-0.304986825039416,-0.106089275128594,1.89971434181658,0.51146170682063,1.0,1.0
8528.0,0.447395553302475,2.48195386638743,-5.66081393141405,4.4559228120932,-2.4437797540431,-2.18504026247234,-4.71614294470093,1.24980325173147,-0.718326066573691,-5.3903302556601,6.45418752494833,-8.48534657377678,0.635281408794591,-7.01990155916612,0.53981407134798,-4.6498642988132,-6.2883575087823,-1.33931232244731,2.26298478762517,0.549612970886705,0.756052550277073,0.140167768675,0.665411100673545,0.131463791724986,-1.90821741154788,0.334807598686864,0.748534284767756,0.175413794422896,1.0,1.0
41170.0,-6.49808616880785,4.75051466030858,-8.96655783136602,7.09885431317009,-6.9583762227814,-2.82212618665779,-10.3334056561063,4.03190730189525,-6.64877821018697,-11.6344144245911,6.87757089846463,-13.6976856184689,0.463040401836978,-13.0441824003561,-0.309229265664683,-12.3175797238757,-24.0190985475902,-9.33519307905321,1.95189049542104,0.568338010653019,2.15814308370257,0.1115103626317,0.216413836254987,0.584661255488016,0.760359507805524,0.0819723426822078,1.41506751068321,0.0351241448009389,83.38,1.0
72824.0,-1.11149523246612,-0.257575207100777,2.25020963478583,1.15267090326627,0.432904474488939,1.25412602800986,-0.58416279009186,-0.609681605347911,1.01460246273104,0.334532824069685,0.82637484441332,0.196886900487791,-1.88599349809323,-0.472025637126337,-0.578141395688259,-1.24300710102788,0.570459827436018,-0.159056766164096,0.407187527410462,-0.510613591931657,0.862912790109336,0.927825035064447,-0.343058085886885,-0.256268230425974,-0.600742165862083,-0.18033128765631,0.0267622260788268,-0.358335321215398,45.03,1.0
17187.0,1.08837493830851,0.898474023721059,0.394684329076182,3.17025757451452,0.17573879687403,-0.221980885195245,-0.0229887284923858,-0.0108735366656839,0.860043617194172,-0.592472935320844,1.07272839973578,-2.54755681422931,1.23595005675711,-0.330305803751441,-1.02235437464957,0.335642172519614,2.29899822072815,-0.1620962094812,-1.53270721248432,-0.217358192249005,-0.423553904215867,-0.800852284805578,0.0776144554303444,0.167608452574198,0.350181817443194,-0.118940929478619,0.0129477659306532,0.0542542721018558,3.79,1.0
75556.0,-0.734303155037818,0.435519332206195,-0.530865546585229,-0.471119606930407,0.643214386605141,0.713832369657908,-1.23457207133269,-2.55141159871634,-2.05772382572102,0.166830707878014,0.567551954604602,-0.85805991589575,-0.448067929957678,-0.264936238828755,0.88886293915465,0.838120616560385,1.42505965449185,-0.169664182600728,2.50202738858443,0.864536120628702,-1.00487737851609,1.15035358786928,-0.152555282700309,-1.38674463324096,0.00471601482800044,0.21914583821982,-0.0582573076118087,0.158047988697071,29.95,1.0
41991.0,-4.56634156694274,3.35345148012501,-4.57202780762531,3.61611930403552,-2.49313810882875,-1.0899997127127,-5.55143306976649,0.44778308394893,-2.42441402571208,-5.69992228265959,3.58682418337431,-6.63622904939297,-1.1281764439465,-7.24554959537009,0.638325536245456,-6.85681003898144,-8.85187850534679,-4.5918832274368,0.936939858866071,-0.249127726683026,2.67446587862872,-0.0208799797343963,-0.302447083877198,-0.0863964000107124,-0.516059779833395,-0.295102234035121,0.195985145691014,0.141115102721758,1.0,1.0
59385.0,-7.62692409246447,-6.97642000754641,-2.07791115073952,3.41675415987856,4.45875840248762,-5.08040779918275,-6.57894786782983,1.76034141396682,-0.599508728352202,-4.00174208524931,2.61176184321338,-2.21069105518154,0.145323220628924,-5.28167813117348,-1.44622731547596,-2.34217826208892,-4.44208205885268,-0.812202197039381,0.254771833248553,2.87526030369363,1.22479498325958,-0.656639147267532,-0.330810728527997,-0.0789460153087798,0.270305924800976,0.431119110160139,0.821381426988655,-1.05608777393768,18.98,1.0
27219.0,-25.2663550194138,14.3232538097233,-26.8236729135114,6.34924780743689,-18.664250613469,-4.64740304866878,-17.9712120192706,16.6331030618556,-3.76835097141465,-8.303239351259,4.78325736701241,-6.6992520739678,0.846767864669643,-6.57627643636006,-0.0623303798952992,-5.96165987257541,-12.2184817176797,-4.79184198325342,0.894853521838799,1.65828884445902,1.78070097046593,-1.86131814726914,-1.18816729293127,0.156667050663465,1.76819198236914,-0.219916008250323,1.41185477685432,0.414656383638367,99.99,1.0
81125.0,1.11201726228865,0.076702662306457,0.607515766680764,0.492409501002338,-0.542440304295261,-0.75613764933319,0.0521548737202569,-0.109282400119905,-0.30578568261934,0.0374500578367621,1.79634165459359,1.46751572478488,0.798869922948035,0.331289640045962,0.263234011297151,0.450673569327311,-0.618627750909207,-0.288057535214962,0.154842307524937,0.0533352678333798,-0.251445024487643,-0.863126808576738,0.16747582505492,0.55171536602571,0.0510061868458986,0.0645893434739989,-0.0445739063244696,0.0212928895007152,50.0,0.0
92102.0,-1.66293711018596,3.25389242362715,-7.0404847120185,2.26645647990886,-4.17764891282786,-0.746924828187599,-0.248336733243902,1.09115651568673,-0.307137450847617,-5.56794705115052,2.71273940377591,-5.94840312668093,2.14472605490538,-4.21175592358692,-0.137195538810617,-2.63940913979839,-2.53235540606601,-0.667067027160165,0.626059293435215,-0.842178336511866,0.450381285220709,0.521161529635377,0.308325446158517,-0.318011840652356,-1.25536156975299,-0.691963403718384,0.264878381232973,-0.130444804408444,600.73,1.0
12393.0,-4.06400473842815,3.10093489093256,-1.18849800365476,3.26463274045175,-1.90356235801726,0.3203505872957,-0.954940039087007,-3.27753491983773,2.82082866173719,1.01511287978593,3.18718689736493,-7.00432728360605,0.872710605485111,-6.22060535304292,-0.904444629573358,-3.07509188469837,-5.04473569177435,-1.71808268516882,-0.662462068430895,-0.531897693292296,1.68866543097474,-0.0788446980063478,0.19373092657711,0.479495953884992,-0.50660305739906,-0.409862744197452,-3.03627132936069,-0.630605198840545,179.66,1.0
56129.0,-2.37167891163563,-1.21015369600832,2.54130865252192,0.36341404376214,1.1913680649629,-0.00349319491033925,-0.0147844349654304,0.190107923864214,-0.116184082130825,-0.244246274388168,1.07801697662445,0.421232710414512,0.022756446530537,-0.243056142411484,0.598654010337723,0.784289515618172,-1.14452364292979,0.61474069056753,-0.936297203264702,-0.224240491609459,0.0781742326730211,0.682230261107373,0.984363192017958,-0.343358860321038,0.588780450956574,-0.387079860526554,-0.021538460928381,-0.261452060630201,45.0,0.0
11581.0,1.06842132273644,-0.330169328598312,0.592562500130354,0.211045552434745,-0.330439452533894,0.559317372313907,-0.526471486207325,0.222059109014021,1.84098392582175,-0.658678256268169,2.34410057758936,-1.32714830885404,1.15585731985224,1.52722570457034,-1.1957466109183,-0.770989918617181,1.2535837439267,-0.809238437202563,-0.186707203819684,-0.135254301854548,-0.141044271578425,0.0307019070769547,-0.0251694054431583,-0.240843496885359,0.219866334007013,1.11203983958221,-0.0727430235864734,-0.018137538167432,40.0,0.0
12195.0,-1.00095551530933,-0.0557062140624319,1.54953473125487,-0.820039657349189,0.504232327978839,-0.692161630011417,-0.108571647169537,0.218785419215206,1.77065328028906,-0.944049665298197,1.06757020921064,-2.59848464542458,-0.324369112830707,1.58175914380296,-2.26983920463632,0.161589124848187,0.340299222710883,0.467741541969884,-0.043054150873869,0.0196629705038045,-0.142432340222378,-0.165271916288838,-0.0832906737617605,-0.0301302989131992,-0.205500156775028,0.870239891848844,0.217319518240136,0.169888401325643,6.03,0.0
81751.0,1.15823140760241,0.319896213659699,0.498564149628223,0.77202939822269,-0.417296464700977,-0.894366793530544,0.0596930827437673,-0.124404918578498,-0.0693661229876513,-0.343616437152957,0.698855823093707,0.708899711866261,0.515133728210166,-0.304904800820455,1.26423664591089,0.0135210218250403,0.443679761619158,-0.968744251827604,-0.762720517422276,-0.0853318007734944,-0.214858288395531,-0.589720012448869,0.211645375744157,0.577721912150612,0.0825158685496219,0.0888334335452899,-0.00501418579578487,0.03526349826983,10.99,0.0
79352.0,-1.70422255669736,0.214912816202512,1.95333448781698,-2.31692984716344,-0.559669100772138,-1.20069133668868,-0.205375353951936,0.493855330718249,1.3025973382848,-2.21794540036058,-1.02513014187616,0.242727800769177,-0.945098863857115,0.0869962505316204,0.185639725373167,0.256621339683523,-0.52726645609424,0.274898674240112,-0.93510722450984,-0.438163718261576,0.0746985609357553,0.0635600802626706,-0.493410162527098,0.38489671205126,0.582274416181287,-0.94048231735732,-0.0978234891402344,-0.130886468354176,1.0,0.0
44675.0,-0.447859031305523,0.586124563817333,0.947331876497982,0.145071626509594,-0.139180717091909,0.967167019866772,-0.296025490614733,0.827735623792894,0.143407444589099,-0.750561927259563,-0.115575661677474,1.05924475413479,0.0431320492304894,-0.123220771738255,-1.61992169758237,-0.296605538901447,0.110065907267105,-0.110110429993925,0.637485091615921,-0.18543137531625,0.034271713303948,0.275187279753618,-0.0929762346493958,-0.753318723697701,-0.222317848017905,0.379199677945059,-0.0595143474939299,-0.0471871742537021,18.3,0.0
85285.0,-7.03030814445441,3.42199090467553,-9.52507177254752,5.27089100906596,-4.02463027558805,-2.86568161775739,-6.98919473439446,3.79155093755913,-4.62273033596451,-8.40966487562735,6.30904400603177,-8.57676143258937,0.246746716929862,-11.5340460181508,-0.3642651387587,-5.45249465771382,-11.8875700201872,-3.56358481007011,0.876018768156628,0.545698040621445,1.10339774484256,-0.541854751589521,0.0369432219896495,-0.355519004066217,0.353634382097,1.04245799282131,1.35951563156376,-0.272188101257294,0.0,1.0
80571.0,-0.598189166267646,0.448322029009861,-0.439509103994383,0.259643896519814,0.920470170773295,0.329378611760565,0.460648435458693,0.461847403127391,-1.15816581091358,-0.232945153773313,0.330868437984888,0.979537561014583,1.20184340951708,0.794477414766095,0.440586582755952,-0.0572076850072106,-0.305541204346801,-0.113078612031906,1.53345924892733,0.297307010221512,-0.0547564890274957,-0.513348347237119,0.368349456169818,-1.33016591030294,-1.27432333377188,0.135086282153479,0.0748219262432384,0.0863454724636555,88.85,0.0
59840.0,-3.21538175967748,-0.364223121381638,-1.26188334354906,3.79494903930385,0.71120593031272,-1.31647560298004,-5.16514055601052,0.625278383544947,-1.582300584728,-3.25263359468289,5.04075120270381,-5.31444220386187,-0.656470662006063,-6.23304367078495,0.974771279276835,-6.8903177453801,-9.51641148491956,-4.36412771489086,2.59857755637223,0.0196261688931224,0.40134124079647,0.152191258747201,-0.93467547449829,-0.256148382367333,-0.469403308828214,-0.282495914081921,0.86607691066145,-0.433465943783225,5.91,1.0
68207.0,-13.1926709562391,12.785970638298,-9.90665002092758,3.32033688288942,-4.80117593230105,5.76005855618556,-18.7508891580107,-37.3534426378925,-0.391539743919107,-5.05250236713858,4.40680552357904,-4.61075647740608,-1.90948796970811,-9.07271093398351,-0.226074450896345,-6.21155748212485,-6.24814535335983,-3.14924669470095,0.0515761185277783,-3.49304991519446,27.2028391573154,-8.88701714094871,5.30360690376998,-0.639434802306313,0.263203123457008,-0.108876929971315,1.26956635541013,0.939407362758877,1.0,1.0
77492.0,-1.18923945206427,0.474790538060938,1.65446321289703,0.0914838695322681,0.799569476525132,-1.08852465623056,0.4131085711252,0.0189180084347898,-0.123123318269326,-1.5251205064426,-0.522250337315285,0.16632665959946,0.190026936009159,-1.78500948347063,-0.848538999441543,0.215687131660065,0.902534273878033,0.0872281137168588,-0.506907281046704,0.122199478244176,-0.0768164278560199,-0.228860996752141,-0.28323548641754,0.336974220626675,0.604135904789534,0.325452798599818,-9.70236703158378E-4,0.0963393277565105,10.7,0.0
57007.0,-1.27124419171437,2.46267526851135,-2.85139500331783,2.3244800653478,-1.37224488981369,-0.948195686538643,-3.06523436172054,1.16692694787211,-2.26877058844813,-4.88114292689057,2.25514748870463,-4.68638689759229,0.652374668512965,-6.17428834800643,0.594379608016446,-4.84969238709652,-6.53652073527011,-3.11909388163881,1.71549441975915,0.560478075726644,0.652941051330455,0.0819309763507574,-0.221347831198339,-0.523582159233306,0.224228161862968,0.756334522703558,0.632800477330469,0.250187092757197,0.01,1.0
8408.0,-1.81328048476897,4.91785071056565,-5.92612969400656,5.70150043141163,1.20439257214362,-3.03513754815611,-1.71340206347108,0.561257390902032,-3.79635425171163,-7.45484065078351,7.38805512292025,-10.4752286504099,-0.379314526756117,-11.7367291212569,-2.08698895215593,-2.44235398293755,-3.53552351168246,0.130360306640887,-2.07145048844325,0.576656033332069,0.615641835107552,-0.4064272753179,-0.73701807643754,-0.279641772215917,1.1067663744335,0.323885477719453,0.894766671515833,0.569518600269514,1.0,1.0
39772.0,1.23248337864237,-0.808895523344285,0.285954301631556,-0.716559319476907,-1.11541691413236,-0.553290887620095,-0.555927091682371,0.0244883529345368,-0.874231653935341,0.835776202067174,0.726028127142959,-0.326778985075823,-1.26737663292495,0.609504581706831,0.469149878288234,-0.747563875004039,-0.347343904927545,1.41173758818865,-0.227877585369974,-0.413110358044656,-0.682285862204365,-1.81749239170165,0.215222786868583,-0.0604413418137242,-0.197639968882306,0.640528323162482,-0.0812159530302984,0.0115650794530223,76.32,0.0
16013.0,-1.14773358501352,1.15956632717055,1.30690149768308,-0.987439370397058,-0.738881048971789,-1.32584291646003,0.200700040657712,0.15001642414463,1.92550274724181,-0.391441536460011,0.551889151840521,-3.0022108974811,0.334445109246202,1.59642574636733,-0.0751325186788376,0.59099288438064,0.276896915369711,-0.0683312569110198,-1.14030517642936,0.0912167237810026,-0.322240538686792,-0.525727466960513,0.0746109633678375,0.649730733722207,-0.263623650031921,0.650942487512161,0.0647834238117907,-0.0939628522276288,15.37,0.0
34684.0,1.04806475932541,0.0240557403201581,0.314907757262736,1.27664595284085,-0.597998830857019,-1.14370103377755,0.28305672137689,-0.226416993397135,0.0857165920212194,-7.10531793788649E-4,-0.253252884323435,-0.177815158189535,-0.941776045731379,0.60772463896963,1.00549114870668,0.00756067409382351,-0.25340311362186,-0.129835180619577,-0.516204967318512,-0.030111071701987,0.0927637309566837,0.0660892044728654,-0.12660998012084,0.704080433145033,0.580884994261016,-0.355154444894998,-0.0085858637317069,0.0373030916986571,93.72,0.0
56114.0,-0.0335332022896477,-0.431744960814954,0.242096529004658,-1.62221253177056,1.28295354278326,4.27121561833023,-0.616637397459945,1.16423233459396,1.91585452110864,-1.52139462437034,-1.02846870575736,0.762471990147527,-0.348293766744315,-0.754887205102722,-0.814843432761832,-1.43818580604028,0.400449904418695,0.232728686356743,2.41781690504568,0.206229202148088,-0.188498559652597,-0.21982419295312,0.0449918052145407,1.03017158728768,-0.0196564082532386,-0.685677343326432,0.165429349591665,0.0525817008976804,69.99,0.0
44393.0,-4.61746102917986,3.66339525318756,-5.29744641020372,3.88095965427288,-3.26355091342907,-0.918546733700683,-5.7152620778107,0.831039550183167,-2.45703377841015,-5.72681709632961,3.52572598717089,-6.48911156043177,-1.01279063167124,-7.05231095228929,0.78444540329242,-6.77397674966222,-8.58807007314333,-4.51089174541971,1.14787783834912,-0.34645583270524,2.69817489528664,-0.0270808907137453,0.366775230313112,-0.123011441662663,-0.300456526768528,-0.239996239629945,-0.183463054061235,-0.0733597031884566,1.0,1.0
77182.0,-1.41085190223088,2.26827061391536,-2.29755364869312,1.87133052690782,0.248957097554545,-1.20879869131782,-1.35864849113679,1.10291613180529,-1.31736377078276,-4.62691916410905,3.35763973653551,-2.99881490434833,-1.95678634545881,-6.76663337149207,-0.869899592420961,-0.868576751992314,-0.370333268936992,0.419265507331837,-0.894893657235367,0.0580625903425241,0.155380926745126,-0.614880421672272,-0.196125537805858,-0.464375543427361,0.118473100986687,-0.484537034984231,0.373595915880442,0.187657248903867,1.0,1.0
25231.0,-16.5986647432584,10.5417508026636,-19.8189818085279,6.0172946473619,-13.0259010501237,-4.12877900260013,-14.1188648469369,11.1611439952369,-4.09955143059712,-9.22282550730978,6.32936467621872,-8.95219071159749,-0.138363691274054,-9.82505442102721,0.0572235922374037,-7.54168742379503,-14.2595985921417,-5.03505152375192,1.43226792970939,1.53491982113512,1.72585282658181,-1.15160577552799,-0.680051901875725,0.108175914514646,1.06687834149611,-0.233720431391328,1.70752055210726,0.51142316911239,99.99,1.0
102622.0,-2.87717642607719,4.56964856472544,-9.55306876711684,4.44107935434428,-3.65396138652409,-1.87798085259887,-3.5143534876061,1.5476079597065,-2.50330396990855,-7.57563437993936,7.00213577397937,-9.95919399367656,2.12207206066581,-8.88487177224851,-1.64485747819635,-7.18992618738758,-10.4451050316273,-3.2719075376306,1.48227743472618,0.105615110186545,1.27289634389685,1.30026844858483,-0.00395013351868523,-0.36084777781177,-0.597525997544942,-0.390901228489311,0.592196918920005,-0.241010152850381,346.94,1.0
73725.0,-0.570972916362645,0.748176152794609,0.299372689549716,-1.1676982198442,2.73432165080641,3.39801612234241,0.237690445016996,0.940546091046362,-0.603359254146004,-0.669365485141151,-0.34443735183905,-0.191855266132353,-0.146910984622566,0.308122009053375,0.612271262511484,0.772046784160736,-1.24955218408392,0.197259808528112,-0.449963910869506,-0.0237240569218927,-0.239422856981791,-0.954021716155976,-0.0856210372785093,0.930651098786186,0.0326139233085581,-0.838616785680919,0.103077927061822,0.116958944024672,2.0,0.0
44410.0,1.16852535810627,-1.29361876472327,0.106167881756584,-1.02210685702319,-0.843104206382446,0.614155718023167,-1.03630848164922,0.211094028482316,-0.408325378082231,0.739891203096818,-0.330440329728137,-1.03040996005654,-0.420440239899335,-0.127912706542475,0.666161123094335,2.24461929729478,-0.762754442327637,0.355522156633209,1.12345067119221,0.394643980307968,0.397357300300793,0.693469398613435,-0.446007093097503,-1.36245916090995,0.540741639054013,0.0276019271151092,-0.00274614315580491,0.021745918264893,159.0,0.0
82447.0,1.14866758969116,-0.198863863738087,1.22390475323367,0.812863849231535,-0.914266942489948,0.153952045691521,-0.716897629040556,0.218151979255821,0.945580731265829,-0.278133648898935,-0.529943546894296,0.464505326446903,-0.0941015903457306,-0.356314334911479,0.463048228474211,-0.125651624558245,0.111372798430826,-0.672515697917905,-0.396900658900149,-0.151612637282567,-0.0686805055159299,0.0387228819073598,0.0669083857320318,0.106430963000656,0.179233076667324,0.347644449227677,0.0337421648801109,0.0225893959513658,3.39,0.0
76857.0,1.14020795371139,1.15643107873873,-1.47157796740819,2.07627840454674,0.774809058745551,-1.00253195191231,0.264947929409663,0.0131622605764724,0.248835339320523,-2.10066651278309,0.763204840843787,-0.94491647902938,-1.41903447142202,-4.68361969585018,0.51928230124953,0.908454083367609,4.13366666889167,1.30620452511785,-1.09471647432252,-0.125097258302807,-0.387894980568907,-0.866811936205838,-0.121582639900783,-0.356108586349469,0.634572810783188,-0.306311023397994,0.0940868179231164,0.121064728484123,1.0,1.0
34593.0,-1.66031640245071,2.30042073040897,0.820755121155963,2.87162359014597,-0.468016813535967,-0.152060272929273,0.53893956802787,0.540798863974014,-2.20167323457892,0.52212525204298,0.0394927784740902,0.323710596789448,0.670772662299835,0.945657743883113,1.10794407552467,-0.673269737354415,0.924284250327251,-0.780071612329659,0.409093875690674,-0.215744541831103,0.243457183180919,0.384407658189474,-0.14115047106045,0.643664260853156,0.310743337912905,0.304449187725056,-0.663575183359101,-0.111329436527222,53.73,0.0
7551.0,0.316459000444982,3.80907594667829,-5.61515901119457,6.04744510216478,1.55402595692572,-2.6513531120137,-0.746579273100222,0.0555863112529252,-2.6786785422399,-4.95949291161496,6.43905335158373,-7.52011739288703,0.38635166741077,-9.25230724747513,-1.36518841502051,-0.502362190618164,0.784426598154274,1.49430460743838,-1.80801215867357,0.388307428238927,0.208828369001674,-0.511746619200722,-0.583813220813723,-0.219845029091423,1.47475258440688,0.491191925656006,0.518868284577287,0.40252806767232,1.0,1.0
85573.0,-1.7567118508365,3.26657425418237,-4.15338789695403,3.92452561357555,-1.7537718434176,-1.0057867792296,-4.31321717578502,1.56071190324579,-3.29567366751075,-6.2133552491157,4.52299197543382,-6.6528440527591,-0.12468523386066,-8.60448620191387,0.110359314846888,-5.94548061159606,-9.33893779428438,-2.39019258818085,3.18415235636348,0.874720103498016,0.911427441871296,0.0530612807310541,-0.367700953962814,-0.776337755840596,0.292093831084717,0.025999713844171,1.0629681996854,0.501148168228208,1.0,1.0
59011.0,-2.3269223698887,-3.34843873033788,-3.51340796089061,3.17505971028128,-2.81513703435586,-0.203362788049123,-0.892144430418318,0.333225702638422,-0.8020052289805,-4.35068531246963,3.06424584128211,-2.71873063246571,0.0687877027069899,-5.58687312563725,-0.966076477695954,-2.50204941657576,-4.46049463214891,-0.870525745045081,0.595629103995644,3.20917094389277,1.22664839880046,-0.695902072928095,-1.47849021051453,-0.0615525997443275,0.236155012156618,0.531910616094765,0.302324354380578,0.536375347733134,1389.56,1.0
72824.0,-1.11149523246612,-0.257575207100777,2.25020963478583,1.15267090326627,0.432904474488939,1.25412602800986,-0.58416279009186,-0.609681605347911,1.01460246273104,0.334532824069685,0.82637484441332,0.196886900487791,-1.88599349809323,-0.472025637126337,-0.578141395688259,-1.24300710102788,0.570459827436018,-0.159056766164096,0.407187527410462,-0.510613591931657,0.862912790109336,0.927825035064447,-0.343058085886885,-0.256268230425974,-0.600742165862083,-0.18033128765631,0.0267622260788268,-0.358335321215398,45.03,1.0
91554.0,-5.10025566317088,3.63344238024837,-3.84391862443125,0.183208447320966,-1.18399737637674,1.6021393332506,-3.00595315203476,-8.64503780175356,1.28545810732477,-3.71748137540216,3.71921153916465,-5.03402974701745,0.918999158233287,-4.22036591807154,-1.05049995739584,-1.69104526842648,-2.37242320724166,0.450098503348706,0.407805060819919,-2.80630192287329,8.28043932580154,-2.79714954096118,1.09070659271567,-0.159259597476933,0.532156369375709,-0.497125808167425,0.943621624807946,0.553580691756943,261.22,1.0
70229.0,0.315641749332386,1.63677796226183,-1.51964988293973,4.02857099852445,-1.18679426720391,-0.789813099852487,-2.27980740468004,0.472987926704315,-1.65763500271185,-2.89499040084744,1.60198538284757,-2.82494562476694,1.26920363552044,-5.59136368933409,-0.974827287131074,-2.73779549628906,-4.9615343155062,-2.22479740778771,-0.136117269757132,0.388884849068478,0.345920750226663,-0.1080015945344,-0.165441941824109,0.279894580016653,0.808783092569154,0.117362632970147,0.58959490284462,0.30906407378289,3.79,1.0
119441.0,1.9644053048443,-0.548210808212217,-0.427397042536909,0.315303425322448,-0.634224807922516,-0.0502682787537119,-0.784198730464618,0.174032190703074,1.40647557012484,0.0359708566735379,0.100792758633802,0.441439620430789,-0.970177127375267,0.185797040018641,-0.0730226104788801,0.458577120885871,-0.858948342242565,0.979166961086914,0.242162706238528,-0.264694946158712,0.202003412737622,0.754949336515096,0.060916470847281,-0.496978300655765,-0.100365133041729,-0.19952787307336,0.0302323936414214,-0.0535707984782196,9.99,0.0
77171.0,1.11855963468941,1.29185826269199,-1.29880532614411,2.13577170090141,0.77220369761071,-1.14729144173341,0.390577698285265,-0.107072317539989,-0.0383392686455211,-2.15251889070952,1.35275258963919,0.092848590126307,0.273152694590986,-5.01220235869184,0.303552415334761,0.731437272149243,4.15208557256771,0.985358288437165,-1.22925431837217,-0.0235757902669068,-0.346373779572415,-0.663587986293548,-0.102325808556082,0.0179105750224893,0.650301613577378,-0.332365629546077,0.105948676665863,0.12812372864866,1.0,1.0
59205.0,-0.378836672878689,0.998965003497112,1.24112642755282,0.0228149167013087,0.0969252475494376,-0.543494103486104,0.545008107886954,0.139338374538523,-0.201245917088847,-0.516627480238367,-0.212346026162986,-0.68773540928629,-1.20692209744256,-0.141748471191868,1.28853123982301,0.150976755132543,0.361497261962483,-0.428407974600354,-0.440453131675556,-0.00627809014923886,-0.252456894024863,-0.681128207537523,0.0258191534052653,-0.012704288969625,-0.278456861006126,0.105984096042059,0.254319251752519,0.0918578870793607,1.78,0.0
94625.0,1.70785693746472,0.0248807914815549,-0.488140038578959,3.78754815533943,1.13945148482475,2.91467262159314,-0.743357877946301,0.699135879021363,1.0084706473096,0.912806096143303,0.7653541419638,-2.04386838674929,1.00154733873148,1.32288725448265,-2.72007696175136,-0.153429555378718,0.752610596119435,-0.755785824269169,-1.91256263382671,-0.368014254987192,0.0108651916304298,0.548257831746395,0.0912182952145324,-1.00795946020642,-0.0821828177765288,0.179709188704528,0.0077377190320074,-0.0688413102470406,33.76,1.0
93853.0,-5.83919161928092,7.1515323543223,-12.8167600806187,7.03111476501099,-9.6512721679897,-2.93842725771624,-11.5432071690832,4.84362653179436,-3.49427572506535,-13.3207888671784,8.46024444901677,-17.003289445516,0.101556614891384,-14.094451660329,0.747030766392512,-12.6616957230679,-18.9124938172188,-6.62697484523061,4.00892074227194,0.0556838813863639,2.46205591127559,1.05486518382957,0.530480596078193,0.472669814042592,-0.275997967880675,0.282435024801752,0.104886020210564,0.254417096767513,316.06,1.0
95628.0,-17.5189091261484,12.5721178535385,-19.0385383213549,11.1908946558522,-13.5547207079601,-0.41192361337145,-23.189396512394,-5.30141221815132,-8.63039030596902,-16.2556117491401,5.70211147983179,-13.8124040899594,-0.306815322507812,-7.01360737195925,-1.18229035380557,-9.3601791927531,-16.6683693822389,-7.14746777723207,2.16209864550609,2.52851232971436,-4.96947772242457,0.976124822110751,1.8412479337881,0.334417748210128,-0.720128461316563,-0.232603423065217,-3.02199247294556,-0.478158234859683,1.63,1.0
82991.0,1.54059564498003,-0.912619415871554,0.452307452869623,-1.33232357813873,-1.53674777673097,-1.02549536107015,-0.924690345209305,-0.246247011394903,-1.84305267309535,1.446028846856,-0.483334813767265,-0.884430907054146,0.489936021300871,-0.308815075143951,0.567212869555399,-0.400910739435496,0.506982160106621,-0.0413602954488739,-0.239184351680316,-0.350405921525915,-0.2213151836103,-0.219620441571809,0.044054671365956,0.368834702532993,0.391966054008712,-0.205294433118058,0.0318748499736881,0.0191616879255365,2.95,0.0
65589.0,1.11955006862554,0.173227414349669,0.519369703903734,1.32305801987665,-0.199393177930367,0.0145915508492729,-0.0472222145331159,0.126626550691156,0.0390634648793304,0.0510264731219081,1.32151095532192,1.21286878671265,-0.390869898902653,0.30085244209567,-0.795847202311951,-0.581140255634233,0.0951905967556415,-0.534498220439854,-0.152368998918912,-0.208193735424524,-0.0420438705673269,0.0868126542675379,-0.0425421651810989,0.228109316266112,0.603205410870719,-0.34115087208009,0.0367266353227442,0.00639353029619189,2.0,0.0
32725.0,-1.00825180355205,1.30444706372119,1.60331273492246,0.154300255050655,0.733268229497645,-0.074360645122934,1.32675293757365,-0.201821374262519,-0.910229813018773,0.157079085075506,1.69832192335607,0.858988058395477,0.219469135929172,0.252258894494714,0.167023750339842,-0.399814172372275,-0.399503291784634,-0.556713631639121,0.0682891223391762,0.116143296823176,-0.305351294510096,-0.711600443008635,-0.15962112845721,-0.034032493663207,0.290741933415219,-0.700792048188057,-0.11722746560867,-0.106014462908888,28.23,0.0
59669.0,0.326006629816884,1.28663756547088,-2.00718128715265,2.41967479633278,-1.53290169734535,-1.43280331503216,-2.45952963994058,0.617737791926574,-1.12586103037287,-3.23678401592309,3.5617949640183,-3.91467935228848,-2.12495645598654,-4.45889502952153,0.578201875425492,-2.3433041192933,-5.07145010804216,-0.749172320846648,0.22842274838649,0.222666683155765,0.556894674408544,0.169775528574355,-0.174357059251063,0.308061323046213,0.710996128051644,-0.23102981819073,0.580495233837149,0.30098403791885,6.27,1.0
54359.0,1.03429627896194,-0.543836259473658,1.11030867217354,-0.0321110329756804,-0.797137474807769,0.821402675143072,-0.893925735148368,0.444484952206575,0.775125686759063,-0.330299327830178,1.55651086639707,1.48109642846624,0.250491345462434,-0.249260442345369,0.0722695919873438,-0.243180741392952,0.221099782383108,-0.832602025537762,-0.213217325729886,-0.041790073760203,0.00961516688253424,0.207508680420905,0.0809486675627942,-0.188579832615385,-0.0651686755127851,1.02778993727428,-0.0079309882141567,0.00489497820043415,35.95,0.0
63578.0,-0.639191253440691,-0.0855947885921835,1.26545195854416,1.40116573166082,-0.260542078671007,1.00979457835355,1.30199897093176,-0.135257522932592,-0.431520921685507,-0.0913533730643921,-0.921051995675577,-0.61381552858098,0.198913055533638,0.0160870050482155,2.20626377523102,-0.527140627794259,-0.0572786796405291,0.448655661077036,1.16443546519237,0.861306751100051,0.340330752683629,0.76016976216338,0.353376975218638,-0.778892742566353,-0.0706811598435952,-0.0333546437243291,-0.0619624216383359,-0.0626865318467909,290.18,1.0
85285.0,-7.03030814445441,3.42199090467553,-9.52507177254752,5.27089100906596,-4.02463027558805,-2.86568161775739,-6.98919473439446,3.79155093755913,-4.62273033596451,-8.40966487562735,6.30904400603177,-8.57676143258937,0.246746716929862,-11.5340460181508,-0.3642651387587,-5.45249465771382,-11.8875700201872,-3.56358481007011,0.876018768156628,0.545698040621445,1.10339774484256,-0.541854751589521,0.0369432219896495,-0.355519004066217,0.353634382097,1.04245799282131,1.35951563156376,-0.272188101257294,0.0,1.0
38124.0,-1.46404976651386,0.0305350340925138,0.760848827236205,-1.44424114556561,-1.75998320693239,-0.198657408202381,-0.431626629146125,0.933749035754899,-0.887809392364703,-0.544300477663761,-1.15085870703325,-1.32842558195167,-1.67255052566454,0.350533624798653,-0.151930695999636,1.19616373668294,0.850400876684724,-1.38977670471248,-0.301995437339766,-0.315188890396292,0.384066784472651,0.725184319340834,0.0899442287387377,0.0537375324363396,-0.263201772483508,-0.324380252632104,-0.165627327627401,-0.0948748661534479,134.88,0.0
84204.0,-1.92745281973369,1.82762056700016,-7.01949468454197,5.34830323951426,-2.73918788004738,-2.10721929638307,-5.01584797563431,1.20586815982046,-4.38271250852199,-8.33770697381781,7.19030608944843,-9.42484446049178,-0.223292646427513,-12.8754942229841,-0.071918160688794,-6.2999613976222,-12.719207160428,-3.74017615583058,0.844059610296466,2.17270905626492,1.37693832294098,-0.792016725563067,-0.771414187530036,-0.379574271539528,0.718716522008066,1.11115125599517,1.27770725705846,0.819081152045361,512.25,1.0
19903.0,1.33798763503664,-0.572518869472981,0.728380868344653,-0.302652205026359,-1.18880627342359,-0.600534416683155,-0.826040525531927,-0.0457137682651528,0.756902027918545,0.325730014902728,2.0238849015712,-2.7465873562279,0.315185854656201,1.42450755665751,-1.8059332874638,0.741999248222355,1.3075229235457,-0.915013890803649,0.956591281855849,-0.0731898395286725,-0.120963767938691,-0.106023244126705,0.00618792194301267,0.467354037772079,0.434545389980822,-0.308643153888128,-0.0245122269628094,-0.00397502229667057,10.0,0.0
41313.0,-13.8972058704019,6.34428045616839,-14.2816664432471,5.58100899740718,-12.8871331616131,-3.1461763671985,-15.450467216827,9.06028147442157,-5.48612077680694,-14.6764702497464,5.1483517210937,-10.7495919949504,1.58548896754337,-9.79801207658904,0.733276999106463,-12.675268899047,-20.7406637223494,-8.15366802624724,5.2283417900513,-1.02522792390103,3.05808183846397,0.941180290424241,-0.232710298333368,0.763508019302571,0.0754562386388435,-0.453839571774416,-1.50896825698328,-0.686835738780169,9.99,1.0
35926.0,-3.89658259167336,4.51835470349753,-4.45402724041253,5.54745334718879,-4.12145857265685,-1.16340665785105,-6.80505305303552,2.92835625399971,-4.91712959933528,-6.60046062150676,3.36784560815482,-7.88897751950988,1.68260346667335,-7.62865191597326,0.779245995683184,-7.53340432942796,-14.0646239413114,-4.96010863308331,2.52578492424474,0.757286726552078,1.69104203001122,0.920020577187708,-0.151103893232396,0.0110068782298363,0.0803032669086078,0.412191351423526,0.635788870982512,0.501049550484962,4.56,1.0
97121.0,-17.9762660516057,12.864988563015,-19.5750661905691,11.3451198184298,-13.9986456031027,-0.35489996091484,-23.7834698823143,-4.87235340557097,-8.50428479375643,-16.6011969664137,5.56925817499418,-13.9322487527403,-0.204854827407058,-7.58102324741972,-1.01361239001659,-9.01481328062598,-16.0920320589503,-6.05014766257303,1.66102935873752,2.41992113013135,-4.30043186631826,2.8657718597682,1.48930201538756,0.386039288843108,-0.232391836340479,0.413826703027495,-3.25598090607432,-0.538963227046118,8.64,1.0
40662.0,-4.44684654752268,-0.0147931576652609,-5.12630699550863,6.94512997633611,5.26925534782033,-4.29717716297717,-2.59124168468427,0.342670615268881,-3.88066304488519,-3.97652513857503,5.73008435556377,-5.03186814827248,-1.13543910933334,-10.7870505700202,0.265456230525684,-1.10421746262461,0.636412737308571,0.994101368746143,-0.688720555143152,-0.108006422684084,0.247912823388783,-0.0495861794607239,-0.226016961592253,-0.401235601042542,0.856123603036307,0.661272426708284,0.492559738814261,0.971834350005126,1.0,1.0
28547.0,1.3411568295428,-0.520821783374931,0.933492515156359,-0.719958165616618,-1.28296006882276,-0.625625386202226,-0.861206819509153,-0.0609312589625639,-1.00096804060818,0.753555780547228,1.80404273350156,0.795087531205905,1.39356752883918,-0.379972446450544,0.141770315136731,1.43334061092216,-0.128484879249721,-0.759316663242802,0.525224214981603,0.157991164064623,0.377575397424469,1.06833073759823,-0.0800630035839251,0.604168698472838,0.436525265920108,-0.138418858806319,0.0313906684684033,0.016070187745685,6.7,0.0
17187.0,1.08837493830851,0.898474023721059,0.394684329076182,3.17025757451452,0.17573879687403,-0.221980885195245,-0.0229887284923858,-0.0108735366656839,0.860043617194172,-0.592472935320844,1.07272839973578,-2.54755681422931,1.23595005675711,-0.330305803751441,-1.02235437464957,0.335642172519614,2.29899822072815,-0.1620962094812,-1.53270721248432,-0.217358192249005,-0.423553904215867,-0.800852284805578,0.0776144554303444,0.167608452574198,0.350181817443194,-0.118940929478619,0.0129477659306532,0.0542542721018558,3.79,1.0
31751.0,1.28881089817742,-0.756271631895398,0.0165393474420014,-0.64645799925331,-0.807920540876671,-0.346472735832278,-0.554979570599839,0.0958869377603132,-0.72019625898986,0.754142965203505,1.08486638876978,-0.781668760509221,-2.10075463026145,0.429888927197599,-0.458205319106151,0.525639101352166,0.764417869229814,-1.36630913327148,0.751586361877458,-0.0523640120089309,0.221932851595158,0.539830680920103,-0.146062003464995,0.0161219563761969,0.608737339659791,-0.0484998119550246,-0.0144609199027888,-0.00964514335654118,36.0,0.0
40887.0,-1.497437816337,-1.22483304086739,1.23910823145655,-2.48896052749857,-0.11600075618867,0.0247964272623665,-1.28396746391175,0.675146847549139,-2.27398660104243,0.40481023909123,-1.96223844336639,-1.53773026047856,0.513069640301172,-0.27021331871464,0.664695335306465,0.243932900017818,0.141410223967246,0.519672968890378,-0.755618437074052,-0.0820774185536148,0.0657532829386915,0.0179072209233581,-0.338665775309281,-1.34927847950984,0.47636085939319,-0.0734371265742079,-0.0333402814441265,-0.166722063322405,34.0,0.0
87867.0,-0.0508580757396175,0.972525275323411,-0.114878105950913,-0.631713173904774,1.04202712296285,-0.775251458179042,1.3743538296118,-0.655405719265683,0.573333209979814,0.564908362665164,-0.833834625788117,-0.435488227769025,-0.31452874695856,-0.0588187862970473,0.620152375675154,-0.587085523877662,-0.722399608344127,0.169525522910471,0.0550563712830677,0.233429477578473,0.236940448138215,1.28602277535386,-0.132867419647316,0.759106255036665,-0.780760149349903,-0.315961900196692,0.152528399317693,-0.0650002361349503,0.89,0.0
36422.0,-1.20498127350167,-0.922956384257208,1.81306502151601,0.964777386537577,0.75019855722782,1.4419681965219,-0.893535295317687,0.705253965295121,0.456148810253817,-0.343292715363178,0.213154806537034,0.744394428380823,0.407175942505462,-0.417156208408568,1.59803153859768,-1.55699423769431,1.33166892282788,-1.92172331799072,-0.527813526492008,0.0570433683989034,0.188176508411259,0.766220809485462,0.44682295381653,-0.919654413603707,-0.921011234344753,0.475617260202766,0.00657382007380831,0.252398928859277,64.43,0.0
27352.0,0.419260827119968,1.07589353982459,-1.83056455538849,0.304413726266546,2.44774892389261,3.65761944092036,-1.35060314058303,-1.82133310925458,-0.738212954780052,-1.15824129247743,0.289442217886922,-0.142788493444866,-0.328121686743727,-0.733697985436266,1.45069259988155,0.89099629875376,0.716077228984362,1.15400895689606,0.0613489299534494,0.758016475284787,-1.37425136018096,-0.025866116412956,-0.0702877641789638,0.847775532752673,0.967596970297132,-0.217354993261412,0.0610369552272066,0.177826717116804,1.0,0.0
49724.0,1.36678636282618,-1.10947215163782,0.100539916412359,-2.68545510591379,-1.36550532889822,-0.985817307735696,-0.627185649446844,-0.225666485349911,1.13384894479368,-0.82490803554546,-0.892358814428861,0.710305043553837,0.665799477761923,-0.195032946114194,1.28770059115878,-2.47105041515065,0.16821011768302,1.55516648488057,0.597796565728864,-0.384519587474311,-0.358809764010006,-0.342564549907317,-0.151468389730863,-0.106410302473908,0.683155484170561,-0.708072906927759,0.102239365376325,0.0332524043771833,49.99,0.0
41181.0,-7.33434102050082,4.96089229123138,-8.45140959148547,8.1748251681484,-7.23746372952055,-2.38271066458273,-11.5088418575552,4.63579753722901,-6.55776036636164,-11.5198609264142,6.45582813287588,-13.3802218737527,0.545279226790884,-13.0268638593173,-0.453594543596495,-13.2515419788937,-22.8839985767803,-9.28783221397402,4.03823050489431,0.723313822249839,2.15375502636012,0.0339216178167887,-0.0140949200284419,0.625249955306557,-0.0533903339689031,0.164708739959664,1.41104749421382,0.315644799820923,11.38,1.0
91502.0,0.0073790751145725,2.36518252886777,-2.60028738169342,1.11160176466249,3.2764413263667,-1.7761407852846,2.11453088108345,-0.830084106599812,0.900489974281822,-3.37617706712688,2.05681205985716,-3.9842567303491,1.02196791340796,-5.96790496861639,-1.15160831490592,1.67973960141233,5.58611468683053,2.78913115591619,-2.24107485298106,-0.00638849728163087,-0.563944162060269,-0.902099515410175,-0.404382448597275,-0.0129439005065412,0.589836154947909,-0.734449052212668,-0.447529183217452,-0.362374775122343,1.0,1.0
8451.0,0.314596589729515,2.66067027657541,-5.92003738034463,4.52249960508858,-2.3150272861839,-2.27835165394776,-4.68405393631569,1.20227026523098,-0.694695511200349,-5.52627805985834,6.66243683071252,-8.52546492534563,0.742745446888019,-7.67866801029943,0.593070459066131,-4.47813659534324,-5.84426647937357,-1.1027307945783,2.17738568653903,0.562705643312244,0.743314023428983,0.0640383555765096,0.677841675250346,0.0830078227438395,-1.91103446375022,0.322188398435937,0.620866538820488,0.185030354728703,1.0,1.0
46925.0,-0.481531150954278,1.05954227713479,0.647117402910268,0.905586233912649,0.81936824001549,-0.0911835663506086,0.504134851323607,0.161064336313081,-0.765053776949662,-0.55054534794377,1.48028602025778,-0.105359122514952,-0.804841454759319,-0.819901849432008,0.916881766469427,0.201150538864914,0.874890632270019,0.941476678511478,0.272698476205832,-0.0425151328862889,0.0706328691882125,0.192490772493404,-0.174659253437827,-0.438908072947488,0.239258996609831,-0.217823405004998,-0.0728522476980958,0.0104633125817071,1.0,1.0
74159.0,-1.54878809850026,1.80869795041448,-0.953509033832342,2.21308539346999,-2.01572779170327,-0.913456844516923,-2.35601298316433,1.19716896702387,-1.67837405659509,-3.53865023182429,3.1020899271543,-3.99337305447702,-1.93741062327519,-3.82289410599595,0.830970110708369,-2.47535885382925,-5.21187516766885,-0.413871678166879,0.933262164554872,0.390785963777347,0.855138263312025,0.77474482148342,0.0590371520063436,0.343199807900813,-0.468937928609185,-0.278337986906642,0.625922215184372,0.395573378256676,76.94,1.0
93823.0,-3.82193880087939,5.66724730913206,-9.24496345774236,8.24614693395311,-4.36828608664298,-3.45073451820581,-8.42737802930292,2.30560850484611,-5.33807918394682,-12.0111608836062,8.62125508140256,-18.6837146333443,-0.962073428413392,-15.2976561861343,-2.41413212341002,-12.105602245184,-21.3381950868483,-8.04543571561822,0.15601503277122,1.11524688892983,1.99051970513882,0.0833533215963405,-0.0622635530228708,0.390187802079359,0.329883884451897,0.0980170825531413,1.86957016296191,1.00084956292018,75.86,1.0
76209.0,1.12217235165787,0.207763265546554,0.540983383032653,1.47680457497939,-0.292299358867349,-0.363517027193858,0.111651381142972,-0.058856468932591,0.218527986876757,-0.139278427313067,-0.188580972762875,0.810765700594953,0.136728159490599,0.0235326506728201,-0.152900778967193,-0.832773706716987,0.364627643423269,-1.12309223587608,-0.49649914417962,-0.159958442916439,-0.0703445424088716,0.0259717949983253,-0.0350801148096288,0.417655659843806,0.626488246379544,-0.334603832405092,0.0405930870168604,0.0216888933484152,18.56,0.0
55311.0,-6.15960693036327,1.46871292315117,-6.85088814665684,5.17470627250374,-2.98670392387712,-1.795054145699,-6.54507152628193,2.62123613805269,-3.60587012643541,-8.12216107491307,6.02903256317613,-9.22585530778592,-1.54675863096913,-10.3093341893072,0.308062393533042,-7.78732622111619,-12.8221770045808,-4.36767713342358,2.64398422133793,-0.289829585956863,1.06131418230601,0.125737468595024,0.589592331660844,-0.568730604518481,0.582824720935876,-0.0425826450995479,0.951130233081124,0.158996023697089,0.83,1.0
50385.0,1.15779793512985,0.122066501377486,0.58115154517687,0.50812524371927,-0.375226111713515,-0.32484755501235,-0.14302332573321,0.0917022588881095,-0.166092234394832,0.0711833445702168,1.81183915517609,0.977405564940258,-0.26329227660518,0.563902895079389,0.616600833028834,0.167927604167724,-0.296128775296821,-0.508506159863786,-0.262012411483081,-0.146809378092278,-0.16919512012356,-0.516345518760984,0.183246262400504,0.206950161891521,0.072126218755885,0.0955549896692061,-0.0191590835425869,0.00671408827912969,2.69,0.0
72471.0,-1.1947923722824,0.665844063319189,1.69958723150877,0.282376534558992,0.220071740922269,-0.247892136864048,0.360396123395058,0.14314451502336,-0.611726037669777,0.199732363102535,1.73902870709479,0.57193399117298,-0.333756613524235,0.404783250130668,0.861193270461712,-0.211057049202799,-0.0442550388414398,-0.258404402897858,0.619535738607708,-0.0494457983035761,-0.165654105028904,-0.269939511095445,0.323357140006245,0.206131034065811,-0.274754840120117,0.187036871787439,0.148471684038184,0.0971221495469455,1.79,0.0
79473.0,1.18933618988459,-0.420635657776665,1.00891895149214,-0.789657103189562,-1.28436600172813,-0.625543684227134,-0.696322654143823,0.121866963721325,1.60384475601321,-0.900395102573112,1.3791316275049,1.29999062861283,-0.531761063605966,0.133744070778662,0.597458312556664,-0.288060568087611,-0.300462288105547,0.662136381449947,0.771323864565142,-0.144994399662395,0.0484780463448461,0.333907461915452,-0.0185128639243387,0.549446435489282,0.430394886782363,-0.715414046869433,0.0876753942682995,0.0263853910137718,1.0,0.0
94141.0,-13.5120737201635,8.21517673687939,-16.5826057272747,6.20736889019759,-11.3184715177058,-2.99720698778128,-17.6404704062016,0.0403490750758574,-5.62023218946632,-15.1237521803455,5.93465734341534,-14.1750301634055,-0.169044491655796,-6.55255368427192,-1.57000723316824,-12.1725530183154,-20.1645422294456,-8.66881519685045,2.55087034384644,0.694574465326517,-0.907905601256761,1.5140282763652,-0.141879203311202,0.789185965955202,-0.0313427677694401,-0.255056581600699,-1.86583088908172,-0.442204311521227,45.48,1.0
18675.0,-12.3396031574122,4.48826730168204,-16.5870729373632,10.1072738734101,-10.4201989827431,0.130669811857349,-15.6003233044816,-1.15769598093331,-5.3046309683427,-12.9389293107706,8.80568196718575,-13.5561301301468,1.16546376028499,-9.80988150207055,0.369987279150665,-9.50521044515487,-17.5420303090874,-6.79263778723153,2.06937744931751,-0.0855014634055812,-2.0896096332232,1.74531450014405,1.37681580939778,-0.554271418366818,-1.61074085196174,0.153725444536768,1.2124772080589,-1.86929047595671,188.78,1.0
91407.0,-3.95120850670532,2.88180518239049,-6.42149029451106,2.43418142416554,-1.32732453838007,-2.12210598673342,-3.2275333300383,-0.68556047558208,0.775985124963588,-4.72309174576035,4.921657447038,-8.75277008726404,1.52019774197935,-8.5520227319441,0.351975957711389,-4.5340297530839,-6.46540863418339,-1.89030997911689,0.174840185624481,-0.669351428982036,1.41047856462921,0.279402820830601,0.570821171370176,0.65627101478476,-0.298600548903483,-0.407571358894306,-1.37870253026193,1.37913029153249,52.69,1.0
80012.0,-1.01944110918546,0.815668809302877,2.85417120628904,1.47461211879637,0.763881603335898,-0.0495544500248147,0.873153667986556,-0.237542209045864,-0.826014970742964,0.488539593750932,0.960150270288027,0.408207108478222,-0.475131085222712,-0.482701774917986,-1.83708585178752,0.387828171358933,-0.837402610983328,-0.221097387175763,-0.835479037983324,-0.0866919371388591,-0.277897253639844,-0.503101311972362,-0.348299731628328,0.500566072282292,0.248456067472304,-0.360791677482528,-0.399012709650899,-0.403961120210987,0.0,0.0
85496.0,-0.840486378665318,1.62286625420546,-1.2808614392337,0.769763690091469,1.41849710464658,-2.02893925230697,0.827477408538078,0.224093825294521,-1.20767919032078,-2.06030690326961,2.2537613727731,0.380334148196233,-0.0580758736612697,-2.97871179451608,-0.492083430647104,1.42428681517514,2.37951387394932,1.89600314980342,-1.24012638587836,-0.0814938973245992,0.129717763832435,0.129094902518817,-0.0655235002316987,0.207152440308734,-0.685639914773493,-0.674830470456318,0.140674312607236,0.167919894805375,0.89,0.0
96291.0,-3.55217282034342,5.42646054559111,-3.73181031980956,6.67906180701896,-2.18754337884152,2.43394023761172,-8.74811035885579,-12.1082840970182,-2.8563585144669,-5.66586179854092,2.54083553206878,-6.14705358343033,1.79689064160126,-4.32898899462283,-0.150037374792615,-1.83900466547168,-3.35463814070962,-0.282307261175205,0.148592393859995,3.79266672675409,-5.68899027177143,2.51097955615894,0.953932861684676,-0.542506228224687,-0.620152015985956,0.406012866709306,0.0230251633862463,0.164740605977244,33.59,1.0
91407.0,-3.95120850670532,2.88180518239049,-6.42149029451106,2.43418142416554,-1.32732453838007,-2.12210598673342,-3.2275333300383,-0.68556047558208,0.775985124963588,-4.72309174576035,4.921657447038,-8.75277008726404,1.52019774197935,-8.5520227319441,0.351975957711389,-4.5340297530839,-6.46540863418339,-1.89030997911689,0.174840185624481,-0.669351428982036,1.41047856462921,0.279402820830601,0.570821171370176,0.65627101478476,-0.298600548903483,-0.407571358894306,-1.37870253026193,1.37913029153249,52.69,1.0
63554.0,-2.42698822849342,-1.24724392919035,2.54667557861116,-0.369365576457,0.556599738901084,-0.957324874686188,-0.562821399252115,0.182477952485293,0.551723213018525,-0.752070657062924,-0.214894410120878,0.253777451241644,-0.117492894311775,-0.468646709286949,0.518459097486375,0.132971369372342,-0.103685337194183,-0.656842352796505,-0.896966279473245,-0.188838437193133,0.0300718642239426,0.141575981731358,0.126669423333044,0.456739827781764,0.125320966432201,0.678913962723722,-0.381795529443061,0.538504166097735,45.92,0.0
35825.0,-0.565176868900353,0.53266340139471,0.293997085347453,-2.22894065335556,-0.316934616837661,-0.707037434493534,0.271451132913426,0.458745636875719,0.451005558563325,-1.44166321822909,0.24651300722618,-0.0566504524903522,-1.7177476213304,1.12144229548661,0.846812420397686,0.0175604329669321,-0.399367833867028,0.854962178708997,1.56389799374226,-0.161965345111547,-0.0231834594257338,-0.295267998150971,-0.0150516766085771,-0.530845473502162,-0.410951930858819,-0.195975460409068,-0.015384953738042,0.0727700454167805,35.07,0.0
70270.0,-1.51251575792702,1.13313858781029,-1.60105247993576,2.81340096831714,-2.66450340578315,-0.310371093924795,-1.52089516380539,0.852995775116439,-1.49649450564954,-4.05629261571005,1.55375586796783,-2.74355135914945,1.50454067059684,-5.42878849870488,-0.0160171233729703,-3.72718761269833,-3.94629958919926,-1.68028644319238,2.30361261010114,1.24958556268985,0.729827756052255,0.48528591471162,0.567005413227757,0.323585691602658,0.0408708540928058,0.825813553299941,0.41448227186994,0.267265082454707,318.11,1.0
28726.0,-29.8763655139763,16.4345245512223,-30.5586968214292,6.50586178736296,-21.6656542956569,-4.94035632949796,-20.0813910746494,19.5877726234404,-3.59149104711596,-7.80059820772759,3.94783971729026,-5.4879114860488,1.36994034924206,-4.82955244300835,-0.134412095441135,-5.12116240451142,-11.1181904509172,-4.65995586983801,0.608930080519071,1.72477883837961,1.81295397464878,-2.23225158753151,-1.41280344282556,0.178731069561437,2.15604185816706,-0.20938462411377,1.25564890085966,0.364530452975509,99.99,1.0
56470.0,-0.0402533977077501,-0.235139126818459,1.28382336122448,-2.45877160032675,-0.860431418313365,-1.06556992447148,0.00236153646182463,-0.267111168795354,-2.41404314907138,0.794321257597179,-0.612854210060943,-0.524589501563814,1.49146315729476,-0.662735565091135,-0.402299324876853,-0.241986524089465,0.0865082668545073,-0.0877766686675869,-0.996985524027485,-0.32546617081496,-0.0477757325293294,0.25280895080654,0.0466616563887648,0.382872114052667,-0.643717819909839,-0.51376616289731,0.192659963870691,0.190348124796138,20.0,0.0
61940.0,0.0864546502543652,-2.96125312165543,0.0254442158331686,-0.198450171083934,-1.69379828469447,0.681640486524547,-0.367443606520968,0.0315453187356882,-0.105894150433831,0.157863215420405,-1.09753036583716,-0.681732571139553,0.385089668478305,-0.56536758013216,0.765818862651946,1.22772821577472,0.311315036363529,-1.05354163207495,0.204880933622699,1.41865927977458,0.682497517659072,0.564764419989718,-0.763598194325197,-0.683343768350053,0.247839850108462,-0.035162221603786,-0.0611024615899941,0.129370492345663,676.0,0.0
95001.0,1.98003532686545,-0.160385170740693,-1.08371334047131,0.83599825409954,-0.117971434384136,-1.01613888762318,0.0671383267841184,-0.306500421290916,2.0824358893776,-0.266984278346968,-0.184539054179769,-2.90524152195916,0.0487520616154888,2.01750405590053,-0.745022857916069,-0.261196718308666,0.646052436565986,-0.441853182465044,-0.100794300314506,-0.313441308439662,-0.387532465125737,-0.846273154624177,0.271807651014144,-0.181939913228249,-0.251111727910106,0.065288684443594,-0.10047603143241,-0.0650997982355855,39.99,0.0
59669.0,0.326006629816884,1.28663756547088,-2.00718128715265,2.41967479633278,-1.53290169734535,-1.43280331503216,-2.45952963994058,0.617737791926574,-1.12586103037287,-3.23678401592309,3.5617949640183,-3.91467935228848,-2.12495645598654,-4.45889502952153,0.578201875425492,-2.3433041192933,-5.07145010804216,-0.749172320846648,0.22842274838649,0.222666683155765,0.556894674408544,0.169775528574355,-0.174357059251063,0.308061323046213,0.710996128051644,-0.23102981819073,0.580495233837149,0.30098403791885,6.27,1.0
29526.0,1.10280432542075,2.82916799881581,-3.93287026485548,4.70769143992869,2.93796685530025,-1.80090371765217,1.672734122106,-0.300240348680253,-2.78301108805298,-1.88484243991678,3.79256535985687,-1.46047112296734,-1.31277627644381,-7.07736060637589,-0.299466316598551,2.4932276042067,6.24498710234308,2.97174936407353,-2.67995024218857,-0.0308799718381793,-0.106994395673876,-0.250050303584088,-0.52162653336055,-0.448949514169716,1.29164648168516,0.516326673768638,0.00914628141124173,0.15331763551135,0.68,1.0
41285.0,-12.8357595817777,6.57461542943546,-12.7884624825347,8.7862568391843,-10.7231209172666,-2.81353585641993,-14.2488465310891,7.96052082227957,-7.71875064933864,-13.0740681657723,5.97513066688423,-12.375374654316,1.47220511856229,-11.4706925061593,0.993143253686908,-10.9738046181506,-21.047629901985,-7.99078328442082,3.33103902941017,-0.617296150458597,2.67949007049737,-0.0473351062766089,-0.836982346024597,0.625349328179101,0.125864937720446,0.177623612238763,-0.817680255865793,-0.521029795905738,37.32,1.0
71999.0,1.14781460667411,0.211912090260189,0.307389498475839,1.1907404616331,0.14594184415322,0.352090052546349,0.0127132941485043,0.106396618763987,-0.0712690017298248,0.0209035371909011,1.00928613224092,1.54928511214723,0.667865262354774,0.0779422332917849,-0.861196702610906,-0.469825492803376,-0.153830915457525,-0.477260075799557,0.0404143743504092,-0.117901056365346,-0.0629054822171853,0.0638544427951882,-0.123917819630029,-0.264868121721191,0.705331798340252,-0.312546887650475,0.0412467662752296,0.00410753027436873,7.25,0.0
84789.0,-1.43086372778891,-0.802528699267131,1.12332029999445,0.389760264731692,-0.281213534404278,-0.055123492429819,1.32623248909333,0.195699815379613,-0.546889550453909,-0.71347376073502,1.27462907751277,0.0236821347785728,-1.52169610821701,0.727242085814848,0.166504662441577,0.348037591565135,-0.5663900830288,0.216016101767291,-1.14037564250718,0.634184289933654,0.325575470468413,0.0140018451191784,0.844946015847872,0.114962884542335,0.156364810543393,-0.619437446641754,-0.120351072821334,0.0355941733717493,354.33,1.0
41353.0,-15.0209806030789,8.07523975163174,-16.2980905380446,5.66482005292134,-11.9181533731348,-4.24695712395156,-14.7166675516611,9.43508432139337,-6.7953981269244,-15.1241628144947,6.03766622940467,-11.6767222367813,1.32697878633103,-12.3816058947985,-0.0716392778020956,-9.48414337021449,-19.6718814509262,-7.64327282087749,1.16906441801605,-0.995786857833133,2.52511546344786,-0.832074336953531,-0.186116823393738,0.429780833741005,0.697102812320081,0.0560310740941657,-1.31088762047629,-0.707402991270252,34.12,1.0
102622.0,-2.87717642607719,4.56964856472544,-9.55306876711684,4.44107935434428,-3.65396138652409,-1.87798085259887,-3.5143534876061,1.5476079597065,-2.50330396990855,-7.57563437993936,7.00213577397937,-9.95919399367656,2.12207206066581,-8.88487177224851,-1.64485747819635,-7.18992618738758,-10.4451050316273,-3.2719075376306,1.48227743472618,0.105615110186545,1.27289634389685,1.30026844858483,-0.00395013351868523,-0.36084777781177,-0.597525997544942,-0.390901228489311,0.592196918920005,-0.241010152850381,346.94,1.0
45087.0,1.22468553243334,0.0859372148252287,0.93604563708091,0.640113915565072,-0.809198467930944,-0.719532115572975,-0.318648074898791,-0.0829038156968327,0.333219755346064,-0.092723720022345,-0.263221275196955,0.387060378231543,0.485272326390072,-0.00595691827719707,1.2773145056531,0.560131875741973,-0.560677895412666,-0.168579665425767,-0.326536880944871,-0.0670124887026601,-0.0829588033288297,-0.21961581918516,0.0892190706165089,0.413435214861061,0.171089547543486,0.212147505631175,-0.00441520239213912,0.0272465096053346,5.99,0.0
62059.0,-1.64440309669641,3.1298519330804,-2.57697682172296,3.41557336328899,-0.448525407316687,-1.24189285626533,-1.9916521878557,1.00266488963021,-2.8090712430123,-4.15369240632128,1.39818511854919,-5.65326970240352,-1.23369413839885,-6.332512814541,0.458714800173025,-1.98360960777769,-4.92916202340023,-1.03848208531443,-0.133819199948815,0.290186829391141,0.417762091477206,-0.648575871519649,-0.318617393380036,-0.680412931832076,0.389868676205949,0.0557502963989842,0.394681955439504,0.298820725838569,6.62,1.0
47982.0,-1.23280412810524,2.24411874456383,-1.70382579275654,1.49253586483501,-1.19298516971563,-1.68611021267902,-1.86461150490967,0.856122313785725,-1.97353527775248,-3.94238290411726,2.40165068027699,-3.39426561777896,-0.145161724970334,-4.32979551307589,0.758760885824274,-3.19904647594093,-4.48018356526203,-2.48566878350317,-0.0958074336903356,0.207889301735382,0.560475065574211,0.165681717805126,-0.0137535165177887,0.474935180269258,-0.218725074414735,0.302809125708237,0.46603094153746,0.250133538809307,0.76,1.0
34687.0,-0.860826892469905,3.13178963278262,-5.05296813449749,5.42094070941518,-2.49414141557203,-1.81128662834635,-5.47911745062699,1.18947198655298,-3.90820579292615,-7.06074618169306,4.72997415443333,-8.62905440849263,1.17879796289388,-11.1820634139742,0.445243112696547,-6.53298227788478,-13.3892507167674,-4.48041256680694,0.432054206519352,1.0857595200589,1.19269353963797,0.09035581053399,-0.341880850908644,-0.215924151333767,1.05303194615504,0.271139003495332,1.37329957704625,0.691195095871691,19.02,1.0
85285.0,-7.03030814445441,3.42199090467553,-9.52507177254752,5.27089100906596,-4.02463027558805,-2.86568161775739,-6.98919473439446,3.79155093755913,-4.62273033596451,-8.40966487562735,6.30904400603177,-8.57676143258937,0.246746716929862,-11.5340460181508,-0.3642651387587,-5.45249465771382,-11.8875700201872,-3.56358481007011,0.876018768156628,0.545698040621445,1.10339774484256,-0.541854751589521,0.0369432219896495,-0.355519004066217,0.353634382097,1.04245799282131,1.35951563156376,-0.272188101257294,0.0,1.0
101051.0,-1.46531575579616,-1.09337687781209,-0.0597678482279439,1.06478463530602,11.0950886001596,-5.43097128323669,-9.37802517086658,-0.446456139679101,1.99210961400888,1.78592177154007,1.36858453419511,-1.47169658834377,-0.72475884619705,3.44242199594215,-0.957403224855046,-1.62612941891216,1.41821495932655,-1.41791682839858,-1.65176618071699,-1.4576102135585,1.16062328833533,-1.2596968082996,-15.9816491909559,-0.883669935248733,-3.53671623161143,-0.59296488849027,0.675524833181225,0.424849351792902,0.92,1.0
17187.0,1.08837493830851,0.898474023721059,0.394684329076182,3.17025757451452,0.17573879687403,-0.221980885195245,-0.0229887284923858,-0.0108735366656839,0.860043617194172,-0.592472935320844,1.07272839973578,-2.54755681422931,1.23595005675711,-0.330305803751441,-1.02235437464957,0.335642172519614,2.29899822072815,-0.1620962094812,-1.53270721248432,-0.217358192249005,-0.423553904215867,-0.800852284805578,0.0776144554303444,0.167608452574198,0.350181817443194,-0.118940929478619,0.0129477659306532,0.0542542721018558,3.79,1.0
56806.0,0.0168278084833761,2.40082554709233,-4.220359820602,3.46221746352071,-0.624142188342754,-1.29430258598001,-2.98602831443748,0.751882724799937,-1.60667229891344,-5.97492543825504,3.26492215161104,-5.09503162409832,0.307807541258315,-10.0181060613614,0.273282636641356,-3.56253351747421,-4.37710568381017,-1.79263494349375,0.0802807729992116,0.590418382570863,0.285831617664336,-0.771508088806938,-0.265199774294598,-0.873077150100989,0.939776315964547,-0.219084743497804,0.874493632152321,0.470434221788752,1.0,1.0
44385.0,1.13767359466126,0.398213144735538,-0.210007169023364,1.21755705300811,-0.0443985085820404,-0.57712491085524,-0.044992867310989,0.166981806714522,0.0107555199213758,-0.369617567920777,1.72670929988804,-0.512077923140059,-2.61195057825293,-0.329644728061968,0.863356867199776,0.463323803055464,0.914137603738333,0.74561516173736,-0.711883097960444,-0.289244281240385,0.0126379452146109,-0.0143285695259324,-0.0477346339532666,0.0487297546950119,0.478764854278628,-0.319740709884107,0.0288681318181575,0.0344819655393296,1.0,0.0
67950.0,0.936920694429571,-0.960128892234074,0.574829628649348,0.468410724599826,-0.98577881042335,0.456696741976954,-0.689663927879198,0.22700397147341,-0.929365151652256,0.912519363881614,0.835228296754313,0.164040331909646,-0.322733546230115,0.344000202430795,0.741151974912828,-0.993614932623992,-0.404090336098102,1.81222865833475,-1.37733533617349,-0.260853953970387,-0.0989199477508621,-0.169720699247795,-0.140005071541389,-0.351856366223023,0.246948601104069,-0.281562974302226,0.0470369858289389,0.0468975140267506,167.0,0.0
60432.0,-2.38406354391978,-1.59746944046811,1.51881885304194,-0.554071827322425,-0.09409388842261,1.89361114798955,-1.14774411664081,0.574781741800666,0.0593576341897495,1.13395697794716,1.80998595476038,0.163240357275979,-0.623991657227745,-0.938814102581668,0.1653541830004,-0.611975263344804,1.78861582809799,-2.77266387693415,0.561838867047201,-0.628754321661525,0.0390545005606732,1.00926389045857,0.34658910403438,-0.983667003260457,-0.433569153759845,-0.177295882819861,-1.18723645016245,0.0852126795879869,30.0,0.0
13323.0,-5.45436177939673,8.28742055534983,-12.7528112729386,8.59434189301081,-3.10600228114338,-3.17994875686414,-9.25279393795831,4.24506220985367,-6.32980084623466,-13.1366983691039,11.228470279576,-17.1313009454468,-0.169401056814124,-18.0499976898594,-1.36623566099065,-9.7235653091894,-14.7449024646768,-5.24730110631125,-0.574675143795817,1.30586191483437,1.84616479291417,-0.267171794223081,-0.310803969751621,-1.20168545799806,1.35217609502433,0.608424596360403,1.57471478384204,0.808725205090233,1.0,1.0
6986.0,-4.39797444171999,1.35836702839758,-2.5928442182573,2.67978696694832,-1.12813094208956,-1.70653638774951,-3.49619729302467,-0.248777743025673,-0.24776789948008,-4.80163740602813,4.89584422347523,-10.9128193194019,0.184371685834387,-6.77109672468083,-0.00732618257771211,-7.35808322132346,-12.5984185405511,-5.13154862842983,0.308333945758691,-0.17160787864796,0.573574068424352,0.176967718048195,-0.436206883597401,-0.0535018648884285,0.252405261951833,-0.657487754764504,-0.827135714578603,0.849573379985768,59.0,1.0
53076.0,1.29623080363477,0.417447287721689,0.193963067987499,0.901644194576026,0.13053136701763,-0.371634020776762,0.158125823740231,-0.202668656827626,-0.0795117562857989,-0.0450882478448673,-0.876737591678351,0.687487636238951,1.5747177026257,-0.00779123029058128,0.948315691837591,0.37715383740261,-0.868182736046053,-0.0671351121445059,-0.0644929660672327,-0.0295593500917474,-0.112113509551068,-0.2200020323662,-0.121021883862135,-0.440454448442227,0.671540040565908,-0.413518433654353,0.0328380408333744,0.0206001971066775,1.18,1.0
76097.0,-1.32599310862211,0.729487905494247,2.14400898610855,0.834446882201241,-0.197568898858603,-0.290952609461462,0.293547548239209,0.0324592569416776,-0.492597874449216,0.210305524357443,1.40028219075973,0.460007885218381,-0.131388838114882,0.162511182949652,0.811137640573119,0.0692252544316241,-0.494627381771403,0.896285060573657,0.538456605371702,0.00916462065808712,0.254824561801162,0.868200146519128,-0.551497664079824,0.569649653408208,0.282244702749234,-0.214566029223542,-0.560535280867877,-0.501810223317707,30.78,0.0
43494.0,-1.27813773524814,0.716241580332591,-1.14327922918382,0.217804800631468,-1.29389046969973,-1.16895152511977,-2.56418198278833,0.204532467641239,-1.61115462297744,-1.25028553742691,3.36736102310858,-4.58309584545642,-0.806939683730076,-5.20830522179452,0.525823682164556,-1.81591431259746,-5.24911146794949,-2.19669120679566,2.10905264474381,0.817203155491914,0.490182667533974,0.470427403079725,-0.126261344339209,-0.126644458784455,-0.661907559467122,-0.349792996571914,0.454851068382725,0.137843477172283,24.9,1.0
18675.0,-12.3396031574122,4.48826730168204,-16.5870729373632,10.1072738734101,-10.4201989827431,0.130669811857349,-15.6003233044816,-1.15769598093331,-5.3046309683427,-12.9389293107706,8.80568196718575,-13.5561301301468,1.16546376028499,-9.80988150207055,0.369987279150665,-9.50521044515487,-17.5420303090874,-6.79263778723153,2.06937744931751,-0.0855014634055812,-2.0896096332232,1.74531450014405,1.37681580939778,-0.554271418366818,-1.61074085196174,0.153725444536768,1.2124772080589,-1.86929047595671,188.78,1.0
68698.0,1.18754470731392,0.0539011166502121,1.10738381635621,1.21500884557151,-0.621166084587206,0.110225336693089,-0.475565270420779,0.0429416390280121,0.717596403387769,-0.241602870743261,-1.00051045752062,1.0502225780007,1.49592342138547,-0.662875325651674,0.0631002863684847,0.158197039046309,-0.507219895425518,-0.0693829574290507,-0.0334530070853252,-0.0290339036825524,-0.0788586890594238,0.048335152140368,-0.0834861959180356,-0.0792273366095288,0.527403700822498,-0.382401032229599,0.080787062341973,0.0362212807723451,9.99,0.0
94364.0,-15.1920640113629,10.4325276778611,-19.6295152518171,8.04607504591293,-12.8381666152727,-1.87585874614533,-21.3597382791388,-3.71784952676935,-5.96978174909567,-17.1415136412892,5.90239975502551,-13.5801472568557,-0.45140689941267,-8.33476258691073,-2.02514468652193,-10.1963336944105,-17.2709851692259,-7.07909577930568,1.51769533116994,1.65747618417276,-3.47409650326971,1.76544551266317,1.70125678162665,0.381586805077026,-1.41341748729956,-1.0230778939005,-2.63476129227348,-0.463930546269812,1.0,1.0
20332.0,-15.2713618637585,8.32658106147414,-22.3385905133352,11.8853128922128,-8.72133435613386,-2.32430694897567,-16.1964186599881,0.512881820424485,-6.33368515594745,-13.175198078736,9.93981974172569,-14.2254557039818,0.716033665192873,-14.0047761755606,-0.329447848153274,-8.0594194070953,-12.1220088158237,-4.79971013254961,0.686227163597458,0.993121017282391,-2.3568962794623,1.06801917704623,1.08561716724338,-1.03979707801119,-0.182006136246673,0.649920860777984,2.14924707788821,-1.40681133211222,1.0,1.0
42988.0,-4.42350762703846,1.64804777413239,-6.93438785672913,4.89460056642244,-5.07813111998958,0.0108488776042783,-3.40909567897227,1.40929050029893,-3.26067152936237,-7.78135276287243,6.28337707847689,-9.65660635996176,-1.61913485478932,-10.7321089251086,0.288220764475555,-7.89812205175049,-13.5706825019333,-4.59023530005094,2.59017338411194,-0.562264103606392,0.698359061079766,0.487477720585547,1.22869827965959,-0.535217333195035,0.388278095984062,-0.00946564715170412,2.300164247557,0.0812314897144668,648.0,1.0
17838.0,-5.18787810836635,6.96770866359565,-13.510931139095,8.61789514115238,-11.2144223939458,0.6722478387604,-9.46253281088355,5.32870420774381,-4.89700552817542,-11.7868116556041,9.36907905765884,-15.0941631493865,1.25637700700759,-11.8521613037824,0.274429814172421,-10.6882417917386,-18.3888105354245,-6.89884013301839,2.38280793552097,-0.623737291574186,2.08608300107406,0.760190240866359,0.716805785858217,-0.646743429628277,-1.61704292571624,0.172346889503238,0.626646780979254,-0.169726031129409,766.36,1.0
41159.0,-3.64737173853734,-3.15057604902973,1.55847287956679,1.19839134050932,1.90088677529895,-2.49870848011806,0.461222680273949,-0.105738779489653,-0.834688582595135,-0.892160368581158,0.0366419614088897,0.79329268483026,1.12884908020601,0.218942823483037,0.331759333168403,-0.0113248250308334,-0.479029819755423,-0.114363219612323,-1.11946774742351,1.67640855713933,0.633213368021593,0.146991424115671,1.23331335922188,0.88984648216085,0.972293046879744,-0.457630479956643,-0.220321843291512,0.163338721327365,427.49,0.0
120883.0,-1.06569270034531,-0.520827446079316,1.35911770392486,0.104738929840576,0.158520810117939,1.32725504951662,0.471490931100681,0.315327855340914,-1.68147857338332,0.228860623174291,-0.267509448188887,0.16781112468307,0.443369373790135,-0.0781647122725141,-0.565101065886413,-1.56422397752676,-0.23303995765064,1.85430944069005,0.734479944733916,0.246742566475896,-0.580712342287723,-1.64384905210084,0.389974921569893,-0.251989053338986,0.359144069411085,-0.769245355588468,0.0426668641293896,0.100256393558242,213.3,0.0
26523.0,-18.474867903441,11.5863805198184,-21.4029168131391,6.03851541556808,-14.4511581398683,-4.14652350569915,-14.856123673178,12.4311404723263,-4.05335328722588,-9.04039624894471,5.96620250720685,-8.46396612952571,0.0786921317878341,-9.09253265181295,0.0108220973904713,-7.1863755078292,-13.7974745003699,-4.95849390971089,1.32116655982617,1.5779244011474,1.74113559593371,-1.25113794883836,-0.396219126116475,0.0957055555718895,1.32275094272025,-0.217954564863573,1.62879253147016,0.482248274865402,99.99,1.0
113647.0,-1.95114579602755,-0.29636709711184,2.75627911784018,4.91187973321077,-0.0582703131959563,3.73903141533088,-1.43319031053412,1.66131205994002,-0.509438622387502,0.566934249893841,-1.5524061901734,0.163965965751227,0.35440654022056,-0.887035617516896,-0.192958060558109,-1.1667618421092,1.71584206327029,-0.831852482689974,0.381726186357155,0.781713130931454,0.347724773054694,0.967784216351112,0.131293792558088,-0.308047404011993,0.0449711999369766,0.729952962520682,0.331577887493172,-0.0320464648055067,155.08,0.0
93888.0,-10.0406314557065,6.1391827154247,-12.9729718943545,7.74055544506762,-8.68470452840193,-3.83742916671056,-11.9077019040753,5.83327300056002,-5.73105424359056,-12.4389449056023,6.98988561330738,-16.218610393127,0.25330336584704,-8.72864506518152,-0.147529091109699,-14.1298545174931,-20.6850275533272,-8.48444905730181,4.85125513655685,-0.0822752254211996,2.82343143164188,1.15300501339169,-0.567342849673059,0.843011621641402,0.549937644887907,0.113891875585392,-0.30737499959267,0.0616306406149363,1.0,1.0
37699.0,1.06961366245063,0.485415731137832,0.879149436832045,2.32465415303456,-0.0204072222689094,0.329174764388412,-0.08739584361554,0.191417656750723,-0.995339376499152,0.761455113411814,1.49789797220041,0.96561426210761,0.351808705370871,0.383345973164416,0.0726561819998537,0.711994719098287,-0.653122820607213,-0.489283070140164,-0.981095308638688,-0.123804995092437,-0.208614180487793,-0.690018846581497,0.191407715193151,-0.0394531563054747,0.0749064107223168,-0.316782799969221,0.0122763949250268,0.020848656857194,14.31,0.0
61108.0,-2.7560071191969,0.68382137690334,-1.39016888269883,1.50188726081003,-1.165614355805,-0.13120694925796,-1.47874061646082,-0.246921578045176,-0.100522731731488,-2.30110989675506,1.91445404493049,-3.8309980112302,0.719488566785256,-6.35301985790071,1.43871619241123,-3.29723907467834,-4.86297149937169,-2.00235399924327,1.54523326964355,-0.106944639579729,0.320473875601072,0.61102668559867,0.174863684107414,-0.502151101117601,-0.174712784335661,1.17924208342707,-1.16631532833921,0.821214803121569,101.5,1.0
52814.0,-1.10184700698197,-1.63244121283891,0.901066556872515,0.847752885502341,-1.24909072939532,0.654936785498635,1.44886782586722,0.0233079125519542,-0.136742416820243,-0.150129182778684,1.17235508293037,-0.795988136674965,-2.13695096583302,0.578869439330842,1.4121147225086,0.0134668068434063,-0.119204381070058,0.826814373772222,0.476859902488945,1.23027784051309,0.610653920616913,0.835795006603528,1.17995542066426,-0.0290908864225033,-0.300895693792436,0.699174952578756,-0.33607170899039,-0.177586827857027,519.9,1.0
23768.0,1.14525862188544,1.30115074573046,-1.37207341109897,1.73669558981301,1.03992001404262,-1.1089335060463,0.50023841688358,-0.186602177567841,0.5838189219996,-1.79307727805003,3.8448997233195,-2.22852788700375,1.20750419770271,-1.67533970452724,-0.112684213745802,0.858469002774941,3.55041713206987,1.60594082846652,-1.1865137240263,-0.111728103280508,-0.268425454448168,-0.441080955478754,-0.154827477401015,-0.165892715731898,0.698148254737675,-0.332966011256117,0.0246662214176221,0.0791476373246434,3.59,0.0
41535.0,-1.1588213115123,0.958190402835261,1.22253837219799,1.14755047253073,0.601254772496021,-0.601809801431839,0.515915933855685,0.0344253840816081,-0.425038642424195,0.47989953444835,-0.207533549766857,-0.504330225164805,-1.0431351609355,0.543819498310518,1.58663411587513,-0.685541488827544,0.350574423735504,-0.791048910353221,0.603054661602075,0.0579742529956431,-0.450263977961465,-1.09521589766925,-0.14273376599092,0.0106096521600744,0.237177181903477,-0.491872731514277,0.315694646154465,0.107282096401327,24.25,0.0
70229.0,0.315641749332386,1.63677796226183,-1.51964988293973,4.02857099852445,-1.18679426720391,-0.789813099852487,-2.27980740468004,0.472987926704315,-1.65763500271185,-2.89499040084744,1.60198538284757,-2.82494562476694,1.26920363552044,-5.59136368933409,-0.974827287131074,-2.73779549628906,-4.9615343155062,-2.22479740778771,-0.136117269757132,0.388884849068478,0.345920750226663,-0.1080015945344,-0.165441941824109,0.279894580016653,0.808783092569154,0.117362632970147,0.58959490284462,0.30906407378289,3.79,1.0
17187.0,1.08837493830851,0.898474023721059,0.394684329076182,3.17025757451452,0.17573879687403,-0.221980885195245,-0.0229887284923858,-0.0108735366656839,0.860043617194172,-0.592472935320844,1.07272839973578,-2.54755681422931,1.23595005675711,-0.330305803751441,-1.02235437464957,0.335642172519614,2.29899822072815,-0.1620962094812,-1.53270721248432,-0.217358192249005,-0.423553904215867,-0.800852284805578,0.0776144554303444,0.167608452574198,0.350181817443194,-0.118940929478619,0.0129477659306532,0.0542542721018558,3.79,1.0
11088.0,1.19774767294581,0.274780901486604,0.0887004697840515,1.20312787330296,0.614771689645729,0.87971259739972,-0.0962640697855883,0.0835822029761984,1.28535756798706,-0.348499342908739,1.18910403589531,-1.28670617612844,2.35775653179199,1.4831773579266,-1.5256896929825,-0.248735025820727,0.278992354588259,0.0834355851176918,0.152344693231756,-0.127392765893457,-0.265926028830985,-0.288401610201376,-0.220341198388811,-1.16931650677963,0.78864766670117,-0.299413905075257,0.011579612214402,-0.00993402581657682,13.56,0.0
71252.0,1.03835895251765,-0.190890991510865,1.2504665362759,1.12656859523891,-0.59062010208871,1.05124690032204,-0.867257857621247,0.549578073371227,0.706563207462681,-0.101987106194257,1.2683542361604,1.05750322091963,-0.633262719786141,-1.6329514105558E-4,0.0425008335418513,-0.292182854670665,0.0946830273863372,-0.408592582856647,-0.639623146348637,-0.238668375031764,0.034092452126558,0.330949327429254,0.0575237841291543,-0.291653022676057,0.222137987753716,-0.364692074987021,0.0998924686040427,0.0187558213765296,1.0,0.0
27762.0,1.1790047381723,0.409903954165626,0.285454217362006,2.21460661938467,0.350034843423084,0.493917807555281,-0.0250898028207763,0.15950805371199,-0.512028837248603,0.651587327278782,-1.34411071544001,-0.859220140193793,-0.858477285568747,0.470252813453607,1.00464448794999,0.828458662633348,-0.675161302840294,-0.457976622455989,-0.89898071328702,-0.184525381535262,-0.28960403578029,-0.964016820328543,0.0483659069333583,-1.00882646159058,0.267652843328992,-0.172370900622792,-0.00180820719842302,0.0158509999741684,20.31,0.0
41840.0,-1.1713592009037,0.748894305270641,0.587502501535273,-1.24910174782029,-1.33101825811398,-0.737586737381188,-0.493456037534762,0.860590574589701,1.11709179880741,-1.62379079899873,-0.745592931452075,0.132124953354376,-1.78235750117018,0.76804503347282,0.740118330318695,-1.50580070844667,1.38295167313825,-0.443246954402204,1.43663396671185,-0.416458182360828,0.168631649122052,0.474186772736224,0.0782008230254793,0.445505079292584,-0.412264952036104,0.105137558059991,-0.31801919749443,0.00534382710768627,15.9,0.0
102318.0,-1.02063166582361,1.49695912243222,-4.49093711758335,1.83672705849852,0.627318467501556,-2.73556861001066,-1.54627364241291,0.459821576439238,-0.68274140597399,-4.36310219273296,4.28702087961434,-5.40376835689762,1.26026230900043,-3.08774290682652,-1.31748806297981,-3.53705628406879,-3.17202752176385,-0.52988508450368,1.01162645030639,0.443488532055906,0.773630966413973,0.86061818130652,-0.304666447555476,-0.155499583027691,0.41216629075428,-0.220079647308722,0.392337584118175,-0.0200894870934853,22.04,1.0
42334.0,1.11374617430516,0.157606340924453,1.5086366111899,2.90975026723302,-0.788296325136618,0.397501149220253,-0.581851075963662,0.182217280504695,0.401191076524548,0.372950017608342,-1.29249953457856,0.532433437684618,0.260480366256554,-0.800622014435796,-1.52895221040056,0.011759186818761,-0.0180696019150167,-0.35734924999234,-0.56879716200892,-0.163666498267306,0.0251753921221435,0.453947147493791,-0.133046227908737,0.451943615675568,0.630394315410205,0.211633915329482,0.051267106383078,0.0277950102098817,0.0,0.0
27187.0,-24.5902447690465,14.0445667815106,-26.2787005866145,6.32008926518927,-18.2245126736673,-4.60996782569686,-17.6810033715155,16.2136267471409,-3.79409346877414,-8.37275316035861,4.90168265513877,-6.87283866404082,0.769776762734501,-6.82658448658054,-0.0544341798176028,-6.08495266503583,-12.375270529796,-4.81034474126699,0.936742237936608,1.64920202229571,1.77706277243531,-1.80487368611576,-1.14060456917063,0.152234466415679,1.71599702403257,-0.22047119903665,1.43495058143483,0.422491857762666,99.99,1.0
8043.0,1.15832345881528,0.359639463679766,0.6945438559215,1.66617126170711,-0.214048786340501,-0.31911723065171,-0.018890804914404,-0.121357444967321,1.53667070659763,-0.495962181643136,0.72213922907223,-1.80805527784247,1.56713754186986,1.49516511486629,-0.868899423730829,-0.85374061708947,1.1074150702315,-0.826789982059736,-0.692242512603386,-0.250642078687646,-0.233748869544031,-0.169463356551966,-0.00524993704386496,0.36280757330395,0.603128578022101,-0.371256321506164,0.0156389198614027,0.0119787950915087,1.49,0.0
45541.0,-1.51924353075082,2.30849245367643,-1.50359931953802,2.06410058377601,-1.00084505842829,-1.01689703316417,-2.05973051990126,-0.275166374590629,-1.56220609694371,-2.75579692797163,3.43824825990431,-3.52152936013651,-0.918761288376486,-4.45210024854037,0.499313753853031,-2.90790343439971,-5.24864639527919,-0.936814652613817,1.16012029433585,0.175018552247898,1.30787143187069,0.102825644139183,-0.0177462832428156,0.149695925673219,-0.0966024680642115,-0.369114567720136,-0.0192440931269227,-0.20831909164279,1.0,1.0
66541.0,1.19966958784963,0.206436953662552,0.247031389111529,1.14889623998295,-0.400468570021627,-0.988528915955534,0.167051224676047,-0.171061674147896,0.161677944069307,0.0397229250752604,-0.597019159557086,-0.448848049495834,-1.19902766942517,0.633264883873095,1.05408554916073,0.107909586969662,-0.356478339135303,-1.67779523696564E-4,-0.370125813757804,-0.174805972292921,0.0274498697266514,0.0165714129426655,-0.104426080158841,0.366250677501681,0.638608444245422,-0.326832430872029,0.001617104086324,0.0217342833087956,27.0,0.0
68207.0,-13.1926709562391,12.785970638298,-9.90665002092758,3.32033688288942,-4.80117593230105,5.76005855618556,-18.7508891580107,-37.3534426378925,-0.391539743919107,-5.05250236713858,4.40680552357904,-4.61075647740608,-1.90948796970811,-9.07271093398351,-0.226074450896345,-6.21155748212485,-6.24814535335983,-3.14924669470095,0.0515761185277783,-3.49304991519446,27.2028391573154,-8.88701714094871,5.30360690376998,-0.639434802306313,0.263203123457008,-0.108876929971315,1.26956635541013,0.939407362758877,1.0,1.0
51112.0,-9.84877583247984,7.36554648639464,-12.8985382309124,4.27332307326376,-7.61199101126967,-3.4270452374345,-8.35080815251842,6.86360392236365,-2.3875673251028,-6.06578236274727,2.70785640511515,-6.13603446645473,-0.545976095807375,-7.02898027290706,0.916068574603162,-4.09288449351717,-7.01462170672071,-2.5309672589153,0.554027499068527,0.832398066019608,0.931958309450931,-0.87446736131737,-0.192639469446569,-0.0354260265633338,0.538665050436448,-0.263933516556866,1.13409509350836,0.225973163975667,99.99,1.0
45571.0,1.23926972541239,0.120900759834971,0.221916164311804,0.23724697608488,-0.619845262627274,-1.58921986862711,0.30067804548077,-0.372048965526192,-0.058757069497907,-0.115097336517473,0.238118555416669,0.38832759241948,0.0149478025075576,0.399381457362692,0.803556445881857,-0.115985169242568,-0.0174773359460593,-0.812366713583179,-0.115172335202079,-0.0540712394000949,-0.0364876762532537,-0.120135212841909,0.0191242705007197,1.00466826448952,0.354887118689547,0.973413477717659,-0.103291065106399,0.00480998547311936,22.9,0.0
7526.0,0.00843036489558254,4.13783683497998,-6.24069657194744,6.6757321631344,0.768307024571449,-3.35305954788994,-1.63173467271809,0.15461244822474,-2.79589246446281,-6.18789062970647,5.66439470857116,-9.85448482287037,-0.306166658250084,-10.6911962118171,-0.638498192673322,-2.04197379107768,-1.12905587703585,0.116452521226364,-1.93466573889727,0.488378221134715,0.36451420978479,-0.608057133838703,-0.539527941820093,0.128939982991813,1.48848121006868,0.50796267782385,0.735821636119662,0.513573740679437,1.0,1.0
77386.0,-1.3784179637209,0.742817147391798,1.62021202039893,-0.119296616990275,0.528336854848548,1.42032757458242,0.243928083676023,0.676486074255481,0.363726174038918,-0.279742728446154,-0.126352496666816,-0.523109553494231,-2.09372770640941,0.186536341882929,0.98550932325388,-1.6239593550374,1.38475174757947,-2.27130250459466,-1.11508088531533,-0.0623321755222395,-0.159449350855327,-0.0938063246891017,-0.0677415736394192,-0.982307432282159,0.104527858176792,0.449713870520862,0.306619416482637,0.174536599322343,20.23,0.0
46925.0,-0.481531150954278,1.05954227713479,0.647117402910268,0.905586233912649,0.81936824001549,-0.0911835663506086,0.504134851323607,0.161064336313081,-0.765053776949662,-0.55054534794377,1.48028602025778,-0.105359122514952,-0.804841454759319,-0.819901849432008,0.916881766469427,0.201150538864914,0.874890632270019,0.941476678511478,0.272698476205832,-0.0425151328862889,0.0706328691882125,0.192490772493404,-0.174659253437827,-0.438908072947488,0.239258996609831,-0.217823405004998,-0.0728522476980958,0.0104633125817071,1.0,1.0
11092.0,0.378274504006009,3.91479678866992,-5.72687201536627,6.09414095882864,1.69887526405022,-2.8073139468834,-0.591118212837213,-0.123495593086659,-2.53071281390832,-5.15309460989926,4.65408842254301,-7.83953899762349,1.37181858033581,-9.63468971263612,-0.739596855842826,-0.663203945673478,0.891934540534899,0.978675639075006,-2.00547660274646,0.440439440893876,0.149895683076911,-0.601967245529085,-0.613724335539499,-0.403113687819411,1.568445255978,0.52188393400233,0.527937749881352,0.411910405834512,1.0,1.0
17230.0,-0.469326705102944,1.11145278248281,2.04100272504592,1.73159516277684,0.135146841769907,-0.0936251754891053,0.266155169970928,0.0829882363836626,0.58025540346041,-0.164562674892883,0.500376369958899,-3.0217601822032,0.924213260310925,1.50079377517002,-0.400282644242405,0.706047712602575,0.115114264650572,-0.0467958788933584,-2.54852159198286,-0.358708665630957,0.159387389394564,0.592669568808717,-0.0535961838321624,0.320747502076217,-0.36912075429213,-0.136604684929151,-0.100845186803931,0.03934714768212,3.93,1.0
118532.0,-5.96145725181683,5.31338185985134,-6.67432045600546,6.02897499089959,-1.38755992793501,0.670638451870295,-4.12898748860167,-4.76589378950457,-1.00525917075425,0.453505060416619,4.43173633655471,-5.14273660303602,-1.18169206554319,-8.7554491326517,1.00435568809085,-2.06502561211988,-3.26143516010375,0.12522332026716,0.936966154656013,-1.11658092121725,5.55664239133643,-1.50180765840879,1.35517244397724,0.141093214148711,0.0779134112043686,0.473988340387306,0.28712879038893,1.46865341855998,105.89,1.0
102671.0,-4.99175779387947,5.2133398229232,-9.11132629809104,8.43198635177602,-3.4355156720863,-1.8275651016855,-7.11430284412379,3.43120663145462,-3.87564287029742,-6.86850850672582,7.15062516950116,-10.2629840447185,2.73308493575221,-10.1275247811671,-0.262783621001749,-5.19027103814098,-8.6557110398096,-2.02444347438745,1.5604792800844,0.0981321924634143,1.18942283937597,0.247858476295777,0.294448330047117,-0.548503502162266,-0.174616566570794,0.406702503092405,-0.40233927269736,-0.882885795448957,0.0,1.0
65748.0,-2.85258299647975,-1.34540603124454,-0.303029568495694,0.113557513589305,-0.978035709064056,0.252212382387492,2.59982473275223,-0.169374334193022,-0.311943039157349,-0.420910068375682,1.37615299396875,0.99229955799627,0.189333397608379,0.131178843389481,-0.960058254642592,-0.0266093230376194,-0.325079444056244,-0.505848257991052,-0.529773074342838,-0.519866890339771,-0.0904019548299507,0.790317662842471,1.59898543950925,0.271703014320928,-0.069272244770097,0.306868057902645,0.0531091578341057,0.150951188545876,510.03,0.0
67730.0,-0.482143284851965,-0.58871570880016,2.96575083424125,-1.44833573993203,-0.947291008706254,0.886838028353319,-0.799698426613884,0.387083867554106,0.115999275322273,-0.0601142724750212,0.5145763180599,0.087930800189882,-0.652859724241825,-1.42894374265587,-2.42140140922685,0.551327429428991,0.579728920994248,-1.19727049794366,0.372556894862948,0.0373023032002995,0.266645771407182,1.19522859270617,-0.271614197001428,0.0653198477119294,-0.201393843596903,-0.24370461403373,0.0204392383370774,-0.10477692570124,2.0,0.0
63013.0,1.04383077214931,0.0597977522244206,0.392512513804582,1.30718534594698,-0.093734225745281,0.163084898285557,0.0498428009481618,0.094813626005371,-0.0398371674045621,0.0125037036711545,1.23654154965709,1.454136613572,0.231355299744604,0.184134044577429,-0.838281202618204,-0.542000978297748,-0.0112956186637278,-0.528590143759477,-0.093644828095227,-0.0689506195774328,-0.0205093202726485,0.0714467985677005,-0.116287738425615,0.0400992110690081,0.633008957650366,-0.335321613032272,0.0313685318524363,0.0137157695771839,48.92,0.0
33338.0,-0.348634966390679,0.714657991516647,0.378982482075173,-0.24999066650622,2.38149125443564,3.66647882723648,-0.0988751981228463,0.91329117334705,-0.98414748024451,-0.0989195784253163,-0.00682307772677397,-0.365627446977391,0.102223689201798,0.438362850333028,2.0394459487573,-0.113078186706066,-0.242267477419093,0.310593112645647,2.11045649351736,0.353751075219067,-0.241300469591655,-0.871804835572357,-0.145727386316539,1.01073392296062,0.0698577145660937,0.394503822358768,0.0558850954680157,0.0774661279752837,4.49,0.0
82289.0,-1.46489654758402,1.97552752738073,-1.07714453940265,2.81919063998449,0.069850228405671,-0.789043629709432,-1.19610144945515,0.673654375004339,-1.36372387646135,-2.9328952580311,0.301368829965399,-3.24614143685335,-0.465640147552938,-5.42936187944371,-1.30498291640657,-0.953623442669269,-2.72734300093373,-0.63643691865914,-0.927124072666602,0.048968800272123,0.174099465690177,-0.272505290211891,-0.0315494503920774,-0.406165929676999,0.157768979757404,-0.104392920359594,0.0737955599806211,-0.0415702518454821,1.0,1.0
8451.0,0.314596589729515,2.66067027657541,-5.92003738034463,4.52249960508858,-2.3150272861839,-2.27835165394776,-4.68405393631569,1.20227026523098,-0.694695511200349,-5.52627805985834,6.66243683071252,-8.52546492534563,0.742745446888019,-7.67866801029943,0.593070459066131,-4.47813659534324,-5.84426647937357,-1.1027307945783,2.17738568653903,0.562705643312244,0.743314023428983,0.0640383555765096,0.677841675250346,0.0830078227438395,-1.91103446375022,0.322188398435937,0.620866538820488,0.185030354728703,1.0,1.0
54953.0,1.21452765654811,0.292676618808262,0.274219252514668,0.64507097295829,-0.203705461639224,-0.608484076716841,-0.00700897016736589,-0.0525224845607126,0.0621562602140161,-0.319963999136777,0.117518360142596,0.20319335590088,-0.0138026657160852,-0.215617387463882,1.3698988281045,0.19631523714694,0.285590646925677,-0.721274505406553,-0.555000108157993,-0.128211491952659,-0.262997362398689,-0.733128259049844,0.162196518994767,0.0278625962135707,0.136139499706861,0.124940924937586,-0.00787613101320915,0.0267996995262701,0.99,0.0
80257.0,1.1358189595779,-0.487862739714184,0.951966571202389,-0.226451763313723,-1.00176158865919,-0.0420601307437873,-0.705793616308739,0.110761094716744,0.583817704699134,-0.190391773677912,1.02860081463293,1.36728748181559,1.03024794700275,-0.366389767639799,-0.043618268566352,0.642367049668578,-0.626423560992863,0.29428227850759,0.454967021656587,0.128482508340503,0.123858292256258,0.420101713872697,-0.11356300953709,0.143527973681084,0.158157180818183,1.48458742378367,-0.0712431310493274,0.00545462781278225,51.78,0.0
93879.0,-12.8336314219519,7.50878980635543,-20.4919522106577,7.46577999198461,-11.5753037055975,-5.14099947650773,-14.0205637048257,8.33212047126021,-4.33771253089739,-15.5637913387301,7.61081978841573,-15.5923232225286,0.504789055226229,-13.2478885958622,-0.796526030140245,-10.3423283585648,-16.0445243414767,-5.8821359384126,1.57369789640089,-1.37892322363159,2.96684240389381,0.615344322057327,-0.766494757432984,0.431261005079751,-0.104974994617143,-0.0100913270781415,-2.4008113496639,-0.720556600051925,104.03,1.0
68640.0,-1.93845494226914,-0.321939289232439,1.00289116333369,-1.5324935888924,-1.25278411220289,0.162050202254556,-0.842530255191125,1.03606220056648,0.921040935692094,-2.03060144671227,1.18242549121093,1.9651014285769,1.05187867312904,0.515591294964836,1.93632840637613,-1.34996169235248,0.836470375587439,0.941852780790723,2.90406101901486,0.147529877942537,0.396155437242926,1.10840228585381,-0.225724269382384,-0.19226650922412,0.408387601087561,-0.336965010933475,-0.0704049706236651,-0.271572285360724,81.46,0.0
110087.0,1.93494645561548,0.650677737498259,-0.286957048622899,3.98782809057201,0.316051835129206,-0.0994493763543019,-0.0214831582313935,-0.172327298889228,0.508730034701461,1.07295520625891,-0.427567391481657,-2.777649223895,1.63714014878874,1.5710801214626,-1.44536681818908,0.908649625166723,-0.122016068028642,-0.104109917156777,-1.6840216339214,-0.344452123814994,-0.173601631022283,-0.190973581696087,0.219975571293889,-0.216596550704603,-0.136691885594352,-0.129953649978571,-0.0500768352982461,-0.0510818960798855,1.0,1.0
41851.0,-19.1397328634111,9.28684735978866,-20.134992104854,7.81867331002574,-15.6522076772063,-1.66834770694329,-21.3404780994803,0.6418997011947,-8.55011032700099,-16.6496281595399,4.81815244707108,-9.44531478308794,1.31705629332341,-7.24346097400378,0.830910291033798,-9.53325705039319,-18.7506411474674,-8.09264877340557,3.32675827497024,0.42720343146936,-2.18269194560955,0.520543072366642,-0.760556415188733,0.662766638397236,-0.948454306235033,0.121795925829793,-3.3818429293561,-1.25652362136258,139.9,1.0
47261.0,-1.53578055546669,0.773476107061545,1.64820511925321,1.12835681640793,-0.0507361696127177,-0.446344245498382,0.339785190078993,-0.156398655027256,-0.052549526312826,0.544613368799159,0.325321531396741,0.518438324790431,0.833600156676547,-0.241545055608585,1.46725368891058,-0.499848868916284,0.0190151565849518,-0.345808797945433,-0.304843730853921,-0.304639912344218,0.241173869642106,1.17503953077674,0.342764569488921,0.652176053406484,-0.351839556376969,-0.283223128455505,-0.0990166418553051,0.269325971817046,7.69,0.0
93853.0,-5.83919161928092,7.1515323543223,-12.8167600806187,7.03111476501099,-9.6512721679897,-2.93842725771624,-11.5432071690832,4.84362653179436,-3.49427572506535,-13.3207888671784,8.46024444901677,-17.003289445516,0.101556614891384,-14.094451660329,0.747030766392512,-12.6616957230679,-18.9124938172188,-6.62697484523061,4.00892074227194,0.0556838813863639,2.46205591127559,1.05486518382957,0.530480596078193,0.472669814042592,-0.275997967880675,0.282435024801752,0.104886020210564,0.254417096767513,316.06,1.0
73720.0,0.483058553548368,-1.41396311013564,0.976156398920545,0.593694975834689,-1.55118576971129,-0.0929831657531819,-0.230283346640603,0.0344884530722719,1.03161271889578,-0.671317411705462,0.0153140201382165,1.18305635128243,0.54430450372887,-0.543037243043963,-0.116906208074372,-0.553646133451912,0.591504475090276,-1.27049649079191,-0.205087874732382,0.595797321160753,0.0392660878086175,-0.325084849005018,-0.127900780449778,0.714848868184094,-0.109961255685882,0.901582945758785,-0.07575488012227,0.0760217857685243,343.94,0.0
66102.0,1.16786801957171,0.135818491026882,0.46867330755289,0.653926749700119,-0.477471197564788,-0.960342255845849,0.162775199472162,-0.248820541584293,-0.0428357412224025,-0.104154993317339,-0.126012743757823,0.659618305040356,0.869172843550689,0.141549718472872,0.97844864696293,0.284825455714365,-0.454239688454813,-0.597926190931147,-0.13640315929155,0.0399257971258952,-0.222251253160866,-0.726016245821725,0.0869333178580431,0.39212164708187,0.218756467390656,0.0878957612746446,-0.034607831347309,0.0285380445671043,49.99,0.0
93920.0,-12.3810482122443,8.21302215295327,-16.9625296493409,7.11609059812684,-9.77282635905051,-3.66683564785878,-16.1473633736285,2.07870595319163,-4.25065683444105,-16.7460441053944,7.42580096307482,-15.5648376012203,-0.426338420425742,-14.0295376738875,-1.68188923012087,-11.1337609764854,-15.8335888785336,-5.74853293843859,2.27108150670047,0.53779490001906,0.1677033350947,1.5034133341063,-0.767755381526479,0.371951476263823,-1.41563947948017,-0.517022160118675,-0.434620522533755,0.292721057342818,97.0,1.0
102114.0,-28.2550528932108,21.4672029942752,-26.8713387797136,11.7374361361796,-17.9996302850189,6.0659013519233,-41.5067960832574,-38.9872627434095,-13.4340663182301,-24.4031849699728,3.40932261990014,-9.60826735632918,-3.07631796817408,0.240060357919937,-2.83667693195872,-6.594756991638,-12.9575309948449,-5.61352195004329,-0.248828402209821,10.4407179813405,-21.4537362781468,8.36198519168435,4.90911112135878,0.0983279449493119,-1.50873912052995,0.00871129047841733,-5.4078236392388,-0.183811044930697,0.0,1.0
91502.0,0.0073790751145725,2.36518252886777,-2.60028738169342,1.11160176466249,3.2764413263667,-1.7761407852846,2.11453088108345,-0.830084106599812,0.900489974281822,-3.37617706712688,2.05681205985716,-3.9842567303491,1.02196791340796,-5.96790496861639,-1.15160831490592,1.67973960141233,5.58611468683053,2.78913115591619,-2.24107485298106,-0.00638849728163087,-0.563944162060269,-0.902099515410175,-0.404382448597275,-0.0129439005065412,0.589836154947909,-0.734449052212668,-0.447529183217452,-0.362374775122343,1.0,1.0
8451.0,0.314596589729515,2.66067027657541,-5.92003738034463,4.52249960508858,-2.3150272861839,-2.27835165394776,-4.68405393631569,1.20227026523098,-0.694695511200349,-5.52627805985834,6.66243683071252,-8.52546492534563,0.742745446888019,-7.67866801029943,0.593070459066131,-4.47813659534324,-5.84426647937357,-1.1027307945783,2.17738568653903,0.562705643312244,0.743314023428983,0.0640383555765096,0.677841675250346,0.0830078227438395,-1.91103446375022,0.322188398435937,0.620866538820488,0.185030354728703,1.0,1.0
50915.0,-0.698851747364404,0.632635949289216,2.47376218797938,0.180892944397108,-0.646754225063523,-0.209582371132178,0.0471198950138228,0.232440688546902,0.440383097126989,-0.539317156259911,-0.967650372568069,-0.1568798623028,-0.526115734190263,-0.432916164485069,0.0643223244093587,0.0430406163083973,-0.107685892150987,0.00385748851001292,0.147585438436915,0.109311097803183,-0.0591593344077626,0.0566422134102891,-0.146410904010338,0.401346415693502,-0.0830270234117358,0.314850012385109,0.332920095524664,0.171213521576281,11.5,0.0
66870.0,-0.181489713893793,-2.19370078479557,0.456501008521137,1.8378208283723,-1.70295620743974,-0.1914448372712,0.339398914522263,-0.0995271453939016,0.523522911072628,-0.301429937284951,-0.570709131437791,-0.187234996643217,-0.445774672917597,0.257743256669803,1.59078402412692,0.817358651239505,-0.652387398737209,0.595066056925607,-0.938581672346356,1.26332995459014,0.536782284850557,-0.0434707762545085,-0.622205738704495,0.390469555168726,0.0583622954487055,-0.419286582090455,-0.0736839817703673,0.161423498230616,708.0,0.0
25231.0,-16.5986647432584,10.5417508026636,-19.8189818085279,6.0172946473619,-13.0259010501237,-4.12877900260013,-14.1188648469369,11.1611439952369,-4.09955143059712,-9.22282550730978,6.32936467621872,-8.95219071159749,-0.138363691274054,-9.82505442102721,0.0572235922374037,-7.54168742379503,-14.2595985921417,-5.03505152375192,1.43226792970939,1.53491982113512,1.72585282658181,-1.15160577552799,-0.680051901875725,0.108175914514646,1.06687834149611,-0.233720431391328,1.70752055210726,0.51142316911239,99.99,1.0
52213.0,1.24298617296859,-1.7058578958571,0.637295987142026,-1.13234702122215,-1.66468389761745,0.612227100384147,-1.45887269687105,0.301954715895777,-1.08919237106641,1.30219879447152,0.303529046729769,-0.377377754389453,-0.794921852413472,-0.601978948719763,-1.63534989458138,-1.07459851114268,1.11824623999467,-0.0299579678040473,0.322282654445884,-0.274789528881167,-0.195527230721547,-0.0870843717517132,-0.11608843558264,-0.303110103011315,0.404415392118547,-0.0629410098146977,0.0550186078325124,0.0155956481273669,94.28,0.0
47982.0,-1.23280412810524,2.24411874456383,-1.70382579275654,1.49253586483501,-1.19298516971563,-1.68611021267902,-1.86461150490967,0.856122313785725,-1.97353527775248,-3.94238290411726,2.40165068027699,-3.39426561777896,-0.145161724970334,-4.32979551307589,0.758760885824274,-3.19904647594093,-4.48018356526203,-2.48566878350317,-0.0958074336903356,0.207889301735382,0.560475065574211,0.165681717805126,-0.0137535165177887,0.474935180269258,-0.218725074414735,0.302809125708237,0.46603094153746,0.250133538809307,0.76,1.0
34684.0,-2.43923696855219,2.59145816263611,-2.84012564998452,1.28624391005241,-1.7770161908324,-1.4361387710222,-2.20605624197635,-2.28272485775905,-0.292885036315821,-3.71744992918956,3.90739912775712,-7.22000368560677,-1.21173934568755,-9.6576265944335,0.927517899548728,-4.73866234284944,-9.27663556929158,-3.08196108095709,0.17774563450317,0.513529864634298,1.77446009213068,-0.771389807551225,0.0657267026225069,0.103915744896627,-0.0575779255552146,0.24265246086543,-0.268649222026483,-0.743712586038479,125.3,1.0
61020.0,1.19787984754867,-0.688649761967595,-0.114539322335998,-0.709559398283842,-0.73406796548177,-0.727449928039242,-0.0921544809141614,-0.173628636493085,-1.32558474969393,0.804211465750391,0.979000975421967,0.404005337461667,0.0178808211062918,0.52883660742797,0.066804209927879,-1.0687171405955,-0.296452521202758,0.991959278992312,-0.0981683994970893,-0.272812185505357,-0.718499983269505,-1.93072061005431,0.153387298046231,-0.0224729479433413,-0.0428865829231747,0.616849917180635,-0.100134552080099,0.0118879428910702,107.83,0.0
50434.0,0.741034601539725,-1.23996273763785,0.729959864969229,0.192049306332724,-1.13167506217217,0.637898394985477,-0.660367263583074,0.389678442283585,1.16171050655695,-0.381744974448266,0.585437562339186,0.47069795718871,-1.50022519826363,-0.0109990947377775,-0.540126181881762,-0.0240858113664339,0.142901374963322,-0.262844736582787,0.463260513704738,0.246864732431524,-0.0655478218006247,-0.477327834982025,-0.110838071858578,-0.250700158065113,-0.0495569843179114,0.957224282474997,-0.0708212376738076,0.0309823805150692,218.89,0.0
118940.0,-0.62190250075316,1.74350578380965,-1.27064278327778,-1.37217574804099,1.39580895640501,-1.39899194976973,1.78339245370646,-0.517053160606206,-0.00754729493679855,0.405615454012734,-1.20881188741656,0.461462356356254,1.30087717557716,0.179995299007055,-0.248069298781117,-0.600065515046958,-0.759695950861592,-0.387421040032725,0.0235247369060415,0.423960513264434,0.129403795826262,0.854629850821739,-0.321671269588498,-0.572657087843419,-0.0140720455036987,0.137445184597817,0.717254092399731,0.448812654491792,0.22,0.0
92092.0,-1.10847821852891,3.44895257232738,-6.21697180605649,3.02105161812575,-0.529900931709915,-2.55137517507643,-2.00174290819286,1.09243237369483,-0.836098368778531,-4.09564897273592,2.42595071598052,-6.06726194524698,1.83243272022382,-3.50170251648822,-1.00400820464185,-3.5012811030282,-2.941876323532,-1.12574106196719,0.37371480785248,-0.0685983809223332,0.825951491439622,1.14416978988846,0.208559481945769,-0.295497424488562,-0.690232196243341,-0.364749075788586,0.229327220125504,0.208829891689567,18.0,1.0
57905.0,1.00427869973418,0.0930093621290947,1.41969158877894,2.43771663468175,-0.396206479749126,1.31764540835894,-0.84702239675234,0.589560803164082,-0.190961739785285,0.652509965345519,1.19963498831471,0.627138835377039,-0.542666227460244,0.0444760866205986,0.00307812361527888,0.415292425539366,-0.231867179125753,-0.275151860297985,-1.49448683824932,-0.238739458963092,0.205074501923746,0.718316900535188,0.00936817928841332,-0.279573892694725,0.198811869219467,0.150106032027599,0.0648276919483716,0.0160353514793105,1.0,0.0
62466.0,1.15930236574328,0.360467375994419,-0.436667432759457,0.674837385456501,0.122890231243094,-0.76741631372463,0.21185891634343,-0.130200811614326,-0.344493203050131,-0.467938518131505,1.56875965178187,0.696146527855648,0.357908369824125,-0.991371383514713,0.365837260003538,0.869493691677975,0.354363949282929,0.856824690838521,-0.0148102086215985,0.0692398289927926,-0.0186968147168457,-0.115399051550632,-0.183320092504968,-0.0723192160000456,0.541196720808867,0.39559544413454,-0.0340432037364611,0.0355089365509627,47.02,0.0
58844.0,0.970025564897559,-1.40973091940279,1.0411161773284,-0.479614224573237,-1.73086289559648,0.197209156564493,-1.20977290032237,0.308484978692011,-0.21032969744129,0.598606011429285,1.33977423201262,-0.252298524467952,-1.06895455655576,-0.205700841135296,0.044018833303743,1.10304286432754,0.486843078746894,-0.870251555621105,0.274205202235437,0.270944505065696,0.476305844656353,1.05304086182844,-0.177432916130581,0.251236221284333,0.231728432947678,-0.0583773096084955,0.0271664485168541,0.0372246797183036,158.0,0.0
46902.0,1.43752984266395,-0.878806997778624,0.024109308017309,-2.48094965249098,-0.851543047614695,-0.228616890924735,-0.80301693281183,-0.0556118742237357,0.115818306998291,-0.107892792593749,0.460171074937905,1.11402695189895,1.51440994188547,-0.0792299920340706,1.08301524969518,-1.30035307941587,-0.739244425661181,2.32139873516625,0.485372521614735,-0.34484443575212,-0.218952581539273,-0.0146757028639813,-0.212643327508133,-0.787796390321822,0.579473540000393,0.139297891201545,0.0470000651034963,0.00553415776763722,15.17,0.0
60061.0,-0.430562610647573,0.834263860635644,1.09901506639905,-0.150877529345918,0.251503476371757,-0.0556618236743694,0.387494336780093,0.351890415249168,-0.321013642494817,-0.328236865587712,1.05933582092932,-0.521442448620213,-2.01086629633429,0.192126290351012,0.699101364959498,0.480581965586688,0.0357925785349618,0.273395734564849,-0.02339652814109,-0.0114268611385476,-0.224785130896721,-0.695149431479943,0.00438081498356652,-0.417303603785636,-0.286907141577183,0.111285493503043,0.241472735997248,0.077760294789464,8.94,0.0
97404.0,1.99586188124638,-0.595937783451244,-0.186060034013963,0.220054406873542,-0.564572524876061,0.445219843235927,-1.17707172378687,0.225662261442671,2.6688716039223,-0.184735853492079,0.59501273506727,-2.47755012940224,0.717790362147359,1.48571518721201,-0.458105433361883,1.20155857347783,-0.47448029864062,1.29552224721092,0.187896135203874,-0.239798579526057,-0.146055641413232,-0.119832632467,0.194697333292426,-1.16501011539602,-0.551513779241123,0.493741078425548,-0.0533187119925973,-0.0667285930399511,15.95,0.0
69448.0,-0.578798951969937,0.164140625643692,2.09217170108918,0.484858853164901,-0.994191010365781,-0.077778127131496,-0.186935165527629,0.130555940993234,-1.5717726969224,0.923350990083769,0.960772526022609,-0.322130615326217,-0.75114732722183,0.320570174173442,0.823977733166709,-1.34464689906023,-0.106260275283344,2.39687929566112,-0.0190775913702214,-0.407728238309823,-0.0799817381477616,0.156608279057221,-0.0673446372051262,0.486572601421222,-0.357064564414852,-0.235779353344236,0.0716136937784253,0.140236695194004,59.0,0.0
59777.0,-8.25711081724667,-4.81446073955621,-5.36530689032661,1.20422986423394,-3.3474200965739,-1.33160147516446,-1.96789279857039,1.29543781710486,-1.67441524280437,-3.42605225253339,0.144562690111297,-4.28352931016896,-0.24089504151477,-3.65749040377527,0.923104767832095,0.844221069436753,-3.94831185243281,-1.8075159915996,0.105878827218844,-1.23398725720348,0.436390207477188,-0.077552722802211,-3.09162435615504,-0.390200885685448,-0.288688941339997,-0.340004217403437,0.0398191045440342,-1.00790031022705,319.2,1.0
57160.0,-1.35054399836857,-0.906777808498705,0.73258559897186,-0.681024699066263,0.51473625936948,-0.00574738405145013,1.08358134392202,-0.0216806196332716,-2.06496061663959,0.0826500158614803,0.0376077791563811,0.484788730531857,1.18304817812004,0.195394348144737,-0.609889533229182,-0.712483242762192,-1.12154987515999,1.65234668107457,-0.718251903912988,0.335264662631382,-0.5201292905071,-1.85706895721636,0.782722006716051,-0.991645892186918,-0.11753587598967,-0.989861015883745,0.00710172032140657,0.156718666164669,283.37,0.0
120341.0,1.88312929467733,-0.552847201202584,-0.63782960088525,0.171371306710073,0.219760429072439,1.45792694976476,-0.880702756541074,0.46078156087943,1.43270872628777,-0.313557320501945,-0.652151864216917,0.710761418583284,0.414374111661672,-0.204604123697608,1.27968901757216,-0.678502488698081,0.15771041343817,-1.0260116144398,-1.15479445947033,-0.256814787454209,0.24824018779872,1.05514328730687,0.191125341815476,-0.531083023173547,-0.235428497479699,-0.135513136938378,0.0878140379426509,-0.0430247755010599,9.99,0.0
93904.0,-11.3206331107815,7.1919501426236,-13.1790825454686,9.09955188204157,-10.094748875094,-2.44011507020033,-14.1843372950953,4.45250293397358,-6.24196000276902,-12.618162687238,6.05731930477932,-15.7176066468772,0.117817409556609,-8.65374335706751,-2.50255377627617,-11.2313644545234,-21.5851521412337,-9.09089206099764,1.17118873250237,-0.180934725269677,1.08223532776525,-0.350562500439559,0.483043945803059,0.661132920850802,-0.396521511995203,-0.413315388408682,-0.997547797965388,-0.235035882545031,37.93,1.0
102067.0,-0.608767968522579,0.24184597592728,0.33460916053508,-0.724264869302385,-1.84826641311738,1.43406512463628,2.49278299202814,-0.723278591362735,2.30554400123557,-1.08381275831462,-0.170710935601056,-2.68932240600023,1.78032323605877,0.72820846460258,-0.54463112020543,0.181774248302969,-0.1115823858337,0.494699743724913,-0.551013408938195,-0.575668850893525,-0.0264465905289163,0.963125508519205,-0.0776079027360195,0.631150649808856,-1.01481307238685,-0.15329123308361,0.00662696386258615,-0.0974784735059772,500.0,0.0
41870.0,-20.9069081014654,9.84315322329519,-19.947726046163,6.15578864849515,-15.142013159868,-2.239565648142,-21.2344631540976,1.15179506554623,-8.73967037069304,-18.2711681738888,4.67734929657245,-9.58356643737056,1.03516582361622,-8.19969002891841,-0.32651888245129,-8.37643882097816,-18.4854603221489,-7.58997395860914,1.1266403652792,0.396654845079575,-1.97719619445615,0.652931885295435,-0.519776859411322,0.541701730134149,-0.0538607606750096,0.112670774311131,-3.76537100922261,-1.07123831223447,1.0,1.0
104025.0,2.06053419678854,-0.0401313471324472,-0.979918941325014,0.608317671939905,-0.11663798071067,-1.07187143734686,-0.0101119906653083,-0.313211171024919,2.02161987467454,-0.268451568399569,-0.0221640505654024,-2.74539221639202,0.445348681807234,1.96364751636099,-0.505912977633998,-0.113060250617021,0.547410302399951,-0.506758255813158,-0.0938796357173557,-0.352847091658803,-0.4530894495782,-0.978433780394053,0.365210198986411,-0.179500389199651,-0.37002946837236,0.171078199280415,-0.102665873421153,-0.0703461559603495,1.79,0.0
33851.0,1.17186651264409,-0.488889940112302,0.813985853142008,-0.121250950673339,-0.784863953602952,0.343446913306671,-0.755854002980572,0.222031818613054,0.855349391787602,-0.238937948450096,0.348030858932942,0.979831202619548,0.332204309453836,-0.334323913802979,-0.362624745853963,0.59349534859949,-0.63572555615786,0.355903663691846,0.821517604215171,0.0500216786923126,-0.0994769031604201,-0.18589014985255,-0.0844755805647745,-0.414000786679523,0.187331523160877,1.02029056797428,-0.0435439067198314,0.00364524519006921,39.95,0.0
8090.0,-1.78322883722709,3.40279371307631,-3.82274226552205,2.62536815276644,-1.97641541136284,-2.73168901231308,-3.43055914949085,1.41320351399318,-0.776941494554916,-6.19988176274188,4.36671348631445,-8.24326243368313,0.345761165232579,-6.59055029705192,0.265576095932165,-3.02845238846152,-4.21448627485607,-1.21360784773725,-0.265421595374812,0.364089115014408,0.454031931736316,-0.577525824201459,0.0459665375362652,0.461700017592254,0.044146161217817,0.305704433918549,0.530980986346765,0.243745598122111,1.0,1.0
102619.0,-2.48836288474016,4.35901910783724,-7.77640985018266,5.36402677044258,-1.82387723220959,-2.44514013600669,-4.96422092061784,1.48489015991725,-2.94789885841072,-7.17534972178322,7.34365210856032,-10.178995535122,2.14215063066493,-8.98305216762269,-0.473746033414928,-8.14334226244301,-9.78567719982127,-3.08651950539248,3.37971333584943,0.792274684105994,1.32567239039937,1.02122620503862,-0.266476205063069,-0.370880444896658,0.365535186093547,0.081372023747405,0.184983040876449,-0.211582455539506,1.0,1.0
70978.0,1.10609232640154,0.383613463257376,1.00614379063539,2.83049650485124,-0.501351688113408,-0.31846553666353,-0.0122812096516275,-0.0504683160486079,-0.263098788513495,0.50309629413569,-0.676010686460181,0.431119224316974,0.111267120945506,-0.221257190662914,-0.950072325788833,-0.0112047770332466,-0.0453348405181294,-0.659417555183306,-0.745759478308726,-0.138968307935406,-0.0463629070964523,0.0377193520170524,-0.0550871554621389,0.746295686447256,0.58616465618134,0.0545502067262449,0.00809245166396773,0.0268777753749553,19.01,0.0
20011.0,-14.7246270119253,7.87515679273047,-21.8723173644566,11.9061699078901,-8.34873369160876,-2.26284641969245,-15.8334427819606,0.0778736741759969,-6.35683349086288,-13.2616517082667,10.0637897462894,-14.3947668016721,0.654888723464231,-14.2483158270781,-0.305360761401071,-8.16163244506225,-12.2809648581754,-4.81858639342974,0.719787682108791,0.996468755724792,-2.36234492751884,1.09955729576975,1.03719942301307,-1.03635934178889,-0.254776514154375,0.642343201018144,2.16112922373151,-1.40128201963858,1.0,1.0
34967.0,0.959774078045733,0.358233484489795,0.632223252482555,2.3677669935213,0.476643697757082,1.30551437729683,-0.162199829447383,0.435690542368411,-0.78967063549694,0.499857032800543,0.699017191372772,0.416081896144527,0.0230065411230937,0.399858494559876,1.55130767972798,-0.712882528248651,0.691743583491877,-2.25883178777937,-2.73282070521311,-0.265908665249939,0.202497255523059,0.693188950554137,0.0858708669197768,-0.623325182233838,0.200807736564111,0.174457813274267,0.0585931466040637,0.0119692693991627,16.73,0.0
34003.0,1.04693946297342,-0.00630428227667266,0.456748661051937,1.35913171146386,-0.304708596325649,0.0168104060182751,-0.0547794836192466,0.165756960120011,0.159718387042191,0.0577542550388566,1.17971211682987,0.773437061368954,-1.21063222156206,0.473567215307819,-0.699500925920891,-0.536583767297657,0.142712291533014,-0.424341591927871,-0.158103043937757,-0.184392066989412,-0.0290640566128558,-0.0019199919470412,-0.0650570367822232,0.220106655012778,0.561981050332474,-0.342937072514599,0.0241578370102531,0.011250899536303,39.41,0.0
49985.0,-1.55421636788274,1.69422928947167,-0.903333638062708,2.42543608490852,-2.89978748492542,0.133028430446298,-0.286225919411127,0.555944559014401,-1.39491838156524,-2.89261176082088,1.96223597455109,-2.38526266137636,0.458337202321203,-3.72454345377605,1.84397832505056,-2.01392370780293,-2.81560029569659,-1.09229027232613,0.139687230416985,-0.0323343863075664,0.493436338989664,0.733393182273647,0.202349959595007,0.492053700892718,-0.183790909215829,-0.19991711985608,0.395200622125666,0.0276930320930062,360.0,1.0
93742.0,-3.29112509261551,4.4011941515981,-8.39421162258901,4.45357956949695,-4.79005451824953,-4.24018208232724,-9.21900099642753,1.97402995723142,-2.91294270907847,-13.540168238225,9.41303953977606,-18.0475965708216,-0.728186553999085,-15.3930448312636,0.3494850489774,-13.30388757707,-21.2979057823155,-7.26231079476482,2.27422550991903,1.4908691418867,2.10234346771868,0.597370314627801,-0.328086184026121,0.445752402449364,0.585280580866405,-0.399005421878678,2.11600444233121,1.05074380386505,1.0,1.0
8757.0,-1.86375555343732,3.44264397684973,-4.46825973145511,2.80533625940251,-2.1184124774924,-2.33228488731467,-4.2612371974404,1.70168184397858,-1.43939587542941,-6.99990663386522,6.31620967716699,-8.67081800476226,0.316023991908777,-7.41771206475053,-0.436537471366146,-3.65280196004741,-6.29314531907376,-1.24324829133852,0.364810482193887,0.36092400372093,0.66792657242141,-0.516242362128804,-0.012217811746839,0.070613703103445,0.0585044669560628,0.304882839588584,0.418012467185258,0.208858278145839,1.0,1.0
35953.0,-4.84437152213983,5.64943864783758,-6.73039574613665,5.25284201867297,-4.4095661499774,-1.74076745609347,-6.31169852901067,3.44916731253577,-5.41628435913526,-7.8335555711125,3.6573495649865,-7.7814479532704,1.50772042676786,-8.60475886835984,0.0105926875670707,-6.55397325691037,-12.6243936527694,-4.98990973846596,1.64541389333247,0.284555090358885,1.19488835625662,-0.845752531858704,0.190673885417928,-0.216443252531192,-0.325033100382822,-0.270327592956951,0.210214051535782,0.391854886292055,111.7,1.0
71593.0,1.18228003832738,-0.0475852729029873,0.398317762296334,0.216292221365877,-0.743315996434656,-1.29784543458236,0.102336678540517,-0.303711620161392,0.0902040933846986,-0.14913743564536,0.0836360571036327,0.472117403700754,0.433951805491407,0.190189754634165,0.986959883924444,0.121580895796647,-0.207901881498457,-0.534354213449142,-0.187771533588481,0.037197409224368,0.0711870833478392,0.155247066087961,-0.0527581898049931,0.804526453354096,0.334081362350897,1.04423528396056,-0.0904102069528576,0.0132400424996648,50.6,0.0
48380.0,-2.79077103894771,-1.46426898705405,1.03116500769674,1.9213560843992,-0.0900138203463016,-0.483871347899329,0.780731181206493,-0.348775795673106,0.609133451935087,0.225933803313285,-1.06453419450651,-0.787372737955552,-1.57646958451914,-0.126756361711439,0.367012281940972,-0.635321654596588,0.327006411459276,0.0438160872305435,1.40357376229763,-1.37672077946455,-0.392667221970544,0.440019838749267,0.777659196131864,0.418551935584405,0.244563185949918,-0.159360689127314,0.0605395343366452,0.356958362771354,208.58,1.0
61108.0,-2.7560071191969,0.68382137690334,-1.39016888269883,1.50188726081003,-1.165614355805,-0.13120694925796,-1.47874061646082,-0.246921578045176,-0.100522731731488,-2.30110989675506,1.91445404493049,-3.8309980112302,0.719488566785256,-6.35301985790071,1.43871619241123,-3.29723907467834,-4.86297149937169,-2.00235399924327,1.54523326964355,-0.106944639579729,0.320473875601072,0.61102668559867,0.174863684107414,-0.502151101117601,-0.174712784335661,1.17924208342707,-1.16631532833921,0.821214803121569,101.5,1.0
117923.0,-0.572557664215287,1.26288490716003,-0.357542209389183,-0.131527106072423,0.247938071427173,-1.44035951429109,0.600358665387296,0.19220643725718,-0.581836124231674,-0.972482023059855,1.43685641583231,0.543489519679042,-0.514744275386271,-0.18545851399604,-0.059461733349452,0.138850629385555,0.596527473520424,1.11121997103142,-0.00749972009582705,-0.245247960116667,0.479393847007429,1.27480374207969,-0.170852174178777,0.485197148005496,-0.596819361440772,-0.226173602428587,-0.0222121681732413,0.155731858995444,4.62,0.0
67150.0,-1.82429505976067,0.403326526860602,-1.99412200641801,2.75655816357726,-3.13906432572579,0.408185014718199,-1.20904511871624,1.09563435393431,-1.44722489217345,-3.95100289197434,2.56070020158284,-3.4119829114195,-0.781669619949492,-4.7327675351632,-0.433973654922625,-3.30608841178359,-4.23102187544855,-0.750809770409941,2.69080834203374,1.50368830479002,0.838760421033887,0.341727095787049,0.947506491293615,-0.145493002452622,0.0493257725258454,0.831065451615044,0.33242130393302,0.252712728641008,489.71,1.0
37437.0,-1.25688892344657,2.43674756562115,-0.908555818537506,1.14019441439212,-0.293999943705665,-1.02739599839433,-0.236605456292741,1.03310924716438,-1.0113370359504,-1.12143888456173,-0.499656716729354,0.649220648458108,1.47280771216672,-0.844059246925105,0.981286803642567,0.652209837154134,1.40088059244313,0.877807961180769,0.178561825866409,-0.113725577718446,0.140966566212481,0.162256276874996,-0.0330659060236859,-0.0818446706037877,0.0429204419713593,-0.312527995008983,-0.296015873241748,-0.0491515102692012,1.0,0.0
35953.0,-4.84437152213983,5.64943864783758,-6.73039574613665,5.25284201867297,-4.4095661499774,-1.74076745609347,-6.31169852901067,3.44916731253577,-5.41628435913526,-7.8335555711125,3.6573495649865,-7.7814479532704,1.50772042676786,-8.60475886835984,0.0105926875670707,-6.55397325691037,-12.6243936527694,-4.98990973846596,1.64541389333247,0.284555090358885,1.19488835625662,-0.845752531858704,0.190673885417928,-0.216443252531192,-0.325033100382822,-0.270327592956951,0.210214051535782,0.391854886292055,111.7,1.0
53950.0,1.03312946580859,0.184437649943421,0.349389834307285,1.19341881659989,-0.194249203072274,-0.624055619274932,0.341508387951647,-0.213575515415621,-0.261144560577236,-0.105315051966009,0.355824262052643,1.11772190411758,1.3130736433635,0.17977048367686,1.00588254843871,-0.393425273156055,-0.10567331633384,-0.860840638302841,-0.885454186571122,0.0560738006559443,0.138229974260847,0.374158483935498,-0.112358369420284,0.454270818475539,0.59018407915682,-0.331604068274129,0.0253769486791147,0.0363884114505796,79.99,0.0
61646.0,-1.52230450950001,1.50515204317029,0.372364350808073,2.28686855813503,-0.526518744404641,0.998593092488712,-1.0875560400314,-0.027248402908359,-0.533001251290556,0.169572797878818,2.79039639060721,-2.31695189213093,-0.78253178710191,-3.43173796295146,-0.527701760836688,-3.2935576903327,-3.90149898369755,-2.52544048175208,0.79514422023384,0.412800620721233,0.332216175668172,0.493980864616249,-0.0801982925908616,-0.253327337787628,-0.477799682605952,0.991739677999628,-0.952553959120801,-0.39036399798095,19.04,1.0
49399.0,0.697677210741824,-1.61630730753484,0.472039453425026,-0.996736079801258,-1.82130860395206,-0.86240398438381,-0.413104689014794,-0.0180744756650243,2.21914726393772,-1.23624641181015,-0.74962946452767,-0.357401634057999,-1.95781317961466,0.244419620997513,1.59534437949951,-0.286577526601311,0.0491434532247636,0.5080850564263,0.594374784940413,0.389477158938721,0.26929121576878,0.271614271478623,-0.340888117212842,0.431800812189365,0.307322304580041,0.0891819551737397,-0.0239770888652029,0.0706253069384538,300.0,0.0
61646.0,-1.52230450950001,1.50515204317029,0.372364350808073,2.28686855813503,-0.526518744404641,0.998593092488712,-1.0875560400314,-0.027248402908359,-0.533001251290556,0.169572797878818,2.79039639060721,-2.31695189213093,-0.78253178710191,-3.43173796295146,-0.527701760836688,-3.2935576903327,-3.90149898369755,-2.52544048175208,0.79514422023384,0.412800620721233,0.332216175668172,0.493980864616249,-0.0801982925908616,-0.253327337787628,-0.477799682605952,0.991739677999628,-0.952553959120801,-0.39036399798095,19.04,1.0
68599.0,1.23029898866038,-0.00994219141187825,-1.21312142308584,0.0887262785224116,2.16563804713074,3.39415888061238,-0.408627480376945,0.791560580788813,-0.150539661638882,0.111564154698118,-0.19030580351618,0.00112141435072219,0.00809519129686069,0.473827480957702,1.12745902998638,0.479466629403766,-0.972194568603515,0.380497961744306,-0.112228925191963,0.0453192219543655,0.0356633683697519,-0.0671890489415111,-0.17192184031033,1.00915214919194,0.822277395836357,-0.268684683644846,0.0148706694030698,0.0206171935582327,34.9,0.0
93853.0,-6.18585747765758,7.10298492227346,-13.0304552638937,8.01082339822486,-7.88523736131971,-3.97454999359808,-12.2296077786617,4.9712317023058,-4.24830701294998,-12.9654812039222,8.68830799242781,-17.1829184301947,0.0695769150313325,-14.1161560074304,0.959031717400206,-12.3753337375636,-18.716764511809,-6.52201457322122,3.51795494036344,0.483930108481186,2.50277241039945,0.481691289576756,0.480957977547458,0.360318638811951,-0.293354295977635,-0.199193157971208,-0.203917328209747,0.398927185850218,44.9,1.0
58222.0,-1.32278906321956,1.55276821126964,-2.27692070362638,2.99211739124618,-1.94706392017319,-0.480288250384527,-1.36238752318047,0.953242226598613,-2.32962885992389,-3.39355348115172,3.1284396921776,-3.57039373078107,-0.595198191474463,-3.98841505479623,0.995905842419722,-2.84378455855144,-4.82624611607161,-0.703883464864473,2.15221455770756,0.988493486888991,0.614968996752659,-0.195199717277462,0.590711261700839,-0.233377663885038,-0.164285286785183,-0.27749787053455,0.428610084734921,0.246393746180351,270.0,1.0
46925.0,-0.481531150954278,1.05954227713479,0.647117402910268,0.905586233912649,0.81936824001549,-0.0911835663506086,0.504134851323607,0.161064336313081,-0.765053776949662,-0.55054534794377,1.48028602025778,-0.105359122514952,-0.804841454759319,-0.819901849432008,0.916881766469427,0.201150538864914,0.874890632270019,0.941476678511478,0.272698476205832,-0.0425151328862889,0.0706328691882125,0.192490772493404,-0.174659253437827,-0.438908072947488,0.239258996609831,-0.217823405004998,-0.0728522476980958,0.0104633125817071,1.0,1.0
121005.0,-0.981725693066387,1.71761456701668,-1.12897185339174,-0.900974525119554,0.983099206833136,0.457493625796856,-0.0683304162692595,-2.20599297895567,-0.0436111457966964,0.182307952482911,-0.0363381017743307,0.798502799278475,0.50105753929775,0.617820585892566,-0.236267050279289,0.0588756667137131,-0.844014897014146,0.968141470975959,0.625018837391686,-0.48086785811418,2.6577412206937,0.508047949038593,0.164688617829863,-0.143263738854188,-0.619973087231696,-0.239673119356771,0.188329889542377,0.0429166089702901,1.59,0.0
109297.0,0.745153216872909,2.80929887414381,-5.82540635746786,5.83556642595055,0.512319881201007,-0.615622343185995,-2.91657564356736,0.776710041712962,-1.87883185000296,-4.54693575081085,4.69879549591235,-8.50778570734412,0.718249309268122,-7.62871014660448,-2.24957848303647,-2.55866861696795,-5.30462366328046,-0.956938449028105,-0.585321852047277,0.40283675391689,0.284840710005163,-0.874383479410998,-0.0839950451669313,-0.651441658316508,0.454593823671078,0.0503758982755266,0.756952562644727,0.383868938615243,0.0,1.0
35926.0,-3.89658259167336,4.51835470349753,-4.45402724041253,5.54745334718879,-4.12145857265685,-1.16340665785105,-6.80505305303552,2.92835625399971,-4.91712959933528,-6.60046062150676,3.36784560815482,-7.88897751950988,1.68260346667335,-7.62865191597326,0.779245995683184,-7.53340432942796,-14.0646239413114,-4.96010863308331,2.52578492424474,0.757286726552078,1.69104203001122,0.920020577187708,-0.151103893232396,0.0110068782298363,0.0803032669086078,0.412191351423526,0.635788870982512,0.501049550484962,4.56,1.0
59704.0,-1.19065367458695,1.10174147855649,0.883745172162157,-0.328842642613487,-1.06345978135886,-0.416523181567008,-0.474217418970194,0.887928609498011,-0.380452220984016,-0.645209688835605,0.665773271081821,0.890256480862054,-0.430893571172084,0.626796808859206,-0.649092170810966,-0.0606515500265579,0.473003059125918,-0.0888698878063235,1.6521455553145,-0.206296708274852,-0.0593547970249096,-0.426136080170125,0.116061968233191,0.394067327614079,-0.737255975841461,1.18121767821071,-0.471962107548328,-0.0131099642536518,10.0,0.0
67485.0,-0.824250139068186,-0.298274688853905,3.01623206254796,-1.38747309522967,-1.34690169402418,0.604771395332627,-0.888405533325249,0.590786995512457,0.385755423128151,-0.325724375309625,-1.41391765911268,-1.1805750402049,-1.73616715803353,-1.23286208912687,-1.5206160418959,0.481370833815371,1.04393350876124,-1.53345988960774,0.116462428420123,0.0481446429475957,0.150324873303072,0.768834293915399,-0.355308737264581,0.100058665633434,0.425600644442817,-0.0778556374791714,0.352309082561353,0.123312893620918,4.0,0.0
48232.0,-0.398515920274544,1.29889237570842,-0.603826137810621,-0.466594174556573,0.296996961360966,-0.799976307048567,0.34277532806999,0.50195046507429,-0.395762141977961,-1.42592850628821,1.14652791699797,0.179157017887275,-0.0917194355022277,-1.84965255314206,0.00953018944550958,1.6971990035357,0.86447015488687,1.4801427999804,-0.511455644489203,0.0340839906716764,-0.114976395703566,-0.441322863036933,0.00779934370213808,-0.537722237280397,-0.084094586648474,0.392121518489797,0.0353192664250634,-0.0425962406834401,37.0,0.0
93888.0,-10.0406314557065,6.1391827154247,-12.9729718943545,7.74055544506762,-8.68470452840193,-3.83742916671056,-11.9077019040753,5.83327300056002,-5.73105424359056,-12.4389449056023,6.98988561330738,-16.218610393127,0.25330336584704,-8.72864506518152,-0.147529091109699,-14.1298545174931,-20.6850275533272,-8.48444905730181,4.85125513655685,-0.0822752254211996,2.82343143164188,1.15300501339169,-0.567342849673059,0.843011621641402,0.549937644887907,0.113891875585392,-0.30737499959267,0.0616306406149363,1.0,1.0
46149.0,-1.34650881762975,2.13243062687771,-1.85435531823997,2.11699770636107,-1.07037837875552,-1.09267135682306,-2.23098606430574,1.03642490791919,-1.89551573571367,-3.36401057980002,2.88704787664695,-3.78445965821089,-1.28890425847532,-3.98562600822203,0.531838297985603,-2.60370264991872,-5.15759639749234,-0.696010004579956,1.28596139472532,0.221918669151309,0.609508181503446,0.202874284952422,-0.0607913872259794,-0.186733353366053,-0.0174012274970924,-0.283751034119116,0.395451049081013,0.233138575967241,1.0,1.0
93860.0,-10.8502815883108,6.72746568826853,-16.760583409542,8.42583167857118,-10.2526968683093,-4.19217104406337,-14.0770860104531,7.16828793346092,-3.68324217370244,-15.2399619587112,8.03070840755191,-16.0603057628826,0.270529742348469,-14.9529810390579,-0.241094883743813,-11.866730636746,-15.4869899240937,-5.74865155747378,4.1300314273319,-0.646818272966729,2.5416369467068,0.135534921100722,-1.02396689219897,0.40626452579196,0.106592778669641,-0.0262323892202069,-1.46463002356247,-0.411681819907858,78.0,1.0
26931.0,-22.5616992591298,13.2089042844176,-24.6438187771226,6.23253182330679,-16.905611362323,-4.49743871970001,-16.8101841919321,14.9551067734604,-3.87129682308601,-8.58126551626339,5.25698760960799,-7.39361499215009,0.538800829120431,-7.57755201800709,-0.030725531904052,-6.45478323655342,-12.8456565242928,-4.86591773720169,1.06244185030067,1.62144422472126,1.76598663639159,-1.6355166467436,-0.998316503452087,0.138972227361725,1.55935014018173,-0.22212451669,1.5044246600224,0.445919826109776,99.99,1.0
32686.0,0.287952771527529,1.72873464521162,-1.65217304572257,3.81354418795523,-1.09092715391318,-0.984744665624589,-2.20231792699069,0.555087932252191,-2.03389204830362,-2.73415555507211,2.36843367282003,-3.65680265130054,-0.169534683304731,-4.74441333023745,0.765192829294304,-2.47951355643698,-4.93111196829858,-2.54740252736051,-0.90268980289448,0.265250210286539,0.262201510185118,-0.633527564205563,0.0928910102678184,0.187612655556196,0.368708354409639,-0.132474029018571,0.57656075692479,0.309842705461879,0.0,1.0
11080.0,-2.12548982597957,5.97355569173344,-11.0347272274446,9.00714687170235,-1.68945053397167,-2.85441528535313,-7.81044074525876,2.03086994595841,-5.90282812214984,-12.8409338181318,12.0189131816199,-17.7691434633638,-0.431035658230095,-19.2143254902614,-0.962464574748091,-10.2666091836641,-15.5033921000669,-5.49492764246329,-0.410480977392724,1.49377464554928,1.6465182926595,-0.278484510810644,-0.664841293974353,-1.16455536944202,1.70179641354046,0.69080561470369,2.11974873337031,1.10893340333617,1.0,1.0
100872.0,-0.490681770289484,0.39618561499313,2.64888060016238,-0.767234702713489,0.498704170532472,0.448654443614178,0.474639083619939,-0.591814771500447,2.09563555600633,-0.485447706068022,0.321458918393617,-2.43351013805101,2.62000040304109,0.067103266399643,-0.10290624526873,0.326138829514282,-0.309304313583307,0.1982531701154,-0.549120157115529,0.116462430957405,-0.279933908611853,-0.0425885872961472,-0.404704446763209,0.599382742125079,0.209177417491492,0.442513629670617,-0.821423685794071,-0.736105965506398,15.95,0.0
56887.0,-0.0754834663888726,1.81235458422751,-2.56698081016962,4.12754860722303,-1.62853157024518,-0.805895445766318,-3.39013454458215,1.01935326231828,-2.45125125188341,-3.55583492739064,4.31571103012142,-5.47980167679906,-2.11550315600957,-5.5887855765974,0.280108069299552,-3.50723062361012,-7.45709493793125,-2.32549168188332,-0.440434552920779,0.338598140549314,0.794372451897782,0.270471232297866,-0.143624140755259,0.0135659145316466,0.634203128800614,0.213693187250942,0.773625466697089,0.387434054572014,5.0,1.0
59385.0,-7.62692409246447,-6.97642000754641,-2.07791115073952,3.41675415987856,4.45875840248762,-5.08040779918275,-6.57894786782983,1.76034141396682,-0.599508728352202,-4.00174208524931,2.61176184321338,-2.21069105518154,0.145323220628924,-5.28167813117348,-1.44622731547596,-2.34217826208892,-4.44208205885268,-0.812202197039381,0.254771833248553,2.87526030369363,1.22479498325958,-0.656639147267532,-0.330810728527997,-0.0789460153087798,0.270305924800976,0.431119110160139,0.821381426988655,-1.05608777393768,18.98,1.0
47545.0,1.17671575912859,0.557090903443645,-0.490799622910899,0.756424293386678,0.2491915585394,-0.781870546568533,0.228750322026116,-0.0408400791377636,-0.432110564245139,-0.585778431385528,2.28193937592012,0.654566719272309,-0.310379432324912,-1.04370522504569,0.513750399321109,0.399177755263914,1.14313007770305,0.256013886486252,-0.511210088142662,-0.10277180482264,-0.0621660000083396,-0.128168129786567,-0.0401759895545737,0.110040347467026,0.437891432381746,0.368808854483266,-0.0182873480981415,0.0311734033163997,0.76,1.0
72327.0,-4.19873460983989,0.194120636801706,-3.91758567828042,3.92074784640417,-1.87548574659158,-2.11893292738694,-3.61444510993627,1.68788446543007,-2.18987113590881,-4.68423332514029,4.37690666362302,-5.00744082816051,-1.30474507803596,-6.19247526385522,1.00240426741391,-3.31693430074553,-6.18883415213498,-1.04041264854272,1.23304434947994,1.0033504305956,0.801312235949018,-0.183000576489906,-0.440386862411508,0.292539411877521,-0.144967421927777,-0.251743981877142,1.24941367428483,-0.131524643545312,238.9,1.0
73075.0,-0.835375280816568,0.483714983196713,2.73110026284243,0.868620490013629,-0.0475157944139463,1.27489706698527,-0.260046501339333,0.630035268694918,-0.179555782124302,-0.495893607455603,1.25912999467898,0.875188159857924,-0.258447476867429,-0.126130786450059,0.232556277714012,-0.695334818336152,0.380166709273541,-0.189391999964142,0.248171345287717,0.0351953430572901,0.115446611102475,0.490593084211798,-0.190268097808115,-0.288140384732108,0.0682750308208941,-0.23290097646696,0.152490252349667,0.0778219248810137,12.99,0.0
78496.0,-0.62638734825631,1.17438456949034,1.19479731159709,-0.0957555880029648,-0.00378146915374756,-0.707520553289979,0.532669206147924,0.128784670571736,-0.348011764798994,-0.00980534793051163,1.3797817557379,0.220044035625162,-0.71688599041866,-0.153460496746761,0.292211864789974,0.593819159036167,-0.209036404782779,0.43370376293508,0.175302244817706,0.204618150357062,-0.251175908040064,-0.66089786052231,1.60487302722973E-4,0.253527002457915,-0.162004904351185,0.0619871746543244,0.341847843378056,0.150783445280574,2.67,0.0
3764.0,1.3372033777756,-0.42696217003331,0.801378653184393,-0.520650973302915,-1.14000219391649,-0.799514399299524,-0.764578941535282,-0.112513947973644,0.31650277270857,0.420426477166188,2.55621243266663,-2.57870324925025,1.16319186189291,1.59938100903049,-0.577383951634694,1.37048422225298,0.804131569558263,-0.809956909549063,0.619337994288458,0.0108271611744167,-0.182375923014132,-0.481663212212384,0.15973062622578,0.446257517846862,0.12849979306192,-0.549305837870479,-0.025164359344485,0.00841699699808198,16.6,0.0
28658.0,-28.5242675938406,15.8769229879536,-29.4687320925264,6.44759140152748,-20.7860000418837,-4.86561341755669,-19.5010840750712,18.7488719520883,-3.64298981925263,-7.93964241937325,4.18467368942509,-5.83507521523889,1.21595964527928,-5.33014378246253,-0.118631138153322,-5.36777527618834,-11.4317569116986,-4.69692444373293,0.69268841200477,1.7068890619925,1.80576978392608,-2.11937616760819,-1.31744962200248,0.169845630469178,2.05168733506275,-0.210502000459411,1.30173396497076,0.380246181418509,99.99,1.0
68207.0,-13.1926709562391,12.785970638298,-9.90665002092758,3.32033688288942,-4.80117593230105,5.76005855618556,-18.7508891580107,-37.3534426378925,-0.391539743919107,-5.05250236713858,4.40680552357904,-4.61075647740608,-1.90948796970811,-9.07271093398351,-0.226074450896345,-6.21155748212485,-6.24814535335983,-3.14924669470095,0.0515761185277783,-3.49304991519446,27.2028391573154,-8.88701714094871,5.30360690376998,-0.639434802306313,0.263203123457008,-0.108876929971315,1.26956635541013,0.939407362758877,1.0,1.0
119915.0,-0.397388298006853,1.26485037158491,-1.73988734068878,0.0748814692827801,-0.804041504495689,-0.96754206844342,0.974259610566531,0.413975782336296,-0.256649120384649,-1.41749129095269,-0.763769468735994,-0.190805745638118,-0.303289602422112,-0.270589966192146,0.745569902101151,0.38541487097957,0.88054213605315,0.773606397092761,-0.358467362646973,-0.372755504299124,0.369395678554793,0.915085944558486,0.106535992951519,-0.0998816810439599,-0.258191904139563,-0.152522966404198,-0.250989437175382,-0.156642122986015,196.1,0.0
8528.0,0.447395553302475,2.48195386638743,-5.66081393141405,4.4559228120932,-2.4437797540431,-2.18504026247234,-4.71614294470093,1.24980325173147,-0.718326066573691,-5.3903302556601,6.45418752494833,-8.48534657377678,0.635281408794591,-7.01990155916612,0.53981407134798,-4.6498642988132,-6.2883575087823,-1.33931232244731,2.26298478762517,0.549612970886705,0.756052550277073,0.140167768675,0.665411100673545,0.131463791724986,-1.90821741154788,0.334807598686864,0.748534284767756,0.175413794422896,1.0,1.0
102622.0,-2.87717642607719,4.56964856472544,-9.55306876711684,4.44107935434428,-3.65396138652409,-1.87798085259887,-3.5143534876061,1.5476079597065,-2.50330396990855,-7.57563437993936,7.00213577397937,-9.95919399367656,2.12207206066581,-8.88487177224851,-1.64485747819635,-7.18992618738758,-10.4451050316273,-3.2719075376306,1.48227743472618,0.105615110186545,1.27289634389685,1.30026844858483,-0.00395013351868523,-0.36084777781177,-0.597525997544942,-0.390901228489311,0.592196918920005,-0.241010152850381,346.94,1.0
32686.0,0.287952771527529,1.72873464521162,-1.65217304572257,3.81354418795523,-1.09092715391318,-0.984744665624589,-2.20231792699069,0.555087932252191,-2.03389204830362,-2.73415555507211,2.36843367282003,-3.65680265130054,-0.169534683304731,-4.74441333023745,0.765192829294304,-2.47951355643698,-4.93111196829858,-2.54740252736051,-0.90268980289448,0.265250210286539,0.262201510185118,-0.633527564205563,0.0928910102678184,0.187612655556196,0.368708354409639,-0.132474029018571,0.57656075692479,0.309842705461879,0.0,1.0
34684.0,-2.43923696855219,2.59145816263611,-2.84012564998452,1.28624391005241,-1.7770161908324,-1.4361387710222,-2.20605624197635,-2.28272485775905,-0.292885036315821,-3.71744992918956,3.90739912775712,-7.22000368560677,-1.21173934568755,-9.6576265944335,0.927517899548728,-4.73866234284944,-9.27663556929158,-3.08196108095709,0.17774563450317,0.513529864634298,1.77446009213068,-0.771389807551225,0.0657267026225069,0.103915744896627,-0.0575779255552146,0.24265246086543,-0.268649222026483,-0.743712586038479,125.3,1.0
30771.0,-0.661110531887521,1.19933566151601,1.43180898314052,1.16032978093716,0.0098208572893152,-0.111660891285655,0.746054969096346,-0.0723521943525307,-0.1386668360028,0.0528066118867185,-0.306356562237745,0.363823296652959,-0.0187972951152423,-0.160346184566725,-0.00616687089766418,-1.26643427483539,0.558908096668859,-0.872936205350102,0.320724045263153,-0.0719954188064834,0.0191011784174665,0.44161872012622,-0.113302567170862,0.428880121275597,-0.375020906077863,-0.419911484116591,-0.515817540065952,-0.353889026488657,15.17,0.0
86376.0,-0.670238130057305,0.94520635153406,0.610050626297701,2.64006508673377,-2.70777462644103,1.95261056051566,-1.62460819938343,-5.22990786160988,0.21020202822781,-2.06990438955593,-0.529805728295342,0.999716276092526,-0.0861120244186652,-1.50855714024168,-0.450669492347937,-0.328387382736473,2.27027117814029,0.709666017682026,0.913175997078955,1.4749287568126,-2.50445018690737,1.43647237841825,0.351542386126581,0.648466904268149,0.579681417358758,0.0757375933335965,0.346717084034013,0.282208626038179,323.77,1.0
120678.0,-2.11654549066604,-1.15654314332618,1.09811890481774,-1.12742017075447,1.97280683962375,-0.640004228210809,0.547498981059017,0.169545095972011,-0.835385381139898,-0.968025960546647,0.586970446785647,0.796711443166903,0.736807089718581,0.28969142127489,-0.36807597920368,0.943945331832708,-1.27745880298496,0.0202514410122898,-0.0582390614027495,0.79705856894578,-0.20512795314911,-1.59729670426816,0.570728785589977,0.130288335793589,0.375417022379673,0.0310164963086715,-0.183685686596819,0.085150090642424,188.5,0.0
1719.0,-1.96052380568305,1.43806216126269,-0.0674566378315289,-0.382995950713626,0.369982468658113,-0.113958895546058,0.181212311444208,0.504364912748418,0.0629409768073754,0.62425518451635,0.247449606092695,0.239315213776036,0.130616347038801,-0.271941047744478,0.389199413114253,1.06120901327287,-0.603110766996268,0.768770677649842,0.671562034061231,0.0293165809414301,-0.448709434198739,-0.847225200964584,0.241987093398853,-1.0303826492108,0.234937509414422,0.156215949781047,0.338688961953642,0.100344605154008,16.0,0.0
29753.0,0.269614090485094,3.54975512877325,-5.81035344453706,5.80936957402456,1.53880793351049,-2.26921913566818,-0.824203333436328,0.351069915343584,-3.75905945636624,-4.59238980599474,5.47939151009669,-5.65785754091816,-2.6480760898503,-10.3848897408947,-0.225946407826958,-0.701882908954806,0.409735840500415,0.939603694029483,-1.95429995537505,0.310524633435283,0.371121111209288,-0.322289520392532,-0.549855883222537,-0.520628958812409,1.37821038664663,0.564714292689441,0.553254713878568,0.40240000915925,0.68,1.0
60117.0,-0.374501980191051,1.06600732798813,1.34768097488115,-0.162214882369126,0.221317432298489,-0.574568582897448,0.734091967744147,-0.0591236595826796,-0.428990838721665,-0.326606111036187,-0.801010188194922,0.0158584499864979,0.582869388929997,0.0188759978565088,0.836977284832553,0.333870958009309,-0.614555638464617,-0.232984186689683,0.212467641847802,0.146228685866813,-0.257342630263885,-0.65582958848666,-0.0905766936597248,-0.159825475078622,-0.106474689784706,0.102910118783398,0.267151278058971,0.116571626941625,4.56,0.0
53076.0,1.29623080363477,0.417447287721689,0.193963067987499,0.901644194576026,0.13053136701763,-0.371634020776762,0.158125823740231,-0.202668656827626,-0.0795117562857989,-0.0450882478448673,-0.876737591678351,0.687487636238951,1.5747177026257,-0.00779123029058128,0.948315691837591,0.37715383740261,-0.868182736046053,-0.0671351121445059,-0.0644929660672327,-0.0295593500917474,-0.112113509551068,-0.2200020323662,-0.121021883862135,-0.440454448442227,0.671540040565908,-0.413518433654353,0.0328380408333744,0.0206001971066775,1.18,1.0
55311.0,-6.15960693036327,1.46871292315117,-6.85088814665684,5.17470627250374,-2.98670392387712,-1.795054145699,-6.54507152628193,2.62123613805269,-3.60587012643541,-8.12216107491307,6.02903256317613,-9.22585530778592,-1.54675863096913,-10.3093341893072,0.308062393533042,-7.78732622111619,-12.8221770045808,-4.36767713342358,2.64398422133793,-0.289829585956863,1.06131418230601,0.125737468595024,0.589592331660844,-0.568730604518481,0.582824720935876,-0.0425826450995479,0.951130233081124,0.158996023697089,0.83,1.0
28658.0,-28.5242675938406,15.8769229879536,-29.4687320925264,6.44759140152748,-20.7860000418837,-4.86561341755669,-19.5010840750712,18.7488719520883,-3.64298981925263,-7.93964241937325,4.18467368942509,-5.83507521523889,1.21595964527928,-5.33014378246253,-0.118631138153322,-5.36777527618834,-11.4317569116986,-4.69692444373293,0.69268841200477,1.7068890619925,1.80576978392608,-2.11937616760819,-1.31744962200248,0.169845630469178,2.05168733506275,-0.210502000459411,1.30173396497076,0.380246181418509,99.99,1.0
73408.0,-2.86979494599423,1.33566696241079,-1.00953019777159,1.69388472852407,-0.741479894623347,-0.796772696354505,-2.61424187718441,1.06663646767929,-1.13549652218517,-3.9433368210052,2.57283021584331,-2.28866350030302,0.562084177710423,-5.33871420959882,-1.85325189141529,-2.619233053885,-5.23142512742468,-1.23485373672039,0.397308037124058,0.0115572104606548,0.528421372720921,0.228027080989586,-0.749297963439339,-0.0671789627433331,0.215792485177395,-0.453651011768872,0.349191042793996,0.198862268219404,16.48,1.0
41203.0,-8.42681446458936,6.24165891255794,-9.94646974501132,8.19961393161759,-8.21309336768256,-2.52204605104398,-11.6430282742756,5.33950009801351,-7.05101582770698,-12.2653238444006,7.04773274001302,-13.7429528415799,0.821627223133927,-14.1074642630375,1.02047093981622,-11.8478871921138,-21.6739867132891,-7.78404247450965,3.20430921695579,0.563869352833826,2.42746037443776,0.692666548056743,0.0203051671536146,0.499809093124917,0.467593621860553,0.483161969665241,1.19567086957704,0.198294350072086,88.23,1.0
8352.0,1.3205280866222,0.07185598050892,0.174214302350519,-0.171411949884899,-0.10657522723215,-0.323060209560685,-0.250879050856543,-0.106012645295106,1.36566765159773,-0.383781950476807,1.6529918228164,-1.99213764908535,1.59034990673162,1.85922166815383,-0.219135916411815,0.673402147365137,-0.110187834716768,0.565339236033128,0.47071027722839,-0.0924007891825908,-0.266598509755839,-0.540413434362339,-0.0531967502440629,-0.503784352559476,0.290988503852803,0.956847002635911,-0.116416551116652,-0.0221658862151901,0.77,0.0
8886.0,-2.53585211738111,5.79364414692454,-7.61846283574893,6.39582974649419,-0.0652101046678037,-3.13637196409103,-3.10455736262141,1.82323263760971,-3.87865758023391,-7.29780335001461,7.07166913682445,-10.001046368327,-0.207934540884304,-10.8606980453666,-1.69082504118249,-2.36085672411086,-2.76009701528795,0.29810341564323,-1.38555780172735,0.408704184487524,0.716719907055995,-0.448059938458541,-0.402406878680357,-0.288835222564699,1.01175223958707,0.425964621387216,0.413139555823146,0.308204656968305,1.0,1.0
9064.0,-3.49910753739178,0.258555160773118,-4.48955807274398,4.85389435139681,-6.97452154477167,3.62838209065084,5.43127092073166,-1.94673371078472,-0.775680092900109,-1.9877731876087,4.69039566550924,-6.9980424321007,1.45401198637847,-3.73802333366749,0.31774206255503,-2.01354268083989,-5.1361351026702,-1.18382211654359,1.66339401354543,-3.04262575715977,-1.05236825623151,0.204816873569406,-2.11900744010783,0.170278608305444,-0.393844118118335,0.296367194488607,1.98591321801306,-0.900451638402827,1809.68,1.0
77156.0,-2.06100547207603,-1.31914215088363,2.0166766086369,2.72325298404877,2.96375000012974,-1.75152637557953,-0.740852139668668,0.0692032446074897,-1.50779446841093,1.01204852487031,1.22432115915111,0.433261112877529,-0.0783713441909706,0.487463052347094,-0.00572343449261332,0.351711577080736,-0.62539808914421,-0.0159040297867996,0.408563063319865,0.731162322436772,-0.173314644158439,-1.2417606228178,0.563574685858238,0.2424351779397,-0.540247080245687,-0.501407045534692,-0.145868031245688,-0.0360504866279498,0.0,0.0
85828.0,-0.401973101582805,0.327860889510592,1.29691560305704,-0.616606759117606,-0.269929219988659,-0.087874390744598,0.878639582972992,-0.0996979038491564,-0.353666628813634,-0.751258664978733,-0.924728866033908,0.266495209319524,1.49502612229804,-0.314002804750261,0.999105930811253,0.66202375648877,-0.790688723132242,-0.0855938043936229,0.374899663235189,0.40543415472565,-0.0806149320241622,-0.47002158956192,0.21963044514925,-0.400850681798939,-0.216386080868307,0.791692270924495,-0.0783896284868452,0.0248953905610829,142.53,0.0
57313.0,1.09750712111977,0.295236894499002,0.00889510915360824,0.879819908026519,0.334928641773567,-0.0759688515231617,0.378481916724981,-0.0353816160249449,-0.5875708060529,0.0668627036359096,1.5116904968907,1.48266499699461,0.88406841997701,0.545381119946534,0.252414990777039,-0.0478092298788043,-0.497517242379495,-0.63735053198142,-0.0596095238826846,-0.00322599648371877,-0.292251112659164,-0.928873345235367,0.0687687325089705,-0.333489865256092,0.360345610276719,-0.717114981503403,0.0133423351031659,0.0172315760369147,51.03,0.0
62867.0,1.23636948877983,0.282245235038354,0.185647806409635,0.502090460477866,-0.169437204083984,-0.564652187883697,-0.0351364115782933,-0.0257098847470513,-0.178072699550121,-0.108168241784895,1.3089242847003,0.721785540042837,0.0229513490620112,-0.0756240848960352,0.436788352730228,0.778946453911207,-0.36533176680168,0.324873939991971,0.216044638682683,-0.0702909871523607,-0.25951048891976,-0.792315140174877,0.078430221964188,-0.0417429276537264,0.223853188616669,0.0979016572368683,-0.0284713587666075,0.0169386738565905,1.79,0.0
33022.0,-4.91963852663139,-5.68846875957593,-1.16999085827293,-1.49692504481001,-7.28940052285165,2.72007808112332,7.81842215676284,-0.221876148233315,0.631901131007163,-4.65731676479929,-1.14953716147035,0.186871013512843,-0.0700412398673934,-0.0655233488429675,-0.70599675932376,0.215068958416332,-0.285222489677673,0.634939428139355,-0.885478797909489,4.57764783055178,1.22225712587919,-0.371061319614077,5.00558510368935,0.129559952229679,1.52368733450131,-0.49509780052825,-0.866844364401724,0.157142716448512,2257.08,0.0
96135.0,-1.95293262584861,3.54138524292281,-1.31056140773257,5.95566359407,-1.00399266347247,0.983049267722507,-4.58723460197373,-4.89218360319852,-2.51675203271071,-2.85032390160027,2.02467408050134,-6.48774641306604,2.37646259977422,-2.24151634571345,-0.566869734947616,-3.93685691797738,-6.12719357199364,-2.32855196140235,1.56212955232854,1.96502978343686,-1.99809122812016,1.13370623369264,-0.041460872197789,-0.215378738296157,-0.865598577097396,0.212544577403768,0.532896738259478,0.357891632792824,18.96,1.0
54908.0,1.40074035575231,-1.18607487128858,0.554337735000845,-1.49527672581225,-1.54470441711974,-0.388880554468699,-1.1362425564598,-0.0144755372289226,-1.97104409035583,1.56585236503109,0.966004779276962,-0.29900760316889,0.439113945772587,-0.179949427012463,0.0914473132674069,0.112610695202643,0.0605833983019001,0.535983969106933,0.160839064869592,-0.220260207129688,-0.313970847115545,-0.686985349926247,0.0903175190167986,-0.0421890003144231,0.127283937717688,-0.411765240139765,0.0303055885726145,0.0236092038376724,55.5,0.0
61894.0,-0.96187606711883,1.30578142011565,0.660994784144388,0.0015248798603762,0.649187629595684,0.815842380176558,0.264186437080927,0.329766298504392,-0.656445582337167,0.378141100372725,0.522680676021306,0.86912009702439,1.36258285513502,0.159009295201612,0.917149078227325,0.0717034103424261,-0.529002211079366,0.11911408410346,1.41790260767673,0.210620360078114,-0.152726269173824,-0.367721426994867,-0.154009152589978,-1.31543934175659,-0.481580464989577,0.211037248326993,-0.304863077125477,-0.120449002970182,8.99,0.0
58217.0,-0.443793956538852,1.27139528958141,1.20617786290079,0.790371244425149,0.418935334538855,-0.848375714713356,0.917690595034239,-0.235511404707869,-0.285692136421657,-0.867899742347565,0.614977120327696,-0.657947690982211,-0.948412031653891,-1.63514452424164,1.26320316314475,0.0685328870737372,1.32579410174258,0.376383480838994,-1.09619645414336,-0.0672050359210024,0.119278777095323,0.513479449681292,-0.264243409026182,0.443311288026016,0.0295163920697956,-0.335141048988331,-0.188814985117408,-0.123391459240302,5.09,1.0
75641.0,-1.08500769059463,1.34675798221751,0.89753048272728,0.118843004020073,-0.283643693842272,-0.803555660179789,0.262282769411925,0.482760390376671,-0.376170942845765,-0.471250258171543,0.160731987153694,0.233270285922469,0.00713487658087171,-0.110178446319137,1.11997599378513,0.110053770670876,0.570172971398043,-0.656452794586124,-0.607913020003884,0.101190169525649,-0.200816581188104,-0.568710251149691,0.112362443188783,0.344706415335556,-0.20699607939688,0.0878177877748592,0.253299546614978,0.0809911544083072,17.99,0.0
42686.0,1.38132098786026,-0.791283085732487,0.653512690865259,-0.927215754642537,-1.11997589986681,0.0457571617712415,-1.18559053434508,0.171771558115455,-0.498052127321478,0.796592078751099,0.525150370107491,-0.579836774345447,-0.307099611114141,-0.165056934771626,0.548794741120342,1.94828871102755,-0.455665358383205,-0.00515219857408525,0.82698892201895,0.0926561611853274,0.373524093897259,0.960430518662812,-0.212706560602469,-0.472219838151951,0.482598197901944,-0.0134331430638689,0.0274924545331415,0.0064987654028333,15.99,0.0
63578.0,-0.639191253440691,-0.0855947885921835,1.26545195854416,1.40116573166082,-0.260542078671007,1.00979457835355,1.30199897093176,-0.135257522932592,-0.431520921685507,-0.0913533730643921,-0.921051995675577,-0.61381552858098,0.198913055533638,0.0160870050482155,2.20626377523102,-0.527140627794259,-0.0572786796405291,0.448655661077036,1.16443546519237,0.861306751100051,0.340330752683629,0.76016976216338,0.353376975218638,-0.778892742566353,-0.0706811598435952,-0.0333546437243291,-0.0619624216383359,-0.0626865318467909,290.18,1.0
53764.0,-1.86091928529297,-5.06140339038476,-1.61535765189381,1.39597740721578,-1.80341124760035,0.134987021510155,2.13495787814807,-0.437924943308323,-0.257254742610273,-0.806706301523453,1.66942541245602,1.33715428151236,0.315068304480869,0.705768386156862,-0.190953670163564,-0.255009211605337,0.189201149422242,-0.484282879089894,-0.355292349774433,3.1184107577261,0.967464373807288,-0.656114654493048,-1.44276189506458,0.404286515927548,-0.156394425046172,0.920352723843824,-0.378525736215633,0.25767924110648,1588.0,0.0
69337.0,-0.726246264246677,0.855004755506259,0.649820361981011,0.357267883924598,0.0244672733972197,-1.42595955175328,0.482797068663971,0.197414459338663,-0.548100290614135,-0.68618636596699,-0.524145978270999,0.512926524279174,0.445076293479569,0.503429052186121,0.0492465107675807,0.207148788730144,-0.499610453439626,-0.0213262821193195,-1.18632166655472,-0.193542632715989,0.433453723099752,1.04835037430889,0.0513123768654152,0.729732153807274,-0.743852677910827,-0.58862692785728,0.113871024666298,0.126754363291207,20.0,0.0
65633.0,-1.25424507242551,0.604918242404625,0.0143626412357913,-0.576000175396131,2.48331456135201,3.34637577245793,-0.333954194144064,1.12345672501456,-0.703531288126635,0.0316701122750778,-0.104630557823248,-0.23032084099488,0.0917141604149747,0.450194063157362,1.69482042121421,0.184419151489422,-0.430622067803462,0.216576802088227,1.42465884833316,0.310388715770585,-0.303042102303245,-0.970023748475754,-0.333494169561691,1.01983754606667,0.157295000672634,0.266732803253319,-0.0460871125965132,-0.297214804328774,8.9,0.0
29790.0,-0.00872293479152123,0.190206932885831,0.786872976902799,-1.4655872380184,-0.881789786460736,-0.570012898725634,-0.426290108539179,-1.78329413182894,-1.44024486364202,0.464039087450004,1.3529750183499,1.00920253140785,0.743461513077097,0.274277251364513,-0.500244106483259,-0.949285871429428,-0.400647702245778,1.17893213918652,-1.34641436136469,-0.803746907279818,1.22840373494123,-0.968584060146615,-0.0529806908853374,0.578454403277489,0.516813007169085,0.916810352174158,0.143150889123133,0.204961980494193,48.98,0.0
7740.0,1.02387386852139,2.00148526626613,-4.76975183220974,3.81919458538265,-1.2717542273697,-1.7346624268403,-3.05924503160896,0.889804791975203,0.415382113237262,-3.95581234352737,3.57205481558784,-7.18645159050588,0.147242340802109,-5.24930454889762,1.67833367358535,-2.64147310915178,-1.31205856007348,-0.391716050952505,1.11826355175812,0.204137684042271,0.343282648722251,-0.0541956644068491,0.709653952497143,-0.372215866946976,-2.03206836614816,0.366777602071192,0.395170669257609,0.0202055389458413,1.0,1.0
63843.0,-0.833558117714731,0.124773235780523,1.39572717915962,0.360600274058081,-1.59474404819199,0.199812189941411,0.347624679662858,0.549329449861479,-0.265666149817216,-0.79006293988687,1.05652828484161,1.35245420024596,0.857642043443919,-0.0377173653641198,-0.465658962573299,0.521980080703123,-0.429638692100986,0.650775974952279,-0.0399075202500447,0.367671941825365,0.447420530354624,0.905065122402208,0.516336621243371,0.575440422200078,-0.358011950414847,0.321290828220461,-0.135155837590258,-0.00579151175801584,234.88,0.0
31341.0,-3.02620030024032,0.589164651477151,-0.446460619216984,1.3403881184959,-1.92909596050375,1.59681749595073,4.74679547795548,-1.41530975952894,-0.868556340892309,1.28818990071454,0.978159191629039,-0.30326795042209,-0.174995183170055,-0.312379321560776,-0.764243473451037,1.1454377666203,-1.58984369177,-0.0111391089389592,-0.918623067587657,-2.28539835031219,-0.645801032507031,0.469751778003698,0.0391688029425043,0.0969798113911633,0.304084968320345,-0.217366483391525,-0.786742711379353,-0.864405941564877,690.71,0.0
41194.0,-7.89688615307576,5.38101952251685,-8.45116161458266,7.96392808742307,-7.86241943013129,-2.37681997521459,-11.9497234569249,5.05135567269165,-6.91207600938549,-11.589748311433,6.64520072606617,-13.542095596465,0.888247918839909,-12.623316046432,1.00275519562895,-12.4322791426353,-23.2415971479491,-8.49529893803197,3.45394255518458,0.645974321869431,2.55794395644985,0.926277883497588,0.0327949396062788,0.638072585685807,0.361887213739485,0.444576520477986,1.10192314818996,0.205958012508108,1.52,1.0
74113.0,-0.51134774056802,1.3693476368981,0.595249033813074,0.659579882150346,0.522720341363556,0.15839066936591,0.43693526502284,0.380714409786429,-0.960028351690032,-0.519459262501196,-0.998249638262677,0.481496480256005,1.41883348737292,0.3975717322817,1.15123602611805,-0.309647970721975,-0.115144479825219,-0.176159819684679,0.377620491623567,-0.0507166570265463,0.184057592727774,0.559435133159037,-0.209297643997437,-0.71680660862536,-0.155129621703217,-0.254871174281761,0.0730802256940792,0.0924274873564931,4.72,0.0
102625.0,-4.22122078925031,2.87112058054735,-5.8887158872207,6.89095207502484,-3.40489435037622,-1.15439396843915,-7.73992801001653,2.85136330092288,-2.50756869395709,-5.11072764247853,5.35088988417692,-9.29980722738699,2.79314035729228,-6.10655192524523,-2.10694702580884,-6.25062921491661,-13.5663252216994,-4.19278019670633,0.510570181831806,-0.227881506131312,1.62059124560534,1.56794700869044,-0.578007459600926,-0.0590448081819941,-1.82916881940751,-0.0724287202294822,0.136734308772186,-0.599847542493268,7.59,1.0
79567.0,-2.99524175144549,2.4490250786073,0.758268049781832,-1.94586624530752,-0.547073201974952,-0.53637528881788,0.41832252746529,0.321170117169012,1.71653429393187,2.57669962783424,1.83060076143858,0.667289380787387,-0.454697764276198,-0.584422481616535,0.251923671775481,0.177863457093115,-0.710177931461684,-0.505751754912326,-1.09618073303052,1.21025071729546,-0.381892564607717,-0.0596848051550787,0.0479630988790081,0.210242026298363,-0.0747533363567732,0.652226502536389,0.308576365680646,-0.307492044920113,2.19,0.0
28658.0,-28.5242675938406,15.8769229879536,-29.4687320925264,6.44759140152748,-20.7860000418837,-4.86561341755669,-19.5010840750712,18.7488719520883,-3.64298981925263,-7.93964241937325,4.18467368942509,-5.83507521523889,1.21595964527928,-5.33014378246253,-0.118631138153322,-5.36777527618834,-11.4317569116986,-4.69692444373293,0.69268841200477,1.7068890619925,1.80576978392608,-2.11937616760819,-1.31744962200248,0.169845630469178,2.05168733506275,-0.210502000459411,1.30173396497076,0.380246181418509,99.99,1.0
69908.0,-1.23046785598239,0.808875396998605,1.21481587556311,0.287389430389688,0.0307564404886642,0.14282821845314,0.567932606350702,0.657833856880282,-0.647638039351073,-0.926515073053514,0.652821423311272,0.726252631933854,-0.910702918774848,0.579174165830021,-1.40409541534855,-0.207832113969292,-0.0330359273471728,-0.240734984523064,-0.63280382184534,-0.169963342454017,0.119130935025935,0.1428510009069,-0.0628701378350468,-0.0111836511053406,0.285339844740873,-0.482493579273765,-0.0461604504532647,0.0116623808541962,73.79,0.0
44393.0,-4.61746102917986,3.66339525318756,-5.29744641020372,3.88095965427288,-3.26355091342907,-0.918546733700683,-5.7152620778107,0.831039550183167,-2.45703377841015,-5.72681709632961,3.52572598717089,-6.48911156043177,-1.01279063167124,-7.05231095228929,0.78444540329242,-6.77397674966222,-8.58807007314333,-4.51089174541971,1.14787783834912,-0.34645583270524,2.69817489528664,-0.0270808907137453,0.366775230313112,-0.123011441662663,-0.300456526768528,-0.239996239629945,-0.183463054061235,-0.0733597031884566,1.0,1.0
41646.0,-3.24018658731411,2.978121790406,-4.16231393691373,3.86912437879902,-3.64525645477793,-0.12627056104764,-4.74472973694714,-0.06533104369042,-2.16836609501902,-4.75830407509117,3.47109784646449,-6.5331067689397,-0.983468669556775,-6.07398900285949,1.12540670902583,-7.71804240456347,-9.85592743669396,-5.19390789281555,2.04269768780688,-0.224043462894117,2.60144102940002,0.23191011639882,-0.036489849092758,0.0426396452203885,-0.438330345949387,-0.125821080392006,0.421299802439127,0.00314587612156787,172.32,1.0
74159.0,-1.54878809850026,1.80869795041448,-0.953509033832342,2.21308539346999,-2.01572779170327,-0.913456844516923,-2.35601298316433,1.19716896702387,-1.67837405659509,-3.53865023182429,3.1020899271543,-3.99337305447702,-1.93741062327519,-3.82289410599595,0.830970110708369,-2.47535885382925,-5.21187516766885,-0.413871678166879,0.933262164554872,0.390785963777347,0.855138263312025,0.77474482148342,0.0590371520063436,0.343199807900813,-0.468937928609185,-0.278337986906642,0.625922215184372,0.395573378256676,76.94,1.0
87883.0,-1.36029263351035,-0.45806896998712,-0.700403917726715,2.73722917151503,-1.00510597388675,2.89139936351597,5.80253735302589,-1.93319735249124,-1.01771714252211,1.987861862693,0.504116141204789,-0.863430853145281,-0.184450076491427,-1.01691553500414,-1.55941019827384,1.15431268558106,-2.04385766822656,-0.151698807119589,-0.94351353548825,-1.49340137472525,-0.936989532415364,-0.0538115862306455,0.580105893889531,0.216927302487974,0.151642929701357,-0.33211456915886,-0.469800301881959,-1.495005896766,829.41,1.0
85810.0,-1.77407443827616,1.59978185026081,0.238498419736409,-0.0575897149434948,-0.2655385008224,-0.646469964251896,-0.0930871172678106,0.816288599331618,-0.733600556235184,-0.264816713364172,1.0878486425283,1.26175523510714,1.05261376337003,0.0570331615858282,0.112042369310881,0.866635078367089,-0.10924609899,0.40461086543304,0.321617079825719,-0.110784151986975,-0.201737556639686,-0.583178251582752,0.258408282346269,-0.0283523020489997,0.018123690863632,0.0719428773044204,-0.0711808679164645,-0.0431161211326215,12.84,0.0
84393.0,-1.15695999438468,1.88147873574255,0.197684825068242,0.0642211923773156,0.816152314943083,-0.708749892003783,1.16236718150332,-0.208123817054019,-0.0786617820219871,0.848187209818973,-1.17863205493032,-0.205668622553944,0.312342915968911,0.10358543787017,0.512335933242726,-0.196941379165977,-0.658802498015083,-0.00718297410046785,0.115243313436084,0.429456586270406,-0.0585539955930177,0.154708923866335,-0.353258558829522,-0.456488801070994,0.383484759044854,-0.319071785527865,0.562083602191475,0.365501680706209,1.79,0.0
121098.0,-1.24956961631348,-0.0242804646456893,1.16100421155689,-3.23712467349432,-0.359005652944476,-0.317869440244306,0.0763851618182415,-0.11528100929281,-2.18268801021198,1.2935497207638,0.426605999760494,-0.337065889159137,0.79405337469965,-0.717580054623428,-1.44549561012169,-0.336560732859397,-0.100423699654317,0.325287537749289,-0.345248539559533,-0.251578341728899,-0.21121296620882,0.0286623771176555,-0.414278047071334,-0.402306941348882,0.746413643859946,-0.189086288636951,-0.589185483875124,-0.3904427783843,15.0,0.0
75556.0,-0.734303155037818,0.435519332206195,-0.530865546585229,-0.471119606930407,0.643214386605141,0.713832369657908,-1.23457207133269,-2.55141159871634,-2.05772382572102,0.166830707878014,0.567551954604602,-0.85805991589575,-0.448067929957678,-0.264936238828755,0.88886293915465,0.838120616560385,1.42505965449185,-0.169664182600728,2.50202738858443,0.864536120628702,-1.00487737851609,1.15035358786928,-0.152555282700309,-1.38674463324096,0.00471601482800044,0.21914583821982,-0.0582573076118087,0.158047988697071,29.95,1.0
85285.0,-6.71340697159693,3.92110415204576,-9.74667821737542,5.14826254938013,-5.15156271985187,-2.09938865681113,-5.93776683170198,3.57877960420447,-4.6849517505833,-8.53775768653457,6.34897930341209,-8.68160893168352,0.251179384774619,-11.6080022570993,-0.351568782034355,-5.36356643348466,-11.9390915052116,-3.58360287020043,0.897402406121681,0.135711322729059,0.954272201927517,-0.45108644858101,0.127214424071711,-0.339449869297565,0.394095513633807,1.07529509891805,1.6499059092424,-0.394905372194808,252.92,1.0
82982.0,0.897960302295286,-0.107922779138235,0.378090767125344,1.38161018531079,-0.416843776961283,-0.542241112386873,0.26874757705774,-0.138219239157016,-0.105691635388251,-0.0535008145520869,0.153115414443573,0.543191656880865,0.316384909797768,0.341988746447398,1.14572277059204,-0.235726659026376,-0.089864361306152,-0.637542114081818,-1.0034339242356,0.121215376552327,0.20790979603504,0.381734655868929,-0.166776013740883,0.420121296929976,0.51690172340153,-0.286980960158832,0.0109795001151524,0.0469275378232159,144.0,0.0
74159.0,-1.54878809850026,1.80869795041448,-0.953509033832342,2.21308539346999,-2.01572779170327,-0.913456844516923,-2.35601298316433,1.19716896702387,-1.67837405659509,-3.53865023182429,3.1020899271543,-3.99337305447702,-1.93741062327519,-3.82289410599595,0.830970110708369,-2.47535885382925,-5.21187516766885,-0.413871678166879,0.933262164554872,0.390785963777347,0.855138263312025,0.77474482148342,0.0590371520063436,0.343199807900813,-0.468937928609185,-0.278337986906642,0.625922215184372,0.395573378256676,76.94,1.0
40276.0,1.15937314510686,2.84479469928473,-4.05067950821309,4.77770088131929,2.94898004123771,-2.01036111013216,1.74408581794948,-0.410286521869204,-2.45019774688553,-2.04216786301424,1.84409317018026,-2.42593281501277,-1.5842751343556,-7.2083115791564,0.459828383286257,2.37529619792022,6.4435098643744,2.59184606301795,-2.88977035831304,-0.059264385833904,-0.176541018596848,-0.433469859425429,-0.529323202003731,-0.597019604985794,1.33595405267787,0.547092070642555,0.00997894426391215,0.160769150049196,1.0,1.0
39893.0,-1.19414935150561,0.493951287647103,2.59822445822348,0.93688007610939,-0.182312849087239,3.09490543246749,-1.16458928045184,1.57780473686971,0.36366850441898,-1.00467660164061,0.804570978189632,1.33694106803586,-0.39086500526181,-0.339206574772635,-0.485473243782532,-1.60789151271087,1.49226465035738,-1.14772523924421,-0.148913209448749,-0.221483094943782,0.206011559528437,0.994358588293938,-0.251280166431901,-1.31298517344232,0.0732998701829437,0.0102490072761217,0.106337976478675,-0.00391776000971075,0.01,0.0
34256.0,0.539275913891047,1.5548897630737,-2.06618033324968,3.24161746276725,0.184735711234243,0.0283295594064726,-1.51552137985061,0.537035374444064,-1.99984603560986,-2.13317644293659,2.75617194535395,-2.24286436771513,0.615204246860345,-4.65280380668112,0.222163815521883,-0.775666019840941,-3.21861825150599,-0.370992501046414,-0.686196723569762,0.302734578907132,0.371773459120687,0.111954592156869,-0.305225078771695,-1.05383526243402,0.77117490696746,0.240878213732036,0.418434531995645,0.232169715166482,19.02,1.0
71706.0,-0.403026310006437,0.269065943861752,0.478812693508772,0.100920802120749,2.15935899773792,4.14647225015292,-0.381749879957806,1.09973551167128,-0.0705735569117221,-0.317960001579963,-0.753693585340322,-0.125166175073544,-0.0836801702043797,-0.165117918581842,0.322568313896806,-0.100133676428646,-0.452182080118895,0.720146697646268,0.891950951294976,0.221671605942159,0.185055586526044,0.528672896686224,-0.158278618813152,1.0314813012199,-0.0345902625288678,-0.175606010137849,0.193803591888507,0.161202201433948,39.0,0.0
53031.0,0.206075454303215,1.38735982061524,-1.045286987034,4.22868619369076,-1.64754917421782,-0.180896946218666,-2.94367757476862,0.859155533266087,-1.18174300683428,-3.09650359868717,3.20091235546057,-2.45083242908802,0.316619878616412,-6.39717031528651,-2.12972836543767,-2.42737307534442,-4.44847225233098,-1.21222044988735,0.0346554556282822,0.351484399563241,0.46919942584802,0.344930464195865,-0.203799378001586,0.376640378487856,0.715485489514387,0.226002880910544,0.628544616302757,0.319917987612491,0.76,1.0
70854.0,-1.37212392935374,0.0767291261111237,0.390599022578861,1.45157606966794,-1.42261715768795,0.658449097568868,1.48039027054972,0.549718960081384,-0.548705068295351,-0.412257332556899,0.0646949621171292,-0.374970212694712,-2.06525581167551,0.925161617701414,-0.501012876758927,-0.33425243772642,0.234453786327568,0.817526667883783,1.4054023586618,0.816538161199354,0.220063020172786,0.00391730470540472,0.781870960356527,-0.0769051103736727,0.115199097910191,-0.253853997905294,0.131668855573351,0.156670217969412,409.05,0.0
35866.0,-2.04448868873478,3.36830621710984,-3.93711139061868,5.62311973109633,-3.0792320390481,-1.25347411822809,-5.77887959312275,1.70742815771205,-4.46710312294842,-6.0677981503786,3.83978771072745,-8.27784094846266,1.49391490811495,-8.41668121212274,0.792297928201949,-7.86265882647354,-14.5708366290177,-5.18538553288232,2.41438956859515,1.11202761894884,1.48359421639379,0.834310712862216,-0.148485620188757,0.00166885452328186,-0.0389957310939217,0.389526401954901,1.30023645611458,0.549940374167289,7.61,1.0
64682.0,-1.42915354545209,1.97432789927391,1.49943518805176,2.86482509161864,-0.670919197581796,0.476001214645942,-0.428675994897995,1.0249093005814,-1.1190368842761,0.387894631562297,-1.63602734111828,-0.326527683517691,-0.281947438749317,0.436176444717389,0.264813612758172,0.0043089845366407,0.556872112595016,-0.0457171188978891,1.43122969993125,0.0085608417606914,-0.2671695005188,-0.91540646584203,-0.0302870338926606,-0.163570132013829,0.0883413952219794,0.0395823552752962,-0.177681730833405,0.0195627013469672,3.03,0.0
76426.0,1.24951855072621,0.549170250957329,-0.917041183466846,0.511605142214575,0.775904510960421,-0.185316149202968,0.225124510113679,0.00980251183523486,-0.40249698851237,-0.592232156321668,1.406038845425,0.458486134083695,0.141269746619536,-1.15949976189411,0.559397638779526,0.687138053938784,0.752835392895782,0.559126419178648,-0.124460319773023,-0.0519945320914075,-0.126835651295937,-0.295834457583452,-0.170877259076195,-0.915118907188475,0.584656549382151,0.431834909853735,-0.0178665532256625,0.0213000567069985,0.76,0.0
67680.0,1.17707514475403,0.0385616150407514,1.26312308351114,1.26337075661023,-0.951077876855606,-0.299046774405621,-0.549004975446242,0.0677413990829827,0.758603736392723,-0.145875683655004,-0.65787265054769,0.400263756627191,0.108526876577078,-0.24785951176713,0.621526904605249,0.270438674585077,-0.406684819490543,0.0694911315716038,-0.362004048590189,-0.140888728344991,-0.010262618080632,0.136462540438889,0.00173877835119001,0.392770158835136,0.393514628740533,-0.399717718264845,0.070625944107026,0.037857345750463,1.0,0.0
54594.0,1.48577355739099,-0.883672985452635,0.375404739193682,-1.30925418364485,-1.35764427429888,-0.844338317886102,-0.833524083844603,-0.20767528311593,-2.03170329160482,1.41395328632016,0.0956025525747789,-0.524491853048854,0.753004957920311,-0.251325679476201,0.687880526602597,-0.921638755494142,0.923540817502063,-0.649292716230695,-0.724057312801677,-0.371405394281628,-0.100892022003708,0.186908624549485,0.0398976611637669,0.401704815364284,0.419814773714531,-0.105677298588996,0.0409196551761364,0.0146582860988714,4.0,0.0
8614.0,-2.16992897559082,3.6396539992044,-4.50849778617728,2.73066814884895,-2.12269287053048,-2.34101682766366,-4.23525308290613,1.70353765763508,-1.30527913344307,-6.7167200227127,6.35361231915591,-8.60164826276464,0.449930038237225,-7.50616937408145,-0.438081781812467,-3.69451599830956,-6.30475338603049,-1.26758712788115,0.357987030484253,0.5007790539507,0.645103275621378,-0.503529448911197,-5.22821818299227E-4,0.0716957787676742,0.0920074334247208,0.308497931577036,0.552590914653841,0.298954478709399,1.0,1.0
43953.0,1.24014541645471,0.702813694736045,-0.227028696962796,1.30750075719956,0.0694014825096905,-1.18693610908691,0.328989851497706,-0.271174282802833,-0.152784221524767,-0.579571910904417,0.122002021219269,0.195609595395974,0.439500685546079,-1.14614732835223,1.00727123016604,0.481908400929371,0.646444264931931,0.408103797525507,-0.586277100853762,-0.0754604486008013,-0.0465421838451426,-0.0400825749525205,-0.124818048178333,0.289827514573336,0.707270340970857,-0.329161451302183,0.0349702053696152,0.0522679704461315,1.0,0.0
6986.0,-4.39797444171999,1.35836702839758,-2.5928442182573,2.67978696694832,-1.12813094208956,-1.70653638774951,-3.49619729302467,-0.248777743025673,-0.24776789948008,-4.80163740602813,4.89584422347523,-10.9128193194019,0.184371685834387,-6.77109672468083,-0.00732618257771211,-7.35808322132346,-12.5984185405511,-5.13154862842983,0.308333945758691,-0.17160787864796,0.573574068424352,0.176967718048195,-0.436206883597401,-0.0535018648884285,0.252405261951833,-0.657487754764504,-0.827135714578603,0.849573379985768,59.0,1.0
121399.0,-1.91904632399506,0.500954661030001,0.374310395682829,-2.27844616914817,-0.958478367342484,-0.918538107393697,0.0532033698062882,0.778044601183218,0.808655659905377,-1.64768686501568,-1.33042551837984,1.01665822610671,1.07559337257223,-0.0700276322006512,-0.573682763031166,0.682204190399042,-0.619711233218065,-0.02151835442097,-1.1281367092482,-0.00335599248158036,0.267091806615157,0.746069292827568,-0.177566365814351,0.0781782373922952,-0.0495411150078428,0.53246235372773,0.233578608817578,0.045688551861139,102.0,0.0
82447.0,1.30205877214895,0.39077008070908,-0.0268134828485208,0.493528660061359,0.125417103585569,-0.571783880015578,0.155865402688295,-0.217742330471864,-0.0811018556769717,-0.317721608524724,-0.62365879438255,0.558024825480962,1.4993716137804,-0.559927200974167,1.03183442088933,0.670697081720975,-0.373756412521624,-0.162932604711558,0.107496973622038,0.032640824360444,-0.325319075744338,-0.894887906844299,0.00517372864034432,-0.477218856457877,0.363093456016956,0.142505902877983,-0.0180815613703248,0.0258607204754055,8.99,0.0
47923.0,0.364376991240021,1.44352346510311,-2.2209073739296,2.03698508634993,-1.23705503097364,-1.72816100636381,-2.05858236489925,0.358895084111675,-1.39330570864802,-3.50579032571994,2.81431415481622,-3.34217599575955,-0.150269366634614,-4.82032224395007,1.10260955786246,-3.15703267184314,-4.40585022452865,-2.55882785118576,-0.208809536741974,0.310979602822284,0.402729680639885,-0.132128891527171,-0.0329771760409112,0.460860836846427,0.560403798330262,0.409366102366135,0.539668285308506,0.296918378210685,0.76,1.0
39729.0,-0.964567282813312,-1.64354066791439,-0.187726849232163,1.15825311047012,-2.45833564593802,0.852221660377025,2.78516254594393,-0.30360853861401,0.94000553101046,-1.96530880945923,0.159743522312315,-0.490697387341298,-1.1819769933833,-1.95887596969497,1.15274328622613,-1.34126935794233,2.49832484974359,0.777831088916474,1.4060448737262,1.78444933498197,0.447180121733859,0.536203895046365,1.63406050110051,0.203838849073356,0.218748854725954,-0.221885828382479,-0.308554718022245,-0.164500017914328,776.83,1.0
55300.0,1.23692128819388,0.578879925026778,-0.430457631015179,0.713785944449336,0.149557446684185,-1.07637629245292,0.320539387134622,-0.193202606807494,-0.479482301793271,-0.440008047603793,1.8778504058638,0.824458966339223,0.266732543910388,-0.898737613708411,0.192307736942015,0.636216967687528,0.540647778388206,0.584994713877056,-0.036174344072373,-0.0403586359694906,-0.0818863361193997,-0.196734580731219,-0.0966510930057868,0.253546314247795,0.555094798886121,0.350034081976072,-0.0351730367210042,0.0273110887957278,0.76,0.0
72573.0,0.885472407162391,-0.490670131828433,2.06266232178388,2.94078317943481,-1.2660602571617,1.49923159247794,-1.26636275402934,0.611328545862934,0.939476885781842,0.380700056712596,-0.281395390803143,0.975218611543847,-0.296897219115661,-1.05571285397868,-2.55379214970769,0.420286235137274,-0.271028339595934,0.552940644827628,-0.154841538509665,-0.0223230823804585,0.134565335992469,0.664982838767989,-0.228879697779757,0.0576175510459633,0.452198262778831,0.246404485318812,0.0752502590368898,0.0383669345135744,76.04,0.0
52084.0,1.15028812844667,0.088095008797848,1.25299383604863,1.26722675517024,-0.915909890813557,-0.398294060151794,-0.499214978544046,0.0161417955068069,0.433625994037687,-0.0170519805320071,-0.387473703581359,0.408911409294509,0.600676176857172,-0.136998155431414,1.36115320878816,0.666267275455596,-0.735306075225237,0.308500768335594,-0.721292564094871,-0.0644724137449722,0.131705329904231,0.414742553320456,-0.0289003986328353,0.40016967657672,0.352579779169274,-0.349575266785598,0.0643042206940608,0.0440789790716039,19.0,0.0
113171.0,-0.509221066366433,0.500360867125912,0.678255987094331,-0.458442342805545,0.962444744763841,-0.413708566113576,0.897957310936777,-0.204205099009887,-0.108908646691937,-0.171481042229993,0.717540220124445,-0.430363478861703,-1.74585846525312,0.723747201226063,0.564452041482206,-0.473367547089181,-0.525921634665306,1.03060101161247,0.932711055037771,-0.0621833557241049,0.321884653114404,1.06355614442189,-0.289416553565667,0.753439558873315,0.314607682663048,-0.354852805849298,-0.158223992969753,-0.104037727723607,1.0,0.0
30852.0,-2.83098405592803,0.885657038258755,1.19993009832405,2.86129223993172,0.321668777779154,0.289966026429405,1.7677604489638,-2.45104966190813,0.0697358066743391,3.24508640095346,0.675287853392807,-0.677096334427304,-0.222741128141729,-0.913786970583513,1.60333192308268,-1.0245020918608,0.0220452070437295,-0.940684674142594,0.484758940230455,-1.01692314354721,0.546589339675499,0.334970736976198,0.172105676221893,0.623590288019672,-0.527114316331261,-0.079214654387473,-2.53244529803097,0.311176714703215,104.81,1.0
85285.0,-6.71340697159693,3.92110415204576,-9.74667821737542,5.14826254938013,-5.15156271985187,-2.09938865681113,-5.93776683170198,3.57877960420447,-4.6849517505833,-8.53775768653457,6.34897930341209,-8.68160893168352,0.251179384774619,-11.6080022570993,-0.351568782034355,-5.36356643348466,-11.9390915052116,-3.58360287020043,0.897402406121681,0.135711322729059,0.954272201927517,-0.45108644858101,0.127214424071711,-0.339449869297565,0.394095513633807,1.07529509891805,1.6499059092424,-0.394905372194808,252.92,1.0
102572.0,-28.7092292541793,22.0577289904909,-27.8558111336212,11.8450129100508,-18.9838125824286,6.47411462748849,-43.5572415712451,-41.0442609210741,-13.3201546920984,-24.5882624372475,3.48195180343701,-9.12834128617468,-3.00825547830858,0.796579962453559,-2.1022985205307,-5.66036644069929,-13.0327849564566,-5.39234917412895,-0.901040817847599,11.0590042933942,-22.7976039055519,8.31627543891357,5.46622995370963,0.0238542303884927,-1.52714472319428,-0.145225187134896,-5.68233823990698,-0.439133675051458,0.01,1.0
30294.0,-0.258827882736111,0.0570755170622637,1.3335371653777,-0.870374781925798,-0.19541431036968,-1.00367178626728,0.439153646939077,-0.533254679251332,-1.43722408773942,0.728796850082364,-0.144546907500296,-0.576483325594011,1.02594448962664,-0.528540590029084,0.709743654990591,0.49283280259068,0.363652284826391,-1.25686867231091,1.33670460877409,0.313389101741472,0.310065007745113,1.03132019890364,-0.0963458375013503,0.454744787821654,-0.28693445527607,-0.162540873734808,-0.130994603389344,-0.0494826124728653,30.0,0.0
119759.0,1.82051113899195,-0.664907674714873,0.636030955600554,1.43464588092117,-1.00759464708291,1.12677500468152,-1.46256617650673,0.559405346775555,1.75425706876754,0.114402745451872,0.177600087562223,1.14978565151089,-0.288347014801694,-0.654152988321607,-1.15347012146708,0.35537036167603,-0.58820538795819,0.831121926426066,-0.232003962636943,-0.240322897624092,0.227226921214126,0.996959208160146,0.188425224316809,0.703902732680085,-0.244159509171603,-0.571692425078006,0.111155396077305,-0.0205389573110021,9.49,0.0
7519.0,1.23423504613468,3.0197404207034,-4.30459688479665,4.73279513041887,3.62420083055386,-1.35774566315358,1.71344498787235,-0.496358487073991,-1.28285782036322,-2.44746925511151,2.10134386504854,-4.6096283906446,1.46437762476188,-6.07933719308005,-0.339237372732577,2.58185095378146,6.73938438478335,3.04249317830411,-2.72185312222835,0.00906083639534526,-0.37906830709218,-0.704181032215427,-0.656804756348389,-1.63265295692929,1.48890144838237,0.566797273468934,-0.0100162234965625,0.146792734916988,1.0,1.0
70828.0,0.196706751987779,1.18975728641634,0.704882217511495,2.89138777331251,0.0455553693851548,1.24573045976205,-1.19871420021049,-2.42161641083942,-1.23208864617238,0.324238886093679,-1.27393508028395,-0.868686295319925,-1.18194465496857,1.0275841718551,1.68813234484864,0.256215978185418,0.120608339589106,-0.0523460171330233,0.329826631850516,0.646616407050903,-1.32813178943378,0.189310618105111,-0.00552418359572104,-0.814707739467747,0.400924279960331,0.286281378755055,0.135214945600326,0.257314769060283,0.76,1.0
121379.0,2.21445609539119,-0.71301159886145,-1.32128306009018,-0.870184258251132,-0.626826346627652,-1.3658430804127,-0.337725724749385,-0.391577777509881,-0.484579975833142,0.881131589144003,-0.628754270490701,-0.772929464927822,-0.129337996218853,0.100044405122869,0.408579254371018,0.836961951460812,0.224092051005214,-1.35300079823554,0.352928690666089,-0.0594765023387352,0.435635526987809,1.27059841585776,-0.00357827468165112,0.0395718857278669,0.17760042209895,0.0726930948929419,-0.0381488268238391,-0.0666455446559571,15.0,0.0
109232.0,-0.747192583374973,0.987286987869564,2.64465382666803,0.044887500040231,-0.524684858221116,-0.883521594604451,0.493401065007836,-0.254638866109795,1.83393991943382,-0.797037842748208,0.863000654790501,-2.98364911133698,0.228998325039048,1.48373038628772,0.687964257844496,-0.495252426839817,0.684640287320064,0.36829110398527,0.18440559730461,0.0602671083044528,-0.301393661230764,-0.391008441509186,-0.164391739154556,0.788633160392235,0.155022721559374,-0.775753552399106,0.0233765500927647,-0.0827863925356138,2.3,0.0
35740.0,-0.921677426933145,0.712149450832612,2.55763254749516,0.156217895438883,-0.290113141018819,-0.201372550716943,0.298422797533239,0.105262376294656,0.306875860213091,-0.863444895904367,-0.961168460934498,0.41038734777201,0.32771805229212,-0.631951623292029,-0.561395961119376,0.250597239775283,-0.56841715506542,-0.0441077313182316,-0.859841357287134,-0.163296100644213,0.0304788282264391,0.185860275146587,-0.238510417649489,0.39701285858832,0.145587385939095,-0.580810895794217,0.0045617734254272,0.113785076075615,18.99,0.0
103808.0,-4.51734375344642,2.50022390414582,-4.01392753708116,1.18945163355882,-2.48686063585833,-1.41347553285281,-4.24570662259591,1.26508694822894,1.16882778968781,-4.51390660472333,3.69471123994721,-6.11044323287235,-0.110521636054475,-4.18455528093394,-0.93103463417672,-1.61471832598223,-3.35318018239636,0.236762036968587,0.0038960221310578,-1.05616226010439,1.32694422202396,0.102998961106284,0.508166904438541,-0.278017536127694,0.139721094971637,0.0646100247346309,-0.972358289293076,0.351359561196795,2.27,1.0
119818.0,2.01384633949879,0.228733494254326,-1.74386114264851,0.549138683252379,0.262052095430797,-1.43246943075882,0.344091694213871,-0.421628036918713,0.461246548983121,-0.554419465158017,-0.130089106691473,0.493915804042619,0.796719322515333,-0.983336994901578,0.869402782240156,0.141644053726296,0.48739326387343,0.360694368219705,-0.531022754099844,-0.121829318008607,0.215851115555546,0.806443327863232,-0.0407040879639852,-0.0628109396955122,0.259042553591247,-0.102883828528263,0.00397645188081588,-0.0245692323049854,21.24,0.0
53414.0,1.40244592577301,-1.14009914989739,0.683337425703213,-1.55758640506132,-1.33248955411853,0.217723049949447,-1.32490263681415,0.0839879884531807,-2.04559972349807,1.50394820187411,1.34419364159603,0.485432338242492,1.90945035355862,-0.560716694728441,0.268100783241637,-0.211643734551098,0.204214358542825,0.29674881608324,-0.401583042926846,-0.205655538944352,0.0235948080307686,0.509460664616523,-0.0556746907886083,-0.265222816120111,0.321222841553827,-0.0775942741115237,0.0696807924146243,0.016470930355261,30.0,0.0
49903.0,-0.73829988130635,0.0745502547451112,2.03507095050152,1.33346664588455,0.42540889773309,-0.422189338706832,-0.127817682840769,0.189835128303448,-0.105479510211553,-0.422482864047401,-0.168870955030469,0.790386706402926,0.5068594372109,-0.234860145501234,0.268728671112751,-0.927588633821604,0.514045640764179,-0.932043830247859,0.340880320282505,0.179036277974813,-0.149727192205826,-0.43494025544954,0.209370091731049,0.374869199232602,-0.202583178321606,-0.571623068364894,0.0745358553782779,0.0454539991752246,12.99,0.0
101051.0,-1.46531575579616,-1.09337687781209,-0.0597678482279439,1.06478463530602,11.0950886001596,-5.43097128323669,-9.37802517086658,-0.446456139679101,1.99210961400888,1.78592177154007,1.36858453419511,-1.47169658834377,-0.72475884619705,3.44242199594215,-0.957403224855046,-1.62612941891216,1.41821495932655,-1.41791682839858,-1.65176618071699,-1.4576102135585,1.16062328833533,-1.2596968082996,-15.9816491909559,-0.883669935248733,-3.53671623161143,-0.59296488849027,0.675524833181225,0.424849351792902,0.92,1.0
68729.0,-1.09339039593347,1.25619312245445,0.964508155352388,0.733744045924595,0.358084856660234,-0.191449189826105,0.531430158227202,0.529316729892739,-1.35569256495669,-0.255035487224153,1.52694213241457,1.29714848209808,0.68142962836114,0.843693836212292,0.387421382248451,-0.398715443611824,0.0728551408058389,-0.420239596703697,0.636055196557479,0.19285247637974,-0.179358488939027,-0.659128689321609,0.0875570527150409,-0.0142307861841339,-0.130938197133689,-0.650089338259522,0.243949986211559,0.073154809812987,29.93,0.0
81297.0,-0.755613072230911,0.913195714208916,1.59193558514807,0.0456932912672078,0.498346867027387,-0.220644526915405,0.963273614541519,0.0939411926076863,-0.9994847272173,-0.538945677953201,1.50555259546285,0.908956039517665,0.121112927074617,0.412919066025333,-0.279528770702697,0.0756719208145327,-0.614665745145286,-0.116818457513664,-1.123362676124,-0.0842459401336011,0.237418615780598,0.588672046468142,-0.172526990803413,0.230237420810915,0.149229416253526,-0.479134000503127,0.0893691927361303,0.104998218059435,35.75,0.0
79572.0,1.11306201012745,0.132405807211382,0.503546674871771,1.32743946182811,-0.234215024532484,0.0143848684542106,-0.0719438831197467,0.151115191135405,0.101139376070658,0.0614814920749113,1.24972038546146,0.991885272886723,-0.803326210818078,0.383586109983484,-0.749141812172445,-0.56046824129709,0.118079852802379,-0.482038888882149,-0.150012391999627,-0.227288783676947,-0.0449552502356925,0.0499166441923765,-0.0399895396048976,0.229676431542082,0.588477663101987,-0.340688695583035,0.0332976270456302,0.00620651602339077,5.34,0.0
40276.0,1.15937314510686,2.84479469928473,-4.05067950821309,4.77770088131929,2.94898004123771,-2.01036111013216,1.74408581794948,-0.410286521869204,-2.45019774688553,-2.04216786301424,1.84409317018026,-2.42593281501277,-1.5842751343556,-7.2083115791564,0.459828383286257,2.37529619792022,6.4435098643744,2.59184606301795,-2.88977035831304,-0.059264385833904,-0.176541018596848,-0.433469859425429,-0.529323202003731,-0.597019604985794,1.33595405267787,0.547092070642555,0.00997894426391215,0.160769150049196,1.0,1.0
112844.0,1.73841980381877,-0.191805233130598,-1.77201588126099,1.49020139947101,0.39265869144713,-1.03223492143894,0.909312959187875,-0.507842938369298,0.047558047022459,0.159517903845713,-0.874269124575449,0.802683785958749,0.707810255115143,0.378921030947452,-0.596446687822988,-0.742375049168736,-0.200917126597464,-0.720505870652475,-0.252314021922245,0.072042328153251,0.148826733713638,0.35675644814093,-0.15671232953066,-0.0448723179454877,0.442741756758327,-0.504559130030702,-0.0375992957417858,-0.0340675730389943,161.76,0.0
77446.0,-0.415243172769251,1.07065675947782,1.56901976048654,-0.0341702125432779,-0.0517814264512522,-0.881161333824056,0.746809901062202,-0.0901711159404466,-0.455998907700928,-0.326887050770205,-0.332005560017016,0.155895478066544,0.41954281196791,0.0651265578011911,0.805402230751012,0.18070032124557,-0.41527458548795,-0.399181050149705,0.00987939020907649,0.128119351496309,-0.22178036934976,-0.562629266633734,-0.0192378362572064,0.376522419914497,-0.179868813401123,0.0697484225544222,0.266802817634826,0.121999726261388,6.28,0.0
41791.0,-7.22273130585545,6.15577293013926,-10.8264598371575,4.1807791786876,-6.12355510135628,-3.11413648152623,-6.89511228298774,5.16151637665229,-2.51647653288733,-6.40337055173194,3.18605794805635,-6.85557098142662,-0.837722614772195,-8.03661487513855,0.956969643768367,-4.55719345408278,-7.65470424350142,-2.58841864362628,0.718555009324824,0.818859416826789,0.91270032192132,-0.630358133073199,0.190886662173033,-0.0612634320139128,0.379774656663009,-0.266845465234688,1.19369457713473,0.257468457389868,99.99,1.0
39729.0,-0.964567282813312,-1.64354066791439,-0.187726849232163,1.15825311047012,-2.45833564593802,0.852221660377025,2.78516254594393,-0.30360853861401,0.94000553101046,-1.96530880945923,0.159743522312315,-0.490697387341298,-1.1819769933833,-1.95887596969497,1.15274328622613,-1.34126935794233,2.49832484974359,0.777831088916474,1.4060448737262,1.78444933498197,0.447180121733859,0.536203895046365,1.63406050110051,0.203838849073356,0.218748854725954,-0.221885828382479,-0.308554718022245,-0.164500017914328,776.83,1.0
64093.0,-6.13398694801985,2.94149944882418,-5.59398556768425,3.25884522291112,-5.31551221858167,-0.637327763117765,-4.47648804491816,1.69599358704814,-1.60674315131804,-5.11725920989043,3.97722223959189,-8.06609609331146,-0.760887591756867,-8.66077095912039,2.22023798968633,-6.23759654204862,-11.0463816554829,-4.15587936834903,1.76361087438004,-0.815086315781228,0.86833985051032,0.793736498280638,0.217346586657621,-0.0219850652442062,0.145881913923651,0.665087660642875,-1.68418604869422,0.31019546302906,294.9,1.0
7519.0,1.23423504613468,3.0197404207034,-4.30459688479665,4.73279513041887,3.62420083055386,-1.35774566315358,1.71344498787235,-0.496358487073991,-1.28285782036322,-2.44746925511151,2.10134386504854,-4.6096283906446,1.46437762476188,-6.07933719308005,-0.339237372732577,2.58185095378146,6.73938438478335,3.04249317830411,-2.72185312222835,0.00906083639534526,-0.37906830709218,-0.704181032215427,-0.656804756348389,-1.63265295692929,1.48890144838237,0.566797273468934,-0.0100162234965625,0.146792734916988,1.0,1.0
42855.0,1.24243688004233,0.201265894979565,0.397729546568468,0.42519869453969,-0.249827070363261,-0.475412872488631,-0.0417370347655671,-0.0432392247936996,-0.208397406530183,0.100778617182209,1.20397758367663,1.00658513287503,0.398477509792206,0.393874715396488,0.34355797688048,0.590985469605869,-0.801019261192901,0.0479384312334198,0.295519264092185,-0.0659938465803541,-0.226839862794097,-0.683795843786712,0.0822892704605609,-0.00459761674660047,0.235766965457052,0.0974889281517485,-0.0324407131242805,0.00556319362891831,0.99,0.0
78661.0,1.25843167200472,0.377203911625851,0.148884155236838,1.03582094001059,0.143846700029721,-0.346042828424454,0.198469543721537,-0.201830627404591,-0.141160560688601,0.0104240458997217,-0.919620180101128,0.582474102363352,1.434209422647,0.0331513890105313,0.909560809660395,0.404287933070193,-0.866193933027853,-0.0496540076200611,-0.123588601044099,-0.00182799058906163,-0.0862928900845796,-0.197632797680659,-0.14916421643685,-0.42810565270185,0.683806561297514,-0.376956590842155,0.0249691337269322,0.0227194544704209,20.0,0.0
41397.0,-14.9703456545046,8.40142101040258,-16.8672384869515,8.25233430637468,-13.5651304873758,-2.78243755853826,-14.2637353490007,9.64341914576661,-7.70149868394332,-14.2266980575287,5.61099879659254,-11.7939788348294,1.59838653001563,-11.6069703760766,-0.0441804437896824,-9.28695473739369,-19.8997264249367,-7.518050849236,1.24351749943488,-1.61466005601289,2.71404480183882,-0.101355310559619,-0.439665974014017,0.519513861479409,0.789327982433797,0.0643574266343142,-1.62138568643941,-1.10481920857705,273.01,1.0
53300.0,1.04762362981907,-0.742504905783024,0.908742564011546,0.0666693214376843,-0.992632094616928,0.569014275345704,-0.879451921857938,0.436876433626542,1.20141221109148,-0.303561959681631,0.561004351949484,0.392139217267619,-1.66667501793815,-0.0192582720026471,-0.545926478995652,-0.0394195851497632,0.146896996017741,-0.279551899046479,0.514306356349127,-0.0861255945786039,-0.163226144710666,-0.403474253780846,0.0303267067996058,-0.275339586048745,0.00363564981766609,0.975198891244588,-0.041604687868009,0.00290163733470469,60.0,0.0
6986.0,-4.39797444171999,1.35836702839758,-2.5928442182573,2.67978696694832,-1.12813094208956,-1.70653638774951,-3.49619729302467,-0.248777743025673,-0.24776789948008,-4.80163740602813,4.89584422347523,-10.9128193194019,0.184371685834387,-6.77109672468083,-0.00732618257771211,-7.35808322132346,-12.5984185405511,-5.13154862842983,0.308333945758691,-0.17160787864796,0.573574068424352,0.176967718048195,-0.436206883597401,-0.0535018648884285,0.252405261951833,-0.657487754764504,-0.827135714578603,0.849573379985768,59.0,1.0
77154.0,-0.715413746430203,0.608590312773943,1.15550089022062,-0.267565092666965,-0.563747540811752,-0.618897959603515,0.698307698659261,0.0698369023541396,-0.133341030527008,-1.02533539256113,1.50062918076179,-0.417898026653376,-1.59029515148629,-1.07499904137371,0.288234297659522,1.37776850908719,0.22388685433899,1.31107267514226,-0.896071786353489,-0.186977992930248,0.130748607589043,0.239389294462508,-0.0902274074581911,0.411572390517299,-0.216125965872995,0.353896329216255,-0.0623612631790606,0.00843300173166346,129.0,1.0
58679.0,0.942391433554637,-0.406928513962667,1.10388169452675,0.661912993396855,-0.243547712599637,1.76276746064686,-0.877831118684037,0.626905164225362,0.806019808471492,-0.464520072519745,0.338941667069496,1.18013932749156,0.663692214122025,-0.417648676219237,1.21765937362876,-1.13032083789698,0.989103669579099,-2.25704392108177,-1.60282164038714,-0.136788821478456,0.0521110951570369,0.466404660212656,0.125911441772115,-0.899093772973122,-0.0463675177445874,0.44007357033157,0.0875873746650684,0.0188049544095866,36.5,0.0
28726.0,-29.8763655139763,16.4345245512223,-30.5586968214292,6.50586178736296,-21.6656542956569,-4.94035632949796,-20.0813910746494,19.5877726234404,-3.59149104711596,-7.80059820772759,3.94783971729026,-5.4879114860488,1.36994034924206,-4.82955244300835,-0.134412095441135,-5.12116240451142,-11.1181904509172,-4.65995586983801,0.608930080519071,1.72477883837961,1.81295397464878,-2.23225158753151,-1.41280344282556,0.178731069561437,2.15604185816706,-0.20938462411377,1.25564890085966,0.364530452975509,99.99,1.0
60414.0,-0.337692956067996,1.22134681903697,1.32226736523545,0.0501253083490435,0.140019003527806,-0.960968742832976,0.783072713579351,-0.139124406805881,-0.571672252490632,-0.543882837941621,-0.010975650130698,0.545249020742332,1.28978045763032,-0.662746214911787,0.765048855588454,0.326813342136984,-0.0580990408982391,-0.283564800564025,-0.0986592848654993,0.184351038879208,-0.251447597959137,-0.59300344524085,-0.0338379688792758,0.366625785822993,-0.121867122476075,0.0679948374516003,0.254039823806663,0.100681139509405,0.99,0.0
103808.0,-4.51734375344642,2.50022390414582,-4.01392753708116,1.18945163355882,-2.48686063585833,-1.41347553285281,-4.24570662259591,1.26508694822894,1.16882778968781,-4.51390660472333,3.69471123994721,-6.11044323287235,-0.110521636054475,-4.18455528093394,-0.93103463417672,-1.61471832598223,-3.35318018239636,0.236762036968587,0.0038960221310578,-1.05616226010439,1.32694422202396,0.102998961106284,0.508166904438541,-0.278017536127694,0.139721094971637,0.0646100247346309,-0.972358289293076,0.351359561196795,2.27,1.0
73099.0,1.40380668917021,-1.18212817254696,0.653504519537814,-1.29141327014449,-1.80618985953701,-0.90805480385685,-1.04156472541309,-0.16257538278751,-1.67552811579206,1.40406487435307,-0.505558586577669,-1.08734559661961,0.0758281996467873,-0.276907876375849,0.811952902966947,-0.160109393395608,0.453406987986811,-0.0167450119517752,-0.252566106889721,-0.249788174131938,-0.343428176850169,-0.775540128875564,0.140581813897736,0.329816122909445,0.0971701579030903,-0.414268456397743,0.0303860869563933,0.037756670990632,64.0,0.0
93853.0,-5.83919161928092,7.1515323543223,-12.8167600806187,7.03111476501099,-9.6512721679897,-2.93842725771624,-11.5432071690832,4.84362653179436,-3.49427572506535,-13.3207888671784,8.46024444901677,-17.003289445516,0.101556614891384,-14.094451660329,0.747030766392512,-12.6616957230679,-18.9124938172188,-6.62697484523061,4.00892074227194,0.0556838813863639,2.46205591127559,1.05486518382957,0.530480596078193,0.472669814042592,-0.275997967880675,0.282435024801752,0.104886020210564,0.254417096767513,316.06,1.0
44532.0,-0.234922308660103,0.355412643473604,1.97218278594888,-1.2555927126284,-0.681386509254345,-0.665731671302037,0.059110489686438,-0.00315327709103439,1.12245113562848,-1.48124586053984,-0.473852105914046,0.9221844195147,0.913513839827119,-0.499349578859305,0.933898442932603,-0.560471962989049,-0.207706529097452,0.380541571066627,0.574335960915453,-0.0034694628125566,0.220670430492642,0.912107214037724,-0.286337679755902,0.451208246513352,0.188315252003614,-0.531845781256926,0.123184687838547,0.0395806345060398,1.0,1.0
24643.0,0.0655210445616968,0.87859090164342,0.821295539955207,1.25241883738926,0.420701776873883,0.461847028527921,0.298526316999215,0.104290510259396,1.11255099671188,-0.239089222874646,1.54792628940415,-1.93940089773604,0.941601737630169,1.70878875570814,-1.46906321293674,-0.780669320948521,0.816655220285051,0.209399266936569,0.51846030047785,-0.212456372123383,-0.0346100221177528,0.333604270439171,0.0640995545331263,-0.365345729961903,-1.00218872209418,-0.495966843841141,0.0757020990815589,0.148136582400381,5.34,0.0
44388.0,-3.5787117446334,-4.19213889953031,0.771907656196757,0.455107303887262,-3.28447038074409,1.91249110636698,4.5208180725869,-0.276483945372083,-0.382878223414043,-1.74352586213823,0.582135755702369,0.0162421450428374,-0.094458417100873,-0.256414487010702,-0.402000297223278,0.967598466134703,-1.07765775337593,1.29986647318083,-0.604468251982805,3.26567320519091,1.00582719238808,0.379757133723405,2.9831997915417,-0.117004760221106,0.921950240715504,0.424691833830294,-0.662071804944106,-0.0543455385985355,1398.0,0.0
76575.0,-5.62246941906299,3.48062317879011,-6.20067659397487,4.31123366835313,-5.22628632428769,-1.34176357284987,-5.22094094197327,2.68284353707778,-2.92148438224053,-6.56125741097377,3.21126387844398,-6.86166051434144,0.326461834627394,-7.7552536640417,0.50465219263742,-6.27661678567251,-10.6117146970978,-4.14677374512684,2.19728771323892,-0.156288522686099,0.949568986169808,-0.428985749759671,-0.35067550041691,0.197549503550848,0.15923422951036,-0.377790861014248,-0.213561786254573,0.459528918054306,219.8,1.0
41537.0,1.3654156572159,-0.555557134694325,-0.715349192978491,-0.601163430969699,1.37587340157883,3.68282847804064,-1.22886351626547,0.908827144650076,-0.92469025747758,0.905025530805197,-0.448102168676326,-0.289305883383024,0.407107220931473,0.0980253350067213,1.2358318212489,-0.748578974242116,-0.853916886627326,2.01121909085742,-1.03029764574125,-0.402494119644024,-0.254716171172171,-0.362365051645612,-0.0536173333320315,0.968047457107763,0.599190759026399,-0.235100702956279,0.0707921498515891,0.029489472739252,8.0,0.0
9877.0,-0.838582829909326,-0.131211892136687,0.35260565282092,-0.629110351606964,-2.31594645387517,1.30908016773588,2.71369127517209,-0.627267108040846,-0.326982994138758,-0.458540117715981,-0.779960534574783,-3.66530576517654,1.67810215457313,1.33268324251198,-0.34658668522649,-1.6734843482292,0.900650991802847,1.58207841188804,0.554790783809478,-0.246888986035378,-0.628500910699736,-0.940245616281437,0.0393335045204998,-0.654239522678255,0.443231823040507,1.24873718903861,0.0500216860023329,-0.103753388987872,582.06,0.0
77242.0,-0.194543973670624,1.39314792457353,-0.128565184670977,0.926990022694602,0.25106048480241,-0.722624717182129,0.5831289455692,0.287544752979395,-0.726409458772602,-0.0646753256374004,-0.427542119825239,0.310234674888341,0.204222152938834,0.80029434850167,0.857328042723273,-0.737258071941542,0.289833589412932,-0.557275803308465,0.0187807376003085,-0.0891296758566958,0.204345766597827,0.729189650153235,0.089579002992598,0.0947545118549901,-0.754985998737601,-0.383930978316342,0.333160887445528,0.165242583111058,0.79,0.0
54054.0,1.36111877217833,-0.845691820259415,0.493231299939483,-0.992241676182014,-0.942124002300998,0.258066434299438,-1.13596786303115,0.1655290578489,-0.536260376410796,0.774962675529018,0.287346866278879,-0.484593165389572,0.145086051565186,-0.25757449880364,0.533951561602981,2.03235013228934,-0.600900597062985,0.0629321417594589,0.945282160848041,0.175433102199456,0.369557712582628,0.917429005695271,-0.279719253018888,-0.801244688760104,0.532711586990923,0.00391491001928135,0.0252383181287008,0.00788830473766994,39.0,0.0
117785.0,-0.245972280428091,0.762483712784636,0.338965737123002,1.35409577772689,0.253622540667754,-0.402872331264795,1.24705481009186,-0.226284091518829,0.0234613379078716,-1.01776499732026,-0.550367284391528,-1.35814478680603,-1.51061095232098,-2.02312853297037,0.931802948672735,0.326984852175988,1.44609214903421,1.32550604862017,0.0948566036615285,0.297315625094522,0.0584819271777961,0.218199131517704,0.157449883926529,-0.268200064988191,-0.585220640962902,-0.600713084055592,0.0621110693827004,0.0406044427572065,145.0,0.0
100298.0,-22.3418888868038,15.53613332478,-22.8652284959099,7.04337354768731,-14.1831291919342,-0.463144880408286,-28.2151120538009,-14.6077905214735,-9.48145633401495,-20.9491915543611,4.73958247105186,-11.9249546896802,-1.50141102577851,-3.83678146634435,-2.72032883823594,-8.88010567222989,-15.8251362851177,-6.75042522352437,-0.129188144339879,4.10001904830367,-9.11042257588182,4.15889482041313,1.41292844456256,0.38280067392155,0.447153952515532,-0.632816336434319,-4.38015425911661,-0.467862869164174,1.0,1.0
83934.0,-0.433222446537596,2.42837911824053,-3.99645439738162,4.87129854095106,-1.7963078560437,-0.586867589935922,-4.65454261848565,1.28522967071729,-2.74353881589949,-5.63894131284807,4.3437434980468,-6.65573446968769,-0.293108662762872,-9.50514082568186,-1.39614905931922,-4.85032315924603,-10.0062528282393,-2.78959811229388,0.98258385892977,0.745029329890697,0.713558821786954,-0.408953595906886,-0.320889532152165,-0.804230275167984,0.962851575679124,0.199558010666927,1.09453318209808,0.541147567735467,1.0,1.0
8090.0,-1.78322883722709,3.40279371307631,-3.82274226552205,2.62536815276644,-1.97641541136284,-2.73168901231308,-3.43055914949085,1.41320351399318,-0.776941494554916,-6.19988176274188,4.36671348631445,-8.24326243368313,0.345761165232579,-6.59055029705192,0.265576095932165,-3.02845238846152,-4.21448627485607,-1.21360784773725,-0.265421595374812,0.364089115014408,0.454031931736316,-0.577525824201459,0.0459665375362652,0.461700017592254,0.044146161217817,0.305704433918549,0.530980986346765,0.243745598122111,1.0,1.0
472.0,-3.0435406239976,-3.15730712090228,1.08846277997285,2.2886436183814,1.35980512966107,-1.06482252298131,0.325574266158614,-0.0677936531906277,-0.270952836226548,-0.838586564582682,-0.414575448285725,-0.503140859566824,0.676501544635863,-1.69202893305906,2.00063483909015,0.666779695901966,0.599717413841732,1.72532100745514,0.283344830149495,2.10233879259444,0.661695924845707,0.435477208966341,1.37596574254306,-0.293803152734021,0.279798031841214,-0.145361714815161,-0.252773122530705,0.0357642251788156,529.0,1.0
111471.0,-0.0650641760983725,0.708658935843978,0.232511190887207,-0.529560528185188,0.481605038390963,-0.512788421697886,0.926116221373648,-0.0888100870181235,1.1101401235644,-0.63294101988162,1.29016648693581,-2.24535625039133,0.791262894737445,1.89708454801547,-1.72192156387059,0.217242142685045,8.0220443840837E-4,0.248509265015346,0.115759613479169,0.00133070064556927,-0.358775594283125,-0.776874504030388,0.163135679173856,-0.4331943154229,-0.506566036663298,0.103214406405638,0.192356828739364,0.0797251527369015,54.99,0.0
65253.0,-0.575165028429173,-0.339987132356791,1.43682462392224,-1.53060439538651,-0.953529263273687,-0.803387926004313,0.431812389267853,0.0559766243752654,-1.39728590401354,0.197794244394155,0.88785854255417,-0.576783642809587,-1.70659230833028,0.570703747936104,-0.181635262518796,-0.776169497306463,-0.379089784496667,1.41752693929307,-0.879174193508649,-0.336889953926897,-0.490295595856258,-1.40968041724162,0.548178864755789,0.423511003572821,-1.01605234493799,0.404058205693358,0.014660219652938,0.150398848239436,119.8,0.0
46310.0,-0.188516040547921,-2.75896191424733,0.223810642110302,0.56332740644831,-1.8155566689873,0.281693616506505,0.0749771373371831,0.0880789392538443,0.937794292534363,-0.520811165796894,0.580721610077024,0.47773563346429,-0.937415096907984,0.11021887371393,-0.168817223662217,0.600307912024882,-0.360106934817504,0.494557518042303,0.42374057168616,1.34705001987754,0.333610038056049,-0.563899922380587,-0.610836975088817,0.0983883560526299,-0.174722277719746,0.920002001627818,-0.181057960351721,0.125404263705478,725.56,0.0
32250.0,-0.556846591760611,-0.338594162980186,2.30198842838271,-2.70911860566328,-0.830460528602214,-0.230219449996011,-0.291803791084334,-0.0762375869506821,-2.31881196700713,1.20524686426801,0.859885919513547,-0.485262107185353,0.871732984388282,-0.807030223588158,-0.432557417996372,0.176043996021678,-0.344032548166205,0.910645840501851,-0.552729910931216,-0.0246318639860406,-0.0692669933435746,0.38007794597159,-0.370504031051771,-0.0067900741139472,0.425095598457627,-0.196669932514796,0.143433847850129,-0.105038795449587,14.2,0.0
84204.0,-1.92745281973369,1.82762056700016,-7.01949468454197,5.34830323951426,-2.73918788004738,-2.10721929638307,-5.01584797563431,1.20586815982046,-4.38271250852199,-8.33770697381781,7.19030608944843,-9.42484446049178,-0.223292646427513,-12.8754942229841,-0.071918160688794,-6.2999613976222,-12.719207160428,-3.74017615583058,0.844059610296466,2.17270905626492,1.37693832294098,-0.792016725563067,-0.771414187530036,-0.379574271539528,0.718716522008066,1.11115125599517,1.27770725705846,0.819081152045361,512.25,1.0
70394.0,1.31238253031869,-1.18297503615736,0.277072566668663,-2.55633769451582,-1.67793256405287,-1.27439112828929,-0.655538143480988,-0.215263195112191,1.21268577727169,-0.808312540583759,-0.58019141049266,0.472068437334142,-0.171408054514415,-0.0136091728066569,1.33637174492812,-2.57761612257569,0.390245105929999,1.48949793990295,0.414164150723436,-0.42778412629933,-0.329109011175469,-0.319823671373261,-0.0896663179937912,0.380866731457727,0.588579263019172,-0.737812620789817,0.0959784453776017,0.038506509568589,60.0,0.0
1056.0,-0.409935136011367,1.08513510664522,1.28077611895054,0.0169954791930914,0.303798550449024,-0.527665727060352,0.641580454531208,0.0374275330899962,-0.479461420016395,-0.567585113885482,0.104480251591293,0.30518160734247,0.655143096673511,-0.509963425223505,1.08613566758968,0.0627209129610852,0.255987059737078,-0.655150338411584,-0.452763839704672,0.125914619834122,-0.227039794753837,-0.531528369598534,0.0134184928153535,0.0380004628794437,-0.213308245953962,0.0997477349953655,0.264674276567847,0.0968004030671733,2.28,0.0
41170.0,-6.49808616880785,4.75051466030858,-8.96655783136602,7.09885431317009,-6.9583762227814,-2.82212618665779,-10.3334056561063,4.03190730189525,-6.64877821018697,-11.6344144245911,6.87757089846463,-13.6976856184689,0.463040401836978,-13.0441824003561,-0.309229265664683,-12.3175797238757,-24.0190985475902,-9.33519307905321,1.95189049542104,0.568338010653019,2.15814308370257,0.1115103626317,0.216413836254987,0.584661255488016,0.760359507805524,0.0819723426822078,1.41506751068321,0.0351241448009389,83.38,1.0
75033.0,-0.430330205681344,0.985632693552081,0.645789437298841,0.317131047127407,0.616332206255463,-1.34746245720975,1.0782335690849,-0.161518267508932,-0.492855874580938,-1.03963769713185,-0.39560772252726,-0.664683930228673,-0.985700496668287,-0.660967626671015,0.344105202877093,0.530852433867815,0.278141865207384,0.355529916892446,-1.08122326117298,-0.115281935429531,-0.0163780179250957,-0.207609058231514,-0.164119225784612,0.255280162145255,0.454797817761532,-0.505032215885219,-0.0394559687978208,-0.00635758223393408,30.14,1.0
76356.0,-0.70683125318402,0.985246285550575,-0.726880444861489,-0.232894914426888,2.3366459189754,3.42664720477663,-0.121134081243238,1.20952169854464,-0.886787441282339,-0.276605600865345,-0.440303818098041,-0.149258960065807,0.0304419741153513,0.773944794119244,1.17936377297432,0.121188444275483,-0.525978205961363,0.588509349649072,0.801622427803215,-0.00538915326039402,0.162319079231815,0.180486371562629,-0.173399641598204,1.01166531413081,-0.0941669609058258,-0.330653762437015,-0.0628692998119033,0.0653529101450355,23.75,0.0
37141.0,-1.09720251119626,0.1915934687999,1.10396331764694,-1.29242231823901,-0.548370747129644,-0.115845940951973,0.261978149647538,0.374701715877183,-1.94519205820343,-0.273305050348494,-0.859055584969455,-0.0530191936790749,1.05514396383312,0.232755924727097,0.90141658407823,-1.42245126961329,0.26290953132456,0.588719489522385,-0.619334002465255,-0.180364367368715,-0.415537061783878,-1.10906758882398,0.15112501936999,-0.427718171413,0.0527397603614725,0.905273167648466,-0.158832878630324,-0.0317213579565551,110.14,0.0
32954.0,1.29564553319991,-0.699612936706908,-1.12964940683874,-2.5050427979228,1.42827490090864,3.01060512751724,-0.892931910352571,0.798386091762739,1.30983690307138,-0.970178230040346,0.105836400219171,0.426482204345016,0.134840858016389,0.265772223857914,2.12562596102861,0.109389502874632,-0.779939338505363,0.611425409664239,0.872505820742883,0.124240265643766,0.0715399776893033,0.120545126239983,-0.14417177017037,1.06657715310291,0.615628418257506,0.123207847156879,0.013874737042175,0.0185466076745206,37.07,0.0
93853.0,-6.18585747765758,7.10298492227346,-13.0304552638937,8.01082339822486,-7.88523736131971,-3.97454999359808,-12.2296077786617,4.9712317023058,-4.24830701294998,-12.9654812039222,8.68830799242781,-17.1829184301947,0.0695769150313325,-14.1161560074304,0.959031717400206,-12.3753337375636,-18.716764511809,-6.52201457322122,3.51795494036344,0.483930108481186,2.50277241039945,0.481691289576756,0.480957977547458,0.360318638811951,-0.293354295977635,-0.199193157971208,-0.203917328209747,0.398927185850218,44.9,1.0
101597.0,0.91311613528992,1.1453810871791,-4.60287793273505,2.09180337375362,-0.473223859280585,-2.0854358325571,-1.67124403232231,0.0943965856348779,0.337798765397573,-4.4318096317282,4.87197985976052,-5.39522117678937,1.33250215621937,-4.60379669207464,-0.77731354811867,-2.57189156103509,-3.00361530529652,-0.225441388417525,0.252273565031692,0.50898474829098,0.40141574109896,-0.0849334160429759,-0.197684434494785,-0.283271078982557,0.387597335722074,-0.553526986386025,0.516274456782261,0.270828187083758,147.87,1.0
28692.0,-29.2003285905744,16.1557014298057,-30.0137124857248,6.47673117996833,-21.2258096535165,-4.90299739658728,-19.791248405247,19.1683273897301,-3.61724178604255,-7.87012194292549,4.06625507293473,-5.66149242261771,1.29295014454242,-5.07984568135779,-0.126522740416921,-5.24447151974264,-11.2749725851252,-4.67843652929376,0.650807370688892,1.71586182428358,1.8093709332884,-2.17581520342142,-1.3651041075509,0.174286359566544,2.10386807204715,-0.209943999130567,1.27868097084218,0.372392714338541,99.99,1.0
18254.0,1.14115913344815,-0.559151273912917,0.977788926442625,-0.653788828834385,-1.13343081581703,-0.0397104634816908,-1.00910916172712,0.317794715985132,3.23764091564604,-1.25394837482661,1.9810187590941,-2.38254916839382,-1.11721093529856,2.03330338125203,0.374523418600734,-0.442951771910172,0.76377589345632,0.831351932829595,0.299132757003635,-0.334982422511041,-0.107178720906151,0.0346191999504332,0.0146480526705392,-0.0901350914200741,0.282075128309022,-0.705165651216631,0.0604392298028787,0.0115402861201097,11.85,0.0
105937.0,-0.723218476635143,0.688836719624973,2.01726541878262,-0.554449479074707,1.03051997588001,1.78192189815639,0.16746019671701,0.303969896710764,1.38377109269166,-0.984238927693628,2.00395532660148,-1.96909920459214,1.47385894837696,1.48728751453855,0.735307896446921,-0.771066515904235,0.645536142833614,-0.110666056716145,0.00648935648355242,-0.0388315638669693,-0.206089979697585,-0.113850545386569,-0.315457056611016,-1.73934453218609,0.0846694001634676,-0.628260246764893,-0.171750472040019,-0.170832632672915,1.51,0.0
53031.0,0.206075454303215,1.38735982061524,-1.045286987034,4.22868619369076,-1.64754917421782,-0.180896946218666,-2.94367757476862,0.859155533266087,-1.18174300683428,-3.09650359868717,3.20091235546057,-2.45083242908802,0.316619878616412,-6.39717031528651,-2.12972836543767,-2.42737307534442,-4.44847225233098,-1.21222044988735,0.0346554556282822,0.351484399563241,0.46919942584802,0.344930464195865,-0.203799378001586,0.376640378487856,0.715485489514387,0.226002880910544,0.628544616302757,0.319917987612491,0.76,1.0
27252.0,-25.9424344479142,14.6019980426299,-27.3686502881266,6.37839460769688,-19.1040334039646,-4.68480620428185,-18.2613929340355,17.0525663121462,-3.74260500983864,-8.233721369876,4.6648362538527,-6.52566786025865,0.92375858946558,-6.32597461208273,-0.0702237027595964,-5.83836021908828,-12.0616957125199,-4.77334851403019,0.852969608454831,1.66730429040185,1.78431598423494,-1.91775921336107,-1.23578743924962,0.161104731783341,1.82037804128869,-0.2193590586868,1.38878576213598,0.406809649908512,99.99,1.0
41147.0,-5.31417320646342,4.14594361146639,-8.53252245892907,8.34439167363678,-5.71800820787464,-3.04353608094129,-10.9891846672722,3.40412865609659,-6.16723364181153,-11.435623996076,7.67453383416429,-14.2960914258331,0.526938923712363,-15.4450258118019,0.991651201275811,-12.3913460034009,-22.5416517287861,-7.98672065349455,2.99255446334225,1.15001731865814,2.33146580801509,0.862996305559532,-0.614453237551036,0.523647877136623,-0.712593271662611,0.324637964828057,2.24509146635599,0.497320848969724,88.23,1.0
94362.0,-26.4577446501446,16.497471901867,-30.1773174564996,8.90415677106517,-17.8925996927224,-1.22790388102871,-31.1973285494605,-11.43892041491,-9.46257260540015,-22.1870885620007,4.41999660154863,-10.5923050053728,-0.703795803703315,-3.92620731586873,-2.40024649210124,-6.80988994039049,-12.4623149481086,-5.50105078380738,-0.567939572890149,2.81224110932946,-8.75569832116533,3.46089334478551,0.896537503959012,0.254835536763482,-0.738096558530353,-0.966564233789852,-7.26348214633855,-1.32488430656137,1.0,1.0
76845.0,1.141572041228,1.29119504187036,-1.43290045302393,2.05820222243243,0.940823737515849,-0.958273875563986,0.391154204412105,-0.0925192025989645,-0.0328285936060586,-2.15530254380865,1.0804386160969,0.0444153214634158,0.441176590070526,-5.05382476474338,0.315185256694669,0.821195361600931,4.02736603913411,1.07797898032715,-1.10727585500251,-0.00591257660665234,-0.366507064917023,-0.714464900739845,-0.14391066716844,-0.305177619493244,0.697514060032721,-0.312544722619217,0.106247471401345,0.125059863331359,1.0,1.0
50706.0,-8.46184470133154,6.86619841481805,-11.8382692206767,4.19421096699453,-6.92309709702798,-3.22114664850055,-7.55349651116055,6.015618186942,-2.4661434402463,-6.24624318477127,2.94398521977131,-6.51238933713471,-0.698175946764313,-7.54364593187217,0.92645528395257,-4.3302948063467,-7.33969796421674,-2.55090085394741,0.645904895509124,0.814710155897088,0.918244480856236,-0.715366336614015,0.210747336284603,-0.0602114737129364,0.509534595479059,-0.257283692851139,1.17002651560613,0.229300914797861,99.99,1.0
26961.0,-23.237920244511,13.4873857909274,-25.1887729688701,6.26173255148578,-17.3451881651558,-4.53498915241687,-17.1004924771637,15.3746300252798,-3.84556677176243,-8.51176669710133,5.1385473219039,-7.22001986441493,0.615793286019405,-7.3272215995796,-0.0386320690669864,-6.33151509399145,-12.6888576275064,-4.84738160696153,1.02053587929144,1.63078748322503,1.76970812949114,-1.69197330547661,-1.04567292278161,0.143386499863412,1.61157707182701,-0.221575644736264,1.48123260638065,0.438124804842523,99.99,1.0
18675.0,-12.3396031574122,4.48826730168204,-16.5870729373632,10.1072738734101,-10.4201989827431,0.130669811857349,-15.6003233044816,-1.15769598093331,-5.3046309683427,-12.9389293107706,8.80568196718575,-13.5561301301468,1.16546376028499,-9.80988150207055,0.369987279150665,-9.50521044515487,-17.5420303090874,-6.79263778723153,2.06937744931751,-0.0855014634055812,-2.0896096332232,1.74531450014405,1.37681580939778,-0.554271418366818,-1.61074085196174,0.153725444536768,1.2124772080589,-1.86929047595671,188.78,1.0
102669.0,-5.60369027985602,5.22219270751471,-7.51682997724608,8.11772427554261,-2.75685795265464,-1.57456462233583,-6.33034325040366,2.99841888080239,-4.50816689310713,-7.33437708370839,7.18872396524447,-10.6551809118898,2.59467986078199,-10.242859083204,-0.191158119172494,-5.50433407013933,-8.69777741257031,-1.93422536185434,1.95874993153475,0.227525994742654,1.24289620552409,0.428408392466797,-0.101183595116722,-0.520199121186447,-0.176937756589733,0.461449982566097,-0.106625180749266,-0.479661947808134,0.0,1.0
60597.0,0.237675561285527,-1.75633585266297,0.514293435472997,0.910479260236041,-1.33421758694358,0.281253068611,-0.0805743339488131,0.0688013918495335,0.506166286831761,-0.253849161528802,0.820043900746293,1.02936073937336,0.38742114236702,-0.0685902461802062,0.0126501253763955,0.679532225198247,-0.687819095456315,0.686730334015697,0.0283166253399466,0.940392517875599,0.420600519197037,0.241473727479664,-0.537657813907399,0.108616730429881,0.170624223419453,0.522602834640836,-0.0897884647692911,0.0955395214308698,495.25,0.0
94362.0,-26.4577446501446,16.497471901867,-30.1773174564996,8.90415677106517,-17.8925996927224,-1.22790388102871,-31.1973285494605,-11.43892041491,-9.46257260540015,-22.1870885620007,4.41999660154863,-10.5923050053728,-0.703795803703315,-3.92620731586873,-2.40024649210124,-6.80988994039049,-12.4623149481086,-5.50105078380738,-0.567939572890149,2.81224110932946,-8.75569832116533,3.46089334478551,0.896537503959012,0.254835536763482,-0.738096558530353,-0.966564233789852,-7.26348214633855,-1.32488430656137,1.0,1.0
20011.0,-14.7246270119253,7.87515679273047,-21.8723173644566,11.9061699078901,-8.34873369160876,-2.26284641969245,-15.8334427819606,0.0778736741759969,-6.35683349086288,-13.2616517082667,10.0637897462894,-14.3947668016721,0.654888723464231,-14.2483158270781,-0.305360761401071,-8.16163244506225,-12.2809648581754,-4.81858639342974,0.719787682108791,0.996468755724792,-2.36234492751884,1.09955729576975,1.03719942301307,-1.03635934178889,-0.254776514154375,0.642343201018144,2.16112922373151,-1.40128201963858,1.0,1.0
76830.0,1.03874724552271,0.0240899398702076,0.59791843848602,1.27990393296686,-0.360380083261684,-0.00680855722289855,-0.105354067405882,0.172839468561288,0.0547686170459477,0.0795664164179352,1.38153953365943,0.846335049757078,-0.900558943494374,0.500102168151471,-0.199738113008194,-0.23364637433543,-0.0654865827691194,-0.395296842084569,-0.277819444868543,-0.15262644661172,-0.103938707191419,-0.301606063575028,0.0407796307416224,0.195724889366442,0.358611975136665,-0.499563482052619,0.0294823160112578,0.0190458358525535,41.85,0.0
41308.0,-13.6807603221285,6.99038924197379,-13.7700011356219,8.694896899191,-11.4269679730732,-2.91984498997907,-14.5945615876748,8.62290473620712,-8.09069700355941,-12.7806339362021,5.3306013514672,-11.898065148453,1.59599290197592,-9.56016927087188,0.596403762858148,-11.3809956026059,-21.5368016259059,-8.48535580519493,3.51761050964655,-0.877391609905133,2.98955250855903,0.497598716647637,-0.509290299460639,0.732503456665873,0.280527953637944,0.280037142108891,-1.40668683562971,-0.663643363595055,0.76,1.0
73408.0,-2.86979494599423,1.33566696241079,-1.00953019777159,1.69388472852407,-0.741479894623347,-0.796772696354505,-2.61424187718441,1.06663646767929,-1.13549652218517,-3.9433368210052,2.57283021584331,-2.28866350030302,0.562084177710423,-5.33871420959882,-1.85325189141529,-2.619233053885,-5.23142512742468,-1.23485373672039,0.397308037124058,0.0115572104606548,0.528421372720921,0.228027080989586,-0.749297963439339,-0.0671789627433331,0.215792485177395,-0.453651011768872,0.349191042793996,0.198862268219404,16.48,1.0
41233.0,-10.6457996485752,5.9183066586857,-11.6710425949575,8.80736917876038,-7.97550136587277,-3.58680634405361,-13.6167970541448,6.42816934590602,-7.36845129274034,-12.8881582878915,6.85495311388866,-13.2116950297251,1.03561234332246,-13.7789556397675,1.04044835530024,-11.2903278082585,-20.5780220491922,-7.54782411219534,3.11847976563045,-0.0461701790327979,2.57196959291347,0.206809359357246,-1.66780140024191,0.558418754024331,-0.0278978765982558,0.354253781525514,0.273328726801416,-0.152908080809092,0.0,1.0
45501.0,1.00199171536791,0.047938380305255,-0.349001552412107,1.49395843665091,0.186938875230095,0.190965634380865,-0.00111210422593577,0.147140194715723,0.580415339651519,-0.792937990748917,-0.984171728067149,-0.567380064895921,-1.10559224967424,-1.38121354248053,0.405490421163411,0.279890165223202,1.1321602098483,0.0929929763441439,-0.298920455435975,0.016003673251105,-0.334417439439,-1.01431467260935,-0.128427315817252,-0.946241837638308,0.456090274720588,-0.453205972393371,0.0466270924243456,0.0646983543716214,105.99,1.0
69394.0,1.14043132434726,1.13424300279892,-1.42945474072655,2.01222598912655,0.622800198240135,-1.1529230868157,0.22115947772768,0.0373717733484629,0.0344859259841517,-1.87964382107016,2.19166507997652,-0.487849732811135,-1.75713709936308,-4.46105120749925,-0.402884205654366,1.4109171085787,3.61925125200524,2.28492676267757,-0.443999191918561,-0.0997118777920308,-0.367136001490949,-0.891627120817809,-0.160578066799212,-0.10832596200032,0.668374321480191,-0.352393242949003,0.0719927692746503,0.113684370071235,1.0,1.0
102318.0,-1.02063166582361,1.49695912243222,-4.49093711758335,1.83672705849852,0.627318467501556,-2.73556861001066,-1.54627364241291,0.459821576439238,-0.68274140597399,-4.36310219273296,4.28702087961434,-5.40376835689762,1.26026230900043,-3.08774290682652,-1.31748806297981,-3.53705628406879,-3.17202752176385,-0.52988508450368,1.01162645030639,0.443488532055906,0.773630966413973,0.86061818130652,-0.304666447555476,-0.155499583027691,0.41216629075428,-0.220079647308722,0.392337584118175,-0.0200894870934853,22.04,1.0
59777.0,-8.25711081724667,-4.81446073955621,-5.36530689032661,1.20422986423394,-3.3474200965739,-1.33160147516446,-1.96789279857039,1.29543781710486,-1.67441524280437,-3.42605225253339,0.144562690111297,-4.28352931016896,-0.24089504151477,-3.65749040377527,0.923104767832095,0.844221069436753,-3.94831185243281,-1.8075159915996,0.105878827218844,-1.23398725720348,0.436390207477188,-0.077552722802211,-3.09162435615504,-0.390200885685448,-0.288688941339997,-0.340004217403437,0.0398191045440342,-1.00790031022705,319.2,1.0
66684.0,1.27734233832204,0.301473101729942,-0.0212218745297733,0.958020053381171,0.054577966031721,-0.554649554289587,0.200921014799107,-0.177333815748262,0.0631517081284916,0.0179601393121942,-1.07722482274365,-0.162561056994244,-0.0849502430472197,0.389814088537436,0.996882634933222,0.271266636372829,-0.677102118676499,0.112345330244345,-0.0991510218092832,-0.115176659923051,-0.016977412218145,-0.0289071505353034,-0.194163578427862,-0.333800383758218,0.773803807242687,-0.283740074882651,0.00966454197684598,0.0141720168349196,13.61,0.0
91502.0,0.0073790751145725,2.36518252886777,-2.60028738169342,1.11160176466249,3.2764413263667,-1.7761407852846,2.11453088108345,-0.830084106599812,0.900489974281822,-3.37617706712688,2.05681205985716,-3.9842567303491,1.02196791340796,-5.96790496861639,-1.15160831490592,1.67973960141233,5.58611468683053,2.78913115591619,-2.24107485298106,-0.00638849728163087,-0.563944162060269,-0.902099515410175,-0.404382448597275,-0.0129439005065412,0.589836154947909,-0.734449052212668,-0.447529183217452,-0.362374775122343,1.0,1.0
101313.0,-25.825982149082,19.1672390103062,-25.3902293121699,11.1254347149714,-16.6826439195391,3.93369943022963,-37.0603114554112,-28.7597989339836,-11.1266235224579,-23.2282548357516,3.7859770496129,-10.5224940129243,-2.65749636392801,-3.79279543594993,-4.49894467676621,-6.55787310177539,-12.8672447953713,-5.80459047549908,-1.25446534452587,7.90737812724062,-16.9220157786505,5.70368400806478,3.51001884069223,0.0543302268964685,-0.671983312405663,-0.209431359115655,-4.95002186384908,-0.448412770754799,2.28,1.0
38470.0,-8.28259503821278,-6.05333084534869,0.267702140121692,-0.121232652655814,0.103624059362764,-0.702272469279784,0.637127523411606,-0.701142790798394,1.64172712343167,2.77622233585119,1.02161285671431,-0.216861399880007,0.149104570989766,-2.16053161554458,-0.923657295601484,1.74997994171914,-0.504992310113446,-1.20822760248877,1.38590070353178,-3.24819533103811,-1.88845765054923,0.649679391803352,1.62212995469454,0.18920674130657,1.49728619859867,-0.200932030129863,0.847781559168887,-0.341779322247414,263.32,0.0
78935.0,1.30380047535771,-1.59284778663347,1.13393371199186,-1.03588431805898,-2.28726757857308,-0.354081243071525,-1.52405498285656,0.0542999680500136,-0.908224036422288,1.2424745472366,-1.03697554189501,-1.11718263606121,-0.427912086560348,-0.769688501578611,-0.126826281770506,-0.432255455454556,0.781070439662555,0.173305227123759,-0.0999526877788034,-0.238036761565168,-0.20616487482637,-0.238522607501154,0.0100055660319671,0.366118532342323,0.190036113969292,-0.200813586733916,0.0588450356021993,0.0441026848224575,89.7,0.0
68207.0,-13.1926709562391,12.785970638298,-9.90665002092758,3.32033688288942,-4.80117593230105,5.76005855618556,-18.7508891580107,-37.3534426378925,-0.391539743919107,-5.05250236713858,4.40680552357904,-4.61075647740608,-1.90948796970811,-9.07271093398351,-0.226074450896345,-6.21155748212485,-6.24814535335983,-3.14924669470095,0.0515761185277783,-3.49304991519446,27.2028391573154,-8.88701714094871,5.30360690376998,-0.639434802306313,0.263203123457008,-0.108876929971315,1.26956635541013,0.939407362758877,1.0,1.0
53727.0,-1.64927881611351,1.26397355628777,-1.05082567399718,2.23799063903423,-2.52788923751396,-0.889939993137591,-2.35525367110661,0.85465864123984,-1.28124261677782,-2.70501138232752,1.17447506014201,-4.38191956749248,-1.22666589816604,-2.95382425341893,1.99416119386347,-3.30425391022094,-5.58579436647491,-1.64370403169872,2.11863332532912,0.0874063699474628,0.679176431149171,0.731907051356776,0.333045475501739,0.392505235969248,-0.274197297543759,0.802348667525187,0.390808552793314,0.11214553148245,112.45,1.0
28306.0,1.23546171775459,-0.0611294643608973,-1.17877293918357,0.276673347101448,2.17223286119368,3.61203829076922,-0.419971430854217,0.845414451713916,0.170759720202003,-0.0249889010248447,-0.542127464519287,0.236722692868674,-0.22024769374882,0.194746936311078,-0.149344743456787,-0.099397048847769,-0.510404708704918,-0.0733733413867734,0.35896493968545,-0.00941570841142005,-0.174694794913202,-0.488424447637741,-0.139314424891174,1.01061696243936,0.887909749393816,-0.328166781420047,0.0226148354486637,0.0149685676498818,22.82,0.0
56887.0,-0.0754834663888726,1.81235458422751,-2.56698081016962,4.12754860722303,-1.62853157024518,-0.805895445766318,-3.39013454458215,1.01935326231828,-2.45125125188341,-3.55583492739064,4.31571103012142,-5.47980167679906,-2.11550315600957,-5.5887855765974,0.280108069299552,-3.50723062361012,-7.45709493793125,-2.32549168188332,-0.440434552920779,0.338598140549314,0.794372451897782,0.270471232297866,-0.143624140755259,0.0135659145316466,0.634203128800614,0.213693187250942,0.773625466697089,0.387434054572014,5.0,1.0
87202.0,-0.41982017420894,-1.15597800832635,-2.09251550244986,2.78675032975706,0.736296592040403,-0.167291965690249,1.60002746290919,-0.117426851332358,-0.796953814299879,-0.133950251206468,1.03303201224459,-0.284367998317494,-1.20827980965211,-0.429211904447448,0.248945360461687,-0.928921529997167,1.67998551904683,1.31533886586358,2.22616065557659,1.27535802653094,0.48063971759843,0.533516931196614,1.28464540597639,0.516131270391061,-0.60294109971583,-0.305023689896282,-0.0213631449369425,0.129096385608294,451.27,1.0
117880.0,-2.23846823259865,2.56436877536231,-0.57580589747956,-0.868106533799294,0.751351172890435,0.251597465623779,-0.249929623795135,-4.82063770214702,-0.437003144860073,0.473018955555597,0.837397829760448,0.139949015859642,-1.54085518631187,1.2648492135781,0.157325726950613,-0.852129488764803,0.349015396667461,0.467388841215104,1.38428068168072,-0.702532575978816,4.6929073006119,-1.12673799203723,0.017097419121537,0.717813555677718,1.24571384799995,0.550825547505543,0.518148687310723,0.203568827261361,7.47,0.0
110725.0,-2.61543498767658,-0.970436815641118,1.94303352730124,-1.38407954972596,-1.9334971366957,0.209108624030941,-1.26727088332869,1.04225758356471,1.23363241061019,-1.30589995133265,-0.755770052651414,-2.59832005216383,2.20747634017934,0.475960984812079,-2.06054969373923,1.492165707705,1.25156814709821,-0.59701690428848,-0.313206713498764,0.200748321347822,0.316319946279696,0.85784896559633,-0.456873457742045,0.0162235348461334,0.601332765235396,-0.0319891837175568,0.0028876348123866,-0.213291961419396,163.99,0.0
33124.0,-1.27536053659226,1.5651882441683,0.518564901937424,1.0221809154689,-0.273991643775611,0.789826934432466,-1.13230271113892,-1.87008955602858,-1.01310110792984,-0.447291839189472,0.699038231590229,0.335553382387418,-1.22687864685573,1.39602458498885,0.834349291921577,0.0565426132053745,0.131697228067952,0.586202671848606,0.486903250077801,0.600997013584721,-1.05475317935312,0.987085532521139,0.111618230573968,-0.340951044634437,-0.487625923141419,-0.253744942176873,0.313472918994447,0.154589112550981,25.0,0.0
44393.0,-4.61746102917986,3.66339525318756,-5.29744641020372,3.88095965427288,-3.26355091342907,-0.918546733700683,-5.7152620778107,0.831039550183167,-2.45703377841015,-5.72681709632961,3.52572598717089,-6.48911156043177,-1.01279063167124,-7.05231095228929,0.78444540329242,-6.77397674966222,-8.58807007314333,-4.51089174541971,1.14787783834912,-0.34645583270524,2.69817489528664,-0.0270808907137453,0.366775230313112,-0.123011441662663,-0.300456526768528,-0.239996239629945,-0.183463054061235,-0.0733597031884566,1.0,1.0
57163.0,-10.3630494651588,4.54367201286394,-9.79589773551539,5.50800333404763,-6.03715599427489,-0.133492972364907,-11.7243461176622,-3.19834557193323,-4.76784222430147,-9.33212806886128,5.2241240042156,-7.74312234505579,-1.56034320038539,-7.14041803349475,1.18597782557697,-6.59870406570123,-12.1205390025684,-3.90409153348034,2.51343040062446,0.924396179705582,-2.45714487251707,1.68725664165106,0.977178353536712,-0.543368976583511,-0.289124786926125,-0.107586425389056,0.330641897772597,0.163577149556086,1.0,1.0
70828.0,0.196706751987779,1.18975728641634,0.704882217511495,2.89138777331251,0.0455553693851548,1.24573045976205,-1.19871420021049,-2.42161641083942,-1.23208864617238,0.324238886093679,-1.27393508028395,-0.868686295319925,-1.18194465496857,1.0275841718551,1.68813234484864,0.256215978185418,0.120608339589106,-0.0523460171330233,0.329826631850516,0.646616407050903,-1.32813178943378,0.189310618105111,-0.00552418359572104,-0.814707739467747,0.400924279960331,0.286281378755055,0.135214945600326,0.257314769060283,0.76,1.0
64412.0,-1.34804164426498,2.52282067569291,-0.782432259389823,4.08304665188122,-0.662280329645865,-0.598775712530929,-1.94355185121781,-0.329578950885032,-1.85327422572214,-3.16213595485783,1.53319383793753,-4.63512694781183,-1.11357273401976,-6.4358707376348,-0.293191947937035,-2.84993079536978,-3.65425828769231,-1.18303413658687,0.831623853010765,0.348896285038196,1.07987140816824,-0.352026410347836,-0.218357652796912,0.125865683985355,-0.0741801756408069,0.17911552652805,0.612579819202836,0.234206089600607,1.0,1.0
56624.0,-7.90142134976781,2.72047248689249,-7.88593567244075,6.34833355148109,-5.48011903551053,-0.333059239585013,-8.68237644547782,1.16443107786426,-4.54244738562489,-7.74848004950582,5.26658587269696,-8.67967880327782,-1.1663656781569,-8.10797466085831,0.701364761025326,-6.28830575777651,-13.7531307979331,-4.32923927421315,1.50425021091709,-0.614719344485925,0.0777390506575033,1.0924365947863,0.320132727437797,-0.434642552856739,-0.380687072327338,0.213630359032603,0.423620329379796,-0.105168533503988,153.46,1.0
93879.0,-13.0865194204794,7.35214833905529,-18.256576111808,10.6485054461688,-11.7314764509112,-3.65916740569145,-14.8736579646075,8.81047267511276,-5.4182040716445,-13.2025771482197,6.35722736343626,-15.5316111795156,0.659694875353275,-11.4123295951252,-2.44757607431839,-9.83374302098841,-18.1746174349071,-7.269904593126,0.623796611777714,-1.37629840858733,2.7611570593153,-0.266161809571132,-0.412860724865388,0.519952215674181,-0.743908960008006,-0.167808225140728,-2.498300252188,-0.711066151912636,30.31,1.0
100924.0,-23.9847466495794,16.6978316913154,-22.209874815521,9.5849686202149,-16.2304387891461,2.59633265752887,-33.2393281671892,-21.5600394546929,-10.8425258685569,-19.836148851696,3.22323270290842,-10.8951335063028,-1.52345240330584,0.116303256118652,-3.09880532704263,-7.60642457511483,-18.1082610229766,-7.51186615794432,-1.24328515722898,5.80455066066397,-12.6150228644215,5.77408726884239,2.7502214496329,0.513411099654255,-1.60880380395117,-0.459624387540527,-4.62612660780224,-0.334560720645878,1.0,1.0
109742.0,0.127487363631849,0.260545635496385,0.207341512296702,-2.1028982752128,0.481324816647368,-1.22311048474914,0.756558544737327,-0.590059617204424,0.286980551575156,0.0952384233041533,0.461355142615332,-3.15999658382563,2.13360464357007,1.02714605473741,-1.32446439138914,0.843709967343605,0.487432583553819,-1.10294258282214,-0.694301079299284,0.152943177702637,0.378422977780446,1.56083220830759,-0.0727206743461085,1.14745303669507,-0.76373213857762,-0.336276292701574,0.26321054203153,0.0876997259219388,15.0,0.0
26523.0,-18.474867903441,11.5863805198184,-21.4029168131391,6.03851541556808,-14.4511581398683,-4.14652350569915,-14.856123673178,12.4311404723263,-4.05335328722588,-9.04039624894471,5.96620250720685,-8.46396612952571,0.0786921317878341,-9.09253265181295,0.0108220973904713,-7.1863755078292,-13.7974745003699,-4.95849390971089,1.32116655982617,1.5779244011474,1.74113559593371,-1.25113794883836,-0.396219126116475,0.0957055555718895,1.32275094272025,-0.217954564863573,1.62879253147016,0.482248274865402,99.99,1.0
81613.0,-0.282624046128528,0.983854905697702,1.16354556035531,0.704621153134854,0.344024782043238,-0.187646057328361,0.870099996514777,-0.0618507438159975,-1.04444699025075,-0.10469915360616,1.02605134307825,0.904684984464887,0.869949177186362,0.352949592766581,0.241150958864422,-0.0686198648583359,-0.609828485820639,0.619826972242506,0.8309092647109,0.147324883209781,0.21840925768984,0.630950415850871,-0.152052794073031,0.0406677100007041,-0.201055111680319,-0.336263240164645,0.16358632868959,0.155055829322746,39.99,0.0
91524.0,1.95485173775774,1.63005630331209,-4.33719968092597,2.37836729179698,2.11334786136033,-1.58385066673113,0.65374545254113,-0.192892012453504,1.21760825458778,-2.8290982053899,3.50456779253823,-3.9181998797616,-1.01579192974001,-4.7045087050312,-0.968553075532043,1.85477191713001,6.02439676670687,3.53125033477791,-1.1962847755939,-0.230640095367639,-0.474437304644058,-0.974624666273666,-0.0481545042172499,-0.0235242678879109,0.362192024107476,-0.570709266940076,0.0256187202949634,0.0818803891570235,1.0,1.0
45501.0,1.00199171536791,0.047938380305255,-0.349001552412107,1.49395843665091,0.186938875230095,0.190965634380865,-0.00111210422593577,0.147140194715723,0.580415339651519,-0.792937990748917,-0.984171728067149,-0.567380064895921,-1.10559224967424,-1.38121354248053,0.405490421163411,0.279890165223202,1.1321602098483,0.0929929763441439,-0.298920455435975,0.016003673251105,-0.334417439439,-1.01431467260935,-0.128427315817252,-0.946241837638308,0.456090274720588,-0.453205972393371,0.0466270924243456,0.0646983543716214,105.99,1.0
62941.0,1.41248114346261,-1.11455135830993,0.671438501894893,-1.30333688958637,-1.73184150651809,-0.888271146465301,-0.995525085090511,-0.204277982186043,-1.78953735480556,1.38365585783105,-0.381211625185453,-0.685898533476261,0.834667485664881,-0.429113223338446,0.728625999713708,-0.194602705453418,0.407923163513817,-0.108823515912311,-0.254319460223398,-0.209151592231091,-0.337494777051741,-0.712324493776842,0.134316483062828,0.344824470255912,0.125046159606232,-0.416039913248902,0.0360936325066146,0.0386331328631179,60.0,0.0
56635.0,-0.150065302278177,0.335865383641804,0.867653783929787,1.13104128199787,-0.0898395072833051,-0.00599107621875088,0.248892967513852,0.0551077476371473,-0.147184024528153,0.293412061962954,0.533947519546504,0.363100389428737,-0.643484011738374,0.243244880364936,-0.251937855573183,-0.681747175751553,0.220790868009348,0.365530340337849,2.34333278607247,4.31643068666547E-4,-0.0151617493284844,0.216249116316596,0.391854767673016,0.0203320151328064,-1.30981427545208,0.285178790036446,0.169384140163204,0.198774322553851,33.36,0.0
78737.0,-0.952914083923714,1.35879157288643,1.29700274511765,0.299903355004397,-0.342157258708937,-0.0327409259249347,0.338853214466347,0.415252426194859,-0.810560485925812,-0.375589000677832,0.917910720217373,1.11843974671209,0.887823723960801,0.375459039546546,0.168715837854826,0.636898609211065,-0.799895844781608,0.505858350802921,0.203919659881411,-0.156249222748459,-0.00595705348115275,-0.260325597406338,-0.043241492849669,-0.0342147360028198,-0.123426329059095,-0.686274619062693,-0.282427918135106,-0.016234072721744,44.99,0.0
30852.0,-2.83098405592803,0.885657038258755,1.19993009832405,2.86129223993172,0.321668777779154,0.289966026429405,1.7677604489638,-2.45104966190813,0.0697358066743391,3.24508640095346,0.675287853392807,-0.677096334427304,-0.222741128141729,-0.913786970583513,1.60333192308268,-1.0245020918608,0.0220452070437295,-0.940684674142594,0.484758940230455,-1.01692314354721,0.546589339675499,0.334970736976198,0.172105676221893,0.623590288019672,-0.527114316331261,-0.079214654387473,-2.53244529803097,0.311176714703215,104.81,1.0
48402.0,1.10911774303528,-0.321137373384393,0.168298062642976,-0.0418446298679864,-0.581392185766618,-0.727596475445611,-0.0225937736793313,-0.0503984434285322,0.407827895222711,-0.238101529169417,-0.219670189964219,-0.422725489426282,-1.35379705669694,0.599650093317731,1.46485895500733,-0.0037947706033729,0.0983936419951655,-0.923113019254006,-0.206504378335997,-0.0399288633440081,-0.173726565845259,-0.706567174448222,0.0909136369656795,0.0939021338296403,0.0222585684697018,0.873071642968329,-0.0945540309541464,0.0110546284027682,79.0,0.0
77171.0,1.11855963468941,1.29185826269199,-1.29880532614411,2.13577170090141,0.77220369761071,-1.14729144173341,0.390577698285265,-0.107072317539989,-0.0383392686455211,-2.15251889070952,1.35275258963919,0.092848590126307,0.273152694590986,-5.01220235869184,0.303552415334761,0.731437272149243,4.15208557256771,0.985358288437165,-1.22925431837217,-0.0235757902669068,-0.346373779572415,-0.663587986293548,-0.102325808556082,0.0179105750224893,0.650301613577378,-0.332365629546077,0.105948676665863,0.12812372864866,1.0,1.0
41870.0,-20.9069081014654,9.84315322329519,-19.947726046163,6.15578864849515,-15.142013159868,-2.239565648142,-21.2344631540976,1.15179506554623,-8.73967037069304,-18.2711681738888,4.67734929657245,-9.58356643737056,1.03516582361622,-8.19969002891841,-0.32651888245129,-8.37643882097816,-18.4854603221489,-7.58997395860914,1.1266403652792,0.396654845079575,-1.97719619445615,0.652931885295435,-0.519776859411322,0.541701730134149,-0.0538607606750096,0.112670774311131,-3.76537100922261,-1.07123831223447,1.0,1.0
118532.0,-5.96145725181683,5.31338185985134,-6.67432045600546,6.02897499089959,-1.38755992793501,0.670638451870295,-4.12898748860167,-4.76589378950457,-1.00525917075425,0.453505060416619,4.43173633655471,-5.14273660303602,-1.18169206554319,-8.7554491326517,1.00435568809085,-2.06502561211988,-3.26143516010375,0.12522332026716,0.936966154656013,-1.11658092121725,5.55664239133643,-1.50180765840879,1.35517244397724,0.141093214148711,0.0779134112043686,0.473988340387306,0.28712879038893,1.46865341855998,105.89,1.0
80451.0,0.0078855495429039,-2.59041372358201,-0.539503210769928,0.130065456583608,-1.45444415899567,-0.511532166438531,0.703001676659771,-0.426784282336624,-1.08656120044601,0.222646202524382,-0.011613659333239,0.823470065003716,1.39113722821233,-0.0134812976303591,0.139534579525378,-2.15073629823625,0.663975840099634,0.0333040009805854,-1.17331465381475,0.937721958201181,0.0315058944429623,-0.777138975206081,-0.557596957313351,0.515206329318442,0.10413206837671,1.02403024105399,-0.174303968427712,0.120481321277989,696.51,0.0
81939.0,-1.0928191772313,0.345149761195407,2.1856000637267,-1.03878027648918,0.8123846102724,-1.40633992523989,2.4107033574589,-1.8566356835202,0.660346001341495,1.13416644618968,0.680609304948225,-0.482888166015707,-0.435761453748419,-1.15479994988045,0.495044961998443,-0.425186164335639,-0.914792696435512,-1.28422961254198,-0.307368961196888,0.00356607291359029,-0.623825147870622,-0.897116420389288,0.0634037683787639,0.92625898640102,-0.505472667669189,0.209992269354708,-1.86864542535914,-0.992771386848574,35.97,0.0
46057.0,-1.3094413460044,1.78649494921925,-1.37107024042555,1.21433549160762,-0.336642221570741,-1.39011986486896,-1.7091091066305,0.667747590382643,-1.69980879955917,-3.84391103993778,2.96259879138962,-3.95604520140947,-1.53923191944683,-4.63463139323434,-0.248403490673103,-2.05855138409951,-5.63549400383391,-0.775271204300359,-0.23930965408033,0.253464129147281,0.533521286327158,-0.0221799534199139,-0.299555851230085,-0.226416167090146,0.364360460778096,-0.47510178544057,0.571426303828437,0.293425836896259,1.0,1.0
57713.0,1.1153316772837,-2.01845494977419,0.6884461910073,-1.25621363389616,-1.95566816927274,0.468630245695607,-1.51964275492149,0.238458319114372,-1.08824840729215,1.3704584957483,-0.115632837622709,-0.819796117537399,-0.581590594655853,-0.552373233501265,-0.728917856289348,0.0295804093333461,0.246566103806436,0.98784762754262,0.468930308950909,-0.00116935789275724,-0.147587373032473,-0.351866631200881,-0.195341918542793,-0.530073325008106,0.223407540190896,-0.176816132076108,0.0326214612817871,0.0432445554793538,195.0,0.0
37200.0,1.06594060474985,-0.0908733407261563,1.29098107864539,1.17363070846626,-0.690812635926154,0.601943495924255,-0.700950621773773,0.34311288676398,0.543373071616099,-0.0936936144422366,1.22449049271243,1.55512357677831,0.490914150694962,-0.24626317323122,-0.332447893021145,-0.0443970690658025,-0.252698885359393,-0.0850186691775593,-0.283852983530889,-0.117919036215068,0.0237406767586916,0.299954216243314,0.0047015883778107,0.0310919040699791,0.330706901953671,-0.398212714510862,0.0887838766987214,0.0259175147144448,9.99,0.0
65948.0,0.160228047768171,0.133661100732194,1.18155002019785,0.290577402802974,-0.0932488099725591,1.39250148326893,-0.599346679579169,-0.462472736676274,-1.57327549971412,0.48354585772952,0.841145900735575,0.886614892876519,1.24865538701058,0.222962955317556,2.07651091254669,-2.9891853668907,1.32354126093311,-0.886170224844829,-2.25763056270083,-0.59799827690477,0.529478373059168,-0.302269346840105,0.0756912656376122,-0.664421862080059,0.367126775184756,-0.19314824538368,0.28757879968317,0.225920984772509,30.0,0.0
8451.0,0.314596589729515,2.66067027657541,-5.92003738034463,4.52249960508858,-2.3150272861839,-2.27835165394776,-4.68405393631569,1.20227026523098,-0.694695511200349,-5.52627805985834,6.66243683071252,-8.52546492534563,0.742745446888019,-7.67866801029943,0.593070459066131,-4.47813659534324,-5.84426647937357,-1.1027307945783,2.17738568653903,0.562705643312244,0.743314023428983,0.0640383555765096,0.677841675250346,0.0830078227438395,-1.91103446375022,0.322188398435937,0.620866538820488,0.185030354728703,1.0,1.0
51914.0,0.813633718878522,-0.360185331103503,0.63543387298098,1.4882140437651,-0.911651039790008,-0.824022706145765,0.139139207382651,-0.189664925529814,0.129690107256936,-0.0429907464541027,-0.143412153400383,0.304707909464972,0.143074518726304,0.22865981135358,1.1201021203941,0.266526944860267,-0.447903545465201,0.100155526754533,-0.796927962474303,0.258490639323381,0.309254229610908,0.511617568620918,-0.257940172795148,0.73565745599664,0.507036112161151,-0.262699332470046,-7.86955759146457E-4,0.06491327972958,200.0,0.0
25198.0,-15.9036352020113,10.3939171427504,-19.1336024646827,6.18596883540498,-12.5380209157442,-4.02703044708406,-13.8978265981985,10.6622517826007,-2.84495398482036,-9.66878891236125,7.39441941053863,-11.6356300484755,1.42327692545531,-8.64045910049478,-0.674719538892936,-7.69556878829619,-13.6841395944616,-4.77740603940726,1.26834277321029,1.50156541071894,1.57754822493456,-1.28013712313136,-0.601294526869194,0.0404039214626868,0.99550197117886,-0.273742711729157,1.688135896398,0.527830799573719,99.99,1.0
13323.0,-5.45436177939673,8.28742055534983,-12.7528112729386,8.59434189301081,-3.10600228114338,-3.17994875686414,-9.25279393795831,4.24506220985367,-6.32980084623466,-13.1366983691039,11.228470279576,-17.1313009454468,-0.169401056814124,-18.0499976898594,-1.36623566099065,-9.7235653091894,-14.7449024646768,-5.24730110631125,-0.574675143795817,1.30586191483437,1.84616479291417,-0.267171794223081,-0.310803969751621,-1.20168545799806,1.35217609502433,0.608424596360403,1.57471478384204,0.808725205090233,1.0,1.0
8808.0,-4.61721720415581,1.69569365346656,-3.11437220079491,4.32819855298178,-1.87325699086527,-0.989908135538263,-4.57726462658038,0.4722161584519,0.472016953377646,-5.57602263642415,4.80232276125089,-10.833164469314,0.104303875698575,-9.40542306160986,-0.80747786866047,-7.55234220350747,-9.8025617903912,-4.12062883466552,1.74050729036196,-0.0390459343384186,0.481829697240067,0.146023056445948,0.117038527549065,-0.21756459883966,-0.138776043706563,-0.424452881068275,-1.00204142597227,0.890780287970655,1.1,1.0
45995.0,-0.6594599838704,0.819766499849862,0.966881997910516,-0.428769963864172,0.784236726435778,0.150363697148082,0.57569419973632,0.101180091305033,-0.557050671307838,-0.0402211302671061,0.179791620203507,0.45771060557428,0.702055371799225,0.116141939020312,0.213909117596704,0.766307969282477,-1.1802534067573,0.524988497902228,0.832800689483851,0.141717318655844,-0.256830275774513,-0.674546676853295,-0.0156130713294542,-1.04010953539877,0.00972191801569733,0.131432968904029,0.155237515646279,0.0755258516447615,8.94,0.0
115691.0,-1.55027271502021,1.08868850191044,-2.39338766218981,1.00873271714408,-1.0875618874048,-1.10460238189499,-2.67050327670088,0.147654676391109,-0.978625549290056,-3.51413330486723,3.58604242366444,-4.05335784837839,0.862426024955809,-5.76582302154173,-0.507511029549388,-4.92186514350783,-9.56726769048681,-2.77297411117016,1.71709526842855,0.327490457262181,0.802316031461701,1.03710478869922,0.0958154204904633,-0.320190913384423,-0.0807306312824349,0.0910116872058309,0.0249284934943241,-0.0778199786198624,17.06,1.0
35953.0,-4.84437152213983,5.64943864783758,-6.73039574613665,5.25284201867297,-4.4095661499774,-1.74076745609347,-6.31169852901067,3.44916731253577,-5.41628435913526,-7.8335555711125,3.6573495649865,-7.7814479532704,1.50772042676786,-8.60475886835984,0.0105926875670707,-6.55397325691037,-12.6243936527694,-4.98990973846596,1.64541389333247,0.284555090358885,1.19488835625662,-0.845752531858704,0.190673885417928,-0.216443252531192,-0.325033100382822,-0.270327592956951,0.210214051535782,0.391854886292055,111.7,1.0
49433.0,-0.442514628290821,1.2738366101079,1.90062586646917,1.83596492177167,0.466908268606952,-0.422505969594679,1.08048781917418,-0.329017250809737,-1.19423330893162,0.54010384775487,-0.524312751232596,-0.311157607408427,0.21646396968815,-0.0922044861831642,0.247255933153332,0.461791928294568,-0.709567340794167,-0.367220152766849,-0.741197893358672,-0.0180413047979822,-0.145623301935318,-0.383132108386911,-0.108743380004789,0.343835036679925,-0.14242512081768,-0.270698233490437,-0.252028942441819,-0.156216041595493,15.62,0.0
116667.0,2.33376097988181,-1.46345896743147,-1.45835426224426,-1.87661239041677,-0.717376259102881,-0.0087824627371622,-1.13978300791701,-0.0488720662145432,-1.31045326816761,1.76628894493996,-0.626763733707304,-0.863963339436981,-0.0558453364708114,-0.149813324728547,-0.756644598111336,-0.00804927108994061,-0.186127165177158,0.861012064923894,0.672667620092018,-0.411026227517894,-0.207868762512549,-0.147641575299263,0.0466955375427876,-1.41878849647493,-0.0399144492823152,-0.0945494760055191,-0.00252258117752027,-0.0749207969249919,25.0,0.0
34984.0,1.11891603183027,0.0458000183258823,0.393166514574817,1.29152876316704,-0.221615938493916,0.111413775836354,-0.134508391656271,0.216521994257682,0.25678393634526,0.0874116665425923,0.905650998105832,0.425268014705484,-1.70445921109315,0.558826537669536,-0.630658733626833,-0.455874351008042,0.0969400696228343,-0.298938432260353,-0.0673847495291111,-0.27231961186906,-0.066781730485608,-0.0669945038229942,-0.0578180067838499,-0.00202915401553214,0.582710857933765,-0.325215408166171,0.0261177724350783,0.00282122115389858,9.46,0.0
40892.0,-2.14051149219032,4.10487145129475,-8.99685940156949,4.02839095079544,-5.13135934640223,-4.15356844523859,-9.36009513383968,1.92207487977653,-4.02618037499445,-13.6913151328525,9.09528815249629,-14.1681208819376,-0.140455389751523,-17.6206343516773,1.48274041096936,-13.2568330912778,-21.675483501012,-7.82346881553754,2.9951111673215,1.72557761649372,1.85426666080646,-0.165533725878965,-0.339938978813788,0.296313762529247,1.36422533027428,-0.518995630979066,2.35233346525926,1.13062483533989,0.76,1.0
75875.0,1.15560800395134,0.228341500933868,0.374397272068709,0.579648115304042,-0.265797102191764,-0.404949835211973,-0.120051151583297,0.094330923478037,-0.177023691962182,-0.145078891036763,1.95891997644396,0.837654339550864,-0.361846033959728,0.0386985505944402,0.679707692962147,0.344321265423849,0.121702505472049,-0.264008328662741,-0.340718852042751,-0.136685810426608,-0.200083720684501,-0.602360472164824,0.17688341202601,0.171726892288406,0.0709258383649012,0.0955671058851285,-0.0130695236331927,0.01833072547036,1.79,0.0
100223.0,-19.6418567335974,14.7063346696674,-22.8012376947782,12.1146718424589,-14.898112530969,0.840777704221173,-28.0112929096778,-11.9196388199434,-8.9609216998511,-18.9132433348732,4.971248707036,-12.6863075224956,-1.07144311342478,-7.38337003956967,-2.99243029925503,-8.58230865037102,-13.8065681285297,-6.00035879778826,1.42263161326029,3.83464904792346,-8.22887409813848,3.31817776987025,2.58521234602075,0.195008569338351,-1.19480304002391,0.0384229399473607,-4.12674625203028,-0.645329219040983,2.28,1.0
39993.0,1.46621225137932,-1.21187545341354,0.770859598457429,-1.35367277574518,-1.78863925554743,-0.380584132696286,-1.44051877170359,0.083361480683039,-1.37058112033425,1.43027675018173,-0.549471695484524,-1.62208378301251,-0.940239569701455,-0.17113596817046,1.2557169621982,-0.373146092825852,0.738640718038707,0.0406035048488927,-0.788494587862363,-0.460870033011103,-0.0538901763857832,0.236207918321642,0.0524710748393648,0.0244929715434493,0.218635036465389,-0.0677528207163432,0.0597834200682068,0.0195134843999625,6.0,0.0
49702.0,-1.42615290337022,0.172888633758884,2.83073815380558,-0.115988116052163,-0.0590846689685846,0.403970586084502,-0.702913936789638,-0.451965195260593,0.250799693332101,0.0319548730463359,1.32019453762135,0.131027734328032,-0.794928461922806,-0.132013611435957,1.16045228923423,0.585260845157024,-0.596720303938694,0.722984103557907,-0.448070171382881,-0.0904153201115024,0.974597550818131,0.665521563885895,-0.300448862454201,0.0412842919136608,0.0449912213984403,0.52285019395229,0.273910235377736,-0.124693738943676,24.4,0.0
67401.0,-1.14569748831638,1.2598821038614,1.30459275625285,-0.299988507834462,0.132171665744171,-0.168315628512671,0.474724509610822,0.198065825863621,-0.207408275513461,0.546830019486701,1.58380946863436,0.771521800725247,-0.0120935152240476,0.175354348093613,0.43953977571246,0.0522875947512396,-0.397376622844693,-0.352822540177376,-0.10133026082302,0.278208550316882,-0.20665352391938,-0.400583623322941,0.078729636378387,-0.0078123675032807,-0.186765993352943,0.083608274018617,0.369143145405285,0.229544163654112,2.28,0.0
77544.0,-0.989838960089615,-1.17147792088343,1.00116614009207,-2.70073093935232,0.542850995323294,0.0835886878866303,-0.28770295032852,-0.0627291202699048,-2.22204490353958,1.47882117239726,0.354671756856561,-0.474991546374331,1.15711431319395,-0.715798931759215,-0.483419719790839,-0.100368292494469,-0.340411858124632,0.383774801361802,-0.411924523104849,-0.243943377395465,-0.2281291261479,0.202067627016155,0.477756452200196,-1.18354374153817,-0.0861642566002304,-0.339026087863719,0.210955499812225,-0.107305287569756,10.0,0.0
28883.0,-0.630670014170577,1.28919801342495,0.555655720754354,-0.0830759579473063,0.0371647254857041,-0.567539079645563,0.30196440911968,0.450814937524261,-0.388844222370989,-0.715537850195402,-1.24359900811212,-0.614619269507928,-0.457738959773935,-0.00693892322762465,1.002548635885,0.787123251076651,-0.0836985385339231,0.271841564143788,0.22431239253332,-0.00584878102215651,-0.282168089076536,-0.919432081500498,-0.039690893808125,-0.529928422829613,-0.0484851044054537,0.128831095041811,0.112010486429814,0.0257614490966603,9.78,0.0
51155.0,-11.2054613927303,7.91463349246877,-13.9877516388388,4.33334117975523,-8.48496952268505,-3.50656117309394,-8.93524303241605,7.70444915069923,-2.33658417970129,-5.92735916911943,2.47040101557896,-5.7885170305197,-0.391939257057427,-6.52746224116063,0.899859362283244,-3.84729284231041,-6.70063744821132,-2.49261610727828,0.469554313978012,0.860911741764656,0.942593331002491,-0.987848114682141,-0.279446305433771,-0.0272992246723051,0.644344195524188,-0.263077923082484,1.08402252771111,0.211933356664813,99.99,1.0
93860.0,-10.8502815883108,6.72746568826853,-16.760583409542,8.42583167857118,-10.2526968683093,-4.19217104406337,-14.0770860104531,7.16828793346092,-3.68324217370244,-15.2399619587112,8.03070840755191,-16.0603057628826,0.270529742348469,-14.9529810390579,-0.241094883743813,-11.866730636746,-15.4869899240937,-5.74865155747378,4.1300314273319,-0.646818272966729,2.5416369467068,0.135534921100722,-1.02396689219897,0.40626452579196,0.106592778669641,-0.0262323892202069,-1.46463002356247,-0.411681819907858,78.0,1.0
2112.0,1.25508563555351,0.272790098544826,0.2826726676438,0.70455954571712,-0.471916471878074,-1.09993043540149,0.0111197565497879,-0.140339811456702,0.201878058044779,-0.249896780526223,-0.256753332406372,-0.360030079968285,-0.892989606725595,-0.0647734943623432,1.21672174733809,0.53098475777375,0.0587419384062146,-0.161935270622676,-0.190985102216201,-0.152055918786965,-0.300340264139861,-0.921623862665644,0.142634658485228,0.314745132036562,0.178141377976713,0.0981317434770603,-0.0304238678122093,0.0284554789670908,1.98,0.0
37370.0,1.1735356224736,-0.00610555624689805,0.644951897795157,0.93933278490236,-0.782262699773354,-0.912186770392057,-0.0250653623007374,-0.133527687355619,0.519229801211366,-0.186922192799737,-0.459082369919094,0.304693617171116,-0.616797219229422,0.05905366539746,-0.175600432137693,-0.351559831612842,0.182006306064359,-0.753042744418878,0.0927459655995306,-0.12784472442968,-0.205547030133926,-0.476755215617693,0.0433579410918136,0.730097062448266,0.385740467407741,0.248945945729355,-0.0286863443902309,0.0181780744381556,24.91,0.0
44412.0,0.728840391199103,-0.699820715434979,1.28912579650293,1.63115857512791,-1.02153979992887,0.819224086285172,-0.616161466281898,0.34759460909556,0.779345236212238,-0.19834561960629,1.07361707680854,1.75663156603777,0.46760454869362,-0.516230780761559,-1.22681417459461,-0.449904437717966,0.0972568793612036,-0.0820600359576134,-0.328219763741369,0.183335392593868,0.304663682065042,0.92603147460703,-0.283974382684185,0.301093201440415,0.521760737586099,-0.134151506515121,0.0686507338289506,0.049569559018115,166.96,0.0
94362.0,-26.4577446501446,16.497471901867,-30.1773174564996,8.90415677106517,-17.8925996927224,-1.22790388102871,-31.1973285494605,-11.43892041491,-9.46257260540015,-22.1870885620007,4.41999660154863,-10.5923050053728,-0.703795803703315,-3.92620731586873,-2.40024649210124,-6.80988994039049,-12.4623149481086,-5.50105078380738,-0.567939572890149,2.81224110932946,-8.75569832116533,3.46089334478551,0.896537503959012,0.254835536763482,-0.738096558530353,-0.966564233789852,-7.26348214633855,-1.32488430656137,1.0,1.0
10991.0,-0.291467109715578,0.848939237641923,1.85325945910179,0.0579203681148648,-0.438931364449271,-0.59737301698046,0.200132571529306,-0.201451190077633,1.10138936654288,-0.656723392143463,0.57934538299488,-2.49477389658193,2.18284890307437,1.31840747490638,0.63762398594322,0.0840441509727263,0.503038813997015,0.362604255077979,0.402474335230219,0.037224418700159,0.0762640263444771,0.488248384461216,-0.0767961552991336,0.429956419255506,-0.734458489262292,1.01107307995859,-0.056456064747675,0.145632806098899,14.95,0.0
80513.0,1.05106624844451,-0.122236350162004,1.36665893310333,1.22694736723662,-0.83659758580372,0.471974291942543,-0.731079388147837,0.358833415246874,0.606315180236158,-0.0790480455242779,1.32188152715775,1.35243024321528,-0.054049133760899,-0.132633573528939,-0.291670532043669,-0.0805796591471849,-0.148758688554932,-0.0897662331954874,-0.3580281065881,-0.15719718857204,0.0314285465682999,0.29619873873576,0.0362649330411671,0.223395922813021,0.28600663918595,-0.409276976623404,0.0857269838355297,0.0269128475517897,9.99,0.0
20332.0,-15.2713618637585,8.32658106147414,-22.3385905133352,11.8853128922128,-8.72133435613386,-2.32430694897567,-16.1964186599881,0.512881820424485,-6.33368515594745,-13.175198078736,9.93981974172569,-14.2254557039818,0.716033665192873,-14.0047761755606,-0.329447848153274,-8.0594194070953,-12.1220088158237,-4.79971013254961,0.686227163597458,0.993121017282391,-2.3568962794623,1.06801917704623,1.08561716724338,-1.03979707801119,-0.182006136246673,0.649920860777984,2.14924707788821,-1.40681133211222,1.0,1.0
81372.0,-0.88525408859895,1.79064923163963,-0.945148961205205,3.85343274655953,-1.54351007486649,0.188582114329739,-2.98838275644296,1.34405855095688,-2.29453470924744,-1.88617599041763,1.90428359307622,-4.00241403073237,-0.936955588407958,-2.80191542309724,0.798328052783254,-2.34873992555213,-6.42673430721498,-0.827308425201024,1.73238175785046,0.370040520565647,0.746159905151139,0.550802011985416,-0.0348823420887786,-0.56760840448119,-0.528317952733951,0.258782456503747,0.506892694941992,0.176735548819463,7.57,1.0
19906.0,1.30976656546954,-0.630299639593942,0.707058959245492,-0.197860677008098,-1.1625096698288,-0.523393492867465,-0.815326854381737,-0.0382956301840791,1.06841008818713,0.120434005563671,0.581158459633814,-3.53965588253622,-0.07000811126473,1.35128632848367,-0.81304227039839,0.239829200705915,1.90517498638157,-1.84325739592029,0.262951749544992,-0.126634978877731,-0.136074661987494,-0.123411574098265,0.0601570074157138,0.333401124513291,0.35774698535639,-0.269256929397843,-0.0088514208852375,0.00496679887036583,20.0,0.0
55279.0,-5.75385192191905,0.577609830544052,-6.31278151817008,5.15940136394611,-1.69831984974091,-2.68328644007023,-7.93438913772177,2.37354992013064,-3.07307886895315,-7.14513662527302,6.25006758982915,-9.15082268467043,-1.37614146959781,-9.98258470738767,1.2022169675584,-7.56504249195105,-13.691474448179,-4.36686728138342,2.18142273556017,0.0175000205275833,1.17785240817647,0.175331359039045,-1.21112332108691,-0.446891081681294,-0.405520352964176,-0.165797490498776,1.50551591304239,0.359492050360598,1.0,1.0
43989.0,1.16902864951168,-0.0923342603222301,-0.256330949702179,1.1827819711172,0.173442912154396,0.148350282061349,0.129896721821379,-0.0154143066540988,0.560793470015171,-0.0768286832982305,-2.20989786062637,-0.641883956988222,-1.03288824023535,0.204174386239042,-0.105225692117975,0.0422293140095875,-0.454201626847091,0.0866412782246595,0.503670533890439,-0.0446727875250084,-0.192193092966416,-0.562505302755188,-0.312700680303144,-1.02472472134945,0.857008056186792,-0.259285139312288,4.87882965140979E-4,0.0150357188742338,79.11,0.0
28658.0,-28.5242675938406,15.8769229879536,-29.4687320925264,6.44759140152748,-20.7860000418837,-4.86561341755669,-19.5010840750712,18.7488719520883,-3.64298981925263,-7.93964241937325,4.18467368942509,-5.83507521523889,1.21595964527928,-5.33014378246253,-0.118631138153322,-5.36777527618834,-11.4317569116986,-4.69692444373293,0.69268841200477,1.7068890619925,1.80576978392608,-2.11937616760819,-1.31744962200248,0.169845630469178,2.05168733506275,-0.210502000459411,1.30173396497076,0.380246181418509,99.99,1.0
76857.0,1.14020795371139,1.15643107873873,-1.47157796740819,2.07627840454674,0.774809058745551,-1.00253195191231,0.264947929409663,0.0131622605764724,0.248835339320523,-2.10066651278309,0.763204840843787,-0.94491647902938,-1.41903447142202,-4.68361969585018,0.51928230124953,0.908454083367609,4.13366666889167,1.30620452511785,-1.09471647432252,-0.125097258302807,-0.387894980568907,-0.866811936205838,-0.121582639900783,-0.356108586349469,0.634572810783188,-0.306311023397994,0.0940868179231164,0.121064728484123,1.0,1.0
98451.0,2.05721966696172,0.160135905603435,-0.893507392521533,0.598331595230333,0.0939678234176217,-1.04677924267258,0.177999050041784,-0.473821437466404,1.60086802408607,-0.349317867076666,0.509278398421152,-1.26129963983512,3.17980230648589,1.42127779941547,-0.812407704438018,-0.262427912450949,0.416067637692378,-0.866700862130834,-0.139040355816363,-0.178756989526527,-0.416760814814363,-0.740605453035703,0.340783099229708,-0.0337215057919361,-0.286564054549102,0.157484152156903,-0.0846531882355907,-0.0636993999475926,1.98,0.0
90676.0,-2.40558049004183,3.73823496480673,-2.31784304058402,1.36744244056479,0.39400112765787,1.91993798476143,-3.10694204753682,-10.7644025337266,3.3535248599039,0.369936028027435,0.382172176843061,-2.26293253493218,1.21060458321664,-1.88061870491121,-0.934160416330735,0.235476804417352,3.32156931100987,1.90627082950488,-0.581355690647057,-2.14087382269319,10.0059980130045,-2.45496409501601,1.68495694696092,0.118263083149952,-1.53138011163519,-0.695307571119466,-0.152501562016877,-0.138866256312262,6.99,1.0
7610.0,0.725645739819857,2.30089443776603,-5.32997618300917,4.007682804682,-1.73041059025206,-1.73219256822244,-3.96859261813707,1.06372815344105,-0.486096552344833,-4.62498495406596,5.5887239146762,-7.14824263637845,1.68045074096412,-6.21025774661028,0.495282117814298,-3.5995402092184,-4.83032424210571,-0.649090120211694,2.2501232487881,0.504646226103286,0.589669127323198,0.109541319229913,0.601045276521079,-0.364700278220039,-1.84307769215194,0.351909298434892,0.594549978086464,0.0993722360416487,1.0,1.0
15817.0,-4.64189285087538,2.90208643306647,-1.57293870931742,2.507298518227,-0.871782564349351,-1.0409025722626,-1.59390073966645,-3.25490508581579,1.90896268593707,1.07741752106048,3.33850216040272,-6.54261034532574,1.09953638182128,-3.26647554459315,1.01472790444294,-4.84238307827835,-5.269876299726,-2.34466857415508,1.95922405409272,-0.465679220344122,1.96359666634146,-0.217413915973245,-0.54933995583883,0.645545202036521,-0.354557818794591,-0.611763845006479,-3.90808047547799,-0.671248265147117,11.39,1.0
44532.0,-0.234922308660103,0.355412643473604,1.97218278594888,-1.2555927126284,-0.681386509254345,-0.665731671302037,0.059110489686438,-0.00315327709103439,1.12245113562848,-1.48124586053984,-0.473852105914046,0.9221844195147,0.913513839827119,-0.499349578859305,0.933898442932603,-0.560471962989049,-0.207706529097452,0.380541571066627,0.574335960915453,-0.0034694628125566,0.220670430492642,0.912107214037724,-0.286337679755902,0.451208246513352,0.188315252003614,-0.531845781256926,0.123184687838547,0.0395806345060398,1.0,1.0
61333.0,1.1488859488679,0.222821092049056,0.361406331847952,1.00610325686339,-0.193982066639525,-0.309213299322922,-0.0164027953137386,0.0858348824920036,-0.172514648423333,0.164423526577063,1.57129393289057,0.601226209363783,-0.947983354936214,0.785852041077424,0.54412410974996,-0.0691649381201768,-0.278519898624833,-0.0736153424976682,-0.50991514766061,-0.228635663328895,0.10920172348871,0.326623188184512,-0.0445612493447212,0.214388390527094,0.531361486430935,-0.325774188078994,0.0219521172836567,0.00661073809120538,1.5,0.0
91554.0,-5.10025566317088,3.63344238024837,-3.84391862443125,0.183208447320966,-1.18399737637674,1.6021393332506,-3.00595315203476,-8.64503780175356,1.28545810732477,-3.71748137540216,3.71921153916465,-5.03402974701745,0.918999158233287,-4.22036591807154,-1.05049995739584,-1.69104526842648,-2.37242320724166,0.450098503348706,0.407805060819919,-2.80630192287329,8.28043932580154,-2.79714954096118,1.09070659271567,-0.159259597476933,0.532156369375709,-0.497125808167425,0.943621624807946,0.553580691756943,261.22,1.0
41607.0,-18.2475132286673,8.71325017095966,-17.8801268207974,9.24945923683651,-14.5412125237225,-1.91156359308197,-18.0146601306809,5.52216218981207,-9.28392451240577,-14.5571590528859,4.39243558567834,-10.3800731219167,1.61182090128819,-6.91763950579126,0.158841037400664,-10.3282423879882,-20.2545556896053,-8.53452256380618,3.25653448060821,-0.526368288315335,0.598842606268504,0.615318868165234,-0.486498927270445,0.739268468431111,-0.236844752247958,-0.0460816699541002,-3.01147328474912,-1.02214746628442,53.95,1.0
696.0,1.14738017450537,-0.382257478983073,1.13552198366418,0.119208924816804,-1.00361459575882,0.0261608767731693,-0.711777380154491,0.145658887955223,0.999926859476884,-0.456159693835547,-0.327009143058888,0.846270752736943,0.623064587614193,-0.531520862105331,0.486984418812784,-0.155728167971816,0.171572261386321,-0.906772471509091,-0.134673375441277,-0.0304148790146053,-0.0755275501330605,0.00693541834979761,0.071129882566712,0.179123126550029,0.0536552288394702,1.01615522906814,-0.0165337671330683,0.0167077201562805,22.61,0.0
37942.0,-3.39895719476704,-3.46904157419697,1.836553822767,-0.0791550962114892,0.473893379499672,-1.34101580813556,0.118803703076771,0.19186383659738,0.512067772501488,-1.18129959967302,-0.779182527764978,0.672574867808358,0.911432867603575,-0.633046575608751,-0.363575624340308,0.357141091198757,-0.402850409466899,-0.145876779393881,-0.557032502321157,1.86292827682277,0.423378885168945,-0.162539757240794,1.49022300726184,0.392373280520742,0.248686109706711,0.832636662165638,0.00147002930537139,0.241941576055089,500.0,0.0
64243.0,-6.31267997772064,-8.21813285918329,-1.15136691587109,0.60873121260873,0.62089473064197,-1.90424039011409,0.38303782807869,0.596761811426704,-1.45031561818792,-0.434472205935943,0.719180120908273,0.427679682859919,-0.536257930256026,1.04112587944731,-0.85388037624917,-1.44753351082427,0.39090434600922,1.36471116926464,-1.50956149460478,3.13303413200925,0.850291432190644,-0.735305818579218,2.28556200114637,0.167079881023096,-0.42025786311159,0.751481629697631,-0.00606566108717516,-0.6719387386096,956.0,0.0
41237.0,-10.2817840384715,6.30238478416897,-13.271718028752,8.92511547634157,-9.97557831146449,-2.83251346361162,-12.7032526593299,6.70684583868978,-7.07842395823848,-12.8056831898117,6.78605830197451,-13.0642398936784,1.1795245105938,-13.694873039573,0.951479176238826,-10.9542857275047,-20.5835927904158,-7.51726213169106,2.87235363605874,-0.247647527731929,2.47941350799644,0.366932842343897,0.0428046480276363,0.478278891799746,0.157770817898023,0.329900959238367,0.163504340964582,-0.485552212695879,118.3,1.0
70071.0,-0.440095203221886,1.13723897606434,-3.22707975693117,3.24229293383089,-2.03399815309639,-1.61841464754635,-3.02801259904704,0.764554819893569,-1.8019372093973,-4.7117686842189,4.66325458481107,-5.17173460782892,-1.62407024790733,-6.71387819491558,0.607986267670607,-3.27520749888835,-6.8238312134789,-1.35530868624906,0.291250739005026,0.895840844006848,0.764186724577691,-0.275577693085964,-0.343571526478397,0.233084829252444,0.606433640125543,-0.315433462199896,0.768290751269875,0.459623327730251,227.3,1.0
59420.0,1.230873374594,0.162339280591762,-0.358458718532457,0.769424870933309,0.558736255667323,0.31533655136649,0.154540323907687,-0.0113786793375767,0.0784313742945402,-0.0421523766488878,-1.43229796163394,-0.214238104218735,0.177806833191014,0.351856476896025,1.28399085663523,0.171719120197213,-0.652528394737036,-0.13046753141052,-0.212554666071548,-0.0610853662173353,-0.0159195115762366,-0.039713200719182,-0.273284902433673,-1.31544996517259,0.786794878245125,-0.215521554184778,0.0213199734703695,0.00885118122111462,40.0,0.0
59333.0,1.23929497485835,-0.241326619774327,0.199628914378533,-0.440719836725705,-0.563541441465529,-0.630078163154738,-0.231878465695662,-0.051892632114631,0.190201033415232,-0.0514535644454448,1.07781331141979,0.558963124359308,-0.243842972214349,0.398363718229923,0.506285667457298,0.555147520932252,-0.623295168315641,0.335204407302724,0.447803959377362,-8.70490499609403E-4,0.140014820491759,0.358769215397949,-0.153387121587212,0.121379705599913,0.353699691511376,1.46275012724284,-0.112364465143112,-0.0133307455946434,28.8,0.0
67571.0,-0.758468652663917,-0.0454102784513458,-0.168438290153528,-1.31327481447103,-1.9017625315847,0.739433414882114,3.07189204639003,-0.483422244220096,0.61820276215476,-1.7690597207318,-0.651414013964987,-0.00542329080098884,-0.517194341398293,0.217469760178719,0.883558824493356,-1.17397764863161,0.24334710955825,-0.342300728238465,0.68705620239513,-0.0324998988871344,0.0426194565214976,0.397223782011498,0.0722288654476503,-0.242275996603303,0.560916469624214,-0.540954584325348,0.150606446374032,-0.117140114799884,549.06,1.0
64443.0,1.07952397806913,0.872988038728802,-0.303850487243895,2.75536885087579,0.301687623167546,-0.350283737195093,-0.0428479677130716,0.246624608381391,-0.779175595769242,-0.157696445821874,1.92856763203456,-0.935863286411531,-2.43144644518658,-1.63347202401986,0.534336652706283,1.42560550367097,1.59352878606579,1.17846784575361,-1.56869755794851,-0.252115099030468,-0.023254784527163,-0.158600833910515,-0.0388061577093773,-0.0603272546840962,0.358338898397498,0.0769835703935526,0.0189358319830432,0.0605741494833015,0.0,1.0
79628.0,0.968574421536831,-0.0459788440054994,0.391969194200049,1.2003108898511,-0.317164235180862,-0.186017811684486,0.0360240965125948,0.0767078512995344,-0.228515584668761,0.164639529491873,1.60391534247183,0.760518331392006,-0.562478701526141,0.679252927692532,0.535786684937519,0.027048546346177,-0.340743881700419,-0.0144780205467716,-0.644828363068799,-0.026558102100519,0.209200133547668,0.434440159149581,-0.136574807212612,0.219191366182615,0.495930456129059,-0.288316558083776,0.0120486175430487,0.0242688963168276,89.4,0.0
44210.0,-1.62835131660459,0.637891299226278,2.15615995483317,1.14526764372512,-0.988352362975351,0.229890181530695,-0.188977723158482,0.658267292347217,-0.0297078664588053,-0.519199964864952,-0.388506986705901,0.266919356896065,-0.0122643357282599,0.0115964819498989,1.10945313476479,-0.368268787160717,0.451882502427601,-0.0451736278474332,-0.0586846225031554,0.0297007817024517,0.230981658654448,0.770270556414983,-0.317231762539209,0.436658815524172,0.272646363975532,-0.108845262644029,0.235444993143482,-0.0446091520235935,97.51,0.0
8169.0,0.857321003765953,4.09391182702914,-7.42389358948559,7.38024451788662,0.973366022888688,-2.73076151658057,-1.49649705633444,0.543015172692922,-2.35119015933267,-3.94423849794435,6.35507773663404,-7.30974798382371,0.7484505505775,-9.05799252943745,-0.648944909074786,-1.07311652692728,1.52450091526025,1.83136353283608,-0.0897244112241547,0.483302650495284,0.375026285129017,0.145399853347782,0.240603265009756,-0.234649222710157,-1.00488094720044,0.435831916241838,0.618323805168482,0.148468944379397,1.0,1.0
11092.0,0.378274504006009,3.91479678866992,-5.72687201536627,6.09414095882864,1.69887526405022,-2.8073139468834,-0.591118212837213,-0.123495593086659,-2.53071281390832,-5.15309460989926,4.65408842254301,-7.83953899762349,1.37181858033581,-9.63468971263612,-0.739596855842826,-0.663203945673478,0.891934540534899,0.978675639075006,-2.00547660274646,0.440439440893876,0.149895683076911,-0.601967245529085,-0.613724335539499,-0.403113687819411,1.568445255978,0.52188393400233,0.527937749881352,0.411910405834512,1.0,1.0
87110.0,1.96983059271136,-0.790869339577548,0.18795338069309,-0.841301179830301,-1.34592999551853,-0.424004487897383,-1.2190311037889,0.176421722755155,1.60391888134628,-0.214734534908612,1.17296040318428,1.0117284935784,0.029134659011575,-0.0225386492950978,1.15446144531811,0.863078440299351,-0.936830306874888,0.854330941838741,-0.00473695461097466,-0.168734701900332,0.295195811152914,0.970487345238709,0.269560755455941,0.0714030389305812,-0.659381596657651,0.63505592778932,-0.00739037560130315,-0.0494430884449265,0.05,0.0
6986.0,-4.39797444171999,1.35836702839758,-2.5928442182573,2.67978696694832,-1.12813094208956,-1.70653638774951,-3.49619729302467,-0.248777743025673,-0.24776789948008,-4.80163740602813,4.89584422347523,-10.9128193194019,0.184371685834387,-6.77109672468083,-0.00732618257771211,-7.35808322132346,-12.5984185405511,-5.13154862842983,0.308333945758691,-0.17160787864796,0.573574068424352,0.176967718048195,-0.436206883597401,-0.0535018648884285,0.252405261951833,-0.657487754764504,-0.827135714578603,0.849573379985768,59.0,1.0
28726.0,-29.8763655139763,16.4345245512223,-30.5586968214292,6.50586178736296,-21.6656542956569,-4.94035632949796,-20.0813910746494,19.5877726234404,-3.59149104711596,-7.80059820772759,3.94783971729026,-5.4879114860488,1.36994034924206,-4.82955244300835,-0.134412095441135,-5.12116240451142,-11.1181904509172,-4.65995586983801,0.608930080519071,1.72477883837961,1.81295397464878,-2.23225158753151,-1.41280344282556,0.178731069561437,2.15604185816706,-0.20938462411377,1.25564890085966,0.364530452975509,99.99,1.0
51419.0,-1.13738400968806,1.07746802363932,0.675936744508788,0.371898680443067,-0.128626539088317,-0.514519455723418,0.769434961502489,0.071492106440291,-0.324724250903971,0.18810384050726,-0.255907507011221,-0.458049218630517,-1.00168623324762,0.577430043349435,1.38646006458653,-0.46509126744388,0.339089118130415,-0.965461994389125,0.512074706515381,-0.174225066735194,-0.399381015882268,-1.00589289687902,0.220881677555083,0.0233251018305203,-0.281735503216395,0.0505903775227073,-0.354382074373816,-0.261632045935963,58.95,0.0
50911.0,1.29180295757959,-0.772374994251866,1.07763961874918,-0.682790335616035,-1.60101116924025,-0.526018439095222,-1.1337353885283,0.0893507369188754,-0.612304426691908,0.782534804903284,1.4938330095576,-0.0915197153107068,-0.205642115967964,-0.157205512460052,0.444736819545076,1.63650168664169,-0.0974324600250458,-0.37298490914448,0.434275740355506,0.0961096699313384,0.449801964417028,1.16720831506804,-0.09601888230315,0.581205609882674,0.351663323249147,-0.0798329623679562,0.0288787356707567,0.0192421555260058,24.99,0.0
56482.0,-0.45204731393008,1.27149862834468,1.01615939944879,2.19672320231395,1.29152432559035,0.299081884383074,0.927858665777637,0.0152235227997651,-1.74584861332653,0.478173320451606,-1.16570245242724,-0.782463481955023,-0.0764763961653935,0.513566269578047,0.892099192595702,-0.208618497187804,-0.099289155742731,-0.350046475189601,0.227532489278564,0.0723287990109607,0.0614755516601118,0.133697259914171,-0.327974534152797,-0.764006277759875,0.227410325056364,0.271915760142518,0.0784279292217578,0.0966000819013671,7.58,0.0
35866.0,-2.04448868873478,3.36830621710984,-3.93711139061868,5.62311973109633,-3.0792320390481,-1.25347411822809,-5.77887959312275,1.70742815771205,-4.46710312294842,-6.0677981503786,3.83978771072745,-8.27784094846266,1.49391490811495,-8.41668121212274,0.792297928201949,-7.86265882647354,-14.5708366290177,-5.18538553288232,2.41438956859515,1.11202761894884,1.48359421639379,0.834310712862216,-0.148485620188757,0.00166885452328186,-0.0389957310939217,0.389526401954901,1.30023645611458,0.549940374167289,7.61,1.0
13126.0,-2.88004235163471,5.22544230971559,-11.0633302799459,6.68995065770063,-5.7599239886738,-2.24403079081521,-11.1999752166959,4.01472180864313,-3.42930426351801,-11.5619497720699,10.446846814514,-15.4790524832016,0.734441608104148,-13.8837785491112,0.821439545395249,-11.911483017197,-18.1030037037729,-6.83783453880068,3.12692935212663,1.19144396640797,2.00288287701632,0.351102064721284,0.79525514045211,-0.778379381413672,-1.64681511254223,0.487538823287331,1.42771309550336,0.583172486219188,1.0,1.0
81944.0,-0.266578089429836,1.01256143296323,0.294760159051455,0.735361208704231,-0.405363569756624,-0.743886333479715,-0.0387987138002884,0.512524656145757,0.186750621597585,-1.0669483394058,0.125730208259,0.763414894123433,0.336925073898921,-1.48816455503009,-0.421129606544525,-0.267668545659472,1.67599220995461,-0.500052101155144,-0.658725370900645,-0.0581053340762343,-0.0207501482219619,0.200513560097511,0.167093266006726,0.540292119266091,-0.386567224853653,0.284537834544024,0.123777610985292,-0.0506400029134867,12.31,0.0
62181.0,-4.40656322601486,4.67181652833881,-1.99934733914888,-0.650226356177319,0.0718516611984839,-0.60401728244495,1.09174096713573,-0.245995659332249,3.75855985381189,7.47347266167839,0.981603047326559,0.0696591235096016,-0.555197642322841,-1.24318865759814,0.471966023824817,-0.745159657061584,-1.10904529680906,0.318651396606573,0.370453204669365,2.97654352803527,-0.649449582302435,0.152550518602908,0.0696848000279107,-0.623130969773358,0.358016600508253,-0.395008071491965,1.83858673962732,0.544591396560867,2.69,0.0
50706.0,-8.46184470133154,6.86619841481805,-11.8382692206767,4.19421096699453,-6.92309709702798,-3.22114664850055,-7.55349651116055,6.015618186942,-2.4661434402463,-6.24624318477127,2.94398521977131,-6.51238933713471,-0.698175946764313,-7.54364593187217,0.92645528395257,-4.3302948063467,-7.33969796421674,-2.55090085394741,0.645904895509124,0.814710155897088,0.918244480856236,-0.715366336614015,0.210747336284603,-0.0602114737129364,0.509534595479059,-0.257283692851139,1.17002651560613,0.229300914797861,99.99,1.0
94362.0,-26.4577446501446,16.497471901867,-30.1773174564996,8.90415677106517,-17.8925996927224,-1.22790388102871,-31.1973285494605,-11.43892041491,-9.46257260540015,-22.1870885620007,4.41999660154863,-10.5923050053728,-0.703795803703315,-3.92620731586873,-2.40024649210124,-6.80988994039049,-12.4623149481086,-5.50105078380738,-0.567939572890149,2.81224110932946,-8.75569832116533,3.46089334478551,0.896537503959012,0.254835536763482,-0.738096558530353,-0.966564233789852,-7.26348214633855,-1.32488430656137,1.0,1.0
92102.0,-1.66293711018596,3.25389242362715,-7.0404847120185,2.26645647990886,-4.17764891282786,-0.746924828187599,-0.248336733243902,1.09115651568673,-0.307137450847617,-5.56794705115052,2.71273940377591,-5.94840312668093,2.14472605490538,-4.21175592358692,-0.137195538810617,-2.63940913979839,-2.53235540606601,-0.667067027160165,0.626059293435215,-0.842178336511866,0.450381285220709,0.521161529635377,0.308325446158517,-0.318011840652356,-1.25536156975299,-0.691963403718384,0.264878381232973,-0.130444804408444,600.73,1.0
78669.0,-0.616792629494989,1.05432715085064,1.49301789534513,-0.533898273674415,0.280072568739009,-0.890045181261746,0.95778565700099,-0.20505158528272,-0.359932403956957,-0.220748482710073,1.60904469757663,0.521302436686502,-0.269217453380008,-0.44381179550117,-0.264807571589778,0.680330111524055,-0.561294725220226,0.21095334305543,-0.590766728421107,0.0579726121631774,-0.188806311705635,-0.41256101411811,-0.00551445841156077,0.474470521614489,-0.584341252418207,-0.181724480692901,0.0383373884252425,-0.0130149214705538,5.49,0.0
54846.0,-2.98646550822273,-8.91229481688474E-4,0.605886830263541,0.338337780759695,0.685448451171472,-1.58195443740193,0.504206377175919,-0.233402618007887,0.636767742518801,1.01029102209398,0.00451796796642434,0.0443966388940644,0.420853062352676,-0.931614224984722,1.14797368277192,0.48306309357216,-0.152470829644753,-0.285666258848129,0.0725498490088206,-0.764274258309323,-0.875146363670133,-0.509848660993286,1.31391790371009,0.355064731381086,0.448551563224067,0.193489780350156,1.21458768687535,-0.0139228973515758,1.79,1.0
73883.0,0.983002963907747,-1.21124802540359,-0.0474605186535829,-0.666931804942872,-0.905625076798343,-0.461296188421465,-0.195205819441949,-0.237375832938987,-0.831558603162289,0.478622566712811,-0.83259571815821,-0.512566348815437,0.928285888191035,-0.257333907267198,0.847204766288765,1.48807098242168,-0.111881661571375,-1.32309698234741,0.8412609187478,0.640560660334339,0.00732354415455719,-0.638242519116718,-0.195290029651238,-0.441437280092946,0.26892421581404,-0.458098573978064,-0.0346267401031394,0.0589892065243643,259.0,0.0
96717.0,-3.7058559456413,4.10787318567637,-3.80365599543613,1.71031444791959,-3.58246604635748,1.4697289395611,-9.62156012711908,-11.9131046925977,-0.322296771337166,-6.62569249371823,2.17523030559549,-4.38107755793604,2.06329870945929,-0.673818453194249,1.40076321660287,-4.25492662033392,-5.16021301572915,-1.30252591599748,2.59445276115475,3.63960274068724,-5.49877168010629,2.94147540326902,0.916235852911927,-0.25550447969595,-0.18383483865098,-0.584538952417976,-0.315483570351021,-0.0972228121259146,1.0,1.0
7136.0,1.14738957101071,0.264309972905542,0.952014633477608,1.60990919821476,-0.611049945077683,-0.691031364624874,-0.0937391521493153,-0.193302425668508,1.73482701680397,-0.546132553345876,0.533336105733369,-1.85646006238465,1.56895070565695,1.39385089504672,-0.937359370063431,-0.414917151279667,0.781127905692888,-0.382166572466997,-0.281581749469032,-0.173801861835225,-0.374981144781259,-0.683987511144049,0.0665335410552278,0.64654319345572,0.451211862648799,-0.587006343610704,0.00980355861670633,0.0268396423249009,22.05,0.0
47545.0,1.17671575912859,0.557090903443645,-0.490799622910899,0.756424293386678,0.2491915585394,-0.781870546568533,0.228750322026116,-0.0408400791377636,-0.432110564245139,-0.585778431385528,2.28193937592012,0.654566719272309,-0.310379432324912,-1.04370522504569,0.513750399321109,0.399177755263914,1.14313007770305,0.256013886486252,-0.511210088142662,-0.10277180482264,-0.0621660000083396,-0.128168129786567,-0.0401759895545737,0.110040347467026,0.437891432381746,0.368808854483266,-0.0182873480981415,0.0311734033163997,0.76,1.0
7519.0,1.23423504613468,3.0197404207034,-4.30459688479665,4.73279513041887,3.62420083055386,-1.35774566315358,1.71344498787235,-0.496358487073991,-1.28285782036322,-2.44746925511151,2.10134386504854,-4.6096283906446,1.46437762476188,-6.07933719308005,-0.339237372732577,2.58185095378146,6.73938438478335,3.04249317830411,-2.72185312222835,0.00906083639534526,-0.37906830709218,-0.704181032215427,-0.656804756348389,-1.63265295692929,1.48890144838237,0.566797273468934,-0.0100162234965625,0.146792734916988,1.0,1.0
79392.0,-0.594982714487591,-0.0174657093633071,1.946190428853,-1.7469953707637,-0.604102865004827,-1.03365274769186,-0.0585094082909677,0.173454156255776,1.66348736548397,-1.64992466277866,-1.09071103572928,-0.679217228422812,-2.34843799829803,0.161576328457968,0.802765182061671,-0.181039382060662,-0.297867948080876,0.556073747310245,-0.0234107135433345,-0.255928233226513,0.0935600846900157,0.283866696196102,-0.108530501642691,0.336916525468421,-0.259547810810605,-0.894597514577524,0.181755643724486,0.157027228916057,1.0,0.0
56806.0,0.0168278084833761,2.40082554709233,-4.220359820602,3.46221746352071,-0.624142188342754,-1.29430258598001,-2.98602831443748,0.751882724799937,-1.60667229891344,-5.97492543825504,3.26492215161104,-5.09503162409832,0.307807541258315,-10.0181060613614,0.273282636641356,-3.56253351747421,-4.37710568381017,-1.79263494349375,0.0802807729992116,0.590418382570863,0.285831617664336,-0.771508088806938,-0.265199774294598,-0.873077150100989,0.939776315964547,-0.219084743497804,0.874493632152321,0.470434221788752,1.0,1.0
35906.0,-3.51902954497457,4.14086717613266,-3.62820236883577,5.50567203744754,-4.05746250583351,-0.905945282755562,-6.65203112089008,2.63452416520597,-4.67940204045465,-6.54624181523522,3.53820204012168,-8.04228514248667,1.69750938374612,-8.05104890186539,1.07045739646232,-7.39595692479141,-14.3296261567476,-4.86801023649552,2.46384303909831,0.898723234092648,1.58255593340505,0.778710245469243,-0.13570727840987,-0.00427780027496027,0.0327061591060809,0.362014053476722,0.900925137512513,0.554897499272323,9.13,1.0
93965.0,-11.3977267217611,7.76395304621262,-18.572307456296,6.71185525207739,-10.1742155991554,-4.39591833120843,-15.8937882429266,2.08301258152135,-4.9888371802491,-15.3460988468775,7.09318207259894,-14.9797547574476,-0.148288045224015,-9.93567958156078,-1.16199939019334,-11.6468338293624,-18.3838524599849,-7.40273080415809,1.94169681013401,0.208879130047717,0.339007373241803,1.34292261443867,0.239217367154604,0.534644166424257,-0.174964905765612,-0.500240426616998,-1.72206026726614,-0.574339363297002,11.4,1.0
50706.0,-8.46184470133154,6.86619841481805,-11.8382692206767,4.19421096699453,-6.92309709702798,-3.22114664850055,-7.55349651116055,6.015618186942,-2.4661434402463,-6.24624318477127,2.94398521977131,-6.51238933713471,-0.698175946764313,-7.54364593187217,0.92645528395257,-4.3302948063467,-7.33969796421674,-2.55090085394741,0.645904895509124,0.814710155897088,0.918244480856236,-0.715366336614015,0.210747336284603,-0.0602114737129364,0.509534595479059,-0.257283692851139,1.17002651560613,0.229300914797861,99.99,1.0
8090.0,-1.78322883722709,3.40279371307631,-3.82274226552205,2.62536815276644,-1.97641541136284,-2.73168901231308,-3.43055914949085,1.41320351399318,-0.776941494554916,-6.19988176274188,4.36671348631445,-8.24326243368313,0.345761165232579,-6.59055029705192,0.265576095932165,-3.02845238846152,-4.21448627485607,-1.21360784773725,-0.265421595374812,0.364089115014408,0.454031931736316,-0.577525824201459,0.0459665375362652,0.461700017592254,0.044146161217817,0.305704433918549,0.530980986346765,0.243745598122111,1.0,1.0
94362.0,-26.4577446501446,16.497471901867,-30.1773174564996,8.90415677106517,-17.8925996927224,-1.22790388102871,-31.1973285494605,-11.43892041491,-9.46257260540015,-22.1870885620007,4.41999660154863,-10.5923050053728,-0.703795803703315,-3.92620731586873,-2.40024649210124,-6.80988994039049,-12.4623149481086,-5.50105078380738,-0.567939572890149,2.81224110932946,-8.75569832116533,3.46089334478551,0.896537503959012,0.254835536763482,-0.738096558530353,-0.966564233789852,-7.26348214633855,-1.32488430656137,1.0,1.0
33494.0,1.16837928414129,-0.17293467121723,0.695877640778751,0.278982008616698,-0.510529766638251,0.15083263499252,-0.527366381258557,0.138966140415192,0.234996667889807,0.0410327409637044,0.687725133816211,0.813618022530802,0.633627422088973,0.0549731054483581,0.724686845278605,1.08190488261418,-1.14313208098275,0.727659803718106,0.213788316277279,0.0544881960733173,0.0191007347726071,-0.0199549480888274,-0.0881859843220844,-0.461295109214426,0.230975162200115,0.420773458724899,-0.0156702530603471,0.0147872787445533,41.16,0.0
62059.0,-1.64440309669641,3.1298519330804,-2.57697682172296,3.41557336328899,-0.448525407316687,-1.24189285626533,-1.9916521878557,1.00266488963021,-2.8090712430123,-4.15369240632128,1.39818511854919,-5.65326970240352,-1.23369413839885,-6.332512814541,0.458714800173025,-1.98360960777769,-4.92916202340023,-1.03848208531443,-0.133819199948815,0.290186829391141,0.417762091477206,-0.648575871519649,-0.318617393380036,-0.680412931832076,0.389868676205949,0.0557502963989842,0.394681955439504,0.298820725838569,6.62,1.0
7526.0,0.00843036489558254,4.13783683497998,-6.24069657194744,6.6757321631344,0.768307024571449,-3.35305954788994,-1.63173467271809,0.15461244822474,-2.79589246446281,-6.18789062970647,5.66439470857116,-9.85448482287037,-0.306166658250084,-10.6911962118171,-0.638498192673322,-2.04197379107768,-1.12905587703585,0.116452521226364,-1.93466573889727,0.488378221134715,0.36451420978479,-0.608057133838703,-0.539527941820093,0.128939982991813,1.48848121006868,0.50796267782385,0.735821636119662,0.513573740679437,1.0,1.0
62193.0,1.04468789487557,0.0887844619081074,0.487143494667498,1.34934961855554,-0.188627810207801,0.0417254697863995,0.0418714121850816,0.0852013054936865,-0.0489814636427892,0.0166918565788114,1.41606433360324,1.50760884755225,0.167249795662016,0.199982440063657,-0.851419253897773,-0.601856080477878,0.0648491647264711,-0.59413819611769,-0.168533740586557,-0.0935392634177095,-0.0120996447918581,0.111389893621553,-0.0834972015408077,0.245199107232356,0.607549513334619,-0.34715306718118,0.0329684187262847,0.0143609009391548,40.96,0.0
61646.0,-1.52230450950001,1.50515204317029,0.372364350808073,2.28686855813503,-0.526518744404641,0.998593092488712,-1.0875560400314,-0.027248402908359,-0.533001251290556,0.169572797878818,2.79039639060721,-2.31695189213093,-0.78253178710191,-3.43173796295146,-0.527701760836688,-3.2935576903327,-3.90149898369755,-2.52544048175208,0.79514422023384,0.412800620721233,0.332216175668172,0.493980864616249,-0.0801982925908616,-0.253327337787628,-0.477799682605952,0.991739677999628,-0.952553959120801,-0.39036399798095,19.04,1.0
60248.0,-2.77341220879145,-2.03549192642738,1.80600473449155,2.53614009542617,0.832599788532338,-0.151323601409971,-1.41075927855031,1.17551286539185,-0.0360177594303413,-0.241695164629124,0.0277097674325932,0.490270719575522,-1.63293356029425,0.124486560874019,-2.44869074161425,0.303559479634892,0.0719098943342048,0.0850209183132546,-1.38444359408815,0.440184461071585,0.529730746963247,0.594230231263371,0.194836025009388,0.216688092108553,-0.692584577564837,-0.1422666651588,0.105717744150056,-0.255433644621674,96.57,0.0
75581.0,-2.86636370525907,2.34694943137396,-4.05330668845935,3.98335888025187,-3.46318571327039,-1.28095301603103,-4.47476383461874,1.21665528478137,-2.30982869782019,-5.51550707258062,3.04839203447565,-7.12825076846601,0.00595580092517457,-7.49518733635876,-0.25108802193356,-7.5680148993231,-12.2236328477344,-4.89517519350497,2.52496746940249,0.270013154062001,1.04973156228305,0.475840283409025,0.404480059350581,0.282029789710327,-0.506901095688855,-0.371741093052833,0.615256964379468,0.803162841917988,124.53,1.0
93860.0,-10.8502815883108,6.72746568826853,-16.760583409542,8.42583167857118,-10.2526968683093,-4.19217104406337,-14.0770860104531,7.16828793346092,-3.68324217370244,-15.2399619587112,8.03070840755191,-16.0603057628826,0.270529742348469,-14.9529810390579,-0.241094883743813,-11.866730636746,-15.4869899240937,-5.74865155747378,4.1300314273319,-0.646818272966729,2.5416369467068,0.135534921100722,-1.02396689219897,0.40626452579196,0.106592778669641,-0.0262323892202069,-1.46463002356247,-0.411681819907858,78.0,1.0
39581.0,-0.336038617554265,0.266197730250018,0.848717676671699,0.921019859626412,0.309662587077076,-0.423370606715381,0.547909141703049,0.0606364991964937,-0.628233136754221,0.0199693768530567,0.750078753765754,0.0192363076448668,-0.882497315725402,0.691876993213262,0.461586765970538,0.0714354570628431,-0.525537511848301,0.836184037434945,0.751166258400032,0.192522650764201,0.22504590754657,0.381463045514223,0.0910230073934937,-0.0208118019772557,-0.129216479422664,-0.326724461695647,0.0325739165002898,0.0410229878762958,82.84,0.0
85285.0,-6.71340697159693,3.92110415204576,-9.74667821737542,5.14826254938013,-5.15156271985187,-2.09938865681113,-5.93776683170198,3.57877960420447,-4.6849517505833,-8.53775768653457,6.34897930341209,-8.68160893168352,0.251179384774619,-11.6080022570993,-0.351568782034355,-5.36356643348466,-11.9390915052116,-3.58360287020043,0.897402406121681,0.135711322729059,0.954272201927517,-0.45108644858101,0.127214424071711,-0.339449869297565,0.394095513633807,1.07529509891805,1.6499059092424,-0.394905372194808,252.92,1.0
113145.0,2.01799794359969,-0.1204761349896,-2.08903431998443,0.470744745304039,0.318275362603567,-1.54264377672605,0.743594104864602,-0.494122305060539,0.572444542411874,0.0138592957661299,-1.19709299349231,-0.373581915224815,-1.46285592813744,0.917169659567947,-0.0504968748920881,-0.784009532439787,-0.0789749067068962,-0.357220980659181,0.208350026848591,-0.252633785701433,0.137164829645963,0.462840122519938,-0.123128632532642,-0.0926068210269397,0.518174030597961,-0.0621984304793029,-0.0706095771591976,-0.0701176774680049,52.88,0.0
26899.0,-21.8854339051741,12.9305051249875,-24.098871851647,6.20331419234722,-16.4660991227874,-4.45984212550286,-16.519835984614,14.5355647151916,-3.89702188761405,-8.6507583293562,5.3754339072439,-7.56721354069937,0.461807829323489,-7.82789139878016,-0.0228148529460228,-6.57804150255676,-13.0024594617382,-4.88446723880536,1.10435473489394,1.6119982189969,1.76223176917351,-1.57905510076487,-0.951042744820554,0.13456529188962,1.50711039768212,-0.222670856855594,1.52765527810284,0.453698638993223,99.99,1.0
14229.0,-1.01787959143447,0.0178954674831523,3.79687302330467,3.60996623673638,-0.839340615633536,1.603765485348,-1.05299095244785,0.672066613194352,1.35944400693509,-0.0707227182944657,0.885412347551599,-2.13386437119823,0.836736246229942,0.520896752441147,-2.45508166804523,-0.436451913380097,1.27624988699225,1.18629543951718,1.38719812719785,0.322325619662018,0.0969141332176349,0.706038688545576,-0.122072165203582,0.313477420475681,0.139933039167221,0.479272733240961,0.106619481719127,0.0990661926933475,74.39,0.0
51078.0,-0.409884908731101,0.634438965869565,1.70773092699033,-0.231785649443946,-0.198838142951422,-0.741263882796915,0.653592459175647,-0.36309477493193,-0.176986335251908,-0.0645324540667421,0.566412287468135,0.198718802769208,0.251132531297363,-0.124666571924824,1.55599535061635,-0.633204323815116,0.292233768544423,-0.962644903985101,0.307176926832321,0.0623500113941248,-0.0092672940742001,0.124283941447132,0.00229911382045553,0.674431914890194,-0.313869866716833,0.987944222708167,-0.478716433919646,-0.226696785608747,15.37,0.0
97700.0,2.04008278578568,-0.0338130922613747,-1.1121761701658,0.399780975823385,0.204266167312873,-0.568853431678548,-0.0165612921961997,-0.234853129118023,1.61240700530301,-0.128831029606097,1.46374639862824,-1.58538635592475,1.61194488806307,1.89828572340708,-1.35196324516412,0.206199320117634,0.025944246069177,0.067410249801916,0.409845649350747,-0.230381133118821,-0.415461010977258,-0.872393961800443,0.274578498074783,-0.555798727935073,-0.29420830041096,0.168829779586757,-0.104058279909459,-0.0801263768433371,9.99,0.0
101051.0,-1.46531575579616,-1.09337687781209,-0.0597678482279439,1.06478463530602,11.0950886001596,-5.43097128323669,-9.37802517086658,-0.446456139679101,1.99210961400888,1.78592177154007,1.36858453419511,-1.47169658834377,-0.72475884619705,3.44242199594215,-0.957403224855046,-1.62612941891216,1.41821495932655,-1.41791682839858,-1.65176618071699,-1.4576102135585,1.16062328833533,-1.2596968082996,-15.9816491909559,-0.883669935248733,-3.53671623161143,-0.59296488849027,0.675524833181225,0.424849351792902,0.92,1.0
66592.0,1.22493057967406,-0.212278358221323,0.168955672133525,-0.289022763909682,-0.379692574883293,-0.212152546367337,-0.324188298545375,0.170838967473473,0.280600778095088,-0.0150947010143652,1.10294984038014,-0.0749138467362939,-1.73196759180353,0.797928364021227,0.908557702492178,0.340351162517865,-0.293197061250672,-0.123885794868255,0.136503198801964,-0.183432544173899,-0.0697781886922095,-0.281923817101845,0.0396262791281271,-0.284093460046076,0.119261085784002,0.998170666578692,-0.0842555881729817,-0.0161661882352285,7.68,0.0
88672.0,-3.85988078691481,2.63288131193679,-5.2642653095088,3.44611314661501,-0.675231056544998,-1.90495945391597,-3.2910408690196,-0.985766040904484,-1.16811416733417,-3.93629417027159,4.25656448730292,-6.60065448140166,0.00562637646602147,-9.9585309187018,2.47135790380837,-5.7001414199952,-6.38809273753128,-1.83815930102503,2.99317350708135,-0.178626358366056,1.66411901528299,0.785075271950043,0.0684124857414983,0.778960915978384,-0.863165919910699,-0.00680961441649656,-1.06573404007904,1.77332644564776,1.18,1.0
118603.0,-6.67721162487866,5.52929920087665,-7.19327456474359,6.08132107951892,-1.63607097105033,0.500609583298219,-4.64077020758754,-4.33983969614375,-0.950036405131991,0.566679814004086,4.3150759158968,-4.93828359985114,-1.10570973729343,-8.49081262174082,1.00362574598099,-1.94912326096651,-3.09301268981888,0.124087074705575,0.886746966076448,-1.11868675540655,5.56330066446813,-1.60827196122017,0.965321595694456,0.16371797930961,0.0475308707267175,0.466164782963216,0.278546743051982,1.47198811731278,105.89,1.0
84365.0,1.06383947810873,-2.13290655540876,0.991005084969605,-0.736560222064324,-2.21565098919296,0.441930750272516,-1.44424096983018,0.122869380897754,-0.410647710409805,0.926220181638345,-1.90782861097115,-0.403773689847733,0.320930425812922,-1.49188655276474,-2.12168991132274,-1.149512910619,1.23617607040647,-0.301479204837067,0.692919309588522,0.0460396420775744,-0.378737535648282,-0.69619632018256,-0.176786591951178,-0.0978879902734714,0.356693964208671,-0.200963405640272,0.059097699234854,0.0586098320679523,212.5,0.0
41285.0,-12.8357595817777,6.57461542943546,-12.7884624825347,8.7862568391843,-10.7231209172666,-2.81353585641993,-14.2488465310891,7.96052082227957,-7.71875064933864,-13.0740681657723,5.97513066688423,-12.375374654316,1.47220511856229,-11.4706925061593,0.993143253686908,-10.9738046181506,-21.047629901985,-7.99078328442082,3.33103902941017,-0.617296150458597,2.67949007049737,-0.0473351062766089,-0.836982346024597,0.625349328179101,0.125864937720446,0.177623612238763,-0.817680255865793,-0.521029795905738,37.32,1.0
45501.0,1.00199171536791,0.047938380305255,-0.349001552412107,1.49395843665091,0.186938875230095,0.190965634380865,-0.00111210422593577,0.147140194715723,0.580415339651519,-0.792937990748917,-0.984171728067149,-0.567380064895921,-1.10559224967424,-1.38121354248053,0.405490421163411,0.279890165223202,1.1321602098483,0.0929929763441439,-0.298920455435975,0.016003673251105,-0.334417439439,-1.01431467260935,-0.128427315817252,-0.946241837638308,0.456090274720588,-0.453205972393371,0.0466270924243456,0.0646983543716214,105.99,1.0
73405.0,-0.649910434154007,0.664773382055959,0.900630737598523,-1.18852739826331,-0.924596453736668,-0.945873335772193,-0.301418858703501,0.432399773943163,-1.60039430959782,-0.113461892600001,1.47193265969454,-0.58891732680803,-0.903435552335999,-0.52691364006859,-0.0524511046428344,1.69236033909917,0.992232974177761,-0.411974632912682,0.854509556338352,-0.0536351722905805,0.0870639450452745,-0.118428473642413,0.151380687231804,0.398149986775425,-0.734203409170554,-0.628561081207919,-0.0933296070212796,0.103785047284654,15.0,0.0
79427.0,1.26646593137889,0.119197533789022,0.0630843926229097,0.0941049444787774,-0.387477721371457,-1.31829501555277,0.31378863955081,-0.29777032185874,-0.00762599185011465,-0.131978837815025,-0.223279498776183,0.0510527192078273,-0.381406843329175,0.509950352970033,0.898774409474329,0.140101799008297,-0.180025244927336,-0.95452928570211,0.278964215358133,-0.0643677404267793,-0.43832604750539,-1.37613742398892,0.197890658414062,0.39020222819341,0.0808019802175276,0.621841597063391,-0.107066866634303,0.00593342797254373,24.94,0.0
117255.0,2.00135404276437,-0.0273049959085261,-1.3875831369293,0.513035471155551,-0.0642677859317827,-1.43567038106158,0.418986863040476,-0.318312123780263,0.39648033557414,0.127603086164133,1.18734424692157,0.960599726817609,-1.06468590957279,0.849528756258513,-0.982227242419423,-0.747145726735646,-0.0915160187369398,-0.245164461201062,0.315916644634587,-0.330306270286644,0.0751585415726157,0.401589859751969,0.101528457792181,0.557217647220682,0.234852781957359,-0.272488052319418,-0.0428954319623277,-0.0731003008153949,1.0,0.0
74535.0,-1.02163931736902,0.176068882514156,1.09833732333844,-0.561952140457054,-0.644199102972369,0.471046889528038,0.271914359276459,0.614163960240972,-0.132158382272392,-1.01866104743986,0.018250031357148,1.11438614639086,1.06803843842868,-0.143565908477019,-0.961946857757073,1.09222920983323,-1.12146430101256,0.853816604842263,-0.425902883352021,0.206511650459795,0.399876242818065,0.817333804127593,0.252054605378697,-0.445033938353335,-0.547149084531027,0.295973071294409,-0.0151297118258418,0.104994321703316,172.8,0.0
32124.0,-1.82628207682354,-0.401447978863695,1.49955158601295,-0.109296257587026,1.28026407103133,-1.81313613470823,0.196236344149646,-0.107236524521213,-0.312582040228596,-0.796411309152768,-0.34642410144243,-0.116482368809291,-0.115932604029288,-0.392268279874966,0.507645021504619,0.69770785220222,-0.282745648682928,-0.181034073131443,-0.814060668645622,-0.0460621551417628,-0.18036085052876,-0.794717579334909,0.027433713256874,0.339534124437345,-0.0515086671398064,-0.0740772054552872,-0.116992451194288,0.269898248203917,49.99,0.0
110552.0,-2.45036662540267,2.10772866087808,-5.14066303982343,1.41130357398271,-1.69077950338918,-0.736427202926685,-3.65794634761755,1.94490590423047,-0.788387529063343,-5.62467713431414,3.51964234486905,-7.221590004268,1.20172802326675,-3.8114281425371,-1.70142802210083,-3.57140837935336,-7.31140729142311,-1.75435460658485,0.795448867520342,-0.130438203342561,0.800538093373868,0.364616671021501,0.233607611774679,-0.282077578211224,-0.320310972669244,0.49291998915127,0.35997644954193,-0.115471009476069,80.22,1.0
64443.0,1.07952397806913,0.872988038728802,-0.303850487243895,2.75536885087579,0.301687623167546,-0.350283737195093,-0.0428479677130716,0.246624608381391,-0.779175595769242,-0.157696445821874,1.92856763203456,-0.935863286411531,-2.43144644518658,-1.63347202401986,0.534336652706283,1.42560550367097,1.59352878606579,1.17846784575361,-1.56869755794851,-0.252115099030468,-0.023254784527163,-0.158600833910515,-0.0388061577093773,-0.0603272546840962,0.358338898397498,0.0769835703935526,0.0189358319830432,0.0605741494833015,0.0,1.0
90939.0,-2.43412765597751,1.76433020664364,1.05482244050933,5.09434592515301,-1.65735269188071,0.102262583882122,-0.757639210832941,1.36210202451608,-0.393497331905989,1.02998001371594,0.131016571133339,-2.7813773836322,1.1938860723534,2.42661730589929,0.148653127733139,0.337132938332368,1.62252459269291,0.307734751811868,0.523544056930176,0.229898439936231,-0.201302880690373,-0.578470122826098,0.129857824113225,0.812967613550243,-0.753790406983511,0.00261008394321816,0.324395705615606,0.031120722139956,100.0,0.0
41353.0,-15.0209806030789,8.07523975163174,-16.2980905380446,5.66482005292134,-11.9181533731348,-4.24695712395156,-14.7166675516611,9.43508432139337,-6.7953981269244,-15.1241628144947,6.03766622940467,-11.6767222367813,1.32697878633103,-12.3816058947985,-0.0716392778020956,-9.48414337021449,-19.6718814509262,-7.64327282087749,1.16906441801605,-0.995786857833133,2.52511546344786,-0.832074336953531,-0.186116823393738,0.429780833741005,0.697102812320081,0.0560310740941657,-1.31088762047629,-0.707402991270252,34.12,1.0
40625.0,-0.698620049935133,0.53018254162972,0.916126441440254,-0.80494859355797,-0.854583630008948,-0.386719890797458,-0.332723056036606,0.54649402493276,-1.8149714416928,0.68087770225709,1.6851977608843,-0.249977844205538,-0.693721213521098,0.606219513523777,0.602999282326553,0.612979290959418,0.979780694996882,-1.5457929479504,1.70045008825224,0.188661127535864,-0.11815627099669,-0.603434555099177,0.224628805435743,0.165482305115243,-0.394524503935961,-0.517585891096321,0.0409891306336086,0.00767141937757353,25.85,0.0
43663.0,1.09851767888593,-0.938319461023458,0.543582347735434,-0.392503632630728,-1.56792207415374,-1.18262376594366,-0.377814655876825,-0.194580051375464,-0.69825999988764,0.617661058600912,-0.308251556614859,-0.519876485701581,-0.738197866182985,0.32326049491368,1.10989887433217,-1.11473571473679,0.0925632464496665,0.725945952357384,-0.829513244244412,-0.276129552253317,-0.60236659640971,-1.66912712451813,0.22641902092598,0.658826980038477,-0.254492664656119,0.644608402234342,-0.0814888735386414,0.0416439464624306,142.0,0.0
88672.0,-3.85988078691481,2.63288131193679,-5.2642653095088,3.44611314661501,-0.675231056544998,-1.90495945391597,-3.2910408690196,-0.985766040904484,-1.16811416733417,-3.93629417027159,4.25656448730292,-6.60065448140166,0.00562637646602147,-9.9585309187018,2.47135790380837,-5.7001414199952,-6.38809273753128,-1.83815930102503,2.99317350708135,-0.178626358366056,1.66411901528299,0.785075271950043,0.0684124857414983,0.778960915978384,-0.863165919910699,-0.00680961441649656,-1.06573404007904,1.77332644564776,1.18,1.0
51135.0,-10.5273044341626,7.63974510878724,-13.4431145027514,4.30340291762786,-8.04820986720506,-3.46699653575204,-8.64319279153494,7.28410530047069,-2.36209663777244,-5.99659592015915,2.5891035399443,-5.9622614216576,-0.468955402702701,-6.77818372152522,0.907946622048306,-3.97013003226966,-6.85761265464239,-2.51173568202806,0.511761951503497,0.847085223070639,0.937415595523653,-0.931178206442092,-0.235696693319785,-0.0313933540844794,0.591558276561224,-0.263516323288921,1.10889729755393,0.219021143211497,99.99,1.0
24180.0,-0.935364550244379,1.26568462501275,1.61318432591601,0.592279038377123,0.0661183516617907,0.032320904640998,0.268417955048764,0.449803697666491,0.991355342417012,-1.44897600409821,-0.00758193690870209,-1.79967143671465,1.98105579360106,1.39500671312559,-1.69536111112831,-0.490076157635331,0.90450657325952,-0.498009799286343,-1.12820839012186,-0.340600111088711,-0.0398910097716639,0.250009774796144,-0.203629208993501,0.0488352063091249,0.175942293100278,-0.45261580638227,-0.00822028100252027,0.0525693038361254,6.52,0.0
89735.0,-1.0661451011221,1.34820094482656,1.70856688631828,2.82478942147108,0.885232862579893,1.10946857611756,0.374585466300428,0.0392793063698274,-1.09635279134915,1.06883009665092,-2.25221026173065,-0.378827866617959,1.3750679631991,-0.779875598376766,-0.666551636350818,1.16541814844153,-1.25995638768097,0.473363532664496,-0.919097703329075,-0.142570510094973,0.274201123921287,0.782859956171016,-0.47299419451018,-0.970353955712082,0.0463290189495407,0.187457383226106,-0.402130616235378,0.226433068245421,22.78,0.0
49459.0,1.09799671842581,0.0902234896313248,0.883183106264096,1.34401337040947,-0.767171627529533,-0.605880989774219,-0.225953593686401,0.0787025084228622,0.334818855432265,0.0248706068428635,0.0372552103463912,-0.375390383871809,-1.63694081229533,0.603356993066881,1.48745519096074,-0.00550853793617058,0.0135997280352437,-0.519438209131437,-1.02333900661829,-0.25374975567108,-0.0240959249835935,-0.136618463054632,0.133246297477604,0.533348237734445,0.207828072290087,-0.478093971221188,0.0376223390061674,0.0329874085675937,21.0,0.0
40919.0,-2.74048250153169,3.65809481979987,-4.11063552027473,5.34024166876747,-2.66677476000958,-0.0927818149405728,-4.38869880914515,-0.280132705503576,-2.82189458229917,-4.46628416302479,3.96979981229186,-7.34671678644283,-1.16331176961366,-8.22556891234807,0.82500183194645,-6.77286703365235,-8.81578542555918,-4.56885928410549,1.12659865645629,0.185325269832133,2.41749541196206,-0.0977119508973041,0.382154506973307,-0.154756519767143,-0.40395592644091,0.277894930235294,0.830061638644528,0.218690442242457,112.33,1.0
93897.0,-10.3008197578448,6.48309458751086,-15.0763627200288,6.55419115286706,-8.88025172157215,-4.47167242014489,-14.900688599735,3.84017023811699,-4.35844142237671,-14.5331616869738,7.58874088021049,-15.8357188077344,0.135035383391472,-11.5670059165135,-0.077026912374336,-11.4674297370042,-19.1729963590355,-6.96985638421183,2.21175583268581,0.113244363257218,1.50874842459643,1.04164209875775,-0.682789602968657,0.573543946252624,-1.6023889741646,-0.393520821299559,-0.468892515546761,0.105920160381125,1.0,1.0
64093.0,-6.13398694801985,2.94149944882418,-5.59398556768425,3.25884522291112,-5.31551221858167,-0.637327763117765,-4.47648804491816,1.69599358704814,-1.60674315131804,-5.11725920989043,3.97722223959189,-8.06609609331146,-0.760887591756867,-8.66077095912039,2.22023798968633,-6.23759654204862,-11.0463816554829,-4.15587936834903,1.76361087438004,-0.815086315781228,0.86833985051032,0.793736498280638,0.217346586657621,-0.0219850652442062,0.145881913923651,0.665087660642875,-1.68418604869422,0.31019546302906,294.9,1.0
62467.0,-5.34466537543542,-0.285760408166142,-3.83561578178611,5.33704802681048,-7.60990870021268,3.8746680317393,1.28962992438915,0.201741916806601,-3.00353243733788,-3.9905513318108,4.98601380361468,-6.11638322304304,0.0423244061770454,-6.04339314434942,1.82140103177852,-4.7454624675489,-10.0756455907271,-3.6045960155148,1.43529381015392,-1.56216235780532,0.276010822180054,1.34204455689584,-1.01657869464831,-0.0713612973880671,-0.335869334726878,0.441044176004645,1.52061262049821,-1.11593680318009,1402.16,1.0
114689.0,-0.735138980584687,1.34271200100211,-0.21396106780803,-1.16947172226482,1.04025157911186,-0.443731427056557,1.53205102984391,-0.737107361350975,0.949020335994751,1.04026362601787,-1.70010245510609,-0.468181446468007,-0.00286572603515749,-0.577349270873062,-0.310816153507365,-0.0716641599900346,-1.06868630515786,-0.47918989374505,0.256130261888645,0.29803089641698,-0.35846477944962,-0.535782896599706,-0.0217369145699123,-1.01867816933281,-0.90368598316128,0.00941233078079978,-0.241921751777774,-0.056597163567116,22.04,0.0
100920.0,-0.274768071678424,0.448561060728552,1.72968691294202,-0.539406327275955,0.201065396481586,0.871018367403292,-0.239661418682356,0.300836739191105,1.40627299923908,-0.916893167289461,1.28895470127331,-1.82397881777932,2.23780606759896,1.12985690968718,-0.742508069725867,0.680489481386591,-0.209840787684185,1.06323893993694,0.284448367310848,0.0294009034714626,0.0132412934995589,0.321898064263263,-0.0263034955389369,0.204703507590131,-0.833982712250221,0.445742356334612,0.127171686059385,0.170457096833781,15.95,0.0
66575.0,1.1192999457873,-0.286749053556678,0.902978654579884,0.863254741537434,-0.450398359330994,1.13709505090938,-1.0198371880861,0.542207856011079,0.693153521136943,0.159397403293157,0.11604390241849,-0.275009941696413,-1.21963275196354,0.300202313927901,1.35004317000334,1.12374800929113,-1.0884942101342,1.21424439755828,-0.46796435965678,-0.153545494293512,0.247465111343555,0.662669251071397,-0.191927466114766,-1.18354567296609,0.355969444075474,-0.150408450622022,0.0730307022374247,0.0179978689840165,25.97,0.0
93823.0,-3.82193880087939,5.66724730913206,-9.24496345774236,8.24614693395311,-4.36828608664298,-3.45073451820581,-8.42737802930292,2.30560850484611,-5.33807918394682,-12.0111608836062,8.62125508140256,-18.6837146333443,-0.962073428413392,-15.2976561861343,-2.41413212341002,-12.105602245184,-21.3381950868483,-8.04543571561822,0.15601503277122,1.11524688892983,1.99051970513882,0.0833533215963405,-0.0622635530228708,0.390187802079359,0.329883884451897,0.0980170825531413,1.86957016296191,1.00084956292018,75.86,1.0
40764.0,1.21566353918254,0.00814600509545085,0.210281036920778,0.538949301556552,-0.0483837744323142,0.102322347629117,-0.0694067319994313,0.0164897527247532,0.148531869837624,-0.0525847705983512,0.422062318515378,1.28081712138828,0.756771506290421,-0.063946567885269,-0.929745963988923,0.122153674138522,-0.559956911262332,-0.0357573022199384,0.809044261141517,-0.00191409101418875,-0.216149586292529,-0.473042311586775,-0.125454312718609,-0.444222282528827,0.552643719437014,0.298969278728986,-0.025521145713846,-0.00125935384242559,23.42,0.0
11036.0,1.2603371973221,0.358794521071346,0.415191206493096,0.909953949048763,-0.430468806084633,-1.05993196297738,-0.111202056239406,-0.196802258444778,1.54982880486377,-0.607835051201494,0.615450528060491,-3.08829833121291,0.334938897941372,1.45142548701248,0.524807448459226,0.522564391850897,0.812588862202327,0.16366307787095,-0.38898336630447,-0.223802620237768,-0.456612405068833,-1.14210504261492,0.159631922923469,0.23680824242472,0.142199779381794,0.0613760446687712,-0.0596556154860321,0.0209099233068823,0.89,0.0
62341.0,-5.26775974325256,2.50671895922695,-5.29092481764433,4.8861341982102,-3.34318841087649,-1.10008548506579,-5.81050918581537,1.72634335514407,-0.749277159995058,-4.83482799462627,3.54601225001006,-7.75128547808951,-1.19569394502348,-10.0185024459282,0.29639612212368,-7.47716172698803,-9.78580026201852,-4.24397714797126,2.68112678165858,-0.286043269744833,0.764265624858483,0.473261684078133,0.54848172305712,-0.15685005182413,-0.71018694460215,-0.366422677340972,-1.48676592030738,0.677664104601632,1.1,1.0
53836.0,-0.374825424718313,-0.0441001175588445,0.633435183521014,-2.42584865241509,-1.05021528407058,-0.897066680417451,-0.558367527370362,0.297103906304863,-2.30105590032538,0.836345409205654,-1.22268998637148,-0.831273253570431,1.03339094994937,-0.315787309646875,-0.18749949479229,0.0422994065098194,0.167971288017894,0.16367988804431,-0.75627848979217,-0.292699161884496,-0.144949174277858,-0.0966690016453872,-0.00178511458297453,-0.147244390265524,-0.102445593601115,-0.37565087351355,0.185246639095218,0.0222804157155218,15.0,0.0
67964.0,1.17123466670486,0.207073043773863,0.00595981993118468,0.569422250909439,-0.179529117885439,-1.2168024931978,0.549061233023411,-0.379017163874667,-0.303430485934482,-0.1036554500006,-0.0835251482051696,0.668429545847541,0.760030241135427,0.351218279633023,0.689240321948799,7.84163553512822E-4,-0.28901395740469,-0.957753413325218,0.0851022086071662,0.0621088257679585,-0.340254584982361,-1.11354638219741,0.0873431840045753,0.408416893308781,0.289022330096072,0.129339428136381,-0.0702973747901733,0.0212795427654155,64.95,0.0
27187.0,-24.5902447690465,14.0445667815106,-26.2787005866145,6.32008926518927,-18.2245126736673,-4.60996782569686,-17.6810033715155,16.2136267471409,-3.79409346877414,-8.37275316035861,4.90168265513877,-6.87283866404082,0.769776762734501,-6.82658448658054,-0.0544341798176028,-6.08495266503583,-12.375270529796,-4.81034474126699,0.936742237936608,1.64920202229571,1.77706277243531,-1.80487368611576,-1.14060456917063,0.152234466415679,1.71599702403257,-0.22047119903665,1.43495058143483,0.422491857762666,99.99,1.0
70508.0,-1.68698947213184,-0.101418100539924,2.55050196042078,0.43757512772767,0.28665025609646,0.0475401848935548,0.180268173776408,0.183116784303819,-0.0226337443545649,-0.820756465861612,-0.492191088376459,0.717231765092058,1.1340646655165,-0.635438678110236,0.192352892295455,0.108847460084104,-0.44094447683819,-0.275401483024129,-1.32945125404403,0.0235944222804755,0.250540851961148,0.747843489681636,-0.128526571158249,0.124382928911478,0.540879512794035,-0.309717773851067,-0.0535131342382123,0.201996975039934,95.0,0.0
49463.0,-1.55777417244525,1.6093051082084,1.75016420685578,2.14610195327913,-0.235082206491905,0.202645684832583,-0.303502442308337,-2.33886998908567,-0.336913233106447,0.541165715671661,-1.01990250298212,-0.261897153608156,-1.06894724397027,-0.123112755217815,-1.07021071381131,-0.0615412551700919,0.202638888843295,-0.339365719366359,-0.584777397936243,-0.822609616899348,2.29277098138672,-0.609863972580867,0.296065219832249,0.655607814163037,0.164685195274598,0.0224854459525669,-0.0566365949764799,0.0599046925262537,0.76,0.0
67571.0,-0.758468652663917,-0.0454102784513458,-0.168438290153528,-1.31327481447103,-1.9017625315847,0.739433414882114,3.07189204639003,-0.483422244220096,0.61820276215476,-1.7690597207318,-0.651414013964987,-0.00542329080098884,-0.517194341398293,0.217469760178719,0.883558824493356,-1.17397764863161,0.24334710955825,-0.342300728238465,0.68705620239513,-0.0324998988871344,0.0426194565214976,0.397223782011498,0.0722288654476503,-0.242275996603303,0.560916469624214,-0.540954584325348,0.150606446374032,-0.117140114799884,549.06,1.0
35953.0,-4.84437152213983,5.64943864783758,-6.73039574613665,5.25284201867297,-4.4095661499774,-1.74076745609347,-6.31169852901067,3.44916731253577,-5.41628435913526,-7.8335555711125,3.6573495649865,-7.7814479532704,1.50772042676786,-8.60475886835984,0.0105926875670707,-6.55397325691037,-12.6243936527694,-4.98990973846596,1.64541389333247,0.284555090358885,1.19488835625662,-0.845752531858704,0.190673885417928,-0.216443252531192,-0.325033100382822,-0.270327592956951,0.210214051535782,0.391854886292055,111.7,1.0
91554.0,-5.10025566317088,3.63344238024837,-3.84391862443125,0.183208447320966,-1.18399737637674,1.6021393332506,-3.00595315203476,-8.64503780175356,1.28545810732477,-3.71748137540216,3.71921153916465,-5.03402974701745,0.918999158233287,-4.22036591807154,-1.05049995739584,-1.69104526842648,-2.37242320724166,0.450098503348706,0.407805060819919,-2.80630192287329,8.28043932580154,-2.79714954096118,1.09070659271567,-0.159259597476933,0.532156369375709,-0.497125808167425,0.943621624807946,0.553580691756943,261.22,1.0
36066.0,1.07029861907077,-0.318000377972723,1.22006365692731,0.712445999179994,-0.8848335862635,0.48395761939498,-0.804488749774124,0.368198884621629,0.703976441466608,-0.113954872383556,1.14382294150464,1.08253346580493,-0.307422282642623,-0.129373369640858,-0.220350040437731,0.0802504836892584,-0.132311092297548,-0.156177104634254,-0.111277768341624,-0.111432222809354,-0.00753716163853778,0.130096901707831,0.0394722727165466,0.0475768604249509,0.138266773670378,0.328842012003638,0.0255759418894209,0.0153034946407037,21.8,0.0
100223.0,-19.6418567335974,14.7063346696674,-22.8012376947782,12.1146718424589,-14.898112530969,0.840777704221173,-28.0112929096778,-11.9196388199434,-8.9609216998511,-18.9132433348732,4.971248707036,-12.6863075224956,-1.07144311342478,-7.38337003956967,-2.99243029925503,-8.58230865037102,-13.8065681285297,-6.00035879778826,1.42263161326029,3.83464904792346,-8.22887409813848,3.31817776987025,2.58521234602075,0.195008569338351,-1.19480304002391,0.0384229399473607,-4.12674625203028,-0.645329219040983,2.28,1.0
27960.0,1.3636843931449,-0.260154286330409,0.349369676118718,-0.44904833862713,-1.10138203396355,-1.37419665534901,-0.489631752252352,-0.215665007819882,-0.811503802055415,0.219382726465725,0.370239627821334,-0.648428913651034,-0.00952429123607724,-1.07773382168255,0.866106603330956,1.43759241090764,1.08330699708945,-1.26625698111796,0.352038888032545,0.0925638634783379,-0.1247789347922,-0.487248170974826,0.155475000287485,0.615271028756124,0.184394928414483,-0.500317786745449,0.0207677527701009,0.0477656615427044,15.0,0.0
59777.0,-8.25711081724667,-4.81446073955621,-5.36530689032661,1.20422986423394,-3.3474200965739,-1.33160147516446,-1.96789279857039,1.29543781710486,-1.67441524280437,-3.42605225253339,0.144562690111297,-4.28352931016896,-0.24089504151477,-3.65749040377527,0.923104767832095,0.844221069436753,-3.94831185243281,-1.8075159915996,0.105878827218844,-1.23398725720348,0.436390207477188,-0.077552722802211,-3.09162435615504,-0.390200885685448,-0.288688941339997,-0.340004217403437,0.0398191045440342,-1.00790031022705,319.2,1.0
54247.0,1.21618856799193,-0.315611018406662,0.754676828816904,0.484095400885335,-0.548400668420769,0.668937240343019,-0.813144313220039,0.347499091007034,0.891593500479007,-0.0432568815955365,-0.23685339436734,0.249717462615111,-0.764722236816436,-0.0950989376641035,-0.312956123965067,0.743774102389704,-0.796551323638677,0.755080638006781,0.694896718329169,-0.106927592845239,-0.126322970889273,-0.250074980254799,-0.115833308331059,-0.814607847518996,0.348052337096837,0.374259626941427,0.0050738295229139,0.00367348709935282,10.97,0.0
96135.0,-1.95293262584861,3.54138524292281,-1.31056140773257,5.95566359407,-1.00399266347247,0.983049267722507,-4.58723460197373,-4.89218360319852,-2.51675203271071,-2.85032390160027,2.02467408050134,-6.48774641306604,2.37646259977422,-2.24151634571345,-0.566869734947616,-3.93685691797738,-6.12719357199364,-2.32855196140235,1.56212955232854,1.96502978343686,-1.99809122812016,1.13370623369264,-0.041460872197789,-0.215378738296157,-0.865598577097396,0.212544577403768,0.532896738259478,0.357891632792824,18.96,1.0
53724.0,1.06979868464438,-0.639908877879415,0.838740562404083,0.206727941567234,-1.02652768564622,-0.0694605774147057,-0.52210063147009,0.0452297353275613,1.18806946406359,-0.50171858426083,-1.19136975447692,0.56023165109261,0.348685823753125,-0.618284258178856,-0.285484709302599,0.0237515383985733,-0.0486486229165906,-0.4920389537039,0.622044501682775,0.141596942216681,-0.207988526116318,-0.529405718515587,-0.0655905864809909,-0.0284504873176916,0.178062658615773,0.962998653378798,-0.0498014672255725,0.025749433413786,100.0,0.0
55008.0,1.30347984790962,0.345579888296815,-0.0975842407815303,0.467688150340312,0.15492881401666,-0.496806380771244,0.130380523723361,-0.186038559721534,-0.0127270126615911,-0.307878013335026,-0.809058159848251,0.30304054699563,1.12668137006906,-0.488207857218618,1.08629915560724,0.728649780618731,-0.399157560783024,-0.0699111770130202,0.158617173888352,0.0201890953293705,-0.336200190367861,-0.954738603760815,-0.00915750894476308,-0.605599565872088,0.366074766672448,0.150917901727472,-0.0216959107819012,0.0245039708483271,12.99,0.0
62341.0,-5.26775974325256,2.50671895922695,-5.29092481764433,4.8861341982102,-3.34318841087649,-1.10008548506579,-5.81050918581537,1.72634335514407,-0.749277159995058,-4.83482799462627,3.54601225001006,-7.75128547808951,-1.19569394502348,-10.0185024459282,0.29639612212368,-7.47716172698803,-9.78580026201852,-4.24397714797126,2.68112678165858,-0.286043269744833,0.764265624858483,0.473261684078133,0.54848172305712,-0.15685005182413,-0.71018694460215,-0.366422677340972,-1.48676592030738,0.677664104601632,1.1,1.0
68207.0,-13.1926709562391,12.785970638298,-9.90665002092758,3.32033688288942,-4.80117593230105,5.76005855618556,-18.7508891580107,-37.3534426378925,-0.391539743919107,-5.05250236713858,4.40680552357904,-4.61075647740608,-1.90948796970811,-9.07271093398351,-0.226074450896345,-6.21155748212485,-6.24814535335983,-3.14924669470095,0.0515761185277783,-3.49304991519446,27.2028391573154,-8.88701714094871,5.30360690376998,-0.639434802306313,0.263203123457008,-0.108876929971315,1.26956635541013,0.939407362758877,1.0,1.0
29526.0,1.10280432542075,2.82916799881581,-3.93287026485548,4.70769143992869,2.93796685530025,-1.80090371765217,1.672734122106,-0.300240348680253,-2.78301108805298,-1.88484243991678,3.79256535985687,-1.46047112296734,-1.31277627644381,-7.07736060637589,-0.299466316598551,2.4932276042067,6.24498710234308,2.97174936407353,-2.67995024218857,-0.0308799718381793,-0.106994395673876,-0.250050303584088,-0.52162653336055,-0.448949514169716,1.29164648168516,0.516326673768638,0.00914628141124173,0.15331763551135,0.68,1.0
41313.0,-13.8972058704019,6.34428045616839,-14.2816664432471,5.58100899740718,-12.8871331616131,-3.1461763671985,-15.450467216827,9.06028147442157,-5.48612077680694,-14.6764702497464,5.1483517210937,-10.7495919949504,1.58548896754337,-9.79801207658904,0.733276999106463,-12.675268899047,-20.7406637223494,-8.15366802624724,5.2283417900513,-1.02522792390103,3.05808183846397,0.941180290424241,-0.232710298333368,0.763508019302571,0.0754562386388435,-0.453839571774416,-1.50896825698328,-0.686835738780169,9.99,1.0
56005.0,1.18243985740704,-0.617998756048864,1.05818155188263,0.81333275375254,-1.15435708653749,0.510483010267295,-0.959833636395533,0.339124903674402,-0.326659370866873,0.749665057704741,0.655814898486818,0.677797764768197,-0.88745899720058,-0.169275991871886,-1.48028629577597,-2.14919572302052,0.567309028750388,0.985306218515463,-0.796882032826,-0.667002726603868,-0.395090314283868,-0.360398260675045,0.0386680621979097,0.180447172007915,0.419470307613822,-0.282578289018967,0.0911640535571138,0.0164292472113963,3.0,0.0
20011.0,-14.7246270119253,7.87515679273047,-21.8723173644566,11.9061699078901,-8.34873369160876,-2.26284641969245,-15.8334427819606,0.0778736741759969,-6.35683349086288,-13.2616517082667,10.0637897462894,-14.3947668016721,0.654888723464231,-14.2483158270781,-0.305360761401071,-8.16163244506225,-12.2809648581754,-4.81858639342974,0.719787682108791,0.996468755724792,-2.36234492751884,1.09955729576975,1.03719942301307,-1.03635934178889,-0.254776514154375,0.642343201018144,2.16112922373151,-1.40128201963858,1.0,1.0
101597.0,0.91311613528992,1.1453810871791,-4.60287793273505,2.09180337375362,-0.473223859280585,-2.0854358325571,-1.67124403232231,0.0943965856348779,0.337798765397573,-4.4318096317282,4.87197985976052,-5.39522117678937,1.33250215621937,-4.60379669207464,-0.77731354811867,-2.57189156103509,-3.00361530529652,-0.225441388417525,0.252273565031692,0.50898474829098,0.40141574109896,-0.0849334160429759,-0.197684434494785,-0.283271078982557,0.387597335722074,-0.553526986386025,0.516274456782261,0.270828187083758,147.87,1.0
41413.0,-15.1404496225073,7.37804241221284,-16.356367356494,9.19493491430021,-13.4661632895942,-2.95843050082103,-16.1655386244192,10.0752539455532,-7.90182112627786,-13.0094028057641,4.82823533219729,-11.0584014244364,1.99812557552295,-8.59204740189288,0.540385309176116,-10.6157452968661,-21.0178983428443,-8.39739305199317,3.18355894967976,-1.69148198782553,3.14742810473234,0.341677595071206,-1.15016247089952,0.795189734964946,-0.194542181109758,0.145963568626439,-2.45868034756574,-1.18988788135128,106.55,1.0
101051.0,-1.46531575579616,-1.09337687781209,-0.0597678482279439,1.06478463530602,11.0950886001596,-5.43097128323669,-9.37802517086658,-0.446456139679101,1.99210961400888,1.78592177154007,1.36858453419511,-1.47169658834377,-0.72475884619705,3.44242199594215,-0.957403224855046,-1.62612941891216,1.41821495932655,-1.41791682839858,-1.65176618071699,-1.4576102135585,1.16062328833533,-1.2596968082996,-15.9816491909559,-0.883669935248733,-3.53671623161143,-0.59296488849027,0.675524833181225,0.424849351792902,0.92,1.0
2890.0,-1.50102106218844,1.82805659516128,0.360391206018952,0.167856122309908,-0.0739392989226424,-1.16951941853921,0.240100337575632,0.742775628948982,-1.42442753866407,-1.32119121077482,1.52911015528976,0.525094292271159,-0.330101631313391,-0.262555643850189,0.0335754283465139,0.701723176941583,1.04732178845017,0.84143313465653,0.137788014917909,-0.220626609113283,0.0797165089293237,-0.150814678877778,-0.303375461811477,0.444518959145747,0.43956925340358,0.362821503295461,-0.367299245968968,-0.0795043007558097,0.76,0.0
25426.0,1.12533553530785,1.13014648418496,-0.962975334759173,2.67568785863118,0.990074518469203,-0.243317741184431,0.316192138064781,0.122960131988498,-1.1433427947576,-0.369908966047961,1.83449419801385,-0.491243315415958,-1.12990700459946,-2.23862224442526,0.27846874170613,1.47792560308038,1.77645429510255,1.14928218583042,-1.30699464468423,-0.138813697509247,-0.166736918429935,-0.52193383894905,-0.112376257435029,-0.592076750460089,0.520791314299405,0.0433535805717847,0.0151590212632604,0.0636117222853327,3.76,1.0
28658.0,-28.5242675938406,15.8769229879536,-29.4687320925264,6.44759140152748,-20.7860000418837,-4.86561341755669,-19.5010840750712,18.7488719520883,-3.64298981925263,-7.93964241937325,4.18467368942509,-5.83507521523889,1.21595964527928,-5.33014378246253,-0.118631138153322,-5.36777527618834,-11.4317569116986,-4.69692444373293,0.69268841200477,1.7068890619925,1.80576978392608,-2.11937616760819,-1.31744962200248,0.169845630469178,2.05168733506275,-0.210502000459411,1.30173396497076,0.380246181418509,99.99,1.0
77154.0,-0.715413746430203,0.608590312773943,1.15550089022062,-0.267565092666965,-0.563747540811752,-0.618897959603515,0.698307698659261,0.0698369023541396,-0.133341030527008,-1.02533539256113,1.50062918076179,-0.417898026653376,-1.59029515148629,-1.07499904137371,0.288234297659522,1.37776850908719,0.22388685433899,1.31107267514226,-0.896071786353489,-0.186977992930248,0.130748607589043,0.239389294462508,-0.0902274074581911,0.411572390517299,-0.216125965872995,0.353896329216255,-0.0623612631790606,0.00843300173166346,129.0,1.0
53727.0,-1.64927881611351,1.26397355628777,-1.05082567399718,2.23799063903423,-2.52788923751396,-0.889939993137591,-2.35525367110661,0.85465864123984,-1.28124261677782,-2.70501138232752,1.17447506014201,-4.38191956749248,-1.22666589816604,-2.95382425341893,1.99416119386347,-3.30425391022094,-5.58579436647491,-1.64370403169872,2.11863332532912,0.0874063699474628,0.679176431149171,0.731907051356776,0.333045475501739,0.392505235969248,-0.274197297543759,0.802348667525187,0.390808552793314,0.11214553148245,112.45,1.0
41329.0,1.30685642708967,-0.0846762262024392,0.34963133731192,0.0622861585907008,-0.437342047171641,-0.459121506996436,-0.143095405751172,-0.160263582293383,0.656166873441755,-0.389179210859845,-0.967001860000649,0.877381611681672,1.08549943201544,-0.471314115444316,-0.383252056978584,-0.271833664101652,-0.0505599092092508,-0.685622033393267,0.641735014330843,-0.0153963630265357,-0.138908859972505,-0.0854848370767314,-0.129034391915986,0.0150559570131106,0.547222983374069,1.13989495312745,-0.0596512724379259,-0.00379848769881422,1.0,0.0
90270.0,2.04874915789891,0.244056525237543,-1.58100501165948,0.742254186138441,0.172119390321366,-1.41738814640006,0.101797447762777,-0.395404171654386,2.02352690495599,-0.822427862468013,0.48084991807659,-2.94675396334682,0.647984813874293,0.907852367063979,0.315819751744677,0.160955259768916,1.24158981481068,0.805065688353847,-0.701356403207391,-0.317021181248513,0.0402674249815988,0.497685350469339,0.00897214806522906,-0.164870031822562,0.181402506150548,-0.133742008506022,-0.0325485556785077,-0.0400221385863119,4.49,0.0
65817.0,1.21757543662047,0.243786360284697,0.545915842984144,0.498856982014954,-0.366853024957607,-0.652513535192254,0.00113873598458321,-0.0935910484797447,-0.308184256561275,0.0849021021545786,1.58688945278578,1.38628573108168,0.849011805192492,0.312795039447033,0.263690386445071,0.470687599452377,-0.709646348273229,-0.122276426477129,0.166952273725669,-0.0421384381593141,-0.19862092859776,-0.581696266463225,0.116253192949683,0.341054421981379,0.208406863075741,0.0751429464818591,-0.0288704316243101,0.0101858618352493,1.98,0.0
119851.0,2.05918960239358,-1.73235052791866,-0.774727773832889,-1.5690248116517,-1.39639789106968,-0.27251522123585,-1.18638293707805,-0.093579325988632,-1.38799546385177,1.6495938094628,0.553267256815083,0.211889526859396,1.14008303077388,-0.478614809207132,-0.766186805359599,-0.229226696704237,0.0934542159371462,0.454609179076813,0.0845337538069793,-0.178204645737838,-0.0400892631433759,0.203481976430958,0.118730383916724,-0.39121212582063,-0.297610092521014,-0.183024821057254,0.0116110013263987,-0.0398035742893638,114.0,0.0
71399.0,-1.03900267932237,1.05954346942908,0.755489096141757,0.123509954360281,-1.10817295878746,1.03236149068439,0.211319834084751,0.895595482658182,-0.279491271982622,-0.519541433926442,1.32684448820892,1.14308424093962,0.223866233929044,0.42767056118356,0.357041618814851,0.616611479744703,-0.492736928606187,-0.146408654036016,-1.75304229423377,-0.516439510663145,0.271865952471969,0.749780248932625,0.231996788173481,-0.318319625621038,-0.825304486928377,-0.70941225202637,-0.438962910484094,-0.352014914900354,166.0,0.0
72041.0,-1.13135390962602,-0.720339743377388,1.61455090875986,-1.85674755313945,-0.674548103496542,0.079355196661023,0.983499937849836,-0.223372161042049,-1.02270722218125,0.0160540338863063,-1.22112636965878,-1.24896679723813,0.632737650454369,-0.816097096162082,0.513719102363098,1.73263453499341,-0.589875385762071,-0.584357806644447,0.0992352821613922,0.997691078081002,0.3649931676151,0.677180655758734,0.132204843741041,-0.577407476014899,0.760131492339986,-0.14930391105096,0.0215985531209357,-0.0838829024075306,276.0,0.0
34634.0,0.333499490680108,1.69987344643198,-2.59656116696059,3.64394526899047,-0.585067615145778,-0.65465853161144,-2.27578851019488,0.675228968561644,-2.04241592376479,-2.83487115980611,2.80200512615164,-4.39273243849001,-1.36967144973756,-5.32728665168661,0.16315896154,-1.35938947657172,-5.09518287931609,-0.338012656200231,-0.124137989024621,0.32934171405761,0.469211944535006,-0.144362651206432,-0.317980934036568,-0.769644309522666,0.807854587509663,0.228164299217237,0.551001873896763,0.305473419992231,18.96,1.0
91258.0,0.027127548139724,1.04809700627999,-2.00884356074411,-0.36660491059871,1.56369036496172,0.213201944770766,1.03154226027885,0.337746563567347,0.521174452172194,-1.59203077985446,0.972652294752034,-2.36783344457562,1.66834090072724,1.20614383401132,-0.0700887036865443,-0.703949598767536,2.17971621635544,-1.13061722349877,-1.89305183475013,-0.249763947848489,0.139250167842287,0.532101281538631,0.311360321198007,-0.394691078373022,-0.64901371229877,0.471256711857611,-0.154705648454229,-0.0528915852140672,85.09,0.0
39064.0,1.27860863488606,0.102573999889485,0.512079356147001,0.00392965996555772,-0.723473860615301,-1.33410498060545,0.0299578338709142,-0.296594927878066,0.128118526033721,-0.209865413178018,0.188510906582235,0.674524633702595,0.712607768138369,0.122318973139392,1.03802428678387,0.128638178254495,-0.222614027113681,-0.687546308838757,-0.0565037412066714,-0.0400146603085859,-0.081470342923709,-0.182506173986371,0.0789861716849907,0.789993043186077,0.219793689218422,0.938359118965301,-0.0787204948522964,0.00811857000391301,1.38,0.0
61231.0,-1.35758619534977,1.98490220609853,1.26207258839894,2.91577389860292,-0.250742282711828,0.531580023166421,-0.0579006104758565,0.693910491119818,-1.19203120182081,0.744746605659148,-0.680197615707927,0.627341202686394,1.06673070835756,0.0612731829833058,0.130606282925829,-0.793496232014413,0.854532280832477,-0.847684929429012,0.826977607211137,0.0771138845223215,-0.045400370916813,0.00777630998760689,0.014502076245389,0.108313025475283,-0.235873758434276,0.094638087629319,-0.410912996673503,-0.150338881216312,1.0,0.0
26789.0,-1.40281810239564,1.41627546516837,1.47662404396667,1.43213879394731,-0.143015911080479,-0.651753241484889,1.06302209906137,-0.0456123975505738,-1.09207142793876,0.271842024486254,-0.580022640853392,-0.277353456553917,-0.149486512415133,0.155898160963357,-0.229555795923209,0.806635149298872,-0.781919075411914,-0.228021074622972,-1.84722805502695,-0.362002327698109,0.181614033599673,0.406132200965847,-0.152747535980387,0.699578997055669,-0.0332555439317169,-0.217168219667477,-0.590379720928928,-0.132483231110545,73.39,0.0
89173.0,2.09133892319057,0.0445230645623661,-1.7199275171961,-0.123350055151948,0.541366715101356,-0.923055104806131,0.462111863702006,-0.409618428016873,0.309946564986647,-0.0978734440264024,-0.643851121986191,0.86094262898713,1.2747783381436,0.333066098087335,0.617183459667817,-0.162272347237442,-0.609167546627158,-0.620322272594484,0.232730245540483,-0.0812315356341826,-0.151791710298245,-0.369444205830044,0.210457159530927,0.498499313099834,0.0183461375039016,-0.179215441245104,-0.0555082295724247,-0.0506053685183405,20.0,0.0
79969.0,-0.93158104990814,0.466674018402545,-0.0967399828673593,-1.9005356857421,-0.44488862911261,-0.788974211297732,1.08586428476464,0.32237740405016,0.492990245957954,-1.55333577529817,0.496888414626215,0.99705180343145,-0.607959860664328,0.739234991237029,-0.759230953260065,-0.495697062900353,-0.362166634499518,0.542624246672615,0.526438117961717,0.144050302470091,0.240216209221071,0.573990113722772,0.155287505895779,0.00305186607329745,0.016878220752762,-0.818313926554716,0.256808927550367,0.176304797426387,156.53,0.0
68759.0,-1.6480635884687,-0.225300500970589,2.04144793166549,-0.362164900426286,1.57925739540988,-1.361551958379,0.896742143251766,-0.35809374549905,-0.0751328059594206,-0.291684822556731,0.908569043823917,0.0216789500894691,-1.75988196956674,0.0724334894239825,-1.59891301456404,0.127054480292046,-1.00005045919128,0.0784844213302646,-1.32475157277603,-0.082261707007346,0.0143794472372557,0.0833011402506158,-0.382464744808036,0.495550923208334,0.874020753219759,-0.615053318793495,-0.573531088399807,-0.207027493760936,0.76,0.0
76258.0,-1.31418953682655,1.69438240677063,0.823502656515237,0.336405164089072,-0.153412426199569,-0.894551302708201,0.51110456447112,-0.147407142802504,-0.188179569912448,0.320787877353884,-0.0901153791461532,0.32242957438886,0.927107192850613,-0.604657716602307,1.16808206118161,0.0376688539770471,0.212754395899254,-0.158561881239981,0.597756719291597,0.0547563794246057,-0.122435735624336,-0.395706458499482,0.168226484978898,0.354543568903865,-0.697873196574224,0.00387446373918161,-0.71668146695881,-0.0340141513320561,2.69,0.0
28755.0,-30.552380043581,16.7133892350242,-31.1036848245812,6.53498386355181,-22.105531524316,-4.97769196369245,-20.371513594495,20.0072083651213,-3.56573779124378,-7.7310714411342,3.8294273949908,-5.31433227604015,1.44693027992913,-4.57926372815218,-0.142299360010106,-4.99784830436345,-10.9614103561188,-4.64148195920404,0.567056279787444,1.73364399368955,1.8165201713562,-2.28868550494101,-1.46054449877578,0.183179482716819,2.20820917836653,-0.208823971247713,1.23263629519904,0.356660010884047,99.99,1.0
66110.0,1.2550833104993,-0.74655047265066,0.154636759891196,-0.659985976734834,-0.616332369725787,0.117204667674311,-0.55538743880785,0.0642427971186433,-0.81281332330359,0.603317372157439,1.0744169540177,0.485881473554229,0.314859301915876,-0.263986562648662,-1.02379649230989,0.459282224344127,0.609550479781953,-1.63374213915825,0.974931303524102,0.145181052189064,0.141271706349715,0.431270951887839,-0.170736945951388,-0.240450605179582,0.623296541683799,-0.119476847375752,0.0119243140990504,1.74180582967344E-4,54.7,0.0
41353.0,-15.0209806030789,8.07523975163174,-16.2980905380446,5.66482005292134,-11.9181533731348,-4.24695712395156,-14.7166675516611,9.43508432139337,-6.7953981269244,-15.1241628144947,6.03766622940467,-11.6767222367813,1.32697878633103,-12.3816058947985,-0.0716392778020956,-9.48414337021449,-19.6718814509262,-7.64327282087749,1.16906441801605,-0.995786857833133,2.52511546344786,-0.832074336953531,-0.186116823393738,0.429780833741005,0.697102812320081,0.0560310740941657,-1.31088762047629,-0.707402991270252,34.12,1.0
14080.0,-0.317379653524044,4.70404461769322,-9.05838308299007,5.1474045031215,3.45599839652565,1.49849602873182,-1.03267277328327,2.52154889028937,-1.12359532057854,-1.17492625477891,2.33438632402333,-3.88042021877625,1.44764810427133,-4.61005355088154,0.177321909876384,2.76362776951628,7.73345628377118,4.09343995554214,-0.757368198736216,0.142926386870024,-0.130385163985905,-0.42544624667423,0.496532698442704,0.248643554668689,-0.667931446202074,0.446575557726888,-0.25347665651486,-0.169832705373003,1.0,0.0
34621.0,-0.637541842861656,0.916560565136158,1.78755069936623,0.147347881804438,0.138703236470855,-0.530808101857707,0.84292682763131,-0.0206769832968597,-1.19200095432097,-0.322195578344561,1.46771577621986,0.699335826919936,0.130813333457068,0.507176801745217,0.402983159353256,0.0102171477625623,-0.269118208908225,-0.15495988303,1.28927678021194,0.191900818190131,-0.369474047248976,-1.2572631775771,0.0469310317424402,0.297245323382889,-0.107909792226869,0.0933912901009396,-0.0079833939815811,0.0651230633767249,32.9,0.0
65385.0,-2.92382666427262,1.52483716405302,-3.01875803326242,3.28929147538496,-5.75554237361289,2.21827630310359,-0.509995431790455,-3.56944356866613,-1.01659168855188,-4.32053577559936,1.27720226474415,-3.70174966668488,-0.97186959353265,-4.85777667212588,0.0906055221312176,-2.80150199048762,-4.18680753704806,-1.64840609367465,1.1764455977519,-0.447039406719925,-0.511656805196235,-0.12272408639124,-4.28863899895194,0.563796657800838,-0.949451350280346,-0.204532177495445,1.51020648735902,-0.324706012560446,1354.25,1.0
30717.0,-0.97543035783668,-1.64932409850242,1.58135656452266,-1.37957768946459,-0.152562302076411,-0.201571164288236,-0.763893843953228,0.00430033543375206,-2.28178757805231,1.78451221385803,1.00164227482014,-1.33076516930175,-0.877341049371464,-0.121016595614491,0.79872828098571,-0.744878792901962,0.686970404066051,0.385042307576977,1.1335308043126,-0.335722006252498,-0.406639145726553,-0.458033694728647,0.976207670262672,-0.411276144327828,-0.610034740816658,-0.373743768349738,0.0161572952728979,-0.172344119216861,15.5,0.0
81608.0,0.992546292411902,-0.248911162510912,0.897364761289737,1.47496822410725,-0.56031270336515,0.617746859457785,-0.452742637484826,0.328305174377741,0.657715600060662,-0.0964926707742395,0.786208326679499,1.17524422411324,-0.630530902744827,-0.118166434431997,-1.3611798529345,-0.600859400020775,0.208089089874592,-0.341927264709881,0.0236064603171536,-0.122471235030891,-0.0114685693416307,0.189856673223614,-0.117286086207519,0.046688063491774,0.557060176682247,-0.278907670979932,0.0589101328914406,0.0192452278145334,51.35,0.0
68498.0,1.17094308654691,0.21138809436318,0.284955066973946,0.532620184993176,-0.181005947087642,-0.29155244481453,-0.137328940462139,0.117881454591514,-0.135586932349354,-0.13925601094074,1.74402778759109,0.673907893386009,-0.505938952625919,0.0620687413635337,0.714458930240016,0.412755953334554,0.057118088733472,-0.174835228726733,-0.261732411392265,-0.14256836290853,-0.215996006156265,-0.654765928575216,0.154030406842143,-0.0394661037512026,0.0924981150748595,0.108993471630617,-0.0144221030275423,0.0157686541920935,1.29,0.0
46925.0,-0.481531150954278,1.05954227713479,0.647117402910268,0.905586233912649,0.81936824001549,-0.0911835663506086,0.504134851323607,0.161064336313081,-0.765053776949662,-0.55054534794377,1.48028602025778,-0.105359122514952,-0.804841454759319,-0.819901849432008,0.916881766469427,0.201150538864914,0.874890632270019,0.941476678511478,0.272698476205832,-0.0425151328862889,0.0706328691882125,0.192490772493404,-0.174659253437827,-0.438908072947488,0.239258996609831,-0.217823405004998,-0.0728522476980958,0.0104633125817071,1.0,1.0
44532.0,-0.234922308660103,0.355412643473604,1.97218278594888,-1.2555927126284,-0.681386509254345,-0.665731671302037,0.059110489686438,-0.00315327709103439,1.12245113562848,-1.48124586053984,-0.473852105914046,0.9221844195147,0.913513839827119,-0.499349578859305,0.933898442932603,-0.560471962989049,-0.207706529097452,0.380541571066627,0.574335960915453,-0.0034694628125566,0.220670430492642,0.912107214037724,-0.286337679755902,0.451208246513352,0.188315252003614,-0.531845781256926,0.123184687838547,0.0395806345060398,1.0,1.0
23078.0,-1.21873278630134,2.29848111294164,-0.367019689783837,0.819483651048595,0.192404971705984,-0.682610800843193,0.718650273159157,0.0198982804414937,1.6213678370381,1.29886419390913,0.759677294460504,-2.13779013469251,2.02113035514641,1.63347136799617,0.20386948865692,-0.958521450566214,0.860562561255527,-0.415460198722999,-0.335362471311196,0.593302337370828,-0.146606330994678,0.476007696134286,0.118576475502554,0.0201209703072448,-0.539517312738492,-0.428878804543838,0.674745275900967,0.241948880927471,15.27,0.0
73748.0,1.1559702252005,0.181975751194683,0.360253123438519,1.07512891829035,-0.436421411837032,-0.782884072314031,0.0576815118847124,-0.0339261306611138,-0.107879268685946,0.212170321753981,1.27951890225471,0.295217417745609,-1.34177155536116,0.844681036469376,0.340235728867582,0.245191424313555,-0.532408909022264,0.430141882663567,-0.154748800525198,-0.18592193848737,0.0880136859500761,0.168383395118571,-0.0853451629348763,0.515373732570065,0.583252223760712,-0.356066995331068,-7.51318601733869E-4,0.0123510947860101,20.0,0.0
47923.0,0.364376991240021,1.44352346510311,-2.2209073739296,2.03698508634993,-1.23705503097364,-1.72816100636381,-2.05858236489925,0.358895084111675,-1.39330570864802,-3.50579032571994,2.81431415481622,-3.34217599575955,-0.150269366634614,-4.82032224395007,1.10260955786246,-3.15703267184314,-4.40585022452865,-2.55882785118576,-0.208809536741974,0.310979602822284,0.402729680639885,-0.132128891527171,-0.0329771760409112,0.460860836846427,0.560403798330262,0.409366102366135,0.539668285308506,0.296918378210685,0.76,1.0
43236.0,-0.388202999079882,0.839666856477351,1.20533685522767,1.32644815061145,0.0631005806711508,0.272703201064457,0.474913138128064,0.0785226432735948,-0.419390779316511,0.181874476401367,1.30068740064715,1.04449642146922,-0.0748722325249113,0.128164143056393,-0.527932014656393,-1.04787887003121,0.393201408894138,-0.306993029778157,0.892947407137305,-0.127593254067259,0.0903023423717133,0.46081135908021,-0.0907138686188041,0.258983133058209,-0.383891712335603,-0.331114860165726,-0.077942527666494,0.0463218989352439,36.59,0.0
7519.0,1.23423504613468,3.0197404207034,-4.30459688479665,4.73279513041887,3.62420083055386,-1.35774566315358,1.71344498787235,-0.496358487073991,-1.28285782036322,-2.44746925511151,2.10134386504854,-4.6096283906446,1.46437762476188,-6.07933719308005,-0.339237372732577,2.58185095378146,6.73938438478335,3.04249317830411,-2.72185312222835,0.00906083639534526,-0.37906830709218,-0.704181032215427,-0.656804756348389,-1.63265295692929,1.48890144838237,0.566797273468934,-0.0100162234965625,0.146792734916988,1.0,1.0
26585.0,-19.8563223334433,12.0958932259299,-22.4640827464876,6.11554110191771,-15.1480215209615,-4.34672408349599,-15.6485074722661,13.2768048056341,-3.97416161954102,-8.85919405880884,5.73081553744459,-8.08803351213651,0.230824969324902,-8.57897327333454,9.46636693186079E-4,-6.94774606726094,-13.4728970076501,-4.94021082886802,1.23014255193802,1.58292955492187,1.75072984045421,-1.40963570908141,-0.809809278333882,0.121396659905885,1.35030007077468,-0.224291873525585,1.59762136835254,0.476919818025438,99.99,1.0
52934.0,1.03663855772541,0.407227280182074,0.75770616494457,3.16182144737059,-0.568122226356034,0.202180695126505,-0.68980405626803,0.41137993906161,0.336769232300548,-0.283731283967387,0.90311745288141,-0.158825775049249,-1.93070901899978,-2.37665364067708,-1.8101724846962,0.935791272330693,1.59150614830401,1.25947071382768,-0.666806394320072,-0.219461074162075,-0.0501076222906236,0.123760575662397,-0.132567901550036,0.350230553629671,0.507701400813083,0.189620904934317,0.0610156660255082,0.0631412801847289,0.76,1.0
76491.0,-0.493231527807676,0.77503037502356,1.70594688335252,0.446518115095562,0.711257416762839,-0.210418703611644,0.951627145973898,-0.172507632319222,-1.2789472990495,0.276759334514245,0.928217326420795,0.590270488239223,0.786345237555793,-0.12315252592253,-0.817548517491268,1.12865633283939,-1.34334744983079,0.0560419473064721,-0.890446739711896,0.0959146126693809,0.0114028394424893,0.00678194252826955,-0.0271239331453667,0.0443552742495723,-0.57971398128833,0.571911295484173,-0.130673593363173,-0.0840465511074599,31.09,0.0
51085.0,-0.593143830543052,0.992612580635593,1.42125903764936,0.841566074166295,0.300590664031363,-0.595096912668954,0.725037859767999,-0.197093568264074,-0.253795362370298,-0.289809917428417,-0.723414059925762,0.700705545389568,0.863976092177984,-0.354086695461634,-0.651561662298583,-0.59152246558554,-0.0772634585059971,-0.508106869499076,0.132389055340404,-0.077658131363042,-0.0124266074112869,0.0754785505073822,-0.225370955644571,0.421442991608379,0.297341008857099,-0.415204974933748,-0.234758003904788,0.0714863582899194,1.0,0.0
41308.0,-13.6807603221285,6.99038924197379,-13.7700011356219,8.694896899191,-11.4269679730732,-2.91984498997907,-14.5945615876748,8.62290473620712,-8.09069700355941,-12.7806339362021,5.3306013514672,-11.898065148453,1.59599290197592,-9.56016927087188,0.596403762858148,-11.3809956026059,-21.5368016259059,-8.48535580519493,3.51761050964655,-0.877391609905133,2.98955250855903,0.497598716647637,-0.509290299460639,0.732503456665873,0.280527953637944,0.280037142108891,-1.40668683562971,-0.663643363595055,0.76,1.0
34677.0,-0.417409098963446,0.215323125363298,2.06636937645805,0.18371574126993,-0.876584761364108,0.456355051532931,0.425649246107935,-0.0495129621553405,0.583447576894543,-0.273104228339353,-0.544882552898688,-0.465645823828938,-0.72346318873269,-0.419603883674687,1.19311195382887,-0.381572122180806,0.149874951421096,-0.119526159619965,0.319036456358451,0.0448886645766091,0.193753164170521,0.877160771863003,-0.0221266879252294,0.142247457692017,-0.759588469695547,0.686700935284256,-0.0920622183765928,-0.0813563010541405,114.08,0.0
30096.0,0.304457727627238,0.580989792857245,0.676092083091111,1.37984775389483,0.144741377354062,0.745690369900263,-0.00532289347760058,-0.706446673611543,0.0163244448404795,-0.133713148706602,-1.34883974487776,-0.161123860918804,-0.541835592561866,0.26083048103305,0.464255471219288,-0.810793534246146,0.381365679453621,-0.473400818443069,0.814369874403043,-0.129727231490374,0.628714272960997,-0.468432128372462,-0.190439031770986,-0.758649507250358,1.00714327718684,-0.0689274128325243,0.198418027424249,0.209702639213618,33.31,0.0
69581.0,0.0833072948803263,-2.61009006268717,-0.310217120892445,-0.245863505124805,-1.56614729642692,-0.254113354327121,0.190261350166622,-0.0847147881057561,-1.05226021484135,0.489786054867578,1.70966886575966,-0.287470492817406,-0.978570658624489,0.513556750167417,0.409248588485008,1.0525976923691,0.466893823833008,-1.32021992838592,0.271478225880039,1.26919231119984,0.475605956731523,-0.234715950005598,-0.474935292696988,0.237226148660047,0.014153427722756,-0.405482754732581,-0.115753452009086,0.113564440424769,649.0,0.0
92102.0,-1.66293711018596,3.25389242362715,-7.0404847120185,2.26645647990886,-4.17764891282786,-0.746924828187599,-0.248336733243902,1.09115651568673,-0.307137450847617,-5.56794705115052,2.71273940377591,-5.94840312668093,2.14472605490538,-4.21175592358692,-0.137195538810617,-2.63940913979839,-2.53235540606601,-0.667067027160165,0.626059293435215,-0.842178336511866,0.450381285220709,0.521161529635377,0.308325446158517,-0.318011840652356,-1.25536156975299,-0.691963403718384,0.264878381232973,-0.130444804408444,600.73,1.0
56887.0,-0.0754834663888726,1.81235458422751,-2.56698081016962,4.12754860722303,-1.62853157024518,-0.805895445766318,-3.39013454458215,1.01935326231828,-2.45125125188341,-3.55583492739064,4.31571103012142,-5.47980167679906,-2.11550315600957,-5.5887855765974,0.280108069299552,-3.50723062361012,-7.45709493793125,-2.32549168188332,-0.440434552920779,0.338598140549314,0.794372451897782,0.270471232297866,-0.143624140755259,0.0135659145316466,0.634203128800614,0.213693187250942,0.773625466697089,0.387434054572014,5.0,1.0
69394.0,1.14043132434726,1.13424300279892,-1.42945474072655,2.01222598912655,0.622800198240135,-1.1529230868157,0.22115947772768,0.0373717733484629,0.0344859259841517,-1.87964382107016,2.19166507997652,-0.487849732811135,-1.75713709936308,-4.46105120749925,-0.402884205654366,1.4109171085787,3.61925125200524,2.28492676267757,-0.443999191918561,-0.0997118777920308,-0.367136001490949,-0.891627120817809,-0.160578066799212,-0.10832596200032,0.668374321480191,-0.352393242949003,0.0719927692746503,0.113684370071235,1.0,1.0
472.0,-3.0435406239976,-3.15730712090228,1.08846277997285,2.2886436183814,1.35980512966107,-1.06482252298131,0.325574266158614,-0.0677936531906277,-0.270952836226548,-0.838586564582682,-0.414575448285725,-0.503140859566824,0.676501544635863,-1.69202893305906,2.00063483909015,0.666779695901966,0.599717413841732,1.72532100745514,0.283344830149495,2.10233879259444,0.661695924845707,0.435477208966341,1.37596574254306,-0.293803152734021,0.279798031841214,-0.145361714815161,-0.252773122530705,0.0357642251788156,529.0,1.0
14155.0,1.25225886170151,0.423969948405408,0.432953191862792,0.902978752432055,-0.336626471448302,-1.03204956698257,-0.0303090405121334,-0.260622258533862,1.38237502832196,-0.6423544725767,0.803506818267928,-2.50183816651091,1.43810631209264,1.23308612711594,0.40443972918299,0.471462234571785,0.749732273061887,0.0293607920206741,-0.397895157359661,-0.143806943457269,-0.44115080281193,-1.05425314299261,0.142346061650755,0.267225593513391,0.177809290262681,0.0571914001646686,-0.0533184582849999,0.0240783522081778,5.49,0.0
55279.0,-5.75385192191905,0.577609830544052,-6.31278151817008,5.15940136394611,-1.69831984974091,-2.68328644007023,-7.93438913772177,2.37354992013064,-3.07307886895315,-7.14513662527302,6.25006758982915,-9.15082268467043,-1.37614146959781,-9.98258470738767,1.2022169675584,-7.56504249195105,-13.691474448179,-4.36686728138342,2.18142273556017,0.0175000205275833,1.17785240817647,0.175331359039045,-1.21112332108691,-0.446891081681294,-0.405520352964176,-0.165797490498776,1.50551591304239,0.359492050360598,1.0,1.0
11131.0,-1.42662331260887,4.14198623236944,-9.80410344235714,6.66627300324451,-4.74952679326515,-2.07312900595144,-10.0899311630826,2.79134529885187,-3.2495156171301,-11.4204509744097,10.8530116481991,-15.969207520809,0.546690084634152,-14.690729133641,0.91233739988339,-12.2271892780267,-18.5873662058916,-6.92076186060174,3.16699890688552,1.41067765264616,1.86567876848945,0.407809281593599,0.605809354312964,-0.769348118123441,-1.7463368287861,0.502039516709683,1.9772583297728,0.711606531209485,1.0,1.0
52934.0,1.03663855772541,0.407227280182074,0.75770616494457,3.16182144737059,-0.568122226356034,0.202180695126505,-0.68980405626803,0.41137993906161,0.336769232300548,-0.283731283967387,0.90311745288141,-0.158825775049249,-1.93070901899978,-2.37665364067708,-1.8101724846962,0.935791272330693,1.59150614830401,1.25947071382768,-0.666806394320072,-0.219461074162075,-0.0501076222906236,0.123760575662397,-0.132567901550036,0.350230553629671,0.507701400813083,0.189620904934317,0.0610156660255082,0.0631412801847289,0.76,1.0
48181.0,1.19935634606358,-0.855916655798707,0.196858840580514,-0.758762215409364,-0.893724325463203,-0.070132778157954,-0.636545148431422,0.129582940349663,-0.905119440274898,0.806579602810149,0.943010704213175,-0.126007423002245,-0.934214451417042,0.548167564185251,0.688554119391139,-1.1114258146276,-0.0938487247029907,1.17324323404681,-0.717632425919632,-0.426276091750191,-0.404365046438707,-0.912773191863904,0.0764634911732157,-0.31917537915639,-0.0290219181414897,0.93360595956925,-0.0633748024137046,0.00328357269201581,74.2,0.0
12093.0,-4.69679522444504,2.69386747884008,-4.47513271259153,5.4676845487781,-1.55675807549758,-1.54942028904253,-4.10421487278526,0.553934075416293,-1.49846813107494,-4.59495176285009,5.27550585077254,-11.3490285500915,0.374549235103921,-8.13869488434773,0.548570894168134,-6.65359434741365,-10.2467554066001,-4.19106626655491,0.991486122257293,-0.158970548660611,0.573898081112651,-0.0801627753981571,0.318407817148194,-0.245862202650853,0.338238431564141,0.0322706213908033,-1.50845793363219,0.608074682590101,0.0,1.0
20332.0,-15.2713618637585,8.32658106147414,-22.3385905133352,11.8853128922128,-8.72133435613386,-2.32430694897567,-16.1964186599881,0.512881820424485,-6.33368515594745,-13.175198078736,9.93981974172569,-14.2254557039818,0.716033665192873,-14.0047761755606,-0.329447848153274,-8.0594194070953,-12.1220088158237,-4.79971013254961,0.686227163597458,0.993121017282391,-2.3568962794623,1.06801917704623,1.08561716724338,-1.03979707801119,-0.182006136246673,0.649920860777984,2.14924707788821,-1.40681133211222,1.0,1.0
93860.0,-10.8502815883108,6.72746568826853,-16.760583409542,8.42583167857118,-10.2526968683093,-4.19217104406337,-14.0770860104531,7.16828793346092,-3.68324217370244,-15.2399619587112,8.03070840755191,-16.0603057628826,0.270529742348469,-14.9529810390579,-0.241094883743813,-11.866730636746,-15.4869899240937,-5.74865155747378,4.1300314273319,-0.646818272966729,2.5416369467068,0.135534921100722,-1.02396689219897,0.40626452579196,0.106592778669641,-0.0262323892202069,-1.46463002356247,-0.411681819907858,78.0,1.0
33068.0,-0.511734669062037,0.437636139137208,1.48986679539263,-0.642499965395766,0.245006880678389,0.167708701608663,0.50519033649712,0.213210722875478,-0.473883894187797,-0.644365853072958,1.14615005084159,0.997301242321253,0.693543756036789,0.00601888135262698,-0.0806103086859503,0.640386586966317,-0.937256412242026,0.0226452928465046,-1.03192578462405,0.00880302635902334,0.187439682982333,0.412989765077416,-0.0198626607651152,-0.271605820639555,-0.107036031626621,0.175962580353318,-0.0165803333376513,0.00582677168029291,56.0,0.0
26833.0,-20.5327510764355,12.3739891389716,-23.0090029136283,6.14482097803751,-15.5872960035928,-4.38449066917613,-15.9390026942523,13.696416119399,-3.94845491908543,-8.78972336330438,5.61234710799626,-7.91442236630349,0.307819968365149,-8.32860088836825,-0.00697929458963793,-6.82452417207669,-13.3160791903173,-4.9216120866876,1.18820420779718,1.59275393136331,1.75460760918813,-1.46611525253641,-0.85677863566488,0.125776576475404,1.40258698975375,-0.223754856770293,1.57424873519633,0.469200693158523,99.99,1.0
62457.0,-1.27138215614853,1.46201148271671,0.548014229940905,-1.84639825056143,0.293753163312937,-0.352101641124716,0.628399002622374,-0.0986077304927159,1.342131637941,1.1015068755608,-1.56132506415828,-0.679053270752178,-0.0947408748386472,-0.66339035840213,0.754264589279228,0.881840904397441,-1.33090901754639,0.0147198864240198,-0.379688658241106,0.753021142719909,-0.400500748788466,-0.624314701729281,-0.172056174293811,-1.00531637162624,0.152828869060999,0.804890433174846,0.53459669166597,0.12759019394164,0.77,0.0
41305.0,-12.9809425647533,6.72050777097643,-13.4556359425571,8.69861009281133,-11.4795517833437,-2.68151865053833,-14.0192907576919,8.21819051252864,-7.93089996826719,-12.6959474039839,5.58936163192341,-11.9608660326622,1.53867076186333,-9.88721406724695,0.6339792179337,-11.3502438549644,-21.7101876525534,-8.85945192496352,3.62971365041526,-0.84330261969681,2.54962823474498,-0.532227763596568,-0.235096473604284,0.673209169467055,0.22659797207791,-0.00616785819002466,-1.18569550568181,-0.747361321404312,59.68,1.0
70828.0,0.196706751987779,1.18975728641634,0.704882217511495,2.89138777331251,0.0455553693851548,1.24573045976205,-1.19871420021049,-2.42161641083942,-1.23208864617238,0.324238886093679,-1.27393508028395,-0.868686295319925,-1.18194465496857,1.0275841718551,1.68813234484864,0.256215978185418,0.120608339589106,-0.0523460171330233,0.329826631850516,0.646616407050903,-1.32813178943378,0.189310618105111,-0.00552418359572104,-0.814707739467747,0.400924279960331,0.286281378755055,0.135214945600326,0.257314769060283,0.76,1.0
42591.0,-2.16698067237581,0.57063378272409,1.02997284474466,0.796655516953661,0.955333405931975,0.146142663183879,0.962042535471631,-0.608883531283903,0.194148050150996,1.74086497471252,1.50471498664906,0.39095160710499,0.15699211091771,-0.327660554965355,1.04790871159814,-0.610302652841191,-0.484773826672674,0.110269098485845,0.933618337420015,-0.451869216358885,-0.163533561202421,0.762914389100247,0.333605676098734,-0.273470248344813,0.100304277561178,-0.276278421594465,-0.497671300540028,-0.182971713920198,13.07,0.0
9064.0,-3.49910753739178,0.258555160773118,-4.48955807274398,4.85389435139681,-6.97452154477167,3.62838209065084,5.43127092073166,-1.94673371078472,-0.775680092900109,-1.9877731876087,4.69039566550924,-6.9980424321007,1.45401198637847,-3.73802333366749,0.31774206255503,-2.01354268083989,-5.1361351026702,-1.18382211654359,1.66339401354543,-3.04262575715977,-1.05236825623151,0.204816873569406,-2.11900744010783,0.170278608305444,-0.393844118118335,0.296367194488607,1.98591321801306,-0.900451638402827,1809.68,1.0
25095.0,1.19239598990768,1.33897371069007,-0.678876186687009,3.1236723071222,0.643244863589275,-1.18432299431215,0.397585526006899,-0.253498538261658,0.41113497684127,-0.859862301810301,1.124059382453,-3.76387384832398,0.367975966769142,-0.971757538368114,-0.0138825132357776,1.45757852763076,2.61145033447876,1.2919552295122,-1.56381522671193,-0.185454650142832,-0.377503243008699,-0.889596747960403,-0.0742075893964193,0.0354455164139561,0.550577974200231,-0.0271712789934873,-0.0249206212266212,0.0736053986634045,3.12,1.0
81334.0,-0.599410152731451,1.24750244315991,1.204286001391,-0.110214418985581,0.00686573215187496,-0.673743685838375,0.588493662038932,0.0989981095665793,-0.424625824969671,-0.0279557714284502,1.46190632720643,0.473816240548947,-0.236288024282154,-0.250170767076964,0.237472597313111,0.571467440051666,-0.236821865396987,0.373983916288943,0.171068853125844,0.231278534025331,-0.246657446409857,-0.619952534844111,-0.0133362174826296,0.266782426503252,-0.148046807665601,0.0602395824008654,0.347718794836088,0.145607777394611,3.27,0.0
2792.0,-0.416183694774102,0.598640142770469,1.18860300525706,-2.0928179762628,0.0456467336134744,-1.31931735302018,1.01103852885466,-0.255301155797046,0.703409438663449,-0.953334412252003,1.37856287035694,0.476391777757279,-1.28473075398439,0.477176970403031,0.272170957004348,-0.399688742202011,-0.69275048641242,0.587387701767174,0.117662444082053,-0.0261504355542792,0.11466643385616,0.627161156053063,-0.271867442317279,0.515344695734607,-0.0162533700550486,-0.866378744356247,0.229122457607802,-0.0238251410699515,1.0,0.0
52094.0,-1.85260366425168,0.241479928716626,1.7221071255296,1.04211853603185,-0.903545382953099,0.880197525494598,0.168184839891624,0.598554498726293,0.112699581083384,-0.616950353088389,-1.23724149833074,-0.563931152446243,-0.822891984961428,0.10514104965724,1.32281842768395,0.0152316218990695,0.155478715009312,0.216316063982617,0.439173513448965,-0.53423773244127,-0.0466769184500505,0.278852553262126,0.368968149603039,-0.448354825645592,0.345620133386176,-0.185180988119351,0.00725772215193052,-0.13882233732557,165.28,0.0
11080.0,-2.12548982597957,5.97355569173344,-11.0347272274446,9.00714687170235,-1.68945053397167,-2.85441528535313,-7.81044074525876,2.03086994595841,-5.90282812214984,-12.8409338181318,12.0189131816199,-17.7691434633638,-0.431035658230095,-19.2143254902614,-0.962464574748091,-10.2666091836641,-15.5033921000669,-5.49492764246329,-0.410480977392724,1.49377464554928,1.6465182926595,-0.278484510810644,-0.664841293974353,-1.16455536944202,1.70179641354046,0.69080561470369,2.11974873337031,1.10893340333617,1.0,1.0
87822.0,-2.96410780961026,2.58908679930011,-1.16451659301208,-2.85254909517097,-0.432965883199871,-1.21146724565061,0.0530536830824343,1.29630155312935,0.509305700883921,0.119495103284538,0.257581808436485,1.1152424881382,-0.2438577163811,0.928841488557867,-1.13044519265957,0.73518284268469,-0.618625629962374,-0.302518072561183,-0.67744505941677,0.34907474178404,-0.295471558597679,-0.851709747490181,0.0586131120029807,-0.420219756143777,0.278521897803904,0.411756363255941,0.476130396154603,0.328179199628163,1.0,0.0
62059.0,-1.64440309669641,3.1298519330804,-2.57697682172296,3.41557336328899,-0.448525407316687,-1.24189285626533,-1.9916521878557,1.00266488963021,-2.8090712430123,-4.15369240632128,1.39818511854919,-5.65326970240352,-1.23369413839885,-6.332512814541,0.458714800173025,-1.98360960777769,-4.92916202340023,-1.03848208531443,-0.133819199948815,0.290186829391141,0.417762091477206,-0.648575871519649,-0.318617393380036,-0.680412931832076,0.389868676205949,0.0557502963989842,0.394681955439504,0.298820725838569,6.62,1.0
33542.0,1.41643958984686,-0.361662894457614,0.457856237709835,-0.688148191204846,-0.961050259314661,-1.04615031188315,-0.429615126548372,-0.262104013454408,-0.934669540747247,0.601863997450185,-0.111863767616717,-0.193225724124295,0.904047259831147,-0.26020273022416,0.704534716355689,1.15621007324268,0.175607429293637,-1.63888968419402,0.618260458224528,0.117089121073109,-0.0418100909821504,-0.201083883936965,0.0738735369696802,0.345299034143166,0.343778015617924,-0.418220842259232,0.00927457332218034,0.020894804473328,9.95,0.0
70190.0,-0.660641178640252,1.14390200269508,1.79321954356712,1.35084914026574,0.213974828400165,-0.500734798901898,1.07236804634075,-0.0179153161515801,-1.1629677264294,-0.0460168265277987,-0.941860334970462,-0.798367510471775,-0.852409505078743,0.290598928034481,-0.122937600396014,0.966659123832648,-0.911708302008572,-0.107944810047916,-1.69220386470286,-0.14607727761804,0.0444507316259132,-0.11363969921176,-0.0355906880001456,0.312815174082177,-0.109017790247398,-0.275800925509944,0.05596271397601,0.129260508423737,50.0,0.0
47923.0,0.364376991240021,1.44352346510311,-2.2209073739296,2.03698508634993,-1.23705503097364,-1.72816100636381,-2.05858236489925,0.358895084111675,-1.39330570864802,-3.50579032571994,2.81431415481622,-3.34217599575955,-0.150269366634614,-4.82032224395007,1.10260955786246,-3.15703267184314,-4.40585022452865,-2.55882785118576,-0.208809536741974,0.310979602822284,0.402729680639885,-0.132128891527171,-0.0329771760409112,0.460860836846427,0.560403798330262,0.409366102366135,0.539668285308506,0.296918378210685,0.76,1.0
40895.0,1.29675029775566,-0.756761922731141,0.999838069886059,-0.729696861510664,-1.46552182006942,-0.402676390762103,-1.09586377196476,0.0704616582470648,-0.675712797897728,0.76569108604269,1.39785563887089,0.112649134785476,0.339884154926852,-0.269412844196225,0.403658134680043,1.67250308989958,-0.200392293926876,-0.368271129137318,0.506221515389549,0.144981464398093,0.445326067348492,1.16960315341974,-0.132523940547588,0.376444429290558,0.394042146032084,-0.0687350903341774,0.0310864518061866,0.0189981711337231,29.99,0.0
78172.0,-1.31654596739422,-0.33414945843275,2.18164355581666,-2.21788629682164,-1.52235443000173,-1.26863259468745,-0.873428914690831,0.385278178636586,-2.4847054730466,0.567552677400473,-0.178065284837571,-0.291516541396377,1.43396247585525,-0.509600860732671,0.135213593967946,-0.00771747211948086,0.453518151742567,-0.00112147223022948,-1.11160779404566,-0.0698034605992367,-0.0977617884224644,-0.151660786818998,-0.0305479082732151,0.904610594882869,0.218186561194109,-0.404423983948751,0.200908612890284,0.00698016721455635,24.1,0.0
82091.0,-0.737400086003306,-0.849333024382971,2.85267723915233,-2.35026632878194,-1.51166167669956,-0.574796651397969,-1.0689864010957,0.180836468165937,-1.77782983058969,0.637395943812408,-0.923226821625099,-1.64989358139146,-0.21071507476141,-0.760519518767115,0.676166528499706,0.379632938392659,0.0389188003151181,0.909542350467743,-1.14708736890429,-0.239093625109693,0.145896721047292,0.609675002655898,-0.19893641096423,0.362902940179232,0.210197908056642,-0.123114793772602,0.0792678657830702,0.0835064437502083,25.01,0.0
102318.0,-1.02063166582361,1.49695912243222,-4.49093711758335,1.83672705849852,0.627318467501556,-2.73556861001066,-1.54627364241291,0.459821576439238,-0.68274140597399,-4.36310219273296,4.28702087961434,-5.40376835689762,1.26026230900043,-3.08774290682652,-1.31748806297981,-3.53705628406879,-3.17202752176385,-0.52988508450368,1.01162645030639,0.443488532055906,0.773630966413973,0.86061818130652,-0.304666447555476,-0.155499583027691,0.41216629075428,-0.220079647308722,0.392337584118175,-0.0200894870934853,22.04,1.0
47473.0,1.2802610927837,-1.38915536040477,0.332584845817521,-1.52474387538154,-1.38455904208502,-0.139862672714379,-0.998208717154233,-0.0489564082763516,-2.05623881765731,1.5115283102318,0.759005947833831,-0.0601007449595905,1.1821999906372,-0.31704186640393,0.0541447456711351,0.19624649285844,-0.106043407334725,0.587089185384193,0.267738832140734,-0.0116736092538656,-0.28407246144431,-0.738614070724301,-0.028902174828669,-0.380352487613152,0.170042245680665,-0.399767044433476,0.0198827022467326,0.0345784724077625,131.23,0.0
93879.0,-12.8336314219519,7.50878980635543,-20.4919522106577,7.46577999198461,-11.5753037055975,-5.14099947650773,-14.0205637048257,8.33212047126021,-4.33771253089739,-15.5637913387301,7.61081978841573,-15.5923232225286,0.504789055226229,-13.2478885958622,-0.796526030140245,-10.3423283585648,-16.0445243414767,-5.8821359384126,1.57369789640089,-1.37892322363159,2.96684240389381,0.615344322057327,-0.766494757432984,0.431261005079751,-0.104974994617143,-0.0100913270781415,-2.4008113496639,-0.720556600051925,104.03,1.0
43678.0,-1.19222440085282,1.46542334815856,0.308404953326836,0.268015639291624,0.863199453172783,0.393030267697097,0.797168289692131,-0.0268198674952452,0.650638032757173,1.42583631934154,-1.54603659449613,-1.15157570878489,-0.902214501655761,-0.0206334280443002,1.60506311966078,-0.314175028294696,-0.503436869622282,0.150902658782761,0.474912805209003,0.564427903133168,-0.176563668708853,0.20007243467948,-0.254164323423616,-1.35521309097934,0.0772384125907664,-0.201768501005603,0.711949725664894,0.252774870183698,19.99,0.0
33904.0,-0.65959345522029,0.440140283609152,1.65378399116174,1.3017315433596,0.405585127439816,0.150006763322442,0.5972298570686,0.074048039381065,-0.31288384254855,0.288003947805431,1.23186077703566,0.483609943874098,-0.946683339405299,0.166178250248167,-0.38088436097492,-1.13453224889865,0.390200314202292,-0.172240668456024,0.937604121336583,0.33764733301762,0.020334945888483,0.370660722909042,-0.0156106011100622,0.224780533352008,-0.166102141231919,-0.281121004070381,0.232992196867745,-0.0189963270034329,49.69,0.0
97121.0,-17.9762660516057,12.864988563015,-19.5750661905691,11.3451198184298,-13.9986456031027,-0.35489996091484,-23.7834698823143,-4.87235340557097,-8.50428479375643,-16.6011969664137,5.56925817499418,-13.9322487527403,-0.204854827407058,-7.58102324741972,-1.01361239001659,-9.01481328062598,-16.0920320589503,-6.05014766257303,1.66102935873752,2.41992113013135,-4.30043186631826,2.8657718597682,1.48930201538756,0.386039288843108,-0.232391836340479,0.413826703027495,-3.25598090607432,-0.538963227046118,8.64,1.0
118030.0,2.10457464840324,-0.046278649922081,-1.35028116547445,0.240030961604262,0.26516912009936,-0.719245428057215,0.181173221264257,-0.286782236884689,0.527640302287754,0.0544841389206498,-1.24865548530281,0.439791215964044,0.581652003293236,0.159494370403572,0.0946875787472968,0.0215255606334601,-0.508981117138327,-0.779320809074707,0.33561265031516,-0.184068031528841,-0.325306292104391,-0.771260959668016,0.256331491934021,-0.703380912016126,-0.206233599976281,0.243216943748878,-0.0657159688849525,-0.0668781697021879,0.99,0.0
64093.0,-6.13398694801985,2.94149944882418,-5.59398556768425,3.25884522291112,-5.31551221858167,-0.637327763117765,-4.47648804491816,1.69599358704814,-1.60674315131804,-5.11725920989043,3.97722223959189,-8.06609609331146,-0.760887591756867,-8.66077095912039,2.22023798968633,-6.23759654204862,-11.0463816554829,-4.15587936834903,1.76361087438004,-0.815086315781228,0.86833985051032,0.793736498280638,0.217346586657621,-0.0219850652442062,0.145881913923651,0.665087660642875,-1.68418604869422,0.31019546302906,294.9,1.0
43515.0,-0.725810200346911,1.2210858764409,0.892938203636032,0.132993275781049,-0.38619187422805,-1.08484938965932,0.26121968122328,0.429575026870986,-0.364764906377588,-0.699918941908059,-0.581899480394077,-0.611367916289358,-1.12430176057474,0.150245907868453,1.00060469244414,0.566872172156033,0.252359717815105,0.0633871064188119,-0.0894340868955837,-0.0514117894959231,-0.228351188803814,-0.812144530142154,0.0707534275579278,0.297257482598055,-0.178647128654172,0.077983759855163,0.110468784012337,0.0255316609945625,10.11,0.0
35866.0,0.921721597795344,-0.0611624187202101,0.0672616777580963,1.25995493982501,-0.250696321635618,-0.747629125472836,0.48922730523308,-0.201903904853679,-0.163157387473008,-0.0843794460849367,0.120432582661465,0.359155866682536,-0.173869839958719,0.570683506025667,1.03098274985401,-0.447463426241023,0.0484559787888756,-0.822594180718335,-0.807571455197791,0.0846700901456059,0.10269344489242,0.05483939684294,-0.145749551919154,0.401017084413795,0.557854084410352,-0.362774437493526,-0.00635697519703761,0.0405666195092597,142.95,0.0
79983.0,0.246569436076467,0.528592338201535,1.57965152904952,0.692451929603923,-0.739331287196907,-0.126073143210438,-0.281767408880677,-0.946394407391761,-0.0409730404560507,-0.330346768721012,-0.33732265436704,0.964522645842684,1.26033462625896,-0.322561863567434,0.483512287662069,-1.04922071304734,0.808188306670151,-0.644248715693943,2.05290524400882,0.133807206028518,0.624501164788276,-0.336627266550249,-0.321252451256941,0.544850560770043,1.24399362900211,1.51142644619917,0.0537635310296092,0.140853462806732,5.0,0.0
46925.0,-0.481531150954278,1.05954227713479,0.647117402910268,0.905586233912649,0.81936824001549,-0.0911835663506086,0.504134851323607,0.161064336313081,-0.765053776949662,-0.55054534794377,1.48028602025778,-0.105359122514952,-0.804841454759319,-0.819901849432008,0.916881766469427,0.201150538864914,0.874890632270019,0.941476678511478,0.272698476205832,-0.0425151328862889,0.0706328691882125,0.192490772493404,-0.174659253437827,-0.438908072947488,0.239258996609831,-0.217823405004998,-0.0728522476980958,0.0104633125817071,1.0,1.0
34660.0,1.40382032177725,-0.267013429134698,-0.20543231740592,-0.715642423067519,-0.358840130480546,-0.905910420952806,-0.0370964396092329,-0.327632591887017,-1.30559996894548,0.612797080884773,0.160230505527052,-0.00817197834848516,1.08384584202475,-0.0525316108437523,0.567185476257222,0.388380382415176,0.629742656011191,-2.17044025675133,0.269935138012933,0.0992254655487804,0.230053010067427,0.678211506453429,-0.147400945873026,0.156493257273356,0.753170328748072,-0.0591183986014834,-0.00623342834020858,9.61340740473845E-4,15.0,0.0
76876.0,-1.29835900258265,1.07967115744319,-0.180677930886891,1.28783908383189,1.85827347944352,-2.22369500209375,0.525166986044906,-0.0968743110676978,-0.168893374133313,-2.544410418956,0.706999574201444,-0.835695915134352,-1.02211731659325,-4.99399178918475,-0.455706843211384,1.31536513941655,3.63919954823548,1.62342609471098,-1.53933883157799,-0.18757199362802,-0.332983053581271,-0.851270427572191,-0.370799798865314,0.29824168728035,0.442929877216587,-0.522832450531743,1.04856507220322E-4,0.135698346061769,1.0,1.0
4015.0,1.23483963535561,0.488603767774464,0.58826546499318,0.972211294535925,-0.437607305428853,-1.20723934792037,0.0168728158785384,-0.31781603401653,1.26217177062846,-0.660508198060798,1.20986304238863,-2.04901024836811,2.02575653029935,1.12372354861304,0.308975801218608,0.344199556150736,0.833118406293803,-0.158538233218948,-0.526178789315039,-0.118861589134042,-0.413650115764759,-0.938863005432649,0.178005374299655,0.616455309038779,0.156506769452129,0.0347889416883004,-0.0481293892274601,0.0283353089332979,2.68,0.0
68207.0,-13.1926709562391,12.785970638298,-9.90665002092758,3.32033688288942,-4.80117593230105,5.76005855618556,-18.7508891580107,-37.3534426378925,-0.391539743919107,-5.05250236713858,4.40680552357904,-4.61075647740608,-1.90948796970811,-9.07271093398351,-0.226074450896345,-6.21155748212485,-6.24814535335983,-3.14924669470095,0.0515761185277783,-3.49304991519446,27.2028391573154,-8.88701714094871,5.30360690376998,-0.639434802306313,0.263203123457008,-0.108876929971315,1.26956635541013,0.939407362758877,1.0,1.0
59011.0,-2.3269223698887,-3.34843873033788,-3.51340796089061,3.17505971028128,-2.81513703435586,-0.203362788049123,-0.892144430418318,0.333225702638422,-0.8020052289805,-4.35068531246963,3.06424584128211,-2.71873063246571,0.0687877027069899,-5.58687312563725,-0.966076477695954,-2.50204941657576,-4.46049463214891,-0.870525745045081,0.595629103995644,3.20917094389277,1.22664839880046,-0.695902072928095,-1.47849021051453,-0.0615525997443275,0.236155012156618,0.531910616094765,0.302324354380578,0.536375347733134,1389.56,1.0
116826.0,1.969853558395,-0.162793338863819,-1.96920223366135,0.0251183525869598,0.237674323000194,-1.51570063926914,0.662146828236181,-0.419182153385126,0.108480264283733,0.177747784730589,1.02915066992021,0.553323960209846,-1.01483544439463,1.15862881704073,-0.182468374311102,-0.356093095378936,-0.445145645762851,0.0186241707039369,0.34851488309049,-0.178048123751167,0.177617116798971,0.45074704394445,-0.0309723295929915,0.105144790125298,0.257212424463796,0.143348831760274,-0.0999000394418169,-0.0770330463231482,57.98,0.0
29384.0,0.840751969947482,-1.16253368294904,-0.044586919231261,-0.403129237667414,-0.173084780169812,1.57841760516841,-0.595660994626035,0.542997392182507,-1.12279515915545,0.67587855496564,1.69588334614825,0.328463574180179,-0.760959401461786,0.708891374710314,1.41109991172586,-2.15779286961281,0.783144773641188,-0.359892841762792,-2.03062621528227,-0.338556305160166,-0.332983646471251,-0.824573433470957,0.11119442660953,-1.39509033387801,-0.233804515528169,0.386641873748507,0.00927492207978488,0.018196922255111,175.96,0.0
93888.0,-10.0406314557065,6.1391827154247,-12.9729718943545,7.74055544506762,-8.68470452840193,-3.83742916671056,-11.9077019040753,5.83327300056002,-5.73105424359056,-12.4389449056023,6.98988561330738,-16.218610393127,0.25330336584704,-8.72864506518152,-0.147529091109699,-14.1298545174931,-20.6850275533272,-8.48444905730181,4.85125513655685,-0.0822752254211996,2.82343143164188,1.15300501339169,-0.567342849673059,0.843011621641402,0.549937644887907,0.113891875585392,-0.30737499959267,0.0616306406149363,1.0,1.0
95559.0,-16.308650062507,11.6148005425867,-19.7393862972953,10.4638662754002,-12.599145656022,-1.2023933184963,-23.3805078207357,-5.78113300512982,-7.81102238181602,-16.3035376590131,5.57362527301538,-13.6352161247268,-0.483236243869236,-7.35279224297253,-2.39268418895092,-8.72814239367754,-17.5988535455879,-7.45595632935304,0.169740705598221,2.10603387120175,-4.88498262418118,1.14091043558273,1.39295263139548,0.348996604820014,-2.16750975079914,-0.798753537981903,-2.94277507305079,-0.462679619023024,1.63,1.0
67585.0,1.14980553332886,-0.623274999068256,0.989956695054892,-0.424925348302542,-1.31781210021191,-0.414426546753857,-0.638054629158741,0.0220507708466094,2.27775455138315,-1.28293884979947,-0.882275066046825,1.27039769015539,0.259268761964292,-0.708758192501334,-0.352694387663554,-1.17833389362379,0.376519542407614,-0.0890372444493829,0.95542553634852,-0.0515726152246427,0.0450373984379695,0.584499731367141,-0.217606865964184,0.476481159567036,0.785845567624372,-0.479918992494752,0.104940148114834,0.0356406924831447,37.0,0.0
50706.0,-8.46184470133154,6.86619841481805,-11.8382692206767,4.19421096699453,-6.92309709702798,-3.22114664850055,-7.55349651116055,6.015618186942,-2.4661434402463,-6.24624318477127,2.94398521977131,-6.51238933713471,-0.698175946764313,-7.54364593187217,0.92645528395257,-4.3302948063467,-7.33969796421674,-2.55090085394741,0.645904895509124,0.814710155897088,0.918244480856236,-0.715366336614015,0.210747336284603,-0.0602114737129364,0.509534595479059,-0.257283692851139,1.17002651560613,0.229300914797861,99.99,1.0
86353.0,-1.79330465961651,-0.00790538255842335,0.777380389680819,0.267345273261496,-2.62041071890718,2.62851129671345,0.611700236180654,1.06389595737546,-1.43606237649386,-0.394624015807961,-0.627034993734005,0.407004857838614,0.380278617023305,0.0822685960165546,-0.686620789086054,-1.42232161364498,0.405954716499516,1.87011428399162,0.464484831965705,-0.465189984614433,-0.394212976526593,-0.706802554977937,0.104981242642771,-1.18184669228078,0.302967767601674,-0.240186241677906,-0.0365123916213,-0.197191030052958,457.26,0.0
93853.0,-5.83919161928092,7.1515323543223,-12.8167600806187,7.03111476501099,-9.6512721679897,-2.93842725771624,-11.5432071690832,4.84362653179436,-3.49427572506535,-13.3207888671784,8.46024444901677,-17.003289445516,0.101556614891384,-14.094451660329,0.747030766392512,-12.6616957230679,-18.9124938172188,-6.62697484523061,4.00892074227194,0.0556838813863639,2.46205591127559,1.05486518382957,0.530480596078193,0.472669814042592,-0.275997967880675,0.282435024801752,0.104886020210564,0.254417096767513,316.06,1.0
11635.0,0.919136507326981,4.19963266902077,-7.53560659365729,7.42694037455047,1.11821533001319,-2.88672235145027,-1.34103599607144,0.363933268353337,-2.20322443100109,-4.13784019622865,4.57011280759332,-7.62916958856017,1.73391746350254,-9.44037499459843,-0.0233533498971062,-1.23395828198259,1.63200885764087,1.3157345644727,-0.287188855297045,0.535434663150233,0.316093599204254,0.0551792270194195,0.21069215028398,-0.417917881438145,-0.91118827562932,0.466523924588163,0.627393270472548,0.157851282541588,1.0,1.0
91075.0,-1.85506070184998,1.55496360697718,-1.40580882850107,0.669327345741316,-0.280229520106465,1.17865246733203,-3.45997906611492,-2.81515495312599,1.24222876512242,-4.15635447965382,2.20944075185923,-5.12231410931103,0.66129710617156,-3.10393771952109,-2.41086973192388,-2.42501563217886,-3.96062268909989,-0.125017788038036,0.60039728842723,0.536916458029193,-0.0953083066630984,0.94662891847112,-0.297402959067305,-0.368343891207103,0.198731156287359,-0.0785905919566464,0.366709355889324,0.0737667168278096,38.76,1.0
12597.0,-2.58961719821269,7.01671438495857,-13.7054072869097,10.3432280604117,-2.95446103475574,-3.05511578527804,-9.3012886151434,3.34957336071614,-5.65421202641103,-11.853866972601,11.6692047358121,-17.2286622386187,0.0555715664836118,-18.4937733551053,-0.304172113519045,-10.6294973901353,-14.4412111342765,-5.10548646597228,1.2702262705049,1.48885519236896,1.88773772551451,0.333998184533223,0.28765904061745,-1.18640640906644,-0.690272670076388,0.631703772210546,1.93422076005943,0.789687172212655,1.0,1.0
28624.0,-1.1945329364961,1.67419929174571,0.851085891751746,0.238486592724232,0.89541978732097,0.0564653417003442,1.01608988195505,-0.500929802089947,0.579585925162029,1.58813634244995,-1.44597288940122,-0.893932297167901,-0.0391595981536459,-0.503595461704248,1.41978397210251,-0.148839293714049,-0.887893509604587,0.428089447781076,0.887719547450063,0.638994783470278,-0.22871589258751,-0.111289133303327,-0.588063275980844,-1.02013938263865,0.884668036653098,-0.167603619363572,-0.157130105828316,-0.239914258505912,1.96,0.0
53937.0,-2.04260819938332,1.57357807373238,-2.37265243271278,-0.572676430720841,-2.09735276458226,-0.174142123011242,-3.03951978687359,-1.63423295064356,-0.594808638750073,-5.45960189444545,2.37853722491518,-2.33027064686235,-0.24623272486659,-4.05852343611281,-0.316983146603949,-2.52266081131673,-5.60340034818128,-0.778439963776289,0.860211793588662,0.825565985313424,-0.723326195587733,0.501221637302624,-0.696892260580304,-0.600513726439022,0.127547028812739,-0.786072220292301,0.606097322391548,0.171696507911815,261.87,1.0
75055.0,-1.23124413789505,0.981540193768131,1.76669266304859,0.459517680492967,0.456944826233079,-0.778006873262726,0.33081434323812,-0.0353145109525256,-0.5546289223759,-0.227249006630725,0.469098969780197,0.255300173641727,0.486091683404639,-0.468942154512363,1.57056446821288,-0.328148217486758,0.662001074776476,-0.681275987441625,0.213176204462432,0.0504526866834079,-0.237797565272779,-0.536204434067146,-0.21619011369182,0.392168683737687,-0.0486638681425118,0.234042210087302,0.116654885373287,0.117281034747642,0.99,0.0
84789.0,-1.43086372778891,-0.802528699267131,1.12332029999445,0.389760264731692,-0.281213534404278,-0.055123492429819,1.32623248909333,0.195699815379613,-0.546889550453909,-0.71347376073502,1.27462907751277,0.0236821347785728,-1.52169610821701,0.727242085814848,0.166504662441577,0.348037591565135,-0.5663900830288,0.216016101767291,-1.14037564250718,0.634184289933654,0.325575470468413,0.0140018451191784,0.844946015847872,0.114962884542335,0.156364810543393,-0.619437446641754,-0.120351072821334,0.0355941733717493,354.33,1.0
49780.0,-1.11262345427794,0.712735770342734,1.49465520844294,1.05298341817258,0.144793945611037,1.086223877117,-0.71665516476231,-1.13140538613063,0.387946883076628,0.031235047928245,0.506160849200848,1.20556343828496,-0.0965745413261867,-0.30127003910999,-1.21077609287635,-0.885839348757184,0.435932635180903,-0.0583121501143392,0.94032078028856,-0.385641102878612,1.4579098845939,-0.105591459299074,-0.111266458120385,-0.283165409794374,0.0844706749097448,-0.194986987134256,0.551404733692399,0.0731031947450705,23.49,0.0
84204.0,-1.92745281973369,1.82762056700016,-7.01949468454197,5.34830323951426,-2.73918788004738,-2.10721929638307,-5.01584797563431,1.20586815982046,-4.38271250852199,-8.33770697381781,7.19030608944843,-9.42484446049178,-0.223292646427513,-12.8754942229841,-0.071918160688794,-6.2999613976222,-12.719207160428,-3.74017615583058,0.844059610296466,2.17270905626492,1.37693832294098,-0.792016725563067,-0.771414187530036,-0.379574271539528,0.718716522008066,1.11115125599517,1.27770725705846,0.819081152045361,512.25,1.0
35122.0,-0.276766883009166,0.0166221461017481,2.52501607394843,0.674471640126042,-0.165554017993533,2.13941307016704,-0.485541393114208,0.48560218721835,0.997197092461235,-0.343351765662461,-0.457695651840475,0.899260696436505,0.273925860216427,-1.28348306104795,-1.61280092171637,-0.824181509247782,0.248540964695223,0.272309330843006,1.89463370323006,0.18869508470098,-0.0187027925031854,0.644108622926089,-0.305575604112523,-1.05018547157746,-0.369046348621141,0.611202093671603,0.0478221960772223,-0.0923780139772768,19.73,0.0
72455.0,0.957311806754041,-0.500752278478814,-0.761346055786676,-0.0533577419607591,0.0517396219221387,-0.559139503013382,0.564263863789819,-0.239008161399782,-0.345139824809328,0.00261961049041183,0.691694700956365,0.48467435192218,-0.0749370352089392,0.707419636863078,0.163491690100254,0.379144573313386,-0.692905343670321,0.135759538571911,0.658449342502972,0.349349784771907,0.0664197242960779,-0.271733548497032,-0.371715856794185,-0.409683431596116,0.551988889133719,1.08414620057919,-0.156877981073468,0.00620757886167488,204.09,0.0
110617.0,-1.10103546371767,-1.67492805871463,-0.573388195590639,5.6175556662941,0.765556412634615,0.440607080848915,1.93474047501363,-1.01978754945585,-0.19324423129657,1.7837390603636,0.606910821999133,-2.85427542751023,2.37947304553589,1.26814661675691,-0.28361908940932,-0.482192055998123,0.8110054093379,-0.357910684579857,0.752760921550722,-0.0383141473363703,-0.412525822025647,-0.208823118913215,0.344832725150856,1.09143473162108,-0.686512742633337,0.0758089204336296,0.0338647378770195,-0.83285502022751,635.1,1.0
44006.0,1.15907446588858,-0.322053586957953,0.405363988377128,-0.745247299225788,-0.616370351818924,-0.323891655242048,-0.24408378152283,0.0574759144488986,1.30479598363054,-1.0142658206259,1.57659066449193,2.01580164982107,0.233566716272627,0.0622846759792617,-0.277572899239265,-1.34386403517886,0.339237321569378,-0.329436119130527,0.773131836198497,-0.125748123463572,0.0578429279967494,0.536739811650979,-0.137717766710723,0.282032019979723,0.750444476676251,-0.586958448984438,0.0824924748940729,0.010134902121725,9.95,0.0
26931.0,-22.5616992591298,13.2089042844176,-24.6438187771226,6.23253182330679,-16.905611362323,-4.49743871970001,-16.8101841919321,14.9551067734604,-3.87129682308601,-8.58126551626339,5.25698760960799,-7.39361499215009,0.538800829120431,-7.57755201800709,-0.030725531904052,-6.45478323655342,-12.8456565242928,-4.86591773720169,1.06244185030067,1.62144422472126,1.76598663639159,-1.6355166467436,-0.998316503452087,0.138972227361725,1.55935014018173,-0.22212451669,1.5044246600224,0.445919826109776,99.99,1.0
25231.0,-16.5986647432584,10.5417508026636,-19.8189818085279,6.0172946473619,-13.0259010501237,-4.12877900260013,-14.1188648469369,11.1611439952369,-4.09955143059712,-9.22282550730978,6.32936467621872,-8.95219071159749,-0.138363691274054,-9.82505442102721,0.0572235922374037,-7.54168742379503,-14.2595985921417,-5.03505152375192,1.43226792970939,1.53491982113512,1.72585282658181,-1.15160577552799,-0.680051901875725,0.108175914514646,1.06687834149611,-0.233720431391328,1.70752055210726,0.51142316911239,99.99,1.0
121440.0,1.98588045423224,-0.207006583606679,-1.78007307912903,0.280996795117351,0.380213113808103,-0.682347525127522,0.355985952973021,-0.200641283338342,0.194241080377783,0.272898223963664,0.722815932751634,0.681796817444586,-0.79956864838995,0.725721333779181,-1.03458777957317,-0.322504162114836,-0.297137340664524,-0.245893624043916,0.479630925174873,-0.166118024971804,0.0271367416311545,0.109326119448059,0.0816010130001388,0.80956874356617,0.129291754501588,0.503205730769535,-0.116053144739031,-0.0747538192123691,39.95,0.0
93860.0,-10.6323749061596,7.25193622855414,-17.6810718207918,8.20414440620562,-10.1665907519072,-4.51034377036334,-12.9816061559658,6.78358879797499,-4.65932958355558,-14.9246547735487,8.38914233451929,-16.4655039422141,0.33851695978655,-14.224403603167,0.556584472572111,-11.683998043525,-15.8416159780561,-5.75319975278369,3.81304079276336,-0.810146481561289,2.71535704420309,0.695602689761576,-1.13812206664164,0.459442241911828,0.386337323495895,0.522438449202614,-1.41660373652915,-0.488307035713995,188.52,1.0
7949.0,-0.944392059136447,1.12060598512274,1.94369750827144,0.438131199216468,0.357939693746469,-0.524502440233971,0.527956383834564,-0.234039431792724,0.78593423129662,-0.185840715070865,2.47940102423542,-2.50967890962781,0.880308909538854,1.14591816847756,0.046022982802055,0.191532635354583,0.710530893595806,0.780885892200914,0.773776415495631,0.176098529220298,-0.412873498634082,-0.845279362642292,-0.195697879561354,0.21240181892433,-0.0306109489538458,0.138764906776576,-0.189769999610091,-0.0627158417226754,3.59,0.0
43567.0,-0.831479560153625,0.668934034581514,2.77519300592471,1.03987396041877,-0.181237117538154,0.633579368293135,0.212668604033954,0.0258097852678382,0.488190283310235,0.694773689851936,0.615428795605452,-0.029755595411352,-0.973968588057455,-0.559142290707748,0.0640066373479448,-0.22747344382882,-0.383077252464403,0.861528793700043,1.30184221053221,0.424866888808961,-0.180628620125425,0.157659339903189,-0.396513112439555,-0.0224411861931942,0.237205034923015,-0.238032669689979,0.183444896845103,-0.259397699541974,22.37,0.0
93860.0,-10.6323749061596,7.25193622855414,-17.6810718207918,8.20414440620562,-10.1665907519072,-4.51034377036334,-12.9816061559658,6.78358879797499,-4.65932958355558,-14.9246547735487,8.38914233451929,-16.4655039422141,0.33851695978655,-14.224403603167,0.556584472572111,-11.683998043525,-15.8416159780561,-5.75319975278369,3.81304079276336,-0.810146481561289,2.71535704420309,0.695602689761576,-1.13812206664164,0.459442241911828,0.386337323495895,0.522438449202614,-1.41660373652915,-0.488307035713995,188.52,1.0
58060.0,-2.63059770314604,5.12575923008793,-6.09225454651378,5.52739306209755,1.60514485494011,-2.31988352953118,-3.20707570564086,-1.48258321071708,-5.07487063178104,-6.77833138248069,5.72525459149638,-6.94917182528041,-3.12779501198771,-11.090424813263,-0.800272569362332,-1.70750085360527,-1.68547301699574,0.274890838662414,-2.02888535240153,0.948863770149954,-0.527474204141788,0.220546094514546,-1.37110989476897,-0.504898994517705,0.382306792598482,0.395527722278956,0.782035950782542,0.62852786395406,1.0,1.0
97480.0,1.72257288735019,-0.0961342748375721,-1.60717700852468,1.71562504002292,0.431009527773053,-1.02150019900636,0.831721505008517,-0.59817678360695,1.31778249295394,-0.216287664173036,0.146602758034914,-1.64889063837896,2.39636367346294,1.80754149649589,-1.3447067049421,-0.794024022259386,0.553809023892297,-0.475961836211549,-0.4848083589199,0.0450666481200289,0.00803119090245275,0.18456829637202,-0.143332620546964,-0.0333255441668915,0.409584001458434,-0.548499649103833,-0.0652168247662843,-0.0383772821936692,169.0,0.0
42247.0,-2.52401156950864,2.09815186657166,-4.94607520997003,6.45658840962748,3.17392137712693,-3.05880605463133,-0.184709664717417,-0.390419986932457,-3.64981179874133,-4.07758540918968,4.38921350258246,-5.84955800710779,-0.750964374574877,-11.5838983872121,0.838750052957938,-1.4610292465747,0.635694232941605,0.390150149131876,-1.06302761603247,-0.162797482259592,0.0279349679314103,0.2203664412615,0.976347942245667,-0.290539415419797,1.1610017911475,0.663953624390758,0.456022723280535,-0.405682084802192,1.0,1.0
7551.0,0.316459000444982,3.80907594667829,-5.61515901119457,6.04744510216478,1.55402595692572,-2.6513531120137,-0.746579273100222,0.0555863112529252,-2.6786785422399,-4.95949291161496,6.43905335158373,-7.52011739288703,0.38635166741077,-9.25230724747513,-1.36518841502051,-0.502362190618164,0.784426598154274,1.49430460743838,-1.80801215867357,0.388307428238927,0.208828369001674,-0.511746619200722,-0.583813220813723,-0.219845029091423,1.47475258440688,0.491191925656006,0.518868284577287,0.40252806767232,1.0,1.0
41305.0,-12.9809425647533,6.72050777097643,-13.4556359425571,8.69861009281133,-11.4795517833437,-2.68151865053833,-14.0192907576919,8.21819051252864,-7.93089996826719,-12.6959474039839,5.58936163192341,-11.9608660326622,1.53867076186333,-9.88721406724695,0.6339792179337,-11.3502438549644,-21.7101876525534,-8.85945192496352,3.62971365041526,-0.84330261969681,2.54962823474498,-0.532227763596568,-0.235096473604284,0.673209169467055,0.22659797207791,-0.00616785819002466,-1.18569550568181,-0.747361321404312,59.68,1.0
75653.0,1.19272353403846,0.218504684484159,0.15295123768648,0.454272222322278,-7.69033709576005E-4,-0.0990081944510474,-0.126488204568837,0.124427220825478,-0.151021524784844,-0.146408154564291,1.49522249794654,0.698786882013711,-0.19999862741617,-0.00682004913333118,0.71106027362782,0.496141440998325,-0.0754551089266306,-0.0989787605322084,-0.140904651781919,-0.114671496719292,-0.234126909171995,-0.694722051196181,0.110183454628029,-0.35874622844595,0.14411952521049,0.128279032981435,-0.0133528925412123,0.0131208660270652,1.98,0.0
93856.0,-6.75050851563533,5.36741605145469,-10.0546349530569,9.06447791765316,-7.96811808353808,-2.26379841398236,-10.317566180676,4.23766573099145,-5.32410880613734,-11.0923923688428,7.15408284221914,-17.1504052507291,-0.0953992277686904,-11.0301103643432,-1.95905455483077,-12.4485623424367,-22.6679054064789,-9.26460873295655,1.9823563171714,-0.0812198922441237,1.90903201764938,-0.34873973066671,0.425000563135111,0.674908669807175,-0.784208393488163,-0.247422102935353,1.1595813739152,0.197817874685768,209.65,1.0
120516.0,-3.08636918354992,-3.31860420064565,1.05066659074925,0.998101963591827,-1.53928327016303,1.304696994314,1.50133568679959,-0.512682787387049,-0.421423338040619,0.679236954440361,-1.04107833658069,-0.786287506137152,0.800828824899847,-0.950173097011163,1.71315846567155,-0.77214840152075,-0.683491338007755,2.28949520180614,-0.42469424224584,-1.63355482129158,-0.598904152232023,0.840126730622811,2.05414510889697,0.661042887296124,-0.0384673318353185,-0.383002497135929,0.794042568205452,-0.47210474020101,600.0,0.0
45541.0,-1.51924353075082,2.30849245367643,-1.50359931953802,2.06410058377601,-1.00084505842829,-1.01689703316417,-2.05973051990126,-0.275166374590629,-1.56220609694371,-2.75579692797163,3.43824825990431,-3.52152936013651,-0.918761288376486,-4.45210024854037,0.499313753853031,-2.90790343439971,-5.24864639527919,-0.936814652613817,1.16012029433585,0.175018552247898,1.30787143187069,0.102825644139183,-0.0177462832428156,0.149695925673219,-0.0966024680642115,-0.369114567720136,-0.0192440931269227,-0.20831909164279,1.0,1.0
55037.0,-1.50724120409969,0.415827498416772,1.83292873449801,-0.909878081185287,-0.851005263469534,0.0203821735761406,-0.172524653660371,0.697833991349478,0.710477660999455,-1.18112371154128,-1.02226085209827,0.287884459021512,-0.565571478991022,-0.33401513382994,-0.708693160112004,-0.0569851560864732,0.314752549279919,-0.92939189077843,-0.5804957534451,-0.166146428460973,-0.133999892483021,-0.257750635058706,-0.116195262584197,0.131454726833699,-0.185806829557247,0.819245235652321,0.0941007409486082,-0.0101168621819827,60.79,0.0
49985.0,-1.55421636788274,1.69422928947167,-0.903333638062708,2.42543608490852,-2.89978748492542,0.133028430446298,-0.286225919411127,0.555944559014401,-1.39491838156524,-2.89261176082088,1.96223597455109,-2.38526266137636,0.458337202321203,-3.72454345377605,1.84397832505056,-2.01392370780293,-2.81560029569659,-1.09229027232613,0.139687230416985,-0.0323343863075664,0.493436338989664,0.733393182273647,0.202349959595007,0.492053700892718,-0.183790909215829,-0.19991711985608,0.395200622125666,0.0276930320930062,360.0,1.0
26833.0,-20.5327510764355,12.3739891389716,-23.0090029136283,6.14482097803751,-15.5872960035928,-4.38449066917613,-15.9390026942523,13.696416119399,-3.94845491908543,-8.78972336330438,5.61234710799626,-7.91442236630349,0.307819968365149,-8.32860088836825,-0.00697929458963793,-6.82452417207669,-13.3160791903173,-4.9216120866876,1.18820420779718,1.59275393136331,1.75460760918813,-1.46611525253641,-0.85677863566488,0.125776576475404,1.40258698975375,-0.223754856770293,1.57424873519633,0.469200693158523,99.99,1.0
75423.0,1.26207763735699,0.345269331022276,0.0557611305588753,0.407914152907318,0.0959526965794253,-0.33462271248567,0.0260288248849006,-0.0601546972091325,-0.306529848675641,-0.137426272460852,1.15959017605476,1.14079059499958,1.09705315255819,-0.298374973513182,0.352187145245685,0.83645991554945,-0.55388341588058,0.318237982263464,0.344745333326156,0.00653263903490399,-0.271423393889826,-0.775862336579516,0.0216566265942744,-0.374350898967197,0.306003718989111,0.116801977974164,-0.0223692196025956,0.0154949284552273,1.98,0.0
53076.0,1.29623080363477,0.417447287721689,0.193963067987499,0.901644194576026,0.13053136701763,-0.371634020776762,0.158125823740231,-0.202668656827626,-0.0795117562857989,-0.0450882478448673,-0.876737591678351,0.687487636238951,1.5747177026257,-0.00779123029058128,0.948315691837591,0.37715383740261,-0.868182736046053,-0.0671351121445059,-0.0644929660672327,-0.0295593500917474,-0.112113509551068,-0.2200020323662,-0.121021883862135,-0.440454448442227,0.671540040565908,-0.413518433654353,0.0328380408333744,0.0206001971066775,1.18,1.0
58222.0,-1.32278906321956,1.55276821126964,-2.27692070362638,2.99211739124618,-1.94706392017319,-0.480288250384527,-1.36238752318047,0.953242226598613,-2.32962885992389,-3.39355348115172,3.1284396921776,-3.57039373078107,-0.595198191474463,-3.98841505479623,0.995905842419722,-2.84378455855144,-4.82624611607161,-0.703883464864473,2.15221455770756,0.988493486888991,0.614968996752659,-0.195199717277462,0.590711261700839,-0.233377663885038,-0.164285286785183,-0.27749787053455,0.428610084734921,0.246393746180351,270.0,1.0
4358.0,-0.965103949353588,1.20336623931432,1.33775986876305,1.4557781949315,0.0282244454008617,0.0455226154709971,0.38518846555447,0.0542632805205215,1.61346715350669,0.115453511885195,0.0495468121292406,-3.34017563621144,-0.381765015457196,1.67840030038961,-0.270836523625108,-1.19531996717699,1.4427350942466,-0.212692980949922,0.51459275747996,0.0214563273798946,-0.220785944840267,-0.0975827593938303,-0.116709554448575,-0.0140501678987426,-0.147504276482829,-0.276134105831851,0.224634545361591,0.301918747296139,24.71,0.0
102318.0,-1.02063166582361,1.49695912243222,-4.49093711758335,1.83672705849852,0.627318467501556,-2.73556861001066,-1.54627364241291,0.459821576439238,-0.68274140597399,-4.36310219273296,4.28702087961434,-5.40376835689762,1.26026230900043,-3.08774290682652,-1.31748806297981,-3.53705628406879,-3.17202752176385,-0.52988508450368,1.01162645030639,0.443488532055906,0.773630966413973,0.86061818130652,-0.304666447555476,-0.155499583027691,0.41216629075428,-0.220079647308722,0.392337584118175,-0.0200894870934853,22.04,1.0
58222.0,-1.32278906321956,1.55276821126964,-2.27692070362638,2.99211739124618,-1.94706392017319,-0.480288250384527,-1.36238752318047,0.953242226598613,-2.32962885992389,-3.39355348115172,3.1284396921776,-3.57039373078107,-0.595198191474463,-3.98841505479623,0.995905842419722,-2.84378455855144,-4.82624611607161,-0.703883464864473,2.15221455770756,0.988493486888991,0.614968996752659,-0.195199717277462,0.590711261700839,-0.233377663885038,-0.164285286785183,-0.27749787053455,0.428610084734921,0.246393746180351,270.0,1.0
121067.0,-0.958467565812169,0.871769292588221,1.11535321268135,-0.250179116875399,-0.0677017434444667,0.397037858002276,-0.987387022463787,-2.44018840195462,0.210312386810107,-1.28549427870374,-1.24928252918279,-0.399194615803534,-1.12993054252265,0.57094210292823,1.29370465634246,0.0473359078878875,-0.246095604841978,0.866901832023566,0.373497945412635,0.541152891966041,-1.00234206196249,1.251092019595,0.100107283689938,0.695057552427219,-0.0442901529446411,-0.450457905327495,0.174688305100434,0.169545534115877,1.1,0.0
117691.0,2.08807113454217,-2.32731204409272,0.420103019678799,-1.31014501954328,-2.16769462573414,1.50285222839031,-2.65029289115247,0.60425271728069,0.465187398207316,1.3392739163894,-0.936295731406437,-0.203138123103167,-0.266623425743268,-1.59735297866984,-2.48784809711927,-0.366803615963952,0.518785438622985,1.05369778185467,0.661473248558404,-0.362728422884146,-0.0521326265731261,0.613520078921869,0.120674436470384,0.109075754837339,-0.317577768782686,0.00730884040201168,0.0987320418356379,-0.0318581957202061,52.95,0.0
34053.0,-1.63838011705002,-1.83519140241469,2.24821747596232,-2.18572842069772,-1.54027476386281,-0.522733981016376,-0.327113505358476,0.217965863408394,-2.25788305293529,0.832569158550493,1.06306800096559,-0.769493881315987,-0.169215000462662,-0.387961003473007,-0.231486776461433,0.344879489488673,-0.0485244020923236,1.03163221400584,-0.816374369121998,0.5793673015114,0.134570006824714,0.0469622817901262,0.583828388122504,0.442085367569828,0.312206559168335,-0.322275952585731,0.196751269562936,0.161174652843152,272.65,0.0
47467.0,1.24467544597036,-0.848975794644778,0.350321008571395,-0.522860018311267,-1.06888649444724,-0.254943509976361,-0.717059564355742,0.161369220863047,-0.503125666795316,0.676424426203277,1.16326364810973,-0.547132482215348,-2.05464978466321,0.21723322707746,-0.816048432542903,0.40808709439209,0.933087376146055,-1.5323727246405,0.794096873877611,-0.0488174518656934,0.141180796145261,0.35216264600606,-0.0650641448736352,0.216186739267796,0.480454453144881,-0.142655361298215,6.87029550128215E-4,-0.00204711733013599,39.71,0.0
30386.0,-2.35203809510131,1.93454721914008,-0.166452810245619,-1.32312824268014,-1.13801797820001,-0.619014533542138,-0.850179236282186,1.78444083335594,-0.80989967963998,-1.12153735828812,0.793695660851481,1.12792729412535,-0.321086422586291,1.52628361147793,-0.153609025205094,0.826559255275829,0.0865605441238453,-0.19788205599104,-0.727721678816485,-0.512567830480127,0.243018852771312,0.0480058920858663,0.126575542422865,0.0457549386298173,-0.347338794799259,0.747159119608137,-0.642575211802451,-0.102582818984671,7.68,0.0
52395.0,1.29659353291909,0.21341847939312,0.0576342661889695,0.225614673443476,0.206883860141476,0.0170405908217339,-0.0160648681811741,-0.0240018480439458,-0.24088420017651,0.0834554478270291,0.558520452896453,1.04523206413331,1.1351713227113,0.226978962392061,0.340138848806253,0.806935990685165,-1.13793346244981,0.248241092949481,0.605120271216533,0.00414312591175238,-0.273328156421238,-0.790467402942603,-0.0302085110209807,-0.823810083661626,0.366111504219592,0.146966029518116,-0.0301675958569081,-0.00117670010416204,3.59,0.0
29911.0,-0.501072161147278,1.14721716002313,0.892870718037902,0.734273026562071,0.225775395614801,-0.331062177444823,1.09669311285746,-0.223358903653355,-0.593293867250025,0.0172295867968389,-0.812739390656209,0.196500947773564,1.09174981078185,0.0474928676211302,0.974000299484599,-0.208272135756988,-0.457410159293281,0.161656276906549,0.592524149534925,0.217067543791232,0.0994005442748062,0.467093780077046,-0.171793190665565,-0.11098513936268,-0.0865883670430758,-0.298825125673346,0.308445749149049,0.220273964350331,74.46,0.0
66585.0,-1.55627872104136,-0.0291185022695312,1.93096341784405,-1.6037183255737,-0.85051156075816,-0.476922384791887,-0.16463623675749,0.324882557896621,-0.43486179269605,0.797594513362477,0.384312954070063,-0.578199233553324,-2.10594226193607,-0.0511784878308662,-1.09108882673397,-1.15118423808647,-0.0491186021917357,1.28448709634967,-0.534175172362733,-0.237384611684299,-0.812009436306855,-1.66318487277479,0.0703655303292549,0.245445548271981,0.0583067401822877,0.675963621702351,0.412624794419316,0.334457645027505,38.89,0.0
70229.0,0.315641749332386,1.63677796226183,-1.51964988293973,4.02857099852445,-1.18679426720391,-0.789813099852487,-2.27980740468004,0.472987926704315,-1.65763500271185,-2.89499040084744,1.60198538284757,-2.82494562476694,1.26920363552044,-5.59136368933409,-0.974827287131074,-2.73779549628906,-4.9615343155062,-2.22479740778771,-0.136117269757132,0.388884849068478,0.345920750226663,-0.1080015945344,-0.165441941824109,0.279894580016653,0.808783092569154,0.117362632970147,0.58959490284462,0.30906407378289,3.79,1.0
87618.0,-0.498005334142056,1.36784788457488,2.01731305885496,3.04836156921804,0.448566134541835,0.50503407510532,0.459559930012364,0.0826727884018818,-1.4254758633032,0.805892900148131,-1.2554766760959,-0.0068465510555192,1.26154927232533,-0.516252917199592,-0.607415529894507,0.886718032737702,-0.89544183009111,0.11805255416187,-1.50684822682585,-0.0748547337206092,0.389345826333658,1.18043284462257,-0.226586364660239,0.0148150328287999,-0.393075024411481,0.1186390843699,0.0538805610398517,0.193362784106653,6.95,0.0
79200.0,1.30267500779761,-0.396390642710456,0.3069032950176,-1.10892934984331,-0.294078169863843,0.458922849191352,-0.644700685534622,0.16526200565995,1.83423911205264,-1.13730829545825,-1.37996937564041,0.643143658094096,0.708664768621481,-0.308763213706572,1.56893405040017,-0.351243544942356,-0.405426474295678,0.131240413835383,0.721766452776587,-0.078544022737846,-0.0707423481067473,0.113796696194409,-0.185516757502525,-1.28994884022475,0.63195642128272,-0.571812048983251,0.111724047052774,0.0188112509048087,1.0,0.0
87742.0,-2.36679088117346,2.21233366449762,-0.937355944307034,-2.9990153578796,0.293552201934042,-0.651476529580382,0.451190749331645,0.896644262284672,0.380739857237269,0.0111189246748083,0.252088725053037,1.18985179854909,0.465599261312922,0.507483818372376,-1.17125433587838,0.749947084617165,-0.97593753152689,-0.218663914385815,-0.48498154112021,0.412002675400269,-0.328118276663191,-0.876219896383596,7.02804441465102E-4,0.192139931450826,0.291939428389595,0.376635581680774,0.497055110823894,0.33467340487709,5.0,0.0
119675.0,-0.287322626307809,0.904185954656246,-0.18096983646138,0.381784743887261,1.16915538525483,-1.03436460543035,1.56454495124148,-0.626711704764883,-0.00465413878393022,0.160500698474994,-1.25702450961946,-0.543898354349378,-1.14309049250063,0.239312491817088,-0.803637763775432,-0.765452995196973,-0.355584927199936,-0.459729169443292,-0.351518687930717,-0.388681818370787,0.0748298021378911,0.487278089817943,-0.169766389330889,-0.105332127948964,0.162409660541911,-0.615347722409393,-0.475120782383054,-0.206676737540784,6.78,0.0
40506.0,0.976980260276727,-0.296892231579242,0.357107242131491,0.481090334851795,0.325730552729213,1.60479768336763,-0.37004292714305,0.480917101509315,0.467769373268564,-0.451115958187661,0.0885534580267819,1.02759773176056,0.499378516304622,-0.118687713829166,0.93414081388209,-1.35947954088551,1.05511656785306,-2.63181762299623,-1.17933958720654,-0.109475289995359,-0.17281612744217,-0.257597338681203,0.118111409293446,-1.27060835928331,0.0483735797349092,0.430204277289633,0.0422601924901938,0.006343890065262,52.98,0.0
56650.0,-8.7620833940977,2.79103028235041,-7.68276685719257,6.99121396498416,-5.23069545140333,-0.357387950702527,-9.68562145610769,1.74933494530821,-4.49567886484426,-7.86450647898838,4.77414774007074,-8.24589788162945,-1.33349186005079,-7.97425052332349,-0.39879894749855,-7.24434047432354,-12.7600939511044,-4.82474022298701,2.83699299496563,-0.460389538640294,-0.0905267878788197,0.34858962816605,0.0511323900482543,-0.41542987238242,0.219665266254896,0.330020364891881,-0.0282517554687547,-0.156270272972183,7.52,1.0
35866.0,-2.04448868873478,3.36830621710984,-3.93711139061868,5.62311973109633,-3.0792320390481,-1.25347411822809,-5.77887959312275,1.70742815771205,-4.46710312294842,-6.0677981503786,3.83978771072745,-8.27784094846266,1.49391490811495,-8.41668121212274,0.792297928201949,-7.86265882647354,-14.5708366290177,-5.18538553288232,2.41438956859515,1.11202761894884,1.48359421639379,0.834310712862216,-0.148485620188757,0.00166885452328186,-0.0389957310939217,0.389526401954901,1.30023645611458,0.549940374167289,7.61,1.0
34521.0,1.08123377540659,0.416413936043849,0.862918740651629,2.52086280678918,-0.00502050005851413,0.563341022808024,-0.123372251574041,0.223121852791809,-0.673597550149872,0.644549730341658,1.1205051770709,1.23777331256672,0.342362114422749,0.0383719793321978,-1.19450308848281,0.0854063439558358,-0.219143226460215,-0.694259215394403,-0.655269928208246,-0.16524877677618,-0.159387123973102,-0.305154013019185,0.0536197364326817,0.0117614442207135,0.375145782072105,-0.106298753298543,0.0210082653765087,0.0105592082435436,1.52,1.0
63082.0,-1.18780090155512,-1.20786713412776,1.41440273356439,-1.76360195851106,-1.36252114291792,0.582581668758301,0.870403671001416,0.112100733102616,-1.31314596658721,-0.255241684268468,0.371343601816862,-0.661608860927199,0.211186573521817,-0.376069385860986,-0.130378510694183,2.14874340746695,-0.762592976780887,0.175805668672046,0.197739582613031,0.980599292837411,0.69913804106935,1.13495732870408,0.513696124802337,-0.515419898190673,0.309006607187146,-0.178202607211432,-0.0412652877060202,0.121466219741316,389.0,0.0
31928.0,-0.869127716435537,0.70413670437852,0.310787431338462,-2.49721238789416,0.227911395803993,-0.500234949673446,0.403721657175423,0.311195621716602,0.497988346510766,-1.76261964226493,-1.02594254888825,0.447970346642649,0.496876523740729,0.457865424251103,1.45987568833085,-0.433505592973519,-0.16662585373608,-0.338381980461593,0.692733642198971,-0.163735652838527,-0.0554293279071377,-0.246790379004093,-0.187974163814484,-0.893837722191558,-0.100558369399505,-0.225845520478591,-0.1215696353627,0.0208640179057776,19.95,0.0
52255.0,1.32528600960144,-0.440556708195096,-1.24714892397272,-0.731557987249775,1.7748573286699,3.30467922903012,-0.614789281120479,0.746312913052681,-1.30493829576603,0.821431870181237,-0.260425030160837,-0.12851678892364,0.254184163371048,0.453986369926913,0.904805657593434,-1.06133249171848,-0.639521242581952,1.09708535877016,-0.492059905115659,-0.344057351823994,-0.863156476186848,-2.3077194266814,0.235159352672355,0.877070606426667,0.291920641169776,-0.839722630496527,0.0332544957381746,0.0343839529394509,45.53,0.0
59840.0,-3.21538175967748,-0.364223121381638,-1.26188334354906,3.79494903930385,0.71120593031272,-1.31647560298004,-5.16514055601052,0.625278383544947,-1.582300584728,-3.25263359468289,5.04075120270381,-5.31444220386187,-0.656470662006063,-6.23304367078495,0.974771279276835,-6.8903177453801,-9.51641148491956,-4.36412771489086,2.59857755637223,0.0196261688931224,0.40134124079647,0.152191258747201,-0.93467547449829,-0.256148382367333,-0.469403308828214,-0.282495914081921,0.86607691066145,-0.433465943783225,5.91,1.0
74159.0,-1.54878809850026,1.80869795041448,-0.953509033832342,2.21308539346999,-2.01572779170327,-0.913456844516923,-2.35601298316433,1.19716896702387,-1.67837405659509,-3.53865023182429,3.1020899271543,-3.99337305447702,-1.93741062327519,-3.82289410599595,0.830970110708369,-2.47535885382925,-5.21187516766885,-0.413871678166879,0.933262164554872,0.390785963777347,0.855138263312025,0.77474482148342,0.0590371520063436,0.343199807900813,-0.468937928609185,-0.278337986906642,0.625922215184372,0.395573378256676,76.94,1.0
103808.0,-4.51734375344642,2.50022390414582,-4.01392753708116,1.18945163355882,-2.48686063585833,-1.41347553285281,-4.24570662259591,1.26508694822894,1.16882778968781,-4.51390660472333,3.69471123994721,-6.11044323287235,-0.110521636054475,-4.18455528093394,-0.93103463417672,-1.61471832598223,-3.35318018239636,0.236762036968587,0.0038960221310578,-1.05616226010439,1.32694422202396,0.102998961106284,0.508166904438541,-0.278017536127694,0.139721094971637,0.0646100247346309,-0.972358289293076,0.351359561196795,2.27,1.0
68587.0,1.25917222572926,-0.981136026047715,1.19719511427243,-0.70671452636421,-1.72294937248557,0.00346815235531407,-1.40706680853657,0.24813558107919,-0.321286162757822,0.806648361077519,0.664446004220922,-0.0516412719339676,-0.351680732641303,-0.0481470514892487,0.926555274712417,-0.280799040824523,-0.677718169099441,2.33802395740349,-0.764297539299232,-0.425054461818536,-0.127915815572778,0.00999517533721001,0.0102549384292932,0.0137348499211996,-0.0662078928321513,1.11790677744009,-0.0167316005988838,0.0165667603410362,34.95,0.0
72648.0,-0.36980095100522,0.562617942058803,2.73481374878575,1.99596795158973,-0.353081393226031,0.25220110951279,0.309586991596509,-0.327504244847869,0.232024526842361,0.471293749943989,-0.637257103012795,-0.513005482968778,-0.482909491492772,-0.567973305631881,1.36918999800065,-1.24812566277595,0.542481573461437,0.458703007594691,2.29811103315675,0.342909773046114,0.0612678836921455,0.749435304783163,-0.434983671545819,0.442450685112357,0.185713351118064,0.10537047710926,-0.290906050357504,-0.337641288824222,23.86,0.0
34256.0,0.539275913891047,1.5548897630737,-2.06618033324968,3.24161746276725,0.184735711234243,0.0283295594064726,-1.51552137985061,0.537035374444064,-1.99984603560986,-2.13317644293659,2.75617194535395,-2.24286436771513,0.615204246860345,-4.65280380668112,0.222163815521883,-0.775666019840941,-3.21861825150599,-0.370992501046414,-0.686196723569762,0.302734578907132,0.371773459120687,0.111954592156869,-0.305225078771695,-1.05383526243402,0.77117490696746,0.240878213732036,0.418434531995645,0.232169715166482,19.02,1.0
81634.0,-0.419563381308757,1.01342704320989,1.385143594771,0.00763811347910856,-0.0518511598543019,-0.79879791782518,0.569886500858603,0.0941597505612347,-0.581670149735701,-0.326916586099949,1.57173045353608,0.373960697005167,-0.572275890417695,-0.10554683551464,0.242177844855296,0.54641487046984,-0.135436938512796,0.36219326396763,0.124974506219796,0.094243721560436,-0.201597308667647,-0.58756673417221,0.0162486394832772,0.46823740181875,-0.234966635187338,0.0436230482109477,0.236490258494932,0.0896252238781712,6.28,0.0
15198.0,1.26910127210745,0.101973714780391,-1.01882253582769,0.467387425411453,2.26234219557072,3.65337539611792,-0.533737295365044,0.768978463272787,1.45758306071292,-0.388190203016065,0.405200728255264,-2.27085188301386,1.41674443532183,1.62581652290992,-0.888795167457047,-0.130736483039622,0.221440426840641,0.196766358425239,0.160797643792711,-0.084920050289501,-0.334789014198653,-0.666308306834962,-0.113592790499649,0.94877777545272,0.870602692982892,-0.365077281246784,-0.00112688418172936,0.00579903902356128,6.99,0.0
18405.0,-11.7043040250592,3.45210125626964,-12.6088981307676,6.19029683001829,2.63761856954655,1.26821357581048,-7.86603095023405,-2.78786598120745,-2.41023249869987,-3.27112677722186,1.33238911531635,-1.84524166339021,1.5248187982119,-1.39472939289004,0.265500015034616,4.66423567467972,9.20705853529557,4.05446246784904,-1.37198585143319,-0.520753951463991,-4.50133312996085,-0.380462402063147,-3.57137496007555,0.642445102860939,0.0108620111875313,0.545341761173722,0.370186647717606,-2.09170371782538,1.0,0.0
48226.0,1.3175099293159,-0.0300974505423782,-1.08876207863831,-0.55797280364991,2.03100620864596,3.2677373714174,-0.536440236469513,0.808533012090737,-0.0525956513955632,0.00165643722287224,-0.0286245465439782,0.0736116193151563,0.0410904971667649,0.425253713735782,1.2451394085955,0.640223747464617,-0.910268818792724,-0.0689214267247821,0.255615809819263,0.0147324124808481,-0.313967910054413,-1.06835908904944,0.104757331467596,0.992069784037291,0.369798381321606,0.110489799568022,-0.0280961142549769,0.0116465183649374,0.89,0.0
41852.0,-1.16963917554916,-0.509957220439663,1.56361127353523,-0.842528587549297,-0.226052076836126,1.52511640316092,0.67509062513731,0.327375991148299,-1.47469911944119,-0.181457853200846,-0.315734721916517,0.291128529418764,0.92395539675471,-0.359986759905118,-0.669866831558252,-0.991842121764876,-0.786022162936675,2.01925344638838,-1.23367267414252,0.0861130540564565,-0.0423085746206292,-0.00556280275868187,0.0719409686137075,-1.36060521564223,0.736292779648483,-0.22096552420551,0.0212264560960259,0.069269438053917,245.0,0.0
90676.0,-2.40558049004183,3.73823496480673,-2.31784304058402,1.36744244056479,0.39400112765787,1.91993798476143,-3.10694204753682,-10.7644025337266,3.3535248599039,0.369936028027435,0.382172176843061,-2.26293253493218,1.21060458321664,-1.88061870491121,-0.934160416330735,0.235476804417352,3.32156931100987,1.90627082950488,-0.581355690647057,-2.14087382269319,10.0059980130045,-2.45496409501601,1.68495694696092,0.118263083149952,-1.53138011163519,-0.695307571119466,-0.152501562016877,-0.138866256312262,6.99,1.0
65936.0,-3.5934760029271,0.78144226309285,-1.82244751422669,0.605760683474701,-1.19465586719981,-0.517194856719497,-1.72252312325165,0.128889523769538,0.0149633080909052,-2.85611682977408,1.61826162043188,-3.58137450130299,0.623706919914784,-6.16045662030601,0.494733399107095,-2.54310504010287,-5.30127339068683,-2.19271270602319,-0.09472379272847,-0.478219313417121,0.351792125839819,0.391248950287018,-0.252874890557857,-0.498042480147132,0.0101721931231225,0.909928721553306,-1.47876724603751,0.722673039450917,101.5,1.0
76867.0,1.08256623409747,1.09486151295003,-1.36702004784737,2.01255429562949,0.708142047645968,-0.807712094137058,0.151952109111841,0.158352530916403,0.00987228422733163,-1.92527812380296,2.60593702345612,-0.309218873424363,-1.76754891562268,-4.42919458671376,-0.171939794624445,1.05551393649543,3.9705869371836,1.76224857169611,-0.880812102847679,-0.135789404251701,-0.32528376499397,-0.734343617700577,-0.106725343342181,-0.224999064492694,0.569167327221417,-0.33503264926341,0.0891401408869493,0.11233722000597,1.0,1.0
59840.0,-3.21538175967748,-0.364223121381638,-1.26188334354906,3.79494903930385,0.71120593031272,-1.31647560298004,-5.16514055601052,0.625278383544947,-1.582300584728,-3.25263359468289,5.04075120270381,-5.31444220386187,-0.656470662006063,-6.23304367078495,0.974771279276835,-6.8903177453801,-9.51641148491956,-4.36412771489086,2.59857755637223,0.0196261688931224,0.40134124079647,0.152191258747201,-0.93467547449829,-0.256148382367333,-0.469403308828214,-0.282495914081921,0.86607691066145,-0.433465943783225,5.91,1.0
97383.0,1.96422906724573,-0.488555259694917,0.25765611753895,0.587870361501248,-1.12257451634902,-0.49557692236273,-1.02933261313964,-0.010096427754036,2.8030670381857,-0.364605040553106,-0.0718821647804003,-2.62776895341113,0.947926587953052,1.2872942926326,0.125646574746563,0.671500957874047,0.153066715503838,0.403220284423157,-0.514188426807861,-0.266662716486529,-0.122864107671533,-0.00358661753895262,0.338656196866493,-0.0114417062347976,-0.655046074079118,0.442622633414946,-0.0456842175323161,-0.0449540756065645,14.95,0.0
29753.0,0.269614090485094,3.54975512877325,-5.81035344453706,5.80936957402456,1.53880793351049,-2.26921913566818,-0.824203333436328,0.351069915343584,-3.75905945636624,-4.59238980599474,5.47939151009669,-5.65785754091816,-2.6480760898503,-10.3848897408947,-0.225946407826958,-0.701882908954806,0.409735840500415,0.939603694029483,-1.95429995537505,0.310524633435283,0.371121111209288,-0.322289520392532,-0.549855883222537,-0.520628958812409,1.37821038664663,0.564714292689441,0.553254713878568,0.40240000915925,0.68,1.0
109298.0,-1.00061051985933,3.34685000184439,-5.53449117133595,6.83580203854396,-0.299803293657807,0.0959512989990878,-2.44041927394713,1.28630119597073,-2.7664382829404,-4.45800770078481,4.69653339192897,-8.76211333956078,0.985826601093264,-7.32027202211023,-1.06384045772504,-3.37112471078725,-4.25115786762875,-0.43005729986925,1.80401333906519,1.18981379228675,0.439756764345897,-0.694099203587273,0.299660329499667,-0.657600627722995,0.101647558980344,0.430457439169415,0.824685450418745,0.326952273050223,186.13,1.0
4462.0,-2.30334956758553,1.759247460267,-0.359744743330052,2.33024305053917,-0.821628328375422,-0.0757875706194599,0.562319782266954,-0.399146578487216,-0.238253367661746,-1.52541162656194,2.03291215755072,-6.56012429505962,0.0229373234890961,-1.47010153611197,-0.698826068579047,-2.28219382856251,-4.78183085597533,-2.61566494476124,-1.33444106667307,-0.430021867171611,-0.294166317554753,-0.932391057274991,0.172726295799422,-0.0873295379700724,-0.156114264651172,-0.542627889040196,0.0395659889264757,-0.153028796529788,239.93,1.0
118602.0,-0.0795922008610112,1.02067765510154,-0.655047288200827,-1.10901685953755,1.05227350670358,-1.52102199245064,1.60855120228066,-0.351191353144522,-0.615036188136021,-0.298147998367168,0.814273513674328,0.414748505936222,-0.736282233898486,0.996825326393858,-0.848401748356502,-0.481660625575832,-0.595562717291648,0.124885947474914,0.120626171368056,-0.0857562198024852,0.30240260625365,1.02706915199413,-0.238905938794108,0.121887179872015,-0.36226451348762,0.0639614411590949,0.388311882561382,0.259274291218205,5.39,0.0
115691.0,-1.55027271502021,1.08868850191044,-2.39338766218981,1.00873271714408,-1.0875618874048,-1.10460238189499,-2.67050327670088,0.147654676391109,-0.978625549290056,-3.51413330486723,3.58604242366444,-4.05335784837839,0.862426024955809,-5.76582302154173,-0.507511029549388,-4.92186514350783,-9.56726769048681,-2.77297411117016,1.71709526842855,0.327490457262181,0.802316031461701,1.03710478869922,0.0958154204904633,-0.320190913384423,-0.0807306312824349,0.0910116872058309,0.0249284934943241,-0.0778199786198624,17.06,1.0
40742.0,-2.37753280180283,0.520539361927579,-8.09413945532841,8.00535147326105,2.64075021376276,-3.38158645291742,-1.93437244067366,0.562322111872781,-3.10402718606356,-3.05121035544102,5.73576265915634,-4.74769250131792,-0.784223284478966,-10.7163393018774,0.656516978131348,-1.14246727231018,0.91859080878698,1.12633522330277,0.0929734778841175,-0.634747080915274,0.148284201590387,0.7210995412337,2.66129069804724,-0.508619933518595,-0.401656629278738,0.587611216267645,0.500326371108344,0.551759687906722,1.0,1.0
52814.0,-1.10184700698197,-1.63244121283891,0.901066556872515,0.847752885502341,-1.24909072939532,0.654936785498635,1.44886782586722,0.0233079125519542,-0.136742416820243,-0.150129182778684,1.17235508293037,-0.795988136674965,-2.13695096583302,0.578869439330842,1.4121147225086,0.0134668068434063,-0.119204381070058,0.826814373772222,0.476859902488945,1.23027784051309,0.610653920616913,0.835795006603528,1.17995542066426,-0.0290908864225033,-0.300895693792436,0.699174952578756,-0.33607170899039,-0.177586827857027,519.9,1.0
48380.0,-2.79077103894771,-1.46426898705405,1.03116500769674,1.9213560843992,-0.0900138203463016,-0.483871347899329,0.780731181206493,-0.348775795673106,0.609133451935087,0.225933803313285,-1.06453419450651,-0.787372737955552,-1.57646958451914,-0.126756361711439,0.367012281940972,-0.635321654596588,0.327006411459276,0.0438160872305435,1.40357376229763,-1.37672077946455,-0.392667221970544,0.440019838749267,0.777659196131864,0.418551935584405,0.244563185949918,-0.159360689127314,0.0605395343366452,0.356958362771354,208.58,1.0
56427.0,-1.29563059767055,-0.609158317852033,0.652954590324963,1.34094596120384,-1.60769373369058,0.373081655052537,2.85276974664977,-0.276566909139649,-0.985334504330339,-0.813172844598648,0.215089250082134,0.126593954121907,0.302794547654955,0.411027476157517,1.23378076946168,-0.659800433234014,0.219704261827784,-0.303990406478849,-0.279026159036886,1.29815200286915,0.583004003490567,0.702819904877628,1.35546934481606,0.558616563391989,-0.141911729128668,-0.358738391132118,-0.0191091867585813,0.21124688413429,614.1,0.0
41413.0,-15.1404496225073,7.37804241221284,-16.356367356494,9.19493491430021,-13.4661632895942,-2.95843050082103,-16.1655386244192,10.0752539455532,-7.90182112627786,-13.0094028057641,4.82823533219729,-11.0584014244364,1.99812557552295,-8.59204740189288,0.540385309176116,-10.6157452968661,-21.0178983428443,-8.39739305199317,3.18355894967976,-1.69148198782553,3.14742810473234,0.341677595071206,-1.15016247089952,0.795189734964946,-0.194542181109758,0.145963568626439,-2.45868034756574,-1.18988788135128,106.55,1.0
76845.0,1.141572041228,1.29119504187036,-1.43290045302393,2.05820222243243,0.940823737515849,-0.958273875563986,0.391154204412105,-0.0925192025989645,-0.0328285936060586,-2.15530254380865,1.0804386160969,0.0444153214634158,0.441176590070526,-5.05382476474338,0.315185256694669,0.821195361600931,4.02736603913411,1.07797898032715,-1.10727585500251,-0.00591257660665234,-0.366507064917023,-0.714464900739845,-0.14391066716844,-0.305177619493244,0.697514060032721,-0.312544722619217,0.106247471401345,0.125059863331359,1.0,1.0
41170.0,-6.49808616880785,4.75051466030858,-8.96655783136602,7.09885431317009,-6.9583762227814,-2.82212618665779,-10.3334056561063,4.03190730189525,-6.64877821018697,-11.6344144245911,6.87757089846463,-13.6976856184689,0.463040401836978,-13.0441824003561,-0.309229265664683,-12.3175797238757,-24.0190985475902,-9.33519307905321,1.95189049542104,0.568338010653019,2.15814308370257,0.1115103626317,0.216413836254987,0.584661255488016,0.760359507805524,0.0819723426822078,1.41506751068321,0.0351241448009389,83.38,1.0
53340.0,1.25219405127487,-0.199691459744946,0.604845510353185,-0.074644237829964,-0.763782132981203,-0.395267196748429,-0.545502270231707,0.110716622553501,0.376096996173676,0.0576752492029548,0.914241465347198,0.156708985684201,-0.933055974595008,0.42333063388164,0.755461655044524,0.857828424476067,-0.750348164036166,0.612756548275252,0.227141012732294,-0.11355508273439,0.0925334736502696,0.227404501878963,-0.0546212722738673,0.0587011720570384,0.214448467741519,1.07764364074726,-0.0710698066753419,-0.00608775140626918,1.0,0.0
110738.0,-0.554533048456166,0.703579461453699,2.43441916472062,-0.190185598464385,0.0301674066781038,-0.0914460575758388,0.40779415272582,-0.0909797147170775,1.37059203752163,-0.951383603799849,1.90099881043627,-2.32465438925484,0.740558790126139,1.61635839001661,-0.0166319005899436,-0.0660296634986219,0.127114142268944,1.08960757576629,0.7991847747544,0.0355041261530055,-0.255902033087841,-0.372451564629726,-0.274611936689424,-0.0495559811194239,0.198031124601079,-0.750683191178345,-0.0919320413245167,-0.156090672783998,11.27,0.0
65092.0,-0.326381760738362,0.691998155094352,1.42160634067381,-0.680630134476141,0.156622643328594,-0.963556404680559,1.20464832884649,-0.465587652094752,-0.219184248374204,0.36723872229786,1.56510504668124,-0.137656396074355,-1.49784290565352,0.283635467279952,0.145143824241942,0.0456028982813731,-0.511683327318963,-0.327755589313816,0.623417284330604,0.156416473805219,-0.46283625471364,-1.08426635966981,0.0805193653518498,0.509794151296384,-0.424927509435821,0.506542799241479,-0.293310434330951,-0.397447256731616,19.98,0.0
7604.0,-3.43757195681177,3.61037496126507,-0.208764625714317,0.880737615799584,-0.865361894044567,0.656337665367309,-1.84655572031692,-2.88519932934931,1.44970464666407,0.765256312658768,-0.379049629238788,-1.59744553040574,3.03186916225768,1.91890744084864,0.509969181588249,0.263934068714622,0.865796146292628,0.697335723951041,0.528656474412557,-0.351365051900119,3.55047371072886,-1.54438094578069,0.568526769407381,-0.598930686465153,0.19334110296919,-0.338941304208932,0.486184396691517,0.0209797069039866,2.0,0.0
93742.0,-3.29112509261551,4.4011941515981,-8.39421162258901,4.45357956949695,-4.79005451824953,-4.24018208232724,-9.21900099642753,1.97402995723142,-2.91294270907847,-13.540168238225,9.41303953977606,-18.0475965708216,-0.728186553999085,-15.3930448312636,0.3494850489774,-13.30388757707,-21.2979057823155,-7.26231079476482,2.27422550991903,1.4908691418867,2.10234346771868,0.597370314627801,-0.328086184026121,0.445752402449364,0.585280580866405,-0.399005421878678,2.11600444233121,1.05074380386505,1.0,1.0
62080.0,-1.59945740179415,2.60772002929222,-2.98719294171061,3.06415614684784,-2.49791431686821,-0.54110279282052,-2.2777862276701,1.26816610842127,-1.99733105335741,-3.83477508791878,1.11335409263987,-4.97692104108215,-0.795530934675206,-4.54955674371782,1.81376325403563,-3.17746049642958,-5.36934877847861,-1.1214541569793,2.03059193793375,0.22533293042937,0.662933039629134,0.184086858369512,-0.0894518031771282,-0.505999935132595,-0.0622588885489331,-0.0527144132804191,0.322854004983613,0.135267636745646,180.0,1.0
93897.0,-10.3008197578448,6.48309458751086,-15.0763627200288,6.55419115286706,-8.88025172157215,-4.47167242014489,-14.900688599735,3.84017023811699,-4.35844142237671,-14.5331616869738,7.58874088021049,-15.8357188077344,0.135035383391472,-11.5670059165135,-0.077026912374336,-11.4674297370042,-19.1729963590355,-6.96985638421183,2.21175583268581,0.113244363257218,1.50874842459643,1.04164209875775,-0.682789602968657,0.573543946252624,-1.6023889741646,-0.393520821299559,-0.468892515546761,0.105920160381125,1.0,1.0
79540.0,-0.114360703589856,1.03612940153875,1.98440526119199,3.12824327369048,-0.740343559582751,1.54861869623,-1.70128395465886,-2.20384174839674,-1.24226477538834,0.269561809170344,1.29341829662131,0.933215784460268,-0.135325960632637,0.521483689902165,0.386884188055331,0.0598689535627266,0.306339379229928,0.265051988857439,0.223718288348024,0.732852498432027,-1.03293465200213,1.19642831010463,-0.112856718234204,0.254718993156121,0.69666788609654,0.482370416673402,0.129969314476127,0.223924333790406,0.2,1.0
27163.0,-23.9141008948243,13.7659421584186,-25.7337337663194,6.2909179135006,-17.7848236618953,-4.57249762015164,-17.3907644695894,15.7941361803271,-3.81983218698836,-8.44226241787632,5.02011249777419,-7.0464278465108,0.692785249374773,-7.07689932873899,-0.0465348409616521,-6.20823797273981,-12.5320624040465,-4.82885763250639,0.978636193358608,1.64003733516462,1.77339928248294,-1.74842552125898,-1.09310448820022,0.147807442391992,1.66379235724108,-0.221024471156944,1.45807561131952,0.43031504868091,99.99,1.0
69160.0,-0.944697560113612,0.945097797785131,1.8471046197812,2.78830946681719,-0.722853841922371,0.991252707517231,-0.236200399772217,0.559408257102834,-1.06095524793308,0.446808313315045,-1.37587527068266,-0.120507983484794,1.58433131480657,-0.186707282869887,1.73180973980538,0.921095654847892,-0.548206529621644,1.04663424820498,0.684181488768631,0.0764168031732901,0.339915517087573,1.02422500089778,0.181526922221519,-0.402776627482336,-0.440969098589272,0.332090983265881,0.0452057079401069,0.0504631492221858,104.97,0.0
61956.0,1.22982373037088,0.109564645505885,-0.134722290034676,0.961955944769938,0.525328026728975,0.894772576314585,-0.106410748942146,0.247314337450811,0.197832210553458,0.0639591128407464,-0.11583547513979,0.516503679591769,-0.473588797472491,0.278166266126422,-0.643901144077008,-0.115266767303652,-0.44478490510337,0.0114769531385065,0.430762045945955,-0.182363691489341,-0.148026870299279,-0.226091173742219,-0.22706204037766,-1.30958955409338,0.797440661935988,-0.245033825785245,0.0325006675962499,-0.010018690256997,1.0,0.0
4819.0,-1.73551460121725,-0.0799314020825146,1.5590160182178,-2.80864889284413,-0.422329815309045,-0.702212412788462,-0.146150771602717,0.527868251563285,2.77805594793188,-2.66300914115406,-0.797013176930548,-2.57555619438855,0.921686672359802,1.40950978436147,-0.435661091595111,0.49598283547107,-0.0286965493948493,0.883002418969642,-0.771383573275577,0.0798354141168592,0.0272205600544381,0.0810565418270096,-0.29146598261953,-0.494953115634187,0.803284430725263,-0.100085794157179,0.0987910689630969,-0.0347704015681578,83.0,0.0
63880.0,0.282270784737667,0.0535621568202094,-0.379427803263599,-1.59300981067976,-0.193024859461874,0.0908649565472945,-1.16751913515593,-2.72289465544367,-0.862683034579845,-0.330013809804655,-2.25226159096672,-1.52490375926496,-1.5330482113656,0.416404061957241,-0.673827694647826,1.44875607402614,-0.0106636334173879,-1.04741727494021,0.3233811316944,0.574685413317434,-1.15693369330956,0.598909979860042,-0.234772786837853,-1.01293436467826,0.792804477581621,-0.1630638701715,0.0950989562423019,0.26083046641193,20.0,0.0
75556.0,-0.734303155037818,0.435519332206195,-0.530865546585229,-0.471119606930407,0.643214386605141,0.713832369657908,-1.23457207133269,-2.55141159871634,-2.05772382572102,0.166830707878014,0.567551954604602,-0.85805991589575,-0.448067929957678,-0.264936238828755,0.88886293915465,0.838120616560385,1.42505965449185,-0.169664182600728,2.50202738858443,0.864536120628702,-1.00487737851609,1.15035358786928,-0.152555282700309,-1.38674463324096,0.00471601482800044,0.21914583821982,-0.0582573076118087,0.158047988697071,29.95,1.0
88749.0,-0.889673698886853,1.6918940100316,-1.11446193865618,-0.909808532157204,0.989575737569866,-0.441021113533999,0.927324880822926,-0.0743893478866738,0.902725667205524,0.51584055327313,-1.15484513475093,-0.563204864004315,-0.383951241892743,-1.33070631788644,-0.00860837579366591,0.345739157206239,0.150093383244828,-0.125128494057546,-0.149072364563219,0.379813042572639,-0.500137761751424,-0.993218935831998,0.0416119763061569,-0.104836559009826,-0.272426109148463,0.0899634499316628,-0.184943524450731,-0.250269517665957,9.21,0.0
91407.0,-3.95120850670532,2.88180518239049,-6.42149029451106,2.43418142416554,-1.32732453838007,-2.12210598673342,-3.2275333300383,-0.68556047558208,0.775985124963588,-4.72309174576035,4.921657447038,-8.75277008726404,1.52019774197935,-8.5520227319441,0.351975957711389,-4.5340297530839,-6.46540863418339,-1.89030997911689,0.174840185624481,-0.669351428982036,1.41047856462921,0.279402820830601,0.570821171370176,0.65627101478476,-0.298600548903483,-0.407571358894306,-1.37870253026193,1.37913029153249,52.69,1.0
91075.0,-1.85506070184998,1.55496360697718,-1.40580882850107,0.669327345741316,-0.280229520106465,1.17865246733203,-3.45997906611492,-2.81515495312599,1.24222876512242,-4.15635447965382,2.20944075185923,-5.12231410931103,0.66129710617156,-3.10393771952109,-2.41086973192388,-2.42501563217886,-3.96062268909989,-0.125017788038036,0.60039728842723,0.536916458029193,-0.0953083066630984,0.94662891847112,-0.297402959067305,-0.368343891207103,0.198731156287359,-0.0785905919566464,0.366709355889324,0.0737667168278096,38.76,1.0
2422.0,-0.322630479649134,0.746582406198657,0.906871872298499,-2.15741549211461,0.472974634698608,-1.20401637345967,1.20766887259605,-0.448405409066933,0.768740233338201,-1.16820555203529,-0.675287829648806,0.40767105841409,0.524534892094428,-0.0802828531351561,0.848275745829182,-0.466364748452927,-0.788900090885941,0.12470976274202,0.0820928015336752,0.0881451446079587,0.0351926662853345,0.516488317733944,-0.365486620517497,-0.0910872891103713,0.161797893173184,-0.810721304525845,0.242489664273066,-0.0173318223475772,1.0,0.0
39662.0,-1.02940477434118,-0.150999800954165,1.82948198451756,-1.27833458092648,-1.55506717296166,0.203060534272427,-0.500189691487747,0.727834167105891,-1.46144214817639,-0.0850462406895705,1.33612211050217,-0.417677848224908,-0.585942336979711,0.180047106085761,0.507740877241945,1.37301190742135,0.400610838443924,-0.506539806029831,0.266939035662877,0.260008520246349,0.662605396082729,1.42499395644186,0.081879484234464,0.241323389654939,-0.0424183134801508,-0.0705429584773271,-0.0414037865088852,0.0311500178522817,129.0,0.0
97235.0,-17.5375916846763,12.3525186682391,-20.1346128135864,11.1227714331133,-14.5710801396343,-0.381622313270995,-23.9286610291615,-4.72492103304407,-8.6030380974132,-15.2318333653018,4.41705461009659,-12.8935202086054,-0.10962845638889,-3.54722989444144,-2.17782399757845,-10.4020683266181,-18.3720191223339,-8.31409231206699,2.43582348553379,1.9251025961188,-4.35221313065903,2.38904092140055,2.01912792631133,0.627191869568278,-1.08599721239039,-0.0718032360759346,-3.83819790404877,-0.802564460951448,9.82,1.0
75609.0,-0.710316181736136,1.14478900598808,0.798580015446687,-0.474013385576923,0.704114413084971,0.339311252516206,0.534198736631233,0.166010276121074,0.0370367476633887,0.0816365061939915,-1.48947728312749,-0.698541947740505,-0.27101652259412,0.0861068349250984,1.2836625497649,0.305385908875618,-0.60878530872299,-0.304047727585691,0.160055559620166,0.186684832205865,-0.311619471157396,-0.804679729074246,-0.142549157498166,-1.36633229019945,-0.0583705187360584,0.181239295463002,0.245561334355363,0.165229152496562,2.99,0.0
56196.0,-0.98971039289856,0.950702889291617,0.452463883442301,0.960673321876325,-1.06136718182095,0.306338985902936,1.5133349999004,0.166969830156307,-0.853376027876897,-0.586487819441491,-0.40144105926921,0.0653879375426936,0.18986499865416,0.615912567524923,1.26890624531503,-0.398887550948288,0.20202338500659,-0.276446296262062,0.049500475875711,-0.125521864462011,0.221075139451596,0.636355248548582,0.21312955174784,0.0964901286943697,-0.249411035795449,-0.307375112585817,0.053791784374261,0.0187637990053616,280.0,0.0
68207.0,-13.1926709562391,12.785970638298,-9.90665002092758,3.32033688288942,-4.80117593230105,5.76005855618556,-18.7508891580107,-37.3534426378925,-0.391539743919107,-5.05250236713858,4.40680552357904,-4.61075647740608,-1.90948796970811,-9.07271093398351,-0.226074450896345,-6.21155748212485,-6.24814535335983,-3.14924669470095,0.0515761185277783,-3.49304991519446,27.2028391573154,-8.88701714094871,5.30360690376998,-0.639434802306313,0.263203123457008,-0.108876929971315,1.26956635541013,0.939407362758877,1.0,1.0
119494.0,0.054520818833325,0.721970434674987,0.191593845610074,-0.601031539702466,0.30306705962033,-1.08856307288538,0.874380326852423,-0.0861149281582876,0.264205008040209,-0.352442353788087,-1.39462037912196,-0.958819296523411,-1.93427017590635,0.495463415293745,-0.176416391174674,0.0421015033011441,-0.349612147629925,-0.458823085767661,-0.0148926445694579,-0.161463058262609,-0.293241492445243,-0.759801614891535,0.0737710069222473,-0.171158748774909,-0.536469584823847,0.154056109968959,0.234303149404648,0.0916380246502546,2.67,0.0
48288.0,1.12149396006421,-0.292807062243826,1.19809673202382,0.892264176839873,-1.16027653432276,-0.299947401113321,-0.61529841482918,0.0919642894676155,0.997801105074229,-0.240984355892219,-0.815891005070546,0.193165110393132,-0.413748983601717,-0.307864633958071,0.255134931463587,0.190284999744007,-0.148806359425473,-0.170722768189737,-0.0452621700620404,-0.0668103739477592,-0.078647840435751,-0.125668521411621,0.00918456812737294,0.417409061319161,0.2280592264698,0.314965075709219,0.00797104318765192,0.0316937771391621,39.99,0.0
54057.0,1.04174685230136,-0.151256661801104,0.404224559763108,0.521527675186647,-0.406492009133548,-0.200164692184752,-0.107726263182051,0.128968063226157,-0.0491853956112092,0.0616158835134143,1.50392315416413,0.523316365722023,-0.946471010285317,0.712313126460409,0.720354471801503,0.271159177894562,-0.327206636032346,-0.337819319511209,-0.200959331017425,-0.0499339038111169,-0.150362454739164,-0.649674868328018,0.107250082800976,-0.0158545050258701,0.0501547391073511,0.103597352333479,-0.0369254227515274,0.0147734558257554,69.99,0.0
35942.0,-4.19407367570647,4.38289736244467,-5.11836337307965,4.45522984017686,-4.81262068168969,-1.22464470658392,-7.28132786701771,3.33224979453268,-3.6796585127756,-7.52436833681058,2.95434436554049,-7.09982534281257,1.52036890797685,-7.68780276684597,-0.225002021021292,-8.52085016639749,-13.2772997431934,-5.25370461976771,3.62333181402755,0.579098497681141,1.55047296606276,0.614572855219804,0.0285207917962781,0.0137043244720008,-0.149512012856955,-0.131686656095248,0.473934221832509,0.47375748155095,14.46,1.0
98799.0,1.83205317286945,-0.547043670450794,-0.254149313297378,0.356948333753196,0.0202160008898124,1.46955774380524,-1.10814626050067,0.476082318632644,2.30218803618782,-0.335235385689156,2.09385301604,-1.2912430272076,1.68309662930722,1.44407367424857,-0.251364199119166,-0.371294634301678,0.786883153758179,-0.588574922155631,-1.22220219702212,-0.319909794603711,0.130498511084516,0.930081899680631,0.221072220587872,-1.34803277011776,-0.527938106505771,0.626636410583443,0.00351423206697085,-0.0777365870597457,8.72,0.0
18047.0,1.09702122169868,-0.0630351679592714,0.70438527782928,0.885794254269085,-0.172937556676141,0.703685970840573,-0.513604295316046,0.268689202961611,1.70468342032669,-0.49054845003786,2.23362176704835,-1.41761595223508,0.987734663913241,1.58932955204154,-1.28096045297306,-0.767745977456025,1.1606468372032,-0.644371222328601,-0.447618997039034,-0.248632208272148,-0.136398171605432,0.113629129240629,-0.0233173988619744,-0.286438878415818,0.369642353296915,0.442585901433599,-0.0163539145664986,-0.0133539620561438,6.99,0.0
46925.0,-0.481531150954278,1.05954227713479,0.647117402910268,0.905586233912649,0.81936824001549,-0.0911835663506086,0.504134851323607,0.161064336313081,-0.765053776949662,-0.55054534794377,1.48028602025778,-0.105359122514952,-0.804841454759319,-0.819901849432008,0.916881766469427,0.201150538864914,0.874890632270019,0.941476678511478,0.272698476205832,-0.0425151328862889,0.0706328691882125,0.192490772493404,-0.174659253437827,-0.438908072947488,0.239258996609831,-0.217823405004998,-0.0728522476980958,0.0104633125817071,1.0,1.0
20679.0,-0.391060308441054,1.24886361465497,0.0668796292439927,2.24535515331558,2.43692368430962,4.56435731343749,0.0882490585516733,0.897552827329174,0.130697860585385,-0.216550377154267,0.492690806848639,-3.17038064000762,1.46607125598351,0.242983354923906,-0.593634330592359,0.0241555002800603,1.56776932836643,1.07367949639486,1.18637020470404,0.209336866309096,-0.231000566026794,-0.359897893340142,-0.217317494903556,0.877852690886436,0.0346371848623531,0.251226811483763,0.0354451741957761,0.123895854292695,76.74,0.0
2640.0,-0.692581835031462,1.90246641729953,-0.215572376151655,0.493284610466641,1.4728824071161,-1.66199269602299,1.43207467808971,-0.159874006930454,-1.27989610158539,-2.07953090078711,2.42855793834485,-0.0934328627125872,-0.526675368462939,-3.27798835017268,-0.275527934193961,1.32917608165861,2.29320515843895,1.87619040823325,-1.16095062534947,-0.0365887889141299,-0.0544375514707701,-0.20953726673017,-0.402388984087405,0.195774188101861,0.418449791636133,-0.478581706149621,0.100887598742043,0.176290164633157,0.89,0.0
75851.0,-4.79366743133161,3.41891065333381,-5.07444453285381,4.03598694267746,-3.52787459906065,-1.92324150219959,-5.06598083804842,1.99688475994042,-3.09737916358313,-6.44720227383046,3.77557843937585,-7.49878345527601,0.231306922054262,-8.65826843157538,1.34330765668858,-6.17333085967808,-10.7080182544535,-3.50489419159365,1.88404425730219,0.342122343012083,1.16861781897539,0.289530903898366,-0.371888203724815,0.144761276597316,0.0847348250689305,-0.19743147093529,0.328671522253493,0.835394921353057,99.85,1.0
46149.0,-1.34650881762975,2.13243062687771,-1.85435531823997,2.11699770636107,-1.07037837875552,-1.09267135682306,-2.23098606430574,1.03642490791919,-1.89551573571367,-3.36401057980002,2.88704787664695,-3.78445965821089,-1.28890425847532,-3.98562600822203,0.531838297985603,-2.60370264991872,-5.15759639749234,-0.696010004579956,1.28596139472532,0.221918669151309,0.609508181503446,0.202874284952422,-0.0607913872259794,-0.186733353366053,-0.0174012274970924,-0.283751034119116,0.395451049081013,0.233138575967241,1.0,1.0
25231.0,-16.5986647432584,10.5417508026636,-19.8189818085279,6.0172946473619,-13.0259010501237,-4.12877900260013,-14.1188648469369,11.1611439952369,-4.09955143059712,-9.22282550730978,6.32936467621872,-8.95219071159749,-0.138363691274054,-9.82505442102721,0.0572235922374037,-7.54168742379503,-14.2595985921417,-5.03505152375192,1.43226792970939,1.53491982113512,1.72585282658181,-1.15160577552799,-0.680051901875725,0.108175914514646,1.06687834149611,-0.233720431391328,1.70752055210726,0.51142316911239,99.99,1.0
27163.0,-23.9141008948243,13.7659421584186,-25.7337337663194,6.2909179135006,-17.7848236618953,-4.57249762015164,-17.3907644695894,15.7941361803271,-3.81983218698836,-8.44226241787632,5.02011249777419,-7.0464278465108,0.692785249374773,-7.07689932873899,-0.0465348409616521,-6.20823797273981,-12.5320624040465,-4.82885763250639,0.978636193358608,1.64003733516462,1.77339928248294,-1.74842552125898,-1.09310448820022,0.147807442391992,1.66379235724108,-0.221024471156944,1.45807561131952,0.43031504868091,99.99,1.0
41505.0,-16.5265065691231,8.58497179585822,-18.6498531851945,9.50559351508723,-13.7938185270957,-2.83240429939747,-16.701694296045,7.51734390370987,-8.50705863675898,-14.1101844415457,5.29923634963938,-10.8340064814734,1.67112025332681,-9.37385858364976,0.360805641631617,-9.89924654080666,-19.2362923697613,-8.39855199494575,3.10173536885404,-1.51492343527852,1.19073869481428,-1.12767000902061,-2.3585787697881,0.673461328987237,-1.4136996745882,-0.46276236139933,-2.01857524875161,-1.04280416970881,364.19,1.0
59485.0,0.850149782964137,-1.55845162387689,0.157287458182817,-0.297640833363254,-1.3654949763562,-0.460005495333873,-0.313430426906057,-0.141706284973176,-0.282887006813712,0.361260946139018,-1.01333902357586,-0.784664947273462,-0.512494944400049,-0.335036790945009,-0.279455177869743,0.848095532002805,0.562135201280312,-1.52054029978402,0.989350841435123,0.604951276522011,0.0557099342647027,-0.450700077444186,-0.259731303109403,0.0458027998979139,0.359403809132131,-0.339414710898933,-0.0386903630878383,0.0628145598904367,299.0,0.0
94362.0,-26.4577446501446,16.497471901867,-30.1773174564996,8.90415677106517,-17.8925996927224,-1.22790388102871,-31.1973285494605,-11.43892041491,-9.46257260540015,-22.1870885620007,4.41999660154863,-10.5923050053728,-0.703795803703315,-3.92620731586873,-2.40024649210124,-6.80988994039049,-12.4623149481086,-5.50105078380738,-0.567939572890149,2.81224110932946,-8.75569832116533,3.46089334478551,0.896537503959012,0.254835536763482,-0.738096558530353,-0.966564233789852,-7.26348214633855,-1.32488430656137,1.0,1.0
72085.0,-1.52990966256729,0.211694116405743,2.11403139785736,-0.745109793430159,-0.395588472338804,-0.473198776029503,-0.237282549840613,0.584975465456657,-0.0117665471922804,-1.42843104080062,-0.384461033164377,0.925179651328589,0.787198143933897,-0.29527777576211,-0.278635767800573,-0.180487875213004,0.306942949359875,-0.839444964945026,-0.755566466068905,0.0337521144449999,0.241022515107587,0.559343928541317,-0.233304858928552,0.524089374686334,0.294293554228223,1.10743398940411,-0.128335218610197,-0.0905737088116915,25.45,0.0
46238.0,-2.01462321495173,-0.879675644343833,-0.878183585476394,-1.68853731902604,2.45348225356364,2.86027638672822,-0.776509701694176,1.1631765381984,0.983299250738209,-1.08162982813852,-0.478884685364059,0.606163474703498,-0.0233211011949694,0.296002720551841,0.897746707334922,-0.852089067579984,0.030792350825217,0.312655790328586,2.22179993303975,-0.34649058310388,-0.220050138873291,-0.397932937720964,0.243174973589161,1.02812290226663,-0.0750962114643814,-0.84862541852247,-0.213761576866773,0.215738104120799,19.34,0.0
63578.0,-0.639191253440691,-0.0855947885921835,1.26545195854416,1.40116573166082,-0.260542078671007,1.00979457835355,1.30199897093176,-0.135257522932592,-0.431520921685507,-0.0913533730643921,-0.921051995675577,-0.61381552858098,0.198913055533638,0.0160870050482155,2.20626377523102,-0.527140627794259,-0.0572786796405291,0.448655661077036,1.16443546519237,0.861306751100051,0.340330752683629,0.76016976216338,0.353376975218638,-0.778892742566353,-0.0706811598435952,-0.0333546437243291,-0.0619624216383359,-0.0626865318467909,290.18,1.0
47389.0,-0.922069160026527,1.02364769973057,1.05605064131663,-0.755784512601407,-0.197934186364346,-0.47526523088653,0.227938976072318,0.588988657594755,-0.277493949128864,-0.689756498626009,0.395463362964961,0.416798781271591,-0.934082898267294,0.549956356076054,-0.923175334812599,0.443098122500338,-0.44403477144088,0.156107612142058,0.191084099496851,-0.126842581614831,-0.129963634895813,-0.405117958774908,-0.0807249843277523,-0.00150888419142033,-0.208750382037385,0.30105119958537,0.166893553285208,0.102635612278877,1.0,0.0
64785.0,-8.7444146436792,-3.4204679837707,-4.85057473189452,6.60684578567387,-2.80054617200457,0.105511583647205,-3.26980129883546,0.940377922978903,-2.55869060182863,-3.62477471396623,5.26786160380362,-5.58369692598496,0.173895592410693,-6.67997675520914,2.08419914311417,-4.3488914455328,-8.76078602293495,-3.40754854415232,1.33293006548133,-1.81831542477292,0.102912553839685,0.311626102287519,-4.12919549979785,0.0346387321763146,-1.13363123097119,0.272265246225774,1.84130726881613,-1.79636258672205,720.38,1.0
41397.0,-14.9703456545046,8.40142101040258,-16.8672384869515,8.25233430637468,-13.5651304873758,-2.78243755853826,-14.2637353490007,9.64341914576661,-7.70149868394332,-14.2266980575287,5.61099879659254,-11.7939788348294,1.59838653001563,-11.6069703760766,-0.0441804437896824,-9.28695473739369,-19.8997264249367,-7.518050849236,1.24351749943488,-1.61466005601289,2.71404480183882,-0.101355310559619,-0.439665974014017,0.519513861479409,0.789327982433797,0.0643574266343142,-1.62138568643941,-1.10481920857705,273.01,1.0
60343.0,-0.445302803287016,0.877370200627204,1.06294929068043,-0.461452643245244,0.754841996378931,0.559297458624028,0.507125301316857,0.290545142185361,-0.589049234281886,-0.190554458487869,0.487755155980259,0.374371457585658,0.1985268227479,0.285816435066711,0.479029527526421,0.440301811422215,-0.793518198484488,0.0699444144670617,0.383060503786875,0.138649341077655,-0.218832528991955,-0.579366767291325,-0.130367785182871,-1.16711910862892,-0.135359106648087,0.155428461130267,0.273773458742878,0.0966888108611108,8.98,0.0
73408.0,-2.86979494599423,1.33566696241079,-1.00953019777159,1.69388472852407,-0.741479894623347,-0.796772696354505,-2.61424187718441,1.06663646767929,-1.13549652218517,-3.9433368210052,2.57283021584331,-2.28866350030302,0.562084177710423,-5.33871420959882,-1.85325189141529,-2.619233053885,-5.23142512742468,-1.23485373672039,0.397308037124058,0.0115572104606548,0.528421372720921,0.228027080989586,-0.749297963439339,-0.0671789627433331,0.215792485177395,-0.453651011768872,0.349191042793996,0.198862268219404,16.48,1.0
53650.0,1.20412844723408,0.0483561235976271,-1.76179336387144,0.101302591769706,2.50900489033586,3.11634028958362,0.054587605243279,0.636671731999474,-0.471808567711792,0.134140005164209,-0.159684467864392,-0.0148638966759245,-0.105160908890034,0.729483928662086,0.845995566744984,0.162931004253126,-0.821275512167445,0.0881413568726927,0.0452134081947071,0.0937292306237829,-0.0130592661588837,-0.285716461204003,-0.234248336618376,1.0119419573959,0.979432536837366,-0.271571838315755,-0.0196169542467148,0.0152735023266293,65.85,0.0
93834.0,-3.7656801220835,5.8907352377921,-10.2022676310229,10.2590359766218,-5.61144841660942,-3.23537557925717,-10.6326834778618,3.27271632618119,-5.26890524285018,-11.1821254546586,8.87947566765026,-18.4311310279993,-0.232822027713119,-15.0216572999306,0.141186252914787,-12.1863624982841,-20.1655673800665,-7.05165135326307,2.50082720798487,1.19413732146866,2.24560593428534,0.546320674537693,0.381853427747185,0.382024544024505,-0.82103649456311,0.394355120127285,1.4129609931535,0.782407053763083,0.01,1.0
39990.0,-0.755664464577527,-0.768476100675381,2.02405607954079,-2.34224636959839,-0.629421592480798,-0.0203982300480333,-0.223224251987257,-0.0835155172202516,-1.63264115494489,0.83822099584523,-1.27033660443174,-1.85402810378144,-1.2390801839369,-0.757439537927947,-0.629612406675975,-0.886898248735241,0.814538371985283,-0.52753398585057,-0.475262398116908,-0.454644413148039,-0.469339515832088,-0.765257647877025,-0.247910204866565,-0.346149553815955,0.220942963451176,-0.391168888301136,-0.166065702329846,-0.19958426211861,50.0,0.0
64093.0,-6.13398694801985,2.94149944882418,-5.59398556768425,3.25884522291112,-5.31551221858167,-0.637327763117765,-4.47648804491816,1.69599358704814,-1.60674315131804,-5.11725920989043,3.97722223959189,-8.06609609331146,-0.760887591756867,-8.66077095912039,2.22023798968633,-6.23759654204862,-11.0463816554829,-4.15587936834903,1.76361087438004,-0.815086315781228,0.86833985051032,0.793736498280638,0.217346586657621,-0.0219850652442062,0.145881913923651,0.665087660642875,-1.68418604869422,0.31019546302906,294.9,1.0
13126.0,-2.88004235163471,5.22544230971559,-11.0633302799459,6.68995065770063,-5.7599239886738,-2.24403079081521,-11.1999752166959,4.01472180864313,-3.42930426351801,-11.5619497720699,10.446846814514,-15.4790524832016,0.734441608104148,-13.8837785491112,0.821439545395249,-11.911483017197,-18.1030037037729,-6.83783453880068,3.12692935212663,1.19144396640797,2.00288287701632,0.351102064721284,0.79525514045211,-0.778379381413672,-1.64681511254223,0.487538823287331,1.42771309550336,0.583172486219188,1.0,1.0
41413.0,-15.1404496225073,7.37804241221284,-16.356367356494,9.19493491430021,-13.4661632895942,-2.95843050082103,-16.1655386244192,10.0752539455532,-7.90182112627786,-13.0094028057641,4.82823533219729,-11.0584014244364,1.99812557552295,-8.59204740189288,0.540385309176116,-10.6157452968661,-21.0178983428443,-8.39739305199317,3.18355894967976,-1.69148198782553,3.14742810473234,0.341677595071206,-1.15016247089952,0.795189734964946,-0.194542181109758,0.145963568626439,-2.45868034756574,-1.18988788135128,106.55,1.0
49675.0,1.2853711992174,-0.584458097766472,0.0224041528749965,-0.536008463965103,-1.00143685505427,-1.2755394375716,-0.0931388319138046,-0.279018445160069,-0.941440805166587,0.679064123093503,-0.5871866880874,-0.679276600994468,-0.904407138353155,0.531627499821489,0.842259143906671,-1.32137428231763,0.126565747385896,0.497856081634513,-0.493827847908636,-0.427075102866904,-0.780900896444702,-2.04124007743667,0.248969556819081,0.332188387551095,-0.07552694659191,0.620876824845425,-0.0953605496960132,0.0172061566091421,72.42,0.0
7535.0,0.0267792264491516,4.13246389713003,-6.56059996809658,6.34855667313983,1.32966566904142,-2.51347884762413,-1.68910220031328,0.303252800547589,-3.13940905736457,-6.04546779778801,6.75462544809695,-8.94817857893317,0.702724998099873,-10.7338541032306,-1.37951985681718,-1.63896011485587,-1.74635013628103,0.776744097926754,-1.32735663549015,0.587743219006407,0.370508651493253,-0.57675247317433,-0.669605371766238,-0.759907529538618,1.60505555017462,0.540675396428899,0.737040381683977,0.496699108168337,1.0,1.0
113063.0,2.11449517226038,0.209963587873238,-2.04460599595084,0.249169447455532,0.751271120135556,-0.668965188459264,0.192405071126457,-0.282554882509557,0.281851218656935,-0.337679063454934,-0.66272957601571,0.18830957930568,0.996822999449952,-1.00530609959183,0.808327539189903,0.536584473762553,0.193511448756884,0.319804319191911,-0.322035988513104,-0.0834699390725492,0.135324463770028,0.549957227939943,-0.00996657632031517,0.165336663593498,0.176530719157859,0.680990263564035,-0.0598023639441876,-0.0391441994702392,1.5,0.0
121808.0,-1.24411285024904,0.414239621824839,0.481842319731475,-0.645721533846652,-0.590722988335596,-0.619417163089458,-0.12814752660492,0.197893922121115,1.06505425127688,-0.528369819990331,-1.32913174277232,0.206204366317058,0.0553821992241948,-0.237784901413351,0.122611262474722,0.245711531878153,-0.48699067450712,0.327354130651319,-0.250512545425016,-0.707676169901156,0.303891654111,1.12519888594235,0.238053277644356,0.025355559381243,-0.2959905591658,0.0769241235146321,-0.57426867582162,-0.042818739464723,29.58,0.0
79540.0,-0.114360703589856,1.03612940153875,1.98440526119199,3.12824327369048,-0.740343559582751,1.54861869623,-1.70128395465886,-2.20384174839674,-1.24226477538834,0.269561809170344,1.29341829662131,0.933215784460268,-0.135325960632637,0.521483689902165,0.386884188055331,0.0598689535627266,0.306339379229928,0.265051988857439,0.223718288348024,0.732852498432027,-1.03293465200213,1.19642831010463,-0.112856718234204,0.254718993156121,0.69666788609654,0.482370416673402,0.129969314476127,0.223924333790406,0.2,1.0
64585.0,1.08043336974687,0.962830680816555,-0.27806547765439,2.74331806279958,0.412364075681078,-0.320778352962878,0.0412895489552235,0.176170299597767,-0.966951551053629,-0.194120466505581,2.14005681553663,-0.276308752749667,-1.19130573752489,-1.88027540328199,0.398271956336376,1.36743302249318,1.52266169956075,1.02631748255981,-1.57707047840184,-0.172658644566365,-0.00899617409257402,-0.0570361435998535,-0.0536915092211487,-0.0263732767799466,0.40029973123052,0.0728277709127376,0.0270429343018625,0.0632375727147923,0.0,1.0
40662.0,-4.44684654752268,-0.0147931576652609,-5.12630699550863,6.94512997633611,5.26925534782033,-4.29717716297717,-2.59124168468427,0.342670615268881,-3.88066304488519,-3.97652513857503,5.73008435556377,-5.03186814827248,-1.13543910933334,-10.7870505700202,0.265456230525684,-1.10421746262461,0.636412737308571,0.994101368746143,-0.688720555143152,-0.108006422684084,0.247912823388783,-0.0495861794607239,-0.226016961592253,-0.401235601042542,0.856123603036307,0.661272426708284,0.492559738814261,0.971834350005126,1.0,1.0
76826.0,-6.61629292560656,3.56342789803106,-7.05890129814843,4.28434595524384,-5.09629887292392,-1.76861780360559,-4.93755412732933,2.74845954534783,-3.79675959454545,-6.8254901042394,3.25959475409854,-6.94389061823948,0.43597516308899,-6.94701030902337,1.01100406527995,-6.16683742461485,-10.564346602529,-4.01018815310236,2.14350179519978,-0.54163415582255,1.21597610572025,0.0411777442210425,-1.05909770217904,0.275662062254882,0.057424927985318,-0.265838484019501,-0.514636936427821,0.388590269335523,254.76,1.0
70808.0,1.23100182649974,0.258652181529097,0.178322769481681,0.506292155704576,-0.190546145266903,-0.568598111263991,-0.0455764826621987,-0.0146682954193087,-0.147094729607149,-0.103355134295326,1.27371477074454,0.611970993977514,-0.183257395007617,-0.0338789191113786,0.459805460656068,0.788997982695856,-0.353440538558183,0.350785529481383,0.216577771781201,-0.0780352868253271,-0.260250910720316,-0.810667616335063,0.0785313352288871,-0.0472633802820734,0.215868342690688,0.0983063293082097,-0.0303326992521454,0.0169648878711798,4.49,0.0
77290.0,1.34203383733518,-0.6010869341814,-0.397936691246939,-0.770989829696368,-0.475794888308287,-0.685271862102745,-0.0724185704172189,-0.243449904893846,-0.945196977161156,0.663079682120042,-1.40662620468167,-0.758799747252861,-0.252086487313141,0.37848202762022,0.86475284017508,-1.04902232943795,-0.266342681730673,0.769647808036396,-0.119981980035707,-0.348664151994415,-0.83706466828725,-2.19176461659795,0.112160959656586,-0.662780297882378,0.0721249872950147,0.680915263674898,-0.0950038573837868,0.00932992772095215,79.97,0.0
50478.0,1.39684592168437,-1.16418377042628,0.657883399460359,-1.29237592288915,-1.77300599583717,-0.896866576195884,-1.00852943843601,-0.187036074961839,-1.73856297681006,1.39017226172974,-0.435008322007479,-0.867339215810418,0.489878793225203,-0.358324420446174,0.767071010131059,-0.179004296988622,0.4298960988996,-0.0666914235551141,-0.256557987670579,-0.21564559868323,-0.33639700674151,-0.743669715229152,0.132305967935007,0.341327050459229,0.109776522388298,-0.416054735491249,0.0323780138629767,0.0392991614208536,67.76,0.0
68956.0,1.52923692977674,-1.05468204299475,0.40003301487912,-1.64826652869044,-1.27148178777894,-0.132275398577061,-1.21980134801797,0.0363096647515201,-1.90945977716199,1.59347741257561,0.495704615459732,-0.540150577653734,0.375490714994446,-0.192315773496421,0.136530028171656,0.257697356160408,-0.113468494087324,0.705374599173485,0.364897789801815,-0.312538540512952,-0.377648235452209,-0.763726770086033,0.072496720599041,-0.561499424784384,0.206452265653583,-0.374577479768648,0.0379813646780187,0.00967500883767736,7.0,0.0
28692.0,-29.2003285905744,16.1557014298057,-30.0137124857248,6.47673117996833,-21.2258096535165,-4.90299739658728,-19.791248405247,19.1683273897301,-3.61724178604255,-7.87012194292549,4.06625507293473,-5.66149242261771,1.29295014454242,-5.07984568135779,-0.126522740416921,-5.24447151974264,-11.2749725851252,-4.67843652929376,0.650807370688892,1.71586182428358,1.8093709332884,-2.17581520342142,-1.3651041075509,0.174286359566544,2.10386807204715,-0.209943999130567,1.27868097084218,0.372392714338541,99.99,1.0
74159.0,-1.54878809850026,1.80869795041448,-0.953509033832342,2.21308539346999,-2.01572779170327,-0.913456844516923,-2.35601298316433,1.19716896702387,-1.67837405659509,-3.53865023182429,3.1020899271543,-3.99337305447702,-1.93741062327519,-3.82289410599595,0.830970110708369,-2.47535885382925,-5.21187516766885,-0.413871678166879,0.933262164554872,0.390785963777347,0.855138263312025,0.77474482148342,0.0590371520063436,0.343199807900813,-0.468937928609185,-0.278337986906642,0.625922215184372,0.395573378256676,76.94,1.0
41237.0,-10.2817840384715,6.30238478416897,-13.271718028752,8.92511547634157,-9.97557831146449,-2.83251346361162,-12.7032526593299,6.70684583868978,-7.07842395823848,-12.8056831898117,6.78605830197451,-13.0642398936784,1.1795245105938,-13.694873039573,0.951479176238826,-10.9542857275047,-20.5835927904158,-7.51726213169106,2.87235363605874,-0.247647527731929,2.47941350799644,0.366932842343897,0.0428046480276363,0.478278891799746,0.157770817898023,0.329900959238367,0.163504340964582,-0.485552212695879,118.3,1.0
8614.0,-2.16992897559082,3.6396539992044,-4.50849778617728,2.73066814884895,-2.12269287053048,-2.34101682766366,-4.23525308290613,1.70353765763508,-1.30527913344307,-6.7167200227127,6.35361231915591,-8.60164826276464,0.449930038237225,-7.50616937408145,-0.438081781812467,-3.69451599830956,-6.30475338603049,-1.26758712788115,0.357987030484253,0.5007790539507,0.645103275621378,-0.503529448911197,-5.22821818299227E-4,0.0716957787676742,0.0920074334247208,0.308497931577036,0.552590914653841,0.298954478709399,1.0,1.0
67395.0,-1.54509158599846,0.429024307158233,1.69649733981795,-1.70642473526235,0.496794762307478,-0.226185328822564,0.548790666100055,0.13283965418312,0.21075687193633,-0.976590114389153,1.43746596363034,1.37530622374551,0.79605615682445,0.0260357847395507,0.591810093406134,-0.0240444797026254,-0.763557758136774,0.0173957179590265,-0.153871750371566,-0.0435522306516944,-0.12312003790938,-0.174525491669195,0.0874507628281595,-0.322140904266874,0.490771707450443,-0.837177037368031,0.0836800750665859,0.168201108963297,17.04,0.0
35634.0,-0.299622146130086,1.12825174161146,1.07171421890778,-0.065835808929872,0.29440623711358,-0.673531739213962,0.705948237853019,-0.0430599616321773,-0.369058668697412,-0.512630905758155,-0.67967870600335,-0.218949794875598,0.282313717839219,-0.47580537093931,0.925153693949505,0.535747559042099,-0.190812582245715,0.0274948040107235,0.110974667888244,0.133296485419504,-0.298955832137661,-0.782039406399127,-0.0843395050688829,-0.202168127512024,-0.0869703524117852,0.104974328491844,0.245766692667783,0.0928737987166582,2.58,0.0
110608.0,0.17205748200496,1.15730479636355,-0.347109966848288,-0.39107930370738,1.09096049668729,-0.67006689453229,0.875219532956256,-0.178660394042327,1.25011233329241,-1.20341518204749,0.0686113798456457,-2.68733359857257,1.69755569006641,0.401300426846189,-0.963086345028498,0.363551781966514,1.02019112974485,0.124195438199741,-0.351198716746723,-0.0229324652501182,-0.507822632249995,-1.0586368780947,0.0743478772316948,0.30951770806421,-0.416293325221862,0.0868426955974484,0.196422979744365,0.0755519471565202,0.89,0.0
53874.0,1.19207406191288,-0.118945334824339,0.695240417785563,-0.0212317295441167,-0.797490724098943,-0.74924742681545,-0.274551898088026,-0.041462592804355,0.398396445930968,-0.257240940229406,0.253429958215239,0.310322099697406,-0.147194162858013,0.221055255717384,1.50272214667743,0.0289294167559712,0.0457054028456204,-0.947807356837315,-0.456098360874676,-0.0950816726933971,-0.079336594942627,-0.22074709019372,0.157662865070683,0.44528372596448,-0.0107137876826829,0.913750415716952,-0.0574755334232073,0.0110242649746036,15.0,0.0
87883.0,-1.36029263351035,-0.45806896998712,-0.700403917726715,2.73722917151503,-1.00510597388675,2.89139936351597,5.80253735302589,-1.93319735249124,-1.01771714252211,1.987861862693,0.504116141204789,-0.863430853145281,-0.184450076491427,-1.01691553500414,-1.55941019827384,1.15431268558106,-2.04385766822656,-0.151698807119589,-0.94351353548825,-1.49340137472525,-0.936989532415364,-0.0538115862306455,0.580105893889531,0.216927302487974,0.151642929701357,-0.33211456915886,-0.469800301881959,-1.495005896766,829.41,1.0
69254.0,-0.664848997209663,0.472732279530799,2.01588304813739,0.24670008720946,-0.464106665797673,-0.385274966221882,0.166001760283347,0.163759825171219,0.425316746384522,-0.455589404830361,-1.05367940064815,-0.257737901200855,-0.693587858509288,-0.310693827351656,-0.0874837367402656,-0.120682694803756,-0.062582444140622,0.0940795176887522,0.0896226613600818,0.141164968854886,0.135987295378097,0.598239148941136,-0.140286677083583,0.439231437950034,-0.120905709859353,0.456467562325113,0.346902799672881,0.198667739722698,29.99,0.0
41204.0,-8.44028396323147,6.14765332384605,-11.6837061588856,6.70277957100753,-8.15583929706995,-3.71626415558662,-12.4073130564101,5.62657129554302,-6.23216089363823,-13.3866834395246,7.60555947435276,-13.351815018081,0.827049642773684,-14.9794773489142,1.53281308437662,-11.7714969677127,-20.2992165093576,-7.60911006016911,3.80913643570604,0.520732330180873,2.19285541971989,-0.282596814624446,0.00806849811246454,0.403858336982018,-0.0187883930291726,0.522721636106603,0.792690689790115,0.0677895462043786,30.26,1.0
27219.0,-25.2663550194138,14.3232538097233,-26.8236729135114,6.34924780743689,-18.664250613469,-4.64740304866878,-17.9712120192706,16.6331030618556,-3.76835097141465,-8.303239351259,4.78325736701241,-6.6992520739678,0.846767864669643,-6.57627643636006,-0.0623303798952992,-5.96165987257541,-12.2184817176797,-4.79184198325342,0.894853521838799,1.65828884445902,1.78070097046593,-1.86131814726914,-1.18816729293127,0.156667050663465,1.76819198236914,-0.219916008250323,1.41185477685432,0.414656383638367,99.99,1.0
54276.0,-0.105432777732942,-0.426802703880587,1.15906412205417,-2.83218400008894,-0.226769849342324,-0.0364234364780715,0.13956036807676,-0.184710598344081,-2.43244885594836,1.14245326238841,-0.0362697080445149,-1.16837668973609,-0.0116752408219894,-0.371653730341392,-0.706765966540741,0.200837636881793,-0.482874552329342,0.784495295236163,0.0200188382539826,-0.227920191092314,-0.315890505132652,-0.520844505352625,-0.154954613559323,-0.910880470569458,-0.19224956038274,-0.504856953347886,-0.0586990946127305,-0.113167290455564,34.94,0.0
64443.0,1.07952397806913,0.872988038728802,-0.303850487243895,2.75536885087579,0.301687623167546,-0.350283737195093,-0.0428479677130716,0.246624608381391,-0.779175595769242,-0.157696445821874,1.92856763203456,-0.935863286411531,-2.43144644518658,-1.63347202401986,0.534336652706283,1.42560550367097,1.59352878606579,1.17846784575361,-1.56869755794851,-0.252115099030468,-0.023254784527163,-0.158600833910515,-0.0388061577093773,-0.0603272546840962,0.358338898397498,0.0769835703935526,0.0189358319830432,0.0605741494833015,0.0,1.0
84204.0,-1.92745281973369,1.82762056700016,-7.01949468454197,5.34830323951426,-2.73918788004738,-2.10721929638307,-5.01584797563431,1.20586815982046,-4.38271250852199,-8.33770697381781,7.19030608944843,-9.42484446049178,-0.223292646427513,-12.8754942229841,-0.071918160688794,-6.2999613976222,-12.719207160428,-3.74017615583058,0.844059610296466,2.17270905626492,1.37693832294098,-0.792016725563067,-0.771414187530036,-0.379574271539528,0.718716522008066,1.11115125599517,1.27770725705846,0.819081152045361,512.25,1.0
37906.0,1.26712606889057,0.138812476210814,-0.361270874373063,0.76520174159252,0.473154291747645,0.280557311796056,0.049585811124234,0.0601475311690452,0.258038004000548,0.00119541252067796,-1.63231297052997,-0.83794195466205,-0.996862054459592,0.580599489858778,1.41007979565949,0.224126102772938,-0.586167889308438,0.00929414940852183,-0.198511421385804,-0.175247975059934,-0.0410259084506533,-0.125496599509175,-0.242294830471822,-1.34850332366203,0.7542186436995,-0.209547842015636,0.0172929366395452,0.002990924243318,20.79,0.0
75556.0,-0.734303155037818,0.435519332206195,-0.530865546585229,-0.471119606930407,0.643214386605141,0.713832369657908,-1.23457207133269,-2.55141159871634,-2.05772382572102,0.166830707878014,0.567551954604602,-0.85805991589575,-0.448067929957678,-0.264936238828755,0.88886293915465,0.838120616560385,1.42505965449185,-0.169664182600728,2.50202738858443,0.864536120628702,-1.00487737851609,1.15035358786928,-0.152555282700309,-1.38674463324096,0.00471601482800044,0.21914583821982,-0.0582573076118087,0.158047988697071,29.95,1.0
42907.0,-2.20769156973734,0.548936725796061,1.27362638335135,-0.919037031677795,0.562525268541388,1.23059721822252,1.33127962344882,-0.424143986015375,2.23559235107726,2.03914603865591,0.104155848974804,0.063564906261361,-0.759504278863579,-1.70850779885168,-1.54696570341519,-0.428597737158416,-0.875991912198314,-0.271266409227695,0.0879161075943374,0.585646902507147,-0.666321556073322,0.113402926577977,-0.0873091309868862,-1.11879153305048,0.433323319169611,0.401721882362426,0.405740359263298,-0.199598989923506,91.4,0.0
88737.0,1.91782653091941,0.951966571156228,-2.05920551344214,3.83399771227534,1.66819219140891,0.769825697337707,0.23246305671161,0.107940567202011,-1.14364568858013,0.541699242973355,0.301977229683697,0.257697090947377,0.709147651977866,-2.420715975085,-1.99774018079568,1.50669615001484,0.799832475247662,1.16276426158317,-1.15062735713932,-0.115922317627863,0.0152553539964535,0.239994342022941,-0.111915984520572,-0.380575889863537,0.370994788995014,0.189116547062326,-0.00582328067918961,-0.0121050906997506,9.21,1.0
28658.0,-28.5242675938406,15.8769229879536,-29.4687320925264,6.44759140152748,-20.7860000418837,-4.86561341755669,-19.5010840750712,18.7488719520883,-3.64298981925263,-7.93964241937325,4.18467368942509,-5.83507521523889,1.21595964527928,-5.33014378246253,-0.118631138153322,-5.36777527618834,-11.4317569116986,-4.69692444373293,0.69268841200477,1.7068890619925,1.80576978392608,-2.11937616760819,-1.31744962200248,0.169845630469178,2.05168733506275,-0.210502000459411,1.30173396497076,0.380246181418509,99.99,1.0
47826.0,-0.887286905534409,1.39000150924187,1.21968581996397,1.66142517591961,1.00922783931161,-0.733908444749524,0.855828927220991,7.68462281197611E-5,-1.27563149417191,-0.433393925731893,0.141178993422237,-0.46034845602669,-0.367867931021877,-1.16833941780754,0.152107630618373,0.882231823726865,0.601804858067329,-0.304092391463557,-2.19176427800358,-0.268347371086252,-0.0837343767453397,-0.346930257215667,-0.0506187067885922,0.23104442462061,-0.450759875468406,-0.376205380931623,0.0345043694610426,0.157775320404088,7.58,1.0
12597.0,-2.58961719821269,7.01671438495857,-13.7054072869097,10.3432280604117,-2.95446103475574,-3.05511578527804,-9.3012886151434,3.34957336071614,-5.65421202641103,-11.853866972601,11.6692047358121,-17.2286622386187,0.0555715664836118,-18.4937733551053,-0.304172113519045,-10.6294973901353,-14.4412111342765,-5.10548646597228,1.2702262705049,1.48885519236896,1.88773772551451,0.333998184533223,0.28765904061745,-1.18640640906644,-0.690272670076388,0.631703772210546,1.93422076005943,0.789687172212655,1.0,1.0
12647.0,-0.335306006346341,1.26862188586216,1.16827773260313,1.07422400720526,0.328028598988251,-0.882300455913135,0.866698021787402,-0.253633315925037,0.651538700056174,-0.378503007551805,0.430194681086928,-2.65289717285622,1.53859882953274,1.85242501065394,0.143814342401984,-0.489792838297707,0.613555849930592,0.237729726295502,0.278362693390246,0.112519641072641,-0.0859822923252823,0.137426806672785,-0.102133197863722,0.318639763590211,-0.209353559011085,-0.391801095474526,0.37935418275242,0.221290761775307,16.15,0.0
70536.0,-2.27175453696818,-0.457654560738072,-2.58905463865543,2.23077826688105,-4.27898250263823,0.388610079538804,0.102485457456358,0.813127838070308,-1.0929208385062,-5.03202838566819,3.51034756034463,-2.22739840581069,0.656823927974733,-5.19918574342056,-0.128311029598493,-3.94352099869908,-3.82052232662867,-0.570821093891663,2.78338340771804,2.28575790271371,1.09634200952947,0.658398654570846,1.71167573455248,0.333540036403021,0.538591373646869,-0.193528512332835,0.258194100840055,0.247269213953463,824.83,1.0
53727.0,-1.64927881611351,1.26397355628777,-1.05082567399718,2.23799063903423,-2.52788923751396,-0.889939993137591,-2.35525367110661,0.85465864123984,-1.28124261677782,-2.70501138232752,1.17447506014201,-4.38191956749248,-1.22666589816604,-2.95382425341893,1.99416119386347,-3.30425391022094,-5.58579436647491,-1.64370403169872,2.11863332532912,0.0874063699474628,0.679176431149171,0.731907051356776,0.333045475501739,0.392505235969248,-0.274197297543759,0.802348667525187,0.390808552793314,0.11214553148245,112.45,1.0
110087.0,1.93494645561548,0.650677737498259,-0.286957048622899,3.98782809057201,0.316051835129206,-0.0994493763543019,-0.0214831582313935,-0.172327298889228,0.508730034701461,1.07295520625891,-0.427567391481657,-2.777649223895,1.63714014878874,1.5710801214626,-1.44536681818908,0.908649625166723,-0.122016068028642,-0.104109917156777,-1.6840216339214,-0.344452123814994,-0.173601631022283,-0.190973581696087,0.219975571293889,-0.216596550704603,-0.136691885594352,-0.129953649978571,-0.0500768352982461,-0.0510818960798855,1.0,1.0
49714.0,-0.957307229085052,1.49623733935048,1.56679694197202,2.04843228071507,0.0171804641164478,0.344042915615953,0.157474547143865,0.53277263372381,-0.981987605039698,0.0313393470732875,-0.820975163781698,0.522316744920728,0.625330105567339,-0.0975127599817778,-0.699336310184668,-0.0463043355314205,0.166759187058009,-1.03513022811447,-0.804434705925015,-0.240891643431172,-0.10303758895536,-0.401126709507866,0.00824606460197858,0.0669365400130113,-0.113848767152663,-0.217355391300298,-0.344202532906005,-0.0352689896915883,0.0,0.0
121634.0,2.16153133656922,-0.0826663846065114,-2.43818134730534,0.224316822719351,0.73924443963346,-0.984302995568678,0.575522390591762,-0.337711119812315,0.800117309456579,0.0597460231602744,-2.13545372012662,-1.22182240183075,-2.38715653660984,1.07119832280254,0.174295740531057,-0.535818819398944,-0.290322791697574,-0.0305001925348839,0.498045081837219,-0.392873409211996,0.0433657038774668,0.257469746153552,-0.173971919282339,-1.07711272023319,0.604193024590323,0.00733138157054633,-0.0668322554853346,-0.0902001597326211,6.42,0.0
95559.0,-16.308650062507,11.6148005425867,-19.7393862972953,10.4638662754002,-12.599145656022,-1.2023933184963,-23.3805078207357,-5.78113300512982,-7.81102238181602,-16.3035376590131,5.57362527301538,-13.6352161247268,-0.483236243869236,-7.35279224297253,-2.39268418895092,-8.72814239367754,-17.5988535455879,-7.45595632935304,0.169740705598221,2.10603387120175,-4.88498262418118,1.14091043558273,1.39295263139548,0.348996604820014,-2.16750975079914,-0.798753537981903,-2.94277507305079,-0.462679619023024,1.63,1.0
78085.0,-1.39306237456301,-0.12512903021643,1.37145008835734,0.324671892765399,0.64368094205663,-0.400431707214777,0.913583733394703,0.223465937838277,-0.557148887229041,-0.654555046327133,0.9041863890513,-0.0508509814296603,-2.09246944918274,0.720961251569878,-0.964092933538582,-0.238146529659715,-0.1995751049827,-0.0957986952456656,-0.946965299974766,0.12799763856795,0.247968486163189,0.270869430645733,0.117899326118767,0.161533196982079,0.440192232114868,-0.421251106372827,-0.00380988729810622,0.0976541170739927,139.48,0.0
86376.0,-0.670238130057305,0.94520635153406,0.610050626297701,2.64006508673377,-2.70777462644103,1.95261056051566,-1.62460819938343,-5.22990786160988,0.21020202822781,-2.06990438955593,-0.529805728295342,0.999716276092526,-0.0861120244186652,-1.50855714024168,-0.450669492347937,-0.328387382736473,2.27027117814029,0.709666017682026,0.913175997078955,1.4749287568126,-2.50445018690737,1.43647237841825,0.351542386126581,0.648466904268149,0.579681417358758,0.0757375933335965,0.346717084034013,0.282208626038179,323.77,1.0
88737.0,1.91782653091941,0.951966571156228,-2.05920551344214,3.83399771227534,1.66819219140891,0.769825697337707,0.23246305671161,0.107940567202011,-1.14364568858013,0.541699242973355,0.301977229683697,0.257697090947377,0.709147651977866,-2.420715975085,-1.99774018079568,1.50669615001484,0.799832475247662,1.16276426158317,-1.15062735713932,-0.115922317627863,0.0152553539964535,0.239994342022941,-0.111915984520572,-0.380575889863537,0.370994788995014,0.189116547062326,-0.00582328067918961,-0.0121050906997506,9.21,1.0
29785.0,0.92376442016477,0.34404807190464,-2.88000365579163,1.72168007534123,-3.01956477860235,-0.639736122583852,-3.8013245024591,1.29909588513018,0.864065471140902,-2.89525166830126,3.02816223099618,-2.54917730779636,-1.56043182473423,-2.97131675769274,1.07889539651163,-4.70201182527384,-4.90809850732764,-1.5088732903485,3.0016850593747,0.170871765618069,0.8999311755668,1.48127100376248,0.725265549161058,0.176959582872624,-1.81563797523647,-0.536517111308732,0.489035020411905,-0.0497285787992942,30.3,1.0
100298.0,-22.3418888868038,15.53613332478,-22.8652284959099,7.04337354768731,-14.1831291919342,-0.463144880408286,-28.2151120538009,-14.6077905214735,-9.48145633401495,-20.9491915543611,4.73958247105186,-11.9249546896802,-1.50141102577851,-3.83678146634435,-2.72032883823594,-8.88010567222989,-15.8251362851177,-6.75042522352437,-0.129188144339879,4.10001904830367,-9.11042257588182,4.15889482041313,1.41292844456256,0.38280067392155,0.447153952515532,-0.632816336434319,-4.38015425911661,-0.467862869164174,1.0,1.0
50345.0,1.23659568096349,0.301507398656371,0.188855998729515,0.498256827507602,-0.142262066876307,-0.554835004227368,-0.0162568667630867,-0.0411011170324418,-0.219551479920632,-0.116363912261838,1.35108548325071,0.866911754167129,0.300260714149449,-0.130901740619782,0.406902597785393,0.767628411540507,-0.383131947412505,0.29282349937111,0.216209175981924,-0.0520213689982817,-0.256583254064725,-0.770808316633105,0.0742605750283156,-0.0397239057674077,0.233872623415068,0.0972994715448482,-0.0267082629509005,0.0175089133407016,1.98,0.0
18088.0,-12.2240206243564,3.85415032971366,-12.4667657248211,9.64831072711484,-2.72696132147655,-4.44561038185083,-21.9228110340575,0.320792273696859,-4.43316165783721,-11.2014000859835,9.32879925655782,-13.1049334662012,0.88848078772943,-10.140200337183,0.713465392614318,-10.0986706554809,-17.5066115481045,-8.06120798966267,1.60687003263877,-2.14718143950284,-1.1598299509044,-1.50411888189644,-19.2543276173719,0.54486672601225,-4.78160552206407,-0.00777228109993075,3.05235768679424,-0.775035651186717,1218.89,1.0
79187.0,1.40517139522405,-1.21070741447965,0.3450225785073,-1.32938576332366,-1.52159063860033,-0.574046257321501,-1.03325321713618,-0.0420470160233655,-1.64444858860168,1.42037664857431,-0.491265894930238,-1.52696279089238,-0.897592112549629,0.00416543387905908,0.975558357174907,-0.624178613294241,0.867235679159545,-0.313636235971938,-0.60527838094498,-0.374625810504477,-0.180647677941911,-0.241718880921221,0.0492582360695868,0.0277043145414477,0.254632303689513,-0.176331451058454,0.030485136920593,0.021042296633613,50.0,0.0
57826.0,1.57244130098151,-1.21363929779382,-1.15302314309776,-2.50023578502187,0.979840585023387,3.2358338937251,-1.48556127708652,0.746394502674717,-1.98507650835443,1.49920680204998,-0.2427356945375,-1.02694630715643,0.499187926843116,-0.175512261837699,0.74995614916773,-0.0770694102682751,0.00635335277763975,0.397681529386099,0.127089560551816,-0.198687450076651,-0.266291110726458,-0.525249430255864,-0.00247717828680358,0.981842858515434,0.548043513492416,-0.191425843817373,0.0323327539596924,0.0145738365180264,15.0,0.0
7526.0,0.00843036489558254,4.13783683497998,-6.24069657194744,6.6757321631344,0.768307024571449,-3.35305954788994,-1.63173467271809,0.15461244822474,-2.79589246446281,-6.18789062970647,5.66439470857116,-9.85448482287037,-0.306166658250084,-10.6911962118171,-0.638498192673322,-2.04197379107768,-1.12905587703585,0.116452521226364,-1.93466573889727,0.488378221134715,0.36451420978479,-0.608057133838703,-0.539527941820093,0.128939982991813,1.48848121006868,0.50796267782385,0.735821636119662,0.513573740679437,1.0,1.0
55824.0,-0.187117988289968,0.948429083119723,1.80839334483637,0.971433562458869,-0.312165226580455,-0.579956781572722,0.45404792399495,-0.0738163911071664,-0.720162906382187,-0.107619531702776,-0.265607162629531,-0.340549964938156,-0.173100677778109,0.336288394968758,1.89035318646047,-0.385110736268775,0.261660904383782,-0.115414114975904,1.68167184641292,0.182020584431611,-0.212770242215187,-0.641557406130761,-0.0739940130507929,0.379334808325755,-0.0362284222817288,0.383536697661973,-0.00878807361610698,0.00211814029535148,8.99,0.0
94625.0,1.70785693746472,0.0248807914815549,-0.488140038578959,3.78754815533943,1.13945148482475,2.91467262159314,-0.743357877946301,0.699135879021363,1.0084706473096,0.912806096143303,0.7653541419638,-2.04386838674929,1.00154733873148,1.32288725448265,-2.72007696175136,-0.153429555378718,0.752610596119435,-0.755785824269169,-1.91256263382671,-0.368014254987192,0.0108651916304298,0.548257831746395,0.0912182952145324,-1.00795946020642,-0.0821828177765288,0.179709188704528,0.0077377190320074,-0.0688413102470406,33.76,1.0
92102.0,-1.66293711018596,3.25389242362715,-7.0404847120185,2.26645647990886,-4.17764891282786,-0.746924828187599,-0.248336733243902,1.09115651568673,-0.307137450847617,-5.56794705115052,2.71273940377591,-5.94840312668093,2.14472605490538,-4.21175592358692,-0.137195538810617,-2.63940913979839,-2.53235540606601,-0.667067027160165,0.626059293435215,-0.842178336511866,0.450381285220709,0.521161529635377,0.308325446158517,-0.318011840652356,-1.25536156975299,-0.691963403718384,0.264878381232973,-0.130444804408444,600.73,1.0
30852.0,-2.83098405592803,0.885657038258755,1.19993009832405,2.86129223993172,0.321668777779154,0.289966026429405,1.7677604489638,-2.45104966190813,0.0697358066743391,3.24508640095346,0.675287853392807,-0.677096334427304,-0.222741128141729,-0.913786970583513,1.60333192308268,-1.0245020918608,0.0220452070437295,-0.940684674142594,0.484758940230455,-1.01692314354721,0.546589339675499,0.334970736976198,0.172105676221893,0.623590288019672,-0.527114316331261,-0.079214654387473,-2.53244529803097,0.311176714703215,104.81,1.0
8451.0,0.314596589729515,2.66067027657541,-5.92003738034463,4.52249960508858,-2.3150272861839,-2.27835165394776,-4.68405393631569,1.20227026523098,-0.694695511200349,-5.52627805985834,6.66243683071252,-8.52546492534563,0.742745446888019,-7.67866801029943,0.593070459066131,-4.47813659534324,-5.84426647937357,-1.1027307945783,2.17738568653903,0.562705643312244,0.743314023428983,0.0640383555765096,0.677841675250346,0.0830078227438395,-1.91103446375022,0.322188398435937,0.620866538820488,0.185030354728703,1.0,1.0
94810.0,-0.499007535231982,1.56947815013162,-0.328444365619733,1.02568633824549,0.834967861961945,-0.294338264074129,0.940922162840136,0.211733801085582,0.198963816025121,-0.443090620157609,1.13388339939276,-1.82774667774742,1.4942649916925,2.40316236904503,-1.78021060530218,-0.83069292098836,0.71939394532848,0.543699923385711,0.954493860803217,-0.0351444196108178,0.0464961140181551,0.527194006386122,-0.237839557127317,-0.439628181840801,0.0507013466513734,-0.409108719505028,0.278386632136663,0.162578177238908,27.3,0.0
41147.0,-5.31417320646342,4.14594361146639,-8.53252245892907,8.34439167363678,-5.71800820787464,-3.04353608094129,-10.9891846672722,3.40412865609659,-6.16723364181153,-11.435623996076,7.67453383416429,-14.2960914258331,0.526938923712363,-15.4450258118019,0.991651201275811,-12.3913460034009,-22.5416517287861,-7.98672065349455,2.99255446334225,1.15001731865814,2.33146580801509,0.862996305559532,-0.614453237551036,0.523647877136623,-0.712593271662611,0.324637964828057,2.24509146635599,0.497320848969724,88.23,1.0
101597.0,0.91311613528992,1.1453810871791,-4.60287793273505,2.09180337375362,-0.473223859280585,-2.0854358325571,-1.67124403232231,0.0943965856348779,0.337798765397573,-4.4318096317282,4.87197985976052,-5.39522117678937,1.33250215621937,-4.60379669207464,-0.77731354811867,-2.57189156103509,-3.00361530529652,-0.225441388417525,0.252273565031692,0.50898474829098,0.40141574109896,-0.0849334160429759,-0.197684434494785,-0.283271078982557,0.387597335722074,-0.553526986386025,0.516274456782261,0.270828187083758,147.87,1.0
34789.0,-1.30320383724216,0.787791535880286,1.75965114178122,0.436957450052614,-1.04635750566441,0.247452305434672,-0.358983603268123,0.479858835281987,-1.6297488197337,0.65859122219655,-0.5089160017657,-0.00454274948648722,1.01083682107939,0.0559490233620357,1.67489372491456,-1.73766448167657,0.45259205123396,1.32708898436581,-0.583273717250039,-0.379785998287934,-0.154879563515574,0.0705006925004872,-0.283180825640441,0.0786044058209629,0.159105428004941,-0.0956181173640733,0.0979173370814899,-0.00789798884499743,57.0,0.0
59777.0,-8.25711081724667,-4.81446073955621,-5.36530689032661,1.20422986423394,-3.3474200965739,-1.33160147516446,-1.96789279857039,1.29543781710486,-1.67441524280437,-3.42605225253339,0.144562690111297,-4.28352931016896,-0.24089504151477,-3.65749040377527,0.923104767832095,0.844221069436753,-3.94831185243281,-1.8075159915996,0.105878827218844,-1.23398725720348,0.436390207477188,-0.077552722802211,-3.09162435615504,-0.390200885685448,-0.288688941339997,-0.340004217403437,0.0398191045440342,-1.00790031022705,319.2,1.0
29526.0,1.10280432542075,2.82916799881581,-3.93287026485548,4.70769143992869,2.93796685530025,-1.80090371765217,1.672734122106,-0.300240348680253,-2.78301108805298,-1.88484243991678,3.79256535985687,-1.46047112296734,-1.31277627644381,-7.07736060637589,-0.299466316598551,2.4932276042067,6.24498710234308,2.97174936407353,-2.67995024218857,-0.0308799718381793,-0.106994395673876,-0.250050303584088,-0.52162653336055,-0.448949514169716,1.29164648168516,0.516326673768638,0.00914628141124173,0.15331763551135,0.68,1.0
60988.0,-3.02613206978257,-2.08467017081472,1.97943194561179,-0.525841381305338,0.329038260430981,1.13324968141917,1.61426833852427,-1.38833038741788,2.24643392797846,1.52262846452958,1.75725311519362,0.288918766838599,-0.803116363303955,-2.04234657821407,-0.593581913821289,-0.652393875189315,-0.596315199837144,-1.21980806361846,-0.397141227689119,-0.881211724534195,-0.666368084653636,0.225920109503504,-0.994032456509578,-0.116309837293707,-1.10566140710319,0.425081013193321,-2.36722613498993,-0.93057403668156,223.8,0.0
3942.0,-0.598992807225779,0.234645997304788,0.959658159853505,-0.399607148539809,1.6813177532462,-0.985152590486854,0.749743364803596,-0.466927559132731,1.17111166426526,-0.88533854612138,-0.424118124934284,-2.16686908830163,2.63029952188586,1.04211376734306,-1.61706310856593,2.53624955977874E-4,-0.146572919729788,-0.160473972420929,-0.647809622556343,0.0620040278593692,-0.110000435302111,0.0678732063396376,-0.161010579533222,-0.443498851057457,-0.271568552731899,0.209354245965049,-0.104797376586343,-0.0554483349610557,0.0,0.0
48884.0,-2.13905055735992,1.39436766175691,-0.612034894995233,1.04932705568948,-1.1621019076536,-0.768219363115428,-1.99723740081007,0.574996543366778,-0.98083177624058,-2.49561924548174,2.5555891530874,-3.53043627008024,-1.01623381526368,-3.45519657744236,-0.0563633864076254,-2.46773703008032,-7.14032596614864,-1.27128002161365,-0.00172192354163427,0.0254265126136498,0.696954881120808,0.740003045389771,-0.15511524943514,-0.0506074460808317,0.268368293338874,-0.469432841163864,-0.405813768055179,-0.152170846988601,19.73,1.0
85864.0,-3.36526491864606,2.92854110729003,-5.66099919906905,3.89115992835328,-1.84037510965314,-1.80088720390662,-5.55867935318221,2.40232168278639,-2.84892272106495,-5.99567612703198,4.22130410784879,-6.11966735264192,0.0230135705891201,-8.14932178394224,-0.301351931335019,-5.37528289323615,-9.31500138499105,-2.48756256913711,2.35591891159776,0.57637946532203,0.875260063301294,-0.102501391250503,-0.606282749133978,-0.743164794295893,0.096318936065612,-0.135060497401362,1.23869473001415,0.0998237563444676,1.0,1.0
87883.0,-1.36029263351035,-0.45806896998712,-0.700403917726715,2.73722917151503,-1.00510597388675,2.89139936351597,5.80253735302589,-1.93319735249124,-1.01771714252211,1.987861862693,0.504116141204789,-0.863430853145281,-0.184450076491427,-1.01691553500414,-1.55941019827384,1.15431268558106,-2.04385766822656,-0.151698807119589,-0.94351353548825,-1.49340137472525,-0.936989532415364,-0.0538115862306455,0.580105893889531,0.216927302487974,0.151642929701357,-0.33211456915886,-0.469800301881959,-1.495005896766,829.41,1.0
25663.0,-2.76969414662251,-1.10820879382511,2.86156739482777,2.07547598134456,0.726148697265709,0.154708182402435,-1.46557109396069,1.24612141449194,-0.260860114571018,-0.513578412222642,0.20849311427557,0.715718472381228,-1.14908312833294,-0.13738462037941,-2.40019275830158,0.489757309811181,-0.021810807532846,-0.0911456813654499,-1.49744198089297,0.171553922151703,0.236218049472638,0.0217961847426163,-0.247075331099644,0.216258378392782,0.262715498597372,-0.107989171316549,-0.010794229922347,-0.307924457352381,1.52,0.0
80605.0,1.2373575478821,0.536399945062811,-0.792502057584639,0.895380529341715,0.75888881139447,-0.232444552326588,0.394149190569811,-0.11598712950291,-0.460884188506338,-0.292934045417166,0.719120303736462,0.648886579887346,0.686910254453595,-0.643882882249866,0.206461177141603,0.786336072294142,-0.208489306093241,0.984176461825092,0.2684526835953,0.0272650021455921,-0.0924542663939767,-0.268143790271603,-0.298997226912557,-0.90528382811145,0.867713171333089,-0.307818684668409,0.0109232845856388,0.0252524446831777,30.1,0.0
71033.0,-3.17081841545902,0.185734554774403,-3.39985157931162,3.76115529034876,-2.14804702797609,-1.59894442520531,-2.51956531805231,1.31621501070214,-2.40010611621824,-4.99341703829647,4.44719176626515,-5.29376010254684,-1.41957829927441,-6.42527621352443,0.914083034195792,-3.51519716625381,-6.34745330751181,-0.90351216582405,1.19160626766329,1.93225372509724,1.09205113380931,-0.0410804286307278,0.904395217733676,0.180015601586537,0.0499703397242655,-0.257099837784436,0.859281566487016,0.225924185725605,426.4,1.0
31392.0,1.28819339490242,-1.16241716007778,0.450100555820558,-1.45568455774875,-0.884231099249126,0.836169810381691,-1.20525602747956,0.310252557296783,-1.92887251939048,1.23565324469067,0.819773477250771,-0.249583279399503,0.644354331321682,-0.219894794224142,1.60414109389341,-1.77394034610255,1.81573414546661,-2.12381036451621,-1.92384859777672,-0.434818810332366,-0.0633046121468162,0.348745464483328,0.189646389196615,-0.638483013826577,0.0345419018672989,-0.100532678837865,0.10141492385654,0.0122107646686664,25.0,0.0
35620.0,-4.53521500163982,-0.714319181892999,-0.832467266598006,1.73953939314148,-0.806495195008564,-0.870962417568722,0.0727394805386675,0.782032886845739,-0.441856949892555,-0.0940662690907892,-0.322201474753793,0.468010642418277,0.162318936479281,1.08583934111061,1.50746183587563,-0.0496382538328006,0.58141730946992,-0.41646790719777,0.106942652985868,-1.54870583740148,-0.0898974717604595,0.623397198599763,0.299013367482385,0.52069785357829,-0.189240139883311,-0.316931867845871,0.201487324742227,-1.14446172386976,38.9,0.0
115244.0,1.95451195288294,-0.105915127913068,-2.19036837578006,0.398994151690106,1.14562954285186,0.864372029127436,-0.192663993178459,0.24331439300828,0.931410421157058,-0.805823495984,-0.84356622068864,-0.128925724772484,-0.368514971279573,-1.60666775644348,0.501872397961082,-0.51597770922081,1.78335115935702,-0.901614293077241,-0.891205783799388,-0.262650740180446,-0.0114708211405261,0.379617547273878,0.00356716220909492,-2.08949709624169,-0.0191356595932596,0.797883052335278,0.0083788461922191,-0.0514572450812536,10.0,0.0
85803.0,-0.200919829502853,1.27462120586626,-0.164594219775181,0.943723790179744,0.106769876492473,-0.753512267786784,0.491368052293942,0.372619636455305,-0.498181164683962,-0.023014583501707,-0.68603407302281,-0.496683310919022,-1.31087474306499,1.10225450757917,1.0238380679349,-0.665485207831673,0.376190693148144,-0.370045130751985,0.0282222503572075,-0.179237381121658,0.188803212168732,0.604837466367291,0.1152975660657,0.052870956361964,-0.804954527241243,-0.378953759038434,0.322138231430386,0.162220125697303,3.99,0.0
84707.0,-0.721914172064759,-3.65248793193656,-0.117764015916938,0.806532248179197,-1.87240104237219,0.912061195667249,0.349216389253396,0.189206758047834,1.06208023566849,-0.73648690145589,0.608036765925396,0.538531681771081,-1.29631381782601,0.146737044745,-0.452418661742197,0.0725647994838969,0.161415763966676,-0.116138455304245,0.220924317813082,1.79346998021513,0.394109690134035,-0.871373975811857,-0.779140064288555,-0.209955399940301,-0.325284143703338,0.87622669414647,-0.213458479072105,0.162987968572711,976.18,0.0
57324.0,1.21100184968478,-0.0320803069522488,0.939338390606361,1.14300238385349,-0.544378813354671,0.288257613540468,-0.555744810956825,0.126738947866899,0.901047693273672,-0.210151024756487,-1.48672303776229,0.373768572297461,0.497504329994404,-0.472955274077252,0.205034928303304,0.307932121193495,-0.571291173618513,0.172553904276826,0.102590205156216,-0.0852264511738429,-0.113584903076397,-0.102292397319275,-0.112316926301763,-0.436332137308298,0.537497055260124,-0.358317348647455,0.0733267512010723,0.0306162841379937,9.99,0.0
94362.0,-26.4577446501446,16.497471901867,-30.1773174564996,8.90415677106517,-17.8925996927224,-1.22790388102871,-31.1973285494605,-11.43892041491,-9.46257260540015,-22.1870885620007,4.41999660154863,-10.5923050053728,-0.703795803703315,-3.92620731586873,-2.40024649210124,-6.80988994039049,-12.4623149481086,-5.50105078380738,-0.567939572890149,2.81224110932946,-8.75569832116533,3.46089334478551,0.896537503959012,0.254835536763482,-0.738096558530353,-0.966564233789852,-7.26348214633855,-1.32488430656137,1.0,1.0
96937.0,-0.894685197540264,1.76538427745359,-0.0559897828478828,0.987399448727177,0.930537585499509,-0.825810886229257,1.47591898384392,-0.576977511629445,1.51143526571573,0.900193623510621,-0.0652175104530391,-2.98312046748783,0.768339449451439,1.58088451304803,-0.897696713536681,-1.36412621097857,0.818738007754567,-0.109126741400383,0.478923587006072,0.359436399341059,-0.188720417915014,0.393360406226097,-0.266655394583705,-0.0816914555262297,0.107388062592471,-0.437190649669219,0.427990032260849,0.239049889790917,18.42,0.0
118223.0,0.165429232166769,0.425223486926608,1.38014782569012,-0.484096809790505,0.0196338038976633,-0.431656210737312,0.536324653999461,-0.280180605581363,0.701798923900641,-0.677411348612818,-0.880431615684717,0.800103436260297,1.39737822108948,-0.806925153962138,-0.0956080284426045,-0.0492796856712217,-0.803136824659523,0.137358169716489,-0.429477417089663,-0.0197903525815868,0.233441335660913,1.10556523381922,-0.19281292242746,0.0788208856195877,-0.324469853721396,-0.321905517674536,-0.0392128056265507,-0.161700227935874,9.99,0.0
102622.0,-2.87717642607719,4.56964856472544,-9.55306876711684,4.44107935434428,-3.65396138652409,-1.87798085259887,-3.5143534876061,1.5476079597065,-2.50330396990855,-7.57563437993936,7.00213577397937,-9.95919399367656,2.12207206066581,-8.88487177224851,-1.64485747819635,-7.18992618738758,-10.4451050316273,-3.2719075376306,1.48227743472618,0.105615110186545,1.27289634389685,1.30026844858483,-0.00395013351868523,-0.36084777781177,-0.597525997544942,-0.390901228489311,0.592196918920005,-0.241010152850381,346.94,1.0
28143.0,-27.1436784229495,15.3658043803315,-28.4074244550982,6.37089534679314,-20.0878775718571,-4.66631306343841,-18.7094788213717,17.9035743750222,-3.72227873753244,-8.12096173759343,4.41994345577668,-6.21094112120869,1.06383739513242,-5.84352838067721,-0.108836449172905,-5.60659732565665,-11.7562556050179,-4.71494676131661,0.783577593799492,1.70388764553958,1.79682638880552,-1.96097371657716,-0.90224745220798,0.144011442167384,2.02438803943008,-0.204214065769385,1.33215305903359,0.385890728011147,99.99,1.0
59375.0,-2.12181708682701,-0.738737262833856,1.025630080278,0.660817250148375,1.07768903626307,-1.0815442264581,-0.526090567074758,0.776895552573781,-0.17475906267229,-0.687130417468136,-0.239726291415993,-0.442397771443553,-2.86651733469294,1.03311037747233,-1.34753131842563,0.268806954068884,-0.281224515766341,0.58846319095776,-0.145036147608723,0.0257697812161376,0.14615397021186,-0.3262061645573,-0.275637224664734,-0.0531737667089976,0.226375934226289,-0.509339929258058,-0.0161371969477632,-0.231109377489382,1.0,0.0
70832.0,-0.778972023719012,1.3491510475556,0.924502300821781,-0.0344773284262013,-0.0921852569876839,-0.877459823183067,0.566980916824113,0.25544526430356,-1.17799637366803,-0.433293048713914,1.38422067691395,1.16240552720262,0.598009052806627,0.661430015966411,-0.247847469958103,0.106975098126901,-0.321738725040153,0.0593411995203412,0.259061132824033,-0.131870400352726,0.153809381176463,0.253066829734065,-0.159692794859587,0.583501169332657,0.0804945901708755,0.28329864657105,-0.259365859254011,-0.0252620446621683,3.5,0.0
53937.0,0.840864391551545,-1.1018932913466,0.832550354979724,0.788386449566315,-1.42522447980652,-0.0577267059183902,-0.543186345712779,0.0290391290423632,-0.485984851075598,0.559771879571669,-0.416627479464617,0.197777332696729,0.193519055344457,-0.162344022353906,0.567563156196653,-1.81038576576198,0.343466724775093,0.910897941176459,-1.6599520823254,-0.17925480976687,-0.072188068999814,0.0103737407628643,-0.159619669782657,0.388717121069694,0.333226703805452,-0.23399969794307,0.0567369428366146,0.0690057617218164,210.0,0.0
102318.0,-1.02063166582361,1.49695912243222,-4.49093711758335,1.83672705849852,0.627318467501556,-2.73556861001066,-1.54627364241291,0.459821576439238,-0.68274140597399,-4.36310219273296,4.28702087961434,-5.40376835689762,1.26026230900043,-3.08774290682652,-1.31748806297981,-3.53705628406879,-3.17202752176385,-0.52988508450368,1.01162645030639,0.443488532055906,0.773630966413973,0.86061818130652,-0.304666447555476,-0.155499583027691,0.41216629075428,-0.220079647308722,0.392337584118175,-0.0200894870934853,22.04,1.0
75033.0,-0.430330205681344,0.985632693552081,0.645789437298841,0.317131047127407,0.616332206255463,-1.34746245720975,1.0782335690849,-0.161518267508932,-0.492855874580938,-1.03963769713185,-0.39560772252726,-0.664683930228673,-0.985700496668287,-0.660967626671015,0.344105202877093,0.530852433867815,0.278141865207384,0.355529916892446,-1.08122326117298,-0.115281935429531,-0.0163780179250957,-0.207609058231514,-0.164119225784612,0.255280162145255,0.454797817761532,-0.505032215885219,-0.0394559687978208,-0.00635758223393408,30.14,1.0
32391.0,1.14146734579245,-1.33800041160022,1.03770135000378,-0.528257167664969,-1.28965315972601,1.24112938214736,-1.49986707308046,0.485861553461839,0.311971155813958,0.399420620930761,0.119133994721051,0.264713881152863,-0.0948476115500516,-0.991112316626236,-1.48152406184856,0.786777059818456,0.559726808824406,-1.07693197399497,1.18131514115427,0.191281921115407,0.159589844269163,0.570904162594192,-0.208158516629942,-0.753868662360252,0.417126338608708,-0.0622809189244257,0.0700724151298303,0.0178315301127613,85.0,0.0
87778.0,-1.40026884742551,1.2023367786206,-0.104220402334275,-2.70086862275418,0.200153151102759,-1.05347164898492,0.648558982955268,0.536534797286288,0.454584158794032,-0.593826881891499,-0.00913327578008772,-0.543949006986187,-2.75565373910985,1.051262512236,-0.841023097003969,0.710789225260139,-0.80931569734945,0.00271419600143603,-0.502662130653777,-0.10677315758606,-0.296414485529179,-0.951200966730378,-0.0785765606027639,-0.538042126259131,-0.0472853522730886,0.401599982117453,0.294904637704312,0.20232010399813,1.0,0.0
75556.0,-0.734303155037818,0.435519332206195,-0.530865546585229,-0.471119606930407,0.643214386605141,0.713832369657908,-1.23457207133269,-2.55141159871634,-2.05772382572102,0.166830707878014,0.567551954604602,-0.85805991589575,-0.448067929957678,-0.264936238828755,0.88886293915465,0.838120616560385,1.42505965449185,-0.169664182600728,2.50202738858443,0.864536120628702,-1.00487737851609,1.15035358786928,-0.152555282700309,-1.38674463324096,0.00471601482800044,0.21914583821982,-0.0582573076118087,0.158047988697071,29.95,1.0
90274.0,0.00575662665872428,0.899712455652862,0.439464092940035,-0.361385747116533,0.517831672596737,-1.13470378149265,0.850206594030113,-0.26727096628462,1.286541160197,-0.765897466177858,-0.0174309128686604,-2.50314886435282,1.38249377751399,1.60333014203129,-1.10982027176116,-0.114535172999918,0.343615773383802,-0.444165092238293,-0.287627286766755,-0.0875422870581987,-0.409586293759059,-0.781553579616969,0.0928928401669256,-0.0289331777401235,-0.520728640990124,0.100124284745941,0.217176858849356,0.0916352107318278,0.99,0.0
8886.0,-2.53585211738111,5.79364414692454,-7.61846283574893,6.39582974649419,-0.0652101046678037,-3.13637196409103,-3.10455736262141,1.82323263760971,-3.87865758023391,-7.29780335001461,7.07166913682445,-10.001046368327,-0.207934540884304,-10.8606980453666,-1.69082504118249,-2.36085672411086,-2.76009701528795,0.29810341564323,-1.38555780172735,0.408704184487524,0.716719907055995,-0.448059938458541,-0.402406878680357,-0.288835222564699,1.01175223958707,0.425964621387216,0.413139555823146,0.308204656968305,1.0,1.0
118934.0,2.16742192180961,-1.24787418786117,-2.60993791252765,-1.64788226192018,-0.0988331760155521,-1.20164580973815,0.199665332639659,-0.640045921749689,-2.53785146480044,1.8249944935264,0.657716124864226,0.253370234235134,1.39040100757284,0.250540856222659,-1.43773410508761,-1.23792061362821,0.406936031459076,-0.0129196099695689,0.311444323456064,-0.157280043182148,0.22930334621783,1.00245227424022,-0.315898514257214,-0.366786096880438,0.66197406515763,0.296055059018012,-0.0839319571263132,-0.0807579102840213,124.9,0.0
69501.0,1.28763113001757,0.410745661324947,0.151840507145524,0.906245127736674,0.153676762542672,-0.384642071640275,0.193889675648765,-0.218122669501802,-0.107230901313717,-0.0456409680811016,-0.868970474451457,0.717602620125998,1.63767788437914,-0.00723946241458328,0.923297551964345,0.349916773500701,-0.862779655730481,-0.0710087381452277,-0.0674026079539804,-0.0142592839327361,-0.0906963259317531,-0.164238275569628,-0.143388877724215,-0.434448777694221,0.701803658181084,-0.39152896123155,0.0303625525101076,0.0206470673990437,6.95,0.0
61362.0,0.308256607095881,-2.36186354383926,0.175197756220502,-0.324555098258566,-1.4145048603681,0.699581862349239,-0.447861060653758,0.221809412910009,-0.613801062583887,0.396014382045391,1.56313717691818,0.173437956161554,-0.372553788613113,-0.0475128178335054,0.0546214126087799,0.642626786805199,0.785157242139096,-1.60599752063779,0.0504475736544782,0.973052510886401,0.563414520177414,0.576554045140908,-0.448013885508965,-0.224725504908299,0.135573031733762,-0.150222229053682,-0.0385481466824375,0.0860466495653523,498.37,0.0
54357.0,1.09496709410073,-0.609041426386648,0.997446539428981,0.669583234417771,-1.19843143301866,-0.0718549608020009,-0.648014188849839,0.00619954382290695,-0.627157496353589,0.590302934749028,-0.243605377385524,0.740740815449074,1.20394254450415,-0.397961670950307,0.438626501669318,-1.87530035848748,0.279694922349793,0.758323960082733,-1.62445699797388,-0.379228734250051,-0.139865152399573,0.162872918014468,-0.056026078611348,0.423003892351699,0.416779614551099,-0.224058285910136,0.0881493538976783,0.0485350979327916,79.0,0.0
54198.0,-0.64061755632799,0.313107230737883,2.0511677521924,3.16577739269409,0.282211973897836,-0.671816220231325,-0.142750794090616,0.0807525808105083,-1.17760740078581,0.789195339799026,-0.296032008501995,-0.233618220265445,0.188643629323169,0.208111116765776,1.33803694464851,0.109294799661657,-0.0278136994318017,0.0721909117002489,0.562255044137602,0.363876328023148,0.105591292191287,0.0224978323423518,0.424914148238446,0.669898815304398,-1.14556175458031,-0.137693487581271,0.196540690079102,0.239119140956362,39.0,0.0
51930.0,1.23406395761499,0.366703207948502,-0.165511988023565,1.06905041758344,0.114522991921452,-0.75330987429797,0.390700217889121,-0.147575899684733,-0.0975818164615623,0.0375189208251216,-0.34840118783712,-0.347954697971515,-1.24472261252402,0.83511801209854,1.06778629565495,-0.452388949310373,0.0356785357912397,-0.66970993148276,-0.603078232934408,-0.266402268137382,0.0161957602321558,0.0813847958967045,-0.1005243547221,0.0616064217321307,0.738705975278099,-0.262590146522804,6.84279330649229E-4,0.00482336409935596,1.0,0.0
80555.0,-0.706456518406761,0.186793143859474,1.51504191998852,-2.53295303326217,-0.308836264779693,-0.628510263660968,0.522059528640052,-0.135563715907258,1.33842286888983,-1.88383786470411,-1.03141760166999,1.05100031868353,1.20621665696303,-0.730872013891885,-0.151366748389536,-0.422995508176273,-0.483528267848789,0.0487711833931332,0.244621418815307,-0.065618300156004,0.175635469561173,0.775492538514919,-0.35813918144271,-0.00451843641722529,0.191376165558506,-0.056732295258508,0.0134462415352708,0.120637927843251,49.0,0.0
102676.0,-5.55212217135236,5.67813391258695,-9.77552798040134,8.41629539413803,-4.40984381923171,-1.50623535484733,-6.89983879692634,3.75044289681131,-3.8797925578861,-6.86416435989436,7.05106508958574,-10.1375291936462,2.81543981456255,-9.90916805374299,-0.262229551498562,-5.02255717747726,-8.52297487191683,-2.01293906157489,1.52573244095261,-0.0647801372282915,1.12847223060537,0.228484046768752,0.286257667302864,-0.536294098099933,-0.104924889157331,0.420919229293903,-0.297556884880609,-0.946184387308798,119.74,1.0
75869.0,-1.02222704735502,1.24800965907475,1.63197495607151,-0.369942450838289,0.194734267890089,-0.216403964360009,0.886912400645854,-0.185064044314719,0.244083162203281,1.17026837040512,1.89796485587455,0.465572251169802,-0.486137833363183,-0.18477225113825,0.528515635009092,-0.167921757337644,-0.507809244180156,-0.435804781718195,-0.212010331263605,0.571785966621292,-0.334768821890317,-0.371316166394899,-0.017323648381097,0.184954271864975,-0.231328178776758,0.028823416854767,0.260524202472905,-0.135537367558166,8.93,0.0
84204.0,-0.937843305478391,3.46288948991687,-6.44510395393435,4.9321986662268,-2.23398306982245,-2.29156112129773,-5.69559392853253,1.33882463362261,-4.32237655329329,-8.0991193981365,7.18296700883659,-9.44594338249901,-0.314619967520224,-12.9914655817567,-0.136358931959623,-6.36752437517144,-12.7343938853776,-3.84512965889743,1.00766725992114,1.12953228130351,1.06655024941577,-0.521657289347299,-0.319917292909547,-0.405859088093617,0.906802159957716,1.16578389011737,1.37449533233535,0.729889341911333,0.0,1.0
119212.0,2.08932323583829,-0.880984459308475,-1.2741726959277,-0.948249801894472,-0.445408056117063,-0.123982584665354,-0.933849117687021,0.0484634300697752,-0.17050126812709,0.356332398780722,0.403707416046296,-0.226343051431514,0.366212114932473,-1.55850240026268,-0.286742624980969,2.16328465877741,0.427733525323383,-0.134362241460146,1.11699535143212,0.150222222782524,-0.10056607483769,-0.392816593059554,0.178587046491277,-1.22578785320122,-0.398107465569432,-0.442387312611156,0.0139763822854102,-0.0255159310495606,58.5,0.0
35301.0,1.06977662834337,0.0721048139499729,0.496540007721508,1.50531803965196,-0.380276860049294,-0.370242882106258,0.100551022612946,-0.0266868034274389,0.319684226051455,-0.131553279559486,-0.305690136451956,0.445452844256268,-0.547450121708375,0.166726636119339,-0.0739303075991689,-0.796912974303483,0.404794568036975,-1.03306098430371,-0.500426343509198,-0.149401594679795,-0.0619906902493586,-0.0446294203737223,-0.0504848656899569,0.40017059192922,0.593314339278731,-0.335159735350151,0.0310140261998741,0.0248860161574048,45.42,0.0
102114.0,-28.2550528932108,21.4672029942752,-26.8713387797136,11.7374361361796,-17.9996302850189,6.0659013519233,-41.5067960832574,-38.9872627434095,-13.4340663182301,-24.4031849699728,3.40932261990014,-9.60826735632918,-3.07631796817408,0.240060357919937,-2.83667693195872,-6.594756991638,-12.9575309948449,-5.61352195004329,-0.248828402209821,10.4407179813405,-21.4537362781468,8.36198519168435,4.90911112135878,0.0983279449493119,-1.50873912052995,0.00871129047841733,-5.4078236392388,-0.183811044930697,0.0,1.0
67150.0,-1.82429505976067,0.403326526860602,-1.99412200641801,2.75655816357726,-3.13906432572579,0.408185014718199,-1.20904511871624,1.09563435393431,-1.44722489217345,-3.95100289197434,2.56070020158284,-3.4119829114195,-0.781669619949492,-4.7327675351632,-0.433973654922625,-3.30608841178359,-4.23102187544855,-0.750809770409941,2.69080834203374,1.50368830479002,0.838760421033887,0.341727095787049,0.947506491293615,-0.145493002452622,0.0493257725258454,0.831065451615044,0.33242130393302,0.252712728641008,489.71,1.0
28625.0,-27.84818067198,15.5981926625554,-28.923755945104,6.41844174657532,-20.346228155413,-4.82820246578157,-19.2108964179086,18.329405525597,-3.66873493861418,-8.00915938639777,4.30309581759563,-6.00866000668561,1.1389688287939,-5.58044712038062,-0.11073711578577,-5.49107326163426,-11.5885435992809,-4.71542017123115,0.734573493016404,1.69785626318366,1.8021491336386,-2.06293427611466,-1.26984343615924,0.165409188492223,1.99949911253199,-0.211058522431997,1.32480949279508,0.388090177732107,99.99,1.0
113154.0,-1.38352444329535,-0.664583646724328,1.84202103448237,-3.82655396157309,0.0677154820184244,-0.3895608950649,0.209225221530406,0.290994309091836,1.57323489112115,-2.58119238888627,0.876105152116129,1.26127840597711,-0.131437944727672,-0.117491926246863,0.129790427782673,0.05650910540644,-1.01139165363917,0.913806081685649,-0.157871034650917,0.176778636589678,0.215278155731729,0.35536040898247,-0.106182019243857,0.684735373228445,0.770016036975956,-1.04658151016564,0.0335944548716079,0.0762368182216185,99.99,0.0
11635.0,0.919136507326981,4.19963266902077,-7.53560659365729,7.42694037455047,1.11821533001319,-2.88672235145027,-1.34103599607144,0.363933268353337,-2.20322443100109,-4.13784019622865,4.57011280759332,-7.62916958856017,1.73391746350254,-9.44037499459843,-0.0233533498971062,-1.23395828198259,1.63200885764087,1.3157345644727,-0.287188855297045,0.535434663150233,0.316093599204254,0.0551792270194195,0.21069215028398,-0.417917881438145,-0.91118827562932,0.466523924588163,0.627393270472548,0.157851282541588,1.0,1.0
34687.0,-0.860826892469905,3.13178963278262,-5.05296813449749,5.42094070941518,-2.49414141557203,-1.81128662834635,-5.47911745062699,1.18947198655298,-3.90820579292615,-7.06074618169306,4.72997415443333,-8.62905440849263,1.17879796289388,-11.1820634139742,0.445243112696547,-6.53298227788478,-13.3892507167674,-4.48041256680694,0.432054206519352,1.0857595200589,1.19269353963797,0.09035581053399,-0.341880850908644,-0.215924151333767,1.05303194615504,0.271139003495332,1.37329957704625,0.691195095871691,19.02,1.0
40276.0,1.15937314510686,2.84479469928473,-4.05067950821309,4.77770088131929,2.94898004123771,-2.01036111013216,1.74408581794948,-0.410286521869204,-2.45019774688553,-2.04216786301424,1.84409317018026,-2.42593281501277,-1.5842751343556,-7.2083115791564,0.459828383286257,2.37529619792022,6.4435098643744,2.59184606301795,-2.88977035831304,-0.059264385833904,-0.176541018596848,-0.433469859425429,-0.529323202003731,-0.597019604985794,1.33595405267787,0.547092070642555,0.00997894426391215,0.160769150049196,1.0,1.0
81851.0,-2.05944015740398,-0.356764013432941,1.81890605905187,-2.00749605902851,-0.0856826456481278,0.0485208868686801,-0.370430049466671,-0.413110381775614,0.145574232163236,1.82345476455846,1.15777733941541,-1.04131904018076,-1.05331266949779,-0.957415013491555,0.379372367409061,1.47080013209485,-0.521945624454803,-0.646501542101899,-0.197149881512634,-0.346598475791742,0.354701658009296,1.32943386907441,-0.571635919269963,-0.266135342160473,-0.266620543756023,-0.33333784469623,-1.17916781502647,0.0890706787792754,29.95,0.0
57163.0,-10.3630494651588,4.54367201286394,-9.79589773551539,5.50800333404763,-6.03715599427489,-0.133492972364907,-11.7243461176622,-3.19834557193323,-4.76784222430147,-9.33212806886128,5.2241240042156,-7.74312234505579,-1.56034320038539,-7.14041803349475,1.18597782557697,-6.59870406570123,-12.1205390025684,-3.90409153348034,2.51343040062446,0.924396179705582,-2.45714487251707,1.68725664165106,0.977178353536712,-0.543368976583511,-0.289124786926125,-0.107586425389056,0.330641897772597,0.163577149556086,1.0,1.0
107539.0,-1.18773056410194,0.360979535331423,0.332018464029964,-1.7814174956164,-1.17631765098429,-1.00851163019338,-0.938135214843257,0.780931800441092,0.755659827156976,-0.471134823897007,-0.388550407224316,-3.08947548681566,1.59266303466644,1.356500922281,-1.28152220454842,1.62370612199636,0.905730384519461,-0.742097983886116,-0.592714169283697,-0.0232720022094201,0.204869346693134,0.677172171762567,-0.0812217736693731,1.56835497228402E-4,0.261618399721067,-0.191239797773027,0.0812991824218901,-0.141907452799578,19.0,0.0
121126.0,-0.332818598920846,0.841186822987837,0.860545846923298,0.780902306810908,1.16401467425546,0.377978813707784,0.997362132280731,-0.451787128875823,-0.0371062009213845,0.640021840816742,0.672021015867242,0.625244802261152,-0.0215931833081282,-0.307910409724769,-1.04004702110586,-1.02044145767692,-0.330528471519881,0.312048110567434,1.03651120491087,0.0196053979192399,0.207238046362501,1.07176643650649,-0.381483572679549,0.745321119050732,-0.292944830862534,-0.510350654569573,-0.484917561338365,-0.256967547017959,1.08,0.0
119747.0,2.15928314729477,-0.955954552177125,-0.893349444770019,-0.888691117087821,-0.772185913472044,-0.492934289504918,-0.832810752876905,-0.0888124226389076,0.00897095342357562,0.74446339708542,-0.874825316443313,-0.724095417522726,-0.231544723632966,-0.274429130498393,0.166208945866783,1.00693090318418,0.25068617888808,-1.37827267360311,0.534939165368286,-0.015304986881347,0.201236424415604,0.570519222876968,0.204156109398835,0.685223004166524,-0.148319165114641,-0.206783441101668,-0.0110807448419613,-0.0444275787966059,25.0,0.0
17520.0,-5.26805322089363,9.06761342731767,-15.9607281345144,10.2966027898053,-4.70824109122294,-3.39537485177836,-11.1610570028797,5.49996263444947,-5.66737554592835,-11.6271935556579,11.0270590938161,-16.3880541668327,0.363921486512734,-17.230202160711,-0.437487559248993,-10.1223919213552,-13.6392089915234,-4.98645725844229,1.12678437819631,1.45587819528,2.00410994522741,0.191058399384387,0.622927669875126,-1.20926355739155,-0.374798862642666,0.64879803679546,1.58469734677224,0.720055870245492,1.0,1.0
85864.0,-3.36526491864606,2.92854110729003,-5.66099919906905,3.89115992835328,-1.84037510965314,-1.80088720390662,-5.55867935318221,2.40232168278639,-2.84892272106495,-5.99567612703198,4.22130410784879,-6.11966735264192,0.0230135705891201,-8.14932178394224,-0.301351931335019,-5.37528289323615,-9.31500138499105,-2.48756256913711,2.35591891159776,0.57637946532203,0.875260063301294,-0.102501391250503,-0.606282749133978,-0.743164794295893,0.096318936065612,-0.135060497401362,1.23869473001415,0.0998237563444676,1.0,1.0
41991.0,-4.56634156694274,3.35345148012501,-4.57202780762531,3.61611930403552,-2.49313810882875,-1.0899997127127,-5.55143306976649,0.44778308394893,-2.42441402571208,-5.69992228265959,3.58682418337431,-6.63622904939297,-1.1281764439465,-7.24554959537009,0.638325536245456,-6.85681003898144,-8.85187850534679,-4.5918832274368,0.936939858866071,-0.249127726683026,2.67446587862872,-0.0208799797343963,-0.302447083877198,-0.0863964000107124,-0.516059779833395,-0.295102234035121,0.195985145691014,0.141115102721758,1.0,1.0
68066.0,0.671642655454152,-0.942028050404265,-0.252469422879278,1.36230147650917,-0.0421337560134499,0.903340381421803,0.137444039152023,0.131321572256606,0.721237170076758,-0.278653618979365,-2.02374415124192,-0.320093831240233,-0.642597605362541,0.0188834425837839,0.0451829601369635,-0.185178855389276,-0.181767186095039,-0.230213383696303,0.0425859463565056,0.404364844057257,0.0250025313985638,-0.349153605393686,-0.496817146133491,-1.31902046486765,0.680148713095462,-0.210733598103576,-0.00644366452790314,0.0554326514205202,303.41,0.0
93965.0,-11.3977267217611,7.76395304621262,-18.572307456296,6.71185525207739,-10.1742155991554,-4.39591833120843,-15.8937882429266,2.08301258152135,-4.9888371802491,-15.3460988468775,7.09318207259894,-14.9797547574476,-0.148288045224015,-9.93567958156078,-1.16199939019334,-11.6468338293624,-18.3838524599849,-7.40273080415809,1.94169681013401,0.208879130047717,0.339007373241803,1.34292261443867,0.239217367154604,0.534644166424257,-0.174964905765612,-0.500240426616998,-1.72206026726614,-0.574339363297002,11.4,1.0
102489.0,-2.29698749921502,4.06404334190313,-5.95770634516933,4.68000806392241,-2.08093759960382,-1.46327216002463,-4.49084686931735,1.02924628254192,-1.59324925133839,-8.99381088354112,7.86446740028511,-10.6498396512844,1.82659101647783,-12.9136317373077,-0.766330314740752,-7.95409770929125,-7.80963509977466,-1.71851117214548,3.83298514230067,1.26495379665956,1.08908418394041,0.975397809530551,-0.62553033358642,-0.535180928107126,0.247435028956319,0.160399507909509,0.969581605226584,0.335041293733825,104.0,1.0
81120.0,1.28854729981193,0.167400228913954,-0.51968663054148,0.253346783328507,0.284419145297846,-0.53648566227214,0.336705469214582,-0.145038695735967,-0.326211825591873,0.174439230115865,0.550640157811741,0.227319382388039,-0.609478278588215,0.797136268566147,0.148787375896489,0.345630238899673,-0.736918448169106,0.283496618597096,0.550781159224131,-0.0843186194437467,-0.0295510796608986,-0.147920417276484,-0.228231828033867,-0.462454516910254,0.719103539063065,0.569595765380066,-0.084409044305345,-0.0185639200542594,19.99,0.0
41237.0,-10.2817840384715,6.30238478416897,-13.271718028752,8.92511547634157,-9.97557831146449,-2.83251346361162,-12.7032526593299,6.70684583868978,-7.07842395823848,-12.8056831898117,6.78605830197451,-13.0642398936784,1.1795245105938,-13.694873039573,0.951479176238826,-10.9542857275047,-20.5835927904158,-7.51726213169106,2.87235363605874,-0.247647527731929,2.47941350799644,0.366932842343897,0.0428046480276363,0.478278891799746,0.157770817898023,0.329900959238367,0.163504340964582,-0.485552212695879,118.3,1.0
112919.0,1.7049365020707,-0.587794828842252,-0.41140740351432,0.282115439934636,0.109812373580308,1.31162415878358,-0.664377961797011,0.446992821707999,1.12661682362464,-0.401074221480323,0.302708880947423,1.36269505714567,0.880041836615074,-0.0741881336097779,1.65205264265666,-1.11088198822904,0.617877967632233,-2.23804393137331,-1.65116666442134,-0.212873701280585,-0.0210977767139635,0.177934294155124,0.448965351974794,-1.32046783335332,-0.73310114790534,-0.504166362107424,0.103178619492249,-0.0351447532236624,54.99,0.0
81717.0,-0.306167429513639,0.536232065908875,2.56807308191125,0.98015286856704,0.0101583855414934,0.51421142917849,0.349618314834522,-0.223545671471841,0.506411120684675,0.0454300475875569,-0.39092682739615,0.451017990552867,0.700234339267634,-0.970469139630526,0.515941780487385,-0.799912271912833,0.0138049701115551,-0.403226198518717,0.244446506616497,0.112956003425779,0.00765617019104315,0.633723257804905,-0.144590925259587,0.112173883461727,-0.647161116108605,-0.456979821854104,-0.191670821158837,-0.275987207790915,9.99,0.0
7230.0,-0.471651438684443,1.03496458063408,1.78919107115582,0.115172331382518,-0.137504724191595,-0.662365274441368,0.455238718138594,0.0434559181297312,0.767825028285449,-0.48676758397014,2.2571685248157,-2.3390182684776,0.539912059984739,1.9870853770492,-0.493760960023868,0.354035543990815,0.220188280260681,0.474791384022955,0.0293260241514415,-0.00106943642875085,-0.323486591279767,-0.713763672560718,0.0208243505084156,0.427332669455429,-0.30770275159365,0.00581230910568781,0.227515536342589,0.10447819837354,5.49,0.0
115341.0,-0.190834071485548,1.02721175605123,0.0885765523775801,-0.839293356200423,0.614588541653873,-0.622223990095443,0.922423446688937,-0.0556024069588929,-0.162954349614078,0.0532281326957712,0.588445548196965,0.979019798893829,0.448841932374516,0.126003077392665,-1.11750345187509,0.152900245110364,-0.810967416099443,-0.223110157438582,0.292815197722545,0.136815315992037,-0.255387963588935,-0.500955696977861,0.0179289893698896,-0.333864504051508,-0.410624041089197,0.143673541097771,0.352645437063879,0.144313492197922,1.78,0.0
40569.0,-0.302487066850348,-0.337495565316647,1.35982589304846,-2.5940407009573,-0.216969618196193,-0.654381767316974,0.370342818052749,-0.37854052960641,-2.88769094723105,1.12243980436659,0.931128569147827,-0.251415450521779,1.12496414069444,-0.473553951231992,-0.987085440387884,-0.346918141425975,-0.13129943341433,0.385796420759291,-0.217279709071287,-0.122625403331427,-0.110896997299323,0.120425895210296,-0.245656584407296,0.0131029877665759,0.217662092763411,-0.316950607652422,-0.0962793829578026,-0.134067339595475,34.3,0.0
36898.0,1.15601281387103,0.323992220964284,0.589500131115695,1.04675527907939,-0.352668140624834,-0.666777862635939,0.0865486793584966,-0.108943509127445,-0.357042607390914,0.134061273684106,1.66986109679338,1.46182492538791,0.828532583326371,0.361753270975775,0.207157098181835,0.268713945071897,-0.703162617846811,0.152368191489255,-0.169703085651761,-0.0560929132434613,0.0279870046012005,0.0917198429414777,-0.0271910292276709,0.542196838161728,0.511317351945669,-0.472658178612872,0.0229052074450501,0.0212186921098866,14.65,0.0
64583.0,-0.590306982070213,0.683886899605456,1.34145856142806,0.0472997560606809,1.15370951257877,0.0186781783990312,0.985619068988756,-0.0501276582379974,-0.524748261223787,-0.30839199835175,0.770323854546947,0.507048589964288,-0.535352299427084,0.161084503324535,-1.06207586861187,-0.300061353582717,-0.557774453179787,-0.185385368518361,-0.629551322545402,-0.108951226667217,0.0878534044699995,0.45731450195053,-0.333695395813019,-0.297381852866629,0.156453340768905,-0.450273844624037,-0.0523768788344729,-0.111965137402775,1.0,0.0
7961.0,-0.754009088596765,-0.252564212479713,1.65881382735962,-1.43864621341324,-0.227598012818593,-0.210842650886549,-0.690573232530214,-0.146645688299188,0.963929093810833,-0.0691124172200735,-0.397197719558368,-2.87149639929054,3.04222667576159,0.177477593917243,-1.09060960444626,1.53291798247011,0.350131604412498,-0.579169247091924,-0.0415286306160928,-0.153610758720917,0.209548976973886,0.941266631684086,-0.289791300900282,-0.437203607952431,-0.173173725113979,-0.29455578320898,-0.271883995401132,0.118891699409064,19.5,0.0
120411.0,2.04111418281136,-0.153033441323324,-1.19031039002522,0.231333039755271,0.0165718388903114,-0.720266459106891,0.0348179131605462,-0.133702714224231,0.393756315329515,0.260004155386758,0.570303699105011,0.705585607118183,-0.559198309217861,0.571207308476571,-0.571818258825674,0.212341793692036,-0.621020611170788,-0.197003213108809,0.560057632559519,-0.240690950327049,-0.265303972990649,-0.694271344997152,0.29523953108867,-0.352259323126773,-0.306028244224717,0.200265515514161,-0.0788919937380132,-0.0746005265134972,1.98,0.0
47923.0,0.364376991240021,1.44352346510311,-2.2209073739296,2.03698508634993,-1.23705503097364,-1.72816100636381,-2.05858236489925,0.358895084111675,-1.39330570864802,-3.50579032571994,2.81431415481622,-3.34217599575955,-0.150269366634614,-4.82032224395007,1.10260955786246,-3.15703267184314,-4.40585022452865,-2.55882785118576,-0.208809536741974,0.310979602822284,0.402729680639885,-0.132128891527171,-0.0329771760409112,0.460860836846427,0.560403798330262,0.409366102366135,0.539668285308506,0.296918378210685,0.76,1.0
49960.0,-0.946525039936304,0.528106451416318,1.17251857779072,-0.221979961826134,-0.247345938473974,-1.0645011982746,-0.073008912131384,0.440616432517223,-0.83137665960113,-0.497603746124318,1.32539242182379,0.579493164104691,-0.4734651772359,0.878443415981497,0.499543963637681,0.116881902994173,0.0258933540035871,0.137845356554251,1.20124247627832,0.0637876125520009,0.0176077156822684,-0.297547484084465,0.0326438923148032,0.573313624504184,-0.608869888820253,0.850848699698528,-0.0788595115919212,-0.0213078800078007,1.0,0.0
57936.0,-0.408977137241002,0.255794524073923,1.09739684206557,-0.716712989727114,-0.0671412543042247,0.110389248629272,0.0390928728744307,-0.0274328760225982,-1.15956374029968,0.573767794974062,-0.74794123212197,-0.210059233881969,1.22391300354835,-0.729941837203751,-0.0710441996217744,-0.220829849339838,1.09460553540372,-1.88287629992476,1.87443795842775,0.373819644762772,0.128589993879991,0.689739494583736,-0.262484623801571,-0.367486342207071,-0.0436256079777591,-0.00853908278548413,0.315055262550724,0.177223305576982,25.17,0.0
54701.0,1.31839233624509,-0.105039942098529,-1.58415640204833,-0.853686377768158,2.2109233536439,3.01510466277135,-0.262990340169167,0.673594611593076,-0.133734991973321,-0.0550575322543849,-0.052147719003789,0.0244646488092816,-0.0359290651375277,0.554430754467322,1.0455435537856,0.30390247589893,-0.739527852182554,-0.0834439022593997,0.387974015605716,0.0630036877773198,-0.109172716448966,-0.472847409450683,-0.102333289039596,1.05469938100814,0.673950124947759,0.61393601918109,-0.0707771287218231,-0.00162987156640899,23.0,0.0
28143.0,-27.1436784229495,15.3658043803315,-28.4074244550982,6.37089534679314,-20.0878775718571,-4.66631306343841,-18.7094788213717,17.9035743750222,-3.72227873753244,-8.12096173759343,4.41994345577668,-6.21094112120869,1.06383739513242,-5.84352838067721,-0.108836449172905,-5.60659732565665,-11.7562556050179,-4.71494676131661,0.783577593799492,1.70388764553958,1.79682638880552,-1.96097371657716,-0.90224745220798,0.144011442167384,2.02438803943008,-0.204214065769385,1.33215305903359,0.385890728011147,99.99,1.0
102671.0,-4.99175779387947,5.2133398229232,-9.11132629809104,8.43198635177602,-3.4355156720863,-1.8275651016855,-7.11430284412379,3.43120663145462,-3.87564287029742,-6.86850850672582,7.15062516950116,-10.2629840447185,2.73308493575221,-10.1275247811671,-0.262783621001749,-5.19027103814098,-8.6557110398096,-2.02444347438745,1.5604792800844,0.0981321924634143,1.18942283937597,0.247858476295777,0.294448330047117,-0.548503502162266,-0.174616566570794,0.406702503092405,-0.40233927269736,-0.882885795448957,0.0,1.0
93856.0,-6.75050851563533,5.36741605145469,-10.0546349530569,9.06447791765316,-7.96811808353808,-2.26379841398236,-10.317566180676,4.23766573099145,-5.32410880613734,-11.0923923688428,7.15408284221914,-17.1504052507291,-0.0953992277686904,-11.0301103643432,-1.95905455483077,-12.4485623424367,-22.6679054064789,-9.26460873295655,1.9823563171714,-0.0812198922441237,1.90903201764938,-0.34873973066671,0.425000563135111,0.674908669807175,-0.784208393488163,-0.247422102935353,1.1595813739152,0.197817874685768,209.65,1.0
98374.0,2.18888034629766,0.475711601574108,-2.82124383992104,0.199416680523648,1.27220164075396,-1.38539782876859,0.797579418036268,-0.662452370174532,1.47007242116357,-0.858391840112078,-0.192068799499418,-2.68366891864877,1.9159416693366,0.902023525121599,-0.193431033060502,0.0110256192097535,1.0401284795972,0.569931658857998,0.105365184689202,-0.190830277031967,-0.131713934261408,0.0375451254211498,-0.186049586775504,-1.10321103781318,0.561989807867862,0.263328278427047,-0.0985342046855189,-0.0671636261200349,9.08,0.0
77569.0,0.936901727509039,-0.445530795111794,-0.420874955703903,-0.00246039631599995,-0.00481185646302939,-0.131034206960058,0.265663659819775,0.0658412990943752,-0.240824016178754,-0.0258877861241391,1.69955967864398,0.360510743716647,-1.33878553049636,1.01174465616798,0.719206485753872,-0.410648277392276,0.229038879916835,-0.921565148625263,-0.3488662795718,0.0580884672339739,0.125029013825306,0.0579856471420487,-0.138388525583815,-0.219464802575416,0.282289764879453,1.1020858798366,-0.117379001121222,-0.00569499587864717,139.0,0.0
91502.0,0.0073790751145725,2.36518252886777,-2.60028738169342,1.11160176466249,3.2764413263667,-1.7761407852846,2.11453088108345,-0.830084106599812,0.900489974281822,-3.37617706712688,2.05681205985716,-3.9842567303491,1.02196791340796,-5.96790496861639,-1.15160831490592,1.67973960141233,5.58611468683053,2.78913115591619,-2.24107485298106,-0.00638849728163087,-0.563944162060269,-0.902099515410175,-0.404382448597275,-0.0129439005065412,0.589836154947909,-0.734449052212668,-0.447529183217452,-0.362374775122343,1.0,1.0
56650.0,-8.7620833940977,2.79103028235041,-7.68276685719257,6.99121396498416,-5.23069545140333,-0.357387950702527,-9.68562145610769,1.74933494530821,-4.49567886484426,-7.86450647898838,4.77414774007074,-8.24589788162945,-1.33349186005079,-7.97425052332349,-0.39879894749855,-7.24434047432354,-12.7600939511044,-4.82474022298701,2.83699299496563,-0.460389538640294,-0.0905267878788197,0.34858962816605,0.0511323900482543,-0.41542987238242,0.219665266254896,0.330020364891881,-0.0282517554687547,-0.156270272972183,7.52,1.0
69370.0,-0.941116652032738,0.523375846613874,2.67901071191204,0.601187940655823,-0.207369611103471,0.683532133066051,0.339536011366866,0.412902328637565,0.66497824628923,-1.20130003754011,-1.44521068048215,0.268087324132785,-1.10527190129736,-0.750134525477574,-2.20798465029608,-0.961565143389243,0.597597022682927,-1.16594065125383,-0.316856447453815,-0.198274597980707,-0.361447376891128,-0.735044570148833,-0.160647107518717,0.048780620807236,0.423434813024065,-0.592094230035023,0.0954965349704057,0.0694076143071858,28.49,0.0
93853.0,-6.18585747765758,7.10298492227346,-13.0304552638937,8.01082339822486,-7.88523736131971,-3.97454999359808,-12.2296077786617,4.9712317023058,-4.24830701294998,-12.9654812039222,8.68830799242781,-17.1829184301947,0.0695769150313325,-14.1161560074304,0.959031717400206,-12.3753337375636,-18.716764511809,-6.52201457322122,3.51795494036344,0.483930108481186,2.50277241039945,0.481691289576756,0.480957977547458,0.360318638811951,-0.293354295977635,-0.199193157971208,-0.203917328209747,0.398927185850218,44.9,1.0
45501.0,1.00199171536791,0.047938380305255,-0.349001552412107,1.49395843665091,0.186938875230095,0.190965634380865,-0.00111210422593577,0.147140194715723,0.580415339651519,-0.792937990748917,-0.984171728067149,-0.567380064895921,-1.10559224967424,-1.38121354248053,0.405490421163411,0.279890165223202,1.1321602098483,0.0929929763441439,-0.298920455435975,0.016003673251105,-0.334417439439,-1.01431467260935,-0.128427315817252,-0.946241837638308,0.456090274720588,-0.453205972393371,0.0466270924243456,0.0646983543716214,105.99,1.0
50724.0,1.25758299235063,-0.456403043473582,0.152057908364255,-0.515016352409838,-0.822301076322488,-0.652734648445673,-0.601239529678234,-0.0646401648232858,-0.767273810142112,0.0989192728528324,0.35130600071333,-0.577641964846999,0.383045475374952,-1.33647633110337,1.2177904693154,1.31948838910178,1.29382841015777,-1.31189715316976,-0.0633287762618616,0.186872735059419,0.105344546878616,0.167163720169845,-0.0144766452782697,0.00794066970994948,0.281168653018347,-0.258785348438037,0.0380816491118039,0.050936984529607,57.4,0.0
85900.0,-4.65485766348105,-2.54277218430447,0.672989808388164,3.93481907067943,-0.0306896037783193,-0.728638461058617,-0.704065142010872,1.0319719455994,-1.26976613104498,0.776220618198704,0.853059146000037,-0.0418969011900445,-0.761017809246221,1.08483451589358,1.14899827886509,0.875442571295552,0.00742728696818207,1.21012587964804,0.917626645601033,-0.190077997882927,0.207985730719042,0.730273828380185,1.42328816123878,0.547887049170226,0.105172534531674,0.31852073126021,0.221641520721973,-0.525450464765,10.65,0.0
100298.0,-22.3418888868038,15.53613332478,-22.8652284959099,7.04337354768731,-14.1831291919342,-0.463144880408286,-28.2151120538009,-14.6077905214735,-9.48145633401495,-20.9491915543611,4.73958247105186,-11.9249546896802,-1.50141102577851,-3.83678146634435,-2.72032883823594,-8.88010567222989,-15.8251362851177,-6.75042522352437,-0.129188144339879,4.10001904830367,-9.11042257588182,4.15889482041313,1.41292844456256,0.38280067392155,0.447153952515532,-0.632816336434319,-4.38015425911661,-0.467862869164174,1.0,1.0
76575.0,-5.62246941906299,3.48062317879011,-6.20067659397487,4.31123366835313,-5.22628632428769,-1.34176357284987,-5.22094094197327,2.68284353707778,-2.92148438224053,-6.56125741097377,3.21126387844398,-6.86166051434144,0.326461834627394,-7.7552536640417,0.50465219263742,-6.27661678567251,-10.6117146970978,-4.14677374512684,2.19728771323892,-0.156288522686099,0.949568986169808,-0.428985749759671,-0.35067550041691,0.197549503550848,0.15923422951036,-0.377790861014248,-0.213561786254573,0.459528918054306,219.8,1.0
44315.0,0.721635497616948,-2.28234299789066,0.0595406090842392,-1.11780015622942,-1.81211682306167,-0.464171435880234,-0.464691410964608,-0.30696554202251,-1.89294148808655,1.19145766892669,-0.711351703749669,-0.505058862997924,1.60284853817729,-0.495791191937654,0.743595253665715,-0.0307003464112277,0.205197477405558,0.0527776931414912,-0.192948729579636,0.610767543640522,-0.135066235084568,-0.949923472391522,-0.265796262434824,-0.12643349222487,0.073336812872852,-0.426975297587895,-0.0314249648306523,0.100242043610291,435.7,0.0
41204.0,-8.44028396323147,6.14765332384605,-11.6837061588856,6.70277957100753,-8.15583929706995,-3.71626415558662,-12.4073130564101,5.62657129554302,-6.23216089363823,-13.3866834395246,7.60555947435276,-13.351815018081,0.827049642773684,-14.9794773489142,1.53281308437662,-11.7714969677127,-20.2992165093576,-7.60911006016911,3.80913643570604,0.520732330180873,2.19285541971989,-0.282596814624446,0.00806849811246454,0.403858336982018,-0.0187883930291726,0.522721636106603,0.792690689790115,0.0677895462043786,30.26,1.0
44393.0,-4.61746102917986,3.66339525318756,-5.29744641020372,3.88095965427288,-3.26355091342907,-0.918546733700683,-5.7152620778107,0.831039550183167,-2.45703377841015,-5.72681709632961,3.52572598717089,-6.48911156043177,-1.01279063167124,-7.05231095228929,0.78444540329242,-6.77397674966222,-8.58807007314333,-4.51089174541971,1.14787783834912,-0.34645583270524,2.69817489528664,-0.0270808907137453,0.366775230313112,-0.123011441662663,-0.300456526768528,-0.239996239629945,-0.183463054061235,-0.0733597031884566,1.0,1.0
54467.0,-0.462973748853001,0.959258548845717,2.28743264135431,3.0611789049109,-0.34503204010398,0.344027444656748,0.0222661182669686,0.225240885194108,-0.654466515710885,0.726013246709831,-1.01766119658884,-0.300283639789491,0.0165324972183222,-0.325110993865144,0.284384010754217,-0.302283468909213,0.263642827559316,0.253173359635248,0.886825376473986,0.323890990753654,0.158280015131298,0.727352506210491,-0.116959856222171,0.423451694801831,-0.275015522643275,0.345932029996078,0.425613649170825,0.224549470559929,25.01,0.0
28998.0,1.24567381944824,0.166975019545401,0.488305742562781,0.6353219207244,-0.562776680773863,-1.01107261632698,0.0149526614685896,-0.160210863301812,0.17036185217373,-0.0445745893804268,-0.35674901847752,-0.0734595173503765,-0.517759694198053,0.406968934383731,1.12414692288685,0.342469754110769,-0.374656440051376,-0.438992432436683,-0.116090785002835,-0.132079724302295,-0.262580846041176,-0.816263763157847,0.140304302014326,0.357827249299806,0.186422945723389,0.0965444707905616,-0.035866315294695,0.0184945729704665,8.99,0.0
17230.0,-0.469326705102944,1.11145278248281,2.04100272504592,1.73159516277684,0.135146841769907,-0.0936251754891053,0.266155169970928,0.0829882363836626,0.58025540346041,-0.164562674892883,0.500376369958899,-3.0217601822032,0.924213260310925,1.50079377517002,-0.400282644242405,0.706047712602575,0.115114264650572,-0.0467958788933584,-2.54852159198286,-0.358708665630957,0.159387389394564,0.592669568808717,-0.0535961838321624,0.320747502076217,-0.36912075429213,-0.136604684929151,-0.100845186803931,0.03934714768212,3.93,1.0
50417.0,-5.02012675963114,3.929576931244,-6.59461881604976,1.88406853559773,-2.13979439948742,-2.29522968100923,-2.21499309612515,3.62469864484355,-0.168800497886327,-0.777127947780362,-0.925747701719952,0.494731015634742,0.0480149314130217,-1.11937777141125,1.06451492533976,2.07229754451155,4.11179678067115,1.93806779427229,-0.544224450636003,0.13421735042667,-0.073627429244569,-0.75712119289997,-0.127339517315934,-0.449663785029843,0.0548415325023853,-0.351111209064756,0.00154874641104816,-0.214151183828092,1.0,0.0
118960.0,-0.41871862346494,0.567178924936995,1.16246464375467,-0.999305592608786,0.241226161424341,-0.121771725010819,0.395573269000349,0.194897328121672,0.0601706381274515,-0.431192939846758,0.268651033819026,0.543307863061044,-0.0308570220081668,0.00429993954056051,-0.614449865893017,0.714159629844904,-1.02597433674985,0.307692302135341,0.256629572659477,0.0773219338190184,-0.179312980278964,-0.437021048684039,0.0719282009938464,-0.508941701700369,-0.846820145138333,0.182524036211164,0.365254503491373,0.232577694109114,15.98,0.0
25254.0,-17.2751911945397,10.8196653713117,-20.3638859739149,6.04661174671427,-13.4650333517322,-4.16664724489873,-14.4094479851747,11.5807967244857,-4.07385571204177,-9.15336803834587,6.21088301172371,-8.77857203246194,-0.0613674966661798,-9.57466229922106,0.0492885399107771,-7.41848727872681,-14.1027718764864,-5.01642333521081,1.39031436050276,1.54497046707519,1.7298040916597,-1.20809608165502,-0.726839224163999,0.112539673508366,1.11919347248491,-0.233188990129274,1.68406299250578,0.503739738280361,99.99,1.0
87883.0,-1.36029263351035,-0.45806896998712,-0.700403917726715,2.73722917151503,-1.00510597388675,2.89139936351597,5.80253735302589,-1.93319735249124,-1.01771714252211,1.987861862693,0.504116141204789,-0.863430853145281,-0.184450076491427,-1.01691553500414,-1.55941019827384,1.15431268558106,-2.04385766822656,-0.151698807119589,-0.94351353548825,-1.49340137472525,-0.936989532415364,-0.0538115862306455,0.580105893889531,0.216927302487974,0.151642929701357,-0.33211456915886,-0.469800301881959,-1.495005896766,829.41,1.0
67864.0,0.247215755986404,-2.03834470690823,-0.814705576016011,-0.949484982136705,-1.12625853025155,-1.02430635254594,0.772879542929518,-0.310478366176582,1.0825739049115,-1.14406314273445,1.23121477022315,0.973316334665317,-0.998711197172681,0.765549309248436,0.198892604973602,-0.774874202569178,0.0446615244049003,0.264775621074893,1.1523878919701,0.953028159911499,0.327385950045584,-0.117790290108877,-0.647371229025889,0.408990108414078,0.560289063497921,0.0233417702869765,-0.125449216913143,0.0841969271899611,547.21,0.0
18133.0,1.16276842689336,-0.318436973804424,1.14665186309677,-0.484948493363841,-1.12828810644569,-0.49309768506744,-0.729389795886569,0.00750769122437949,3.09601417681944,-1.49676625365282,1.0028083740021,-1.6322766874233,1.41164953351631,1.35854601414803,0.776475421395572,-0.852528753503867,0.990990947646427,-0.078136104126547,-0.131094412120301,-0.19642190808616,-0.108516371778934,0.187534896943825,0.0376717564530465,0.360659824188811,0.35299094999026,-0.716459188488577,0.0810423493412156,0.030422406726071,11.85,0.0
85319.0,-5.54718603767462,3.70738464049768,-1.52309186891355,-0.379930521935841,-1.7264674821962,-0.734348480330457,-0.753892024910142,1.64319840705778,2.02777799040448,2.89554039174517,-1.55114860810903,0.487598239336194,-0.0952875180753305,-0.0263229636957446,-0.206762372346616,-0.0760478658184541,0.345686925215793,-0.43671363376087,0.279199818855778,0.801278023833597,-0.540644964027838,-0.599168238160134,0.103126155672424,-0.131999249280134,0.627550907172301,0.175522796380247,-0.478335155147298,-0.277647131091309,4.06,0.0
27741.0,1.46268811405819,-0.286367816720666,-0.552714065080576,-0.910839534709907,0.0484282661035963,-0.432995001372261,-0.0512251721612609,-0.277988611494272,-1.25395193076389,0.612992104799658,-0.582370413705266,-0.262831670301087,1.27012807116385,-0.110472888221028,0.623283027212222,0.630459593400739,0.323186428276465,-1.90252156978285,0.585375057788773,0.128372711566912,0.175506398390134,0.528164558251051,-0.25216507048846,-0.695751756651922,0.866038323735445,-0.00663574822364898,-0.00697902425496267,-0.00758459617128663,15.0,0.0
28692.0,-29.2003285905744,16.1557014298057,-30.0137124857248,6.47673117996833,-21.2258096535165,-4.90299739658728,-19.791248405247,19.1683273897301,-3.61724178604255,-7.87012194292549,4.06625507293473,-5.66149242261771,1.29295014454242,-5.07984568135779,-0.126522740416921,-5.24447151974264,-11.2749725851252,-4.67843652929376,0.650807370688892,1.71586182428358,1.8093709332884,-2.17581520342142,-1.3651041075509,0.174286359566544,2.10386807204715,-0.209943999130567,1.27868097084218,0.372392714338541,99.99,1.0
76657.0,-4.18395413412093,1.84288798228482,-4.35334082724714,-0.903623928824067,-11.4987916575898,4.5299381492917,8.59615653994664,0.18571155118851,-0.709178782739022,-2.04153327301129,-0.761388192512865,9.48339550186916E-5,0.421905872291513,1.09392161427377,0.63298783073475,2.04505280712653,-0.176585627958867,-0.475725207345881,-0.773005803159257,-2.03269425315059,-1.00035908075743,-0.53384295970446,-0.406011895603539,0.641909807881754,-0.0320935023372382,0.768492049819384,1.81458505752948,-0.878314314002675,2056.85,0.0
29526.0,1.10280432542075,2.82916799881581,-3.93287026485548,4.70769143992869,2.93796685530025,-1.80090371765217,1.672734122106,-0.300240348680253,-2.78301108805298,-1.88484243991678,3.79256535985687,-1.46047112296734,-1.31277627644381,-7.07736060637589,-0.299466316598551,2.4932276042067,6.24498710234308,2.97174936407353,-2.67995024218857,-0.0308799718381793,-0.106994395673876,-0.250050303584088,-0.52162653336055,-0.448949514169716,1.29164648168516,0.516326673768638,0.00914628141124173,0.15331763551135,0.68,1.0
77219.0,1.17393720212546,0.286214117259266,0.721325874952281,1.18127741792096,-0.299531194532229,-0.250885851119982,-0.12342173731195,0.00214330131423181,0.0604319205641688,-0.026329803300513,-0.0873268039648543,0.546297399795031,0.519816411260292,0.15557363536855,1.29810739908906,0.0508975912230489,-0.299133988510253,-0.602415396897803,-0.830249822123694,-0.142233643316783,-0.0469830984603701,-0.0564928113533052,0.0600219713679606,0.0693072727377148,0.356160654898637,-0.450596646286857,0.0539326361445381,0.0288447995935414,1.99,0.0
21046.0,-16.9174682656955,9.66990017304097,-23.7364434105216,11.8249902296814,-9.83054822917941,-2.51482887310345,-17.2906566748216,1.8204078670595,-6.26490348784789,-12.9166361091709,9.56711029521397,-13.7170673789468,0.899540705915631,-13.2729650621928,-0.402260044266312,-7.75409405936683,-11.6446032058862,-4.74130270962407,0.58462597267458,0.996745095162688,-2.33611095619483,0.972754726208974,1.24186581168063,-1.05108624820763,0.0380090796054737,0.672317065099677,2.10847085205046,-1.42124325273233,1.0,1.0
80749.0,-2.09595883917046,-0.670173759585983,-1.53457781030439,-0.669258681898268,-1.92263369972659,1.49354658342679,-3.27917750902232,-8.48303334787765,-1.59866026262541,-1.03160461341347,0.846478392473319,1.37975446832944,-1.13997442723935,1.71765569957779,-0.944019892972004,-0.778998360393843,0.505370755986031,0.432181728878936,-2.04688807404313,0.45383625586488,-4.34342143552492,-0.135186936590782,-6.14017564047634,0.442327139821757,-1.55102151539117,0.769595103398296,1.02607599839719,0.174844199772125,1090.58,0.0
111817.0,-0.661115585343338,0.202902742420875,-1.15365483109787,-2.15587212333452,0.470377595247471,-1.72880871669922,0.837708413060793,0.0282335424691102,-1.66280187040251,0.0227502848436549,-0.803383113833454,-0.977664841672393,-0.612666028264922,0.694922473660847,-0.834667990031097,0.629678027563093,0.372448893563171,-1.65121240752138,-0.321436583206342,0.132639805481599,0.564793324486446,1.2833640380831,9.86920371448097E-4,1.12136448570819,-0.241589791611119,-0.208435595509675,0.245291834388492,0.152710559241105,62.41,0.0
55317.0,0.324995198482317,0.136138479620959,0.622494801701377,-1.29282930821407,-0.0487892585600597,0.0125966066753225,-0.35021844596874,-0.653504878626653,0.277879733103948,-0.479046146772875,0.127590193114108,-0.0262672353827493,-0.973459885710669,0.454703022886569,0.149127090421318,1.37267808065321,-1.27442904192953,0.493968314233842,-0.254043108923547,-0.292959358506453,0.576670338331523,-1.0060309967623,-0.240878908445323,-0.834334684666195,0.807270381925438,0.880574818768082,-0.0544798322575588,0.0605176415031415,18.0,0.0
26931.0,-22.5616992591298,13.2089042844176,-24.6438187771226,6.23253182330679,-16.905611362323,-4.49743871970001,-16.8101841919321,14.9551067734604,-3.87129682308601,-8.58126551626339,5.25698760960799,-7.39361499215009,0.538800829120431,-7.57755201800709,-0.030725531904052,-6.45478323655342,-12.8456565242928,-4.86591773720169,1.06244185030067,1.62144422472126,1.76598663639159,-1.6355166467436,-0.998316503452087,0.138972227361725,1.55935014018173,-0.22212451669,1.5044246600224,0.445919826109776,99.99,1.0
58811.0,-0.940688748859404,1.34961723102932,1.12721512354946,-0.0400350091691346,-0.0995931164607757,-0.728803310648002,0.589074382282399,0.194845408530516,-0.325759823833971,-0.0262857734286591,0.0868835465449191,0.480274986058053,0.450371780832833,0.184154892312171,0.853443330887657,-0.315080983061005,0.0557501776417981,-0.952553856904567,-0.495583107567607,0.160423593196464,-0.109722231328335,-0.0524396999010449,0.0989171461240939,0.405610963352508,-0.571424055870401,0.0642984932445648,0.193045906907516,-0.00820878215544392,7.36,0.0
79240.0,0.451833013257999,-0.927743054987166,1.56255374346028,3.08797593902424,-1.33710665489264,0.8304424998107,-0.481250526504644,0.331338904597804,0.26695024055099,0.376863774789242,0.574623757601009,1.19688145887895,-0.0484759167258654,-0.565341298998663,-2.03226261916923,0.39574160647511,-0.239978963270746,0.142578619260814,-0.446384146980394,0.444326154229807,0.136362580543355,0.00505931156739246,-0.255377711401194,0.566783077083304,0.216410778625652,-0.0278032385785781,0.00304754148542889,0.0802677726643342,302.65,0.0
69376.0,1.17652093398633,-0.10431554123244,-1.16272812569306,0.107879671921283,2.09283640863964,3.43860862594822,-0.424945956984779,0.806313090765145,-0.11832498746057,0.0910671198095833,-0.181337516121376,0.0164811843362305,0.0273210397453927,0.452070426855074,1.16912814681775,0.53522678228552,-0.990868530696855,0.378446585828745,-0.118971566960599,0.0982653180734709,0.0145971343237635,-0.193031810527711,-0.159198234827324,1.00234324998958,0.749419697791075,-0.319722757514114,0.0140156261492079,0.0273293007698931,60.0,0.0
14152.0,-4.71052878230567,8.63621438967976,-15.4962220036783,10.3133493732845,-4.35134098287048,-3.32268873543923,-10.7883728387388,5.06038112024979,-5.68931118776998,-11.7121866242875,11.1524905985837,-16.5581971409376,0.302644522406362,-17.4759212828566,-0.412393267331071,-10.222203169604,-13.7991476446987,-5.00858517858957,1.16202614780693,1.43423977941906,1.9905453513529,0.223785002572736,0.554408428563337,-1.20404159623154,-0.450684594730258,0.641836059375492,1.60595762479265,0.721643614506061,1.0,1.0
79351.0,1.22651564809027,-0.459813479675138,0.779090962695875,-0.911170405258516,-1.05604269723373,-0.329505546256613,-0.731057672384926,0.175497345900052,1.6924612876538,-0.889494530725095,0.844935032349012,0.941263833998187,-0.78332776740744,0.170450248895384,0.674141890115691,-0.116874625416264,-0.47400317328413,0.877843808730814,0.973989722455713,-0.14985249822836,0.00956686085261601,0.207791265846194,-0.0800835715797859,0.00764557274950124,0.489671392690855,-0.681296589344952,0.0847255578412251,0.0202546414568557,1.0,0.0
22262.0,-0.655631353525707,0.830125631848772,1.47859092608787,0.339044025897186,0.526502552537216,-1.05783742792641,0.815155174233313,-0.211472330787684,0.827602077551303,-0.983221906826036,0.204277736924422,-2.80668864031423,1.11029521159301,1.7890252881158,-0.446163526976715,0.183847399995408,0.0689671201535465,0.292510010313382,-1.11558062499657,-0.131431735034961,0.0204585532813285,0.152847809533383,-0.105693381883301,0.304176686152842,-0.0205774400854237,-0.571720485724741,0.076800690161095,0.141472466057059,28.95,0.0
85291.0,1.31336424365759,0.0785074050277037,-1.29161017715527,-0.484039748617382,2.14033192024224,3.18117166924895,-0.506491527233482,0.805143169124163,-0.0739424458503442,-0.216917872898073,0.131560596266759,-0.0281910447578133,0.0112654570903958,-0.113167885293165,1.29987001707385,0.812663649777901,-0.495515788576404,0.166249784711215,0.175524358966493,0.0305143826062908,-0.343336709300022,-1.14792826774824,0.0962395414951102,0.9460653035335,0.370113137780001,0.110741922333798,-0.0216306540039611,0.0234485892419911,0.89,0.0
62137.0,-0.360026194368901,1.12157338271789,1.19206729798353,-0.1372927097582,0.306080197954085,-0.455793381050948,0.646920953616474,0.0568685752662996,-0.733497675532882,-0.361677601803204,1.30797822894537,0.856965713196508,0.759257509887312,-0.385489341294163,0.143953883756553,0.643127084195352,-0.399679148988646,0.381540576705789,0.317570182001436,0.177767669168316,-0.226089822101793,-0.582328690579513,-0.0764448581866911,-0.0296998710565962,-0.124425957568682,0.0725286504789356,0.245858695444927,0.0862039078492224,2.99,0.0
62059.0,-1.64440309669641,3.1298519330804,-2.57697682172296,3.41557336328899,-0.448525407316687,-1.24189285626533,-1.9916521878557,1.00266488963021,-2.8090712430123,-4.15369240632128,1.39818511854919,-5.65326970240352,-1.23369413839885,-6.332512814541,0.458714800173025,-1.98360960777769,-4.92916202340023,-1.03848208531443,-0.133819199948815,0.290186829391141,0.417762091477206,-0.648575871519649,-0.318617393380036,-0.680412931832076,0.389868676205949,0.0557502963989842,0.394681955439504,0.298820725838569,6.62,1.0
102625.0,-4.22122078925031,2.87112058054735,-5.8887158872207,6.89095207502484,-3.40489435037622,-1.15439396843915,-7.73992801001653,2.85136330092288,-2.50756869395709,-5.11072764247853,5.35088988417692,-9.29980722738699,2.79314035729228,-6.10655192524523,-2.10694702580884,-6.25062921491661,-13.5663252216994,-4.19278019670633,0.510570181831806,-0.227881506131312,1.62059124560534,1.56794700869044,-0.578007459600926,-0.0590448081819941,-1.82916881940751,-0.0724287202294822,0.136734308772186,-0.599847542493268,7.59,1.0
21046.0,-16.9174682656955,9.66990017304097,-23.7364434105216,11.8249902296814,-9.83054822917941,-2.51482887310345,-17.2906566748216,1.8204078670595,-6.26490348784789,-12.9166361091709,9.56711029521397,-13.7170673789468,0.899540705915631,-13.2729650621928,-0.402260044266312,-7.75409405936683,-11.6446032058862,-4.74130270962407,0.58462597267458,0.996745095162688,-2.33611095619483,0.972754726208974,1.24186581168063,-1.05108624820763,0.0380090796054737,0.672317065099677,2.10847085205046,-1.42124325273233,1.0,1.0
102572.0,-28.7092292541793,22.0577289904909,-27.8558111336212,11.8450129100508,-18.9838125824286,6.47411462748849,-43.5572415712451,-41.0442609210741,-13.3201546920984,-24.5882624372475,3.48195180343701,-9.12834128617468,-3.00825547830858,0.796579962453559,-2.1022985205307,-5.66036644069929,-13.0327849564566,-5.39234917412895,-0.901040817847599,11.0590042933942,-22.7976039055519,8.31627543891357,5.46622995370963,0.0238542303884927,-1.52714472319428,-0.145225187134896,-5.68233823990698,-0.439133675051458,0.01,1.0
39729.0,-0.964567282813312,-1.64354066791439,-0.187726849232163,1.15825311047012,-2.45833564593802,0.852221660377025,2.78516254594393,-0.30360853861401,0.94000553101046,-1.96530880945923,0.159743522312315,-0.490697387341298,-1.1819769933833,-1.95887596969497,1.15274328622613,-1.34126935794233,2.49832484974359,0.777831088916474,1.4060448737262,1.78444933498197,0.447180121733859,0.536203895046365,1.63406050110051,0.203838849073356,0.218748854725954,-0.221885828382479,-0.308554718022245,-0.164500017914328,776.83,1.0
55279.0,-5.75385192191905,0.577609830544052,-6.31278151817008,5.15940136394611,-1.69831984974091,-2.68328644007023,-7.93438913772177,2.37354992013064,-3.07307886895315,-7.14513662527302,6.25006758982915,-9.15082268467043,-1.37614146959781,-9.98258470738767,1.2022169675584,-7.56504249195105,-13.691474448179,-4.36686728138342,2.18142273556017,0.0175000205275833,1.17785240817647,0.175331359039045,-1.21112332108691,-0.446891081681294,-0.405520352964176,-0.165797490498776,1.50551591304239,0.359492050360598,1.0,1.0
69864.0,1.03517736628368,-0.431032143756555,-1.71619919776092,-0.521257815207597,2.18043649594614,3.05928501016764,0.0472107557858074,0.638379208822476,-0.330222599744396,-0.0666360724157118,0.0124856583672932,0.0883370183520864,-0.040314379776363,0.668232377656035,0.973939734262686,0.376439708521809,-0.741882244573693,-0.397771975540524,0.431320865548506,0.337846780111993,-0.342497927453077,-1.53365999635633,-0.026464899839083,0.997706931153581,0.386019638265688,0.137062721132926,-0.0916473835238132,0.029974780617782,163.8,0.0
39575.0,1.38970007513676,-0.765394592104996,0.745406480922521,-0.536585898528209,-1.24704941294294,-0.239962527276182,-1.00039399048951,-0.00449870860717537,-0.0640257945345284,0.47233565526222,-1.12886689224524,-0.534535778168286,0.262860514148128,-0.770138017811443,-0.176617261461613,0.987141149300408,0.348983276280697,-1.08021311968787,0.843204246018822,0.0873391843779039,0.241365386841021,0.833898124428179,-0.215811454057213,-0.0487636375262785,0.662734363877445,0.0271096514956299,0.0401193672664233,0.0150260844522433,14.97,0.0
62698.0,-0.534420245354767,0.918203896072307,2.04226580275915,0.455936848920354,0.0322302280711429,0.639125923634986,0.0834296449332168,-0.890892094288634,0.473683273846777,-0.27623946420481,-1.37737980349207,0.574662462092885,1.39117147277557,-1.00833640164075,-0.0972278503263551,0.0829065700941671,-0.663292777571189,0.190154023382991,0.22930968910894,-0.0956866106666781,0.692664024843678,-0.084574007684336,-0.182047586327709,-0.430579899899134,0.117894034204211,-0.435793083447322,-0.152141834444896,-0.183264190869412,9.99,0.0
84204.0,-1.92745281973369,1.82762056700016,-7.01949468454197,5.34830323951426,-2.73918788004738,-2.10721929638307,-5.01584797563431,1.20586815982046,-4.38271250852199,-8.33770697381781,7.19030608944843,-9.42484446049178,-0.223292646427513,-12.8754942229841,-0.071918160688794,-6.2999613976222,-12.719207160428,-3.74017615583058,0.844059610296466,2.17270905626492,1.37693832294098,-0.792016725563067,-0.771414187530036,-0.379574271539528,0.718716522008066,1.11115125599517,1.27770725705846,0.819081152045361,512.25,1.0
85864.0,-3.36526491864606,2.92854110729003,-5.66099919906905,3.89115992835328,-1.84037510965314,-1.80088720390662,-5.55867935318221,2.40232168278639,-2.84892272106495,-5.99567612703198,4.22130410784879,-6.11966735264192,0.0230135705891201,-8.14932178394224,-0.301351931335019,-5.37528289323615,-9.31500138499105,-2.48756256913711,2.35591891159776,0.57637946532203,0.875260063301294,-0.102501391250503,-0.606282749133978,-0.743164794295893,0.096318936065612,-0.135060497401362,1.23869473001415,0.0998237563444676,1.0,1.0
78685.0,1.05423450493448,0.0744591594261572,0.480627333500919,1.34698890734295,-0.215263810202076,0.0385318920340084,0.00613580234114436,0.111844243122041,0.0140720725917759,0.0310127161919512,1.3441548484298,1.28628346734729,-0.246686295199372,0.280837021025532,-0.805757999242011,-0.582278790813568,0.0874923498760265,-0.543379428884933,-0.163526194688483,-0.129536931937931,-0.0200402504441364,0.0788745244845877,-0.0736289601025273,0.24634032894581,0.595869322022661,-0.345805676700299,0.0311076701364293,0.0127287094596921,36.0,0.0
118109.0,-1.22993252184201,-0.433426575095419,0.241024986043339,-0.640967185993967,1.44703282703864,-1.71150840240162,0.534195415048106,-0.294620104492617,0.200870284862974,-0.434155350557023,-1.15856935151065,-0.054578972366311,-0.332990696124197,0.0923946216597704,-0.579129417284113,0.209626715032901,-0.67927024546395,-0.7329767111339,-0.458100255455905,-0.555302557248979,-0.299855746985518,-0.645525553756083,0.331742433457194,-0.115954646001708,-0.351852734151709,0.049474780716466,-0.174597761882196,0.125661856943906,5.99,0.0
69183.0,-0.60035829309755,0.103485464319075,1.7737417401425,0.207666367118328,-0.454919925151822,2.74776170202477,-0.131993029974913,0.746626447267511,-0.08495572646081,-0.268090585832526,1.7561182172195,0.708156081851369,-0.0837369572624238,-0.0338091357648286,1.85639331979118,-1.30242887244445,1.18385396372549,-1.04037579714968,0.585801377551194,0.0919168110634718,0.341498258959728,1.27301372271349,0.0497346395184138,-1.22627290892287,-0.933072680490935,1.41531244987784,0.105988141419317,0.0858927053080643,143.62,0.0
27154.0,-3.13703148474708,2.84934053363991,-5.22262720189327,1.79678472826632,-1.25517993455647,-1.42047786607147,-0.987927699016737,2.4711144532801,-0.106472950694353,-1.07843983607944,-0.515619258915189,-0.557242526432194,-1.27422088143533,-1.63573764284084,1.48943090769623,1.52529566761805,3.96144164985648,1.56639104900593,-0.780020272342838,-0.0782274997116771,-0.112416836363422,-0.573516146965986,-0.0366728498050031,-0.789308307567345,-0.225819669062606,-0.321129433963917,0.13960494416003,-0.225193375243034,89.99,0.0
41920.0,1.11329504569158,-0.105707951101677,0.977222076356378,1.31083043421965,-0.703978826872972,0.147394613096016,-0.517069748464041,0.193528081198966,0.873445555445366,-0.199839330294264,-0.711141123593195,0.185218360621945,-0.646347392978808,-0.124216873429375,0.375123196687346,-0.360243448168179,0.127308069714697,-0.373963224006488,-0.590880177076707,-0.196677160775199,0.114610943625692,0.558758369855051,-0.109030399802379,0.100333583545508,0.555211582171246,-0.184931148113707,0.0711307736864912,0.0266096373993903,16.36,0.0
113770.0,2.07363787742875,-0.131171440131258,-1.14836692116021,0.391800303812704,-0.169696612593603,-1.15614782935024,0.105452674396855,-0.262612945715399,0.718925207985459,0.106365280394546,-1.06136870824755,-0.197303979245688,-1.01436346267067,0.486090958288675,0.171819640910809,-0.0105043281351483,-0.278634858959775,-0.686232630843352,0.209471449380826,-0.292211852409077,-0.312209694672906,-0.816203271700172,0.336029019653731,-0.140646782796511,-0.315720764044406,0.20888034885728,-0.0779731165070995,-0.0639618485856697,0.89,0.0
64443.0,1.07952397806913,0.872988038728802,-0.303850487243895,2.75536885087579,0.301687623167546,-0.350283737195093,-0.0428479677130716,0.246624608381391,-0.779175595769242,-0.157696445821874,1.92856763203456,-0.935863286411531,-2.43144644518658,-1.63347202401986,0.534336652706283,1.42560550367097,1.59352878606579,1.17846784575361,-1.56869755794851,-0.252115099030468,-0.023254784527163,-0.158600833910515,-0.0388061577093773,-0.0603272546840962,0.358338898397498,0.0769835703935526,0.0189358319830432,0.0605741494833015,0.0,1.0
62341.0,-5.26775974325256,2.50671895922695,-5.29092481764433,4.8861341982102,-3.34318841087649,-1.10008548506579,-5.81050918581537,1.72634335514407,-0.749277159995058,-4.83482799462627,3.54601225001006,-7.75128547808951,-1.19569394502348,-10.0185024459282,0.29639612212368,-7.47716172698803,-9.78580026201852,-4.24397714797126,2.68112678165858,-0.286043269744833,0.764265624858483,0.473261684078133,0.54848172305712,-0.15685005182413,-0.71018694460215,-0.366422677340972,-1.48676592030738,0.677664104601632,1.1,1.0
60530.0,1.04544359422653,-1.02487384835129,0.685314189472601,-1.95759390471336,-1.43151031975202,-0.434774667192996,-0.795401578254226,0.223447894503821,2.3684225059459,-1.49827479331482,1.57492974363303,1.18756806454807,-1.28769124852663,0.328933505706481,1.33550997754761,-0.958419005149914,0.164021767627711,0.550201794618042,0.849517184133618,-0.0571851991020352,0.268702113092785,0.882561404613616,-0.165326551186548,0.249863539347852,0.484066887452234,-0.643803159954556,0.0974631660635102,0.0297782116232565,74.93,0.0
37414.0,1.0767869006194,-0.179628776481076,1.12022959897129,1.52020684425669,-0.466351177674159,1.1137311785425,-0.644492732648254,0.446139825561793,0.991422887688035,-0.247962964628278,0.324370365841047,1.64569772332737,-0.138533686447878,-0.598889225557736,-2.39847375444365,-0.862926071871278,0.395037520840373,-0.772341565625752,0.589495538717848,-0.194762705327553,-0.388866760379816,-0.650072210767216,0.0372782619131638,-0.296869436390594,0.448052117287389,-0.506416665907431,0.0897183755883969,0.0140834298211804,2.0,0.0
85285.0,-7.03030814445441,3.42199090467553,-9.52507177254752,5.27089100906596,-4.02463027558805,-2.86568161775739,-6.98919473439446,3.79155093755913,-4.62273033596451,-8.40966487562735,6.30904400603177,-8.57676143258937,0.246746716929862,-11.5340460181508,-0.3642651387587,-5.45249465771382,-11.8875700201872,-3.56358481007011,0.876018768156628,0.545698040621445,1.10339774484256,-0.541854751589521,0.0369432219896495,-0.355519004066217,0.353634382097,1.04245799282131,1.35951563156376,-0.272188101257294,0.0,1.0
76359.0,0.964625189173922,-0.298052169290495,0.87428072522713,0.577342695668431,-0.190907649100773,1.29906562123876,-0.649020525010066,0.489475516865154,0.514478957665702,-0.387919918999048,0.74197924603398,1.12881823267358,0.576098407500522,-0.160711970953991,1.48427846830302,-1.24584277476574,1.05085939639621,-2.25320429905494,-1.83441384066058,-0.153717344609501,0.248804480092144,1.00960745130182,0.0455631603969348,-0.536230430106229,0.109554297276838,0.710487888459427,0.0604867620389339,0.0109511595702371,31.1,0.0
77154.0,-0.715413746430203,0.608590312773943,1.15550089022062,-0.267565092666965,-0.563747540811752,-0.618897959603515,0.698307698659261,0.0698369023541396,-0.133341030527008,-1.02533539256113,1.50062918076179,-0.417898026653376,-1.59029515148629,-1.07499904137371,0.288234297659522,1.37776850908719,0.22388685433899,1.31107267514226,-0.896071786353489,-0.186977992930248,0.130748607589043,0.239389294462508,-0.0902274074581911,0.411572390517299,-0.216125965872995,0.353896329216255,-0.0623612631790606,0.00843300173166346,129.0,1.0
109297.0,0.745153216872909,2.80929887414381,-5.82540635746786,5.83556642595055,0.512319881201007,-0.615622343185995,-2.91657564356736,0.776710041712962,-1.87883185000296,-4.54693575081085,4.69879549591235,-8.50778570734412,0.718249309268122,-7.62871014660448,-2.24957848303647,-2.55866861696795,-5.30462366328046,-0.956938449028105,-0.585321852047277,0.40283675391689,0.284840710005163,-0.874383479410998,-0.0839950451669313,-0.651441658316508,0.454593823671078,0.0503758982755266,0.756952562644727,0.383868938615243,0.0,1.0
93853.0,-6.18585747765758,7.10298492227346,-13.0304552638937,8.01082339822486,-7.88523736131971,-3.97454999359808,-12.2296077786617,4.9712317023058,-4.24830701294998,-12.9654812039222,8.68830799242781,-17.1829184301947,0.0695769150313325,-14.1161560074304,0.959031717400206,-12.3753337375636,-18.716764511809,-6.52201457322122,3.51795494036344,0.483930108481186,2.50277241039945,0.481691289576756,0.480957977547458,0.360318638811951,-0.293354295977635,-0.199193157971208,-0.203917328209747,0.398927185850218,44.9,1.0
79454.0,-0.944101208310868,0.853410528628215,1.25975480084061,0.172203107026189,-0.52319128990358,0.136827702509185,0.086061294355529,0.74774389106252,-0.178668217658406,-0.55151919609293,0.83856086362555,0.705355626055266,-1.06560410814415,0.41813344391853,-1.06695282362775,-0.490463212503689,0.41068595983142,-0.248906792741269,0.17368811402383,-0.052243086857114,0.123977341007945,0.469938993816914,-0.00279175070455043,0.250507583936563,-0.257619892142598,0.366856717902641,0.229619891754886,0.127628337569953,39.51,0.0
28547.0,-0.547986792896719,0.446931165499561,1.60429847139947,-0.265708964254799,0.0849557757071166,-0.622799372771642,1.89063397243099,-1.25725290668687,0.335431480782564,0.943340320957912,0.166317620717804,-0.205604760636634,0.552345265634644,-0.884008805249936,1.23953237960738,-0.449177484936262,-0.545405548416622,-0.607271596491586,0.915226088715926,0.254445218878842,-0.389592076646977,-0.131872994190827,0.0383574818413911,0.465719367298852,-0.780597994942216,0.687383444450058,-0.607910451307069,-0.711537754698381,119.0,0.0
37765.0,-1.81083244860756,0.174481168884188,1.52830849008596,3.13110633204396,0.585337744923631,0.965923113931491,-0.334753769930065,0.894847006706719,-1.41628641456601,0.507681223526905,1.02285349703521,0.466890554432158,-0.649950235014047,0.601344507449799,-0.0530612774384452,-0.775499397383606,0.92299542981263,-0.562328903608418,0.86529578712764,-0.149104801489775,-0.0126225168214032,0.101755439090874,0.632499316903783,-0.311861979197265,-0.123537315818534,0.198817063426132,-0.00297230916078085,-0.0463401665363446,34.86,0.0
61156.0,0.98104690798178,-1.76429263249316,-0.123919792579658,-1.33103245664746,-1.44526197430837,-0.586015075074984,-0.431597682262201,-0.186887983610919,-2.28757850258471,1.47914787160148,1.0218568592547,-0.35729298286349,0.161348949818636,0.164908958381219,-0.111736064042987,-0.0896101839258033,0.217193259016435,0.113924871947519,0.352416928592628,0.222874688749171,-0.454448397212303,-1.67741494126414,0.00249746792715054,-0.0729933901950855,-0.0101367586283998,-0.667054606715203,-0.040139949817066,0.0580584858444536,286.35,0.0
93879.0,-12.8336314219519,7.50878980635543,-20.4919522106577,7.46577999198461,-11.5753037055975,-5.14099947650773,-14.0205637048257,8.33212047126021,-4.33771253089739,-15.5637913387301,7.61081978841573,-15.5923232225286,0.504789055226229,-13.2478885958622,-0.796526030140245,-10.3423283585648,-16.0445243414767,-5.8821359384126,1.57369789640089,-1.37892322363159,2.96684240389381,0.615344322057327,-0.766494757432984,0.431261005079751,-0.104974994617143,-0.0100913270781415,-2.4008113496639,-0.720556600051925,104.03,1.0
57163.0,-10.3630494651588,4.54367201286394,-9.79589773551539,5.50800333404763,-6.03715599427489,-0.133492972364907,-11.7243461176622,-3.19834557193323,-4.76784222430147,-9.33212806886128,5.2241240042156,-7.74312234505579,-1.56034320038539,-7.14041803349475,1.18597782557697,-6.59870406570123,-12.1205390025684,-3.90409153348034,2.51343040062446,0.924396179705582,-2.45714487251707,1.68725664165106,0.977178353536712,-0.543368976583511,-0.289124786926125,-0.107586425389056,0.330641897772597,0.163577149556086,1.0,1.0
8408.0,-1.81328048476897,4.91785071056565,-5.92612969400656,5.70150043141163,1.20439257214362,-3.03513754815611,-1.71340206347108,0.561257390902032,-3.79635425171163,-7.45484065078351,7.38805512292025,-10.4752286504099,-0.379314526756117,-11.7367291212569,-2.08698895215593,-2.44235398293755,-3.53552351168246,0.130360306640887,-2.07145048844325,0.576656033332069,0.615641835107552,-0.4064272753179,-0.73701807643754,-0.279641772215917,1.1067663744335,0.323885477719453,0.894766671515833,0.569518600269514,1.0,1.0
120936.0,-1.26647370769477,1.57663861343004,-0.0143022544772549,0.873397005865008,-0.178868107295265,0.0974792853536354,2.53722188907775,-0.38346469907263,-1.07522228444125,-0.236647049043768,-0.912157867434358,0.418705175217218,1.11064487724264,0.201331829935095,-0.190720921003159,-1.1033449002748,0.163925315851738,-0.474582907625815,0.931549701731458,0.00828113870807592,-0.0408750161320726,0.40631548638351,-0.553407063110863,-0.0951197751961255,1.23503201229881,-0.20404720509056,-0.0825782256631611,-0.275904467394418,263.99,0.0
36387.0,1.02731852205288,0.528345004664429,0.979001790293376,3.64874888863427,0.183303287636601,1.08915427599525,-0.195649773720286,0.373677382565618,-1.07733971184071,1.17192320074765,0.562765708174802,0.514061198494826,-0.363722862653337,0.121647555538244,-1.39263117270994,0.654988653673857,-0.468335767048808,-0.531639751947254,-1.05862739257652,-0.195090813475775,-0.231202968736424,-0.639307951576767,0.0737369248679141,-0.3534878506893,0.27726595285937,-0.153440928018809,0.0157626105034191,0.0144955388665073,15.21,0.0
5874.0,1.08138263022048,-0.124786233715612,1.25279646672954,1.31872128258458,-0.60708894718029,0.805587402377895,-0.909191962117998,0.379472003859089,2.10436758036,-0.416879997151561,1.59297616911546,-1.95398740915807,0.508650845224539,1.50409426262659,-0.860181889050447,0.101631250432442,0.45657452185313,0.502832296014118,-0.353955323846766,-0.247603930322035,-0.164667614839565,-0.0877621251076083,-0.00745015210969151,-0.389099601541313,0.292854184568354,-0.412083658346776,0.0496069277790935,0.013576101840626,14.95,0.0
45368.0,-1.95578257626545,1.7965853799853,0.861313618542663,3.30889929766771,-1.28643955983619,0.259701324816945,0.434870113254691,0.490080280030814,-1.67119035455336,0.829538736387467,-0.754289750224553,-0.527244780921303,-0.0128890614758882,0.802106110245029,1.74186282249978,-0.0363856447401344,0.559720940547995,0.328618317106693,1.51227225726395,-0.459129151870499,0.132031112690522,0.37843843730236,0.0117622321820498,0.410227825682204,0.224143354419316,0.422000977379122,-0.646489280409498,-0.0710026642734854,153.19,0.0
94952.0,0.842025258809961,-0.365518405631879,-2.46406333105633,4.82088596439253,0.775505434320733,-0.614784604613805,1.36802439952459,-0.526261741999926,-0.121356446796038,-0.357616193093852,0.637766685379952,-2.81888227036892,2.36059541417279,-1.10869894034456,-1.44995109474769,1.57373987380152,2.20265154365361,0.800471466568041,-2.10358290329291,0.944915098074741,-0.110621878759425,-1.25780002613606,-0.324418362936717,-0.420020001036393,-0.219501077925226,-0.268872635957687,-0.144582319033867,0.104464060190998,571.48,1.0
114798.0,0.0957993938856427,0.932879491301785,0.0263884838713064,-0.759116237484694,0.837208715179689,-0.698856979281194,1.08065226718359,-0.228299198827538,-0.169052251379904,-0.444304339739121,-1.35176375941859,0.510751335049112,1.26274496395818,-0.154471713416752,-0.477050995493603,0.0554974104498414,-0.724632798065756,-0.661630885595657,0.168659457331015,0.0566767391940324,-0.292880224408684,-0.605714342361865,-0.0283453976076521,-0.630743448826049,-0.358624045575071,0.177324138303927,0.253557477833932,0.0928000509913303,3.99,0.0
93823.0,-3.82193880087939,5.66724730913206,-9.24496345774236,8.24614693395311,-4.36828608664298,-3.45073451820581,-8.42737802930292,2.30560850484611,-5.33807918394682,-12.0111608836062,8.62125508140256,-18.6837146333443,-0.962073428413392,-15.2976561861343,-2.41413212341002,-12.105602245184,-21.3381950868483,-8.04543571561822,0.15601503277122,1.11524688892983,1.99051970513882,0.0833533215963405,-0.0622635530228708,0.390187802079359,0.329883884451897,0.0980170825531413,1.86957016296191,1.00084956292018,75.86,1.0
64237.0,-0.377494953581126,1.08509325161777,1.28708120349433,0.0737938049544706,0.0580916305325479,-0.990570672561009,0.719618904731949,-0.0799503279249301,-0.415668979613461,-0.518368269239839,-0.192386882304839,-0.00517956744428896,0.261158792078547,-0.455164624380816,0.880649173534754,0.377909744996341,-0.00118026938093567,-0.150481435257835,-0.0915337311684183,0.147340310368902,-0.255478525536311,-0.681327427001699,0.00584961416444157,0.331584692391889,-0.1508079520581,0.0715228066008188,0.242878216395173,0.0997709042094257,9.99,0.0
74191.0,-3.75662472579491,0.706945921854885,-0.886644269978466,-0.157640734028974,-3.45365471845672,-0.0649455042660567,-0.385892874636258,1.91973691068156,0.417803702556581,-1.43861014310237,-1.7592300574741,0.940340177230781,0.0787195211231715,0.715317422749785,-1.05080694514596,0.859693788424199,0.591768595311485,-0.352628182266495,-0.222749549336212,-0.840814062035942,-0.0791557233140067,-0.173890775266319,0.335463874217347,0.496688628483849,-0.754057596909529,0.640950349576015,-0.167415320148794,-0.463097538269869,245.58,0.0
94364.0,-15.1920640113629,10.4325276778611,-19.6295152518171,8.04607504591293,-12.8381666152727,-1.87585874614533,-21.3597382791388,-3.71784952676935,-5.96978174909567,-17.1415136412892,5.90239975502551,-13.5801472568557,-0.45140689941267,-8.33476258691073,-2.02514468652193,-10.1963336944105,-17.2709851692259,-7.07909577930568,1.51769533116994,1.65747618417276,-3.47409650326971,1.76544551266317,1.70125678162665,0.381586805077026,-1.41341748729956,-1.0230778939005,-2.63476129227348,-0.463930546269812,1.0,1.0
41181.0,-7.33434102050082,4.96089229123138,-8.45140959148547,8.1748251681484,-7.23746372952055,-2.38271066458273,-11.5088418575552,4.63579753722901,-6.55776036636164,-11.5198609264142,6.45582813287588,-13.3802218737527,0.545279226790884,-13.0268638593173,-0.453594543596495,-13.2515419788937,-22.8839985767803,-9.28783221397402,4.03823050489431,0.723313822249839,2.15375502636012,0.0339216178167887,-0.0140949200284419,0.625249955306557,-0.0533903339689031,0.164708739959664,1.41104749421382,0.315644799820923,11.38,1.0
32225.0,1.19308857876958,-0.233935250153847,0.564766008167545,-0.211253190628688,-0.680871569405887,-0.270399725071749,-0.485049012288246,0.201287508757031,0.353571145796799,-0.0456118954579989,1.44296848968667,0.219141191171843,-1.43791786561993,0.646464552348701,0.963291461628676,0.378851422554695,-0.252709971209079,-0.192772615968039,-0.0306541659243555,-0.177075546125265,-0.0705509962929878,-0.266165759027616,0.129660740172762,0.0278660360136384,-0.0355417241725696,0.922086925216299,-0.0678477869216664,-0.00715151574961112,3.76,0.0
78446.0,1.11323704488549,-0.191495716443912,0.631896185945974,0.719043531625316,-0.881033306234047,-0.817545526358464,-0.20459343885231,-0.0719092575307645,0.469318719565727,-0.0621135573604323,-0.55188557635043,-0.410037705959664,-0.995663681743032,0.354326141383831,1.29259336898353,0.476582676980058,-0.408765822222945,0.0338267930865127,-0.325548180902556,-0.0357275561296602,0.0345948579329251,-0.0667976745616947,-0.0467856178704547,0.381613282530647,0.274701964072254,0.344257606606276,-0.0356606693967013,0.0287221130635374,69.95,0.0
29531.0,-1.06067628419757,2.60857946990866,-2.97167900258071,4.36008935234848,3.73885304346426,-2.72839507263672,1.98761635466291,-0.357344707416169,-2.75753451251209,-2.33593332652232,2.11151686706104,-2.59194964968951,-1.9505893546741,-7.31157981735935,0.0777527657738322,2.29060783198994,6.50927165018434,2.56997142628646,-3.28615008214787,-0.0890615369649179,-0.0631678773494982,-0.207385284031508,-0.183260817119722,-0.103679373403096,0.896178353364318,0.407386872028391,-0.130918311231478,0.192177382137495,0.68,1.0
29531.0,-1.06067628419757,2.60857946990866,-2.97167900258071,4.36008935234848,3.73885304346426,-2.72839507263672,1.98761635466291,-0.357344707416169,-2.75753451251209,-2.33593332652232,2.11151686706104,-2.59194964968951,-1.9505893546741,-7.31157981735935,0.0777527657738322,2.29060783198994,6.50927165018434,2.56997142628646,-3.28615008214787,-0.0890615369649179,-0.0631678773494982,-0.207385284031508,-0.183260817119722,-0.103679373403096,0.896178353364318,0.407386872028391,-0.130918311231478,0.192177382137495,0.68,1.0
8451.0,0.314596589729515,2.66067027657541,-5.92003738034463,4.52249960508858,-2.3150272861839,-2.27835165394776,-4.68405393631569,1.20227026523098,-0.694695511200349,-5.52627805985834,6.66243683071252,-8.52546492534563,0.742745446888019,-7.67866801029943,0.593070459066131,-4.47813659534324,-5.84426647937357,-1.1027307945783,2.17738568653903,0.562705643312244,0.743314023428983,0.0640383555765096,0.677841675250346,0.0830078227438395,-1.91103446375022,0.322188398435937,0.620866538820488,0.185030354728703,1.0,1.0
91407.0,-3.95120850670532,2.88180518239049,-6.42149029451106,2.43418142416554,-1.32732453838007,-2.12210598673342,-3.2275333300383,-0.68556047558208,0.775985124963588,-4.72309174576035,4.921657447038,-8.75277008726404,1.52019774197935,-8.5520227319441,0.351975957711389,-4.5340297530839,-6.46540863418339,-1.89030997911689,0.174840185624481,-0.669351428982036,1.41047856462921,0.279402820830601,0.570821171370176,0.65627101478476,-0.298600548903483,-0.407571358894306,-1.37870253026193,1.37913029153249,52.69,1.0
56098.0,-1.22966891678814,1.95609915073809,-0.851197959645561,2.79698655025108,-1.91397684079333,-0.0449344462262948,-1.34073935355915,-0.5555479867039,-1.18446766006311,-3.24510859732028,2.33832327000211,-2.82004218823068,0.763325773164453,-5.41958986916794,0.0414327925041231,-4.18075778829053,-4.2850705920981,-2.53645157282245,0.93023918577297,0.270459255150975,1.20805425987967,0.277611797272191,0.0192658003152734,0.508528831195383,-0.201182897226566,-0.249600419347595,0.562238742839488,0.0753085014191344,170.92,1.0
64451.0,-1.18881177952885,1.8462758673368,-0.25399679048695,0.969854982853591,-0.762699747206678,-0.713653340244793,-0.316106609895435,1.03523482253809,-0.922244597952813,-0.607881795095255,-1.18623766048383,0.446248901502882,0.612926318968245,1.09758274036077,0.912139482973442,0.168398910457312,0.131286070110209,0.256061741731787,0.474766309560834,-0.384322344184124,0.263021904636921,0.359197139227911,0.0186236640253205,0.043902081616812,-0.0488390045508884,-0.326261341237084,-0.541327222803919,-0.178261615643324,17.9,0.0
83944.0,-1.84307960481735,-1.85157105958883,2.06916668870957,0.804845700004989,0.790261890046055,-1.38558271358073,-1.10597082401808,0.307450891501241,-1.61814602150074,0.829582399295885,0.963811535737305,-0.174323874169984,-0.893694274740309,0.572874621974543,0.629506898309114,-1.30118545241938,-0.115439699985843,2.07730329071174,-0.125076831960809,0.257455628099241,-0.191690134441769,-0.94215748261942,0.650305973893415,0.394574942553935,-0.393960161862982,-0.577479252085285,0.0626274674888374,0.17819969446522,96.0,0.0
3273.0,0.756562893494536,-0.727500991713629,1.51526332200823,1.13349990874756,-0.552605443363783,2.49890503848613,-1.33504384104775,0.969528332705153,1.03090714818537,-0.29088487624065,1.66146657359175,1.39783790277853,-0.331570746073331,-0.273652941206051,0.616321574960485,-0.837757423461851,0.674183123554819,-1.05456587049759,-1.66559737638707,-0.125858514248244,0.386330388774884,1.34020979949481,-0.0570023243591768,-0.974991699443444,0.0920391660175014,-0.0856268709912991,0.151272469319052,0.0296979713282114,80.18,0.0
7535.0,0.0267792264491516,4.13246389713003,-6.56059996809658,6.34855667313983,1.32966566904142,-2.51347884762413,-1.68910220031328,0.303252800547589,-3.13940905736457,-6.04546779778801,6.75462544809695,-8.94817857893317,0.702724998099873,-10.7338541032306,-1.37951985681718,-1.63896011485587,-1.74635013628103,0.776744097926754,-1.32735663549015,0.587743219006407,0.370508651493253,-0.57675247317433,-0.669605371766238,-0.759907529538618,1.60505555017462,0.540675396428899,0.737040381683977,0.496699108168337,1.0,1.0
35926.0,-3.89658259167336,4.51835470349753,-4.45402724041253,5.54745334718879,-4.12145857265685,-1.16340665785105,-6.80505305303552,2.92835625399971,-4.91712959933528,-6.60046062150676,3.36784560815482,-7.88897751950988,1.68260346667335,-7.62865191597326,0.779245995683184,-7.53340432942796,-14.0646239413114,-4.96010863308331,2.52578492424474,0.757286726552078,1.69104203001122,0.920020577187708,-0.151103893232396,0.0110068782298363,0.0803032669086078,0.412191351423526,0.635788870982512,0.501049550484962,4.56,1.0
121238.0,-2.62892199481027,2.2756363708417,-3.74536934909195,1.22694819658893,-1.13296649495042,-1.25635309994595,-1.75241984877631,0.281736387178617,-1.7923429718137,-4.82077941422469,4.17609762346479,-4.61900987976999,0.742689541505504,-7.63696288811138,-0.197887605182768,-4.14039566725884,-7.60471483249934,-1.52450539738207,1.27132193138436,0.133106474791523,0.870729582435536,1.26947278909845,-0.265494007565328,-0.480548610900827,0.169665130870596,0.0960810570397914,0.0700362725602789,0.0637683649579152,144.62,1.0
41170.0,-6.49808616880785,4.75051466030858,-8.96655783136602,7.09885431317009,-6.9583762227814,-2.82212618665779,-10.3334056561063,4.03190730189525,-6.64877821018697,-11.6344144245911,6.87757089846463,-13.6976856184689,0.463040401836978,-13.0441824003561,-0.309229265664683,-12.3175797238757,-24.0190985475902,-9.33519307905321,1.95189049542104,0.568338010653019,2.15814308370257,0.1115103626317,0.216413836254987,0.584661255488016,0.760359507805524,0.0819723426822078,1.41506751068321,0.0351241448009389,83.38,1.0
47430.0,-0.427439377771191,-0.0954087508830734,0.657922630844897,-3.24954329188332,-0.048950616693277,-1.41625275118421,0.811697606039476,-0.334186764718575,-0.657668224774838,-0.913813514234196,-0.921891844158881,0.031396336482147,0.420448750215297,0.209710904503622,0.669310724478023,-1.91701339516827,-0.215498541567721,0.920577873442919,-0.0853712564446795,-0.358288532505023,-0.629219946912537,-1.46357188576258,0.0927033648394919,-0.198801637516804,-0.154957324162623,-0.488417025371537,0.0759886217555263,0.123836781197059,48.5,0.0
113033.0,1.95455983077655,0.0955047701053189,-2.20374666469948,0.959258940003222,1.03705293323275,-0.402928599573902,0.68524358983079,-0.229152985115194,-0.332608666302275,0.51711334766429,0.489441384172694,0.443890117384077,-0.545362425070177,1.07338915043629,-0.338719419333275,-0.0864644804608589,-0.79577059241911,0.23490749072809,0.00322867473418796,-0.153115401758003,0.171206245177358,0.396808183002573,-0.0831132843497801,0.209746835604244,0.472831693284714,-0.508935526328196,-0.0515939987064473,-0.0630616977429923,59.7,0.0
52405.0,-1.10682456780047,-0.344915580615996,1.21248407791974,-1.43174096849687,-1.9654905436217,0.657000296398502,-1.94282213167558,1.23884926067056,-2.08366915915868,0.987610447427744,0.46785805511911,0.283270486568002,1.00149118130541,-0.355660793160711,-0.585959624509457,-0.588699155575737,1.18747890437094,0.444604003242075,0.698646292476799,-0.262322595207224,-0.0532178069738333,0.208489986863003,-0.0232189603255939,-0.289398170512837,-0.222815519156463,-0.0968754124334224,0.0300900491033779,-0.126842926382451,35.0,0.0
8032.0,0.865847989129369,-0.137658722702195,0.464350774629421,1.45225272250107,-0.333408398218808,-0.129170407905161,-0.0123283439054836,0.00547625285336491,1.11260406240741,-0.219224186210409,2.48175620164856,-1.96400683413581,0.67368991830356,2.20853537872741,-0.149448784595652,0.024389271587999,0.416811660988011,0.320808677286402,-0.862699339968195,0.014879968243531,0.08702875327964,0.185529289775256,-0.167968355871327,0.149648124345359,0.438776286615094,-0.331353312004953,-0.0277030032346155,0.0264746720750117,144.0,0.0
32175.0,0.918141895928729,1.58577877942127,-1.94838753615469,1.33204743095292,1.62076157671605,-1.02796575383623,1.08992706935332,-0.34329711848065,-0.509385464181144,-0.828577058170218,1.88750905495862,0.0476068581208956,0.539047906318804,-3.72568592789187,0.397107042779211,1.15984071304675,2.13044743074998,2.16645778915529,0.187888794047109,0.249207759913175,-0.193827575377956,-0.12278955298593,-0.0811104094278069,-0.824392672578655,-0.383608512263961,-0.39806820071004,0.0936728439606249,-0.225373995458353,2.0,0.0
24425.0,-1.22599632846692,-0.513767976275576,2.18572682087784,2.04661142342698,-1.24134865972154,1.62185408240218,0.951837740888019,0.350117022685667,1.45705079634493,-1.1300164192317,1.53583666213697,-1.55333612983406,0.728872116132179,1.03766704793622,-2.72623119747174,-1.43107739834529,1.72194645671571,-0.127636248294478,1.24750260414924,0.746015175417492,-0.184738713147178,-0.551889454829956,0.850873419141179,0.118167787278027,-0.132825132589898,-0.479974716225048,0.0452804523138222,0.145694091253069,372.82,0.0
12597.0,-2.58961719821269,7.01671438495857,-13.7054072869097,10.3432280604117,-2.95446103475574,-3.05511578527804,-9.3012886151434,3.34957336071614,-5.65421202641103,-11.853866972601,11.6692047358121,-17.2286622386187,0.0555715664836118,-18.4937733551053,-0.304172113519045,-10.6294973901353,-14.4412111342765,-5.10548646597228,1.2702262705049,1.48885519236896,1.88773772551451,0.333998184533223,0.28765904061745,-1.18640640906644,-0.690272670076388,0.631703772210546,1.93422076005943,0.789687172212655,1.0,1.0
41870.0,-20.9069081014654,9.84315322329519,-19.947726046163,6.15578864849515,-15.142013159868,-2.239565648142,-21.2344631540976,1.15179506554623,-8.73967037069304,-18.2711681738888,4.67734929657245,-9.58356643737056,1.03516582361622,-8.19969002891841,-0.32651888245129,-8.37643882097816,-18.4854603221489,-7.58997395860914,1.1266403652792,0.396654845079575,-1.97719619445615,0.652931885295435,-0.519776859411322,0.541701730134149,-0.0538607606750096,0.112670774311131,-3.76537100922261,-1.07123831223447,1.0,1.0
26961.0,-23.237920244511,13.4873857909274,-25.1887729688701,6.26173255148578,-17.3451881651558,-4.53498915241687,-17.1004924771637,15.3746300252798,-3.84556677176243,-8.51176669710133,5.1385473219039,-7.22001986441493,0.615793286019405,-7.3272215995796,-0.0386320690669864,-6.33151509399145,-12.6888576275064,-4.84738160696153,1.02053587929144,1.63078748322503,1.76970812949114,-1.69197330547661,-1.04567292278161,0.143386499863412,1.61157707182701,-0.221575644736264,1.48123260638065,0.438124804842523,99.99,1.0
472.0,-3.0435406239976,-3.15730712090228,1.08846277997285,2.2886436183814,1.35980512966107,-1.06482252298131,0.325574266158614,-0.0677936531906277,-0.270952836226548,-0.838586564582682,-0.414575448285725,-0.503140859566824,0.676501544635863,-1.69202893305906,2.00063483909015,0.666779695901966,0.599717413841732,1.72532100745514,0.283344830149495,2.10233879259444,0.661695924845707,0.435477208966341,1.37596574254306,-0.293803152734021,0.279798031841214,-0.145361714815161,-0.252773122530705,0.0357642251788156,529.0,1.0
41308.0,-13.6807603221285,6.99038924197379,-13.7700011356219,8.694896899191,-11.4269679730732,-2.91984498997907,-14.5945615876748,8.62290473620712,-8.09069700355941,-12.7806339362021,5.3306013514672,-11.898065148453,1.59599290197592,-9.56016927087188,0.596403762858148,-11.3809956026059,-21.5368016259059,-8.48535580519493,3.51761050964655,-0.877391609905133,2.98955250855903,0.497598716647637,-0.509290299460639,0.732503456665873,0.280527953637944,0.280037142108891,-1.40668683562971,-0.663643363595055,0.76,1.0
96291.0,-3.55217282034342,5.42646054559111,-3.73181031980956,6.67906180701896,-2.18754337884152,2.43394023761172,-8.74811035885579,-12.1082840970182,-2.8563585144669,-5.66586179854092,2.54083553206878,-6.14705358343033,1.79689064160126,-4.32898899462283,-0.150037374792615,-1.83900466547168,-3.35463814070962,-0.282307261175205,0.148592393859995,3.79266672675409,-5.68899027177143,2.51097955615894,0.953932861684676,-0.542506228224687,-0.620152015985956,0.406012866709306,0.0230251633862463,0.164740605977244,33.59,1.0
88672.0,-3.85988078691481,2.63288131193679,-5.2642653095088,3.44611314661501,-0.675231056544998,-1.90495945391597,-3.2910408690196,-0.985766040904484,-1.16811416733417,-3.93629417027159,4.25656448730292,-6.60065448140166,0.00562637646602147,-9.9585309187018,2.47135790380837,-5.7001414199952,-6.38809273753128,-1.83815930102503,2.99317350708135,-0.178626358366056,1.66411901528299,0.785075271950043,0.0684124857414983,0.778960915978384,-0.863165919910699,-0.00680961441649656,-1.06573404007904,1.77332644564776,1.18,1.0
18690.0,-15.3988450085358,7.47232389650112,-19.0269123426632,11.165525840514,-6.89385628014845,-2.12093657486019,-14.9133299850456,-0.721214094320184,-7.1750966153358,-14.166794659606,10.2777688628065,-14.9854337328686,0.345179234077653,-14.6663889726541,-0.346352541965346,-8.33324249555463,-12.6025964553952,-4.87668342078337,0.604625910708604,1.11150221461014,-2.44488368228,0.727495341024629,-0.345078151264077,-0.981748551471828,0.995271346300177,0.816761717958274,2.26294237384391,-1.17806316323334,1.0,1.0
54625.0,-0.679487184864312,-0.119838983457102,0.403474884516513,-2.93025647037324,2.23593735345992,3.13037540025777,-0.308483754518504,0.891645478912852,-1.63506775664756,-0.107695550550715,-0.154328750040911,-1.0121639501445,0.0222610788727156,-0.119809647408785,0.385623885633999,1.66950578227777,-0.475572455506485,-1.11114523605159,0.528486428338341,0.282540541368094,-0.116958534573713,-0.799439607795247,-0.123053351840097,0.959162877288523,0.408969302926313,-0.586022347882095,0.0134811421711904,0.0608967635996158,18.92,0.0
63690.0,1.07623039893345,-0.648836798799458,1.38216134834661,0.819768440823905,-0.990408974818128,1.20173839594093,-1.1138972997775,0.43565177118618,1.48363984774821,-0.370571344257432,-0.30515441662568,1.6458460004257,0.782035133329892,-1.16751851549273,-2.26008409460144,-0.0598987291942909,-0.199148585929423,0.263692861398148,1.03290341709325,0.0422384940361529,-0.0739124681709337,0.218879171296758,-0.219929140059107,-0.408776124227609,0.483390523184336,0.619730077271066,0.0408741838260794,0.0153620878851312,44.85,0.0
93879.0,-12.8336314219519,7.50878980635543,-20.4919522106577,7.46577999198461,-11.5753037055975,-5.14099947650773,-14.0205637048257,8.33212047126021,-4.33771253089739,-15.5637913387301,7.61081978841573,-15.5923232225286,0.504789055226229,-13.2478885958622,-0.796526030140245,-10.3423283585648,-16.0445243414767,-5.8821359384126,1.57369789640089,-1.37892322363159,2.96684240389381,0.615344322057327,-0.766494757432984,0.431261005079751,-0.104974994617143,-0.0100913270781415,-2.4008113496639,-0.720556600051925,104.03,1.0
102669.0,-5.60369027985602,5.22219270751471,-7.51682997724608,8.11772427554261,-2.75685795265464,-1.57456462233583,-6.33034325040366,2.99841888080239,-4.50816689310713,-7.33437708370839,7.18872396524447,-10.6551809118898,2.59467986078199,-10.242859083204,-0.191158119172494,-5.50433407013933,-8.69777741257031,-1.93422536185434,1.95874993153475,0.227525994742654,1.24289620552409,0.428408392466797,-0.101183595116722,-0.520199121186447,-0.176937756589733,0.461449982566097,-0.106625180749266,-0.479661947808134,0.0,1.0
59840.0,-3.21538175967748,-0.364223121381638,-1.26188334354906,3.79494903930385,0.71120593031272,-1.31647560298004,-5.16514055601052,0.625278383544947,-1.582300584728,-3.25263359468289,5.04075120270381,-5.31444220386187,-0.656470662006063,-6.23304367078495,0.974771279276835,-6.8903177453801,-9.51641148491956,-4.36412771489086,2.59857755637223,0.0196261688931224,0.40134124079647,0.152191258747201,-0.93467547449829,-0.256148382367333,-0.469403308828214,-0.282495914081921,0.86607691066145,-0.433465943783225,5.91,1.0
62467.0,-5.34466537543542,-0.285760408166142,-3.83561578178611,5.33704802681048,-7.60990870021268,3.8746680317393,1.28962992438915,0.201741916806601,-3.00353243733788,-3.9905513318108,4.98601380361468,-6.11638322304304,0.0423244061770454,-6.04339314434942,1.82140103177852,-4.7454624675489,-10.0756455907271,-3.6045960155148,1.43529381015392,-1.56216235780532,0.276010822180054,1.34204455689584,-1.01657869464831,-0.0713612973880671,-0.335869334726878,0.441044176004645,1.52061262049821,-1.11593680318009,1402.16,1.0
110552.0,-2.45036662540267,2.10772866087808,-5.14066303982343,1.41130357398271,-1.69077950338918,-0.736427202926685,-3.65794634761755,1.94490590423047,-0.788387529063343,-5.62467713431414,3.51964234486905,-7.221590004268,1.20172802326675,-3.8114281425371,-1.70142802210083,-3.57140837935336,-7.31140729142311,-1.75435460658485,0.795448867520342,-0.130438203342561,0.800538093373868,0.364616671021501,0.233607611774679,-0.282077578211224,-0.320310972669244,0.49291998915127,0.35997644954193,-0.115471009476069,80.22,1.0
58822.0,-4.38422089880268,3.26466481012305,-3.07715801666012,3.40359359659281,-1.93807528041028,-1.2210812776781,-3.3103166090276,-1.11197501012863,-1.97759328056305,-3.28820356526528,2.88609147657536,-6.84897793447677,-1.02923459062256,-7.46010298330266,0.0559060176229105,-4.33478342671028,-9.87456039324105,-3.54190332932228,-0.531558760456647,-0.141533268810834,2.07638272101207,-0.990302787008607,-0.330358452316133,0.158377625833497,0.0063514462492984,-0.493860013315231,-1.53765237842389,-0.994022490842227,45.64,1.0
100924.0,-23.9847466495794,16.6978316913154,-22.209874815521,9.5849686202149,-16.2304387891461,2.59633265752887,-33.2393281671892,-21.5600394546929,-10.8425258685569,-19.836148851696,3.22323270290842,-10.8951335063028,-1.52345240330584,0.116303256118652,-3.09880532704263,-7.60642457511483,-18.1082610229766,-7.51186615794432,-1.24328515722898,5.80455066066397,-12.6150228644215,5.77408726884239,2.7502214496329,0.513411099654255,-1.60880380395117,-0.459624387540527,-4.62612660780224,-0.334560720645878,1.0,1.0
4462.0,-2.30334956758553,1.759247460267,-0.359744743330052,2.33024305053917,-0.821628328375422,-0.0757875706194599,0.562319782266954,-0.399146578487216,-0.238253367661746,-1.52541162656194,2.03291215755072,-6.56012429505962,0.0229373234890961,-1.47010153611197,-0.698826068579047,-2.28219382856251,-4.78183085597533,-2.61566494476124,-1.33444106667307,-0.430021867171611,-0.294166317554753,-0.932391057274991,0.172726295799422,-0.0873295379700724,-0.156114264651172,-0.542627889040196,0.0395659889264757,-0.153028796529788,239.93,1.0
7740.0,1.02387386852139,2.00148526626613,-4.76975183220974,3.81919458538265,-1.2717542273697,-1.7346624268403,-3.05924503160896,0.889804791975203,0.415382113237262,-3.95581234352737,3.57205481558784,-7.18645159050588,0.147242340802109,-5.24930454889762,1.67833367358535,-2.64147310915178,-1.31205856007348,-0.391716050952505,1.11826355175812,0.204137684042271,0.343282648722251,-0.0541956644068491,0.709653952497143,-0.372215866946976,-2.03206836614816,0.366777602071192,0.395170669257609,0.0202055389458413,1.0,1.0
8614.0,-2.16992897559082,3.6396539992044,-4.50849778617728,2.73066814884895,-2.12269287053048,-2.34101682766366,-4.23525308290613,1.70353765763508,-1.30527913344307,-6.7167200227127,6.35361231915591,-8.60164826276464,0.449930038237225,-7.50616937408145,-0.438081781812467,-3.69451599830956,-6.30475338603049,-1.26758712788115,0.357987030484253,0.5007790539507,0.645103275621378,-0.503529448911197,-5.22821818299227E-4,0.0716957787676742,0.0920074334247208,0.308497931577036,0.552590914653841,0.298954478709399,1.0,1.0
20451.0,-15.8191787207718,8.7759971528627,-22.8046864614815,11.8648680803607,-9.09236053189517,-2.38689320657655,-16.5603681078199,0.948348594786058,-6.31065843275059,-13.0888909176936,9.81570317447819,-14.0560611837648,0.777191846436601,-13.7610179615936,-0.353635939812489,-7.95744722625995,-11.9629542349435,-4.7805077876172,0.652498045264831,0.992278949261366,-2.35063374523783,1.03636187430048,1.13605073696052,-1.0434137405139,-0.10892334328198,0.657436778462222,2.13642447085514,-1.41194537483904,1.0,1.0
93860.0,-10.6323749061596,7.25193622855414,-17.6810718207918,8.20414440620562,-10.1665907519072,-4.51034377036334,-12.9816061559658,6.78358879797499,-4.65932958355558,-14.9246547735487,8.38914233451929,-16.4655039422141,0.33851695978655,-14.224403603167,0.556584472572111,-11.683998043525,-15.8416159780561,-5.75319975278369,3.81304079276336,-0.810146481561289,2.71535704420309,0.695602689761576,-1.13812206664164,0.459442241911828,0.386337323495895,0.522438449202614,-1.41660373652915,-0.488307035713995,188.52,1.0
88737.0,1.91782653091941,0.951966571156228,-2.05920551344214,3.83399771227534,1.66819219140891,0.769825697337707,0.23246305671161,0.107940567202011,-1.14364568858013,0.541699242973355,0.301977229683697,0.257697090947377,0.709147651977866,-2.420715975085,-1.99774018079568,1.50669615001484,0.799832475247662,1.16276426158317,-1.15062735713932,-0.115922317627863,0.0152553539964535,0.239994342022941,-0.111915984520572,-0.380575889863537,0.370994788995014,0.189116547062326,-0.00582328067918961,-0.0121050906997506,9.21,1.0
47982.0,-1.23280412810524,2.24411874456383,-1.70382579275654,1.49253586483501,-1.19298516971563,-1.68611021267902,-1.86461150490967,0.856122313785725,-1.97353527775248,-3.94238290411726,2.40165068027699,-3.39426561777896,-0.145161724970334,-4.32979551307589,0.758760885824274,-3.19904647594093,-4.48018356526203,-2.48566878350317,-0.0958074336903356,0.207889301735382,0.560475065574211,0.165681717805126,-0.0137535165177887,0.474935180269258,-0.218725074414735,0.302809125708237,0.46603094153746,0.250133538809307,0.76,1.0
47658.0,1.47080183464418,-1.17895011084862,0.309906116850206,-1.49365161061917,-1.3770940956145,-0.424619533341607,-1.05276627896621,-0.117825584836653,-1.64437394669385,1.40194413868581,-1.22644579096423,-1.27027130801602,0.399653751691493,-0.36350552556809,0.853385339625789,0.0759455664926568,0.137861905950828,0.234644004145369,0.0640197197267309,-0.219351623443255,-0.39902495627706,-0.913546011479767,0.0381687278239654,-0.506589054898748,0.216715679154833,-0.362360594203913,0.0312013040991427,0.0289250777429217,60.0,0.0
50910.0,0.862349361902153,-1.93012083259084,-0.762947680629902,-1.44300629905365,0.63070877665659,3.86433143036815,-1.34889026847194,0.930577729696985,-0.26966179476953,0.434077719340264,-0.322459875571037,-0.600746697654768,0.293624989789645,-0.518595738291275,0.576631126370627,1.54516890197498,-0.182237853238673,-0.5290204390027,0.7405246247356,0.781360693616388,0.427518430878873,0.512407550065334,-0.390664557458631,1.07177299688162,0.513404000038895,-0.0617090034081344,-0.00124050029428847,0.0685441708847274,295.0,0.0
82007.0,-0.966894539390117,1.0797860035937,2.39588512811048,2.88993670573012,-0.853604495635834,1.21205233910771,-0.224728677678191,0.823333117192886,-1.28572605399895,0.252376844426912,0.341779810198177,0.503976497151177,0.27338565935718,0.0698266096369972,-0.235938337597826,0.297024160605157,0.0334886029747706,0.836447832788102,1.40101428566412,0.253676118093512,0.100991785826668,0.152653002930886,-0.0256381530187714,0.0106257619757858,0.0710839116515212,0.24301516577498,-0.0280871867489002,0.0316561579505489,88.57,0.0
14152.0,-4.71052878230567,8.63621438967976,-15.4962220036783,10.3133493732845,-4.35134098287048,-3.32268873543923,-10.7883728387388,5.06038112024979,-5.68931118776998,-11.7121866242875,11.1524905985837,-16.5581971409376,0.302644522406362,-17.4759212828566,-0.412393267331071,-10.222203169604,-13.7991476446987,-5.00858517858957,1.16202614780693,1.43423977941906,1.9905453513529,0.223785002572736,0.554408428563337,-1.20404159623154,-0.450684594730258,0.641836059375492,1.60595762479265,0.721643614506061,1.0,1.0
93879.0,-12.8336314219519,7.50878980635543,-20.4919522106577,7.46577999198461,-11.5753037055975,-5.14099947650773,-14.0205637048257,8.33212047126021,-4.33771253089739,-15.5637913387301,7.61081978841573,-15.5923232225286,0.504789055226229,-13.2478885958622,-0.796526030140245,-10.3423283585648,-16.0445243414767,-5.8821359384126,1.57369789640089,-1.37892322363159,2.96684240389381,0.615344322057327,-0.766494757432984,0.431261005079751,-0.104974994617143,-0.0100913270781415,-2.4008113496639,-0.720556600051925,104.03,1.0
18399.0,-14.4744374924863,6.50318451651946,-17.7126323688621,11.2703523334822,-4.15014206409808,-3.3720982088695,-16.5358068114174,-1.4439469925952,-6.81527289964437,-13.6705451263516,10.5452629545898,-15.0226996343749,0.171633085144947,-15.0663743633461,-0.259575939555838,-8.6687392723375,-12.8041408991277,-5.11662049533788,0.579200358016368,1.10124987016838,-2.47596222945688,0.342390706034285,-3.56450803816097,-0.81814019000188,0.153407682695978,0.755079460824454,2.70656616161759,-0.992916047059418,1.0,1.0
79533.0,1.36388491771466,-0.0521397983826498,-0.115222261924297,-1.50036996818715,-0.320378954384478,-1.22690822603253,0.181838582691814,-0.383665859892095,0.912490607894706,-1.05110978976138,-0.218615594174973,1.33436920984322,1.72864534053312,0.025348435362179,1.47197191010727,-0.434745892516729,-0.387546412813927,-0.405390060920992,0.979935848999385,0.0389854768451879,-0.200046976965724,-0.403995075500758,-0.049074173534326,-0.0467740039550587,0.552657007147018,-0.0985084792559206,3.59002799569896E-4,0.0122087418357216,5.98,0.0
67313.0,-1.17808086277241,0.566040039654863,0.81357958041413,1.30027785990726,0.0561913255100928,0.440294761344894,0.186653153160472,0.741833827698631,-0.601450577037386,-0.195112950333631,0.506842486635489,0.518611199585926,-0.815683985547729,0.685107525853278,-0.395982948415143,-0.754451086999248,0.471463219256943,0.0923242637940529,1.1116354086307,0.28863175413241,0.11114810478522,0.209625737907194,0.04196212385961,-0.310344993188733,-0.0491332522926566,-0.22255339335699,0.275078304932087,0.0699124241838665,90.0,0.0
45226.0,-2.58996424733997,-0.940011880713502,1.14898558521569,0.148307989360842,1.35249021559017,-1.90514819921744,0.333697916665543,-0.177702851693212,0.0111706426009467,-0.340381477542585,-0.316059321318019,-0.249324321416669,-0.219939496231804,-0.518561670969632,0.699082695595744,0.727429190347611,-0.303193086646008,-0.158135979981427,-0.498882678090228,-0.753656404061085,-0.495210355679112,-0.502940523437739,1.31421356006956,0.322916733830483,0.065731536296044,-5.93435485047963E-4,0.44751765818108,0.00723581595060804,4.99,0.0
119993.0,0.219268470434311,0.219368418601197,0.388184601976329,-0.234699929196144,-0.0330760565763927,0.559732107065983,-0.481881378889284,0.183709092380532,-1.43548456343534,0.222889766336424,0.969312314615066,-0.707021522733804,0.564862516195244,-1.89642832298742,0.92393518767135,0.908212774328077,1.87969491420493,0.739988465180142,3.4465564427546,0.596133755683664,0.364969702939,1.11640356664944,-0.192166666576121,0.13461735592395,-0.550245067366213,0.299577583042068,0.244686284622378,0.213991305929348,29.95,0.0
38277.0,-0.707806327002963,1.20170591240803,2.17008785705892,4.07188934270505,-0.142508848874715,0.389548680613141,0.979804045267898,0.0461234923204931,-2.17011903732271,1.01675117038684,-0.79362109791573,-1.14932755810542,-0.514388149122516,0.385103881750438,1.04753536952678,0.376245735832047,-0.0996286773830146,0.270370280105666,0.245850147240415,0.3940228806857,0.150227893970531,0.103838860610303,0.0399537787052787,0.351290153344864,0.198899136897855,0.296376682760685,0.0268305746839425,0.0993833554371796,132.91,0.0
90676.0,-2.40558049004183,3.73823496480673,-2.31784304058402,1.36744244056479,0.39400112765787,1.91993798476143,-3.10694204753682,-10.7644025337266,3.3535248599039,0.369936028027435,0.382172176843061,-2.26293253493218,1.21060458321664,-1.88061870491121,-0.934160416330735,0.235476804417352,3.32156931100987,1.90627082950488,-0.581355690647057,-2.14087382269319,10.0059980130045,-2.45496409501601,1.68495694696092,0.118263083149952,-1.53138011163519,-0.695307571119466,-0.152501562016877,-0.138866256312262,6.99,1.0
30852.0,-2.83098405592803,0.885657038258755,1.19993009832405,2.86129223993172,0.321668777779154,0.289966026429405,1.7677604489638,-2.45104966190813,0.0697358066743391,3.24508640095346,0.675287853392807,-0.677096334427304,-0.222741128141729,-0.913786970583513,1.60333192308268,-1.0245020918608,0.0220452070437295,-0.940684674142594,0.484758940230455,-1.01692314354721,0.546589339675499,0.334970736976198,0.172105676221893,0.623590288019672,-0.527114316331261,-0.079214654387473,-2.53244529803097,0.311176714703215,104.81,1.0
119448.0,-2.51356016996304,-1.33500573672199,1.18542471500083,1.47780812926848,-3.45966116863249,1.81706748981174,2.53229677916702,0.500068107687777,-0.20849948627889,-1.36752932898137,-1.23570678369335,-0.416471969069929,0.0743623616662424,0.00524160780892183,1.32703011155616,0.519159941583624,-0.27852258241402,1.2492830578928,-0.0446614702505198,2.01192939808135,0.781685658301677,0.792972197722156,1.74968615228162,-0.133225280471449,0.770964407977522,-0.287172818252259,-0.0350612419582539,0.159518306325289,900.0,0.0
84607.0,1.24585929422059,-0.208635599022804,-0.0830386832307003,-0.792676570763753,-0.621156785857302,-1.2190518380818,0.0853287182435813,-0.130222024415991,1.1176326777755,-0.791628601739944,1.2518548267664,0.755230477041932,-1.662956621459,0.799421257107707,0.119164108197498,-0.919754903890026,0.0521149588625622,0.302710550992489,1.04665909248529,-0.217895188843232,0.0334461999853567,0.241614044013158,-0.16936247835251,0.550033627095259,0.853733692838446,-0.576326617290516,0.0225383675829187,0.00139880156710704,7.71,0.0
25426.0,1.12533553530785,1.13014648418496,-0.962975334759173,2.67568785863118,0.990074518469203,-0.243317741184431,0.316192138064781,0.122960131988498,-1.1433427947576,-0.369908966047961,1.83449419801385,-0.491243315415958,-1.12990700459946,-2.23862224442526,0.27846874170613,1.47792560308038,1.77645429510255,1.14928218583042,-1.30699464468423,-0.138813697509247,-0.166736918429935,-0.52193383894905,-0.112376257435029,-0.592076750460089,0.520791314299405,0.0433535805717847,0.0151590212632604,0.0636117222853327,3.76,1.0
77638.0,-1.36719094176572,0.371333307087931,1.59458874343512,-0.520766249372473,-1.36682120552317,0.651279024083079,0.548090443702739,0.561763180980812,0.137814888333562,-1.18551007085042,0.225827992038595,1.03239163005624,0.0531203459809593,-0.242729510452201,-1.63372674905332,0.463652819953556,-0.381666170836972,0.214503454834986,0.24499849325457,-0.147114445818259,-0.048320317289171,-0.148491503321272,-0.00931375822873434,0.0588959053158432,-0.0868237393694413,0.353317241583176,-0.111220798318436,-0.029667628860044,212.55,0.0
52934.0,1.03663855772541,0.407227280182074,0.75770616494457,3.16182144737059,-0.568122226356034,0.202180695126505,-0.68980405626803,0.41137993906161,0.336769232300548,-0.283731283967387,0.90311745288141,-0.158825775049249,-1.93070901899978,-2.37665364067708,-1.8101724846962,0.935791272330693,1.59150614830401,1.25947071382768,-0.666806394320072,-0.219461074162075,-0.0501076222906236,0.123760575662397,-0.132567901550036,0.350230553629671,0.507701400813083,0.189620904934317,0.0610156660255082,0.0631412801847289,0.76,1.0
406.0,-2.3122265423263,1.95199201064158,-1.60985073229769,3.9979055875468,-0.522187864667764,-1.42654531920595,-2.53738730624579,1.39165724829804,-2.77008927719433,-2.77227214465915,3.20203320709635,-2.89990738849473,-0.595221881324605,-4.28925378244217,0.389724120274487,-1.14074717980657,-2.83005567450437,-0.0168224681808257,0.416955705037907,0.126910559061474,0.517232370861764,-0.0350493686052974,-0.465211076182388,0.320198198514526,0.0445191674731724,0.177839798284401,0.261145002567677,-0.143275874698919,0.0,1.0
8878.0,-2.6618021745564,5.8563932148043,-7.65361621324071,6.37974188053221,-0.0607121191362683,-3.13154973153662,-3.10356974550479,1.77849156945338,-3.83115371623455,-7.19160424618226,7.10298858788516,-9.92869994299538,-0.0674983775194601,-10.924186865147,-1.69791397714032,-2.37942098527078,-2.77511389701838,0.273798971252603,-1.38218756352589,0.399096860264863,0.734774950378595,-0.43590118187623,-0.384765904180568,-0.286015663843443,1.00793382365812,0.413195532462339,0.28028415690056,0.303936550639395,1.0,1.0
40410.0,1.12351751558437,-1.43055256283376,0.215103763858154,-2.74247174630058,-1.29025100276132,-0.00936894482418462,-0.877985863897699,0.203760167015296,0.95025729116238,-0.740351626072872,1.56654003623331,1.30714337951593,-0.352635335724038,0.259677467543522,1.15138607774062,-2.96751964602852,0.709404316899361,1.08968925020837,-0.0320923002013264,-0.424368934373494,-0.203323491290327,0.00575659185451779,-0.0673954969047792,-0.298855113940371,0.396718471724661,-0.698714951338291,0.11939202120995,0.02656347876126,89.98,0.0
56757.0,1.13123657034101,0.63043043302593,-0.114746936519859,1.35180243591091,0.0957270008812646,-1.05451012543233,0.468674378683573,-0.250269653614323,-0.370518147577576,-0.514820201648497,0.817899952537963,0.781451708644618,0.782765420119529,-0.777432377560955,0.997492518464003,-0.214579422746879,0.91940490044292,-0.556520768696713,-1.01997506625809,-0.0638038363591369,-0.00524935308082263,0.0774866119346947,-0.0447201251665147,0.547662319102032,0.611923460773959,-0.366407383557542,0.0369353531749463,0.0487402337701118,23.08,0.0
70842.0,0.961390452358029,-0.0815733627007196,0.313499443609605,1.18822813678769,-0.366655473802349,-0.335494164881179,0.0993656141084127,0.170469178665338,-0.0900402392679051,0.183959585517226,1.40579937850399,-0.163759242141725,-2.61184509160106,1.205695502277,0.646202753215724,0.126854576485271,-0.165615713740025,-0.403947830741913,-0.301019442335503,-0.154206354065199,-0.356153577796447,-1.40197304781607,0.222158412116817,0.0866968862095506,0.00472035132123137,-0.83824281188118,-0.00884159186846313,0.0279318606106712,92.39,0.0
64898.0,1.21639215254698,0.171140536242989,0.476575106180255,0.575629673737796,-0.331669308772031,-0.533266972533974,-0.0438846354833009,-0.0434321242023536,0.104373109575283,-0.0976730121699915,-0.0648093689324738,0.233022532664797,-0.121922980509354,0.350741229206121,1.3294807395172,0.0296288599289471,-0.120426784520376,-0.940395502887839,-0.474926925977559,-0.151394520604422,-0.234430663134451,-0.664088254956951,0.17096093533276,0.0574314876222944,0.130313362166103,0.125611843262617,-0.015333879867931,0.0147548290593415,1.98,0.0
55614.0,-7.34795494690262,2.39704134824746,-7.57235581757844,5.17781925521834,-2.85483828261718,-1.79523877381611,-8.78323473517424,0.437156561210431,-3.74059750992972,-8.33286306292127,5.76318940883843,-8.70787929219866,-1.71694948774786,-9.57719439289905,0.146369002626258,-7.58649078643175,-12.5039309695675,-4.37563101237668,2.46519487038601,0.0731637913502985,-0.175273369741836,0.543325051876651,-0.547955067054245,-0.503721690122004,-0.31093277648824,-0.16398601754964,1.19789504657005,0.378186688214491,0.83,1.0
67774.0,1.27274140024485,-1.16158089977726,1.5991162242604,-0.214965630281634,-1.88749715948531,0.563158427840635,-1.71769706671443,0.428308214685781,0.887905017359639,0.253516044577479,-1.14298177440365,-0.643230448556655,-1.19590224101697,-1.12894007849661,-0.989922139661493,0.322042101918955,1.23849232971344,-1.66747420187114,0.639711396318409,-0.0845826303797187,0.151320500665388,0.782688083042083,-0.0442398946960292,0.124260654698965,0.36813791620517,-0.011941133946486,0.0954661363375456,0.0208136364365957,1.0,0.0
89172.0,-0.239635744347364,1.11781641244039,-0.565623730213509,-0.924451714651988,1.44146318883264,-0.129281822343996,0.987392906455783,0.011605972781322,-0.344460879219088,-0.617648288557695,0.549898184092677,0.587462290077192,0.393361613040109,-0.899724175772415,-1.00811601846042,0.542842773504901,-0.084730005707341,0.354831852366548,0.217519311890699,0.0428916928953468,-0.219819869630969,-0.513659348890766,0.051708574623143,-0.0528856917008158,-0.983184408329274,0.0232532247420786,0.292819490558321,0.297041888118912,6.45,0.0
52814.0,-1.10184700698197,-1.63244121283891,0.901066556872515,0.847752885502341,-1.24909072939532,0.654936785498635,1.44886782586722,0.0233079125519542,-0.136742416820243,-0.150129182778684,1.17235508293037,-0.795988136674965,-2.13695096583302,0.578869439330842,1.4121147225086,0.0134668068434063,-0.119204381070058,0.826814373772222,0.476859902488945,1.23027784051309,0.610653920616913,0.835795006603528,1.17995542066426,-0.0290908864225033,-0.300895693792436,0.699174952578756,-0.33607170899039,-0.177586827857027,519.9,1.0
67878.0,1.18545070370727,0.18025529987772,0.375327676908979,0.738803580893063,-0.504002408117096,-0.830992535858929,-0.102309031942587,0.014448849536167,0.275412466878389,-0.275891983831524,0.143132060240973,-0.517746985922657,-1.62819562445515,0.114528660072778,1.5173339531002,0.174766649258409,0.493065233927236,-0.635855782212807,-0.668037385049585,-0.233299470380038,-0.257929761681784,-0.802110454387263,0.218864796328756,0.311470715824292,0.0390217637949557,0.109692221314475,-0.0181225843885187,0.0272072026757375,3.58,0.0
118603.0,-6.67721162487866,5.52929920087665,-7.19327456474359,6.08132107951892,-1.63607097105033,0.500609583298219,-4.64077020758754,-4.33983969614375,-0.950036405131991,0.566679814004086,4.3150759158968,-4.93828359985114,-1.10570973729343,-8.49081262174082,1.00362574598099,-1.94912326096651,-3.09301268981888,0.124087074705575,0.886746966076448,-1.11868675540655,5.56330066446813,-1.60827196122017,0.965321595694456,0.16371797930961,0.0475308707267175,0.466164782963216,0.278546743051982,1.47198811731278,105.89,1.0
55371.0,-0.859938414710271,1.13562025531636,1.41015865032948,2.32775874696952,-0.0255341545832082,-0.329935655224987,0.0645384883819865,0.551081870389007,-1.69225210157401,0.43007689414507,0.957620874655075,0.276429881208034,-0.407573660023865,0.840247341134859,-0.0735183148678742,0.609783613215728,-0.385260618257908,0.588751460725866,-0.0493641021600759,-0.0508576210813973,0.281683102490195,0.492571355844833,-0.0161119563467963,0.518437182097706,-0.535643361307026,-0.0225915022989105,0.0298589154086846,0.0519537476038957,11.38,0.0
64493.0,1.23715055804851,-0.425504361749701,-0.0353389611844802,-0.355113381189262,-0.37083621227302,-0.172042184851649,-0.171128503324375,-0.0191983851668436,-1.44313181418828,0.84991005768132,1.19002887683153,0.641028783285612,0.247002817036938,0.526396746031062,0.234291457105493,-1.41664860266574,-0.100625240224612,0.624416558619347,-0.610607426858754,-0.426313745654758,-0.69743779440983,-1.69116522834757,0.201022555676394,-0.358691665240296,0.0338511563392823,0.118805296612378,-0.0308822949887716,0.00769386899402311,53.0,0.0
75033.0,-0.430330205681344,0.985632693552081,0.645789437298841,0.317131047127407,0.616332206255463,-1.34746245720975,1.0782335690849,-0.161518267508932,-0.492855874580938,-1.03963769713185,-0.39560772252726,-0.664683930228673,-0.985700496668287,-0.660967626671015,0.344105202877093,0.530852433867815,0.278141865207384,0.355529916892446,-1.08122326117298,-0.115281935429531,-0.0163780179250957,-0.207609058231514,-0.164119225784612,0.255280162145255,0.454797817761532,-0.505032215885219,-0.0394559687978208,-0.00635758223393408,30.14,1.0
30239.0,-0.0687361417270989,0.703275956908589,1.56684758776237,1.30846064374721,-0.67176258077081,0.670903094600896,-0.907418724470994,-1.32296184305694,-0.221247485351882,0.232349732225043,1.60522762520283,0.807103039205791,-0.342552784761175,0.524961725812492,1.19951631859663,-0.0290344449233192,-0.036963957579973,0.446623309098946,0.043576799030549,-0.332685208274237,1.8002208864111,0.300920178132868,-0.228654907002248,0.227757046509249,0.600141347365655,-0.0508104674396647,0.290256185840145,0.228702263317659,35.49,0.0
59295.0,1.13593957404922,-0.799125282840868,0.557248281308781,-0.712596558949221,-1.05648839142913,-0.3408063095699,-0.599574027152541,0.0485165340262759,-1.07591023380232,0.691263946439923,1.9384392220219,0.349495758131248,0.14115452545424,0.0874387434862545,0.352793469501711,1.08788374347339,0.31765828560403,-1.59325660999884,0.433788894075009,0.225379522454209,0.0517815844890655,-0.1711613313003,0.098585882831126,0.204317622996014,0.0699337700939168,-0.491084698610932,0.00703738316410462,0.0266295693439094,96.97,0.0
92102.0,-1.66293711018596,3.25389242362715,-7.0404847120185,2.26645647990886,-4.17764891282786,-0.746924828187599,-0.248336733243902,1.09115651568673,-0.307137450847617,-5.56794705115052,2.71273940377591,-5.94840312668093,2.14472605490538,-4.21175592358692,-0.137195538810617,-2.63940913979839,-2.53235540606601,-0.667067027160165,0.626059293435215,-0.842178336511866,0.450381285220709,0.521161529635377,0.308325446158517,-0.318011840652356,-1.25536156975299,-0.691963403718384,0.264878381232973,-0.130444804408444,600.73,1.0
101051.0,-1.46531575579616,-1.09337687781209,-0.0597678482279439,1.06478463530602,11.0950886001596,-5.43097128323669,-9.37802517086658,-0.446456139679101,1.99210961400888,1.78592177154007,1.36858453419511,-1.47169658834377,-0.72475884619705,3.44242199594215,-0.957403224855046,-1.62612941891216,1.41821495932655,-1.41791682839858,-1.65176618071699,-1.4576102135585,1.16062328833533,-1.2596968082996,-15.9816491909559,-0.883669935248733,-3.53671623161143,-0.59296488849027,0.675524833181225,0.424849351792902,0.92,1.0
87718.0,-1.21476394269402,1.06257097593188,-1.43921349014456,-2.60235055688556,1.08206032165601,-1.41956165933123,0.877258055014341,-0.7845387495429,-0.0423932404558013,-0.84723758136349,0.30296158740877,1.24237428815497,0.148709207232441,0.784781919091874,-1.96926882649128,-0.194089076808488,-0.65204668293067,-0.293627426202359,-0.451125131239361,-0.542178701537275,1.05027708420347,0.634391108679345,-0.315505293630642,-0.286421157001012,-0.327945251038506,0.519140475457966,0.0631667439415372,0.0792075244494697,1.0,0.0
41164.0,-5.93277795485543,4.57174320411303,-9.42724692838332,6.57705643811276,-6.11521812544893,-3.66179789602346,-10.8940785545016,3.70921000751656,-5.85952387304171,-12.981619145004,8.26529460055417,-14.1541653609607,0.479842781966758,-16.3375959447735,1.64604527960375,-12.3753974432385,-21.090612716108,-7.7245457358645,3.85637474254372,1.19107830456005,2.01427156558263,-0.167416617986259,0.0499675298711021,0.384429719031746,-0.0778835668224832,0.56549290579318,1.79201191700266,0.371007021212136,5.3,1.0
121894.0,2.11118524898298,-0.991191973169113,-0.518524101688872,-1.05380829674498,-1.04166912738799,-0.514066419766376,-1.01554724129182,0.00377570256077049,-0.286154607757397,0.951337434371189,0.815862287619441,-0.0859251100305187,-0.0508439831467615,-0.0411493523157769,0.154455566075231,1.81170738163429,-0.426893187476639,-0.708874047658135,0.831156602645961,0.0158424079297491,0.0630423513586869,0.0268302541368081,0.323322755724282,-0.376396092868443,-0.538168340619621,-0.479625014879813,-0.00246488224710309,-0.0496277653601056,30.0,0.0
34333.0,1.16351180861086,-1.256323195788,1.61010299020673,-0.0265179451619416,-1.8833148823076,0.888458695396777,-1.64434048123264,0.5495658372628,0.913433146008656,0.20174456640836,-1.03242863209364,-0.049355155099405,-1.549152754695,-0.84366022124806,-1.09521224571939,-2.66209477147651,1.56713456579391,-0.22922076279229,-0.883718478918341,-0.686879749096767,-0.541200870443555,-0.617641874258745,0.215947539492798,0.111954247528056,-0.107749623929096,1.07529182878347,0.0451505557649536,0.0132996847824825,8.06,0.0
55614.0,-7.34795494690262,2.39704134824746,-7.57235581757844,5.17781925521834,-2.85483828261718,-1.79523877381611,-8.78323473517424,0.437156561210431,-3.74059750992972,-8.33286306292127,5.76318940883843,-8.70787929219866,-1.71694948774786,-9.57719439289905,0.146369002626258,-7.58649078643175,-12.5039309695675,-4.37563101237668,2.46519487038601,0.0731637913502985,-0.175273369741836,0.543325051876651,-0.547955067054245,-0.503721690122004,-0.31093277648824,-0.16398601754964,1.19789504657005,0.378186688214491,0.83,1.0
56806.0,0.0168278084833761,2.40082554709233,-4.220359820602,3.46221746352071,-0.624142188342754,-1.29430258598001,-2.98602831443748,0.751882724799937,-1.60667229891344,-5.97492543825504,3.26492215161104,-5.09503162409832,0.307807541258315,-10.0181060613614,0.273282636641356,-3.56253351747421,-4.37710568381017,-1.79263494349375,0.0802807729992116,0.590418382570863,0.285831617664336,-0.771508088806938,-0.265199774294598,-0.873077150100989,0.939776315964547,-0.219084743497804,0.874493632152321,0.470434221788752,1.0,1.0
67102.0,1.03542950910436,-0.388730586851468,1.09490360281816,0.628083803206383,-0.98838838700215,-0.0812206279142687,-0.602130354885332,0.0165249283211837,0.59863675173907,-0.177495652926775,-0.676403138213589,0.581504810562898,1.46895737007912,-0.442735111229162,1.52680618682552,0.952832835108897,-0.935104540517199,0.472491659820993,-0.470196315709344,0.218008241388972,0.263858224704184,0.646467534144906,-0.197219310050576,-0.0324841844320418,0.276493521774033,0.488026926691463,0.00922327493259164,0.0471846668644776,107.07,0.0
71131.0,-0.309330597685287,-0.626820193902692,1.55894494675785,-2.67220572378398,-0.575867540250479,-0.109863004665916,-0.668691097355798,0.130584217072084,-2.32412724510656,0.956833405627562,0.168137391420727,-0.652731756601547,0.750284381514188,-0.52156479815345,-0.518240910288059,0.441140131522056,-0.475762447452982,1.16332884336503,-0.39906938738155,-0.254325687861155,0.0668387783094525,0.467091283693165,-0.185975476887102,-0.539042186396709,-0.246831414730068,-0.279330470731068,0.149894887651676,0.134156570072657,12.5,0.0
2564.0,-1.5353749694566,0.707871981811159,1.40005735149616,0.0262823868379277,-0.389469825860346,-0.0541301320664886,0.0967401430151744,0.135735555890095,0.650781724022116,-0.0457340684245816,-1.40169237479389,-0.0357669905932146,0.157221942240977,-0.599255181055252,-0.055352084922029,-0.00969169725480431,-0.293038004125307,0.121272574965992,0.38194354995698,-0.116505065961045,0.106282910259765,0.616553548155849,-0.225115393574937,-0.0679389078895019,-0.181903301244507,0.443006622673909,-1.21310708860423,-0.569960448305593,14.9,0.0
85181.0,-3.00345942213401,2.09615030972986,-0.487030347865578,3.06945315960973,-1.77432868427117,0.251804209642436,-4.32877649482139,-2.42547814428288,-0.985222033510513,-3.99521073403213,1.8806015528528,-2.32517912777326,0.636458662971611,-5.41749934539643,-0.262909464785021,-3.81808566437699,-3.70070702592749,-1.99141207812339,0.779950535234061,0.692537380835205,0.163966694003732,1.24564832133152,-0.269241340185825,0.537102119409512,-0.220756683145222,-0.0595547732936557,0.460709677482052,-0.0335506071081744,2.0,1.0
119076.0,2.18348774897496,-1.41307732439491,-0.848150608507237,-1.52529019853765,-1.34196848058903,-0.80618688129639,-0.990059967596984,-0.22042576999982,-1.60400951306745,1.71556094055144,0.895010979299452,0.288305029049767,0.95062866527492,-0.306845033395738,-0.998362086261555,-0.489893871250855,0.273923608548265,0.235077855823511,0.105472493959184,-0.326867683564919,-0.0821866457666537,0.211275667707011,0.190187434124881,0.0803672923943621,-0.201535589589475,-0.192042700934003,0.00289230590047682,-0.0530480490919393,50.0,0.0
46057.0,-1.3094413460044,1.78649494921925,-1.37107024042555,1.21433549160762,-0.336642221570741,-1.39011986486896,-1.7091091066305,0.667747590382643,-1.69980879955917,-3.84391103993778,2.96259879138962,-3.95604520140947,-1.53923191944683,-4.63463139323434,-0.248403490673103,-2.05855138409951,-5.63549400383391,-0.775271204300359,-0.23930965408033,0.253464129147281,0.533521286327158,-0.0221799534199139,-0.299555851230085,-0.226416167090146,0.364360460778096,-0.47510178544057,0.571426303828437,0.293425836896259,1.0,1.0
11629.0,-3.89119195123086,7.09891625215749,-11.4264670967961,8.60755678650129,-2.06570621026229,-2.98528802203595,-8.13858941693861,2.97392807853452,-6.27279046836547,-13.1934150665232,11.6197234753825,-17.6316063138707,-0.355194389515515,-18.8220867423816,-1.2831290856146,-10.0310966568698,-15.2270075099256,-5.32200898058982,-0.501750653452579,1.38261899967275,1.75708522742867,-0.18970915318715,-0.508629244173448,-1.18930816877394,1.18853649934791,0.605241885913626,1.8815287524148,0.875260407222375,1.0,1.0
26556.0,-19.1798264145873,11.8179219897853,-21.9191735807843,6.0862356342864,-14.7088447898427,-4.30888760741835,-15.3579518065836,12.8571650181242,-3.99986076978115,-8.9286556608751,5.8492930661792,-8.26164983722413,0.153829148314596,-8.82935922766409,0.00887883882572681,-7.0709530089254,-13.6297209427085,-4.9588298158479,1.27209136353211,1.572949614923,1.74680154191934,-1.35314876613352,-0.762965072731218,0.117027851903743,1.29799375563032,-0.224825057048525,1.62105238966989,0.4846144027264,99.99,1.0
55351.0,1.44724356503467,-0.999015636794647,0.464882638454784,-1.5900334244513,-1.15362379758308,-0.0018093381360894,-1.09841931336013,0.0576893139483915,-2.16592940032122,1.52363102823482,1.32251460225666,0.168191253170347,1.06901804801814,-0.227580551681538,0.168150902546472,-0.297318055837545,0.344281487540047,-0.159890595503581,-0.101938535874618,-0.298256468960298,-0.3900210053118,-0.754077140855837,0.181538728646331,-0.366135389721287,0.0808077671484459,-0.449043996312617,0.0518100607265486,0.0125431886573803,13.4,0.0
94362.0,-26.4577446501446,16.497471901867,-30.1773174564996,8.90415677106517,-17.8925996927224,-1.22790388102871,-31.1973285494605,-11.43892041491,-9.46257260540015,-22.1870885620007,4.41999660154863,-10.5923050053728,-0.703795803703315,-3.92620731586873,-2.40024649210124,-6.80988994039049,-12.4623149481086,-5.50105078380738,-0.567939572890149,2.81224110932946,-8.75569832116533,3.46089334478551,0.896537503959012,0.254835536763482,-0.738096558530353,-0.966564233789852,-7.26348214633855,-1.32488430656137,1.0,1.0
117714.0,2.06781229813036,-0.0311301047193853,-1.08437833895987,0.399041486507031,-0.0900190636760965,-1.17269880061577,0.200551651561966,-0.345875747856808,0.506028359913483,0.0659085499307196,-0.751365913211441,0.558015613759941,0.337466687307635,0.219325678744167,0.0156191742719961,-0.0996423454952097,-0.325470681603383,-0.881895854664686,0.167708282695282,-0.206610808647412,-0.290598903661685,-0.688640356609101,0.32989961081259,-0.0170876334717312,-0.28109573055458,0.198925307526383,-0.0690007727378189,-0.0600847334712834,1.29,0.0
7891.0,-1.58550536691994,3.26158454822833,-4.13742198305023,2.35709625199132,-1.40504331370135,-1.87943719306477,-3.51368687087654,1.51560674568816,-1.20716636120056,-6.23456133227108,5.45074606689486,-7.33371406736393,1.36119332407831,-6.60806825219469,-0.481069424899829,-2.60247787045261,-4.83511205239717,-0.553026089102902,0.351948943356815,0.315957258937511,0.501543149467536,-0.54686881157389,-0.0765836358993043,-0.425550366841581,0.123644186352002,0.321984539336613,0.264028160503965,0.132816719764592,1.0,1.0
55625.0,-0.96240433070784,-0.0109861579170537,1.3723894705946,0.485112090309438,0.50902178042887,-0.114785761363003,1.47229966991982,-0.234334520432754,-0.194215353915375,-0.691018436680763,-0.618404590850922,0.507018108670615,0.428338503264501,-0.372262643867906,-0.827405104278339,-0.652194337498348,-0.165501692835867,-0.906879055146906,-0.990634250526416,0.366430285875457,0.110406719742578,0.276850371308876,0.285786463395167,0.0773158234610522,-0.0126585833173173,-0.573042069922474,-0.0762466025461735,-0.0552066343712244,185.63,0.0
57007.0,-1.27124419171437,2.46267526851135,-2.85139500331783,2.3244800653478,-1.37224488981369,-0.948195686538643,-3.06523436172054,1.16692694787211,-2.26877058844813,-4.88114292689057,2.25514748870463,-4.68638689759229,0.652374668512965,-6.17428834800643,0.594379608016446,-4.84969238709652,-6.53652073527011,-3.11909388163881,1.71549441975915,0.560478075726644,0.652941051330455,0.0819309763507574,-0.221347831198339,-0.523582159233306,0.224228161862968,0.756334522703558,0.632800477330469,0.250187092757197,0.01,1.0
55704.0,-2.27503392861035,1.49590575685097,1.75643283038628,0.147785025038131,-1.4120079315176,4.82720789297536E-4,-0.805221736645702,1.1232275847592,0.592376360305177,-0.311747968939292,-0.80661939756821,-0.0902584657611031,-1.27407035865603,0.179163429471771,0.403516587789515,-0.132458037547678,0.65673632497094,-0.429287407647272,-0.314576523083823,-0.155936513240185,0.0629209389108386,0.0273415569349401,0.00541943910046844,0.399629231268085,0.134539264772453,0.338975541522381,-0.406975945564671,0.122284672343204,4.78,0.0
109297.0,0.745153216872909,2.80929887414381,-5.82540635746786,5.83556642595055,0.512319881201007,-0.615622343185995,-2.91657564356736,0.776710041712962,-1.87883185000296,-4.54693575081085,4.69879549591235,-8.50778570734412,0.718249309268122,-7.62871014660448,-2.24957848303647,-2.55866861696795,-5.30462366328046,-0.956938449028105,-0.585321852047277,0.40283675391689,0.284840710005163,-0.874383479410998,-0.0839950451669313,-0.651441658316508,0.454593823671078,0.0503758982755266,0.756952562644727,0.383868938615243,0.0,1.0
44515.0,-1.00771619403193,0.169724959037946,1.99088469184246,0.196034341884566,0.447143170811306,-0.529177756752708,1.3780135606301,-0.891838262447091,0.477940552200373,0.3012768165581,-0.495715497719351,-0.0495460064320646,0.0356343298877668,-0.958492215043524,-0.282307575316698,-0.648708259980789,-0.313666260410565,-0.652856626981913,0.49447308044251,-0.101554313368179,-0.335628192509669,-0.117955347834582,0.0716764352620916,0.429908441196139,-0.0820698584376142,0.118391342388398,-0.740754625820056,-0.508715527616009,50.96,0.0
59373.0,-0.778862950302044,0.978094628579843,2.1117739813039,2.27633150776933,0.555489994734189,0.860218074358402,0.846895234470734,-0.68197553774013,0.428270533569986,1.5003163924562,-1.68593066370349,-0.557581410149354,-0.125038804336245,-1.39959601772014,-1.10219213621539,-0.501093061745494,-0.372168831476447,-0.201046315806127,0.639353680153436,0.0348429893356105,-0.123537974389882,0.221843142492345,-0.298755524458936,-0.307642870489685,-0.418038118791286,-0.0616097162156912,-1.13214224376425,-0.445241052620598,15.2,0.0
86281.0,-1.99020259964905,0.67471445776779,0.924932435441835,-3.72206098287875,-1.5319905548915,-1.67505124021821,-0.392466685206653,0.492594348729785,-0.190040702694912,-1.08891474651368,-0.426275432873237,1.21626069055304,1.68258909830367,-0.033431470080717,0.361916819958342,-1.21006834623889,-0.29781179844622,1.29297395691635,-1.93159888361228,-0.752068010682599,-0.0141941982852658,0.246585956922751,-0.0522160274632844,0.744631996627517,0.251421840345642,-0.277637537302593,-0.443676228219374,0.0699348143772957,15.13,0.0
41397.0,-14.9703456545046,8.40142101040258,-16.8672384869515,8.25233430637468,-13.5651304873758,-2.78243755853826,-14.2637353490007,9.64341914576661,-7.70149868394332,-14.2266980575287,5.61099879659254,-11.7939788348294,1.59838653001563,-11.6069703760766,-0.0441804437896824,-9.28695473739369,-19.8997264249367,-7.518050849236,1.24351749943488,-1.61466005601289,2.71404480183882,-0.101355310559619,-0.439665974014017,0.519513861479409,0.789327982433797,0.0643574266343142,-1.62138568643941,-1.10481920857705,273.01,1.0
85864.0,-3.36526491864606,2.92854110729003,-5.66099919906905,3.89115992835328,-1.84037510965314,-1.80088720390662,-5.55867935318221,2.40232168278639,-2.84892272106495,-5.99567612703198,4.22130410784879,-6.11966735264192,0.0230135705891201,-8.14932178394224,-0.301351931335019,-5.37528289323615,-9.31500138499105,-2.48756256913711,2.35591891159776,0.57637946532203,0.875260063301294,-0.102501391250503,-0.606282749133978,-0.743164794295893,0.096318936065612,-0.135060497401362,1.23869473001415,0.0998237563444676,1.0,1.0
102114.0,-28.2550528932108,21.4672029942752,-26.8713387797136,11.7374361361796,-17.9996302850189,6.0659013519233,-41.5067960832574,-38.9872627434095,-13.4340663182301,-24.4031849699728,3.40932261990014,-9.60826735632918,-3.07631796817408,0.240060357919937,-2.83667693195872,-6.594756991638,-12.9575309948449,-5.61352195004329,-0.248828402209821,10.4407179813405,-21.4537362781468,8.36198519168435,4.90911112135878,0.0983279449493119,-1.50873912052995,0.00871129047841733,-5.4078236392388,-0.183811044930697,0.0,1.0
67863.0,1.41453971142423,-0.330822843431476,0.534500353775909,-0.679430901944219,-0.985652929333338,-1.07425120606613,-0.421974805610046,-0.267900747775171,-0.96496444749663,0.586126095039928,-0.00660493456120567,-0.0393291999965667,1.09251193778539,-0.299594664489887,0.673177384353748,1.15448809762918,0.186520084283396,-1.77128797827144,0.642429624798317,0.121637475601055,-0.128143531481725,-0.449069295211553,0.142829267268855,0.378554781177005,0.254512097573846,-0.519394207948468,0.0127085066316772,0.0235191125142774,7.11,0.0
80163.0,1.02422442403088,-0.6117728027826,0.911597950248817,0.138313753942772,-1.03911815782048,0.0388411413077845,-0.653766075214925,0.152455417325094,0.628434537998972,-0.141929033947758,0.870560384662033,1.00638307157695,0.336496713956845,-0.193361271610069,0.00745827909841349,0.659331269959135,-0.633405714677351,0.479578186665712,0.324097626536615,0.164498712860339,0.1603256555791,0.383636392863624,-0.165216691405272,0.118484855327235,0.199705294248632,1.10049762487263,-0.0560514476717975,0.0184993815527015,100.57,0.0
61956.0,1.22982373037088,0.109564645505885,-0.134722290034676,0.961955944769938,0.525328026728975,0.894772576314585,-0.106410748942146,0.247314337450811,0.197832210553458,0.0639591128407464,-0.11583547513979,0.516503679591769,-0.473588797472491,0.278166266126422,-0.643901144077008,-0.115266767303652,-0.44478490510337,0.0114769531385065,0.430762045945955,-0.182363691489341,-0.148026870299279,-0.226091173742219,-0.22706204037766,-1.30958955409338,0.797440661935988,-0.245033825785245,0.0325006675962499,-0.010018690256997,1.0,0.0
14152.0,-4.71052878230567,8.63621438967976,-15.4962220036783,10.3133493732845,-4.35134098287048,-3.32268873543923,-10.7883728387388,5.06038112024979,-5.68931118776998,-11.7121866242875,11.1524905985837,-16.5581971409376,0.302644522406362,-17.4759212828566,-0.412393267331071,-10.222203169604,-13.7991476446987,-5.00858517858957,1.16202614780693,1.43423977941906,1.9905453513529,0.223785002572736,0.554408428563337,-1.20404159623154,-0.450684594730258,0.641836059375492,1.60595762479265,0.721643614506061,1.0,1.0
51155.0,-11.2054613927303,7.91463349246877,-13.9877516388388,4.33334117975523,-8.48496952268505,-3.50656117309394,-8.93524303241605,7.70444915069923,-2.33658417970129,-5.92735916911943,2.47040101557896,-5.7885170305197,-0.391939257057427,-6.52746224116063,0.899859362283244,-3.84729284231041,-6.70063744821132,-2.49261610727828,0.469554313978012,0.860911741764656,0.942593331002491,-0.987848114682141,-0.279446305433771,-0.0272992246723051,0.644344195524188,-0.263077923082484,1.08402252771111,0.211933356664813,99.99,1.0
2846.0,1.00957555058854,0.0729062886119003,1.71482479436852,2.42208620474503,-0.888163350619403,0.694156692960458,-0.957776291342409,0.491998628197771,-0.206727049990005,0.781327847936808,1.29035708568376,0.196416156378378,-0.868666465935534,0.212829684947281,0.743374811912486,1.19750517444458,-0.777036960625512,0.565001723380358,-1.56309478851903,-0.1972428435548,0.318212215497789,0.851501916019862,0.0224754532146762,0.210402558176004,0.084578543473996,0.112326113123104,0.0513593100561042,0.0297743592173588,12.14,0.0
62389.0,-1.79291053315095,1.33136784804784,1.00980918333256,-1.65238717012264,-1.05029489440945,-1.47723362198634,-0.0454601273335364,0.599001544160649,-1.87342312483181,0.0423063316044089,-0.335162724433921,0.648089897447393,1.31009397160516,0.382719792979579,0.110369769678058,-1.06403279522398,0.179830669934479,0.236799132203374,-1.10303547743563,-0.430328982990558,-0.79956760959971,-2.0157503526015,0.308248063304689,0.665305191855431,0.0132870246765733,0.436797076098042,-0.0498735211520891,0.0366597920251778,1.04,0.0
65054.0,-1.54062063045871,0.0607553182510152,1.94979679878298,-0.832821845621369,-1.18302690784112,-0.229318589650721,-0.195063319331934,0.685520687330436,0.480314625793966,-1.15053112534698,0.446669621609288,0.387015052144109,-1.70824562810939,0.0949786677687264,-1.55357306001702,0.448098052612287,-0.0811901543312752,0.0891913870543386,0.0289731678999034,-0.336105885267232,-0.0638192863458667,-0.300423763855189,-0.149319324210098,0.573417358813412,-0.276072328142444,0.74512418447628,-0.140068007350164,-0.121564630033419,91.76,0.0
75978.0,-5.14072311805277,3.56875123426923,-5.89624545735196,4.16471993013258,-4.09119263947502,-1.98996029061886,-5.47243601705169,2.42282066166249,-2.90973525837833,-6.28780335064533,3.70431215185119,-7.26754953396678,0.329269938095914,-8.45897495556967,1.35448720090917,-5.9762209822112,-10.5760149147501,-3.52516124688807,1.73797600497073,0.318995199686566,1.13113028151049,0.118021510216711,-0.332704205017834,0.139940733895169,0.324757896441424,-0.180769130367976,0.177810382911191,0.661555355551591,99.9,1.0
81381.0,-2.21897808281691,-0.102276931580795,0.676600917660306,-0.747664082519143,-0.00580259760002237,-1.2259164806058,1.11694631787087,0.0314607078485349,-0.642258442672373,-0.240763250207834,1.55040107372861,0.993227090277855,0.1925517423333,0.478187129432339,-0.379909051843548,0.497930269355613,-0.581365123843858,-0.509778239797797,-0.0521508437383993,0.219625148782455,-0.393813700784258,-1.12956404218287,-0.151091768084905,0.592115339901204,-0.264131603259203,0.44027127528702,0.264954214920153,-0.377793286092826,195.0,0.0
54846.0,-2.98646550822273,-8.91229481688474E-4,0.605886830263541,0.338337780759695,0.685448451171472,-1.58195443740193,0.504206377175919,-0.233402618007887,0.636767742518801,1.01029102209398,0.00451796796642434,0.0443966388940644,0.420853062352676,-0.931614224984722,1.14797368277192,0.48306309357216,-0.152470829644753,-0.285666258848129,0.0725498490088206,-0.764274258309323,-0.875146363670133,-0.509848660993286,1.31391790371009,0.355064731381086,0.448551563224067,0.193489780350156,1.21458768687535,-0.0139228973515758,1.79,1.0
75566.0,-0.98209990220351,0.90624179411223,1.01437061151464,1.49355165324516,-0.757332624681585,0.0306845489451978,0.686577764119157,0.515544852092098,-0.417212644461254,-0.42577069911866,-0.618969659999459,-0.0464395055741175,-0.944116447910339,0.52697490808828,0.252118502090058,-1.12684936604567,0.95273580740183,-0.595102437381046,0.568330904780792,0.251428259637721,0.0971600030898636,0.244402967179806,0.267560252836809,0.385337308448995,-0.0823204057143579,-0.242894614707066,0.252958231864738,0.153435906034935,144.38,0.0
49392.0,1.21885814180391,0.237810401443144,-0.0778172713269392,0.350727525837875,0.0466049408190904,-0.723556597067475,0.372475343990066,-0.18489785790203,-0.491505152370888,0.0907103520002597,1.27016455744218,1.08925685284088,0.429624332019292,0.579290223073274,0.0409925446519123,0.302327091969801,-0.643252591520915,-0.325925965318149,0.51162284415837,-0.00647187917263271,-0.33477587278721,-1.06743004748013,0.068705615640966,0.016188668375645,0.305554686247617,0.136977707494708,-0.0698747247244187,0.00103827604223269,29.95,0.0
73886.0,-1.58278486185737,0.193585548102867,1.55375021711095,-1.86383579059293,-0.989305628583012,-0.17738898838781,0.257254391921731,0.307498758686711,-1.35448134235647,0.325000379541019,1.54202711057441,-0.466167733741374,-0.955665142081728,0.116643764726959,-0.0660997432831768,1.35176213208076,0.186653343638711,-1.41067040287825,-0.0501303861162898,-0.0460239873081286,-0.0382819390281726,-0.201326752382877,-0.223354462874461,0.194453523472317,0.0909803724145846,-0.594991021700811,-0.14282624366175,-0.295495150184137,122.0,0.0
55614.0,-7.34795494690262,2.39704134824746,-7.57235581757844,5.17781925521834,-2.85483828261718,-1.79523877381611,-8.78323473517424,0.437156561210431,-3.74059750992972,-8.33286306292127,5.76318940883843,-8.70787929219866,-1.71694948774786,-9.57719439289905,0.146369002626258,-7.58649078643175,-12.5039309695675,-4.37563101237668,2.46519487038601,0.0731637913502985,-0.175273369741836,0.543325051876651,-0.547955067054245,-0.503721690122004,-0.31093277648824,-0.16398601754964,1.19789504657005,0.378186688214491,0.83,1.0
45541.0,-1.51924353075082,2.30849245367643,-1.50359931953802,2.06410058377601,-1.00084505842829,-1.01689703316417,-2.05973051990126,-0.275166374590629,-1.56220609694371,-2.75579692797163,3.43824825990431,-3.52152936013651,-0.918761288376486,-4.45210024854037,0.499313753853031,-2.90790343439971,-5.24864639527919,-0.936814652613817,1.16012029433585,0.175018552247898,1.30787143187069,0.102825644139183,-0.0177462832428156,0.149695925673219,-0.0966024680642115,-0.369114567720136,-0.0192440931269227,-0.20831909164279,1.0,1.0
69003.0,0.972574955519692,-0.361959872112856,1.11999768581247,0.649869867524827,-0.234261645440556,1.75549635548429,-0.903272675849566,0.634881310675606,0.818295159231468,-0.455207310233031,0.326968048148907,1.14285280548107,0.592005322537889,-0.407480475008805,1.22324976194268,-1.12915318292082,0.992576752887369,-2.25179760887179,-1.59735802090864,-0.173073672224714,0.041836132464431,0.469022060632411,0.140532307942767,-0.901783145350399,-0.0429523789135368,0.441973556375306,0.0900939998635592,0.0159320438879135,20.85,0.0
25337.0,-0.940006680832459,0.448322359937569,2.00792895951111,-2.06750878316245,-0.591939110432731,-0.317384232836333,-0.117841676032193,0.193782837595912,-1.14891190344905,0.510826831120555,0.934902671971968,-0.349516238803731,0.120674662852938,-0.42361629013201,-0.243626987013781,1.76735791882245,-0.480449540261855,-0.3665092195916,0.182149945620158,0.366937144041448,0.296529027643246,0.868498365132913,-0.434426297982462,0.0157331566328318,0.591104981659646,-0.162901076485916,0.390409223202012,0.173376149046243,5.6,0.0
41273.0,-11.6822148930584,6.33288209288301,-13.2971092469499,7.69077191542072,-10.8898905208867,-2.79236003834138,-12.5617825809497,7.28712220991134,-7.57032240879292,-12.8357376825339,5.80470785195987,-12.15623949431,1.18498466280471,-10.4686770874209,-0.41674319706657,-10.999792348619,-22.6088681905866,-9.49874592104677,2.10273540686125,-1.00931993766307,2.13345628394787,-1.27150896701449,-0.0353038871622371,0.615053695038953,0.349023768265454,-0.428922796793546,-0.694935387398427,-0.818970428930229,173.07,1.0
59986.0,0.428770355640008,-1.40169596546581,0.264164745085819,0.712861222094444,-1.31330050883652,-0.820271031208404,0.397654070472278,-0.249968048751661,0.551198356155215,-0.48278326452993,-0.304585345510281,0.552218743655625,-0.0878116515684615,-0.0156254456709767,-0.0613772511577377,-0.204044979444415,0.220483940023434,-0.882971410097464,0.168897281028438,0.743245852615893,-0.0381301364810211,-0.895064753751809,-0.231150910131861,0.79888008329251,0.0241173013233691,0.776460922884059,-0.144338356153039,0.0816863243601739,421.69,0.0
8478.0,0.41545075119507,1.89391224783728,-1.94412749590287,1.87371169086015,0.526843995276862,-1.71261069974033,0.300085795023524,0.289583478514351,0.743476710842939,-1.56702461824492,3.12091956433994,-3.10952550331596,-0.247547089994528,-1.24053269104713,-0.229150084800249,1.14408677397189,3.64297985697926,2.4552712833891,-0.396644148802545,-0.158329173331737,-0.209580103717229,-0.347273358558263,0.181797349577134,0.0820935886400227,-0.572237885293208,-0.461807740750195,0.0909470605765245,-0.0649861487321906,2.3,0.0
58067.0,-0.264868683737295,3.38613996883911,-3.4549969895002,4.36762905773351,3.33606042827178,-2.05391842272465,0.256890458421417,-2.95723544083265,-2.8557972336327,-2.8084555425423,1.84750351109611,-2.4148223375383,-2.57322454244165,-6.5991261303635,0.123470382678038,2.57237180761341,6.60936580903842,2.53066979960508,-3.60265725092653,0.482513022122587,-1.39450379366468,-0.166029306744804,-1.45208118338289,-0.251814670710545,1.24346054282121,0.45278677690471,0.13221807596169,0.42459946550375,1.0,1.0
67358.0,1.17600426304496,0.709278166325474,0.34826899378668,2.49720209695924,0.128399839779695,-0.682795016115355,0.497113572102123,-0.284213346384132,-1.08941096624334,0.671311095786686,-0.35202578228932,0.491433914511417,1.10486174562749,0.200563475414973,0.175039765606749,0.412016050256304,-0.588967081987938,-0.576197778069973,-0.929428854247773,-0.0496308979641381,-0.0237307072091402,-0.0838390347595094,-0.0818319218507571,0.417707470617144,0.639224467967678,4.97224916121257E-4,-0.024047468031681,0.0215483577918463,22.98,0.0
26523.0,-18.474867903441,11.5863805198184,-21.4029168131391,6.03851541556808,-14.4511581398683,-4.14652350569915,-14.856123673178,12.4311404723263,-4.05335328722588,-9.04039624894471,5.96620250720685,-8.46396612952571,0.0786921317878341,-9.09253265181295,0.0108220973904713,-7.1863755078292,-13.7974745003699,-4.95849390971089,1.32116655982617,1.5779244011474,1.74113559593371,-1.25113794883836,-0.396219126116475,0.0957055555718895,1.32275094272025,-0.217954564863573,1.62879253147016,0.482248274865402,99.99,1.0
84694.0,-4.86810843844627,1.26441977404559,-5.16788542660662,3.19364784504611,-3.04562137708228,-2.09616609885545,-6.44561018266068,2.4225355920307,-3.2140554159387,-8.74597261185534,5.41604190908794,-8.16412507731485,-0.165010607208302,-10.1935303551514,-1.89521031032574,-7.36047460938421,-14.6687710766351,-4.87711900477519,1.38560952778492,0.66730977994879,1.26920538901712,0.0576572516592633,0.629307399675982,-0.168431773502721,0.443743902404587,0.276539471570389,1.44127396787951,-0.127943726430018,12.31,1.0
76867.0,1.08256623409747,1.09486151295003,-1.36702004784737,2.01255429562949,0.708142047645968,-0.807712094137058,0.151952109111841,0.158352530916403,0.00987228422733163,-1.92527812380296,2.60593702345612,-0.309218873424363,-1.76754891562268,-4.42919458671376,-0.171939794624445,1.05551393649543,3.9705869371836,1.76224857169611,-0.880812102847679,-0.135789404251701,-0.32528376499397,-0.734343617700577,-0.106725343342181,-0.224999064492694,0.569167327221417,-0.33503264926341,0.0891401408869493,0.11233722000597,1.0,1.0
46733.0,-1.02415850517525,0.255775271465869,2.75309045119368,-1.79892309551252,-0.498652682879113,-0.228751298953924,0.0278381170957545,0.325053359854023,0.457264466471245,-1.35604902640462,-0.587753850954078,-0.50924157416397,-0.849880986578895,-0.264959727856818,0.876339890653413,1.13189528161825,-0.859250368237111,-0.0888829785812772,-2.20175287682121,-0.192430759903948,0.272503977950757,0.63223313612142,-0.252409200395605,0.124029735807423,0.116982714333597,0.933634973150882,-0.0405962627028455,0.0499413477950905,22.0,0.0
87720.0,2.00618854432691,-0.503080779702178,-0.367748704087349,0.0804185424996463,-0.364556112056883,0.344134715796161,-0.821607033736906,0.0846168118771422,1.21653896136734,-0.0656023262461178,-1.35453388626303,0.694291840575226,1.5300868318304,-0.598136165063895,0.716577923695782,0.834584742831314,-0.986646799433489,0.122257634175193,-0.010005740560979,-0.0127500148375159,-0.0191663288499075,0.0825066230009063,0.242866583471513,0.0884071978742618,-0.449533741066552,0.467568655554361,-0.0155604385075172,-0.0331372432888711,26.5,0.0
53046.0,-0.0997675942007192,0.549337767224682,1.21066860350588,0.201066403311588,0.717537663846902,0.879833408280875,0.623431421231057,-0.0222377124474337,0.136449543000804,-0.284900813689959,-1.74565485004886,-0.364522076226406,0.0750042105130712,-0.398505417972376,0.351422138900335,-0.519278877914946,-0.0928588039673049,-0.460155547304859,1.19395437926951,0.132402964208508,-0.276625723123227,-0.436381234467003,-0.129340937836222,-1.29920910328218,-0.517069026769177,0.261745264064811,-0.0105210956686055,-0.0790878930000005,24.94,0.0
44062.0,1.29798174990322,0.0718136848334776,-1.19567622096305,-0.0573220930343552,2.18197325909928,3.3519216067161,-0.454692053877116,0.79403644429897,-0.0830974449449965,0.0706892128473307,-0.17653086026714,0.0242365955852728,0.0016612094733002,0.46978401332469,1.1623051656586,0.43301211733941,-0.958390028971847,0.381490784292078,-0.0476719583937079,-0.020210255569954,0.0166673924053461,-0.0415184054161768,-0.145626299506359,1.00884468631695,0.841058688149928,-0.281013177720767,0.0225698328752474,0.0147621646167466,1.99,0.0
67352.0,0.825791101713088,-0.769345364875749,1.03697017828224,0.195619248487175,-0.61340971346686,1.37676358457328,-0.869710167872772,0.564035155489808,0.831046832045412,-0.503962878025391,0.708641363910481,0.887009489062038,0.193557804023596,-0.221499678392917,1.7543740039021,-0.991511199465581,1.06140084574393,-2.16768349423838,-1.76400861010511,0.00200546300638573,0.273487656652401,0.881912999112122,0.0521401871723702,-0.521817743520207,-0.175146288255322,1.20565263212606,0.0189522309523961,0.0212412234336052,105.0,0.0
87202.0,-0.41982017420894,-1.15597800832635,-2.09251550244986,2.78675032975706,0.736296592040403,-0.167291965690249,1.60002746290919,-0.117426851332358,-0.796953814299879,-0.133950251206468,1.03303201224459,-0.284367998317494,-1.20827980965211,-0.429211904447448,0.248945360461687,-0.928921529997167,1.67998551904683,1.31533886586358,2.22616065557659,1.27535802653094,0.48063971759843,0.533516931196614,1.28464540597639,0.516131270391061,-0.60294109971583,-0.305023689896282,-0.0213631449369425,0.129096385608294,451.27,1.0
4891.0,-0.851250821801337,1.31577838064311,1.33826623843493,1.64123996252038,-0.212436130033568,-0.136012462267795,0.223640508769682,0.416990493981806,0.762098216358231,-0.720600903650184,0.505677502606008,-1.96715857349185,1.71037434776015,1.75017854447033,-0.603319982215824,-1.22944518800791,1.63783336806226,-0.492806956743088,0.384775730522444,0.0472462875486489,-0.10125644866066,0.143780171511146,-0.00495693343095588,0.354518694758744,-0.119317651434729,-0.28161987982872,0.274702304458445,0.127225329031454,29.3,0.0
47923.0,0.364376991240021,1.44352346510311,-2.2209073739296,2.03698508634993,-1.23705503097364,-1.72816100636381,-2.05858236489925,0.358895084111675,-1.39330570864802,-3.50579032571994,2.81431415481622,-3.34217599575955,-0.150269366634614,-4.82032224395007,1.10260955786246,-3.15703267184314,-4.40585022452865,-2.55882785118576,-0.208809536741974,0.310979602822284,0.402729680639885,-0.132128891527171,-0.0329771760409112,0.460860836846427,0.560403798330262,0.409366102366135,0.539668285308506,0.296918378210685,0.76,1.0
61947.0,-1.31509165812416,-5.02382021961112,-1.513669411598,0.640823448634767,-2.33027625491502,-0.616211064007403,1.54814882242598,-0.613660871562497,-0.786626709824955,-0.0513876636873047,-0.625735021605607,-0.915507496881801,-0.655004288893424,0.302832335051653,0.0453111531998352,0.753134919152181,0.716758384757689,-1.26261840211663,0.367040533596373,2.87444918886499,0.999269719753181,-0.331936413026426,-1.40339484321889,0.485146312278753,0.236885286944181,-0.213132778650193,-0.283119653750576,0.248818573767205,1428.7,0.0
34634.0,0.333499490680108,1.69987344643198,-2.59656116696059,3.64394526899047,-0.585067615145778,-0.65465853161144,-2.27578851019488,0.675228968561644,-2.04241592376479,-2.83487115980611,2.80200512615164,-4.39273243849001,-1.36967144973756,-5.32728665168661,0.16315896154,-1.35938947657172,-5.09518287931609,-0.338012656200231,-0.124137989024621,0.32934171405761,0.469211944535006,-0.144362651206432,-0.317980934036568,-0.769644309522666,0.807854587509663,0.228164299217237,0.551001873896763,0.305473419992231,18.96,1.0
114086.0,2.01694721335963,0.130644343407358,-1.62023954793382,1.40708541844541,0.318544413821905,-1.17504542768996,0.574200931422361,-0.356122927408279,0.374445392586566,0.289103222965874,-1.16740101745857,-0.284242332830658,-1.40684203839632,0.762899013993247,-0.392384024365562,-0.684999856596926,-0.0610450350356121,-0.519018567344084,-0.217733058685082,-0.363690804191777,0.0401971128905881,0.277575832785298,0.00694838316895019,-0.0387165611060396,0.417265315429752,-0.486237058862486,-0.0232029871907692,-0.0634992459614528,14.23,0.0
102572.0,-28.7092292541793,22.0577289904909,-27.8558111336212,11.8450129100508,-18.9838125824286,6.47411462748849,-43.5572415712451,-41.0442609210741,-13.3201546920984,-24.5882624372475,3.48195180343701,-9.12834128617468,-3.00825547830858,0.796579962453559,-2.1022985205307,-5.66036644069929,-13.0327849564566,-5.39234917412895,-0.901040817847599,11.0590042933942,-22.7976039055519,8.31627543891357,5.46622995370963,0.0238542303884927,-1.52714472319428,-0.145225187134896,-5.68233823990698,-0.439133675051458,0.01,1.0
69260.0,-1.22378865721902,1.23573136120597,0.827373550635384,1.45958817482667,-0.620964637718242,-0.843462149919083,-0.127905227175253,0.708620353695385,-0.638403947083267,-0.655138717828562,-0.795116067679157,0.691453260044098,0.207449319968682,0.545058431246145,-0.284995446760725,-0.629035388559708,0.677525788875741,-0.359501030554553,0.643202246306467,-0.254575545617031,0.0703508860730758,0.0705429320039133,-0.164052880919515,0.736742800534987,0.189769380556392,-0.312707877343262,-0.265734427405802,-0.167231189866848,12.89,0.0
25198.0,-15.9036352020113,10.3939171427504,-19.1336024646827,6.18596883540498,-12.5380209157442,-4.02703044708406,-13.8978265981985,10.6622517826007,-2.84495398482036,-9.66878891236125,7.39441941053863,-11.6356300484755,1.42327692545531,-8.64045910049478,-0.674719538892936,-7.69556878829619,-13.6841395944616,-4.77740603940726,1.26834277321029,1.50156541071894,1.57754822493456,-1.28013712313136,-0.601294526869194,0.0404039214626868,0.99550197117886,-0.273742711729157,1.688135896398,0.527830799573719,99.99,1.0
50808.0,-9.16978982388629,7.09219680097303,-12.3540368689178,4.24306897383907,-7.1764377547738,-3.38661804868541,-8.05801194656602,6.44290866379074,-2.41298660229065,-6.13490688724113,2.82667122820047,-6.30984277729399,-0.623002385785158,-7.27986921938704,0.924233225976226,-4.21553713481175,-7.17167241498026,-2.55033668458713,0.596364320528384,0.816651661759946,0.926156961108813,-0.817706132334589,-0.150434415715838,-0.039383059739641,0.485639753958673,-0.264324608977439,1.1596904600617,0.232758088392131,99.99,1.0
60353.0,-3.97521647515777,0.581573270980264,-1.88037210743636,4.31924127992395,-3.02432976021596,1.24079277107972,-1.90955892631241,0.660717557074542,-2.7526105653686,-3.55038539904852,4.83896418696128,-6.04023537903875,-0.374460483695606,-6.22194535944177,0.958758443736388,-5.07364263456328,-10.441008666182,-3.75552460094433,0.606452965011177,-0.656511434265513,0.578984295739867,1.39731081981072,1.04532195036713,-0.303999869268857,0.00529495925073387,0.235435243641064,0.962014797484666,-0.67355739317081,454.82,1.0
65936.0,-3.5934760029271,0.78144226309285,-1.82244751422669,0.605760683474701,-1.19465586719981,-0.517194856719497,-1.72252312325165,0.128889523769538,0.0149633080909052,-2.85611682977408,1.61826162043188,-3.58137450130299,0.623706919914784,-6.16045662030601,0.494733399107095,-2.54310504010287,-5.30127339068683,-2.19271270602319,-0.09472379272847,-0.478219313417121,0.351792125839819,0.391248950287018,-0.252874890557857,-0.498042480147132,0.0101721931231225,0.909928721553306,-1.47876724603751,0.722673039450917,101.5,1.0
22298.0,1.22931233829487,-0.231009896516853,1.05220275882139,-0.517892836363582,-1.09778016473349,-0.761459797553165,-0.613837837995195,-0.147696255972655,3.02229131014617,-1.47151627264345,0.602945904788582,-1.47449387951634,2.14714080983786,1.17960609333718,0.476064494762862,-0.496099613726293,0.55671508747908,0.39611222709249,0.34544684633163,-0.111920020055921,-0.149957384890714,0.0671770277616952,-0.0399686205928093,0.36401634036494,0.491523083409266,-0.728190309985525,0.0684387507970898,0.031949271394612,11.85,0.0
33932.0,-0.783262446464691,0.524025720811056,-0.542376365706062,-2.04455467437469,0.0501118777938803,-0.538618088969167,1.08758713417639,0.261578855992649,0.865177685612422,-1.6978730709637,-2.1914279855157,-0.151410595617378,-0.551844858124205,0.51900288748582,0.0411971657111536,-0.375154762476616,-0.485418660053768,0.413708825422637,0.644767981353184,0.113390967012295,0.10507031796723,0.249105237850412,-0.00510143078354041,-1.01504036854404,0.174488933616422,-0.733436377288872,0.26429677723381,0.173867505313834,138.0,0.0
68207.0,-13.1926709562391,12.785970638298,-9.90665002092758,3.32033688288942,-4.80117593230105,5.76005855618556,-18.7508891580107,-37.3534426378925,-0.391539743919107,-5.05250236713858,4.40680552357904,-4.61075647740608,-1.90948796970811,-9.07271093398351,-0.226074450896345,-6.21155748212485,-6.24814535335983,-3.14924669470095,0.0515761185277783,-3.49304991519446,27.2028391573154,-8.88701714094871,5.30360690376998,-0.639434802306313,0.263203123457008,-0.108876929971315,1.26956635541013,0.939407362758877,1.0,1.0
29753.0,0.269614090485094,3.54975512877325,-5.81035344453706,5.80936957402456,1.53880793351049,-2.26921913566818,-0.824203333436328,0.351069915343584,-3.75905945636624,-4.59238980599474,5.47939151009669,-5.65785754091816,-2.6480760898503,-10.3848897408947,-0.225946407826958,-0.701882908954806,0.409735840500415,0.939603694029483,-1.95429995537505,0.310524633435283,0.371121111209288,-0.322289520392532,-0.549855883222537,-0.520628958812409,1.37821038664663,0.564714292689441,0.553254713878568,0.40240000915925,0.68,1.0
34634.0,0.333499490680108,1.69987344643198,-2.59656116696059,3.64394526899047,-0.585067615145778,-0.65465853161144,-2.27578851019488,0.675228968561644,-2.04241592376479,-2.83487115980611,2.80200512615164,-4.39273243849001,-1.36967144973756,-5.32728665168661,0.16315896154,-1.35938947657172,-5.09518287931609,-0.338012656200231,-0.124137989024621,0.32934171405761,0.469211944535006,-0.144362651206432,-0.317980934036568,-0.769644309522666,0.807854587509663,0.228164299217237,0.551001873896763,0.305473419992231,18.96,1.0
18675.0,-12.3396031574122,4.48826730168204,-16.5870729373632,10.1072738734101,-10.4201989827431,0.130669811857349,-15.6003233044816,-1.15769598093331,-5.3046309683427,-12.9389293107706,8.80568196718575,-13.5561301301468,1.16546376028499,-9.80988150207055,0.369987279150665,-9.50521044515487,-17.5420303090874,-6.79263778723153,2.06937744931751,-0.0855014634055812,-2.0896096332232,1.74531450014405,1.37681580939778,-0.554271418366818,-1.61074085196174,0.153725444536768,1.2124772080589,-1.86929047595671,188.78,1.0
78745.0,-0.554334984360505,1.28555972119838,0.754533037399921,0.917520371309073,-0.398828047337517,-0.890304109653795,0.24732367391066,0.4077371603193,-0.347125699034836,-0.140446813054077,-1.00756401664888,-0.925008308807398,-1.69522589115433,0.956287207985841,1.18165899717194,-0.114934567107673,0.0449845262431043,0.495841937496744,0.311713669779005,-0.118189773040595,0.254382062520359,0.73201080977614,-0.11279665683576,0.367886587842731,-0.350290971449663,-0.234277802024034,0.310690720689248,0.18056473960166,1.0,0.0
89238.0,0.289020449471485,0.5280350467731,0.211990047392985,-0.455415469955653,0.483042848099023,-0.380684793758056,0.6850959509297,-0.0856841948272304,0.109895721920706,-0.547063114696343,-1.12023076927969,0.231875933943535,0.502933501347401,-0.130342795955844,-0.264716532028544,0.15636668250696,-0.659062718398393,-0.251319119807638,-0.333698280164213,-0.0985903374632086,0.0619858052529996,0.235400148858315,0.125556453429838,0.6844487436735,-0.710754547950294,0.0551508837357036,0.0496322761469736,0.0619001873617289,24.9,0.0
34634.0,0.333499490680108,1.69987344643198,-2.59656116696059,3.64394526899047,-0.585067615145778,-0.65465853161144,-2.27578851019488,0.675228968561644,-2.04241592376479,-2.83487115980611,2.80200512615164,-4.39273243849001,-1.36967144973756,-5.32728665168661,0.16315896154,-1.35938947657172,-5.09518287931609,-0.338012656200231,-0.124137989024621,0.32934171405761,0.469211944535006,-0.144362651206432,-0.317980934036568,-0.769644309522666,0.807854587509663,0.228164299217237,0.551001873896763,0.305473419992231,18.96,1.0
86715.0,2.04356373107675,0.136941477999155,-1.76502984268737,0.567698248621765,0.0669175093861756,-1.57230328689583,0.213232291977661,-0.336187585814323,0.753549390710401,-0.484174093654381,-0.499368401849211,-0.542161931172024,-1.11820533505011,-0.610007785416622,1.03000683961917,0.285904956629744,0.543343548946442,0.679256310774368,-0.445778081380048,-0.262666043759898,0.181360820457462,0.633858984287981,-0.0129023268640057,-0.0563235832199573,0.212462748127015,-0.100882201431887,-0.00946826753635169,-0.0300939476740087,9.4,0.0
7535.0,0.0267792264491516,4.13246389713003,-6.56059996809658,6.34855667313983,1.32966566904142,-2.51347884762413,-1.68910220031328,0.303252800547589,-3.13940905736457,-6.04546779778801,6.75462544809695,-8.94817857893317,0.702724998099873,-10.7338541032306,-1.37951985681718,-1.63896011485587,-1.74635013628103,0.776744097926754,-1.32735663549015,0.587743219006407,0.370508651493253,-0.57675247317433,-0.669605371766238,-0.759907529538618,1.60505555017462,0.540675396428899,0.737040381683977,0.496699108168337,1.0,1.0
91075.0,-1.85506070184998,1.55496360697718,-1.40580882850107,0.669327345741316,-0.280229520106465,1.17865246733203,-3.45997906611492,-2.81515495312599,1.24222876512242,-4.15635447965382,2.20944075185923,-5.12231410931103,0.66129710617156,-3.10393771952109,-2.41086973192388,-2.42501563217886,-3.96062268909989,-0.125017788038036,0.60039728842723,0.536916458029193,-0.0953083066630984,0.94662891847112,-0.297402959067305,-0.368343891207103,0.198731156287359,-0.0785905919566464,0.366709355889324,0.0737667168278096,38.76,1.0
39128.0,1.33896498471574,-1.67715832999225,1.05330685135015,-1.05739597359035,-1.81214603936254,0.909284164545563,-1.73000404678679,0.308344984831177,-0.68920247940416,1.15507767895005,-0.438328354161136,0.378633127870356,0.658542898659366,-1.42752912958633,-2.86031062266796,-0.895785635621708,0.839083298890925,0.221746009620127,1.15231667567864,-0.217682670265112,-0.436534247080337,-0.531640059895867,-0.100129358622549,-0.477282110244609,0.439681012670901,-0.183102260024371,0.0862255616902588,0.0193894109680917,60.0,0.0
55040.0,-2.31550267672271,0.191415466683494,1.170224658965,-2.38814946362536,-2.19757587177713,0.536756002646525,-1.83666580316743,1.66789199066273,-2.1391765983638,0.495846327395035,0.20583753288265,0.408777550764835,0.89329010504987,-0.179049097210425,-1.34383891749877,0.00811448330931753,0.876720451640526,0.32734301801713,-0.597163958650748,-0.40428572458442,-0.0804018970940605,0.0170133616077648,-0.139383439933231,-0.303961633206144,0.380262564517048,-0.234094401926777,0.00555637478138096,-0.097739912141975,45.0,0.0
36604.0,1.23889590970204,0.227344843474002,0.0472043374048372,0.908182155103217,0.106904519449424,-0.267329277003585,0.141101027546074,-0.151115772042933,0.0754805225368789,-0.0376905478760005,-1.20157239708848,0.165952449604799,0.726927390125376,0.150650696432439,1.00605109025747,0.435945085075444,-0.858599685975709,0.124298668641721,-0.00712834267483061,-0.00795474850421353,-0.078907834850457,-0.233517964312802,-0.189634762377984,-0.609694778355476,0.694279816654031,-0.362444838629992,0.0198362158515275,0.0222589383714301,36.98,0.0
43469.0,-0.0996284936127987,1.44386710984188,-0.447930275722683,0.77757939548548,0.506405861832115,-0.692447049002376,0.694452564021153,0.171720123597024,-0.745537596225449,-0.0387517738292557,-1.3111763069238,0.222595240397752,0.890464360373994,0.618876304776945,0.610203930279068,-0.223320359106208,-0.323717316704795,0.1037828114452,0.688883951829974,0.0133383271580299,0.130256606971988,0.502344667547738,-0.0388814414618074,-0.421224067631221,-0.550648717978912,-0.363459066896356,0.317330588414252,0.161596267214209,5.49,0.0
74815.0,0.976712332632569,-0.834927456018484,0.889964483184008,0.00850604232827751,-1.04199277292583,0.518854521308961,-0.856147899799928,0.40847311796186,1.05942003486832,-0.263528894671405,0.73455509709997,0.355677237156885,-1.40973025214178,0.0647668808769053,0.0418476973468502,0.241426905690922,-0.0809093089253171,-0.0406080389271992,0.26759601691231,0.0194241763836188,-0.0217821928146671,-0.147302028013286,-0.0258500064684834,-0.254498957315341,-0.0293398425539802,1.01758413420489,-0.0485972817925759,0.0123276409337692,99.95,0.0
37157.0,1.32001372821994,0.303805994315043,0.0637605884528804,0.427993768184279,0.081986857675717,-0.529819926795053,0.186928678805111,-0.238616412610003,-0.0851093395196735,-0.0876241248201096,-0.824898180700146,0.609235678037356,1.42930031490153,0.0185600189848507,0.876708708416479,0.399437320837122,-0.737843051093105,-0.387491044751303,0.200643043846043,0.00141769940257459,-0.244138482239087,-0.641222433394149,-0.0388025388351372,-0.419210105133797,0.465697256174915,0.221481789485511,-0.0297441543589404,0.0095627215696181,5.47,0.0
35899.0,-2.85716975415491,4.04560138120513,-4.19729878550198,5.48719863078843,-3.07077616787415,-1.42268633776286,-5.65131373987331,2.01965739455388,-5.01549098658195,-6.31970750896333,3.77960220775921,-8.07709364590223,1.4408888557809,-7.89190877856627,0.530452788364339,-7.9540700449952,-14.2650559534715,-5.7710644259128,2.8921696850147,0.981608721582294,1.08032273397717,-0.561384150324839,0.102678427260093,-0.0671947227831213,-0.476931194262915,-0.103716356143308,1.16696149168342,0.663632066947765,1.0,1.0
62341.0,-5.26775974325256,2.50671895922695,-5.29092481764433,4.8861341982102,-3.34318841087649,-1.10008548506579,-5.81050918581537,1.72634335514407,-0.749277159995058,-4.83482799462627,3.54601225001006,-7.75128547808951,-1.19569394502348,-10.0185024459282,0.29639612212368,-7.47716172698803,-9.78580026201852,-4.24397714797126,2.68112678165858,-0.286043269744833,0.764265624858483,0.473261684078133,0.54848172305712,-0.15685005182413,-0.71018694460215,-0.366422677340972,-1.48676592030738,0.677664104601632,1.1,1.0
121289.0,0.708307996565254,-3.79585942150708,-2.54906913364042,-1.03216098091512,-1.45459357298494,-0.628931767683032,0.538932890510533,-0.582554902841067,-1.8675065050953,1.2563763386964,-0.797848409875404,-0.809263484394704,0.723141329662485,0.163540591028632,0.279205455390732,-0.540742743367387,0.465700554103486,-0.281500385286682,-0.378407513342661,1.32082859155389,0.196888523372219,-0.974500497666625,-0.427836454951972,0.603267373672212,-0.464952294573205,-0.427213580471368,-0.184275392018718,0.0963413230378748,865.15,0.0
55279.0,-5.75385192191905,0.577609830544052,-6.31278151817008,5.15940136394611,-1.69831984974091,-2.68328644007023,-7.93438913772177,2.37354992013064,-3.07307886895315,-7.14513662527302,6.25006758982915,-9.15082268467043,-1.37614146959781,-9.98258470738767,1.2022169675584,-7.56504249195105,-13.691474448179,-4.36686728138342,2.18142273556017,0.0175000205275833,1.17785240817647,0.175331359039045,-1.21112332108691,-0.446891081681294,-0.405520352964176,-0.165797490498776,1.50551591304239,0.359492050360598,1.0,1.0
41413.0,-15.1404496225073,7.37804241221284,-16.356367356494,9.19493491430021,-13.4661632895942,-2.95843050082103,-16.1655386244192,10.0752539455532,-7.90182112627786,-13.0094028057641,4.82823533219729,-11.0584014244364,1.99812557552295,-8.59204740189288,0.540385309176116,-10.6157452968661,-21.0178983428443,-8.39739305199317,3.18355894967976,-1.69148198782553,3.14742810473234,0.341677595071206,-1.15016247089952,0.795189734964946,-0.194542181109758,0.145963568626439,-2.45868034756574,-1.18988788135128,106.55,1.0
86570.0,2.14125015808012,-1.11870818921144,-0.593212018946042,-0.869603810877501,-1.06407607327633,-0.403740383290906,-1.0819518967399,-0.103932428945398,0.252879708495518,0.721174296423487,-1.37979321877235,-0.576235037200749,0.615390735456395,-0.656417150028584,0.27738524007898,1.39251159766135,-0.14879500167143,-0.761969217814626,0.553136793894412,0.067845039909395,0.44202883304947,1.3420427764548,-0.0384548219555807,-0.517713915146714,-0.0131022416726262,0.0711475503242137,0.0142958389033783,-0.0475591070604917,41.95,0.0
28242.0,-2.78724793061533,-0.0713403777285035,-1.50528777523306,3.36177713733967,-3.35742166883665,0.565834734346537,0.303653111125521,0.966914484943676,-2.24588195188782,-3.65142656863483,0.987277021963291,-3.83478156926117,-0.961354142524746,-3.18216808481143,-1.1260022842247,-2.95430081252595,-5.84121800175148,-2.91043029785417,-1.15585017273094,1.60739677185147,0.882940442444742,-0.246201930041865,1.75222678458672,0.219924964544368,0.15628169505776,-0.265894317684036,0.220694023253282,0.256076869786525,730.86,1.0
25426.0,1.12533553530785,1.13014648418496,-0.962975334759173,2.67568785863118,0.990074518469203,-0.243317741184431,0.316192138064781,0.122960131988498,-1.1433427947576,-0.369908966047961,1.83449419801385,-0.491243315415958,-1.12990700459946,-2.23862224442526,0.27846874170613,1.47792560308038,1.77645429510255,1.14928218583042,-1.30699464468423,-0.138813697509247,-0.166736918429935,-0.52193383894905,-0.112376257435029,-0.592076750460089,0.520791314299405,0.0433535805717847,0.0151590212632604,0.0636117222853327,3.76,1.0
86635.0,-0.0555741661498715,1.23161288829561,0.1807004299776,0.935857445647546,1.06681318622968,-0.743302821083803,1.77233779935949,-0.57169477362676,-0.663033101552953,0.165510390215402,-0.836312841465329,0.296302085320062,0.638269303345625,0.0997499629344229,-0.389251600791569,-1.33733048214914,0.0367158575003981,-0.499992366844123,0.746412858995418,0.228788707866505,0.0846858924257804,0.76738880406728,-0.294537592437863,0.0275750852322788,0.0390006419207661,-0.407307407752963,0.275777791871373,0.0234493004627623,30.19,0.0
54846.0,-2.98646550822273,-8.91229481688474E-4,0.605886830263541,0.338337780759695,0.685448451171472,-1.58195443740193,0.504206377175919,-0.233402618007887,0.636767742518801,1.01029102209398,0.00451796796642434,0.0443966388940644,0.420853062352676,-0.931614224984722,1.14797368277192,0.48306309357216,-0.152470829644753,-0.285666258848129,0.0725498490088206,-0.764274258309323,-0.875146363670133,-0.509848660993286,1.31391790371009,0.355064731381086,0.448551563224067,0.193489780350156,1.21458768687535,-0.0139228973515758,1.79,1.0
57763.0,1.21888174440214,0.187051668163116,0.529835932878698,0.506086656198397,-0.43966094251983,-0.672540059588481,-0.0562666528599107,-0.0463645509518347,-0.182883678083393,0.10964588890599,1.44588247990971,0.946541931807272,0.0220748296642321,0.477106493566765,0.354275642563695,0.509338677977395,-0.662430974561625,-0.0210456894099795,0.172850417030577,-0.0971255034725461,-0.208726540420507,-0.648883549819471,0.127049346130638,0.318367637359308,0.180796478242345,0.0780190652334048,-0.0340881090227536,0.00823786978920385,0.99,0.0
94625.0,1.70785693746472,0.0248807914815549,-0.488140038578959,3.78754815533943,1.13945148482475,2.91467262159314,-0.743357877946301,0.699135879021363,1.0084706473096,0.912806096143303,0.7653541419638,-2.04386838674929,1.00154733873148,1.32288725448265,-2.72007696175136,-0.153429555378718,0.752610596119435,-0.755785824269169,-1.91256263382671,-0.368014254987192,0.0108651916304298,0.548257831746395,0.0912182952145324,-1.00795946020642,-0.0821828177765288,0.179709188704528,0.0077377190320074,-0.0688413102470406,33.76,1.0
32059.0,-0.453101097853484,1.07792690121186,1.4839495040854,0.1453844497271,-0.0167245584846427,-0.804931997583126,0.695543905039826,0.00592748775097373,-0.501052412936687,-0.576100546685938,0.556579329130757,0.403085770439534,0.425940851619017,-0.45038526918428,1.06241979641397,-0.083013877707031,0.455835300193839,-0.807732784001151,-0.655123027491188,0.119733320460856,-0.188547914282828,-0.444566728526155,0.1037679973362,0.565308172235523,-0.285072109518997,0.0668804697746122,0.261205774077328,0.102344518632723,13.58,0.0
80316.0,-0.714011760157399,1.34807518453527,1.16940381987408,-0.0534201309280839,0.213418615102697,-0.472102908712099,0.664407811002105,-0.0804660191089984,-0.293137946206243,-0.247081549239954,0.138794371736491,0.334510989996897,0.726513350568427,-0.631118432414091,1.0969819552814,0.0210498384842672,0.231852030780256,-0.687364043503254,-0.446864979939273,0.0840044723433186,-0.17244399576755,-0.526657911341083,0.0183779958857315,0.037480365058198,-0.250413416546475,0.0599808653484479,-0.146507346910484,0.0906762936536371,3.59,0.0
85285.0,-6.71340697159693,3.92110415204576,-9.74667821737542,5.14826254938013,-5.15156271985187,-2.09938865681113,-5.93776683170198,3.57877960420447,-4.6849517505833,-8.53775768653457,6.34897930341209,-8.68160893168352,0.251179384774619,-11.6080022570993,-0.351568782034355,-5.36356643348466,-11.9390915052116,-3.58360287020043,0.897402406121681,0.135711322729059,0.954272201927517,-0.45108644858101,0.127214424071711,-0.339449869297565,0.394095513633807,1.07529509891805,1.6499059092424,-0.394905372194808,252.92,1.0
65728.0,1.22761441351286,-0.668973794096954,-0.271784826118016,-0.589439741635524,-0.604795004349645,-0.350284967097775,-0.486364540645055,-0.0108086285956747,-0.794944156080669,0.264544748886681,0.881268050432366,-0.324703760782435,-0.263263800489225,-1.11273543930467,-0.540849503339651,1.53341124817574,0.831442610720144,-0.473346676550517,1.19012126352217,0.273799209937263,-0.0260547222626376,-0.295254768133076,-0.180458520061445,-0.436538663158256,0.494649059264358,-0.28373826696629,-0.00112827864271304,0.0350745013143425,98.01,1.0
17838.0,-5.18787810836635,6.96770866359565,-13.510931139095,8.61789514115238,-11.2144223939458,0.6722478387604,-9.46253281088355,5.32870420774381,-4.89700552817542,-11.7868116556041,9.36907905765884,-15.0941631493865,1.25637700700759,-11.8521613037824,0.274429814172421,-10.6882417917386,-18.3888105354245,-6.89884013301839,2.38280793552097,-0.623737291574186,2.08608300107406,0.760190240866359,0.716805785858217,-0.646743429628277,-1.61704292571624,0.172346889503238,0.626646780979254,-0.169726031129409,766.36,1.0
32686.0,0.287952771527529,1.72873464521162,-1.65217304572257,3.81354418795523,-1.09092715391318,-0.984744665624589,-2.20231792699069,0.555087932252191,-2.03389204830362,-2.73415555507211,2.36843367282003,-3.65680265130054,-0.169534683304731,-4.74441333023745,0.765192829294304,-2.47951355643698,-4.93111196829858,-2.54740252736051,-0.90268980289448,0.265250210286539,0.262201510185118,-0.633527564205563,0.0928910102678184,0.187612655556196,0.368708354409639,-0.132474029018571,0.57656075692479,0.309842705461879,0.0,1.0
79227.0,-1.10175227036879,0.370681570377356,1.0509501759891,-0.811183878793389,-0.765543915637179,-0.0687184050622308,0.673372705622823,0.539409361869571,-0.284849072841193,-1.1218523948193,0.266345002766828,0.418630169275787,-0.947528023613439,0.401475546029608,-1.34712987978486,0.44885475355444,-0.315607130631496,0.0407820424588109,0.311037180037418,0.0864983817972271,-0.0581614912488896,-0.552325251172955,0.30466738257133,0.0168192378131346,-0.239568868285837,0.673006716987207,-0.165432340708215,0.0433216483871456,161.89,0.0
71185.0,1.29413990013514,0.436972092498224,-0.490675619712655,0.859349495925974,0.63805283842784,-0.242208127934227,0.459595491538648,-0.166490369496399,-0.233810752215289,0.001158222143624,-0.881240698303925,0.0555550421018607,0.182163381699955,0.530045165400654,0.988775533364032,-0.267515283424558,-0.342740923642812,-0.552746133596732,-0.295212563230101,-0.157191916832137,-0.0243029754426925,0.0315474857537181,-0.219694462367711,-0.744412192473838,0.89408131269676,-0.214802937460751,0.00795002184459408,-9.4427088850414E-4,1.0,0.0
42212.0,-4.45765278077129,-4.7930445935267,-1.20214714884747,-2.50851447909087,0.273794421175443,3.71226004725994,1.60140590325064,1.33436594611749,0.827241148795388,-2.81755730588726,-0.542023736243059,0.369967842390497,0.204543140052422,0.269190599650903,0.892376912435434,0.531731673770098,-0.77781869553063,1.04727443884917,-0.00795401302349108,2.90598749218977,0.765917880424182,-0.414117594740014,2.00215719709959,0.939179540885188,1.04380690066194,-0.182036296988479,-0.130654349196207,-0.235880718371246,1000.0,0.0
57007.0,-1.27124419171437,2.46267526851135,-2.85139500331783,2.3244800653478,-1.37224488981369,-0.948195686538643,-3.06523436172054,1.16692694787211,-2.26877058844813,-4.88114292689057,2.25514748870463,-4.68638689759229,0.652374668512965,-6.17428834800643,0.594379608016446,-4.84969238709652,-6.53652073527011,-3.11909388163881,1.71549441975915,0.560478075726644,0.652941051330455,0.0819309763507574,-0.221347831198339,-0.523582159233306,0.224228161862968,0.756334522703558,0.632800477330469,0.250187092757197,0.01,1.0
74838.0,-1.66016535600636,0.948201173017452,1.54710409689424,-1.50211843548919,0.266589623344276,-0.599320045589065,1.00773972587662,-0.484322951909152,0.875154583808789,0.789656106155146,0.181355419404446,0.388544052781707,0.902770272355117,-0.936873398542129,0.814957335752645,0.0497034968033045,-0.71803069225258,-1.04122955262401,-1.08853591647452,0.343517218952425,-0.284581876985034,0.0177542566752623,0.0580021050003158,0.141854325131336,-0.251147625920857,0.69070304276195,0.0680578798568083,-0.0579732019856193,25.0,0.0
88672.0,-3.85988078691481,2.63288131193679,-5.2642653095088,3.44611314661501,-0.675231056544998,-1.90495945391597,-3.2910408690196,-0.985766040904484,-1.16811416733417,-3.93629417027159,4.25656448730292,-6.60065448140166,0.00562637646602147,-9.9585309187018,2.47135790380837,-5.7001414199952,-6.38809273753128,-1.83815930102503,2.99317350708135,-0.178626358366056,1.66411901528299,0.785075271950043,0.0684124857414983,0.778960915978384,-0.863165919910699,-0.00680961441649656,-1.06573404007904,1.77332644564776,1.18,1.0
41743.0,-2.14441147422114,1.0734990949761,-2.77366294436956,1.38439373061694,-4.01547712730958,0.747235431622141,1.52563753547227,0.192987836205386,-2.43186196584916,-4.15583783449678,4.35477463025116,-2.87240010922107,0.468875462284219,-4.55566674751092,0.699671492981511,-2.90114077639634,-4.67466711122835,-2.21362325223921,1.29616504982889,0.668123787084126,0.14465327974064,-0.885681640451265,0.625098628062992,0.0965268919194303,-0.189454895625625,0.532908314019749,0.423044721673666,-0.210266310409715,802.52,1.0
93084.0,-1.05226107078014,1.27805602593643,0.393152788278469,1.2507766732495,0.380518237866442,-0.541654782446992,1.37090006187955,0.0595158135497346,0.105774128783613,-1.0983405707736,-0.320321803451708,-2.93123772238513,0.773556468368309,2.39778582160499,-0.821148534134775,-1.07224673104283,1.22503441460459,0.0734050732465737,0.687719912608206,0.0679462721929876,0.0148256897740035,0.0573625880392505,-0.276841855824061,-0.0818138584404961,1.13240192097649,-0.223764225748082,-0.148759224079696,-0.0259463893060036,121.2,0.0
37167.0,-7.92389070083426,-5.19836019923329,-3.00002392240282,4.42066620155728,2.27219396451756,-3.39448342909715,-5.28343533467969,0.131618922476372,0.658176428693037,-0.794993881662565,3.26606601582438,-2.71918495125522,-0.124103963275087,-5.274865818881,0.638575002552638,-2.99583037811248,-4.69843344927136,-1.71187122467509,3.02526099185501,-2.16981089222224,-0.734307916555449,-0.59992625988411,-4.90830117586834,0.410170234644792,-1.16766024989313,0.520507647303451,1.93742140287106,-1.55259283870249,12.31,1.0
88672.0,-3.85988078691481,2.63288131193679,-5.2642653095088,3.44611314661501,-0.675231056544998,-1.90495945391597,-3.2910408690196,-0.985766040904484,-1.16811416733417,-3.93629417027159,4.25656448730292,-6.60065448140166,0.00562637646602147,-9.9585309187018,2.47135790380837,-5.7001414199952,-6.38809273753128,-1.83815930102503,2.99317350708135,-0.178626358366056,1.66411901528299,0.785075271950043,0.0684124857414983,0.778960915978384,-0.863165919910699,-0.00680961441649656,-1.06573404007904,1.77332644564776,1.18,1.0
67131.0,-1.86852759668804,-0.673668626181234,1.51720011687758,-0.326963688753784,2.2509398173574,-1.25950727011726,-0.348224733847637,0.249186014611565,-0.683875718927406,-0.741696515387243,0.586046586860201,0.316906596648612,-0.0122763187764981,-0.174664813312422,-0.0393723614822746,1.04594736407665,-0.742137358117945,0.646544787219144,-0.05976233510375,0.391956307348918,-0.107947022653146,-0.955151105849103,0.00656786905075424,-0.597624569861677,0.373679075981983,0.0470791323621091,-0.0724329474984221,0.0862191767041176,1.98,0.0
39932.0,1.30953636488675,-0.584682932657441,-0.134702686037847,-0.669073902930206,-0.710115733436728,-0.919966633942299,-0.205570600642398,-0.13530611392572,-0.866809278446772,0.636438180324516,-0.240982194789462,-1.40832637467417,-1.72500085102324,0.506460084048522,0.90625441268269,0.645748758715393,0.780340485440907,-2.12479924438925,0.434231620413896,0.00278940528998134,-0.111657338810475,-0.600246863010698,0.0854255924964302,0.0211981147411727,0.301000670679398,-0.42022422564189,-0.0262382977071258,0.0108774002089533,55.97,0.0
59219.0,1.21325802597679,0.268370987874406,0.500584540195362,0.561098256736522,-0.199460642627213,-0.48958624149855,0.0562331806319055,-0.124357606439611,-0.115093592425689,-0.141374287389545,0.180619079499656,1.00132839494969,1.32564813384917,0.0630366403051112,1.1719595116623,-0.0370936988756506,-0.203868694740116,-1.11637275000695,-0.484800727792703,-0.0534024412421151,-0.216578235917611,-0.548093607859332,0.152093375127803,0.109876717902755,0.178905054387926,0.119950172394274,-0.00640761930803578,0.0183836083659619,4.29,0.0
40662.0,-4.44684654752268,-0.0147931576652609,-5.12630699550863,6.94512997633611,5.26925534782033,-4.29717716297717,-2.59124168468427,0.342670615268881,-3.88066304488519,-3.97652513857503,5.73008435556377,-5.03186814827248,-1.13543910933334,-10.7870505700202,0.265456230525684,-1.10421746262461,0.636412737308571,0.994101368746143,-0.688720555143152,-0.108006422684084,0.247912823388783,-0.0495861794607239,-0.226016961592253,-0.401235601042542,0.856123603036307,0.661272426708284,0.492559738814261,0.971834350005126,1.0,1.0
17220.0,1.18978435670385,0.942289402014327,0.0823341450498769,3.02404970580847,0.412406009418248,-0.214414558479438,0.0535578385040748,-0.110353351082093,0.883797757350066,-0.554223900525873,0.154921008931302,-2.77675657494788,1.6412066261065,-0.45607695680899,-1.24041439240797,0.857322735948866,1.70702446635297,0.526349196477535,-0.865104609842214,-0.143434644974988,-0.502635558485173,-1.04739752764089,-0.0567520238885425,-0.340688404752184,0.541235201259928,-0.0983002868955662,-0.0030411199129353,0.049819020358336,3.79,1.0
10253.0,0.990232280615342,-0.27734494470656,0.483020552794388,0.755245095119714,-0.552512086733515,-0.508173529204099,-0.0760214099632058,-0.200180342798507,1.59019930362899,-0.520966491790109,0.187922882323888,-2.59039741009651,1.56441142805334,1.67113281968016,0.549001584101421,0.614490233914245,0.110398447194124,0.111205545022829,-0.225405744071027,0.169280852305125,-0.320352780350582,-1.0493200821444,-0.0265709824597079,-0.181776357165908,0.093200218833914,0.185638529018054,-0.0843997104032657,0.0362022613553732,155.8,0.0
29531.0,-1.06067628419757,2.60857946990866,-2.97167900258071,4.36008935234848,3.73885304346426,-2.72839507263672,1.98761635466291,-0.357344707416169,-2.75753451251209,-2.33593332652232,2.11151686706104,-2.59194964968951,-1.9505893546741,-7.31157981735935,0.0777527657738322,2.29060783198994,6.50927165018434,2.56997142628646,-3.28615008214787,-0.0890615369649179,-0.0631678773494982,-0.207385284031508,-0.183260817119722,-0.103679373403096,0.896178353364318,0.407386872028391,-0.130918311231478,0.192177382137495,0.68,1.0
93879.0,-13.0865194204794,7.35214833905529,-18.256576111808,10.6485054461688,-11.7314764509112,-3.65916740569145,-14.8736579646075,8.81047267511276,-5.4182040716445,-13.2025771482197,6.35722736343626,-15.5316111795156,0.659694875353275,-11.4123295951252,-2.44757607431839,-9.83374302098841,-18.1746174349071,-7.269904593126,0.623796611777714,-1.37629840858733,2.7611570593153,-0.266161809571132,-0.412860724865388,0.519952215674181,-0.743908960008006,-0.167808225140728,-2.498300252188,-0.711066151912636,30.31,1.0
101964.0,-1.07730180098601,1.03988044344268,1.7179070911097,1.28241408289597,-1.17686825207871,1.27776600847367,2.41668015133759,-0.587622580860981,1.28619450016318,-0.743767492129238,0.0833440659597867,-1.71929896430037,2.89380407826544,0.482651970255454,-1.55334476492418,-1.00568268718337,0.888817810030952,-0.617164759478745,1.0336545121884,0.0196126466814944,-0.823129552960529,-1.26721556161179,-0.0449348136451169,-0.0802852986622637,0.405122392898881,-0.861616226795006,0.161309146651304,-0.223198644830205,366.77,0.0
111961.0,2.0142344084934,-0.297137263811448,-0.268324636686737,0.304313686641967,-0.716829849261123,-0.76993144989899,-0.502731947464534,-0.177471354559216,0.898194119505067,0.0279821843990114,-0.591739277926621,0.864450629166701,1.34363569173395,-0.313162103946404,0.745686567351925,0.473405255430035,-0.703830063349882,-0.0900570147309136,-0.389276999479087,-0.113113624927034,0.190628321652122,0.756085357716546,0.181181354808866,0.131365870973185,-0.312315477418698,0.645407072509868,-0.0276070118894271,-0.0460530813836725,5.6,0.0
56611.0,-6.32912580421729,-1.85117252717653,-0.764766515572529,1.98571233874163,-0.354923906186953,-1.23571766659601,-1.27277232679308,1.07368125781365,0.101704120298363,-0.0455274633727839,-0.56064815881992,0.944961948845905,0.337066394481315,0.741122369435117,0.758725211736101,-0.320739787017963,1.27381281455817,-1.04082598220398,1.26045296596032,-2.79054309922318,-0.623218195029877,-0.0406950757871389,0.316387332296193,0.591376046698744,0.0241237897865966,0.391680371513231,-0.828210610822169,-0.161819304379509,1.18,0.0
76826.0,-6.61629292560656,3.56342789803106,-7.05890129814843,4.28434595524384,-5.09629887292392,-1.76861780360559,-4.93755412732933,2.74845954534783,-3.79675959454545,-6.8254901042394,3.25959475409854,-6.94389061823948,0.43597516308899,-6.94701030902337,1.01100406527995,-6.16683742461485,-10.564346602529,-4.01018815310236,2.14350179519978,-0.54163415582255,1.21597610572025,0.0411777442210425,-1.05909770217904,0.275662062254882,0.057424927985318,-0.265838484019501,-0.514636936427821,0.388590269335523,254.76,1.0
48916.0,-1.12048441021581,1.08218011974375,1.37787022397295,-0.655869338803326,0.35737881339375,0.195151179246443,0.4499317327845,0.362511837277634,-0.207940555900866,-0.339750329816885,1.60441082101932,-0.217444677139042,-1.94116093754567,0.0326847239287426,0.582420560478157,0.30629792942137,0.174832369244258,-0.431767921676284,-1.16666152355144,-0.168772429186574,-0.167566050734707,-0.681004872355209,-0.0551648544197758,-0.398950198699571,0.0791103132819058,0.0454654116771818,-0.221411938706881,0.0206576963024103,3.56,0.0
48006.0,-0.499559867146791,0.960204495676557,2.02076485365038,1.13757500358122,0.640819139405093,0.190775927951106,1.21801988145493,-0.631013282720841,0.182266215541765,0.698269495249424,-0.26913594420982,-0.00757693890873803,0.00762034149568642,-0.736647279295207,0.348177123683462,-1.50620338463139,0.31477702741372,-0.814873806526867,0.775611989381342,0.318610363683355,-0.187959061968861,0.277737502798386,-0.372797392253576,0.109104570527588,0.0846543891998796,-0.284855123738585,-0.353774239453734,-0.500980305451956,11.22,0.0
53727.0,-1.64927881611351,1.26397355628777,-1.05082567399718,2.23799063903423,-2.52788923751396,-0.889939993137591,-2.35525367110661,0.85465864123984,-1.28124261677782,-2.70501138232752,1.17447506014201,-4.38191956749248,-1.22666589816604,-2.95382425341893,1.99416119386347,-3.30425391022094,-5.58579436647491,-1.64370403169872,2.11863332532912,0.0874063699474628,0.679176431149171,0.731907051356776,0.333045475501739,0.392505235969248,-0.274197297543759,0.802348667525187,0.390808552793314,0.11214553148245,112.45,1.0
6747.0,0.847182478962054,-0.20764022800908,1.49579766974134,2.03689555257034,-0.749207116827505,0.675559184690286,-0.671493897920314,0.197936059074138,0.95592432681022,0.0975122988477938,2.47624604068564,-1.04232305540803,2.76351044267545,1.1046465888703,-1.09058773385128,0.619279310501126,0.316239191190475,-0.00651312915505128,-1.16354248540445,0.141271253382384,0.0946346458919054,0.408060046446077,-0.0681059166860878,0.260849801396426,0.0321185092394658,0.983399329301855,-0.061410480861622,0.0249511839050933,121.53,0.0
84343.0,-2.75671947015288,1.80161481170409,-0.411879065272458,-1.44141380691314,-1.301439359033,-0.449663403931851,-1.12331200162656,1.84623202150394,0.453447308108101,0.0172593026744303,0.319915643701217,-0.129893665277138,-2.38105173246976,1.3970444138026,0.325995633999418,1.10604497033312,-0.116295441883088,0.153137134313586,-0.76601482966733,-0.289735229795964,-0.057040480823184,-0.370588090142084,0.310692874871959,-0.351044041242591,-0.166904840185649,0.741818697689914,-0.394294640076398,-0.287947553773329,1.84,0.0
67523.0,-1.11055391246012,-0.180847889202682,2.86030063143836,-1.2355698045929,-1.73371511480003,0.355253162038944,-1.26360005967583,0.948729346211558,0.0646267597873371,-0.751993821139108,-1.27160278621648,-0.865833945260603,-1.63377281743214,-0.880149717337593,-1.61247426232818,0.519608670846848,1.32089831218923,-1.60759319510296,-4.66485400787531E-4,-0.201860526866074,0.266258396156317,0.839969826658547,-0.279194278748465,0.431889237035186,0.345927190782723,-0.117546455810219,-0.0132777770065901,-0.00783666534483571,1.0,0.0
11002.0,-2.10393137577723,-0.388686869784846,1.3356341707254,-0.354817137833383,-0.0135248156510592,-1.40704489508068,-0.288710227456829,0.354492644586154,1.4642674427648,-0.996842648958745,0.109443034602227,-2.95101608427099,0.881920496863424,1.75348386249822,0.0829827062785787,0.825515666777457,0.225506068452227,0.437606598980087,-0.844319320538559,-0.28799873844207,-0.0286159111619571,0.304170546051104,0.905963907601282,0.345810053217737,-0.18499411000966,0.884356807578521,0.148958028447537,0.00109159846544326,39.0,0.0
56887.0,-0.0754834663888726,1.81235458422751,-2.56698081016962,4.12754860722303,-1.62853157024518,-0.805895445766318,-3.39013454458215,1.01935326231828,-2.45125125188341,-3.55583492739064,4.31571103012142,-5.47980167679906,-2.11550315600957,-5.5887855765974,0.280108069299552,-3.50723062361012,-7.45709493793125,-2.32549168188332,-0.440434552920779,0.338598140549314,0.794372451897782,0.270471232297866,-0.143624140755259,0.0135659145316466,0.634203128800614,0.213693187250942,0.773625466697089,0.387434054572014,5.0,1.0
62330.0,1.14086473658976,1.22131743135767,-1.45295546048243,2.06757505760281,0.854742052227546,-0.981222507744598,0.325713913670098,-0.0377214068783676,0.113219371615132,-2.12697274994354,0.915947028928619,-0.468571538051367,-0.523377293666349,-4.86186658087283,0.421013353871263,0.866440624739209,4.08248488419359,1.1963181517001,-1.10076358353881,-0.0677120411898438,-0.377597095255037,-0.79345965987036,-0.132333171548173,-0.33158626897425,0.664877856718148,-0.309312434134138,0.099941947375597,0.122988311929089,1.0,1.0
85660.0,-0.198064837481978,0.981119744681295,1.4241502745984,2.2763492270535,-0.302879108436489,1.7819978831615,-1.36415785000168,-1.91489199309965,-0.151999102828649,0.771164648384518,-0.452023260316024,0.12405470032238,-0.649070634661171,0.0309720124961187,-0.641897314143855,0.95665671947331,-0.652984105579515,0.908650797124144,0.405300407916233,-0.521594109921036,2.2002421444182,-0.964036987324688,0.0224622671035353,-0.893694200705553,0.535895455579087,0.138565979983595,0.290856733891841,0.247042098591735,7.04,0.0
47826.0,-0.887286905534409,1.39000150924187,1.21968581996397,1.66142517591961,1.00922783931161,-0.733908444749524,0.855828927220991,7.68462281197611E-5,-1.27563149417191,-0.433393925731893,0.141178993422237,-0.46034845602669,-0.367867931021877,-1.16833941780754,0.152107630618373,0.882231823726865,0.601804858067329,-0.304092391463557,-2.19176427800358,-0.268347371086252,-0.0837343767453397,-0.346930257215667,-0.0506187067885922,0.23104442462061,-0.450759875468406,-0.376205380931623,0.0345043694610426,0.157775320404088,7.58,1.0
113768.0,1.77747594591479,-1.84422167970373,0.857124591692661,0.132527977844919,-2.28358819362756,0.759757768274566,-1.97298451285839,0.45092262377635,1.29853728164753,0.598824246305616,-0.245616097923474,1.09670950886033,-0.0859253801524143,-1.22117578013946,-2.32728207551781,-1.46636320583396,0.165107101880939,1.7485228776076,-0.300597671819427,-0.444924178410032,-0.182060675303611,0.268965400037207,0.181423924162037,0.126658259299457,-0.586590577501111,0.707064204691395,0.0460182643136488,-0.0254533969680322,100.0,0.0
93853.0,-5.83919161928092,7.1515323543223,-12.8167600806187,7.03111476501099,-9.6512721679897,-2.93842725771624,-11.5432071690832,4.84362653179436,-3.49427572506535,-13.3207888671784,8.46024444901677,-17.003289445516,0.101556614891384,-14.094451660329,0.747030766392512,-12.6616957230679,-18.9124938172188,-6.62697484523061,4.00892074227194,0.0556838813863639,2.46205591127559,1.05486518382957,0.530480596078193,0.472669814042592,-0.275997967880675,0.282435024801752,0.104886020210564,0.254417096767513,316.06,1.0
5112.0,-1.84870708688827,0.280349148660485,0.943547820389894,-1.63033929991989,-1.06313735988128,0.0982318771007879,-1.05212334652883,1.05423695208075,0.464683049936846,-0.475709610715603,-0.544183748531433,-3.74427899154097,1.24153874568266,1.54318522551113,0.120149591427487,1.85127755444391,0.88681755193217,-0.488033208043219,-0.640122254674897,0.122612955117541,0.303376373837926,0.806491906776254,-0.279439747241552,-0.81644310115473,0.204340452497694,-0.134463407588197,0.220872181706192,-0.00117389984716061,69.99,0.0
93823.0,-3.82193880087939,5.66724730913206,-9.24496345774236,8.24614693395311,-4.36828608664298,-3.45073451820581,-8.42737802930292,2.30560850484611,-5.33807918394682,-12.0111608836062,8.62125508140256,-18.6837146333443,-0.962073428413392,-15.2976561861343,-2.41413212341002,-12.105602245184,-21.3381950868483,-8.04543571561822,0.15601503277122,1.11524688892983,1.99051970513882,0.0833533215963405,-0.0622635530228708,0.390187802079359,0.329883884451897,0.0980170825531413,1.86957016296191,1.00084956292018,75.86,1.0
40892.0,-2.14051149219032,4.10487145129475,-8.99685940156949,4.02839095079544,-5.13135934640223,-4.15356844523859,-9.36009513383968,1.92207487977653,-4.02618037499445,-13.6913151328525,9.09528815249629,-14.1681208819376,-0.140455389751523,-17.6206343516773,1.48274041096936,-13.2568330912778,-21.675483501012,-7.82346881553754,2.9951111673215,1.72557761649372,1.85426666080646,-0.165533725878965,-0.339938978813788,0.296313762529247,1.36422533027428,-0.518995630979066,2.35233346525926,1.13062483533989,0.76,1.0
65013.0,-1.859575023213,2.19750984156189,-0.643323680569198,0.647448824123483,-0.345717342793972,-1.0346656953847,0.506915314748095,0.177960205258783,0.373935663710476,2.05858436036299,1.17814070222631,0.249985968587752,-1.20718745636086,0.657901418346117,0.172211061798213,-0.445880864311642,-0.228869271677375,0.364316876504238,0.535706242045508,0.199051294360103,0.0888129789336703,0.668679078557576,0.127418116394091,0.506902467126667,-0.740829740167499,-0.596732890485163,-0.922612227587301,-0.757187602082552,1.79,0.0
61646.0,-1.52230450950001,1.50515204317029,0.372364350808073,2.28686855813503,-0.526518744404641,0.998593092488712,-1.0875560400314,-0.027248402908359,-0.533001251290556,0.169572797878818,2.79039639060721,-2.31695189213093,-0.78253178710191,-3.43173796295146,-0.527701760836688,-3.2935576903327,-3.90149898369755,-2.52544048175208,0.79514422023384,0.412800620721233,0.332216175668172,0.493980864616249,-0.0801982925908616,-0.253327337787628,-0.477799682605952,0.991739677999628,-0.952553959120801,-0.39036399798095,19.04,1.0
57465.0,-0.935525948498837,0.919747706695201,1.60294404794435,0.710210827506279,0.121077083448939,0.879903105224199,1.03662881240113,-0.895977320277427,-0.919669765309425,-0.00793824531111859,1.2512243729107,0.430932222280814,0.0691706786024877,0.260457225235095,0.769068292312651,-0.25745481279405,-0.329618583821571,0.334296041342059,0.453440539261994,-0.0478464486770964,0.881381498125922,0.337102097787693,-0.202261736265158,-0.2917876185552,0.473419254777141,-0.131997161817783,0.0342744113353546,-0.198758205216046,140.0,0.0
35023.0,-0.799014060934853,0.346447877440475,2.55773161771396,0.073146989122629,0.0666573425306798,1.67872648975999,-0.260413782063668,0.749416587654226,0.234444800194644,-0.937885701318159,0.313945227858535,0.464249555539034,-0.371643946123059,-0.314737069722116,1.09187098876114,-1.32246847283257,1.19985004848719,-2.07187948668358,-1.49458267731719,-0.159890123607985,0.133653694116796,0.655075576297617,0.0115068717059694,-0.596706000766064,-0.495001035473896,0.404010955523391,0.163129754424775,0.0988694421344698,11.5,0.0
121238.0,-2.62892199481027,2.2756363708417,-3.74536934909195,1.22694819658893,-1.13296649495042,-1.25635309994595,-1.75241984877631,0.281736387178617,-1.7923429718137,-4.82077941422469,4.17609762346479,-4.61900987976999,0.742689541505504,-7.63696288811138,-0.197887605182768,-4.14039566725884,-7.60471483249934,-1.52450539738207,1.27132193138436,0.133106474791523,0.870729582435536,1.26947278909845,-0.265494007565328,-0.480548610900827,0.169665130870596,0.0960810570397914,0.0700362725602789,0.0637683649579152,144.62,1.0
53322.0,-0.406169602033043,0.875814929141414,1.08115655152848,-0.404120283988581,0.526060089716623,0.0650709456266563,0.5298626893751,0.188729495412981,-0.489460043787741,-0.125643380323544,0.160385838343501,-0.0411064717367207,-0.405245947652668,0.381814685576637,0.295717204551595,0.761303054270103,-1.03582608189234,0.594813131962622,0.746058445125507,0.128921366181403,-0.25390740449483,-0.745206458050619,-0.154837801657528,-0.872557816803566,-0.084004778885334,0.127862163130688,0.253511017700367,0.0988197775438527,7.16,0.0
33926.0,-0.46066768831044,0.486438728831356,1.5351313354403,-0.286929263625226,-0.0551453940789699,-0.154370790547673,0.720102792196974,0.111428196879484,0.123918207960059,-0.935627717524996,-0.726196542894324,0.196513415278009,-0.400639206402676,-0.206363739121956,-0.613294592920199,-0.212810751436107,-0.0438257436174718,-1.06509039648604,-0.898570354717013,-0.124406734646319,-0.159026114837221,-0.432080699360795,0.118114460725761,0.0725674205056626,-0.23583992812967,-0.00209395338563143,0.00832830292136623,0.0385287013608511,55.95,0.0
85285.0,-7.03030814445441,3.42199090467553,-9.52507177254752,5.27089100906596,-4.02463027558805,-2.86568161775739,-6.98919473439446,3.79155093755913,-4.62273033596451,-8.40966487562735,6.30904400603177,-8.57676143258937,0.246746716929862,-11.5340460181508,-0.3642651387587,-5.45249465771382,-11.8875700201872,-3.56358481007011,0.876018768156628,0.545698040621445,1.10339774484256,-0.541854751589521,0.0369432219896495,-0.355519004066217,0.353634382097,1.04245799282131,1.35951563156376,-0.272188101257294,0.0,1.0
84204.0,-0.937843305478391,3.46288948991687,-6.44510395393435,4.9321986662268,-2.23398306982245,-2.29156112129773,-5.69559392853253,1.33882463362261,-4.32237655329329,-8.0991193981365,7.18296700883659,-9.44594338249901,-0.314619967520224,-12.9914655817567,-0.136358931959623,-6.36752437517144,-12.7343938853776,-3.84512965889743,1.00766725992114,1.12953228130351,1.06655024941577,-0.521657289347299,-0.319917292909547,-0.405859088093617,0.906802159957716,1.16578389011737,1.37449533233535,0.729889341911333,0.0,1.0
71329.0,0.766923621805215,-1.78235135069739,0.962067133775726,-0.250325045105568,-1.83033290074482,0.400167877056043,-1.06370456529391,0.340306862585301,0.0402028088222794,0.433101381198883,1.05893599180613,-0.131456380557979,-1.44725619735714,-0.344349922182639,-0.958626912976145,0.681537193002479,0.880260064384278,-1.34078878742669,0.700256673562772,0.429997621618688,0.227042696900828,0.203710548294833,-0.149697055171185,0.240551797085592,0.116170899869371,-0.266409558099727,0.011511586061754,0.0534331945304698,254.64,0.0
57027.0,-2.33565492855671,2.22537994112476,-3.37945038583039,2.17853822878821,-3.56826371512658,0.316813583664713,-1.73494800330036,1.4491394338594,-1.98003348126993,-5.71150474047788,1.83721490161197,-4.5403416445233,0.747845860345767,-6.28431406964108,-0.128887216546494,-3.5632394063049,-7.36832064555377,-2.69295315786876,-0.450550113544917,0.274027122680488,0.78554012192761,0.29741198434836,0.308536146370564,-0.598415746387816,-0.121850330815637,-0.491018310202025,0.701606041424924,0.206966343288918,444.17,1.0
68377.0,1.1339471771694,0.0526809015570847,0.843305967572946,1.39516049816287,-0.517297694413938,0.00230480070914702,-0.290538389495622,0.166565079753524,0.649397789540847,-0.146150336230667,-0.658908069888455,0.0747160642445846,-1.05758586142354,0.107101225881193,0.241728153920872,-0.369742023325293,0.208168218751761,-0.896033699707743,-0.353315093927185,-0.24523022055173,-0.32529983771991,-0.795911887629974,0.153817400464139,0.0198944899787522,0.257864454003778,-0.591483243524134,0.0560106846532302,0.0274585605648667,8.0,0.0
3081.0,-0.674055888324613,0.457964762362765,2.47924746177789,-1.30609369370488,-0.229307517130392,0.0808390399037723,0.27771249810079,0.0919298887751788,0.455288242379641,-0.584230190354144,0.689345868693393,0.91217736340376,0.357360407799847,-0.765724533657507,-1.10590668391011,0.539302895519337,-0.867246200025789,0.193977957794606,-0.0358737861267884,0.155741975085647,-0.111371345426478,0.0819613855888978,-0.277406273801493,0.0715145221097344,-0.0952816223422306,0.823250770531501,0.0997019043671067,-0.0842375544743547,1.61,0.0
113731.0,0.0633023580709668,0.863456349838569,0.188699172967842,-0.515109855388591,0.938378421416667,-0.285362700129352,1.04773794770519,-0.237265823479206,-0.136941019558908,0.00447002941966695,1.00077965048117,0.608622854377283,0.0341011052560262,0.396028409628551,0.255387196410275,-0.606604242306277,-0.636000882008076,0.72206364688822,0.701015664907346,0.151056173453536,0.36620089460833,1.46483450503947,-0.262175125494325,0.741414685290469,-0.447686904944428,-0.482976758142822,0.331634538034397,0.0603520341878125,1.0,0.0
102669.0,-5.60369027985602,5.22219270751471,-7.51682997724608,8.11772427554261,-2.75685795265464,-1.57456462233583,-6.33034325040366,2.99841888080239,-4.50816689310713,-7.33437708370839,7.18872396524447,-10.6551809118898,2.59467986078199,-10.242859083204,-0.191158119172494,-5.50433407013933,-8.69777741257031,-1.93422536185434,1.95874993153475,0.227525994742654,1.24289620552409,0.428408392466797,-0.101183595116722,-0.520199121186447,-0.176937756589733,0.461449982566097,-0.106625180749266,-0.479661947808134,0.0,1.0
100298.0,-22.3418888868038,15.53613332478,-22.8652284959099,7.04337354768731,-14.1831291919342,-0.463144880408286,-28.2151120538009,-14.6077905214735,-9.48145633401495,-20.9491915543611,4.73958247105186,-11.9249546896802,-1.50141102577851,-3.83678146634435,-2.72032883823594,-8.88010567222989,-15.8251362851177,-6.75042522352437,-0.129188144339879,4.10001904830367,-9.11042257588182,4.15889482041313,1.41292844456256,0.38280067392155,0.447153952515532,-0.632816336434319,-4.38015425911661,-0.467862869164174,1.0,1.0
53792.0,-2.48692178871937,-0.271417354967305,-0.279000430209532,1.26393417173388,-0.175879598945886,0.226319066807528,-0.0172685228126493,0.905398721673626,-0.760672976709835,-0.208285565563387,1.33188643661921,0.789978391722582,-0.423401054948835,1.18699763734183,0.9915612781844,-0.243863356594711,0.399060984266597,-0.199851844178667,0.00670549826172096,-0.839325618314769,0.172196427940024,0.725601768203947,0.493733802916341,-0.253492470464996,-0.211093919434148,-0.287225231563837,-0.107852701283119,-0.688100020621621,49.95,0.0
74721.0,1.13470892643651,0.0296263982475072,0.648588619407499,1.33268299675438,-0.410958475803225,-0.0201999891991118,-0.183313409778527,0.0815638094477891,0.645899896937558,-0.217488295897094,-0.674635615785624,0.424748044748177,-0.43187516746084,-0.0600989640852368,-0.1102328632629,-0.697517439950692,0.304468087045474,-0.800725194536225,-0.342420894814383,-0.194329975726035,-0.0509119830796465,0.110835939575553,-0.0783219186552976,0.0838468427278454,0.623064645452548,-0.28434478223807,0.0546891740948939,0.0203796771197533,14.99,0.0
27219.0,-25.2663550194138,14.3232538097233,-26.8236729135114,6.34924780743689,-18.664250613469,-4.64740304866878,-17.9712120192706,16.6331030618556,-3.76835097141465,-8.303239351259,4.78325736701241,-6.6992520739678,0.846767864669643,-6.57627643636006,-0.0623303798952992,-5.96165987257541,-12.2184817176797,-4.79184198325342,0.894853521838799,1.65828884445902,1.78070097046593,-1.86131814726914,-1.18816729293127,0.156667050663465,1.76819198236914,-0.219916008250323,1.41185477685432,0.414656383638367,99.99,1.0
42192.0,-0.875802555071716,0.2217113549339,0.844219754693672,0.0740496133492308,1.16233225466682,0.755014260125533,0.922120068960375,0.225614062178148,-0.498560773495156,-0.672721349287035,-0.0511250268070092,0.926822463245323,0.581181679414903,-0.0499947385251178,-1.48093649017404,-0.0472289282256045,-0.733499851477318,-0.0348114622734258,-0.247465972751558,0.180237191690553,0.0923388709557125,0.156575111347134,-0.00658318534752504,-1.13693004438304,0.109510273535424,-0.487418724669993,0.108160939930282,0.139970827429018,113.99,0.0
61707.0,-8.14007469290984,1.006251280067,-2.60927747099733,1.20063392788319,-1.76229980398918,-0.257586324309473,0.338989975853895,0.964727712448351,2.53029864731087,5.22096016883552,1.6408892109186,0.940563531416273,-0.00971529404167393,-0.104882177557146,1.47203016826056,-0.0902010257100345,-0.0158528413090377,-0.0498480193917836,0.149041103685732,0.625687880943105,-0.898078281313115,0.242132331503686,-1.55126344683996,0.135951801282887,0.390353175742465,-0.287611186334357,0.42802363912438,1.18222784539636,120.4,0.0
91502.0,0.0073790751145725,2.36518252886777,-2.60028738169342,1.11160176466249,3.2764413263667,-1.7761407852846,2.11453088108345,-0.830084106599812,0.900489974281822,-3.37617706712688,2.05681205985716,-3.9842567303491,1.02196791340796,-5.96790496861639,-1.15160831490592,1.67973960141233,5.58611468683053,2.78913115591619,-2.24107485298106,-0.00638849728163087,-0.563944162060269,-0.902099515410175,-0.404382448597275,-0.0129439005065412,0.589836154947909,-0.734449052212668,-0.447529183217452,-0.362374775122343,1.0,1.0
75353.0,-0.360268567263244,1.08585331804984,1.27514859755549,0.880752115194072,0.181171376842847,-0.805969730600189,0.756022767372871,-0.20284952488793,-0.58704344216451,-0.100112041247431,-0.519659475950999,-0.128202838388459,0.0201859643528986,0.312101958430178,1.02146416776922,-0.340277110202865,-0.193145923550235,0.10279380723415,0.436327276957666,-0.0186176228116414,0.176180351808264,0.505683130723769,-0.1638957685989,0.402966822710178,-0.269060340926737,-0.348155385116795,0.0318070479639679,0.177453619332948,4.0,0.0
43369.0,-3.36531852073793,2.42650326490524,-3.75222652688429,0.27601659835291,-2.30587029698066,-1.9615783188747,-3.029283444673,-1.67446174770883,0.183961286375875,-4.98092843827312,3.65788166668826,-6.40982235504524,-1.0873102947816,-8.50943318717532,1.43257178733402,-5.36989001074152,-9.06907940021057,-2.81980659631422,0.874542948076265,-0.0368373256714411,2.07000816413804,-0.512625728150551,-0.248501692422131,0.126549624264963,0.104166256940212,-1.05599732614735,-1.20016496678239,-1.01206584314534,88.0,1.0
18399.0,-14.4744374924863,6.50318451651946,-17.7126323688621,11.2703523334822,-4.15014206409808,-3.3720982088695,-16.5358068114174,-1.4439469925952,-6.81527289964437,-13.6705451263516,10.5452629545898,-15.0226996343749,0.171633085144947,-15.0663743633461,-0.259575939555838,-8.6687392723375,-12.8041408991277,-5.11662049533788,0.579200358016368,1.10124987016838,-2.47596222945688,0.342390706034285,-3.56450803816097,-0.81814019000188,0.153407682695978,0.755079460824454,2.70656616161759,-0.992916047059418,1.0,1.0
51135.0,-10.5273044341626,7.63974510878724,-13.4431145027514,4.30340291762786,-8.04820986720506,-3.46699653575204,-8.64319279153494,7.28410530047069,-2.36209663777244,-5.99659592015915,2.5891035399443,-5.9622614216576,-0.468955402702701,-6.77818372152522,0.907946622048306,-3.97013003226966,-6.85761265464239,-2.51173568202806,0.511761951503497,0.847085223070639,0.937415595523653,-0.931178206442092,-0.235696693319785,-0.0313933540844794,0.591558276561224,-0.263516323288921,1.10889729755393,0.219021143211497,99.99,1.0
70112.0,-2.23219044120139,-2.07061361056708,0.147246560125142,1.85026981221217,-3.59441007509773,2.11831004007958,3.02057609776591,0.490793171849809,-0.252385184119078,-1.30715061071943,-0.0580539037186362,0.149416959413064,-0.972858274514731,0.323635026321978,-0.945078492718981,0.149611952699842,-0.0483555298879701,1.13616260670027,0.895334951270254,2.04539732019829,0.644541420329789,0.116006684454402,2.46657350185847,-0.153902743639013,-0.425432311316812,-0.530658287497366,-0.216027765572386,0.205720517450028,1031.42,0.0
55760.0,-6.00342167645829,-3.93073139597263,-0.00704545511728066,1.71466918264498,3.41466660221529,-2.32958262254194,-1.9015116901208,-2.74611109114189,0.887673207764977,-0.0492328559624844,-0.153131026660117,-0.814309846145704,-1.89479558623308,-0.83148260879597,1.38728869521525,1.18890675852063,0.536817322665437,-0.0514032140040002,-1.23138550165184,-4.12818582871798,1.10167131666753,-0.992493706726384,-0.698258928361953,0.139897673540465,-0.205150795631722,-0.472412262665941,1.77537805651063,-0.104284625925588,311.91,1.0
121610.0,-0.410981507494549,-0.194417299656614,1.50555626767295,-1.34664132614611,-0.84558339323907,-0.521682053036093,-0.250390378423949,0.155609861072807,-0.271225067396898,0.225861378516193,-1.72861132267015,-1.279996244798,-1.44418412452155,-0.191160309862361,-0.043142500571708,-1.14629095215049,-0.203080464019832,1.74490259066932,-1.17554318509929,-0.423207926977495,-0.110422446380964,0.278380856882732,-0.0672948324702099,0.0243746725656917,-0.51693196642925,0.710946189125233,0.373319539398306,0.228286928458339,25.0,0.0
109298.0,-1.00061051985933,3.34685000184439,-5.53449117133595,6.83580203854396,-0.299803293657807,0.0959512989990878,-2.44041927394713,1.28630119597073,-2.7664382829404,-4.45800770078481,4.69653339192897,-8.76211333956078,0.985826601093264,-7.32027202211023,-1.06384045772504,-3.37112471078725,-4.25115786762875,-0.43005729986925,1.80401333906519,1.18981379228675,0.439756764345897,-0.694099203587273,0.299660329499667,-0.657600627722995,0.101647558980344,0.430457439169415,0.824685450418745,0.326952273050223,186.13,1.0
93965.0,-11.3977267217611,7.76395304621262,-18.572307456296,6.71185525207739,-10.1742155991554,-4.39591833120843,-15.8937882429266,2.08301258152135,-4.9888371802491,-15.3460988468775,7.09318207259894,-14.9797547574476,-0.148288045224015,-9.93567958156078,-1.16199939019334,-11.6468338293624,-18.3838524599849,-7.40273080415809,1.94169681013401,0.208879130047717,0.339007373241803,1.34292261443867,0.239217367154604,0.534644166424257,-0.174964905765612,-0.500240426616998,-1.72206026726614,-0.574339363297002,11.4,1.0
75851.0,-4.79366743133161,3.41891065333381,-5.07444453285381,4.03598694267746,-3.52787459906065,-1.92324150219959,-5.06598083804842,1.99688475994042,-3.09737916358313,-6.44720227383046,3.77557843937585,-7.49878345527601,0.231306922054262,-8.65826843157538,1.34330765668858,-6.17333085967808,-10.7080182544535,-3.50489419159365,1.88404425730219,0.342122343012083,1.16861781897539,0.289530903898366,-0.371888203724815,0.144761276597316,0.0847348250689305,-0.19743147093529,0.328671522253493,0.835394921353057,99.85,1.0
76845.0,1.141572041228,1.29119504187036,-1.43290045302393,2.05820222243243,0.940823737515849,-0.958273875563986,0.391154204412105,-0.0925192025989645,-0.0328285936060586,-2.15530254380865,1.0804386160969,0.0444153214634158,0.441176590070526,-5.05382476474338,0.315185256694669,0.821195361600931,4.02736603913411,1.07797898032715,-1.10727585500251,-0.00591257660665234,-0.366507064917023,-0.714464900739845,-0.14391066716844,-0.305177619493244,0.697514060032721,-0.312544722619217,0.106247471401345,0.125059863331359,1.0,1.0
62730.0,-0.72266709825187,-0.741943120880382,2.22899925265317,-2.50565827128634,-1.1176175746827,0.00365414078157558,-0.651855681790898,0.325637070529995,-2.32061706672733,0.806074385308287,0.925805295136012,-1.29716054607906,-1.19205632000558,-0.0994743902628004,0.0245234654588608,-0.0449899488262294,0.298103464551759,0.665261927147322,-0.933568675767767,-0.299082365724354,0.0855628691917433,0.378865507922461,-0.141837807824741,-0.0484409970999348,0.212667000605755,-0.16041559981789,0.0535691124912581,0.0569834157080571,49.0,0.0
57007.0,-1.27124419171437,2.46267526851135,-2.85139500331783,2.3244800653478,-1.37224488981369,-0.948195686538643,-3.06523436172054,1.16692694787211,-2.26877058844813,-4.88114292689057,2.25514748870463,-4.68638689759229,0.652374668512965,-6.17428834800643,0.594379608016446,-4.84969238709652,-6.53652073527011,-3.11909388163881,1.71549441975915,0.560478075726644,0.652941051330455,0.0819309763507574,-0.221347831198339,-0.523582159233306,0.224228161862968,0.756334522703558,0.632800477330469,0.250187092757197,0.01,1.0
40993.0,-0.150779969578148,-0.395918476283945,2.10176712188293,-1.57464534516517,-1.50639263999522,-0.602124622811611,-0.739484134218672,0.0135416201595767,-2.17229204306115,1.14051664314501,-0.821404343393255,-1.91041755930534,-0.612602226956878,-0.31153930274041,1.14593618843059,-0.474423969353315,0.720185247589443,0.71562268621591,0.428093689419112,-0.230649997231785,0.0109486321585788,0.3777573458143,-0.171191191857534,0.344710428306056,-0.168848524361272,-0.0192503045769646,0.141813605508849,0.113166648263834,7.1,0.0
26961.0,-23.237920244511,13.4873857909274,-25.1887729688701,6.26173255148578,-17.3451881651558,-4.53498915241687,-17.1004924771637,15.3746300252798,-3.84556677176243,-8.51176669710133,5.1385473219039,-7.22001986441493,0.615793286019405,-7.3272215995796,-0.0386320690669864,-6.33151509399145,-12.6888576275064,-4.84738160696153,1.02053587929144,1.63078748322503,1.76970812949114,-1.69197330547661,-1.04567292278161,0.143386499863412,1.61157707182701,-0.221575644736264,1.48123260638065,0.438124804842523,99.99,1.0
76409.0,1.11453526617326,-0.169284848792109,0.819798727072089,-0.0022355547814468,-0.701896124005302,-0.2345756407492,-0.401155432232548,0.121826683898806,0.0494308717238086,-0.0644676840281146,1.93587847118355,1.26430486630798,0.388625792127244,0.251945433761425,0.77412961226873,0.366406184815554,-0.336205913497452,-0.488559320516734,-0.195882432936809,-0.0143866729648485,-0.0822072768002561,-0.289343175992784,0.171240508481588,0.267527273240599,-0.117185346880666,0.784617339006738,-0.0515779850272823,0.00830597699482082,29.63,0.0
65728.0,1.22761441351286,-0.668973794096954,-0.271784826118016,-0.589439741635524,-0.604795004349645,-0.350284967097775,-0.486364540645055,-0.0108086285956747,-0.794944156080669,0.264544748886681,0.881268050432366,-0.324703760782435,-0.263263800489225,-1.11273543930467,-0.540849503339651,1.53341124817574,0.831442610720144,-0.473346676550517,1.19012126352217,0.273799209937263,-0.0260547222626376,-0.295254768133076,-0.180458520061445,-0.436538663158256,0.494649059264358,-0.28373826696629,-0.00112827864271304,0.0350745013143425,98.01,1.0
33312.0,1.08038752911412,0.173961770000206,1.48550778793619,2.46466390231134,-0.752561848636066,0.267360359360094,-0.648038553361046,0.148922254922412,-0.13699391289958,0.599535272891937,-0.874500934285259,0.0418269924563121,0.85063298094094,-0.340012666967075,1.07087871867571,1.39051231663184,-1.09463159243793,0.522598985447333,-1.30169946917102,-0.00252471952240719,0.236832795239442,0.62952407585617,-0.107804494981521,0.0543474961382511,0.303076742032244,0.12681696082918,0.0423618194783715,0.0459488486517864,41.11,0.0
17230.0,-0.469326705102944,1.11145278248281,2.04100272504592,1.73159516277684,0.135146841769907,-0.0936251754891053,0.266155169970928,0.0829882363836626,0.58025540346041,-0.164562674892883,0.500376369958899,-3.0217601822032,0.924213260310925,1.50079377517002,-0.400282644242405,0.706047712602575,0.115114264650572,-0.0467958788933584,-2.54852159198286,-0.358708665630957,0.159387389394564,0.592669568808717,-0.0535961838321624,0.320747502076217,-0.36912075429213,-0.136604684929151,-0.100845186803931,0.03934714768212,3.93,1.0
46053.0,1.04638946335476,-0.57216198920668,1.21992355029141,0.305103201618706,-1.47557278231921,-0.632455763257098,-0.588335404695846,0.00592339359757745,1.0748744825629,-0.421870553326532,-0.36799886820456,0.51848667914027,-0.069053281493126,-0.3934313737706,0.291166223145697,0.0802753110971926,0.0524087612583257,-0.470806304846495,0.0848103679363398,0.0744968963481948,-0.0514202657529549,-0.133572353454267,0.0344094853170606,0.788959813670754,0.0370886694541031,0.962394505473157,-0.0486246631768072,0.0327300875550714,84.95,0.0
121422.0,0.409440770828594,0.952909103134197,1.79434497982137,4.38309813039294,0.246965765714209,1.44677113139475,-0.0456816187255967,0.0959271098524961,-1.11300090992816,1.70936517027628,-1.30137138257409,-0.471039784882418,1.05273954665473,-0.579541924944334,0.908336754676172,0.391700038318415,-0.420216492894175,0.603083135899437,0.897277613230707,0.329449511512958,0.192114299388949,0.833751923994999,0.292559154505208,0.566104134566906,-1.90067971550151,0.00987775227580737,0.214861234976339,0.10738460450147,30.25,0.0
37373.0,-1.0658646708338,1.17747726970418,2.08377286181724,1.29619826159653,0.564073445543038,0.295974164493868,0.656915422201222,0.15876695742961,-1.00686625236709,0.153310939418739,0.330870937654035,0.606860817763765,0.014327280808343,-0.211955710722219,-2.02495115927975,0.733795251748018,-0.928477826531921,-0.047555866995107,-0.806841516757426,-0.223811248067096,-0.157601357413858,-0.518893364163089,-0.140235574306696,-0.0222729810414614,0.117121855287104,-0.358995021165181,-0.201863068578428,0.0889189036678872,0.0,0.0
85472.0,-1.8470549595829,0.183125768030249,1.21002544550504,0.704760222785664,-3.29570002485117,2.68798006001211,3.80415689673522,-1.00930758593439,-1.23858148059823,-0.951498443992816,1.2232328829615,0.660443275464141,0.0659366905619452,-0.243445904817256,-1.60949551251407,0.862640639818493,-0.461828366802656,-0.780072511789845,-1.31075651256923,-0.147810869072763,0.462939226491637,-0.998566197337459,0.600392855270894,0.22944202903688,0.114660197940162,0.547685167368011,0.342435991644952,-0.149470506743976,852.99,0.0
77133.0,-0.958101492141759,1.10950695020018,1.43385870375028,-0.819827053947007,-0.507652459749036,-0.954153867211457,0.358104404543242,-0.0955439339028005,0.428342846162062,0.195651526276384,-0.457761807061712,-0.468442649623013,-0.674665173182969,-0.0392962394531219,1.16076535238556,0.266047807434609,-0.333298398221796,-0.20344732612802,0.144750553957743,0.175356259405701,-0.0860403460334418,-0.290300239163649,-0.0264927020235483,0.395159689614051,-0.295855403809436,0.849272528715562,-0.0861207453135213,0.167295850048585,0.77,0.0
76845.0,1.141572041228,1.29119504187036,-1.43290045302393,2.05820222243243,0.940823737515849,-0.958273875563986,0.391154204412105,-0.0925192025989645,-0.0328285936060586,-2.15530254380865,1.0804386160969,0.0444153214634158,0.441176590070526,-5.05382476474338,0.315185256694669,0.821195361600931,4.02736603913411,1.07797898032715,-1.10727585500251,-0.00591257660665234,-0.366507064917023,-0.714464900739845,-0.14391066716844,-0.305177619493244,0.697514060032721,-0.312544722619217,0.106247471401345,0.125059863331359,1.0,1.0
115526.0,2.23420084172224,-0.660640798036527,-1.36783721506652,-0.90372317323883,-0.528080225486437,-1.3507437770093,-0.281893043876846,-0.445160954299624,-0.57199627631981,0.870625543725965,-0.699609012150019,-0.493641295844142,0.554650154422208,-0.0446732746794674,0.300204661991528,0.907882945218655,0.0766944817783545,-1.29620767845529,0.47600649150854,-0.00650916817562216,0.427575593815659,1.27338325530566,-0.0363913061559068,-0.0396667621735957,0.234488443968405,0.0745229808671198,-0.0372389121807614,-0.066176955838257,15.0,0.0
40486.0,-0.425838794245083,1.00059047523973,1.27511326480385,-0.100066597842956,0.226667688065531,-0.1951421585166,0.504204751718174,0.238871755821891,-0.587393619655051,-0.373878681873065,1.62562603590505,0.442173699929548,-0.458477812648694,-0.110640047304682,0.497202673524533,0.309593931676839,0.0620186214928945,-0.0332920116351161,-0.155962568110161,0.0633390037438897,-0.189974499273579,-0.501310848417621,0.00835321098667968,-0.0463530786966162,-0.279074256309367,0.0858467773281476,0.255133790051681,0.0836323755380057,3.87,0.0
50808.0,-9.16978982388629,7.09219680097303,-12.3540368689178,4.24306897383907,-7.1764377547738,-3.38661804868541,-8.05801194656602,6.44290866379074,-2.41298660229065,-6.13490688724113,2.82667122820047,-6.30984277729399,-0.623002385785158,-7.27986921938704,0.924233225976226,-4.21553713481175,-7.17167241498026,-2.55033668458713,0.596364320528384,0.816651661759946,0.926156961108813,-0.817706132334589,-0.150434415715838,-0.039383059739641,0.485639753958673,-0.264324608977439,1.1596904600617,0.232758088392131,99.99,1.0
25302.0,-0.582276538630811,1.38086561568332,-0.467419183275725,1.17124420339749,2.86082472000854,3.83977071778117,0.485358207941169,0.491589622846345,-1.03030416674711,1.62194257402611,-0.234104204855615,-0.690340060697356,-0.0579631084077649,0.0794479511513545,0.872727316185387,0.203527101881638,-0.820420454728485,0.200077088403093,0.49183551937209,0.230608184337074,-0.0354003537919781,-0.193005130399506,-0.13634062089311,0.989022549240529,0.0359090997297986,0.0251621427279425,-0.564525139277555,-0.12721162447468,16.37,0.0
114193.0,-0.040716742156485,1.03338402482797,0.00385376236834427,0.0505626804173751,1.0606267107453,-0.52695014529847,0.912856244665085,-0.142019471546553,-0.531685355982416,-0.842548569356749,-0.573580671511666,-0.0928076816657015,0.358205714199727,-0.899952926367202,0.413696445835139,-0.233405168359811,0.847621479119378,-0.137174272604419,0.980316464759914,0.0963474528730079,-0.232948945253556,-0.588024840000485,0.046682972084728,0.532816541813779,-0.763218687049462,0.270436986627166,0.151476120791921,0.215930181268441,3.58,0.0
48889.0,-0.551218233567126,0.967554643006258,1.57061763178027,1.31923883855156,0.56705352981329,0.269313245312164,0.763831324697504,0.154402475009133,-0.485073229843196,-0.194272569197535,-2.22643552379548,-0.864110356099193,-1.04468647327508,-0.202665165475428,-1.59589706034139,0.645718720022522,-0.776021725093277,-0.0639127713605926,-1.14287076092082,-0.249786110757746,-0.0242748738534336,-0.0250923838938216,-0.271323075952402,-0.484534809483,0.0594014406763132,-0.120760724842539,0.0969228978602505,0.129800992889047,19.58,0.0
33784.0,1.26197984604964,-0.325252160465732,-0.143104237545677,-1.10544454121612,-0.156887653384418,0.0066916662781823,-0.258470057955182,0.171291503918744,1.35164583733052,-0.888615550206909,0.618141457315353,0.649842427155054,-1.29450537610514,0.60297343390658,0.628092474701533,-0.670957061899537,-0.147131614427861,0.145536612608412,1.08807050407574,-0.213346246959312,-0.184571279477057,-0.361529396099076,-0.0945349451640216,-0.843711221326978,0.6184285819484,-0.742184919076025,0.061109401237491,-0.00162594199354509,1.0,0.0
46727.0,1.41107396613253,-0.429655661061726,0.35845995852151,-0.843172224649813,-0.634428019697167,-0.285707373238152,-0.60301285146598,-0.0574571854069984,-0.832547288473331,0.552742487030254,-0.304754489186406,-0.309384284889973,0.831240836039997,-0.272014346278116,1.03796792847085,1.06046444596337,0.28170266457505,-1.94003318871873,0.435815479893274,0.0767849286972756,-0.0975724342079652,-0.322285423138189,0.101411055129324,-0.43714008653397,0.245351552005457,-0.421664172362294,0.031036758232275,0.0143169453179662,2.56,0.0
92188.0,-1.39981456119331,1.32100231449047,1.03483846757767,-0.673077915752897,-0.248990192171809,0.168849645158902,-0.221585580784883,0.464460447319599,1.61882203934672,-0.434970641263445,1.25065381866447,-1.34997554953366,2.51274408636638,1.21347813483713,-1.51180516572805,0.495768981436425,-0.0429915616342269,0.836246973299666,-0.262803287358395,0.019623083787423,0.151215222254435,0.74709094473756,-0.203015422202486,-0.382067306865526,-0.288376127907991,0.484229053219352,-0.0897663734404219,0.222011551792147,11.5,0.0
119264.0,2.06692108284149,0.0621591621928954,-1.29108276081093,0.351817740672542,0.0766769487178866,-1.26353631012016,0.306115699798798,-0.433404886899351,0.455008746198523,-0.0200272190413069,-0.486333204178477,0.810578720379202,0.988184725866852,0.308806457624967,0.68614447601472,-0.318801144186796,-0.499491370700579,-0.267760358127681,-0.309704890168806,-0.193902349038685,0.261264799957463,0.975681077520647,-0.00399424353421568,0.0494742328731642,0.284750228306316,-0.108557487768861,-0.010251397612763,-0.057308793937108,1.0,0.0
35906.0,-3.51902954497457,4.14086717613266,-3.62820236883577,5.50567203744754,-4.05746250583351,-0.905945282755562,-6.65203112089008,2.63452416520597,-4.67940204045465,-6.54624181523522,3.53820204012168,-8.04228514248667,1.69750938374612,-8.05104890186539,1.07045739646232,-7.39595692479141,-14.3296261567476,-4.86801023649552,2.46384303909831,0.898723234092648,1.58255593340505,0.778710245469243,-0.13570727840987,-0.00427780027496027,0.0327061591060809,0.362014053476722,0.900925137512513,0.554897499272323,9.13,1.0
47155.0,1.34020135746862,-0.618271341803535,-1.24903660298693,-2.34168070328303,1.60517425852942,3.09991294217398,-0.732531808131278,0.803957378787187,1.48556830383791,-1.10021950610308,-0.195329188622618,0.699161583015118,-0.150393400001814,0.0986120848784941,0.717463910387906,-0.573839805369673,-0.250478113454031,-0.132892097648723,1.50284999309201,0.0323079875133792,-0.333561904116712,-0.860093775698674,-0.00808864967723805,1.0404352627936,0.613051770032021,-0.101757106686628,0.0133226221401573,0.00908913474960259,9.99,0.0
59777.0,-8.25711081724667,-4.81446073955621,-5.36530689032661,1.20422986423394,-3.3474200965739,-1.33160147516446,-1.96789279857039,1.29543781710486,-1.67441524280437,-3.42605225253339,0.144562690111297,-4.28352931016896,-0.24089504151477,-3.65749040377527,0.923104767832095,0.844221069436753,-3.94831185243281,-1.8075159915996,0.105878827218844,-1.23398725720348,0.436390207477188,-0.077552722802211,-3.09162435615504,-0.390200885685448,-0.288688941339997,-0.340004217403437,0.0398191045440342,-1.00790031022705,319.2,1.0
41116.0,-3.60054350412378,4.51904694695796,-6.34088353532231,6.21476727765717,-5.829557636648,-2.4780949557906,-9.93841155861772,2.83008605053969,-5.65916161145799,-11.2981564915382,7.2529532268294,-14.2750918465127,0.18890328374228,-14.5559572107641,-0.338288547453357,-12.1465401437589,-25.1627993693248,-9.04284515066473,0.787578807808201,1.38474276211824,2.26377035551642,0.620749345000528,-0.094068667085379,0.536719087381271,0.398142307216228,0.00827658674987802,2.05352425334029,0.835749002954128,3.79,1.0
59385.0,-7.62692409246447,-6.97642000754641,-2.07791115073952,3.41675415987856,4.45875840248762,-5.08040779918275,-6.57894786782983,1.76034141396682,-0.599508728352202,-4.00174208524931,2.61176184321338,-2.21069105518154,0.145323220628924,-5.28167813117348,-1.44622731547596,-2.34217826208892,-4.44208205885268,-0.812202197039381,0.254771833248553,2.87526030369363,1.22479498325958,-0.656639147267532,-0.330810728527997,-0.0789460153087798,0.270305924800976,0.431119110160139,0.821381426988655,-1.05608777393768,18.98,1.0
57007.0,-1.27124419171437,2.46267526851135,-2.85139500331783,2.3244800653478,-1.37224488981369,-0.948195686538643,-3.06523436172054,1.16692694787211,-2.26877058844813,-4.88114292689057,2.25514748870463,-4.68638689759229,0.652374668512965,-6.17428834800643,0.594379608016446,-4.84969238709652,-6.53652073527011,-3.11909388163881,1.71549441975915,0.560478075726644,0.652941051330455,0.0819309763507574,-0.221347831198339,-0.523582159233306,0.224228161862968,0.756334522703558,0.632800477330469,0.250187092757197,0.01,1.0
19920.0,1.17082671720323,-0.402598827364288,1.12176281416002,-0.569236799123906,-1.29435402776138,-0.594275585860532,-0.830776346705208,0.0854756170148295,3.01270953223738,-1.25174030589316,2.18584927953716,-1.6461880546516,0.283227280711698,1.73538948923708,-0.0479259843809715,-0.277099401863208,0.479418556299212,1.0391760490365,0.570217184080553,-0.219136951093469,-0.104955678380838,0.0742324236077817,-0.00638340055712663,0.466340280130552,0.37531770009721,-0.752399496731664,0.0534878351254336,0.020085708089397,11.85,0.0
1298.0,-1.11921453353663,1.0821695546857,1.31146043094064,-0.813251631631164,-0.0745994662300938,-0.142096751837059,0.269409609260112,-0.553539781322159,0.326566616834289,-0.154834337135932,0.337036007974032,0.119410105929654,-1.57897753056415,0.159635424314766,-1.24945045678542,0.123911442297568,-0.362118398922215,0.107328097314739,0.290935117444651,-0.0837665247465639,0.545668763488229,-0.678861176613344,-0.0813706548890199,-0.00566659215434182,0.0541443789055058,0.395176648615103,0.412901042133826,0.216679441452868,5.0,0.0
42787.0,1.17557047792327,0.27748542352411,0.400363320220421,0.634183403616823,-0.415941408651642,-0.857939137558756,0.0111134668486035,-0.0785926959667783,-0.257694224702324,-0.122727576934727,1.83154627195568,1.04437291850917,0.207796443646225,-0.095856932779746,0.369198678331177,0.612601429124261,-0.187492126689943,0.120118935336721,0.00994738213093641,-0.0450023207232331,-0.213999092186163,-0.67828044129174,0.130074819674756,0.49879761520469,0.157765984512584,0.0627139195573862,-0.0282770697061206,0.0250456918322584,13.99,0.0
91778.0,-1.78294484695039,-0.782300268710345,2.03481803751293,-0.762482207446305,-1.31378987556361,0.863737363060703,-0.868546293020067,0.914403005461191,0.619034822262362,-0.597958189248128,1.0822311344566,-2.65739509659642,0.933092189231782,1.55662132985916,-0.292794116147001,-0.841871957687178,0.445861804231098,3.10239881830668,-0.789843868641043,0.142588783983436,-0.0652269403722188,-0.0385885026014158,0.219608275455147,0.566087489543773,0.328431190186754,-0.139140507518421,0.162785960004097,-0.00588513010575858,200.0,0.0
3763.0,1.32219267387153,-0.338445202585796,0.729054882575351,-0.640536864984815,-0.696066010115261,-0.173492563236589,-0.741073912291192,-0.0546668806069674,0.0727492771263995,0.330143903346536,2.88001303397198,-1.66644204853536,2.86196259780273,1.27883525443285,-0.495902664089901,1.05835520526723,0.911131152567132,-1.39947026112878,0.329368557506423,0.0805691155657067,-0.152836456146572,-0.263981588597435,0.149198471478346,-0.025661821923598,0.142512898162059,-0.511777849896482,0.00326594108125271,0.00541403842141306,10.19,0.0
92092.0,-1.10847821852891,3.44895257232738,-6.21697180605649,3.02105161812575,-0.529900931709915,-2.55137517507643,-2.00174290819286,1.09243237369483,-0.836098368778531,-4.09564897273592,2.42595071598052,-6.06726194524698,1.83243272022382,-3.50170251648822,-1.00400820464185,-3.5012811030282,-2.941876323532,-1.12574106196719,0.37371480785248,-0.0685983809223332,0.825951491439622,1.14416978988846,0.208559481945769,-0.295497424488562,-0.690232196243341,-0.364749075788586,0.229327220125504,0.208829891689567,18.0,1.0
50348.0,-0.926541249356949,0.877021708293099,0.333516056216495,-0.334633505016536,-0.173584360784166,-0.465435921219716,1.03920912411969,0.324668457407943,-0.427499653601964,-0.867656190521833,-0.673858848669823,0.590948810288359,0.426353880694626,0.279285476218692,-0.534047532642663,-0.359607347807115,0.0935180937966292,-0.969456503361107,-0.890564328324897,0.107308814319623,0.181728302366145,0.475907476916089,0.240891750494562,0.132716686065092,-0.353352525474515,0.318821166676036,0.207235747933443,0.17720118802609,125.54,0.0
41170.0,-6.49808616880785,4.75051466030858,-8.96655783136602,7.09885431317009,-6.9583762227814,-2.82212618665779,-10.3334056561063,4.03190730189525,-6.64877821018697,-11.6344144245911,6.87757089846463,-13.6976856184689,0.463040401836978,-13.0441824003561,-0.309229265664683,-12.3175797238757,-24.0190985475902,-9.33519307905321,1.95189049542104,0.568338010653019,2.15814308370257,0.1115103626317,0.216413836254987,0.584661255488016,0.760359507805524,0.0819723426822078,1.41506751068321,0.0351241448009389,83.38,1.0
55279.0,-5.75385192191905,0.577609830544052,-6.31278151817008,5.15940136394611,-1.69831984974091,-2.68328644007023,-7.93438913772177,2.37354992013064,-3.07307886895315,-7.14513662527302,6.25006758982915,-9.15082268467043,-1.37614146959781,-9.98258470738767,1.2022169675584,-7.56504249195105,-13.691474448179,-4.36686728138342,2.18142273556017,0.0175000205275833,1.17785240817647,0.175331359039045,-1.21112332108691,-0.446891081681294,-0.405520352964176,-0.165797490498776,1.50551591304239,0.359492050360598,1.0,1.0
35942.0,-4.19407367570647,4.38289736244467,-5.11836337307965,4.45522984017686,-4.81262068168969,-1.22464470658392,-7.28132786701771,3.33224979453268,-3.6796585127756,-7.52436833681058,2.95434436554049,-7.09982534281257,1.52036890797685,-7.68780276684597,-0.225002021021292,-8.52085016639749,-13.2772997431934,-5.25370461976771,3.62333181402755,0.579098497681141,1.55047296606276,0.614572855219804,0.0285207917962781,0.0137043244720008,-0.149512012856955,-0.131686656095248,0.473934221832509,0.47375748155095,14.46,1.0
76580.0,-0.645651381364712,1.08550214260182,1.68637298237686,0.875064142855037,-0.0702915054741294,0.156033285235537,0.31822568187527,0.0479243376376921,-0.543767466779413,0.166578627278946,0.464731077791131,-0.00116111501457444,-0.164293068446533,0.318838671757888,2.30496422884849,-1.14757604929285,0.896235856536402,-1.1437993816669,0.850652268878936,0.041620591097801,-0.0282580433180825,-0.156580145102771,0.113492950543414,0.0931894538481136,-0.74889526284383,0.303670065385058,-0.273453308165528,0.14027401978396,3.99,0.0
115691.0,-1.55027271502021,1.08868850191044,-2.39338766218981,1.00873271714408,-1.0875618874048,-1.10460238189499,-2.67050327670088,0.147654676391109,-0.978625549290056,-3.51413330486723,3.58604242366444,-4.05335784837839,0.862426024955809,-5.76582302154173,-0.507511029549388,-4.92186514350783,-9.56726769048681,-2.77297411117016,1.71709526842855,0.327490457262181,0.802316031461701,1.03710478869922,0.0958154204904633,-0.320190913384423,-0.0807306312824349,0.0910116872058309,0.0249284934943241,-0.0778199786198624,17.06,1.0
93860.0,-10.8502815883108,6.72746568826853,-16.760583409542,8.42583167857118,-10.2526968683093,-4.19217104406337,-14.0770860104531,7.16828793346092,-3.68324217370244,-15.2399619587112,8.03070840755191,-16.0603057628826,0.270529742348469,-14.9529810390579,-0.241094883743813,-11.866730636746,-15.4869899240937,-5.74865155747378,4.1300314273319,-0.646818272966729,2.5416369467068,0.135534921100722,-1.02396689219897,0.40626452579196,0.106592778669641,-0.0262323892202069,-1.46463002356247,-0.411681819907858,78.0,1.0
21662.0,-18.0185611876771,10.5586001882538,-24.6677412485732,11.7861803616399,-10.564656569212,-2.64568119936245,-18.02346767268,2.69365540308048,-6.21946362785238,-12.7447607871859,9.31813768535999,-13.3778574339457,1.02192386777466,-12.7843458873548,-0.451145843251939,-7.55136493140559,-11.3259968724596,-4.70125277749548,0.516317073274611,1.00770320533757,-2.31947946208034,0.908838783150801,1.35290370698024,-1.05922233762791,0.185750941504222,0.687037383632165,2.07808058379956,-1.42951702264525,1.0,1.0
15817.0,-4.64189285087538,2.90208643306647,-1.57293870931742,2.507298518227,-0.871782564349351,-1.0409025722626,-1.59390073966645,-3.25490508581579,1.90896268593707,1.07741752106048,3.33850216040272,-6.54261034532574,1.09953638182128,-3.26647554459315,1.01472790444294,-4.84238307827835,-5.269876299726,-2.34466857415508,1.95922405409272,-0.465679220344122,1.96359666634146,-0.217413915973245,-0.54933995583883,0.645545202036521,-0.354557818794591,-0.611763845006479,-3.90808047547799,-0.671248265147117,11.39,1.0
83095.0,-0.438419533026143,-0.137296578136334,1.94103987604835,1.09634541418434,-1.48326650929219,1.29869426017487,-1.7925659646438,-2.35954477211597,-1.02684544468943,-0.190729835685425,-0.932655351585057,0.464503360505103,0.146693724854614,-0.0924552292228802,0.114927128670938,-2.16045451663117,1.00777100882756,0.761511197558969,-0.405269786098978,0.535391992411051,-1.72903543701029,-0.505761524333054,-0.154892048283404,0.0379003182786027,0.956773202483967,-0.146865638862722,0.112525691851979,0.221620459366386,138.38,0.0
65603.0,0.981962662488586,-0.0432070917423564,1.42420102329248,2.77850679976545,-0.946940112584742,0.160045981949587,-0.519133271719749,0.196497754923615,0.236430256406447,0.484990091663146,-1.10957866352382,-0.304318927877869,-0.834160629667977,-0.221494040208949,-0.19596318164945,0.673812060102026,-0.364214454792879,-0.0746228355218935,-0.857898399506221,-0.0687347197296108,-0.0519821162662159,-0.207345009624365,-0.00966494095319808,0.361034420372709,0.241169653377524,-0.0482566490003953,0.0230498365863125,0.046757266689396,74.54,0.0
80078.0,-0.802765016996255,1.03864165526046,0.568013070689116,-0.238761182726556,-0.424650070120555,-1.24710606391023,0.840790512045058,0.239158899999516,-0.278338052290709,-0.739771303553652,-0.763978887572547,0.128521162766874,-0.564627279576727,0.451645025475251,-0.710675297627339,-0.131391168888954,-0.00746303890976397,-0.536530056130739,-0.632989078925969,-0.0705580940294976,0.127383385664085,0.348762873933843,0.113911294395465,0.752133484195751,-0.381951953582001,0.274087830107189,0.207090343783654,0.177284783538121,62.16,0.0
71020.0,-1.24745625530493,0.186519106425011,2.67784667990753,0.0929622542146628,0.299129011883434,1.52228612663167,-0.389441312343813,0.813569870732077,0.260266831790471,-0.78947373692268,0.398784236110064,0.616080350165479,-0.0947250471470451,-0.397351288422745,1.13211875881708,-1.35237328718574,1.21251365700892,-2.10485445723497,-1.49489438932099,0.11610875722195,0.0902843118665266,0.545077117085052,0.0105384869039017,-0.606522934876518,-0.10551261629658,0.475444416943372,0.35492566170959,0.132834413156868,20.97,0.0
64785.0,-8.7444146436792,-3.4204679837707,-4.85057473189452,6.60684578567387,-2.80054617200457,0.105511583647205,-3.26980129883546,0.940377922978903,-2.55869060182863,-3.62477471396623,5.26786160380362,-5.58369692598496,0.173895592410693,-6.67997675520914,2.08419914311417,-4.3488914455328,-8.76078602293495,-3.40754854415232,1.33293006548133,-1.81831542477292,0.102912553839685,0.311626102287519,-4.12919549979785,0.0346387321763146,-1.13363123097119,0.272265246225774,1.84130726881613,-1.79636258672205,720.38,1.0
102542.0,-1.45687631770562,3.74030556080113,-7.40451844591174,7.44096403590735,-1.5498779534738,-1.66169686169337,-5.75721301357641,1.61501101078404,-2.19488072574389,-6.80713525144464,6.82579316213884,-10.3997491177692,1.83644883978883,-11.872845098188,-3.6423925983095,-6.0441031440521,-9.75077638654123,-3.11637225405711,0.0653171492484702,0.529557330911833,0.957897451629944,0.145339479676781,-0.0447039008346728,-0.544961671329029,-0.757756535554721,-0.00535236923589807,0.318152285707546,-0.323553622642371,2.28,1.0
79062.0,1.29569855608148,0.305461777445634,0.324105058623275,0.494940495424515,-0.15294568361942,-0.685212827755373,0.116222942054615,-0.227919362343411,-0.0651593805926717,-0.0930643449595978,-0.49881360269259,0.711810574270985,1.35545040102219,0.0197891029379846,0.96372318402899,0.403378852728725,-0.65854809196699,-0.496721152012888,0.0623242928415564,-0.0156777325265556,-0.279120421624559,-0.758191893035301,0.0632939631144589,-0.0938231972842047,0.316115132360517,0.122275779437995,-0.0235144581281825,0.016046865864613,1.98,0.0
90007.0,1.91946217858159,-1.80385779887533,-0.472479846935563,-0.761617896268732,0.395427490205148,5.05736485147268,-2.67255562891426,1.34819689286033,2.66117451554217,0.0928143998900353,-0.271840864165897,-1.98219557704283,1.74134932086005,0.145508754200226,-1.97226012248233,-1.75558988992183,1.01126551155538,1.39363772563415,-0.86732042184773,-0.509173661876794,-0.421809281072672,-0.124597765138068,0.277136787627292,0.693868034850648,-0.501823997129089,0.719361969206257,0.053872150245263,-0.0379187393737642,46.94,0.0
40086.0,1.08369268125484,1.17950120574809,-1.34615039129229,1.99882440095464,0.818034176163642,-0.771419407716543,0.230307373480955,0.0936831311994367,-0.167594341704434,-1.95980925751416,2.80433477984687,0.312424168769405,-0.595976467281167,-4.66257695501824,-0.299515020029103,1.00141391934549,3.90282478361756,1.61960922680862,-0.888087464222472,-0.0601585380014646,-0.311999618117422,-0.639699711353317,-0.120249014807271,-0.180217694458199,0.609282565276013,-0.339524442352566,0.0967012906089022,0.114971915513805,1.0,1.0
29531.0,-1.06067628419757,2.60857946990866,-2.97167900258071,4.36008935234848,3.73885304346426,-2.72839507263672,1.98761635466291,-0.357344707416169,-2.75753451251209,-2.33593332652232,2.11151686706104,-2.59194964968951,-1.9505893546741,-7.31157981735935,0.0777527657738322,2.29060783198994,6.50927165018434,2.56997142628646,-3.28615008214787,-0.0890615369649179,-0.0631678773494982,-0.207385284031508,-0.183260817119722,-0.103679373403096,0.896178353364318,0.407386872028391,-0.130918311231478,0.192177382137495,0.68,1.0
41991.0,-4.56634156694274,3.35345148012501,-4.57202780762531,3.61611930403552,-2.49313810882875,-1.0899997127127,-5.55143306976649,0.44778308394893,-2.42441402571208,-5.69992228265959,3.58682418337431,-6.63622904939297,-1.1281764439465,-7.24554959537009,0.638325536245456,-6.85681003898144,-8.85187850534679,-4.5918832274368,0.936939858866071,-0.249127726683026,2.67446587862872,-0.0208799797343963,-0.302447083877198,-0.0863964000107124,-0.516059779833395,-0.295102234035121,0.195985145691014,0.141115102721758,1.0,1.0
121386.0,1.71053603094625,-0.303229333060782,-1.99422999926173,0.645662477486393,0.16738811308695,-1.28718947627668,0.548621080014443,-0.447146578268414,0.470610802774379,-0.626498687268417,-0.287730297266239,0.386458968212431,0.735549785482551,-0.932498182112467,0.914204048551186,0.21423685482212,0.442062138693471,0.459485763468249,-0.52321873408506,0.206958028975261,0.302774311045138,0.682154685940342,-0.20199995840554,-0.214364948354971,0.216217837721193,-0.110136635398708,-0.0277312814564201,0.00191375845150524,183.9,0.0
56650.0,-8.7620833940977,2.79103028235041,-7.68276685719257,6.99121396498416,-5.23069545140333,-0.357387950702527,-9.68562145610769,1.74933494530821,-4.49567886484426,-7.86450647898838,4.77414774007074,-8.24589788162945,-1.33349186005079,-7.97425052332349,-0.39879894749855,-7.24434047432354,-12.7600939511044,-4.82474022298701,2.83699299496563,-0.460389538640294,-0.0905267878788197,0.34858962816605,0.0511323900482543,-0.41542987238242,0.219665266254896,0.330020364891881,-0.0282517554687547,-0.156270272972183,7.52,1.0
121298.0,-1.99802015501465,-1.09026543510171,2.39875866135682,-2.2437220883086,-0.19186472495334,0.256105865729709,-0.820839801875753,0.353126256717021,-0.464380882567753,0.136492118482387,0.851183484267344,0.138086194685054,0.893050806388679,-1.12828878370064,-0.536455257497535,2.00035027073736,-0.621013720724348,-0.260479528270653,-0.0550897304812737,-0.185081099034958,0.29778745080131,1.38727403708555,0.343156732647292,0.75404952707684,0.702143502203699,-0.0631552522892808,0.28737341932174,-0.00836462331577933,29.0,0.0
53644.0,-0.536533719058937,-0.645804198174261,-0.0321753407404305,-2.31784758025534,2.58260058727332,3.10544134015726,0.0589337485418985,0.278941001713663,-1.28042561177999,0.870055360543532,-0.255354682946544,-0.799974627190575,0.207434160247514,-0.249925343541819,0.893960113507081,-1.28531766244011,-0.721724607860521,1.43179119048347,-0.170219193449294,-0.22711144505888,-0.448686556187232,-0.625096649618941,-0.228152419597167,1.04851871591077,-0.301691032222257,0.919759485666105,-0.3160645967534,-0.366564310485279,66.75,0.0
91524.0,1.95485173775774,1.63005630331209,-4.33719968092597,2.37836729179698,2.11334786136033,-1.58385066673113,0.65374545254113,-0.192892012453504,1.21760825458778,-2.8290982053899,3.50456779253823,-3.9181998797616,-1.01579192974001,-4.7045087050312,-0.968553075532043,1.85477191713001,6.02439676670687,3.53125033477791,-1.1962847755939,-0.230640095367639,-0.474437304644058,-0.974624666273666,-0.0481545042172499,-0.0235242678879109,0.362192024107476,-0.570709266940076,0.0256187202949634,0.0818803891570235,1.0,1.0
73852.0,-0.692674290450994,0.194991264098087,2.16810132859804,-0.160975409042803,-0.44444175928721,0.32121099388859,-0.140931769154653,0.214858908052224,0.232408739842634,-0.482648031343982,0.623445826810068,1.14703148941476,0.601145574026548,-0.588326797883266,-0.87381906457539,-0.23555940711283,-0.00521649059095874,0.140983357520488,1.72466963727574,0.120816156946494,-0.0866500190394176,-0.0403593076882713,-0.115266846012684,0.1174194691955,-0.450310485558888,0.984964731537113,-0.0321052852732057,0.115986676330832,37.73,0.0
64585.0,1.08043336974687,0.962830680816555,-0.27806547765439,2.74331806279958,0.412364075681078,-0.320778352962878,0.0412895489552235,0.176170299597767,-0.966951551053629,-0.194120466505581,2.14005681553663,-0.276308752749667,-1.19130573752489,-1.88027540328199,0.398271956336376,1.36743302249318,1.52266169956075,1.02631748255981,-1.57707047840184,-0.172658644566365,-0.00899617409257402,-0.0570361435998535,-0.0536915092211487,-0.0263732767799466,0.40029973123052,0.0728277709127376,0.0270429343018625,0.0632375727147923,0.0,1.0
42199.0,1.19640486050726,-0.173674829745305,0.312665726015933,-0.186140178652397,-0.332970814928747,-0.163231843746012,-0.23314212017726,0.0153614811088553,0.0448055616698195,-0.0253111909499955,0.825455342733561,0.877343768343107,0.634460744464088,0.20743596084744,0.560377659933497,0.919324686341893,-0.971195059172559,0.202064699467483,0.58969759191679,0.0938559834488813,-0.216515541421624,-0.761105094295231,0.017591361270829,-0.458195479961619,0.0779796573162531,0.771764695126532,-0.0779475130419313,0.0039468712353546,50.0,0.0
73959.0,0.482967651504872,1.81446958713673,-2.49952815900184,1.42033116269582,1.0383181936265,-1.15109361954248,0.427993969453889,0.385917780862765,-0.605384051446196,-1.2206742537029,1.40317428831098,-0.468484920443471,-0.815485112773454,-2.91414819590462,0.486101525133932,1.43215653965856,2.48505076836818,2.40892634479676,0.189157024565858,-0.0239273541144082,-0.116399261184662,-0.278315735351312,0.0311184197163728,-0.864982921191935,-0.381551933960898,-0.36229730573569,0.122342589326049,-0.0678333331407751,1.99,0.0
69394.0,1.14043132434726,1.13424300279892,-1.42945474072655,2.01222598912655,0.622800198240135,-1.1529230868157,0.22115947772768,0.0373717733484629,0.0344859259841517,-1.87964382107016,2.19166507997652,-0.487849732811135,-1.75713709936308,-4.46105120749925,-0.402884205654366,1.4109171085787,3.61925125200524,2.28492676267757,-0.443999191918561,-0.0997118777920308,-0.367136001490949,-0.891627120817809,-0.160578066799212,-0.10832596200032,0.668374321480191,-0.352393242949003,0.0719927692746503,0.113684370071235,1.0,1.0
55279.0,-5.75385192191905,0.577609830544052,-6.31278151817008,5.15940136394611,-1.69831984974091,-2.68328644007023,-7.93438913772177,2.37354992013064,-3.07307886895315,-7.14513662527302,6.25006758982915,-9.15082268467043,-1.37614146959781,-9.98258470738767,1.2022169675584,-7.56504249195105,-13.691474448179,-4.36686728138342,2.18142273556017,0.0175000205275833,1.17785240817647,0.175331359039045,-1.21112332108691,-0.446891081681294,-0.405520352964176,-0.165797490498776,1.50551591304239,0.359492050360598,1.0,1.0
81613.0,-1.0305402966827,1.47122780917944,0.820217650766996,-0.0847490158038558,-0.0931463386890406,-0.072376351321044,-0.0796386332948551,-0.154246028360917,-0.78016930392653,-0.5454559838706,1.57637031290233,0.995297829864225,0.203097152005394,0.108999880356481,0.375598598481654,0.411345532735479,0.258017144826735,-0.0579956620463443,-0.180549870127598,-0.176231964138122,0.620394963140905,-0.724458870825969,0.160305142570129,-0.0432354802822901,-0.216372593547688,0.0926537957001306,0.177233255181492,0.0213973656457986,8.99,0.0
68207.0,-13.1926709562391,12.785970638298,-9.90665002092758,3.32033688288942,-4.80117593230105,5.76005855618556,-18.7508891580107,-37.3534426378925,-0.391539743919107,-5.05250236713858,4.40680552357904,-4.61075647740608,-1.90948796970811,-9.07271093398351,-0.226074450896345,-6.21155748212485,-6.24814535335983,-3.14924669470095,0.0515761185277783,-3.49304991519446,27.2028391573154,-8.88701714094871,5.30360690376998,-0.639434802306313,0.263203123457008,-0.108876929971315,1.26956635541013,0.939407362758877,1.0,1.0
21046.0,-16.9174682656955,9.66990017304097,-23.7364434105216,11.8249902296814,-9.83054822917941,-2.51482887310345,-17.2906566748216,1.8204078670595,-6.26490348784789,-12.9166361091709,9.56711029521397,-13.7170673789468,0.899540705915631,-13.2729650621928,-0.402260044266312,-7.75409405936683,-11.6446032058862,-4.74130270962407,0.58462597267458,0.996745095162688,-2.33611095619483,0.972754726208974,1.24186581168063,-1.05108624820763,0.0380090796054737,0.672317065099677,2.10847085205046,-1.42124325273233,1.0,1.0
65045.0,-0.45878224703301,0.347572672528407,0.101321206828674,-0.995557556141263,0.613865627984202,-1.147444517608,1.02372574725916,-0.104779043420755,-0.469786735583691,-0.188992781319537,0.720216525298878,0.174577688641657,-0.79299717702232,0.667765007179677,-0.624388268117796,0.370388312025953,-0.809134062532114,0.131766497524172,-0.108013053997827,0.154805226336995,0.1714093472425,0.363628484978583,0.174038375610608,0.0352223893616016,-0.864853023718503,0.745349894647796,0.308261001817324,0.262909284570404,66.07,0.0
43621.0,1.31536366511316,0.363024014669603,-0.0367609619142891,0.492180671153831,0.0762081418535434,-0.582271936986142,0.0987122561256026,-0.174910794331396,0.0239211322278552,-0.294351706026322,-0.742595246539383,0.190047334252171,0.8094832114232,-0.424691536451813,1.10747438585386,0.702931205620057,-0.3354257624734,-0.0787826645574922,0.115019918498478,-0.0251885776008077,-0.337670419718134,-0.948891241628483,0.0201566949481129,-0.483728153746262,0.342841344913824,0.144995441543376,-0.0213565470051935,0.0232797158084507,1.98,0.0
99440.0,-0.111854197704226,0.0984914715258862,2.54836125441169,5.12966896204033,-0.102325446758129,2.25694533972566,-1.09128061284094,0.406514265968139,1.76667469112606,1.21306445516679,-1.62329707430523,-3.51863401137786,0.671377320660592,0.146826825967924,-1.85724196566271,-0.332104389846844,1.10242874121315,0.998609821051677,1.33621398182602,-0.0013513967035312,0.0197101122089572,1.0409969978859,0.488918035126119,0.415594726487633,-1.6919074692488,0.245985203020204,0.159796099300318,0.0597595543644833,15.13,0.0
80253.0,-3.9906842179152,-2.73256289233518,2.00961527486901,0.512662679786095,3.5421226539221,-2.09263872174063,-2.25414376057981,0.280106431781543,0.606214515750988,0.196420378353641,0.937273179488982,0.924121393246782,-0.752333612601031,-0.120534374256673,-1.02239458725869,-0.15469978044044,-0.10057756454284,-0.558158284065551,-0.165092786342045,-1.3482742979487,-0.429394201751359,-0.0537356763844113,-1.44820534434602,0.215103397017305,0.299574601783321,0.389270823006278,0.788536018856944,-0.155729312371362,11.5,0.0
109297.0,0.745153216872909,2.80929887414381,-5.82540635746786,5.83556642595055,0.512319881201007,-0.615622343185995,-2.91657564356736,0.776710041712962,-1.87883185000296,-4.54693575081085,4.69879549591235,-8.50778570734412,0.718249309268122,-7.62871014660448,-2.24957848303647,-2.55866861696795,-5.30462366328046,-0.956938449028105,-0.585321852047277,0.40283675391689,0.284840710005163,-0.874383479410998,-0.0839950451669313,-0.651441658316508,0.454593823671078,0.0503758982755266,0.756952562644727,0.383868938615243,0.0,1.0
52754.0,1.16905837259875,-0.959205041279334,0.31064075623225,-0.493009778521461,-1.08912100986682,-0.235911965707003,-0.650992455018067,0.139447132986186,-0.539041232137384,0.652086494560344,1.19907375603181,-0.435591304992302,-1.84096726548337,0.184978582248873,-0.833792027278557,0.403564584677942,0.922438954168811,-1.54969543985258,0.780174901985015,0.044295262461021,0.167321838818784,0.348390246488033,-0.102113525239341,0.223858210949237,0.473047303086773,-0.147530897249307,-0.00537228611974068,0.00522568413759477,78.93,0.0
82973.0,-0.968627817731748,0.865767894949412,0.716182125472235,1.24306292964767,0.552268236507598,0.265220377058386,0.013043217494854,0.619880268810712,-0.363843440354308,-0.303072225545218,-1.54294461193788,0.0111094319847288,-0.0458955074629134,0.328894798962732,0.268824517703045,-0.849650665495563,0.509689269015674,-0.346460908907234,1.03108358887562,0.148018789127555,-0.0164199020716345,0.0588034939809587,-0.220536295181172,-0.754049140629274,0.0335221318987416,-0.172312028233876,0.312795770189313,0.0671492707372075,3.35,0.0
28692.0,-29.2003285905744,16.1557014298057,-30.0137124857248,6.47673117996833,-21.2258096535165,-4.90299739658728,-19.791248405247,19.1683273897301,-3.61724178604255,-7.87012194292549,4.06625507293473,-5.66149242261771,1.29295014454242,-5.07984568135779,-0.126522740416921,-5.24447151974264,-11.2749725851252,-4.67843652929376,0.650807370688892,1.71586182428358,1.8093709332884,-2.17581520342142,-1.3651041075509,0.174286359566544,2.10386807204715,-0.209943999130567,1.27868097084218,0.372392714338541,99.99,1.0
2689.0,-0.857262822585778,0.711549516487869,2.41764616988015,0.419035949629967,-0.0185331456257495,0.332406326612701,0.42105138662126,0.310591031303269,0.308477621331951,-1.01917864984945,-1.20785309724123,-0.100903929754983,-1.16792826752497,-0.379737576852798,-1.19857568364858,-0.634302050334905,0.271028334247993,-0.697325987010937,-0.742082313878173,-0.245811507116123,-0.0454917983471635,0.1065295289017,-0.373574213943692,0.0643170908731486,0.596548529362306,-0.339145548463372,0.0846984913500082,0.0613802173807607,6.0,0.0
93965.0,-11.3977267217611,7.76395304621262,-18.572307456296,6.71185525207739,-10.1742155991554,-4.39591833120843,-15.8937882429266,2.08301258152135,-4.9888371802491,-15.3460988468775,7.09318207259894,-14.9797547574476,-0.148288045224015,-9.93567958156078,-1.16199939019334,-11.6468338293624,-18.3838524599849,-7.40273080415809,1.94169681013401,0.208879130047717,0.339007373241803,1.34292261443867,0.239217367154604,0.534644166424257,-0.174964905765612,-0.500240426616998,-1.72206026726614,-0.574339363297002,11.4,1.0
41424.0,-0.326326290929004,-0.074748084953413,1.7234961396734,1.09186796888802,-0.731031730486859,1.19348499716091,-0.0176091545474328,0.438573986508588,0.170798550205052,-0.183871725256117,0.609753414957349,0.580759384415831,-0.475816792804476,-0.169436633270828,-0.138573382138882,-0.806005011854166,0.564447137184615,0.140518853494423,1.98971465398048,0.381948492323023,0.0793706731649797,0.297022235736626,0.384312163291763,-0.26923809697295,-1.10029838494066,0.501900429773557,0.195888699333613,0.199146800289851,134.26,0.0
27704.0,1.10574761518537,-0.0575116313177077,0.309378943740458,0.355510866322918,-0.134874635452775,0.187647539965308,-0.201361661703651,0.256647169426952,-0.0483173496005414,0.0379185506895445,1.69447170546484,0.523015463379758,-1.14014377478812,0.777579045321205,0.884664594361067,-0.123304638785894,0.0243819811258492,-0.811092363024133,-0.505654467132268,-0.191415179949498,-0.103070408315993,-0.351983511356238,0.132509007002916,-0.307439912941141,0.0699791826681919,0.323163799182655,-0.0251263283703893,-0.00296383842976526,19.95,0.0
54846.0,-2.98646550822273,-8.91229481688474E-4,0.605886830263541,0.338337780759695,0.685448451171472,-1.58195443740193,0.504206377175919,-0.233402618007887,0.636767742518801,1.01029102209398,0.00451796796642434,0.0443966388940644,0.420853062352676,-0.931614224984722,1.14797368277192,0.48306309357216,-0.152470829644753,-0.285666258848129,0.0725498490088206,-0.764274258309323,-0.875146363670133,-0.509848660993286,1.31391790371009,0.355064731381086,0.448551563224067,0.193489780350156,1.21458768687535,-0.0139228973515758,1.79,1.0
100501.0,-6.9852674861123,5.15109356872598,-4.59933777342036,4.53447860064768,0.849053978611719,-0.210701203278644,-4.42522968507474,-5.13452515572624,0.0693205728889109,-0.870997150804889,5.20081516878268,-7.80222778971281,0.0339124179895287,-7.56013197197136,-1.01465193469311,-1.50792960088674,-3.41027456780471,0.107544007359072,-1.37551765637273,-1.24699631854492,5.45367185347674,-2.05617714358307,-0.280333720590026,0.120771472511766,0.569357720918146,0.145971466001576,0.300193469284684,1.77936385243205,0.76,1.0
8467.0,1.04847172811142,-1.26516069190575,1.07222076634637,-0.212000271456408,-1.65411379264225,0.0263341055267312,-1.25823483337945,0.132185283054806,1.43989508202426,0.0813507152054724,0.303468144008544,-3.83501300379683,0.0909200992456562,1.13691230927792,0.0872966133130717,0.964260123557596,1.42920033645518,-0.953425390517962,-0.134306258372385,0.166052133023311,0.247930211732524,0.671637992135057,-0.162224269467354,0.0359763351535025,0.249528750775541,-0.0644707595606321,0.00177063684819277,0.0361092093497254,148.5,0.0
81921.0,-0.342941933362121,1.56782188167746,-0.350571871501956,0.344025196294537,1.02053271582652,-0.163957727021995,1.08213521294099,-0.256159286565994,-0.0518203329751532,1.50006940624676,0.348568152236235,0.421167867874756,0.470902808027585,0.121379781326849,0.0780362495144685,-0.188160916600987,-0.973487400000308,0.627962929615985,1.02128382477928,0.581243941619746,-0.0255594516341161,0.502648124455653,-0.154098631808614,-0.835651736150954,-0.445327936279114,-0.376343095313273,0.588180164504718,0.167009971667322,0.89,0.0
35866.0,-2.04448868873478,3.36830621710984,-3.93711139061868,5.62311973109633,-3.0792320390481,-1.25347411822809,-5.77887959312275,1.70742815771205,-4.46710312294842,-6.0677981503786,3.83978771072745,-8.27784094846266,1.49391490811495,-8.41668121212274,0.792297928201949,-7.86265882647354,-14.5708366290177,-5.18538553288232,2.41438956859515,1.11202761894884,1.48359421639379,0.834310712862216,-0.148485620188757,0.00166885452328186,-0.0389957310939217,0.389526401954901,1.30023645611458,0.549940374167289,7.61,1.0
38341.0,-1.13053631269005,-0.471006403950221,1.01996035452009,-3.00214052185485,-1.18767648617174,0.567089982493241,-0.54556862363909,0.558483644312207,-1.59776959676832,0.342780328639194,-1.03996907918177,-0.495947278952143,-0.114136936208387,-0.798788950993598,-3.17750811581654,0.100260435198622,-0.00502801832553834,0.595776545625746,-0.546005676347289,-0.684292293070024,-0.175281713273171,-0.125158588478556,-0.27913666493234,-0.850823853887893,0.2494541962302,-0.396297639357599,-0.238346142182148,0.0214047256881348,87.7,0.0
87202.0,-0.41982017420894,-1.15597800832635,-2.09251550244986,2.78675032975706,0.736296592040403,-0.167291965690249,1.60002746290919,-0.117426851332358,-0.796953814299879,-0.133950251206468,1.03303201224459,-0.284367998317494,-1.20827980965211,-0.429211904447448,0.248945360461687,-0.928921529997167,1.67998551904683,1.31533886586358,2.22616065557659,1.27535802653094,0.48063971759843,0.533516931196614,1.28464540597639,0.516131270391061,-0.60294109971583,-0.305023689896282,-0.0213631449369425,0.129096385608294,451.27,1.0
57265.0,-1.2410177232877,1.50817242144758,-1.41434211584633,-0.266518289998642,2.1422471131454,3.19402746134196,-0.35931938655911,1.68842615425676,-0.913670270214197,-0.0843575726262155,-0.553612226282829,0.0421210789040464,0.0383296175334659,1.1073996035241,1.00752113819354,0.0954810887065131,-0.29659493220949,0.460409676908949,0.822102115689351,0.147304755199612,0.0500528935226152,-0.0186134821312858,-0.0221159434791877,0.996766538757805,0.0789030822557177,-0.3268438845327,0.296356910243583,0.103203878752423,3.95,0.0
41413.0,-15.1404496225073,7.37804241221284,-16.356367356494,9.19493491430021,-13.4661632895942,-2.95843050082103,-16.1655386244192,10.0752539455532,-7.90182112627786,-13.0094028057641,4.82823533219729,-11.0584014244364,1.99812557552295,-8.59204740189288,0.540385309176116,-10.6157452968661,-21.0178983428443,-8.39739305199317,3.18355894967976,-1.69148198782553,3.14742810473234,0.341677595071206,-1.15016247089952,0.795189734964946,-0.194542181109758,0.145963568626439,-2.45868034756574,-1.18988788135128,106.55,1.0
85677.0,1.22040248562174,-0.467134030123485,0.116257173723662,-2.05715255217335,-0.724966775526035,-0.853935771629475,-0.177397658355285,-0.0229804238482002,1.71465626888814,-1.4695615893119,1.88291971430588,1.84701478676162,-0.301236280123877,0.460196099181555,0.799823045341123,-1.42167107143859,0.309000506190611,-0.275909235488631,1.22320102336602,-0.141509867858015,-0.0932074843369391,-0.007911844987674,-0.0092666098296264,0.238166748014826,0.567750858436546,-0.895366930419818,0.0780501317126562,0.0102084920046648,7.07,0.0
109120.0,-0.513486627651488,0.7872039453525,2.38569040946526,-0.109522032349593,0.103769988827176,-0.263503741701226,0.535705272058599,-0.241030835703696,1.54246040727684,-1.14657665438327,0.273807221234015,-2.69859430550347,1.44968707095436,1.29803940181685,0.670869829379994,-0.322559148854049,0.365379939119621,0.460625463498807,0.468772874789921,0.0603883434053345,-0.300812179725768,-0.428334647776181,-0.274315518132899,-0.123480649794275,0.246228052243327,-0.724365564274023,-0.0810613589704012,-0.146103433959488,11.27,0.0
68207.0,-13.1926709562391,12.785970638298,-9.90665002092758,3.32033688288942,-4.80117593230105,5.76005855618556,-18.7508891580107,-37.3534426378925,-0.391539743919107,-5.05250236713858,4.40680552357904,-4.61075647740608,-1.90948796970811,-9.07271093398351,-0.226074450896345,-6.21155748212485,-6.24814535335983,-3.14924669470095,0.0515761185277783,-3.49304991519446,27.2028391573154,-8.88701714094871,5.30360690376998,-0.639434802306313,0.263203123457008,-0.108876929971315,1.26956635541013,0.939407362758877,1.0,1.0
59249.0,1.15672519194026,0.0787690427810074,0.600788559058214,0.876483065160305,-0.285013081163825,0.188821540212876,-0.375609343079467,0.287289567884689,0.176008349971848,0.134504501529324,1.036001080012,0.143516887671808,-1.45224577104862,0.729217963170006,0.908133551966074,0.443244203888845,-0.555836390627872,0.143059691739498,-0.301235324513556,-0.246922813608673,-0.154347854841157,-0.511987752023618,0.111699770566284,-0.386453319144948,0.191142586722258,-0.585328499852104,0.0404221407578177,0.0137603771781785,0.12,0.0
32559.0,1.17600877197472,-0.992721978299688,0.906126817394067,-0.7415003344941,-1.38608998446159,0.0709677024635024,-1.17756516049822,0.247363859144932,-0.559585380276479,0.726990451622397,1.47763759602616,-0.239756640048157,-0.495710138379134,-0.0684845813286436,0.751900801267806,1.424875698687,0.125266030671885,-0.706833865571789,0.141376156591701,0.142532870332706,0.487520130142604,1.19412435321335,-0.127881830206993,0.0572206135081474,0.279196373082371,-0.0410925137602206,0.0345338307582408,0.0208995189820057,69.99,0.0
39729.0,-0.964567282813312,-1.64354066791439,-0.187726849232163,1.15825311047012,-2.45833564593802,0.852221660377025,2.78516254594393,-0.30360853861401,0.94000553101046,-1.96530880945923,0.159743522312315,-0.490697387341298,-1.1819769933833,-1.95887596969497,1.15274328622613,-1.34126935794233,2.49832484974359,0.777831088916474,1.4060448737262,1.78444933498197,0.447180121733859,0.536203895046365,1.63406050110051,0.203838849073356,0.218748854725954,-0.221885828382479,-0.308554718022245,-0.164500017914328,776.83,1.0
95679.0,0.33983225757769,-0.151542507006146,0.933521985775113,-1.68601258683226,-1.03656745494051,1.12296545136801,-2.24106170922705,-2.14016176965319,1.4094912075435,0.111218132457742,0.843337713305166,-2.31833979627274,2.4307786832661,0.686182421069805,-1.13773799899765,2.25789320114504,0.0223044315715128,0.374586083384478,0.164834740924956,-0.450236015370016,2.52837248279694,0.179547339732633,0.0340361878695612,-1.08701323911182,0.521243005936619,-0.0302918143675891,0.195626434731768,0.128803891279192,1.99,0.0
53885.0,-2.32236800858018,-0.849856506616555,2.35021771210361,0.239253831816608,2.00448414897587,-1.11151899948007,-0.558957235642903,-0.0505459297490086,-0.155381675516063,0.0390223568642482,1.74223788648493,1.18990677435108,0.487245663788943,-0.137895734680117,0.157797455796976,0.375805713783543,-0.908316009838824,-0.232487358646109,-1.09086031618781,-0.62971649650887,-0.159775815443362,-0.0180718600087201,-0.572551116375693,0.258024333041186,-0.190913790492297,-0.769045543540809,-0.0276560315724721,-0.124611328629914,5.99,0.0
71885.0,-0.0138965724214686,0.872545248236588,0.824608396353931,1.6942641962753,-0.528155950211993,0.104486236358605,-0.842390315695416,-2.71326185261458,-0.376095066756783,-0.647436509202627,-0.870972822887172,0.313582518673576,-0.700388236590375,0.634876716761562,0.0703242167594431,-0.612764656047601,0.477403412740957,-0.293912045593301,0.700748784307285,0.695661445461498,-1.35298703470216,0.227629260300101,-0.120641522521548,0.398253134375571,0.85612285045837,-0.177776098882788,0.116537635457515,0.255671611443536,43.0,0.0
97472.0,-0.166872153735916,0.587605694191903,1.61109742193226,-0.0683268794612261,-0.772710295538456,-0.464332890246453,0.0170346744135351,-0.158014205089376,1.97366883084081,-0.697115498615168,0.283505668497581,-2.18108630648409,2.10327889014754,0.949154148439566,-0.316958660221712,0.262483336880184,0.240625196923752,0.328247405900392,-0.365603589038942,-0.198083285773578,0.106567624794521,0.674295103189934,0.285161418282678,0.443510028821108,-1.80004436819027,0.261290274495335,0.00777632096436308,0.260428047655391,39.0,0.0
48380.0,-2.79077103894771,-1.46426898705405,1.03116500769674,1.9213560843992,-0.0900138203463016,-0.483871347899329,0.780731181206493,-0.348775795673106,0.609133451935087,0.225933803313285,-1.06453419450651,-0.787372737955552,-1.57646958451914,-0.126756361711439,0.367012281940972,-0.635321654596588,0.327006411459276,0.0438160872305435,1.40357376229763,-1.37672077946455,-0.392667221970544,0.440019838749267,0.777659196131864,0.418551935584405,0.244563185949918,-0.159360689127314,0.0605395343366452,0.356958362771354,208.58,1.0
32036.0,-0.463175739111494,1.40132512146435,0.620814785521612,0.710890806644743,0.313751009438374,-0.325505380296605,0.480001671649368,0.26288342808877,-0.902362301618061,-0.462244026457082,-1.27853511632353,0.212168367458748,1.09000911340417,0.438187570718613,0.937251171294995,-0.00164083394084193,-0.373259183744163,0.314077143535653,0.73902740296247,-0.0483127247188279,0.150555564569024,0.416820824147207,-0.242175019926307,-0.414497564585699,-0.0954401453588924,-0.283319062700789,0.0554436407115126,0.0948603410151202,1.5,0.0
55838.0,-1.12421361291037,-0.512321474152832,1.32947672268225,-1.28346279173058,0.340142555572293,-2.02056905579285,0.171171858304475,-0.145972681706745,-1.57425281839611,-0.464008606424825,0.225316492411402,-0.934923980428812,-0.285366277714577,-0.995475431964928,0.207944173348494,1.47291702945163,0.951058696231316,-1.46647255550172,-0.0383553235124793,0.430563041103613,-0.178154041661983,-1.156725825036,0.29833722942558,0.546036795351333,0.297762839304371,-0.743929828204976,-0.103331460652233,0.0173565259977059,71.75,0.0
101313.0,-25.825982149082,19.1672390103062,-25.3902293121699,11.1254347149714,-16.6826439195391,3.93369943022963,-37.0603114554112,-28.7597989339836,-11.1266235224579,-23.2282548357516,3.7859770496129,-10.5224940129243,-2.65749636392801,-3.79279543594993,-4.49894467676621,-6.55787310177539,-12.8672447953713,-5.80459047549908,-1.25446534452587,7.90737812724062,-16.9220157786505,5.70368400806478,3.51001884069223,0.0543302268964685,-0.671983312405663,-0.209431359115655,-4.95002186384908,-0.448412770754799,2.28,1.0
70536.0,-2.27175453696818,-0.457654560738072,-2.58905463865543,2.23077826688105,-4.27898250263823,0.388610079538804,0.102485457456358,0.813127838070308,-1.0929208385062,-5.03202838566819,3.51034756034463,-2.22739840581069,0.656823927974733,-5.19918574342056,-0.128311029598493,-3.94352099869908,-3.82052232662867,-0.570821093891663,2.78338340771804,2.28575790271371,1.09634200952947,0.658398654570846,1.71167573455248,0.333540036403021,0.538591373646869,-0.193528512332835,0.258194100840055,0.247269213953463,824.83,1.0
105662.0,0.276978791877664,0.28156247868272,1.28634369300955,0.0123996694855469,-0.366833245890479,0.406911877419404,-0.506439194523982,-0.849436456209745,2.0686099556472,-1.10894477037819,-0.419053274859052,-1.82597686827086,2.99253593462139,1.02250024913086,0.0699911761533575,0.435898551634959,-0.117463395969083,0.70326377819496,-0.130680619991577,-0.0685676390169306,0.675624724201086,-0.192347182902936,-0.16458019565342,-0.691089624211765,0.532722086934343,-0.270627557135176,0.218339544376483,0.263238998807892,63.5,0.0
114857.0,1.98005968204391,-0.271029488020374,-0.41212027878903,0.226205886401707,-0.342823947147042,-0.136865009610223,-0.497758429747124,0.0298825783264531,0.900254177258719,-0.0213512647775441,0.635060756655813,1.59766764075534,1.10110164940536,-0.0693440434691101,-0.125717076747903,0.479138796821485,-1.02340631292606,0.330409565466876,0.387025794531843,-0.141746318514601,-0.149567033654771,-0.25550836983634,0.291516809766978,-0.509897013411443,-0.360082197442206,-0.615314603065753,0.0378120458544054,-0.0438999647918183,4.74,0.0
47826.0,-0.887286905534409,1.39000150924187,1.21968581996397,1.66142517591961,1.00922783931161,-0.733908444749524,0.855828927220991,7.68462281197611E-5,-1.27563149417191,-0.433393925731893,0.141178993422237,-0.46034845602669,-0.367867931021877,-1.16833941780754,0.152107630618373,0.882231823726865,0.601804858067329,-0.304092391463557,-2.19176427800358,-0.268347371086252,-0.0837343767453397,-0.346930257215667,-0.0506187067885922,0.23104442462061,-0.450759875468406,-0.376205380931623,0.0345043694610426,0.157775320404088,7.58,1.0
69394.0,1.14043132434726,1.13424300279892,-1.42945474072655,2.01222598912655,0.622800198240135,-1.1529230868157,0.22115947772768,0.0373717733484629,0.0344859259841517,-1.87964382107016,2.19166507997652,-0.487849732811135,-1.75713709936308,-4.46105120749925,-0.402884205654366,1.4109171085787,3.61925125200524,2.28492676267757,-0.443999191918561,-0.0997118777920308,-0.367136001490949,-0.891627120817809,-0.160578066799212,-0.10832596200032,0.668374321480191,-0.352393242949003,0.0719927692746503,0.113684370071235,1.0,1.0
87883.0,-1.36029263351035,-0.45806896998712,-0.700403917726715,2.73722917151503,-1.00510597388675,2.89139936351597,5.80253735302589,-1.93319735249124,-1.01771714252211,1.987861862693,0.504116141204789,-0.863430853145281,-0.184450076491427,-1.01691553500414,-1.55941019827384,1.15431268558106,-2.04385766822656,-0.151698807119589,-0.94351353548825,-1.49340137472525,-0.936989532415364,-0.0538115862306455,0.580105893889531,0.216927302487974,0.151642929701357,-0.33211456915886,-0.469800301881959,-1.495005896766,829.41,1.0
86376.0,-0.670238130057305,0.94520635153406,0.610050626297701,2.64006508673377,-2.70777462644103,1.95261056051566,-1.62460819938343,-5.22990786160988,0.21020202822781,-2.06990438955593,-0.529805728295342,0.999716276092526,-0.0861120244186652,-1.50855714024168,-0.450669492347937,-0.328387382736473,2.27027117814029,0.709666017682026,0.913175997078955,1.4749287568126,-2.50445018690737,1.43647237841825,0.351542386126581,0.648466904268149,0.579681417358758,0.0757375933335965,0.346717084034013,0.282208626038179,323.77,1.0
29753.0,0.269614090485094,3.54975512877325,-5.81035344453706,5.80936957402456,1.53880793351049,-2.26921913566818,-0.824203333436328,0.351069915343584,-3.75905945636624,-4.59238980599474,5.47939151009669,-5.65785754091816,-2.6480760898503,-10.3848897408947,-0.225946407826958,-0.701882908954806,0.409735840500415,0.939603694029483,-1.95429995537505,0.310524633435283,0.371121111209288,-0.322289520392532,-0.549855883222537,-0.520628958812409,1.37821038664663,0.564714292689441,0.553254713878568,0.40240000915925,0.68,1.0
472.0,-3.0435406239976,-3.15730712090228,1.08846277997285,2.2886436183814,1.35980512966107,-1.06482252298131,0.325574266158614,-0.0677936531906277,-0.270952836226548,-0.838586564582682,-0.414575448285725,-0.503140859566824,0.676501544635863,-1.69202893305906,2.00063483909015,0.666779695901966,0.599717413841732,1.72532100745514,0.283344830149495,2.10233879259444,0.661695924845707,0.435477208966341,1.37596574254306,-0.293803152734021,0.279798031841214,-0.145361714815161,-0.252773122530705,0.0357642251788156,529.0,1.0
40107.0,-5.57959356324055,-3.88228793227279,-1.12948708874238,1.70566621341616,1.37222621429129,-2.54613350638892,-1.30287027354426,0.762239622592454,0.623608148307778,-1.48847918790814,-0.518265124996448,1.04596095840479,1.14606443429485,-2.16446973277925,-0.78401838026444,0.983181104473991,1.78067092732082,0.428110545621787,-0.789348219235758,0.0822097242050981,-0.0745606336486789,-0.422505267573045,-1.58025585279013,0.487886130102034,-0.0355476756507814,0.40122857183599,0.593051629446379,-1.13723006599805,20.0,0.0
94625.0,1.70785693746472,0.0248807914815549,-0.488140038578959,3.78754815533943,1.13945148482475,2.91467262159314,-0.743357877946301,0.699135879021363,1.0084706473096,0.912806096143303,0.7653541419638,-2.04386838674929,1.00154733873148,1.32288725448265,-2.72007696175136,-0.153429555378718,0.752610596119435,-0.755785824269169,-1.91256263382671,-0.368014254987192,0.0108651916304298,0.548257831746395,0.0912182952145324,-1.00795946020642,-0.0821828177765288,0.179709188704528,0.0077377190320074,-0.0688413102470406,33.76,1.0
41138.0,-4.59561704249556,5.08369023030901,-7.58101461744265,7.54603279503791,-6.94916456384443,-1.72918492987346,-8.19019171984817,2.71466961013434,-7.08316933143187,-11.1412776902967,7.38185937432083,-14.4686550955305,0.299659909360646,-13.602211465597,0.516112699650764,-13.5632729563133,-23.8156358284126,-9.17055721888169,3.66952343976659,1.68216030642087,2.24897122592187,0.566843572297808,0.0337440528595468,0.591783408003629,0.334228764687698,0.386801106292112,2.16389776726335,0.983103834042297,340.11,1.0
53937.0,-2.04260819938332,1.57357807373238,-2.37265243271278,-0.572676430720841,-2.09735276458226,-0.174142123011242,-3.03951978687359,-1.63423295064356,-0.594808638750073,-5.45960189444545,2.37853722491518,-2.33027064686235,-0.24623272486659,-4.05852343611281,-0.316983146603949,-2.52266081131673,-5.60340034818128,-0.778439963776289,0.860211793588662,0.825565985313424,-0.723326195587733,0.501221637302624,-0.696892260580304,-0.600513726439022,0.127547028812739,-0.786072220292301,0.606097322391548,0.171696507911815,261.87,1.0
87035.0,2.1168054295732,-0.0131727130562048,-1.36316568098735,0.231960391077412,0.291388799122139,-0.765533336377753,0.219908225401272,-0.330201271739548,0.477242342764409,0.0521554476686671,-1.28321754011385,0.597467694365721,0.961043211120522,0.0778732042813539,0.0109603278948822,0.0781491608117895,-0.605208723180592,-0.718289281866219,0.424555413701828,-0.152031280949514,-0.330217792758844,-0.774633178270596,0.238511910935134,-0.694868560234784,-0.171939333689983,0.24005926029509,-0.0666198682925121,-0.0660075236590079,1.29,0.0
52366.0,1.27965805404688,0.662352675811062,-0.680327398952839,0.913901401008801,0.742290238798284,-0.188254743003198,0.240805673645165,-0.0834398435643275,-0.418495685699492,-0.425596535348473,0.874199300042017,0.802806309386182,1.12851211980551,-1.13266629010118,0.32884024915683,0.99149147163411,-0.0607216906659875,1.21372466518109,0.139089122710773,0.00937116324912888,-0.0649251794855722,-0.0948527282495771,-0.289047638975037,-0.930655104727211,0.851854385977015,-0.275516655083197,0.033438645273783,0.0313461415085915,1.0,0.0
65468.0,-0.280641443653492,1.06432170904794,1.67733796310606,0.15327792592513,-0.0900958515916429,-1.26037122036964,0.915462983375012,-0.322168712423871,-0.273264199191146,-0.296857765167484,0.343018700481206,-0.0313257526707377,-0.0733416247204869,-0.591977843237377,0.892729282613677,0.147328879442666,0.102498942537583,-0.33171546001915,-0.286898291570638,0.159370216317056,-0.282314751140207,-0.570510941546956,0.00859794287075691,0.865049435757552,-0.261253730271688,0.010732066783069,0.0829481595866768,-0.119655658233553,1.98,0.0
74935.0,-0.354057219349776,1.06130710835926,1.17118270700067,-0.13160913971701,0.220439666961343,-0.473538066636325,0.581480648264657,0.111838921348077,-0.587190877926222,-0.332840136087337,1.1387046782823,0.342326970076465,-0.204084454751373,-0.194387962791685,0.249803481815089,0.689851539018699,-0.34663299682412,0.500947287576785,0.326417269885405,0.11192784681088,-0.238755867856989,-0.661835746444056,-0.0695950654782115,-0.0614767270080247,-0.157067236066515,0.0761393275839506,0.240193265209306,0.0838659491496806,1.78,0.0
32745.0,-2.17913506011513,0.0202179180614602,-2.18273279614299,2.57204626116115,-3.6637331119316,0.0815679330899005,0.268048730691862,0.660437428502318,-2.37402736257173,-3.58281002008802,1.97582106179607,-3.50054226479879,0.170681027067223,-2.73594037401519,1.67025110352247,-4.04629299726117,-5.07947908460579,-2.58685704537203,1.66926055335833,1.95796029993605,1.02642111100453,0.299613501640326,1.65680000734873,0.328432501784239,0.106456827905221,0.691774505774569,0.196778974067123,0.241085157494976,717.15,1.0
33083.0,1.25681198016146,-0.933364095304449,0.893139501784869,-0.633678829674838,-1.49387833964322,-0.280923102464503,-1.15286319342409,0.148615907438128,-0.182176664932207,0.589863134563404,-0.348894003891436,-1.33419562233678,-1.1783318824299,-0.117540895200893,1.53336673842862,1.26077601780566,0.420084270744664,-1.1136139050666,-0.137688600369079,0.0417089023093644,0.415109411605046,1.03024251798115,-0.0882849463417886,0.0914702987447745,0.290445110907108,-0.0191180221405051,0.0371472394168856,0.0259832484705145,49.98,0.0
56056.0,-2.45524059835915,0.148475161913601,-1.31832201737329,-1.05944699909965,-3.90269533300003,1.4150416692166,4.16333926405589,0.0600648183235603,-0.69766686440962,-1.61061749272902,-1.2024702791049,0.271350577406886,1.38295481597898,0.349590600358799,0.356000211530909,1.23362685587565,-0.759668742959318,-0.248747935601274,-0.388384655453363,0.206921349736516,-0.226784090202987,-0.595751650213075,0.567568116518795,-0.372277932960444,0.0520021299544644,0.728680200695677,0.560311942773492,-0.232431472986025,981.16,0.0
76826.0,-6.61629292560656,3.56342789803106,-7.05890129814843,4.28434595524384,-5.09629887292392,-1.76861780360559,-4.93755412732933,2.74845954534783,-3.79675959454545,-6.8254901042394,3.25959475409854,-6.94389061823948,0.43597516308899,-6.94701030902337,1.01100406527995,-6.16683742461485,-10.564346602529,-4.01018815310236,2.14350179519978,-0.54163415582255,1.21597610572025,0.0411777442210425,-1.05909770217904,0.275662062254882,0.057424927985318,-0.265838484019501,-0.514636936427821,0.388590269335523,254.76,1.0
66166.0,-0.544035296262447,1.007173537026,2.71143955872625,2.78404782253485,-0.386704530854401,1.27919079888768,-0.286510303862528,-0.52619669992742,-0.598864447579765,0.922080446312478,0.330419021862546,-0.337090216490822,-1.15616400575408,-0.168297073931899,-0.094328572967612,0.149902516746375,-0.118750543100755,0.913986978738875,1.38536390411556,-0.0202958506344594,0.731578220917018,-0.077295216098537,-0.100436852709337,-0.0228263884038143,-0.338963117004961,0.17121893974575,0.038391664725532,-0.101652145158384,19.02,0.0
83955.0,-0.629696131077475,0.766806000390156,1.56149265658794,-0.159264040619664,0.504364248187182,0.919393006777006,0.299044177787903,0.569052261179702,-0.28561106002272,-0.473179154684393,0.683828947429764,-0.0886729910026112,-1.08204490512989,0.47790072669771,2.02159763520013,-1.11737449699819,0.985888788278507,-2.28282258388702,-1.65329989021781,-0.112222960096091,-0.0977442204168508,-0.119650527029573,0.157844672400031,-0.682275683763754,-0.585459939986358,0.182886279039477,0.330631870433265,0.107604568572683,1.98,0.0
62678.0,-0.339660704101587,0.036051996708587,0.955413690214115,-1.19561425409816,-0.344975847113694,0.10633999587881,0.178416923586964,0.238966459172855,-1.2923989216308,-0.226065037706402,1.09601146018002,-0.972313140977522,-1.38062125676279,-0.99038989178829,-0.431996097224582,1.07838801105473,1.30637904839392,-0.738960871764285,0.87882275344416,0.199898511099936,0.0804748377338152,0.0403203297719122,-0.00133840078846195,-0.433006355513731,-0.060734743263129,-0.307056593886696,0.0539450977301157,0.062675089501815,78.54,0.0
77943.0,-0.809937253822932,0.456909874386292,2.61172323170795,-1.92865363104086,-0.44602103638514,-0.454771005338226,0.427036891755805,-0.00488287688590017,1.35608048957054,-1.51286891337405,-0.0104983130367077,0.611608613872506,-0.114966254119636,-0.529674656940915,0.923597311954271,-0.772633006806024,-0.0869969145743912,-0.335534281120699,-0.469199169402309,0.0590155722229719,-0.0125727106315856,0.447603852566703,-0.333960839421556,0.416037454280599,0.435097408991096,-0.776639489115813,0.208605473001057,-0.0848486274067842,1.0,0.0
79718.0,1.34040404096828,-0.564937282982721,0.538738156951911,-0.629065877139623,-1.1888940018991,-1.03915380814515,-0.527702527211805,-0.184562670764073,-0.71927751463759,0.59975650575063,-0.241757059769388,-0.698023791801424,-0.128782160439544,-0.0941599063567661,0.821481218980644,1.24199645038094,0.248023732972149,-1.54179618876856,0.608267672985849,0.115679381919354,-0.0802138591365598,-0.439150693304119,0.108300344822497,0.352629536656642,0.208820606823355,-0.482151334179346,0.0023085659926687,0.0278008923664724,42.48,0.0
93860.0,-10.8502815883108,6.72746568826853,-16.760583409542,8.42583167857118,-10.2526968683093,-4.19217104406337,-14.0770860104531,7.16828793346092,-3.68324217370244,-15.2399619587112,8.03070840755191,-16.0603057628826,0.270529742348469,-14.9529810390579,-0.241094883743813,-11.866730636746,-15.4869899240937,-5.74865155747378,4.1300314273319,-0.646818272966729,2.5416369467068,0.135534921100722,-1.02396689219897,0.40626452579196,0.106592778669641,-0.0262323892202069,-1.46463002356247,-0.411681819907858,78.0,1.0
47696.0,1.21549515066088,0.269915539278151,-1.06617913318165,1.33674740349826,2.37785255230707,3.68195320474784,-0.36941424235,0.838313533244014,-0.89997102960431,0.763669654536091,-0.351564167412164,-0.3117159368875,0.00922077995893499,0.445407960950345,0.666132219562362,0.933408016052631,-1.11400288097908,0.29447722078469,-0.712200704205166,0.0139450955359129,0.0787043520385465,0.0253355636759615,-0.176228917646235,1.01447448309431,0.797740044319996,0.159225375807497,-0.0165736570055204,0.0150097429176333,24.44,0.0
70229.0,0.315641749332386,1.63677796226183,-1.51964988293973,4.02857099852445,-1.18679426720391,-0.789813099852487,-2.27980740468004,0.472987926704315,-1.65763500271185,-2.89499040084744,1.60198538284757,-2.82494562476694,1.26920363552044,-5.59136368933409,-0.974827287131074,-2.73779549628906,-4.9615343155062,-2.22479740778771,-0.136117269757132,0.388884849068478,0.345920750226663,-0.1080015945344,-0.165441941824109,0.279894580016653,0.808783092569154,0.117362632970147,0.58959490284462,0.30906407378289,3.79,1.0
46149.0,-1.34650881762975,2.13243062687771,-1.85435531823997,2.11699770636107,-1.07037837875552,-1.09267135682306,-2.23098606430574,1.03642490791919,-1.89551573571367,-3.36401057980002,2.88704787664695,-3.78445965821089,-1.28890425847532,-3.98562600822203,0.531838297985603,-2.60370264991872,-5.15759639749234,-0.696010004579956,1.28596139472532,0.221918669151309,0.609508181503446,0.202874284952422,-0.0607913872259794,-0.186733353366053,-0.0174012274970924,-0.283751034119116,0.395451049081013,0.233138575967241,1.0,1.0
34684.0,-2.43923696855219,2.59145816263611,-2.84012564998452,1.28624391005241,-1.7770161908324,-1.4361387710222,-2.20605624197635,-2.28272485775905,-0.292885036315821,-3.71744992918956,3.90739912775712,-7.22000368560677,-1.21173934568755,-9.6576265944335,0.927517899548728,-4.73866234284944,-9.27663556929158,-3.08196108095709,0.17774563450317,0.513529864634298,1.77446009213068,-0.771389807551225,0.0657267026225069,0.103915744896627,-0.0575779255552146,0.24265246086543,-0.268649222026483,-0.743712586038479,125.3,1.0
41852.0,-1.16963917554916,-0.509957220439663,1.56361127353523,-0.842528587549297,-0.226052076836126,1.52511640316092,0.67509062513731,0.327375991148299,-1.47469911944119,-0.181457853200846,-0.315734721916517,0.291128529418764,0.92395539675471,-0.359986759905118,-0.669866831558252,-0.991842121764876,-0.786022162936675,2.01925344638838,-1.23367267414252,0.0861130540564565,-0.0423085746206292,-0.00556280275868187,0.0719409686137075,-1.36060521564223,0.736292779648483,-0.22096552420551,0.0212264560960259,0.069269438053917,245.0,0.0
34684.0,-2.43923696855219,2.59145816263611,-2.84012564998452,1.28624391005241,-1.7770161908324,-1.4361387710222,-2.20605624197635,-2.28272485775905,-0.292885036315821,-3.71744992918956,3.90739912775712,-7.22000368560677,-1.21173934568755,-9.6576265944335,0.927517899548728,-4.73866234284944,-9.27663556929158,-3.08196108095709,0.17774563450317,0.513529864634298,1.77446009213068,-0.771389807551225,0.0657267026225069,0.103915744896627,-0.0575779255552146,0.24265246086543,-0.268649222026483,-0.743712586038479,125.3,1.0
120981.0,-0.0862051387051736,1.20104157334391,-0.535931236684687,-0.611762608604668,0.875145810400879,-0.725695484292549,0.993365289338971,-0.0817902546030525,0.133542133686781,-0.543177876450863,-0.638692152428515,-0.0788385635625358,0.0545560090480354,-1.09372345014795,-0.178382088719694,0.263361715078994,0.397537920622084,-0.314888297406708,-0.319587187082956,0.143037321170259,-0.368941753441187,-0.835104420844399,0.111551340837684,0.497198696630724,-0.377988572266567,0.124024574836531,0.33657565329297,0.14072798909,12.28,0.0
64416.0,-0.876986220558604,1.10629254870909,1.24932436423555,-1.66157122817116,0.394508530859978,-0.474647598694199,0.844309940519005,-0.225307845752601,0.467674388669911,0.076848267810453,-1.12412332307865,-0.0604457855410347,0.875338409439652,-0.606553407304564,0.559655970848882,0.733426004778004,-1.20308628420901,-0.1691716596208,-0.368644189773447,0.435155016723824,-0.252881897850215,-0.328044195518248,-0.219711112662823,-0.577045709118898,-0.106928947261578,0.759888851253722,0.309808917358731,0.0637249234403965,3.15,0.0
116999.0,-4.88569087403644,4.35829078999765,-2.67327117022257,-1.34791577431767,-0.30223066494152,-1.17108146885672,0.303728111193697,0.783329854118239,2.04589674504249,3.0022868915008,-0.867644765889732,-0.183768009125094,-0.60110836420959,-1.18418330881966,-0.058059778884535,0.0963922218274296,0.833805439541216,-0.168980787457782,-0.422013551459624,1.17760381033165,-0.396186964220778,-0.783961316074914,0.124993739542302,0.514541015077984,0.564113477471122,0.278626818187345,0.00474570064122284,0.668879922085663,3.0,0.0
48469.0,-1.04301374364778,-0.534428863148714,1.43342181814068,-1.05701112316489,0.15684829859396,-1.08259452132197,-0.420698487652679,0.0572938667699717,-0.826204934487881,0.531897851627932,-1.27872699343974,-0.887324334438857,-0.471490972954527,-0.0548856856550356,0.635010072792536,-0.68923417048706,-0.587513383637073,1.28659977666284,-1.28728923022027,-0.417594923392401,-0.592907811079036,-1.3584081681938,0.0901826024469064,-0.197304848340371,-0.230147219211059,0.104426212316459,0.0991406121183453,0.151711007506763,19.99,0.0
40742.0,-2.37753280180283,0.520539361927579,-8.09413945532841,8.00535147326105,2.64075021376276,-3.38158645291742,-1.93437244067366,0.562322111872781,-3.10402718606356,-3.05121035544102,5.73576265915634,-4.74769250131792,-0.784223284478966,-10.7163393018774,0.656516978131348,-1.14246727231018,0.91859080878698,1.12633522330277,0.0929734778841175,-0.634747080915274,0.148284201590387,0.7210995412337,2.66129069804724,-0.508619933518595,-0.401656629278738,0.587611216267645,0.500326371108344,0.551759687906722,1.0,1.0
35953.0,-4.84437152213983,5.64943864783758,-6.73039574613665,5.25284201867297,-4.4095661499774,-1.74076745609347,-6.31169852901067,3.44916731253577,-5.41628435913526,-7.8335555711125,3.6573495649865,-7.7814479532704,1.50772042676786,-8.60475886835984,0.0105926875670707,-6.55397325691037,-12.6243936527694,-4.98990973846596,1.64541389333247,0.284555090358885,1.19488835625662,-0.845752531858704,0.190673885417928,-0.216443252531192,-0.325033100382822,-0.270327592956951,0.210214051535782,0.391854886292055,111.7,1.0
8528.0,0.447395553302475,2.48195386638743,-5.66081393141405,4.4559228120932,-2.4437797540431,-2.18504026247234,-4.71614294470093,1.24980325173147,-0.718326066573691,-5.3903302556601,6.45418752494833,-8.48534657377678,0.635281408794591,-7.01990155916612,0.53981407134798,-4.6498642988132,-6.2883575087823,-1.33931232244731,2.26298478762517,0.549612970886705,0.756052550277073,0.140167768675,0.665411100673545,0.131463791724986,-1.90821741154788,0.334807598686864,0.748534284767756,0.175413794422896,1.0,1.0
55614.0,-7.34795494690262,2.39704134824746,-7.57235581757844,5.17781925521834,-2.85483828261718,-1.79523877381611,-8.78323473517424,0.437156561210431,-3.74059750992972,-8.33286306292127,5.76318940883843,-8.70787929219866,-1.71694948774786,-9.57719439289905,0.146369002626258,-7.58649078643175,-12.5039309695675,-4.37563101237668,2.46519487038601,0.0731637913502985,-0.175273369741836,0.543325051876651,-0.547955067054245,-0.503721690122004,-0.31093277648824,-0.16398601754964,1.19789504657005,0.378186688214491,0.83,1.0
102572.0,-28.7092292541793,22.0577289904909,-27.8558111336212,11.8450129100508,-18.9838125824286,6.47411462748849,-43.5572415712451,-41.0442609210741,-13.3201546920984,-24.5882624372475,3.48195180343701,-9.12834128617468,-3.00825547830858,0.796579962453559,-2.1022985205307,-5.66036644069929,-13.0327849564566,-5.39234917412895,-0.901040817847599,11.0590042933942,-22.7976039055519,8.31627543891357,5.46622995370963,0.0238542303884927,-1.52714472319428,-0.145225187134896,-5.68233823990698,-0.439133675051458,0.01,1.0
86492.0,0.495417949778934,-4.83129299165885,-2.06556330613879,-1.84624853686108,-0.647546189180672,4.48345509134966,-1.53153201932234,0.938554827388046,-0.694956442556407,1.09652361797654,-0.301487880525893,-0.660213996271644,0.773627160172491,-0.642206887530756,1.01811443319151,0.203230633895482,0.0821733678998013,0.715927509381888,-0.997487598208865,1.47327048364974,0.602155335808423,0.174534393210116,-0.46661404465809,0.740815912681881,-0.818173220329154,-0.165053990940782,-0.0661568074834088,0.121956684273402,899.0,0.0
49514.0,1.15846227081395,0.0544554422269582,0.561892667379139,0.51692134048646,-0.460607561930545,-0.348051692699432,-0.209405772896023,0.146684337861805,-0.0199606410072928,0.0998438308291417,1.64733739573404,0.464389461434016,-1.22797274384225,0.755700337779162,0.722339612591759,0.213079222183386,-0.241030979675542,-0.390312458451156,-0.255273372950113,-0.210054729469462,-0.180715361358993,-0.594965548365461,0.195449551666804,0.180505080551554,0.0397507100297834,0.098863001278202,-0.0253304552336421,0.00451891328448202,1.98,0.0
67044.0,-0.811218821351794,1.22153081479672,0.913167464554886,-0.0468605539954494,-0.0149394922599841,-0.255663702049635,0.173489487131874,0.636839889093494,-0.837817940546769,-0.615757961512535,1.57162531501993,0.899058143939785,0.15855917971535,0.0990509675963624,0.400200704602712,0.406697984726575,0.19960606327971,-0.0592749381641812,-0.166434496884111,0.0169259031361989,-0.133262644670338,-0.472393456343214,0.0704991827266166,-0.0323713580838566,-0.234300767607774,0.0857628705156399,0.132256932314301,0.0147081543332653,9.99,0.0
75933.0,1.16776531522123,-1.82004504734631,0.887781918676256,-1.47886919328876,-1.9365000422154,0.379335932851228,-1.620238149475,0.160129936218575,-1.50116558064993,1.47669255691123,0.452089583520536,-0.307375822880828,1.13511972207534,-0.665479705094899,0.503304687048271,0.640109115045823,-0.360020246947448,1.46046080799692,-0.112479800332807,0.0817161147103862,0.172196242684899,0.551997544217773,-0.260434788362496,-0.478936425395233,0.237144193866376,-0.0251812711622399,0.0509339455382799,0.0481288446665431,172.5,0.0
49285.0,1.05464406224103,0.389682935823364,0.724594608065145,2.27493811103533,0.110041130438037,0.698447330685247,-0.211118951712038,0.387819288358232,-0.834518482646135,0.78421214010318,1.47735000406723,0.221854859697979,-1.19889912391878,0.763545129951515,0.487974212422195,0.432413056341802,-0.271956681553043,-0.745972318244457,-1.34919040088215,-0.278349788292785,-0.154354381911155,-0.542881482902041,0.20678723963838,-0.376610311097898,0.0325839071756882,-0.220024073426142,0.0154530733923974,0.00920579476161369,2.73,0.0
38619.0,-0.552541300646672,1.10044261350756,1.42021111137799,0.877965167593114,0.127945615978764,-0.543464108167231,0.582654593925149,0.0138603227532314,-0.389755031977799,0.0524856078727144,-0.0157312310838652,-0.05770702793943,-0.430823068584828,0.379593808213874,1.31046664602655,-0.634249310941954,0.21099555082942,-0.597583099658073,0.019205915473846,0.0240809336105761,-0.0364875926986655,0.0171730889791507,0.0422268399251378,0.37066527960774,-0.592144009842596,-0.548755251481983,0.32325779449143,0.225560999141831,3.86,0.0
8090.0,-1.78322883722709,3.40279371307631,-3.82274226552205,2.62536815276644,-1.97641541136284,-2.73168901231308,-3.43055914949085,1.41320351399318,-0.776941494554916,-6.19988176274188,4.36671348631445,-8.24326243368313,0.345761165232579,-6.59055029705192,0.265576095932165,-3.02845238846152,-4.21448627485607,-1.21360784773725,-0.265421595374812,0.364089115014408,0.454031931736316,-0.577525824201459,0.0459665375362652,0.461700017592254,0.044146161217817,0.305704433918549,0.530980986346765,0.243745598122111,1.0,1.0
26863.0,-21.2091195927913,12.6521968313004,-23.5539329441267,6.17407791004356,-16.026658125511,-4.42219459449987,-16.2294437253382,14.1160019049786,-3.92274144947115,-8.72024451506225,5.49388683652872,-7.7408158639401,0.384814230466723,-8.078240669038,-0.0148996037313368,-6.7012888702885,-13.1592668578419,-4.90303149501704,1.1462752482696,1.60243883702914,1.75844007534189,-1.52258816196329,-0.903860197993699,0.130166452450156,1.45485651906738,-0.223214403323927,1.55092845004664,0.461459566763514,99.99,1.0
38154.0,-0.882172780658888,-1.72579536165707,1.78005245477364,-0.96025696896025,-0.873474103161226,-0.734801925250552,-1.25734874271433,0.0596320906764844,-1.9800214194226,1.44730139616595,-0.0946257662476655,-1.06587006165162,0.517367427079862,-0.598702451848115,1.45606060593366,-0.932074473967053,1.08682579556734,0.14217383710722,0.189911347211474,-0.371193655760132,0.0752819297335305,0.945697264383684,0.918383759556687,0.384133304365823,-0.23737316063432,0.0680778011865982,0.125959702169087,-0.0420348282488086,11.0,0.0
41646.0,-3.24018658731411,2.978121790406,-4.16231393691373,3.86912437879902,-3.64525645477793,-0.12627056104764,-4.74472973694714,-0.06533104369042,-2.16836609501902,-4.75830407509117,3.47109784646449,-6.5331067689397,-0.983468669556775,-6.07398900285949,1.12540670902583,-7.71804240456347,-9.85592743669396,-5.19390789281555,2.04269768780688,-0.224043462894117,2.60144102940002,0.23191011639882,-0.036489849092758,0.0426396452203885,-0.438330345949387,-0.125821080392006,0.421299802439127,0.00314587612156787,172.32,1.0
74597.0,-0.75140284611617,0.853749529592716,1.43925575996521,-0.482362527623811,1.0475625399735,1.6890446290984,0.350233000576441,0.669190898681099,-0.797650918256917,-0.388903977386563,2.0428052285563,1.17567719379989,0.477219686916701,0.346586587210675,1.19758370830697,-0.826566825463238,0.418198633832803,-1.74594982942011,-1.08850956661203,0.0380186940502387,-0.0572047739791226,0.0338382153038014,0.0293957722365564,-1.33352757352225,-0.521021420770271,0.197910662381763,0.377774743257993,0.150745616079882,5.56,0.0
32745.0,-2.17913506011513,0.0202179180614602,-2.18273279614299,2.57204626116115,-3.6637331119316,0.0815679330899005,0.268048730691862,0.660437428502318,-2.37402736257173,-3.58281002008802,1.97582106179607,-3.50054226479879,0.170681027067223,-2.73594037401519,1.67025110352247,-4.04629299726117,-5.07947908460579,-2.58685704537203,1.66926055335833,1.95796029993605,1.02642111100453,0.299613501640326,1.65680000734873,0.328432501784239,0.106456827905221,0.691774505774569,0.196778974067123,0.241085157494976,717.15,1.0
71779.0,-0.392246753549644,1.04156727671776,1.25333499412024,0.0194481611675635,0.171672392122739,-0.520187442946227,0.616166521475182,0.0876782605918651,-0.338052226639672,-0.546393409360339,-0.0596912995090283,-0.211851882064936,-0.309978713246352,-0.319149298634141,1.19090127151605,0.109752723907146,0.310092633016826,-0.536146695394811,-0.447610358252415,0.0639076358896751,-0.238611622559554,-0.608632853833661,0.0280254089652945,0.0112114764501556,-0.245792221080026,0.102832792143149,0.258190501872102,0.0943078785386336,6.56,0.0
53920.0,-0.398032438751396,0.462859950715295,1.10393633297574,0.415479931932665,1.30672802837525,0.747856495388586,0.607268169681862,0.101800528769935,-0.200888012523676,-0.111266720500058,-0.0933811539993582,0.173321892313356,-0.634035753335992,0.0217984231214246,-0.898063669116096,-0.379880122453451,-0.48202694103689,0.130610500126088,0.531538695697002,-0.00274797003230618,-0.0388252639850615,0.159789651774915,-0.282690545877554,-1.15985214750887,-0.142746297507515,-0.396971673303449,0.00588570113481351,-0.0846362172075275,3.92,0.0
72250.0,-0.794627701830683,-0.146092770859669,-0.202434205163069,-0.365194523570603,3.36272938829038,2.87029428182095,-0.298000266018952,0.86444941528379,-0.931967642947598,-0.130218038998127,-0.124212036925076,-0.31748896594245,-0.0132217937186219,0.541468041585285,1.42749835620416,-0.145965660243729,-0.367496893307878,0.269046586339455,1.39695102533504,0.46926512585762,0.00641768244383474,-0.394477361583202,-0.139344827966212,1.03947309751454,0.628869967997446,0.566667592957116,-0.0851355744776297,-0.0142526753095335,17.0,0.0
79014.0,1.15650720147414,-0.239857605738492,1.21701599676296,0.878190281942527,-1.14852485071554,-0.308118173552188,-0.644057424180646,0.100589320611867,1.01037092120867,-0.230507183768114,-0.827900441856493,0.155775616581727,-0.485881591735841,-0.298262422785573,0.260410821137824,0.19112291837293,-0.145407393857319,-0.165988674149925,-0.039000074987522,-0.108186375377088,-0.090437630231945,-0.121731650829759,0.0260089330516631,0.414591407748354,0.23239230399265,0.317131692470975,0.010950035761823,0.0283855722781331,21.84,0.0
25581.0,-0.574884946572835,0.864533590094382,1.72330351402362,0.876589788404084,-0.484452680002339,-0.491935588164294,0.293367785181258,0.0800147148873104,0.0966630108671079,0.0757353409528913,-0.816993042715247,-1.00650888016433,-1.50050780566748,0.337726471092963,1.55145787934972,0.082891097234982,-0.265821927558812,0.656925668547477,0.224683273797762,0.0473874475944806,0.203495722727129,0.632209778718799,-0.121132589078705,0.353540335091049,-0.320582928347182,-0.276437199900885,0.291493562928526,0.233844942500055,30.24,0.0
96291.0,-3.55217282034342,5.42646054559111,-3.73181031980956,6.67906180701896,-2.18754337884152,2.43394023761172,-8.74811035885579,-12.1082840970182,-2.8563585144669,-5.66586179854092,2.54083553206878,-6.14705358343033,1.79689064160126,-4.32898899462283,-0.150037374792615,-1.83900466547168,-3.35463814070962,-0.282307261175205,0.148592393859995,3.79266672675409,-5.68899027177143,2.51097955615894,0.953932861684676,-0.542506228224687,-0.620152015985956,0.406012866709306,0.0230251633862463,0.164740605977244,33.59,1.0
85864.0,-3.36526491864606,2.92854110729003,-5.66099919906905,3.89115992835328,-1.84037510965314,-1.80088720390662,-5.55867935318221,2.40232168278639,-2.84892272106495,-5.99567612703198,4.22130410784879,-6.11966735264192,0.0230135705891201,-8.14932178394224,-0.301351931335019,-5.37528289323615,-9.31500138499105,-2.48756256913711,2.35591891159776,0.57637946532203,0.875260063301294,-0.102501391250503,-0.606282749133978,-0.743164794295893,0.096318936065612,-0.135060497401362,1.23869473001415,0.0998237563444676,1.0,1.0
41204.0,-8.44028396323147,6.14765332384605,-11.6837061588856,6.70277957100753,-8.15583929706995,-3.71626415558662,-12.4073130564101,5.62657129554302,-6.23216089363823,-13.3866834395246,7.60555947435276,-13.351815018081,0.827049642773684,-14.9794773489142,1.53281308437662,-11.7714969677127,-20.2992165093576,-7.60911006016911,3.80913643570604,0.520732330180873,2.19285541971989,-0.282596814624446,0.00806849811246454,0.403858336982018,-0.0187883930291726,0.522721636106603,0.792690689790115,0.0677895462043786,30.26,1.0
61144.0,0.984610846975938,-1.17630210626756,0.568945185674539,-0.637838032298424,-1.33818000921606,-0.255815239902685,-0.710072030175184,0.138135785689537,-0.805280704825766,0.690566858173845,1.70509624054864,-0.324053304816224,-1.04883559915205,0.279140732104072,0.592477367193143,1.23693695252104,0.342405582762878,-1.27074581162898,0.333891439858738,0.301786987260281,0.168130370118107,-0.0524036864513647,0.0145827804145324,0.197921653207234,0.0141309093483634,-0.425317732306531,-0.00760035438922203,0.0386097191257137,171.0,0.0
30965.0,-2.0415965804906,-0.207225185137902,1.98699571462801,0.34432624376662,0.278565758529138,0.82742996044883,0.00302912098785001,0.736065568490424,0.124442089129319,-0.828896747531671,0.798745576365508,0.774674462353951,-1.0313071527585,-0.0213691135054295,-1.19718075447315,-0.534363050566337,0.230641948118892,-0.480253705137957,-0.892778391020558,-0.19622689461745,0.126269144431035,0.482141877495648,-0.135042973754872,-0.27389466906203,0.525328344605764,-0.353167264140575,-0.28879738016678,-0.273575241174782,77.29,0.0
76861.0,-0.377609115598203,0.745297239688711,-0.0432167249975922,-1.20410469874369,2.44699588695762,3.37113869054409,0.137248145727944,0.935439787237716,-0.523555566522868,-0.255852858376614,-0.180162509448337,-0.245875858903563,-0.0522345997205779,0.291993361243192,1.04165987642112,0.52837014629816,-0.891582044478585,0.10128442445886,0.385198367849213,0.237722270663893,-0.276580356045521,-0.904892548298729,-0.0375798154780323,0.982379819319811,-0.0321714256659217,0.0861799092881302,0.264394801249683,0.114948857991328,9.98,0.0
76845.0,1.141572041228,1.29119504187036,-1.43290045302393,2.05820222243243,0.940823737515849,-0.958273875563986,0.391154204412105,-0.0925192025989645,-0.0328285936060586,-2.15530254380865,1.0804386160969,0.0444153214634158,0.441176590070526,-5.05382476474338,0.315185256694669,0.821195361600931,4.02736603913411,1.07797898032715,-1.10727585500251,-0.00591257660665234,-0.366507064917023,-0.714464900739845,-0.14391066716844,-0.305177619493244,0.697514060032721,-0.312544722619217,0.106247471401345,0.125059863331359,1.0,1.0
65358.0,1.1939160689293,-0.571085006532232,0.742522413618004,-0.0145876823031251,-0.624560898094263,0.832161659907577,-0.833350424512102,0.272896998506182,1.16942539891152,-0.371671945168217,-0.245676823310174,1.37594135044076,0.870456831276252,-0.819319364809584,-1.55090356200859,0.125852995600752,-0.397245548944671,0.272377065433488,1.22602219788409,0.062908129152134,-0.0495024276847497,0.207265101065706,-0.265271877292053,-0.67929377017329,0.511811527633814,1.24660443744052,-0.0286711040907993,-0.00611200759772271,31.91,1.0
83165.0,-0.914911987099001,0.796501232055247,0.759874956051727,0.0899807931237393,-0.480144618536518,-0.742550535871596,0.89473150143635,0.318825113462205,-1.12423357674507,-0.618631429830259,1.18796048492918,0.551338701008302,-0.478471265858955,0.932118926870672,-0.123061523152785,0.19767771564613,-0.260841197699578,0.253258325912643,0.23211639805322,0.102429884738204,0.20187637751964,0.149095762559281,0.138432032155521,0.539745040733296,0.105396230843394,0.295319343947705,-0.172620894922819,-0.0252481512395625,127.3,0.0
48884.0,-2.13905055735992,1.39436766175691,-0.612034894995233,1.04932705568948,-1.1621019076536,-0.768219363115428,-1.99723740081007,0.574996543366778,-0.98083177624058,-2.49561924548174,2.5555891530874,-3.53043627008024,-1.01623381526368,-3.45519657744236,-0.0563633864076254,-2.46773703008032,-7.14032596614864,-1.27128002161365,-0.00172192354163427,0.0254265126136498,0.696954881120808,0.740003045389771,-0.15511524943514,-0.0506074460808317,0.268368293338874,-0.469432841163864,-0.405813768055179,-0.152170846988601,19.73,1.0
41194.0,-7.89688615307576,5.38101952251685,-8.45116161458266,7.96392808742307,-7.86241943013129,-2.37681997521459,-11.9497234569249,5.05135567269165,-6.91207600938549,-11.589748311433,6.64520072606617,-13.542095596465,0.888247918839909,-12.623316046432,1.00275519562895,-12.4322791426353,-23.2415971479491,-8.49529893803197,3.45394255518458,0.645974321869431,2.55794395644985,0.926277883497588,0.0327949396062788,0.638072585685807,0.361887213739485,0.444576520477986,1.10192314818996,0.205958012508108,1.52,1.0
79430.0,1.24777128921636,-0.254037984822994,0.937926395620763,-0.737643652202783,-1.09394083050654,-0.794367083932668,-0.484058451915382,-0.107390781000402,1.62385853143779,-1.11814751261875,-0.215521146327134,1.43504288521131,1.26325575953899,-0.40832802627334,1.12900794149883,-0.50382897544082,-0.219228696564287,0.0275253574611513,0.547018689063626,-0.042191716095075,0.00268419481082657,0.321209583274329,-0.0512711199871452,0.445236163617884,0.544269112714806,-0.690973982374359,0.102175915366688,0.0381009863616816,1.0,0.0
62080.0,-1.59945740179415,2.60772002929222,-2.98719294171061,3.06415614684784,-2.49791431686821,-0.54110279282052,-2.2777862276701,1.26816610842127,-1.99733105335741,-3.83477508791878,1.11335409263987,-4.97692104108215,-0.795530934675206,-4.54955674371782,1.81376325403563,-3.17746049642958,-5.36934877847861,-1.1214541569793,2.03059193793375,0.22533293042937,0.662933039629134,0.184086858369512,-0.0894518031771282,-0.505999935132595,-0.0622588885489331,-0.0527144132804191,0.322854004983613,0.135267636745646,180.0,1.0
57127.0,1.25409509377743,-0.981395670016504,0.967257872057072,-0.721440890117089,-1.3101429677158,0.441456603873682,-1.34556883922035,0.37204379491797,-0.207815807010619,0.646178562554543,0.914998562044971,-0.359866043614619,-0.938873558730065,-0.250117614206664,0.0478596649901713,1.25448944026661,0.294184131566686,-0.896153324702192,0.599565551583643,0.0314060419420586,0.215495014925274,0.568309188091622,-0.0352343972756579,-0.298575937861991,0.228173533312542,-0.167947173590405,0.049844402013247,0.0122245086842396,30.0,0.0
406.0,-2.3122265423263,1.95199201064158,-1.60985073229769,3.9979055875468,-0.522187864667764,-1.42654531920595,-2.53738730624579,1.39165724829804,-2.77008927719433,-2.77227214465915,3.20203320709635,-2.89990738849473,-0.595221881324605,-4.28925378244217,0.389724120274487,-1.14074717980657,-2.83005567450437,-0.0168224681808257,0.416955705037907,0.126910559061474,0.517232370861764,-0.0350493686052974,-0.465211076182388,0.320198198514526,0.0445191674731724,0.177839798284401,0.261145002567677,-0.143275874698919,0.0,1.0
28242.0,-2.78724793061533,-0.0713403777285035,-1.50528777523306,3.36177713733967,-3.35742166883665,0.565834734346537,0.303653111125521,0.966914484943676,-2.24588195188782,-3.65142656863483,0.987277021963291,-3.83478156926117,-0.961354142524746,-3.18216808481143,-1.1260022842247,-2.95430081252595,-5.84121800175148,-2.91043029785417,-1.15585017273094,1.60739677185147,0.882940442444742,-0.246201930041865,1.75222678458672,0.219924964544368,0.15628169505776,-0.265894317684036,0.220694023253282,0.256076869786525,730.86,1.0
117450.0,2.07882054715641,-1.45999745239396,-1.36764345178997,-1.88944757377095,0.907760660752349,3.95682949742261,-2.02341174780523,1.10513268127619,0.268020856643079,0.701349324689142,-0.0327898933140809,-0.376684154902648,0.25428790856253,-0.53390750397892,0.908582048063338,1.4479938163638,-0.11663855149042,-1.10216452261893,0.199716029593554,0.101171765469308,0.270768404839947,0.69517485393521,0.285126327103442,0.717354403100563,-0.416295038803504,-0.212949903912929,0.0566948568339637,-0.0372931229964473,29.82,0.0
52232.0,-1.7490861750034,0.948383177101707,-0.297356888779237,-0.942430153001175,2.28695583621426,3.59420748900762,-0.222653334933928,1.29552484701056,0.0335616242690081,-0.384192510787898,-0.843216375124698,0.166990790584961,-0.261100222978579,0.108815094227765,-0.587808546554019,0.289372111063698,-0.672516620916413,-0.00984670347630194,-0.12896762716187,-0.189848200722836,-0.201905355441671,-0.773554329603225,-0.321425313322602,0.984734553830555,0.319217759682888,-0.694375107447333,-0.246700261081073,0.0451504340274144,23.89,0.0
74241.0,1.03359741906259,-0.388433117557202,1.92591115908649,1.73900215250693,-1.41162383929744,0.701361405592256,-1.11900618399617,0.450302867767649,1.4246898831404,-0.221362902188979,0.425398902725134,1.56876902568175,-0.268801511112956,-0.892795109096291,-2.32066569800836,-0.387016973260422,0.135946532281872,0.200037074490466,0.388197140955096,-0.162351326918153,-0.00280147364207122,0.469140400603421,-0.0837468301441895,0.578983237942731,0.50184416391578,-0.254749215210348,0.105971751388495,0.0306456039684278,8.53,0.0
41285.0,-12.8357595817777,6.57461542943546,-12.7884624825347,8.7862568391843,-10.7231209172666,-2.81353585641993,-14.2488465310891,7.96052082227957,-7.71875064933864,-13.0740681657723,5.97513066688423,-12.375374654316,1.47220511856229,-11.4706925061593,0.993143253686908,-10.9738046181506,-21.047629901985,-7.99078328442082,3.33103902941017,-0.617296150458597,2.67949007049737,-0.0473351062766089,-0.836982346024597,0.625349328179101,0.125864937720446,0.177623612238763,-0.817680255865793,-0.521029795905738,37.32,1.0
54348.0,0.543494869993997,-1.84948493639859,-1.16701590955736E-4,0.411348344827312,-1.19728040298154,0.252656276639783,-0.120453321663396,-0.0423971103288081,-0.4083605342511,0.375483481854173,-1.1676877201314,-0.0251369743890043,-0.00618625536184753,-0.177312598887415,-0.186605209832078,-1.98976265283839,0.526169728181513,0.571843451832913,-0.923220409543558,0.244054920325539,-0.207587533767084,-0.770686504896974,-0.370727099738329,-0.257206238438225,0.291460712323093,0.450460333358596,-0.0518235422041883,0.0776013634189592,407.82,0.0
54846.0,-2.98646550822273,-8.91229481688474E-4,0.605886830263541,0.338337780759695,0.685448451171472,-1.58195443740193,0.504206377175919,-0.233402618007887,0.636767742518801,1.01029102209398,0.00451796796642434,0.0443966388940644,0.420853062352676,-0.931614224984722,1.14797368277192,0.48306309357216,-0.152470829644753,-0.285666258848129,0.0725498490088206,-0.764274258309323,-0.875146363670133,-0.509848660993286,1.31391790371009,0.355064731381086,0.448551563224067,0.193489780350156,1.21458768687535,-0.0139228973515758,1.79,1.0
79204.0,-0.660368023710022,0.247571092283562,0.732425831544359,-0.963999480056866,1.83429150269973,4.36738205356595,-0.400274701751723,0.0862150331829634,0.401399795706028,-0.379111898456383,-0.605307597709099,-0.100441581998717,-0.130478422386104,-0.524138406221336,0.178455652428917,0.314553291956825,-0.702573157768493,0.380018021968146,0.493238479688477,-0.0268210556147744,0.661953735734535,-0.370600208340985,-0.27851356725799,1.03972544827304,-0.315890054455143,0.233985733134629,0.0686537100191463,-0.0985452283439466,99.0,0.0
17520.0,-5.26805322089363,9.06761342731767,-15.9607281345144,10.2966027898053,-4.70824109122294,-3.39537485177836,-11.1610570028797,5.49996263444947,-5.66737554592835,-11.6271935556579,11.0270590938161,-16.3880541668327,0.363921486512734,-17.230202160711,-0.437487559248993,-10.1223919213552,-13.6392089915234,-4.98645725844229,1.12678437819631,1.45587819528,2.00410994522741,0.191058399384387,0.622927669875126,-1.20926355739155,-0.374798862642666,0.64879803679546,1.58469734677224,0.720055870245492,1.0,1.0
84694.0,-4.86810843844627,1.26441977404559,-5.16788542660662,3.19364784504611,-3.04562137708228,-2.09616609885545,-6.44561018266068,2.4225355920307,-3.2140554159387,-8.74597261185534,5.41604190908794,-8.16412507731485,-0.165010607208302,-10.1935303551514,-1.89521031032574,-7.36047460938421,-14.6687710766351,-4.87711900477519,1.38560952778492,0.66730977994879,1.26920538901712,0.0576572516592633,0.629307399675982,-0.168431773502721,0.443743902404587,0.276539471570389,1.44127396787951,-0.127943726430018,12.31,1.0
121109.0,1.92352023799665,-1.84084366401042,0.560236175649181,-0.385744682472331,-1.94840562952654,0.940681552060611,-2.07962445962793,0.440495651384006,1.68889459632719,0.330304912564106,-1.84503029722949,-0.234675605383238,-0.239593172198507,-1.66285878677967,-1.65691440247604,0.722980593160011,0.736951000248704,-1.07418440130487,0.858834057354971,0.0848033724102148,0.317559595455495,1.20440284869148,0.0930088235596358,0.674692923701851,-0.258915540102023,-0.00723953467060084,0.0774260062702539,-0.0164750448879149,79.55,0.0
68207.0,-13.1926709562391,12.785970638298,-9.90665002092758,3.32033688288942,-4.80117593230105,5.76005855618556,-18.7508891580107,-37.3534426378925,-0.391539743919107,-5.05250236713858,4.40680552357904,-4.61075647740608,-1.90948796970811,-9.07271093398351,-0.226074450896345,-6.21155748212485,-6.24814535335983,-3.14924669470095,0.0515761185277783,-3.49304991519446,27.2028391573154,-8.88701714094871,5.30360690376998,-0.639434802306313,0.263203123457008,-0.108876929971315,1.26956635541013,0.939407362758877,1.0,1.0
40959.0,1.3468789611176,-0.635448783101927,-0.0637728051920292,-0.61418326307258,-0.799959576100407,-0.568976143896682,-0.379210924504798,-0.0724808939263007,-0.87728778106433,0.814721362325471,0.485298651901213,-0.0177313684358365,-0.934710828777405,0.412660019135868,-0.600811153456215,-1.45284956611232,0.00541575673068854,1.33156959185139,-0.0491761108231069,-0.506376772383458,-0.419421489918625,-0.732001626204532,-0.0623502681857901,0.0347914853681709,0.404203163273428,1.09585315307434,-0.0837406078641054,-0.0142770086339941,26.65,0.0
65385.0,-2.92382666427262,1.52483716405302,-3.01875803326242,3.28929147538496,-5.75554237361289,2.21827630310359,-0.509995431790455,-3.56944356866613,-1.01659168855188,-4.32053577559936,1.27720226474415,-3.70174966668488,-0.97186959353265,-4.85777667212588,0.0906055221312176,-2.80150199048762,-4.18680753704806,-1.64840609367465,1.1764455977519,-0.447039406719925,-0.511656805196235,-0.12272408639124,-4.28863899895194,0.563796657800838,-0.949451350280346,-0.204532177495445,1.51020648735902,-0.324706012560446,1354.25,1.0
61230.0,1.06937937572149,0.122474814054836,0.175072996713338,0.479080738455359,0.41339464708441,0.95903647870363,-0.270223123938574,0.413580457611376,0.0621172644194255,-0.464953178274193,0.83454322611532,0.442429007200711,-0.157721051899278,-0.105686395866118,2.21780792094777,-0.77141762967069,1.21438316546943,-2.20355555455405,-1.74524756280214,-0.23677265649398,-0.171783827132597,-0.360567903268906,0.259725942595181,-1.01654633814602,-0.108458026928961,0.224363999600012,0.0462784833856066,0.0153797726338307,1.98,0.0
17220.0,1.18978435670385,0.942289402014327,0.0823341450498769,3.02404970580847,0.412406009418248,-0.214414558479438,0.0535578385040748,-0.110353351082093,0.883797757350066,-0.554223900525873,0.154921008931302,-2.77675657494788,1.6412066261065,-0.45607695680899,-1.24041439240797,0.857322735948866,1.70702446635297,0.526349196477535,-0.865104609842214,-0.143434644974988,-0.502635558485173,-1.04739752764089,-0.0567520238885425,-0.340688404752184,0.541235201259928,-0.0983002868955662,-0.0030411199129353,0.049819020358336,3.79,1.0
75766.0,-0.225231202690973,0.841978945282553,1.13099050186521,-0.507625977165281,0.0910333989168096,-1.17282335502532,1.02714657194363,-0.258210442976805,-0.680025842247053,-0.588927490005194,-0.251522871135351,0.134593975936607,0.2888814557902,0.246497495078041,0.604833253008861,0.0166348119583896,-0.210228458809424,-0.876475119415952,0.415802318722456,0.0443260808323283,-0.356578962918419,-1.14149829449861,0.112470390579594,0.399686958525527,-0.315358365811154,0.580746370872666,-0.0805152852048761,0.0113684992259492,24.94,0.0
56624.0,-7.90142134976781,2.72047248689249,-7.88593567244075,6.34833355148109,-5.48011903551053,-0.333059239585013,-8.68237644547782,1.16443107786426,-4.54244738562489,-7.74848004950582,5.26658587269696,-8.67967880327782,-1.1663656781569,-8.10797466085831,0.701364761025326,-6.28830575777651,-13.7531307979331,-4.32923927421315,1.50425021091709,-0.614719344485925,0.0777390506575033,1.0924365947863,0.320132727437797,-0.434642552856739,-0.380687072327338,0.213630359032603,0.423620329379796,-0.105168533503988,153.46,1.0
42394.0,0.821649613163823,-0.976463110951257,0.841788126889811,-0.639747957398775,-1.42373442765087,-0.529536135772819,-0.412141422436038,0.0312426679881212,1.47566464637023,-1.01377729011719,1.5189206900077,1.74625001944721,0.33521688316238,-0.00263393436802974,0.544961611046287,-0.288134992151629,-0.349522034249188,0.628166632117232,0.688705520572519,0.29448738417177,0.189764445166185,0.353843284978502,-0.202939742612116,0.571319311913649,0.390975046896159,-0.723977018706688,0.0588635552605374,0.0613862757058486,190.68,0.0
7535.0,0.0267792264491516,4.13246389713003,-6.56059996809658,6.34855667313983,1.32966566904142,-2.51347884762413,-1.68910220031328,0.303252800547589,-3.13940905736457,-6.04546779778801,6.75462544809695,-8.94817857893317,0.702724998099873,-10.7338541032306,-1.37951985681718,-1.63896011485587,-1.74635013628103,0.776744097926754,-1.32735663549015,0.587743219006407,0.370508651493253,-0.57675247317433,-0.669605371766238,-0.759907529538618,1.60505555017462,0.540675396428899,0.737040381683977,0.496699108168337,1.0,1.0
35953.0,-4.84437152213983,5.64943864783758,-6.73039574613665,5.25284201867297,-4.4095661499774,-1.74076745609347,-6.31169852901067,3.44916731253577,-5.41628435913526,-7.8335555711125,3.6573495649865,-7.7814479532704,1.50772042676786,-8.60475886835984,0.0105926875670707,-6.55397325691037,-12.6243936527694,-4.98990973846596,1.64541389333247,0.284555090358885,1.19488835625662,-0.845752531858704,0.190673885417928,-0.216443252531192,-0.325033100382822,-0.270327592956951,0.210214051535782,0.391854886292055,111.7,1.0
41233.0,-10.6457996485752,5.9183066586857,-11.6710425949575,8.80736917876038,-7.97550136587277,-3.58680634405361,-13.6167970541448,6.42816934590602,-7.36845129274034,-12.8881582878915,6.85495311388866,-13.2116950297251,1.03561234332246,-13.7789556397675,1.04044835530024,-11.2903278082585,-20.5780220491922,-7.54782411219534,3.11847976563045,-0.0461701790327979,2.57196959291347,0.206809359357246,-1.66780140024191,0.558418754024331,-0.0278978765982558,0.354253781525514,0.273328726801416,-0.152908080809092,0.0,1.0
57163.0,-10.3630494651588,4.54367201286394,-9.79589773551539,5.50800333404763,-6.03715599427489,-0.133492972364907,-11.7243461176622,-3.19834557193323,-4.76784222430147,-9.33212806886128,5.2241240042156,-7.74312234505579,-1.56034320038539,-7.14041803349475,1.18597782557697,-6.59870406570123,-12.1205390025684,-3.90409153348034,2.51343040062446,0.924396179705582,-2.45714487251707,1.68725664165106,0.977178353536712,-0.543368976583511,-0.289124786926125,-0.107586425389056,0.330641897772597,0.163577149556086,1.0,1.0
41716.0,1.14246368960813,-0.158496648242566,-0.336596409706831,0.180974257152556,-0.384747270121505,-1.41608704457192,0.487709975781485,-0.362712323510951,0.00178254254274401,-0.0933970471792841,-0.416279741133703,-0.397665511343004,-1.02372745699455,0.710038057619913,0.885745267594238,-0.0316700811693347,-0.0945415239781349,-0.544358645683711,0.0960060522240924,0.0436280562364331,-0.00394689957415991,-0.248003182504745,-0.154694088148899,0.443672910299402,0.480407458684137,1.06428594460844,-0.137984340364057,0.00478095722770944,99.95,0.0
39729.0,-0.964567282813312,-1.64354066791439,-0.187726849232163,1.15825311047012,-2.45833564593802,0.852221660377025,2.78516254594393,-0.30360853861401,0.94000553101046,-1.96530880945923,0.159743522312315,-0.490697387341298,-1.1819769933833,-1.95887596969497,1.15274328622613,-1.34126935794233,2.49832484974359,0.777831088916474,1.4060448737262,1.78444933498197,0.447180121733859,0.536203895046365,1.63406050110051,0.203838849073356,0.218748854725954,-0.221885828382479,-0.308554718022245,-0.164500017914328,776.83,1.0
34634.0,0.333499490680108,1.69987344643198,-2.59656116696059,3.64394526899047,-0.585067615145778,-0.65465853161144,-2.27578851019488,0.675228968561644,-2.04241592376479,-2.83487115980611,2.80200512615164,-4.39273243849001,-1.36967144973756,-5.32728665168661,0.16315896154,-1.35938947657172,-5.09518287931609,-0.338012656200231,-0.124137989024621,0.32934171405761,0.469211944535006,-0.144362651206432,-0.317980934036568,-0.769644309522666,0.807854587509663,0.228164299217237,0.551001873896763,0.305473419992231,18.96,1.0
120880.0,-1.34354022920616,-0.698192007864792,0.668187826003587,-1.8053197256777,-0.422802239915757,-0.536671148288435,-1.42662982009623,-2.64487547227299,-0.53852749750773,-0.468205107686699,-1.18915532260214,-0.961023215914355,-0.907328626577206,-0.171324918014693,-0.399505099062845,1.60622274518161,0.0285438180992034,-1.04948393544757,-0.453047357499574,0.203111322558552,-1.01994459240011,1.40503587683169,0.660443422710571,-0.0335533112300302,0.194272246763582,-0.162024118887622,-0.0431391097774142,-0.0532825035164642,27.98,0.0
119475.0,0.0189335129110662,0.788029310557835,0.76416421479638,-0.369424518528164,0.664551985484988,-0.986706444142448,1.24214212030194,-0.48918448100176,-0.244734694851076,-0.338916338291462,-0.798518133948611,0.0868038399501231,0.229387981588673,-0.0273278437339228,-0.141752302664587,-0.431279578630692,-0.317593957641086,-0.703922773901106,0.521866872334743,-0.00256602793405903,-0.220125193111178,-0.365154397430543,-0.0131474229631152,0.0618568566851074,-0.804026503989976,0.151581131904159,-0.0305783243864391,-0.0356478424653046,0.89,0.0
50706.0,-8.46184470133154,6.86619841481805,-11.8382692206767,4.19421096699453,-6.92309709702798,-3.22114664850055,-7.55349651116055,6.015618186942,-2.4661434402463,-6.24624318477127,2.94398521977131,-6.51238933713471,-0.698175946764313,-7.54364593187217,0.92645528395257,-4.3302948063467,-7.33969796421674,-2.55090085394741,0.645904895509124,0.814710155897088,0.918244480856236,-0.715366336614015,0.210747336284603,-0.0602114737129364,0.509534595479059,-0.257283692851139,1.17002651560613,0.229300914797861,99.99,1.0
79680.0,-1.02473762810642,0.829801147773044,1.20988391031905,1.03660651652034,0.288713169109994,0.0279118771366123,0.751333144099678,0.102539665775135,-0.758259564527686,0.410266372436042,1.47200500420115,0.332141453045183,-0.796704525514255,0.680093127646331,0.823096096106867,-0.383974050540838,-0.0120403089416318,-0.28972553954662,0.919145218935384,-0.0554027334722235,-0.360036636996113,-0.904927078639271,0.346851628957812,-0.0650042323468535,-0.598429037190331,-0.745393809185691,0.22146014461808,0.193143282429432,64.95,0.0
41607.0,-18.2475132286673,8.71325017095966,-17.8801268207974,9.24945923683651,-14.5412125237225,-1.91156359308197,-18.0146601306809,5.52216218981207,-9.28392451240577,-14.5571590528859,4.39243558567834,-10.3800731219167,1.61182090128819,-6.91763950579126,0.158841037400664,-10.3282423879882,-20.2545556896053,-8.53452256380618,3.25653448060821,-0.526368288315335,0.598842606268504,0.615318868165234,-0.486498927270445,0.739268468431111,-0.236844752247958,-0.0460816699541002,-3.01147328474912,-1.02214746628442,53.95,1.0
18690.0,-15.3988450085358,7.47232389650112,-19.0269123426632,11.165525840514,-6.89385628014845,-2.12093657486019,-14.9133299850456,-0.721214094320184,-7.1750966153358,-14.166794659606,10.2777688628065,-14.9854337328686,0.345179234077653,-14.6663889726541,-0.346352541965346,-8.33324249555463,-12.6025964553952,-4.87668342078337,0.604625910708604,1.11150221461014,-2.44488368228,0.727495341024629,-0.345078151264077,-0.981748551471828,0.995271346300177,0.816761717958274,2.26294237384391,-1.17806316323334,1.0,1.0
70998.0,-1.86983681469888,1.599614242174,-0.517860415696038,-2.79087360790622,2.03364124880729,3.10303247994413,-0.00767223182270347,1.01872752668616,0.993673720269008,1.17567983835418,-0.129843968044139,-0.181094770952454,-0.0835678525106495,-0.325524128917839,0.78551872354526,0.799602570831266,-1.22532695333984,0.00586043630797101,-0.496706576196722,0.932343513029351,-0.31248000966882,-0.626163665441534,-0.0381983670450822,1.01160071123775,0.124360555656048,0.761038358002651,0.885263555189762,0.540050055532975,2.99,0.0
59840.0,-3.21538175967748,-0.364223121381638,-1.26188334354906,3.79494903930385,0.71120593031272,-1.31647560298004,-5.16514055601052,0.625278383544947,-1.582300584728,-3.25263359468289,5.04075120270381,-5.31444220386187,-0.656470662006063,-6.23304367078495,0.974771279276835,-6.8903177453801,-9.51641148491956,-4.36412771489086,2.59857755637223,0.0196261688931224,0.40134124079647,0.152191258747201,-0.93467547449829,-0.256148382367333,-0.469403308828214,-0.282495914081921,0.86607691066145,-0.433465943783225,5.91,1.0
85864.0,-3.36526491864606,2.92854110729003,-5.66099919906905,3.89115992835328,-1.84037510965314,-1.80088720390662,-5.55867935318221,2.40232168278639,-2.84892272106495,-5.99567612703198,4.22130410784879,-6.11966735264192,0.0230135705891201,-8.14932178394224,-0.301351931335019,-5.37528289323615,-9.31500138499105,-2.48756256913711,2.35591891159776,0.57637946532203,0.875260063301294,-0.102501391250503,-0.606282749133978,-0.743164794295893,0.096318936065612,-0.135060497401362,1.23869473001415,0.0998237563444676,1.0,1.0
71727.0,1.21641765698502,0.105272786455613,0.184407748998059,0.0237958214266989,-0.409975972671326,-1.1166143728755,0.228341197647426,-0.179268307576958,-0.319419363323386,0.0310973702863223,1.70648100513417,0.94453034500445,-0.250037244515198,0.667977581486296,0.153814414809497,0.262433921431925,-0.368723933081007,-0.560185952138239,0.488788172108672,-0.0524298729845846,-0.372206771483703,-1.20112413515622,0.21113506033237,0.539849446412446,0.0324003728255591,0.591583514251621,-0.108111858647209,-0.00239135514575692,20.99,0.0
116237.0,1.95048674368546,0.00231163413781166,-1.76181436446645,1.23247049761072,0.52317496340641,-0.650656683710249,0.504231418850149,-0.200856576123059,0.116804623126441,0.443749802150076,0.25763339301261,0.358875269516141,-1.31331136085528,0.922108072404539,-1.07853811467019,-0.395038279591895,-0.437150626763293,0.0742234680739092,0.187085507365523,-0.285207211533128,0.0863058603519844,0.326296732953457,-0.0688386335130857,-0.416588581616919,0.4260441558824,-0.486298927923339,-0.0312655186110198,-0.0725431938074997,38.44,0.0
32130.0,-1.31443969660419,0.911589905326309,0.150881575428962,-0.891668160804901,-0.0932029873836093,1.38502799880967,-1.3134552613751,-1.89397550728746,-1.77254683247665,-0.220653606863772,-0.574972889736124,0.697254187652902,0.37219722253059,0.534665623733429,-1.1699479847847,-1.44179266310209,0.163891360822613,1.36451228034975,-0.12306672386854,0.21753115250846,-1.68672277512755,-0.189305760248862,-0.010092764061588,-1.35226336208815,-0.122261040695568,0.392363933204454,0.244548989148619,0.098885796515232,28.0,0.0
60802.0,1.25689140865196,0.412448993526999,0.320473921532147,0.684503856865995,-0.296985344468961,-1.05084111414854,0.14193053055659,-0.249620806883514,-0.0899462833364557,-0.306569316767134,0.0673907219890441,0.664494353181623,1.03780682745297,-0.449165337678481,1.00539249533676,0.442078347203612,-0.053553323826238,-0.396891790749539,-0.20192377470943,-0.0282312887993279,-0.278516675565247,-0.764597172310669,0.118785342105604,0.362026375091039,0.244178353226385,0.0920087557451897,-0.0178154023175248,0.0325438670567318,1.98,0.0
19762.0,-14.1791651073631,7.42136996239257,-21.405835744128,11.927511869244,-7.97428068736155,-2.20271027666529,-15.4716122801735,-0.356594909586509,-6.38012489838839,-13.3482776536659,10.1875873241664,-14.5639797552132,0.59375935763569,-14.4915983463022,-0.281392503951236,-8.2641288443605,-12.4398049728466,-4.83707902601307,0.753149847889189,1.00276434172175,-2.36683606243662,1.13095519799655,0.991153238179024,-1.03313210707298,-0.327179344936207,0.634692903522304,2.17190494464567,-1.39528768393339,1.0,1.0
65532.0,1.14329296499576,0.0566989418063731,0.620423156132258,1.44895858897829,-0.382207909082043,-0.00958482637232535,-0.179547427182481,0.0945357889070538,0.604816838097712,-0.146057214155446,-0.742118006664574,0.244205268242799,-0.715725437011905,0.00529509503509823,-0.140264704829515,-0.671690237911814,0.315338500764786,-0.770584020858699,-0.393090767383052,-0.224097179019746,-0.0379075814336816,0.144428863321345,-0.0868906761455527,0.0919152724421999,0.645031460262453,-0.240512769309962,0.0500771128693894,0.0178488501308242,9.99,0.0
94625.0,1.70785693746472,0.0248807914815549,-0.488140038578959,3.78754815533943,1.13945148482475,2.91467262159314,-0.743357877946301,0.699135879021363,1.0084706473096,0.912806096143303,0.7653541419638,-2.04386838674929,1.00154733873148,1.32288725448265,-2.72007696175136,-0.153429555378718,0.752610596119435,-0.755785824269169,-1.91256263382671,-0.368014254987192,0.0108651916304298,0.548257831746395,0.0912182952145324,-1.00795946020642,-0.0821828177765288,0.179709188704528,0.0077377190320074,-0.0688413102470406,33.76,1.0
85576.0,-2.20763091845218,3.25907610397605,-5.43636546967173,3.68473739367705,-3.06640091036945,-0.671323195313701,-3.69617839443207,1.8222724578951,-3.04965272773018,-6.35388725151755,4.35148149710451,-6.4532473302497,-0.0614319367541572,-8.44287285721034,-0.328820639839654,-5.44079518325917,-9.5180378916264,-2.43806861829455,2.33675362049059,0.808336360421968,0.920899033968287,0.0376745089378149,0.026753977510545,-0.791488823729947,0.176492777047381,-0.136312279131778,1.08758482385547,0.373833528935625,240.77,1.0
32059.0,-1.16780736641979,-0.38088616085912,1.66106885733553,-3.93280600612086,0.101921594351258,-0.220209184533027,0.441563608185992,0.143475800545519,1.52682120108469,-2.62246646343279,0.206587795287613,1.62079194540492,1.13319348778952,-0.46508397036242,-0.241343218927712,0.159826890665286,-1.3459040777427,1.15568672254294,0.211176261220575,0.17944981152659,0.255930478819651,0.695407611687217,-0.410025825024782,-0.785286344206661,1.03694769410131,-0.834744269804251,0.0529295009129439,0.0558632145590644,92.74,0.0
109297.0,0.745153216872909,2.80929887414381,-5.82540635746786,5.83556642595055,0.512319881201007,-0.615622343185995,-2.91657564356736,0.776710041712962,-1.87883185000296,-4.54693575081085,4.69879549591235,-8.50778570734412,0.718249309268122,-7.62871014660448,-2.24957848303647,-2.55866861696795,-5.30462366328046,-0.956938449028105,-0.585321852047277,0.40283675391689,0.284840710005163,-0.874383479410998,-0.0839950451669313,-0.651441658316508,0.454593823671078,0.0503758982755266,0.756952562644727,0.383868938615243,0.0,1.0
68207.0,-13.1926709562391,12.785970638298,-9.90665002092758,3.32033688288942,-4.80117593230105,5.76005855618556,-18.7508891580107,-37.3534426378925,-0.391539743919107,-5.05250236713858,4.40680552357904,-4.61075647740608,-1.90948796970811,-9.07271093398351,-0.226074450896345,-6.21155748212485,-6.24814535335983,-3.14924669470095,0.0515761185277783,-3.49304991519446,27.2028391573154,-8.88701714094871,5.30360690376998,-0.639434802306313,0.263203123457008,-0.108876929971315,1.26956635541013,0.939407362758877,1.0,1.0
81908.0,1.15438207535566,0.14288357482606,0.349831714229493,0.591183753599714,-0.370512249749048,-0.432747656718288,-0.199262235403889,0.16082178875916,2.97886437946173E-4,-0.110766922205348,1.7591829141831,0.21474955028264,-1.53305616118242,0.271833646251557,0.808237141430342,0.399287002054148,0.18863816456394,-0.120271834843217,-0.332871777982129,-0.21134108996857,-0.213435059235073,-0.698382959412769,0.190774333659628,0.139668995860751,0.0312263995709149,0.0994717636824399,-0.020762131299296,0.0158483525659653,1.98,0.0
91524.0,1.95485173775774,1.63005630331209,-4.33719968092597,2.37836729179698,2.11334786136033,-1.58385066673113,0.65374545254113,-0.192892012453504,1.21760825458778,-2.8290982053899,3.50456779253823,-3.9181998797616,-1.01579192974001,-4.7045087050312,-0.968553075532043,1.85477191713001,6.02439676670687,3.53125033477791,-1.1962847755939,-0.230640095367639,-0.474437304644058,-0.974624666273666,-0.0481545042172499,-0.0235242678879109,0.362192024107476,-0.570709266940076,0.0256187202949634,0.0818803891570235,1.0,1.0
41227.0,-9.00135134450649,6.61328394324752,-12.4236347238918,7.51992923163014,-10.2662546389665,-2.11320754204122,-9.98428744767688,5.54194143253089,-7.38370453522347,-13.2151722995049,6.89518136811315,-13.2796997105282,0.755263578785977,-13.4170122721265,-0.210774362111057,-10.9226551270595,-21.90649321637,-8.82981976595275,1.85246698871594,-0.645393857931055,1.7758908996538,-1.22475761150578,0.0825935414630254,0.452088727391883,0.463827332847796,-0.296928065001458,0.526505578079938,-0.450890488772313,459.07,1.0
57007.0,-1.27124419171437,2.46267526851135,-2.85139500331783,2.3244800653478,-1.37224488981369,-0.948195686538643,-3.06523436172054,1.16692694787211,-2.26877058844813,-4.88114292689057,2.25514748870463,-4.68638689759229,0.652374668512965,-6.17428834800643,0.594379608016446,-4.84969238709652,-6.53652073527011,-3.11909388163881,1.71549441975915,0.560478075726644,0.652941051330455,0.0819309763507574,-0.221347831198339,-0.523582159233306,0.224228161862968,0.756334522703558,0.632800477330469,0.250187092757197,0.01,1.0
76892.0,-1.38672534403799,1.06776305541862,1.82249894713704,-0.682420510172218,-0.377615521519566,-0.68011775801727,0.282821063868778,0.430088200979543,0.150079333273431,-0.37285932471697,0.815234290481821,-0.0529071549223396,-1.85688588195499,0.456167360687148,-0.495423128344622,1.25956557072813,-1.29063454037898,0.642666606626338,-1.86873445451583,-0.333179072226515,0.0600734418176716,0.0119753128360429,-0.0911410930584985,0.443812741987359,-0.236340561836589,-0.925157547230415,-0.202221095570013,-0.115951765074137,6.99,0.0
65975.0,1.18792474875917,0.449603233039544,0.866136391749162,2.39439156766159,-0.227021230459602,-0.0117089921013527,-0.198864519131949,-0.00424768361577114,-0.489060978865707,0.657682174902415,-0.96836313389937,-0.0480334478043356,0.679447685581072,-0.0528236727024208,0.748715198699591,1.05703343320657,-0.967206679545732,0.204790129783002,-1.03740914127662,-0.0811054167763378,0.117022545781784,0.341039742580391,-0.130429863311287,-0.102101303336852,0.515821927606311,0.126178000602516,0.0142748356489369,0.0267128102166372,10.59,0.0
37012.0,1.34236019667366,-0.652771889253532,0.892329527035677,-0.829225049120775,-1.19184912032697,-0.183046582665776,-1.04560824820011,0.0352548513976325,-0.814806697395321,0.739552766480777,1.28369464919174,0.574031202789567,1.47251967755536,-0.506247289790356,0.309337606362098,1.71799117045492,-0.383446193541398,-0.393461276726192,0.627916073280914,0.20287780431637,0.429084841759215,1.20128025986217,-0.176159323324504,0.0863786284576747,0.479176185512861,-0.051199645374971,0.0396691569704966,0.0161568288216341,19.0,0.0
71099.0,0.512761146374683,-1.18099273246607,1.2084617250607,1.84842606531752,-1.28874398398869,0.767408142315663,-0.500355101903713,0.291609442187872,1.30504310245236,-0.459737240433536,-0.991322279725108,0.642793571661392,-0.280563627678949,-0.632546412584904,-0.587491005641754,-0.520187635716635,0.38504323414255,-0.566781026459308,-0.434241707766435,0.3905231698402,0.110607245000985,0.0609711448068531,-0.27052757097655,0.11599694074091,0.305327946325893,-0.31596934543564,0.0512865601195636,0.0849279118267934,299.43,0.0
38089.0,-3.10105912527357,-2.73325080859612,2.78748887433811,1.26137379543366,3.13303104706135,-1.33392304965183,-1.47971904765321,0.416958936185631,0.51313748487865,-0.619718964596683,-0.441090134070768,0.821939903325907,-0.0861839365753858,-0.610702325671336,-0.934757169922831,-1.23225515092459,0.566918450769079,-1.31675863236271,-1.21588420112505,0.751729377725453,0.24481751053494,0.204509920466765,0.330097944899776,0.0995232183056241,0.640031212788983,-0.361895375218047,-0.179680759595357,-0.0932872424472578,35.76,0.0
57829.0,-5.80934434248583,-7.09418593402682,2.2106630280578,-0.0283699355447969,5.93952462450736,-3.59455350558423,-3.95120852292033,0.946234546624811,1.05399985620877,-0.858467645242408,-0.659566057795521,0.668900831241346,-0.660430462929652,-0.182098368846162,-1.74583838376706,0.856650596706709,-0.966045251612673,0.555494810035823,-0.280512936633036,1.87901229710525,0.413524361303159,-1.01844408918962,1.2362278649853,-0.851428779479582,0.734347148326475,0.754988564797456,-0.350324888130914,0.166853541137954,152.45,0.0
41527.0,1.02992617217505,-0.248181615113812,2.24529660119475,3.08454872211924,-1.44924320803414,0.955368667928931,-1.26409253727028,0.478303533724026,1.23317809754827,0.250964298811324,-1.74225753158616,0.220509169847953,-0.604329708379129,-1.18294573466005,-1.85004919799813,0.134684937563549,0.115689208180854,-0.0232306867180041,-0.545345282674432,-0.196424235501893,0.0615702509225842,0.620683517437614,-0.114959179345225,0.427754985528185,0.451278198220657,0.251473072644022,0.089604510875844,0.0399239160769274,11.38,0.0
41147.0,-5.31417320646342,4.14594361146639,-8.53252245892907,8.34439167363678,-5.71800820787464,-3.04353608094129,-10.9891846672722,3.40412865609659,-6.16723364181153,-11.435623996076,7.67453383416429,-14.2960914258331,0.526938923712363,-15.4450258118019,0.991651201275811,-12.3913460034009,-22.5416517287861,-7.98672065349455,2.99255446334225,1.15001731865814,2.33146580801509,0.862996305559532,-0.614453237551036,0.523647877136623,-0.712593271662611,0.324637964828057,2.24509146635599,0.497320848969724,88.23,1.0
85290.0,-1.40123862462624,1.41663448136102,1.18762288691864,1.56002965063575,-0.633214471481099,0.203934674044087,-0.0949667097211541,0.761654872832325,-3.17597322740833,0.677971228918722,-0.681323482214679,0.325510010948661,1.80504198088116,0.471549087515067,0.556367684398607,-1.39746249519715,0.489918715745516,0.765689638435889,-1.25061363668537,-0.551393570769271,-0.155786710633641,-0.239190669798867,-0.148726266363539,0.0843528789517602,0.288198352797197,0.188163138396264,-0.249876125154879,-0.0961447992168843,54.2,0.0
8731.0,-0.519259772095823,0.866518736398498,2.59874775856135,2.18153169145695,-0.0246200648227623,0.985892243634753,0.271537945601406,0.109437904886393,0.71840592711834,0.156196783216485,1.94149420514128,-2.16118684938941,1.02985111762531,1.05555038044286,-1.75337588882051,0.10818747856211,0.399833770669086,0.295194443752304,-1.06910570263881,-0.135558752344553,0.0429617871576738,0.612687920345269,-0.185204796235107,0.180122271993122,-0.102501158455081,0.0306069234865627,-0.248791131643606,-0.212107577053233,41.84,0.0
47545.0,1.17671575912859,0.557090903443645,-0.490799622910899,0.756424293386678,0.2491915585394,-0.781870546568533,0.228750322026116,-0.0408400791377636,-0.432110564245139,-0.585778431385528,2.28193937592012,0.654566719272309,-0.310379432324912,-1.04370522504569,0.513750399321109,0.399177755263914,1.14313007770305,0.256013886486252,-0.511210088142662,-0.10277180482264,-0.0621660000083396,-0.128168129786567,-0.0401759895545737,0.110040347467026,0.437891432381746,0.368808854483266,-0.0182873480981415,0.0311734033163997,0.76,1.0
70229.0,0.315641749332386,1.63677796226183,-1.51964988293973,4.02857099852445,-1.18679426720391,-0.789813099852487,-2.27980740468004,0.472987926704315,-1.65763500271185,-2.89499040084744,1.60198538284757,-2.82494562476694,1.26920363552044,-5.59136368933409,-0.974827287131074,-2.73779549628906,-4.9615343155062,-2.22479740778771,-0.136117269757132,0.388884849068478,0.345920750226663,-0.1080015945344,-0.165441941824109,0.279894580016653,0.808783092569154,0.117362632970147,0.58959490284462,0.30906407378289,3.79,1.0
76376.0,-1.52597806993807,0.796225510273156,1.17247767559689,-0.947110583376882,0.077070965925949,-1.65559048410075,0.670737169425493,0.0516262452802575,-0.88706698121954,-1.07444858910812,-0.0896843058204744,0.774158312710738,1.08381804474618,0.321008118078962,0.180863380170633,0.122426185179574,-0.172420200440733,-0.761157656692123,-0.43054465873668,-0.116295010373782,0.0574665242434478,-0.0724457036707362,-0.397195323068213,0.825601202533168,0.404932011252482,0.923866823947654,-0.262265672646927,-0.133367889696371,23.0,0.0
38640.0,-0.660480579028798,0.833001943709814,1.79038091093491,-0.488206443383544,-0.203145534568006,-0.653266152801589,0.645026395355072,-0.318272624434947,-0.342546959232819,0.21088952587069,1.57839882605798,0.193368700488665,-0.629066964118016,0.194527224785189,0.713600146127701,-0.0790432468722449,-0.291905386819977,0.212204623105892,1.15825078673081,0.0886335471071379,0.0348961223554939,0.0567253507216484,-0.174400250925131,0.597901928695802,-0.376111630572967,0.942999006422506,-0.569275146553642,-0.131644760356875,7.61,0.0
30852.0,-2.83098405592803,0.885657038258755,1.19993009832405,2.86129223993172,0.321668777779154,0.289966026429405,1.7677604489638,-2.45104966190813,0.0697358066743391,3.24508640095346,0.675287853392807,-0.677096334427304,-0.222741128141729,-0.913786970583513,1.60333192308268,-1.0245020918608,0.0220452070437295,-0.940684674142594,0.484758940230455,-1.01692314354721,0.546589339675499,0.334970736976198,0.172105676221893,0.623590288019672,-0.527114316331261,-0.079214654387473,-2.53244529803097,0.311176714703215,104.81,1.0
24425.0,-1.22599632846692,-0.513767976275576,2.18572682087784,2.04661142342698,-1.24134865972154,1.62185408240218,0.951837740888019,0.350117022685667,1.45705079634493,-1.1300164192317,1.53583666213697,-1.55333612983406,0.728872116132179,1.03766704793622,-2.72623119747174,-1.43107739834529,1.72194645671571,-0.127636248294478,1.24750260414924,0.746015175417492,-0.184738713147178,-0.551889454829956,0.850873419141179,0.118167787278027,-0.132825132589898,-0.479974716225048,0.0452804523138222,0.145694091253069,372.82,0.0
59063.0,-2.01735315211103,0.761505480401683,-0.945093959577963,1.34425831439488,-0.666045867027085,-0.118132311485959,0.698963296683104,0.622713899898487,-0.707594598732952,0.414123095306226,0.878046200581559,-0.0107680021391483,-1.66974706337058,1.52890676410931,0.621742084885799,-0.305880582023068,0.328839065915507,0.221322412242481,0.714558108802947,-0.913602856357935,0.12164166910974,0.801639681979024,0.578194478428124,0.0195239766122667,-0.830625609480116,-0.340535565944553,0.0591470320373718,-0.0238837372485936,169.9,0.0
78549.0,-0.815768132158973,0.471153039670811,1.8095996298747,1.19398288043178,0.162372588445609,1.85300528153896,-0.0113529732094698,0.352760342549361,1.17901813809367,0.387791188959189,-0.775327722569025,-0.38058162700335,-2.3715920844211,-0.618560294469332,-1.69330648162494,-1.15151003813607,0.425812536446698,0.0268186321876931,2.07080005018772,-0.127932296394085,-0.435105772676371,-0.573749703183527,-0.125052365960853,-1.20849587499104,-0.410874466414112,-0.49189799668739,-0.782821606959309,-0.609677457126054,14.98,0.0
41147.0,-5.31417320646342,4.14594361146639,-8.53252245892907,8.34439167363678,-5.71800820787464,-3.04353608094129,-10.9891846672722,3.40412865609659,-6.16723364181153,-11.435623996076,7.67453383416429,-14.2960914258331,0.526938923712363,-15.4450258118019,0.991651201275811,-12.3913460034009,-22.5416517287861,-7.98672065349455,2.99255446334225,1.15001731865814,2.33146580801509,0.862996305559532,-0.614453237551036,0.523647877136623,-0.712593271662611,0.324637964828057,2.24509146635599,0.497320848969724,88.23,1.0
47212.0,1.25400273870885,0.647730584833923,-0.435323546878775,0.952725469784705,-0.0700222379452252,-1.65118439552436,0.401161356000377,-0.325241768168595,-0.152585087551375,-0.705936182970069,0.444321910205345,-0.164914990609886,-0.389510421197271,-1.22899956882487,0.971075362255575,0.466971857610844,1.16944986787005,0.189352142458501,-0.48758057776714,-0.0964638270631126,-0.13527507976167,-0.345671980953439,-0.0401150943336067,0.593114021312282,0.518944705295303,0.3494949493425,-0.0318510359326789,0.0456606513763853,0.76,0.0
472.0,-3.0435406239976,-3.15730712090228,1.08846277997285,2.2886436183814,1.35980512966107,-1.06482252298131,0.325574266158614,-0.0677936531906277,-0.270952836226548,-0.838586564582682,-0.414575448285725,-0.503140859566824,0.676501544635863,-1.69202893305906,2.00063483909015,0.666779695901966,0.599717413841732,1.72532100745514,0.283344830149495,2.10233879259444,0.661695924845707,0.435477208966341,1.37596574254306,-0.293803152734021,0.279798031841214,-0.145361714815161,-0.252773122530705,0.0357642251788156,529.0,1.0
26523.0,-18.474867903441,11.5863805198184,-21.4029168131391,6.03851541556808,-14.4511581398683,-4.14652350569915,-14.856123673178,12.4311404723263,-4.05335328722588,-9.04039624894471,5.96620250720685,-8.46396612952571,0.0786921317878341,-9.09253265181295,0.0108220973904713,-7.1863755078292,-13.7974745003699,-4.95849390971089,1.32116655982617,1.5779244011474,1.74113559593371,-1.25113794883836,-0.396219126116475,0.0957055555718895,1.32275094272025,-0.217954564863573,1.62879253147016,0.482248274865402,99.99,1.0
73408.0,-2.86979494599423,1.33566696241079,-1.00953019777159,1.69388472852407,-0.741479894623347,-0.796772696354505,-2.61424187718441,1.06663646767929,-1.13549652218517,-3.9433368210052,2.57283021584331,-2.28866350030302,0.562084177710423,-5.33871420959882,-1.85325189141529,-2.619233053885,-5.23142512742468,-1.23485373672039,0.397308037124058,0.0115572104606548,0.528421372720921,0.228027080989586,-0.749297963439339,-0.0671789627433331,0.215792485177395,-0.453651011768872,0.349191042793996,0.198862268219404,16.48,1.0
72174.0,0.894673489540715,-1.34179423650626,-0.539739341795709,-0.549978635106238,-0.641091232267922,-0.130386573525173,0.0589836216158189,-0.198019755629666,-1.12085433539112,0.648480820058615,0.290170815224919,0.695042290744633,0.858917239842966,0.108789568975958,-0.710993550921758,-1.34010782570485,-0.277017223549214,1.35613708528949,0.0610667410292623,0.13489768603988,-0.28166321039559,-0.829758288394794,-0.372804311512018,-0.445328542112681,0.438549034834325,1.09652811042161,-0.121681043488248,0.0281014454987815,280.95,0.0
84204.0,-0.937843305478391,3.46288948991687,-6.44510395393435,4.9321986662268,-2.23398306982245,-2.29156112129773,-5.69559392853253,1.33882463362261,-4.32237655329329,-8.0991193981365,7.18296700883659,-9.44594338249901,-0.314619967520224,-12.9914655817567,-0.136358931959623,-6.36752437517144,-12.7343938853776,-3.84512965889743,1.00766725992114,1.12953228130351,1.06655024941577,-0.521657289347299,-0.319917292909547,-0.405859088093617,0.906802159957716,1.16578389011737,1.37449533233535,0.729889341911333,0.0,1.0
69839.0,1.34610558881514,0.20789944483581,-0.561593140781417,-0.0968712863717623,0.285549124925666,-0.911945193431966,0.514500342506179,-0.409389345569076,-0.250914188316292,-0.119573895129829,-0.809186671413718,0.442499285864567,1.21672579912422,0.223676319624442,0.706715547988798,0.104661734719686,-0.522399592856286,-0.543990081097106,0.421924652601732,0.0551113169654884,-0.0797787772254922,-0.191074382308917,-0.21856420036133,-0.343506841965591,0.690927669935402,1.11719488993666,-0.111331788650763,-0.0120957747174254,25.95,0.0
41870.0,-20.9069081014654,9.84315322329519,-19.947726046163,6.15578864849515,-15.142013159868,-2.239565648142,-21.2344631540976,1.15179506554623,-8.73967037069304,-18.2711681738888,4.67734929657245,-9.58356643737056,1.03516582361622,-8.19969002891841,-0.32651888245129,-8.37643882097816,-18.4854603221489,-7.58997395860914,1.1266403652792,0.396654845079575,-1.97719619445615,0.652931885295435,-0.519776859411322,0.541701730134149,-0.0538607606750096,0.112670774311131,-3.76537100922261,-1.07123831223447,1.0,1.0
28870.0,-0.37757561773228,0.74480674652338,-0.0462291862814306,-1.20410614389434,2.43686842663546,3.37747561155094,0.147514978997079,0.934373941898874,-0.52474192232053,-0.258083186378025,-0.180122825423629,-0.246767319066462,-0.0520238172661374,0.291984121483888,1.0416148059536,0.528909346349153,-0.891831945196109,0.101945945986652,0.384661540227931,0.240865073352331,-0.275790836441432,-0.904742775948223,-0.033776836850179,0.9821560057625,-0.0315555318536479,0.0861143802573315,0.263867327758749,0.114998936257231,11.99,0.0
71594.0,1.04754923819898,-0.157449792335303,0.793063047057345,1.37876161040106,-0.326377997438683,0.813994105743385,-0.43646781680143,0.315788969091519,0.581696098522758,-0.10784953717404,0.60765529696536,1.41927286816653,0.0857516543474297,-0.273180806114793,-1.41207703106474,-0.539112222359045,0.0513883435295188,-0.32027886329447,0.147085656105536,-0.102790167076103,-0.0351716637505548,0.192748955997792,-0.151075774754092,-0.262148433183351,0.628925201218855,-0.259190021148698,0.0659013668500137,0.0145182811762854,35.0,0.0
75851.0,-4.79366743133161,3.41891065333381,-5.07444453285381,4.03598694267746,-3.52787459906065,-1.92324150219959,-5.06598083804842,1.99688475994042,-3.09737916358313,-6.44720227383046,3.77557843937585,-7.49878345527601,0.231306922054262,-8.65826843157538,1.34330765668858,-6.17333085967808,-10.7080182544535,-3.50489419159365,1.88404425730219,0.342122343012083,1.16861781897539,0.289530903898366,-0.371888203724815,0.144761276597316,0.0847348250689305,-0.19743147093529,0.328671522253493,0.835394921353057,99.85,1.0
60851.0,-0.46798440209483,0.722713572542328,-0.146214654901535,-1.51945035855184,2.79623750625254,3.14326937081808,0.245567291797476,0.883149111301209,-0.607065056629307,-0.861917455396674,-0.135976770222184,-0.335787576233264,-0.155178833694973,-0.23168603378183,0.662452284097782,0.942657483991112,-0.730792798347785,0.278234933475989,-0.31845330612037,0.0233766656428513,-0.234102732405647,-0.927227893204823,-0.0580343058848981,0.933916465481699,-0.213577647562701,-0.0689827164143171,0.0717247463942558,0.134001369640578,1.79,0.0
118217.0,2.03212990795909,-0.798863918441997,-1.09980003671162,-0.500315590355621,-0.906480294646943,-1.01690106463947,-0.804733608982936,-0.181436714729392,0.00972201289010527,0.0423365600887105,-0.232490333910661,-0.569606692198898,0.490672735428847,-2.15174184485871,0.349186877957232,1.59586041540217,1.41695633489941,-0.571078920940279,0.11045597580808,0.146195484900826,0.279335105610699,0.809484392538429,0.0628172608952054,-0.100125143252502,-0.173110795181376,-0.0912342929325897,0.0247638649144296,-0.00239079401777784,69.0,0.0
118603.0,-6.67721162487866,5.52929920087665,-7.19327456474359,6.08132107951892,-1.63607097105033,0.500609583298219,-4.64077020758754,-4.33983969614375,-0.950036405131991,0.566679814004086,4.3150759158968,-4.93828359985114,-1.10570973729343,-8.49081262174082,1.00362574598099,-1.94912326096651,-3.09301268981888,0.124087074705575,0.886746966076448,-1.11868675540655,5.56330066446813,-1.60827196122017,0.965321595694456,0.16371797930961,0.0475308707267175,0.466164782963216,0.278546743051982,1.47198811731278,105.89,1.0
54936.0,1.2356487777829,0.246699887868186,0.175407253897922,0.506931216508981,-0.212665433578195,-0.576058129261003,-0.0676044305831658,0.00163969787650252,-0.105071096307985,-0.094091839999984,1.22668121327393,0.465299936142315,-0.459291718348627,0.0203980222821206,0.48972630321514,0.801594145442736,-0.337766711323696,0.384082454259382,0.219240090269234,-0.100803791992043,-0.264940377228894,-0.831912799472455,0.0840515038690448,-0.0549375030235209,0.207465323618806,0.0994975375448379,-0.0316600207000334,0.0159359805252463,1.98,0.0
45463.0,-1.47689343619361,2.12231379246165,-1.22946956041319,1.20184879823143,-0.343264387787516,-1.31770390932283,-1.52814215893659,-0.620953383361586,-1.21304032250238,-2.97526724837752,3.53221960237349,-3.68263987014104,-1.15477748628793,-5.16522922685485,-0.240091425455286,-2.40492728839102,-5.67173864053893,-0.99429395124741,-0.289935891439032,0.276893466308702,1.18603560532412,-0.0402148700651311,-0.238930086824211,0.110144325976026,0.0454183699836296,-0.56923231725429,0.481018701576887,-0.0475554426964208,1.0,1.0
43028.0,-1.10964552515211,0.811069300236989,-1.13813532731484,0.935264670223385,-2.33024787785051,-0.11610605479739,-1.62198623466478,0.458027900124116,-0.912189159098001,-2.96199570179906,2.77896789639267,-2.37959961108923,0.918962784041379,-4.01578678027745,-0.530009790602772,-2.81588776765893,-6.6493577879714,-1.74611328389964,1.08340676372199,0.168890572541282,0.641593528333926,0.841754904759402,0.176727750810022,0.0810041184974676,-0.258898742565752,0.707654245320429,0.418648658517389,0.0807557537005394,204.27,1.0
55618.0,-7.4279242314783,2.94820920837905,-8.67855038407896,5.18530347959595,-4.76108997261691,-0.95709501604379,-7.77337978477431,0.717309273781191,-3.68235923846278,-8.40315026242229,5.70520550718269,-8.6407464115182,-1.60292501896209,-9.46613912320431,0.137324186945341,-7.30324272860725,-12.4480392359586,-4.33283424125087,2.35202964025176,-0.123085015912889,-0.299847070706951,0.610478813685703,0.789022761446755,-0.564511939509452,0.201195825477742,-0.111225430586455,1.14459850910478,0.102279545438297,130.44,1.0
72542.0,-0.346626658435959,0.85835265917004,1.41233440258556,0.62246413501502,0.22449024350589,-0.304785651750726,0.67207607081664,0.0536485506026815,-0.483980605762142,-0.399192209941268,-0.456133155496506,-0.377811842569231,-0.657768177568093,0.366478539152715,1.04626811660542,-0.201763227633935,-0.146045639503661,-0.271861701163835,-0.692488455433632,-0.114992930930993,0.175227716848876,0.479574086876083,-0.174829188250502,0.0646025993180655,0.150334190875352,-0.289958246893671,0.0495697412690251,0.0248550394439554,20.0,0.0
68207.0,-13.1926709562391,12.785970638298,-9.90665002092758,3.32033688288942,-4.80117593230105,5.76005855618556,-18.7508891580107,-37.3534426378925,-0.391539743919107,-5.05250236713858,4.40680552357904,-4.61075647740608,-1.90948796970811,-9.07271093398351,-0.226074450896345,-6.21155748212485,-6.24814535335983,-3.14924669470095,0.0515761185277783,-3.49304991519446,27.2028391573154,-8.88701714094871,5.30360690376998,-0.639434802306313,0.263203123457008,-0.108876929971315,1.26956635541013,0.939407362758877,1.0,1.0
43494.0,-1.27813773524814,0.716241580332591,-1.14327922918382,0.217804800631468,-1.29389046969973,-1.16895152511977,-2.56418198278833,0.204532467641239,-1.61115462297744,-1.25028553742691,3.36736102310858,-4.58309584545642,-0.806939683730076,-5.20830522179452,0.525823682164556,-1.81591431259746,-5.24911146794949,-2.19669120679566,2.10905264474381,0.817203155491914,0.490182667533974,0.470427403079725,-0.126261344339209,-0.126644458784455,-0.661907559467122,-0.349792996571914,0.454851068382725,0.137843477172283,24.9,1.0
117613.0,2.09436723221037,0.0726804291465715,-3.8174470914606,-0.653849261594525,3.14396872792917,2.6333880788462,0.138155717780071,0.535550151208688,-0.196099736050179,-0.238497797442957,0.473886616793836,-0.0718725658115367,-0.325812510120284,-0.249047871096616,0.815023852415651,-0.0377595303196266,0.528532983033853,-0.280983106956649,-0.337629359940312,-0.114105035112661,0.0116065351435919,0.0269840582500603,0.0561684998776521,0.660971311886769,0.272441116729916,0.636311064122306,-0.0827857196088416,-0.0607054030593161,6.26,0.0
75556.0,-0.734303155037818,0.435519332206195,-0.530865546585229,-0.471119606930407,0.643214386605141,0.713832369657908,-1.23457207133269,-2.55141159871634,-2.05772382572102,0.166830707878014,0.567551954604602,-0.85805991589575,-0.448067929957678,-0.264936238828755,0.88886293915465,0.838120616560385,1.42505965449185,-0.169664182600728,2.50202738858443,0.864536120628702,-1.00487737851609,1.15035358786928,-0.152555282700309,-1.38674463324096,0.00471601482800044,0.21914583821982,-0.0582573076118087,0.158047988697071,29.95,1.0
91502.0,0.0073790751145725,2.36518252886777,-2.60028738169342,1.11160176466249,3.2764413263667,-1.7761407852846,2.11453088108345,-0.830084106599812,0.900489974281822,-3.37617706712688,2.05681205985716,-3.9842567303491,1.02196791340796,-5.96790496861639,-1.15160831490592,1.67973960141233,5.58611468683053,2.78913115591619,-2.24107485298106,-0.00638849728163087,-0.563944162060269,-0.902099515410175,-0.404382448597275,-0.0129439005065412,0.589836154947909,-0.734449052212668,-0.447529183217452,-0.362374775122343,1.0,1.0
93823.0,-3.82193880087939,5.66724730913206,-9.24496345774236,8.24614693395311,-4.36828608664298,-3.45073451820581,-8.42737802930292,2.30560850484611,-5.33807918394682,-12.0111608836062,8.62125508140256,-18.6837146333443,-0.962073428413392,-15.2976561861343,-2.41413212341002,-12.105602245184,-21.3381950868483,-8.04543571561822,0.15601503277122,1.11524688892983,1.99051970513882,0.0833533215963405,-0.0622635530228708,0.390187802079359,0.329883884451897,0.0980170825531413,1.86957016296191,1.00084956292018,75.86,1.0
73701.0,-0.187389461649401,0.761568862904525,-0.0646709516391216,0.121670400907106,1.91098478552725,4.49454496014203,-1.55934923378022,-1.62146507603012,-0.471294550535944,-0.875192390280359,-0.524876225231921,0.348992257443851,-0.41830557714188,0.566241700755652,0.334439678762573,-0.037229441699362,-0.16437790660844,0.0431578862681027,0.913072650309693,0.768205397132424,-1.62436220407002,-0.668262200277498,-0.16426012400499,0.978196415411634,1.4470868953347,-0.299452997449818,0.0561892901024612,0.178452783272883,1.0,0.0
41922.0,-1.47673384562098,-0.612680035811972,1.47139281798362,-1.4023756900448,-0.526644623517344,0.553568806142921,-1.03503969795301,0.628296301440829,-0.177888816494844,-0.424965111108675,-1.73444326073201,0.171653967317518,1.24655062892154,-1.31233147455208,-1.7038375504866,0.771573766459398,0.627749595888375,-1.66351002488097,0.20697292600933,-0.186394615285156,0.265416921122804,0.904611263227955,-0.638222603651391,-0.642140921376464,0.413087205396102,-0.0950285716457965,-0.183404179133109,-0.210142653108949,40.46,0.0
79801.0,-0.995421237959885,0.855125294425108,1.3935833249271,-1.28131044962037,0.139670302891672,-0.97495021567331,1.50470137069954,-0.685980711723567,0.00751063712722114,0.319288117326715,1.40495294415243,-0.34018677205936,-1.92770106220188,0.209100516815105,-0.32144432989719,0.333201667490811,-0.8456826522419,-0.394506773149897,-0.143784211596049,-0.262188266351522,-0.354936585745101,-1.04493969410805,0.0749914257054292,0.486420770533897,-0.62800013024966,0.280024568808357,-0.98335802869448,-0.378502524413034,44.94,0.0
41164.0,-5.93277795485543,4.57174320411303,-9.42724692838332,6.57705643811276,-6.11521812544893,-3.66179789602346,-10.8940785545016,3.70921000751656,-5.85952387304171,-12.981619145004,8.26529460055417,-14.1541653609607,0.479842781966758,-16.3375959447735,1.64604527960375,-12.3753974432385,-21.090612716108,-7.7245457358645,3.85637474254372,1.19107830456005,2.01427156558263,-0.167416617986259,0.0499675298711021,0.384429719031746,-0.0778835668224832,0.56549290579318,1.79201191700266,0.371007021212136,5.3,1.0
93824.0,-3.63280894927825,5.43726336227612,-9.13652148062595,10.3072263079132,-5.42183029451154,-2.86481514933136,-10.6340876212042,3.01812657999175,-4.89164032107494,-11.2350479111446,8.78878366710272,-18.5536970096458,-0.339533407676443,-15.6231873302985,-0.188978574214972,-12.4279613630565,-20.1590474539227,-6.88889109280947,2.58609321670737,1.35406479520345,2.30988016889674,0.978660126299279,-0.0961301444473713,0.432376722544823,-0.435627929953396,0.65089278643537,1.69360750804844,0.857685371687245,8.54,1.0
9064.0,-3.49910753739178,0.258555160773118,-4.48955807274398,4.85389435139681,-6.97452154477167,3.62838209065084,5.43127092073166,-1.94673371078472,-0.775680092900109,-1.9877731876087,4.69039566550924,-6.9980424321007,1.45401198637847,-3.73802333366749,0.31774206255503,-2.01354268083989,-5.1361351026702,-1.18382211654359,1.66339401354543,-3.04262575715977,-1.05236825623151,0.204816873569406,-2.11900744010783,0.170278608305444,-0.393844118118335,0.296367194488607,1.98591321801306,-0.900451638402827,1809.68,1.0
43602.0,1.28789485643432,0.0625139995191595,-0.0378362919716559,-0.134412035324893,-0.113387154145872,-0.619569265854541,0.152349425173079,-0.189635128980731,-0.0952181950004728,-0.112556321668818,1.12172741334007,1.50966466985605,1.03858341174185,0.109536184189407,-0.658300649442242,-0.0977482582106184,-0.359569524275707,-0.299676513652474,0.77258710702231,0.00145239589714641,-0.0459544090363794,0.0434686530898883,-0.152476689124361,0.130549589331307,0.595720203398019,1.12156567301916,-0.0926225044261806,-0.0191618623545646,3.36,0.0
101051.0,-1.46531575579616,-1.09337687781209,-0.0597678482279439,1.06478463530602,11.0950886001596,-5.43097128323669,-9.37802517086658,-0.446456139679101,1.99210961400888,1.78592177154007,1.36858453419511,-1.47169658834377,-0.72475884619705,3.44242199594215,-0.957403224855046,-1.62612941891216,1.41821495932655,-1.41791682839858,-1.65176618071699,-1.4576102135585,1.16062328833533,-1.2596968082996,-15.9816491909559,-0.883669935248733,-3.53671623161143,-0.59296488849027,0.675524833181225,0.424849351792902,0.92,1.0
58217.0,-0.443793956538852,1.27139528958141,1.20617786290079,0.790371244425149,0.418935334538855,-0.848375714713356,0.917690595034239,-0.235511404707869,-0.285692136421657,-0.867899742347565,0.614977120327696,-0.657947690982211,-0.948412031653891,-1.63514452424164,1.26320316314475,0.0685328870737372,1.32579410174258,0.376383480838994,-1.09619645414336,-0.0672050359210024,0.119278777095323,0.513479449681292,-0.264243409026182,0.443311288026016,0.0295163920697956,-0.335141048988331,-0.188814985117408,-0.123391459240302,5.09,1.0
27148.0,-0.608268080478616,0.442671051790588,1.28957217264819,-0.520368518860048,1.23623460538938,-0.436636443022438,1.22030738894509,-0.555129131520341,-0.0242878636112493,-0.243506902095718,-0.617000533410129,0.197551283241504,0.469588077430306,-0.514027860129969,-0.334200733175357,-0.570950641507544,-0.380344062670637,-1.0143357582359,-0.616261870708006,-0.0643504866925958,-0.0459530192011129,0.366407732116337,-0.37989909685379,-0.193789131355824,-0.116485309766015,0.330107026882822,-0.326491635760607,-0.353889223904272,19.99,0.0
95628.0,-17.5189091261484,12.5721178535385,-19.0385383213549,11.1908946558522,-13.5547207079601,-0.41192361337145,-23.189396512394,-5.30141221815132,-8.63039030596902,-16.2556117491401,5.70211147983179,-13.8124040899594,-0.306815322507812,-7.01360737195925,-1.18229035380557,-9.3601791927531,-16.6683693822389,-7.14746777723207,2.16209864550609,2.52851232971436,-4.96947772242457,0.976124822110751,1.8412479337881,0.334417748210128,-0.720128461316563,-0.232603423065217,-3.02199247294556,-0.478158234859683,1.63,1.0
58811.0,-0.940688748859404,1.34961723102932,1.12721512354946,-0.0400350091691346,-0.0995931164607757,-0.728803310648002,0.589074382282399,0.194845408530516,-0.325759823833971,-0.0262857734286591,0.0868835465449191,0.480274986058053,0.450371780832833,0.184154892312171,0.853443330887657,-0.315080983061005,0.0557501776417981,-0.952553856904567,-0.495583107567607,0.160423593196464,-0.109722231328335,-0.0524396999010449,0.0989171461240939,0.405610963352508,-0.571424055870401,0.0642984932445648,0.193045906907516,-0.00820878215544392,7.36,0.0
40276.0,1.15937314510686,2.84479469928473,-4.05067950821309,4.77770088131929,2.94898004123771,-2.01036111013216,1.74408581794948,-0.410286521869204,-2.45019774688553,-2.04216786301424,1.84409317018026,-2.42593281501277,-1.5842751343556,-7.2083115791564,0.459828383286257,2.37529619792022,6.4435098643744,2.59184606301795,-2.88977035831304,-0.059264385833904,-0.176541018596848,-0.433469859425429,-0.529323202003731,-0.597019604985794,1.33595405267787,0.547092070642555,0.00997894426391215,0.160769150049196,1.0,1.0
4462.0,-2.30334956758553,1.759247460267,-0.359744743330052,2.33024305053917,-0.821628328375422,-0.0757875706194599,0.562319782266954,-0.399146578487216,-0.238253367661746,-1.52541162656194,2.03291215755072,-6.56012429505962,0.0229373234890961,-1.47010153611197,-0.698826068579047,-2.28219382856251,-4.78183085597533,-2.61566494476124,-1.33444106667307,-0.430021867171611,-0.294166317554753,-0.932391057274991,0.172726295799422,-0.0873295379700724,-0.156114264651172,-0.542627889040196,0.0395659889264757,-0.153028796529788,239.93,1.0
64231.0,1.10669134752334,0.00409210770894649,0.466172766037501,1.34567604058209,-0.384416906250479,-0.023994799204317,-0.180584199742894,0.244361260660371,0.351192827429909,0.108803263280189,0.967773060938894,0.112589201887613,-2.45637112909162,0.713261759693504,-0.567386332465388,-0.482552774641191,0.212648459222201,-0.278624688951343,-0.139701269998409,-0.327793374032897,-0.0623488954685123,-0.0869121370216363,-0.0224957409247548,0.184541465317905,0.53154952746845,-0.335432391215459,0.0219836689299779,0.0031201794025019,8.01,0.0
27219.0,-25.2663550194138,14.3232538097233,-26.8236729135114,6.34924780743689,-18.664250613469,-4.64740304866878,-17.9712120192706,16.6331030618556,-3.76835097141465,-8.303239351259,4.78325736701241,-6.6992520739678,0.846767864669643,-6.57627643636006,-0.0623303798952992,-5.96165987257541,-12.2184817176797,-4.79184198325342,0.894853521838799,1.65828884445902,1.78070097046593,-1.86131814726914,-1.18816729293127,0.156667050663465,1.76819198236914,-0.219916008250323,1.41185477685432,0.414656383638367,99.99,1.0
7891.0,-1.58550536691994,3.26158454822833,-4.13742198305023,2.35709625199132,-1.40504331370135,-1.87943719306477,-3.51368687087654,1.51560674568816,-1.20716636120056,-6.23456133227108,5.45074606689486,-7.33371406736393,1.36119332407831,-6.60806825219469,-0.481069424899829,-2.60247787045261,-4.83511205239717,-0.553026089102902,0.351948943356815,0.315957258937511,0.501543149467536,-0.54686881157389,-0.0765836358993043,-0.425550366841581,0.123644186352002,0.321984539336613,0.264028160503965,0.132816719764592,1.0,1.0
32230.0,-2.13665968443489,-1.50361520577761,1.71111340774623,-1.14714064596646,-1.88010797766359,1.86979560205732,2.31862552522646,0.403612785780225,0.125123667935677,-1.95248958296042,0.909404767307274,0.634814140108339,-0.868573111815093,-0.332553573254959,-1.60240380890357,0.225180261235184,-0.174939567361661,-0.741158859630274,-1.69449256950692,1.12909914055743,0.29428789830563,-0.192360747056423,1.33168249228618,-0.322447641767202,0.353386313108591,0.690638479064728,-0.246585873420911,0.0753276590130382,656.75,0.0
84204.0,-0.937843305478391,3.46288948991687,-6.44510395393435,4.9321986662268,-2.23398306982245,-2.29156112129773,-5.69559392853253,1.33882463362261,-4.32237655329329,-8.0991193981365,7.18296700883659,-9.44594338249901,-0.314619967520224,-12.9914655817567,-0.136358931959623,-6.36752437517144,-12.7343938853776,-3.84512965889743,1.00766725992114,1.12953228130351,1.06655024941577,-0.521657289347299,-0.319917292909547,-0.405859088093617,0.906802159957716,1.16578389011737,1.37449533233535,0.729889341911333,0.0,1.0
25198.0,-15.9036352020113,10.3939171427504,-19.1336024646827,6.18596883540498,-12.5380209157442,-4.02703044708406,-13.8978265981985,10.6622517826007,-2.84495398482036,-9.66878891236125,7.39441941053863,-11.6356300484755,1.42327692545531,-8.64045910049478,-0.674719538892936,-7.69556878829619,-13.6841395944616,-4.77740603940726,1.26834277321029,1.50156541071894,1.57754822493456,-1.28013712313136,-0.601294526869194,0.0404039214626868,0.99550197117886,-0.273742711729157,1.688135896398,0.527830799573719,99.99,1.0
117878.0,1.93386894928019,0.0673614125233338,-1.67681427288371,1.41644740091097,0.412839588225618,-1.09007445569369,0.713845146369706,-0.430611956798975,0.19513048679279,0.233103838043571,-1.02846566126527,0.322157777976433,-0.205944797436273,0.534186456469849,-0.510947643210367,-0.713750205183622,-0.152744818619023,-0.631417603816115,-0.213845609605123,-0.19206397129516,0.0770208086856739,0.336979938267653,-0.0564909344905395,-0.0746033649027577,0.449708693465181,-0.490731445620095,-0.0242744202721447,-0.0536658478391675,60.25,0.0
75581.0,-2.86636370525907,2.34694943137396,-4.05330668845935,3.98335888025187,-3.46318571327039,-1.28095301603103,-4.47476383461874,1.21665528478137,-2.30982869782019,-5.51550707258062,3.04839203447565,-7.12825076846601,0.00595580092517457,-7.49518733635876,-0.25108802193356,-7.5680148993231,-12.2236328477344,-4.89517519350497,2.52496746940249,0.270013154062001,1.04973156228305,0.475840283409025,0.404480059350581,0.282029789710327,-0.506901095688855,-0.371741093052833,0.615256964379468,0.803162841917988,124.53,1.0
82289.0,-1.46489654758402,1.97552752738073,-1.07714453940265,2.81919063998449,0.069850228405671,-0.789043629709432,-1.19610144945515,0.673654375004339,-1.36372387646135,-2.9328952580311,0.301368829965399,-3.24614143685335,-0.465640147552938,-5.42936187944371,-1.30498291640657,-0.953623442669269,-2.72734300093373,-0.63643691865914,-0.927124072666602,0.048968800272123,0.174099465690177,-0.272505290211891,-0.0315494503920774,-0.406165929676999,0.157768979757404,-0.104392920359594,0.0737955599806211,-0.0415702518454821,1.0,1.0
85718.0,-1.22412151678319,0.45109050933097,2.10449859762677,0.0227963933887039,0.904507828912746,1.27375848732676,0.559786191483775,0.212457055310612,-0.101212557961548,-0.519645053011224,0.637106240304311,0.738848963683031,0.200836329809451,-0.408609849948526,0.725459556446605,-1.8947449843087,1.26706273659632,-2.67636853794985,-1.17075036393245,-0.160435749737786,-0.0779367150513212,0.2469865826875,0.0512111366298973,-0.596416129308273,0.0281665057965992,0.364096643169459,-0.325236841931469,-0.149218474601425,9.36,0.0
77571.0,-0.949733598157201,0.242471414176233,0.193361826620831,-1.66663830134931,2.35951780349395,3.46245177415002,0.634578529787918,0.865801511297613,-0.726798929017669,-0.888446390386149,-0.289875848004008,-0.354775915370698,-0.114583809929035,0.275278070024047,0.69181863561597,0.791613326876439,-1.12091909591826,0.224849585702747,-0.317044015521876,0.339200918919621,-0.026455484198591,-0.578593540120753,1.07693742982584E-4,0.998362312847911,0.54851347244672,0.293843978142984,-0.0680467908826265,0.0600569765066923,129.0,0.0
88737.0,1.91782653091941,0.951966571156228,-2.05920551344214,3.83399771227534,1.66819219140891,0.769825697337707,0.23246305671161,0.107940567202011,-1.14364568858013,0.541699242973355,0.301977229683697,0.257697090947377,0.709147651977866,-2.420715975085,-1.99774018079568,1.50669615001484,0.799832475247662,1.16276426158317,-1.15062735713932,-0.115922317627863,0.0152553539964535,0.239994342022941,-0.111915984520572,-0.380575889863537,0.370994788995014,0.189116547062326,-0.00582328067918961,-0.0121050906997506,9.21,1.0
30409.0,-1.03509287090186,0.568994604927588,0.220586244608262,0.963914423326127,0.456769680416723,-0.62777855425976,0.161703871186577,0.252312865538927,-0.375241572990549,-0.0824951156805626,-1.43522576537627,-0.42728751979063,-0.145453994437652,0.558209097389439,1.15960123904191,0.135674288361619,-0.360616593068018,0.437736884656714,0.742935626976339,-0.413408671743159,0.0509609363069933,0.298619506901121,0.401522288127501,-0.462162005178936,0.0904708750220787,-0.269487269845578,-0.19649785261978,-0.0811541217617256,3.99,0.0
53937.0,-2.04260819938332,1.57357807373238,-2.37265243271278,-0.572676430720841,-2.09735276458226,-0.174142123011242,-3.03951978687359,-1.63423295064356,-0.594808638750073,-5.45960189444545,2.37853722491518,-2.33027064686235,-0.24623272486659,-4.05852343611281,-0.316983146603949,-2.52266081131673,-5.60340034818128,-0.778439963776289,0.860211793588662,0.825565985313424,-0.723326195587733,0.501221637302624,-0.696892260580304,-0.600513726439022,0.127547028812739,-0.786072220292301,0.606097322391548,0.171696507911815,261.87,1.0
116278.0,-1.13312389523429,-0.322167556909609,0.133065715012967,-2.5570300304499,1.79499418525803,-0.356273466962984,0.434665138816452,-0.0382037364843257,-1.59772861237829,0.00886295410604734,-0.396108486308632,-0.86536783830953,-0.616432193491039,0.0784847576442027,-1.79507127568613,1.00618806511953,-0.284294439392214,-0.849920647914735,1.08606767602751,0.0313044274041544,0.158885833836549,0.249744953869679,-0.717081091805176,-0.307218805829323,1.2876687097848,0.00210587931786918,-0.181344862628722,0.0643468047862066,10.0,0.0
71398.0,-1.38473708056023,0.405528699235494,1.36144262193936,-1.65524373009876,0.61238012820185,0.551365133057566,0.321696668995906,0.193732486746023,0.692984062555939,-1.19601828643039,1.16614823149095,1.24017074031548,0.584031380628208,0.11107242184526,2.56805285654375,-1.96751282963562,1.01485448995076,-2.20672158308551,-0.809406117980746,-0.378469851875276,-0.0126679667308635,0.170549616640082,0.103080670986381,-0.6343825489774,-0.493235419445907,-0.975836299107754,-0.264281227268043,0.181732058650755,24.0,0.0
82289.0,-1.46489654758402,1.97552752738073,-1.07714453940265,2.81919063998449,0.069850228405671,-0.789043629709432,-1.19610144945515,0.673654375004339,-1.36372387646135,-2.9328952580311,0.301368829965399,-3.24614143685335,-0.465640147552938,-5.42936187944371,-1.30498291640657,-0.953623442669269,-2.72734300093373,-0.63643691865914,-0.927124072666602,0.048968800272123,0.174099465690177,-0.272505290211891,-0.0315494503920774,-0.406165929676999,0.157768979757404,-0.104392920359594,0.0737955599806211,-0.0415702518454821,1.0,1.0
14073.0,-4.15301449873357,8.20479650456012,-15.0317142097481,10.330099825448,-3.99442609736294,-3.25001318447365,-10.4156978119079,4.62080391044331,-5.71124797098224,-11.7971810675777,11.2779207278067,-16.7283393320915,0.2413676825577,-17.7216383537133,-0.387299923381284,-10.3220166783853,-13.9590853730538,-5.03071003831832,1.19726633504633,1.41262488019492,1.97698839609887,0.25651048717528,0.485908106513804,-1.19882131436036,-0.526567394687845,0.634873502483478,1.62720907623952,0.723235068518316,1.0,1.0
17187.0,1.08837493830851,0.898474023721059,0.394684329076182,3.17025757451452,0.17573879687403,-0.221980885195245,-0.0229887284923858,-0.0108735366656839,0.860043617194172,-0.592472935320844,1.07272839973578,-2.54755681422931,1.23595005675711,-0.330305803751441,-1.02235437464957,0.335642172519614,2.29899822072815,-0.1620962094812,-1.53270721248432,-0.217358192249005,-0.423553904215867,-0.800852284805578,0.0776144554303444,0.167608452574198,0.350181817443194,-0.118940929478619,0.0129477659306532,0.0542542721018558,3.79,1.0
102489.0,-2.29698749921502,4.06404334190313,-5.95770634516933,4.68000806392241,-2.08093759960382,-1.46327216002463,-4.49084686931735,1.02924628254192,-1.59324925133839,-8.99381088354112,7.86446740028511,-10.6498396512844,1.82659101647783,-12.9136317373077,-0.766330314740752,-7.95409770929125,-7.80963509977466,-1.71851117214548,3.83298514230067,1.26495379665956,1.08908418394041,0.975397809530551,-0.62553033358642,-0.535180928107126,0.247435028956319,0.160399507909509,0.969581605226584,0.335041293733825,104.0,1.0
83529.0,-2.41200886453953,1.93528848234598,1.46838718723211,-0.20091878766339,-0.418250466721804,-0.272993128564882,-0.0355208058057491,-2.46377939559139,0.526827224133289,0.312152795437187,-0.897209874297541,-1.11092632917037,-2.49519709699017,0.426952429308214,0.738760454230094,0.497025649650696,-0.434384431746813,0.00916558151065654,-0.798463422040687,-0.828989546825096,2.04969189737339,-1.768029179948,0.262503725810364,0.218159597804192,0.282681494990225,-0.804553637919856,-0.409706750932514,0.176436103302232,27.74,0.0
30852.0,-2.83098405592803,0.885657038258755,1.19993009832405,2.86129223993172,0.321668777779154,0.289966026429405,1.7677604489638,-2.45104966190813,0.0697358066743391,3.24508640095346,0.675287853392807,-0.677096334427304,-0.222741128141729,-0.913786970583513,1.60333192308268,-1.0245020918608,0.0220452070437295,-0.940684674142594,0.484758940230455,-1.01692314354721,0.546589339675499,0.334970736976198,0.172105676221893,0.623590288019672,-0.527114316331261,-0.079214654387473,-2.53244529803097,0.311176714703215,104.81,1.0
120179.0,-1.20318419080569,-0.983655204399499,-0.410295860788474,-2.38517668562054,1.43439806743778,-0.827772030886877,-0.0957371560910715,0.0865541326794576,-0.934274758815415,0.762350790174556,0.139092430176147,-0.735003787337371,-0.443130929906397,0.0763822311060853,-0.89135599465073,1.46693019036854,-0.633866318064445,-0.431753036698797,0.120424148571083,0.393669948396104,0.5382532802839,1.42273855080363,-0.0645910075056267,0.0642265030185048,-0.178426830732771,-0.132893763652243,0.421995526063016,0.534078191652432,56.85,0.0
101051.0,-1.46531575579616,-1.09337687781209,-0.0597678482279439,1.06478463530602,11.0950886001596,-5.43097128323669,-9.37802517086658,-0.446456139679101,1.99210961400888,1.78592177154007,1.36858453419511,-1.47169658834377,-0.72475884619705,3.44242199594215,-0.957403224855046,-1.62612941891216,1.41821495932655,-1.41791682839858,-1.65176618071699,-1.4576102135585,1.16062328833533,-1.2596968082996,-15.9816491909559,-0.883669935248733,-3.53671623161143,-0.59296488849027,0.675524833181225,0.424849351792902,0.92,1.0
70852.0,-1.02237583942923,1.60183595018579,0.973568556618801,0.288645916574932,-0.156440981398591,-0.889288739799425,0.66818811435494,-0.183788320861268,0.0923708261526667,0.531109294318446,-0.180464224133556,-0.307571012564532,-0.148837572511053,-0.562451134472514,1.29726847903748,0.014305773019072,0.184718435372612,-0.050856650387969,0.556891800253005,0.282434926068175,-0.250242645032017,-0.487551233749609,0.0494186089821727,0.325739602757142,-0.698375303046816,0.0176881496768428,-0.375463645845813,-0.218917960302591,8.07,0.0
41313.0,-13.8972058704019,6.34428045616839,-14.2816664432471,5.58100899740718,-12.8871331616131,-3.1461763671985,-15.450467216827,9.06028147442157,-5.48612077680694,-14.6764702497464,5.1483517210937,-10.7495919949504,1.58548896754337,-9.79801207658904,0.733276999106463,-12.675268899047,-20.7406637223494,-8.15366802624724,5.2283417900513,-1.02522792390103,3.05808183846397,0.941180290424241,-0.232710298333368,0.763508019302571,0.0754562386388435,-0.453839571774416,-1.50896825698328,-0.686835738780169,9.99,1.0
85285.0,-7.03030814445441,3.42199090467553,-9.52507177254752,5.27089100906596,-4.02463027558805,-2.86568161775739,-6.98919473439446,3.79155093755913,-4.62273033596451,-8.40966487562735,6.30904400603177,-8.57676143258937,0.246746716929862,-11.5340460181508,-0.3642651387587,-5.45249465771382,-11.8875700201872,-3.56358481007011,0.876018768156628,0.545698040621445,1.10339774484256,-0.541854751589521,0.0369432219896495,-0.355519004066217,0.353634382097,1.04245799282131,1.35951563156376,-0.272188101257294,0.0,1.0
52934.0,1.03663855772541,0.407227280182074,0.75770616494457,3.16182144737059,-0.568122226356034,0.202180695126505,-0.68980405626803,0.41137993906161,0.336769232300548,-0.283731283967387,0.90311745288141,-0.158825775049249,-1.93070901899978,-2.37665364067708,-1.8101724846962,0.935791272330693,1.59150614830401,1.25947071382768,-0.666806394320072,-0.219461074162075,-0.0501076222906236,0.123760575662397,-0.132567901550036,0.350230553629671,0.507701400813083,0.189620904934317,0.0610156660255082,0.0631412801847289,0.76,1.0
11131.0,-1.42662331260887,4.14198623236944,-9.80410344235714,6.66627300324451,-4.74952679326515,-2.07312900595144,-10.0899311630826,2.79134529885187,-3.2495156171301,-11.4204509744097,10.8530116481991,-15.969207520809,0.546690084634152,-14.690729133641,0.91233739988339,-12.2271892780267,-18.5873662058916,-6.92076186060174,3.16699890688552,1.41067765264616,1.86567876848945,0.407809281593599,0.605809354312964,-0.769348118123441,-1.7463368287861,0.502039516709683,1.9772583297728,0.711606531209485,1.0,1.0
4729.0,-1.90568188565781,2.09728986819921,2.13403915065452,2.46553342821133,1.53964992946216,2.28719810103597,0.673216974672549,-3.32869029213494,0.836832203886144,2.27559736936269,2.30213515298392,-2.46741094653841,2.0655805515247,0.606570429057456,1.51180268279961,-2.19310109939125,1.77123800300897,-2.09228240858461,-0.971039199006166,-0.167130597284523,2.09302947852911,-0.204656767244565,0.0937799040481282,-0.720733939288731,-0.124433429526189,0.164636538289318,-1.34743426722403,-0.860215739305726,11.68,0.0
44741.0,-0.521905029902713,0.145901653755118,1.79053656076093,-1.98625847099595,0.120393076627591,-0.15548108626473,0.543060905188663,-0.198693294261317,-1.32628592677723,-0.00794262914822352,-0.62205130116485,-1.03350995417962,0.261735844135094,-0.543516100785686,0.445017188180528,1.03341938288688,0.00237338010098391,-1.59800979980745,-0.12712588442295,0.198019219737265,0.15073897198218,0.444221840633948,-0.373801308358661,-0.453243926984626,0.499903008053575,-0.258044315691524,-0.134225726655513,-0.173532477419648,30.0,0.0
41181.0,-7.33434102050082,4.96089229123138,-8.45140959148547,8.1748251681484,-7.23746372952055,-2.38271066458273,-11.5088418575552,4.63579753722901,-6.55776036636164,-11.5198609264142,6.45582813287588,-13.3802218737527,0.545279226790884,-13.0268638593173,-0.453594543596495,-13.2515419788937,-22.8839985767803,-9.28783221397402,4.03823050489431,0.723313822249839,2.15375502636012,0.0339216178167887,-0.0140949200284419,0.625249955306557,-0.0533903339689031,0.164708739959664,1.41104749421382,0.315644799820923,11.38,1.0
84789.0,-1.43086372778891,-0.802528699267131,1.12332029999445,0.389760264731692,-0.281213534404278,-0.055123492429819,1.32623248909333,0.195699815379613,-0.546889550453909,-0.71347376073502,1.27462907751277,0.0236821347785728,-1.52169610821701,0.727242085814848,0.166504662441577,0.348037591565135,-0.5663900830288,0.216016101767291,-1.14037564250718,0.634184289933654,0.325575470468413,0.0140018451191784,0.844946015847872,0.114962884542335,0.156364810543393,-0.619437446641754,-0.120351072821334,0.0355941733717493,354.33,1.0
353.0,0.150998913806338,-3.00211987419831,0.82430140640899,0.231721086027853,-2.62141526328587,0.128843083189467,-0.755233268800306,0.0959555802805319,0.638218705992502,0.0964622967819154,-1.22141951665696,-0.993401341119407,-1.33191143183896,-0.753668679797075,-0.565549541628519,0.934498499034863,0.805874339477824,-0.950142236402365,0.640846633873548,1.18005022508959,0.521718970227453,0.320296979070999,-0.591253399043825,0.447557232684461,0.164080410056999,-0.13189690197906,-0.0475469262201371,0.130266352106232,611.76,0.0
29919.0,1.06601018956291,-1.545488942084,1.74565626151337,-0.123244869712002,-2.14048412554341,0.991293416064475,-1.77769043908688,0.465039787186662,0.753109032272635,0.35739806353804,-0.172993020500422,1.09819465793581,0.315502237246521,-1.29976424395345,-2.17980233212621,-1.5159335851844,0.287986665785773,1.67711729643793,0.0849674708637012,-0.296489643520104,-0.250113475520537,0.0543955420060595,-0.14155989591831,0.118289879484604,0.167138752225022,1.24717770535449,0.0266213043493839,0.0268704752670503,93.05,0.0
89420.0,-2.10242656977634,2.04317178178903,-2.20448062623622,-3.05432831187848,4.22751790148784,2.78593551637177,2.5917270241137,-1.03192276963939,2.9342151289663,4.95155500250571,0.856368315474196,-0.746050574137282,-0.700675385357423,-1.59640419159849,0.685777488187073,-1.63545988735628,-1.42880411392457,-0.917398333502646,-0.57711620410685,2.01844538938666,-0.566293134327632,0.751048400684303,-0.335638946144083,0.708743637111008,0.16084885354759,-0.0619724746006961,0.304067083505225,-0.593046421188924,7.99,0.0
70268.0,-0.3439270319765,0.890419180564476,0.517731216301103,0.183294574653781,-0.137622026429041,-0.0623196290375478,0.169401834671724,0.632841034249525,-0.765089754144076,-0.301622961065349,0.926651665393132,-0.0241606230442637,-1.54067028991245,1.18374609517456,0.755824668339141,0.103849025879274,0.0583678552158488,-0.25827997741513,0.874788482940484,-0.170237674608049,-0.306309567385585,-1.19099081796559,0.351692626464749,-0.386172084081435,-0.856338764304903,0.0143242426956729,-0.114481617646345,-0.040719816166593,28.95,0.0
44532.0,-0.234922308660103,0.355412643473604,1.97218278594888,-1.2555927126284,-0.681386509254345,-0.665731671302037,0.059110489686438,-0.00315327709103439,1.12245113562848,-1.48124586053984,-0.473852105914046,0.9221844195147,0.913513839827119,-0.499349578859305,0.933898442932603,-0.560471962989049,-0.207706529097452,0.380541571066627,0.574335960915453,-0.0034694628125566,0.220670430492642,0.912107214037724,-0.286337679755902,0.451208246513352,0.188315252003614,-0.531845781256926,0.123184687838547,0.0395806345060398,1.0,1.0
45541.0,-1.51924353075082,2.30849245367643,-1.50359931953802,2.06410058377601,-1.00084505842829,-1.01689703316417,-2.05973051990126,-0.275166374590629,-1.56220609694371,-2.75579692797163,3.43824825990431,-3.52152936013651,-0.918761288376486,-4.45210024854037,0.499313753853031,-2.90790343439971,-5.24864639527919,-0.936814652613817,1.16012029433585,0.175018552247898,1.30787143187069,0.102825644139183,-0.0177462832428156,0.149695925673219,-0.0966024680642115,-0.369114567720136,-0.0192440931269227,-0.20831909164279,1.0,1.0
61594.0,-2.27744089554218,1.67220103527965,0.935833553096786,0.0384429980009877,-0.221163638044879,-0.45647956953688,0.393096087935599,0.617306406544818,-0.257506785371758,-0.147413756944576,-0.655798017780825,-0.177311839535295,-0.645912095722027,0.538951193989199,0.70179440541399,0.161816653766886,-0.181016430678967,-0.350719595038073,-1.36795464660538,-0.221957452550657,0.108594148253821,0.314648125721184,-0.270222200949786,0.0481711078346973,0.701587486395182,-0.369508534215816,-0.387253773737365,-0.169112021366079,29.34,0.0
41851.0,-19.1397328634111,9.28684735978866,-20.134992104854,7.81867331002574,-15.6522076772063,-1.66834770694329,-21.3404780994803,0.6418997011947,-8.55011032700099,-16.6496281595399,4.81815244707108,-9.44531478308794,1.31705629332341,-7.24346097400378,0.830910291033798,-9.53325705039319,-18.7506411474674,-8.09264877340557,3.32675827497024,0.42720343146936,-2.18269194560955,0.520543072366642,-0.760556415188733,0.662766638397236,-0.948454306235033,0.121795925829793,-3.3818429293561,-1.25652362136258,139.9,1.0
119075.0,2.1414515807833,-1.30006931467066,-1.74348939266739,-1.38532335235937,-0.949134203453038,-1.60686233746198,-0.190190159251156,-0.523949075573862,-2.13554998567055,1.80254272503648,1.22241626590429,0.0926625424123027,0.180363478071666,0.267676463553276,-1.52331831007573,-1.26635587792428,0.756509129084703,-0.158921062818023,0.105877996122208,-0.318299080427143,0.0925049075226227,0.634301374526947,-0.0173257600123381,0.58754269521814,0.257638996241346,0.0477397191314082,-0.0622344128034127,-0.067934330734498,90.0,0.0
41227.0,-9.00135134450649,6.61328394324752,-12.4236347238918,7.51992923163014,-10.2662546389665,-2.11320754204122,-9.98428744767688,5.54194143253089,-7.38370453522347,-13.2151722995049,6.89518136811315,-13.2796997105282,0.755263578785977,-13.4170122721265,-0.210774362111057,-10.9226551270595,-21.90649321637,-8.82981976595275,1.85246698871594,-0.645393857931055,1.7758908996538,-1.22475761150578,0.0825935414630254,0.452088727391883,0.463827332847796,-0.296928065001458,0.526505578079938,-0.450890488772313,459.07,1.0
2053.0,-0.744899239177975,0.518015516252582,1.04583613180447,-2.1577847887272,-0.510948892492253,-0.93050792906263,1.39628195100356,-0.255562787763436,0.332878536946905,-1.4993331527186,1.50265186877863,1.24881818574107,0.150661333410811,0.331334670805566,0.0666558558979219,-0.196154897060128,-0.799603321325165,0.536626806041407,-0.13070608260438,-0.15594416560401,0.273033534948254,0.816936121162734,-0.206088222529826,0.573777678271783,0.149398277336758,-0.877989288063701,0.0652863470701586,0.0899550613917415,136.89,0.0
91075.0,-1.85506070184998,1.55496360697718,-1.40580882850107,0.669327345741316,-0.280229520106465,1.17865246733203,-3.45997906611492,-2.81515495312599,1.24222876512242,-4.15635447965382,2.20944075185923,-5.12231410931103,0.66129710617156,-3.10393771952109,-2.41086973192388,-2.42501563217886,-3.96062268909989,-0.125017788038036,0.60039728842723,0.536916458029193,-0.0953083066630984,0.94662891847112,-0.297402959067305,-0.368343891207103,0.198731156287359,-0.0785905919566464,0.366709355889324,0.0737667168278096,38.76,1.0
53727.0,-1.64927881611351,1.26397355628777,-1.05082567399718,2.23799063903423,-2.52788923751396,-0.889939993137591,-2.35525367110661,0.85465864123984,-1.28124261677782,-2.70501138232752,1.17447506014201,-4.38191956749248,-1.22666589816604,-2.95382425341893,1.99416119386347,-3.30425391022094,-5.58579436647491,-1.64370403169872,2.11863332532912,0.0874063699474628,0.679176431149171,0.731907051356776,0.333045475501739,0.392505235969248,-0.274197297543759,0.802348667525187,0.390808552793314,0.11214553148245,112.45,1.0
51849.0,-1.93882631728377,-1.43754834177613,1.60731252668926,1.29295890967171,0.464807519488571,0.918145218262148,0.577993011435752,-0.369024564131058,1.03712576516337,0.334932584122633,-1.26192649919036,-0.388451188162136,0.0649062311335052,-1.05348376031791,0.963891150224462,-0.247986084930573,-0.384218975901164,-0.0222744108508197,0.746489133446647,-0.707161010202533,-0.405356376350653,0.312192004544456,0.59074212597895,-0.863927196852603,0.149771317405353,-0.286862697435126,-0.289055056510156,-0.313073068473254,190.0,0.0
49196.0,-0.396543364859447,0.803271873244584,0.654601925419112,1.15785943663333,0.0348667562861445,1.1445052226092,0.147940573942724,0.644251242954156,-0.253014894725307,-0.571946905234287,-1.85920751635795,0.269128772999198,0.848791139886223,-0.0218259518529396,0.438663925965436,-0.328194284393188,0.113130072078127,-0.290177967536921,1.16974125730246,0.114468564219345,-0.219513547753776,-0.658806660001397,0.171924240063994,-1.34871258383479,-0.207680987921884,-0.442397403677702,-0.0311048301178111,-0.0333139026981513,88.5,0.0
107339.0,1.67433954630775,-1.79514240723708,-2.12627906344331,-2.21399748885733,-0.894811677410365,-1.79834156852525,0.299346622475847,-0.711829923023094,2.09006254327367,-0.875601898385259,0.240655695050129,-2.12397003036107,1.47166507688174,2.08379245421535,0.363648317237235,-2.92564722912934,1.0513492550552,1.45645215981423,-0.0412384774441478,-0.0937988694692315,-0.206894679483858,-0.287349802622126,-0.194051979310722,-0.0684913715400367,0.199296231181333,-0.765956212365615,-0.0470352681528483,-0.0128704933285944,309.95,0.0
12093.0,-4.69679522444504,2.69386747884008,-4.47513271259153,5.4676845487781,-1.55675807549758,-1.54942028904253,-4.10421487278526,0.553934075416293,-1.49846813107494,-4.59495176285009,5.27550585077254,-11.3490285500915,0.374549235103921,-8.13869488434773,0.548570894168134,-6.65359434741365,-10.2467554066001,-4.19106626655491,0.991486122257293,-0.158970548660611,0.573898081112651,-0.0801627753981571,0.318407817148194,-0.245862202650853,0.338238431564141,0.0322706213908033,-1.50845793363219,0.608074682590101,0.0,1.0
41194.0,-7.89688615307576,5.38101952251685,-8.45116161458266,7.96392808742307,-7.86241943013129,-2.37681997521459,-11.9497234569249,5.05135567269165,-6.91207600938549,-11.589748311433,6.64520072606617,-13.542095596465,0.888247918839909,-12.623316046432,1.00275519562895,-12.4322791426353,-23.2415971479491,-8.49529893803197,3.45394255518458,0.645974321869431,2.55794395644985,0.926277883497588,0.0327949396062788,0.638072585685807,0.361887213739485,0.444576520477986,1.10192314818996,0.205958012508108,1.52,1.0
59946.0,-0.315428281794983,0.361952108650851,1.26496858980433,-0.683854716291458,-0.271205233871858,-0.310224004567634,0.239566919277353,-0.0400830358419037,-1.50896179846293,-0.277782971477603,0.121868383518283,-0.402909515471753,0.928927677744833,-1.5545390321642,0.369781023750412,0.40219739450717,1.80150236442639,-1.53589490735684,1.13926311469336,0.354743056203364,0.0762603208991629,0.251178277753225,-0.0543797911561903,0.0379721008664403,-0.141172277816558,-0.218578803374135,0.145105050075041,0.142080819562441,44.88,0.0
53031.0,0.206075454303215,1.38735982061524,-1.045286987034,4.22868619369076,-1.64754917421782,-0.180896946218666,-2.94367757476862,0.859155533266087,-1.18174300683428,-3.09650359868717,3.20091235546057,-2.45083242908802,0.316619878616412,-6.39717031528651,-2.12972836543767,-2.42737307534442,-4.44847225233098,-1.21222044988735,0.0346554556282822,0.351484399563241,0.46919942584802,0.344930464195865,-0.203799378001586,0.376640378487856,0.715485489514387,0.226002880910544,0.628544616302757,0.319917987612491,0.76,1.0
70229.0,0.315641749332386,1.63677796226183,-1.51964988293973,4.02857099852445,-1.18679426720391,-0.789813099852487,-2.27980740468004,0.472987926704315,-1.65763500271185,-2.89499040084744,1.60198538284757,-2.82494562476694,1.26920363552044,-5.59136368933409,-0.974827287131074,-2.73779549628906,-4.9615343155062,-2.22479740778771,-0.136117269757132,0.388884849068478,0.345920750226663,-0.1080015945344,-0.165441941824109,0.279894580016653,0.808783092569154,0.117362632970147,0.58959490284462,0.30906407378289,3.79,1.0
79603.0,-0.71755280269382,-0.69484706827907,2.2068355800532,-2.35498195991787,-1.58736106875537,-0.526376750244385,-0.0869631567832806,-0.0560821200674206,-2.24288013055592,0.534320516147226,-0.790817282070272,-1.33455859265267,0.364712184723873,-0.662420246838205,0.264743169416302,0.0359426508925477,0.152810758538225,0.543327460379208,-0.991718565496888,-0.0427697310106121,0.11777995361683,0.444761743974484,-0.0389228817789906,0.352507084636926,0.432377197804653,-0.133751437527109,0.0277296769507383,0.0771548099791107,129.0,0.0
72276.0,0.944019785533785,-0.895520935417148,0.892339539381344,-0.178582715221759,-1.28255244153911,-0.234312507743251,-0.653505257980004,0.00900481554738221,0.851177386582039,-0.326318499762787,-0.73210651842407,0.15735589537876,0.773028577679538,-0.346661467885436,1.70704758605698,1.07043502744165,-0.778524788871055,0.352291633887976,-0.149419642118505,0.37203061721515,0.256034783457082,0.412139701110755,-0.209247435731633,-0.0174558208808295,0.00906877242895427,1.50675036144538,-0.0874122210385215,0.0420232944814511,179.4,0.0
62330.0,1.14086473658976,1.22131743135767,-1.45295546048243,2.06757505760281,0.854742052227546,-0.981222507744598,0.325713913670098,-0.0377214068783676,0.113219371615132,-2.12697274994354,0.915947028928619,-0.468571538051367,-0.523377293666349,-4.86186658087283,0.421013353871263,0.866440624739209,4.08248488419359,1.1963181517001,-1.10076358353881,-0.0677120411898438,-0.377597095255037,-0.79345965987036,-0.132333171548173,-0.33158626897425,0.664877856718148,-0.309312434134138,0.099941947375597,0.122988311929089,1.0,1.0
41673.0,1.18646347166106,-0.150056486498012,-0.302807489513702,-0.828291777479376,-0.446380051588778,-1.63545292828164,0.512938288672214,-0.391649175116789,0.893354124692496,-0.957287149115353,-0.127416155803968,0.454596376652229,-0.518595911549267,0.715429330062012,1.44822942843784,-0.7359534135989,-0.0567364344277105,-0.473300301503924,0.786514750321942,-0.0139949055653384,-0.29903068492548,-0.970266177175353,0.00704074548062491,0.340422347978415,0.539744603934164,-0.971693230651752,0.00884875157679817,0.03081978621353,74.95,0.0
58482.0,-1.51912046518875,3.42433853917526,-3.54046939648288,1.66992184608483,-0.448989425421224,-1.67630736297444,-0.80775910257968,0.769179129185462,-0.471704861650886,-1.1477622865135,0.771071131441995,0.494892927692695,0.367786100174176,-2.4805395062678,1.13606945639012,0.86113438328788,3.90944911131265,1.02622438308775,-1.02297945441653,-0.136726514781614,0.749636402804002,-0.327961829265454,0.516114381535573,0.0346431663143382,-0.292976669435198,-0.363193258947438,0.128380317400696,-0.0469671772820757,7.56,0.0
62197.0,-4.07978496127827,-3.67695823314311,0.763900629474736,-2.18750130175714,-1.68890010446347,-0.179952454291544,1.49567067748607,0.663092213269549,0.969516358058654,-2.80902962869783,1.17772005674382,1.24773644457271,-0.376148426548975,0.341314223351351,-0.115963000976548,0.195082787536617,-0.396476918172413,0.608093162763917,-1.18022885259861,2.03918584053135,0.874420268400071,0.557755876046472,1.44943258648719,0.184990698337675,0.893230458324679,-0.252830451327412,-0.0648188867261057,-0.206312913107395,776.56,0.0
54468.0,1.28389540692741,1.37333883162813,-1.77052106836515,1.51899092982225,1.18351732999575,-1.51868790049642,0.84492944351931,-0.421248431993589,-0.589540618004144,-1.58380019556306,0.57491406384855,-0.0239242033241734,1.11718097270991,-3.64084616140997,0.979205964749288,1.12614112935455,2.45956142896399,1.35238784334368,-0.657853027513077,0.0542039146241324,-0.229846369282236,-0.501280770035386,-0.283967907989777,-0.407627608374246,0.963656134368763,-0.267203300153613,0.0469692065430007,0.0943991975282133,0.89,0.0
112170.0,1.80522369116082,-0.303425288606492,-1.54313831323575,0.718278240635725,0.0689946792107743,-0.626094021974266,0.0495092446628004,-0.170008196866282,0.696544009468833,-0.47938132956518,-0.583335638286892,0.115261176993424,0.184167352635545,-1.14978521480135,0.414417319183855,0.542364893779779,0.465223410964059,0.216885931807204,-0.29494648942655,0.101199592335397,-0.0499391750441344,-0.269734142538632,0.122296394153002,0.585471559056231,-0.213509524393688,0.178156254128393,-0.0502445049932504,0.00105827119536309,124.9,0.0
53937.0,-2.04260819938332,1.57357807373238,-2.37265243271278,-0.572676430720841,-2.09735276458226,-0.174142123011242,-3.03951978687359,-1.63423295064356,-0.594808638750073,-5.45960189444545,2.37853722491518,-2.33027064686235,-0.24623272486659,-4.05852343611281,-0.316983146603949,-2.52266081131673,-5.60340034818128,-0.778439963776289,0.860211793588662,0.825565985313424,-0.723326195587733,0.501221637302624,-0.696892260580304,-0.600513726439022,0.127547028812739,-0.786072220292301,0.606097322391548,0.171696507911815,261.87,1.0
55760.0,-6.00342167645829,-3.93073139597263,-0.00704545511728066,1.71466918264498,3.41466660221529,-2.32958262254194,-1.9015116901208,-2.74611109114189,0.887673207764977,-0.0492328559624844,-0.153131026660117,-0.814309846145704,-1.89479558623308,-0.83148260879597,1.38728869521525,1.18890675852063,0.536817322665437,-0.0514032140040002,-1.23138550165184,-4.12818582871798,1.10167131666753,-0.992493706726384,-0.698258928361953,0.139897673540465,-0.205150795631722,-0.472412262665941,1.77537805651063,-0.104284625925588,311.91,1.0
56894.0,1.32466056260333,-0.245806819575716,-0.555664030415847,-0.542931357024468,-0.286356518254885,-1.01040951266412,-0.0254600929386244,-0.300973251574593,-1.22904914438573,0.218197867205882,0.347188506584666,-0.409402936149365,0.633959936548878,-0.956910345261013,0.71438421940873,0.731918309989268,1.37937943541549,-1.62616974137224,0.0887496582322201,0.172984832312607,0.24195816252252,0.635883894551674,-0.212818284820141,0.0734590766937474,0.747596621914243,-0.015460602911355,-4.46883931635678E-4,0.0273578763727453,49.99,0.0
18675.0,-12.3396031574122,4.48826730168204,-16.5870729373632,10.1072738734101,-10.4201989827431,0.130669811857349,-15.6003233044816,-1.15769598093331,-5.3046309683427,-12.9389293107706,8.80568196718575,-13.5561301301468,1.16546376028499,-9.80988150207055,0.369987279150665,-9.50521044515487,-17.5420303090874,-6.79263778723153,2.06937744931751,-0.0855014634055812,-2.0896096332232,1.74531450014405,1.37681580939778,-0.554271418366818,-1.61074085196174,0.153725444536768,1.2124772080589,-1.86929047595671,188.78,1.0
57150.0,-0.447265090032133,1.02576703371865,1.45208993551026,-0.064275592424919,0.263925916771646,-0.931770481278161,1.1079750437168,-0.390474915431593,-0.0337752308213309,-0.211525562090864,-0.607710133376961,-0.420330847244273,-0.777847094025285,0.042863009049978,0.291259857971594,0.296729058899604,-0.845591012744069,-0.238086672819889,-1.01434271332316,-0.216880863460897,-0.114967446458569,-0.351553400874098,-0.092578455357483,0.325041060156816,-0.114501408462568,-0.815991449359055,-0.39153299236996,-0.183985815039571,8.54,0.0
82289.0,-1.46489654758402,1.97552752738073,-1.07714453940265,2.81919063998449,0.069850228405671,-0.789043629709432,-1.19610144945515,0.673654375004339,-1.36372387646135,-2.9328952580311,0.301368829965399,-3.24614143685335,-0.465640147552938,-5.42936187944371,-1.30498291640657,-0.953623442669269,-2.72734300093373,-0.63643691865914,-0.927124072666602,0.048968800272123,0.174099465690177,-0.272505290211891,-0.0315494503920774,-0.406165929676999,0.157768979757404,-0.104392920359594,0.0737955599806211,-0.0415702518454821,1.0,1.0
72105.0,-1.94256084574907,1.55048011361909,-0.727387854747772,-0.957093127153486,1.03967195734608,3.64612069336838,-1.10189597572796,1.7472403650375,-0.628505935202942,-0.0702926299516861,-0.271562060818523,-0.00375331215243627,0.347492448898472,0.791505881051917,2.1945134736206,0.204279235833926,0.154835250497164,0.437329580188517,2.26945624271759,-0.0351548585870909,0.0351601093152142,-0.476058076569753,-0.00980012121730794,1.0696176721308,-0.0374094043052411,1.10876147429586,-1.31291717002354,-0.35836735463864,25.63,0.0
102619.0,-2.48836288474016,4.35901910783724,-7.77640985018266,5.36402677044258,-1.82387723220959,-2.44514013600669,-4.96422092061784,1.48489015991725,-2.94789885841072,-7.17534972178322,7.34365210856032,-10.178995535122,2.14215063066493,-8.98305216762269,-0.473746033414928,-8.14334226244301,-9.78567719982127,-3.08651950539248,3.37971333584943,0.792274684105994,1.32567239039937,1.02122620503862,-0.266476205063069,-0.370880444896658,0.365535186093547,0.081372023747405,0.184983040876449,-0.211582455539506,1.0,1.0
44532.0,-0.234922308660103,0.355412643473604,1.97218278594888,-1.2555927126284,-0.681386509254345,-0.665731671302037,0.059110489686438,-0.00315327709103439,1.12245113562848,-1.48124586053984,-0.473852105914046,0.9221844195147,0.913513839827119,-0.499349578859305,0.933898442932603,-0.560471962989049,-0.207706529097452,0.380541571066627,0.574335960915453,-0.0034694628125566,0.220670430492642,0.912107214037724,-0.286337679755902,0.451208246513352,0.188315252003614,-0.531845781256926,0.123184687838547,0.0395806345060398,1.0,1.0
102619.0,-2.48836288474016,4.35901910783724,-7.77640985018266,5.36402677044258,-1.82387723220959,-2.44514013600669,-4.96422092061784,1.48489015991725,-2.94789885841072,-7.17534972178322,7.34365210856032,-10.178995535122,2.14215063066493,-8.98305216762269,-0.473746033414928,-8.14334226244301,-9.78567719982127,-3.08651950539248,3.37971333584943,0.792274684105994,1.32567239039937,1.02122620503862,-0.266476205063069,-0.370880444896658,0.365535186093547,0.081372023747405,0.184983040876449,-0.211582455539506,1.0,1.0
68902.0,1.33409174900175,-0.793995152188384,-1.70716393794935,-1.78380572160947,1.75519580676236,2.92638959256762,-0.531596427573378,0.61043586161887,-1.2787488919631,0.668646489467473,0.0791050387329471,-0.685409178748936,0.0983579827350095,0.261274692247675,0.644610239603804,1.18323128739653,-0.101969428589051,-1.44903046230755,1.14016412907688,0.355972404566298,-0.147690841258706,-0.888994666015439,-0.0365216107899546,0.990453314052656,0.581216824218417,-0.444599353716407,-0.0356760559570642,0.0181866838142043,95.0,0.0
41227.0,-9.00135134450649,6.61328394324752,-12.4236347238918,7.51992923163014,-10.2662546389665,-2.11320754204122,-9.98428744767688,5.54194143253089,-7.38370453522347,-13.2151722995049,6.89518136811315,-13.2796997105282,0.755263578785977,-13.4170122721265,-0.210774362111057,-10.9226551270595,-21.90649321637,-8.82981976595275,1.85246698871594,-0.645393857931055,1.7758908996538,-1.22475761150578,0.0825935414630254,0.452088727391883,0.463827332847796,-0.296928065001458,0.526505578079938,-0.450890488772313,459.07,1.0
118473.0,-0.203455001253389,1.83113023394235,0.495557103638106,4.07972505623225,0.904702953048889,1.3693554332031,0.272070209908849,0.418190026477147,-2.08859127179982,1.97289474080939,0.0966611544887956,0.30921533978655,1.09246076642938,0.259907297403019,-0.281736177672017,0.1206553925683,-0.32109853423706,0.709373198909286,1.60077885076005,0.309571657239443,0.148363354888556,0.666917054517519,-0.0264206485052632,0.210701081436098,-0.934387554692779,0.215396884843009,0.0887519318165453,0.0123270282159139,0.01,0.0
58217.0,-0.443793956538852,1.27139528958141,1.20617786290079,0.790371244425149,0.418935334538855,-0.848375714713356,0.917690595034239,-0.235511404707869,-0.285692136421657,-0.867899742347565,0.614977120327696,-0.657947690982211,-0.948412031653891,-1.63514452424164,1.26320316314475,0.0685328870737372,1.32579410174258,0.376383480838994,-1.09619645414336,-0.0672050359210024,0.119278777095323,0.513479449681292,-0.264243409026182,0.443311288026016,0.0295163920697956,-0.335141048988331,-0.188814985117408,-0.123391459240302,5.09,1.0
64443.0,1.07952397806913,0.872988038728802,-0.303850487243895,2.75536885087579,0.301687623167546,-0.350283737195093,-0.0428479677130716,0.246624608381391,-0.779175595769242,-0.157696445821874,1.92856763203456,-0.935863286411531,-2.43144644518658,-1.63347202401986,0.534336652706283,1.42560550367097,1.59352878606579,1.17846784575361,-1.56869755794851,-0.252115099030468,-0.023254784527163,-0.158600833910515,-0.0388061577093773,-0.0603272546840962,0.358338898397498,0.0769835703935526,0.0189358319830432,0.0605741494833015,0.0,1.0
18675.0,-12.3396031574122,4.48826730168204,-16.5870729373632,10.1072738734101,-10.4201989827431,0.130669811857349,-15.6003233044816,-1.15769598093331,-5.3046309683427,-12.9389293107706,8.80568196718575,-13.5561301301468,1.16546376028499,-9.80988150207055,0.369987279150665,-9.50521044515487,-17.5420303090874,-6.79263778723153,2.06937744931751,-0.0855014634055812,-2.0896096332232,1.74531450014405,1.37681580939778,-0.554271418366818,-1.61074085196174,0.153725444536768,1.2124772080589,-1.86929047595671,188.78,1.0
91820.0,2.05737123224134,0.175109679284728,-0.889209890923282,0.596323130550966,0.112413898836544,-1.04186167863388,0.192021969486499,-0.485563822263675,1.56957203153867,-0.355388537190618,0.544526595671498,-1.15137388422481,3.38649242442951,1.38014390287178,-0.835085153833002,-0.27212332598058,0.404256456608206,-0.892059255996468,-0.140435842558584,-0.165514247115843,-0.414384379741932,-0.723678004650593,0.338302207311079,-0.0280625094745778,-0.279570582410265,0.156791518910101,-0.0833020045157875,-0.0632554960756775,1.98,0.0
8808.0,-4.61721720415581,1.69569365346656,-3.11437220079491,4.32819855298178,-1.87325699086527,-0.989908135538263,-4.57726462658038,0.4722161584519,0.472016953377646,-5.57602263642415,4.80232276125089,-10.833164469314,0.104303875698575,-9.40542306160986,-0.80747786866047,-7.55234220350747,-9.8025617903912,-4.12062883466552,1.74050729036196,-0.0390459343384186,0.481829697240067,0.146023056445948,0.117038527549065,-0.21756459883966,-0.138776043706563,-0.424452881068275,-1.00204142597227,0.890780287970655,1.1,1.0
73625.0,-0.698014092559009,0.692356407995888,1.54508233995558,0.114286062837042,-1.04957794774033,-0.444896201490763,-0.55683228115158,0.456679828110764,0.241404617730736,-0.364927827693285,-0.553933683566745,0.819901493138285,1.42917249162603,-0.393648216710279,0.883012289215246,-0.0712571008875791,0.195765506616901,0.0398247891256825,1.03815374964929,0.153027298739994,0.1824888380226,0.769481208563057,0.130763907845031,0.504977823210729,-0.471836802239027,1.20965326367072,0.0695330001892448,0.0432901385358112,3.4,0.0
97177.0,-1.03953805345362,-0.829483818847845,0.666731344915509,-0.153089321722362,2.00123348523765,-0.714375861322776,0.115323690467453,-0.410487493899009,2.00228079900527,-0.107797190076125,1.6880644675094,-1.83087129463174,1.23804212896251,1.15367346555572,-1.73962592995656,-0.852436592404293,0.356680708334884,0.399852321837144,0.639845160728877,0.0406195209870268,-0.12158782167141,0.549744895226228,-0.345400141557602,0.730485989961961,-0.0300179867187439,0.0945876081699031,-0.0778191569970311,-0.332707185852126,44.9,0.0
84204.0,-0.937843305478391,3.46288948991687,-6.44510395393435,4.9321986662268,-2.23398306982245,-2.29156112129773,-5.69559392853253,1.33882463362261,-4.32237655329329,-8.0991193981365,7.18296700883659,-9.44594338249901,-0.314619967520224,-12.9914655817567,-0.136358931959623,-6.36752437517144,-12.7343938853776,-3.84512965889743,1.00766725992114,1.12953228130351,1.06655024941577,-0.521657289347299,-0.319917292909547,-0.405859088093617,0.906802159957716,1.16578389011737,1.37449533233535,0.729889341911333,0.0,1.0
63460.0,1.13079968283642,0.0498790761118325,0.558826970477228,1.08003134009742,-0.442817032393018,-0.231251237606311,-0.219733306919846,0.114589791245245,0.0669308122059149,0.218550346172384,0.817730227172349,0.185402130578183,-1.08934095215567,0.631681246374767,0.550921261156055,0.717056449567501,-0.856639945618052,0.655126328217317,-0.0565622607286243,-0.122398531306777,-0.0427412144182406,-0.269589949098707,-0.0338627928960127,-0.0494021902011432,0.376497237736416,-0.47529518123304,0.0162504278573649,0.0211602782376447,36.0,0.0
85285.0,-7.03030814445441,3.42199090467553,-9.52507177254752,5.27089100906596,-4.02463027558805,-2.86568161775739,-6.98919473439446,3.79155093755913,-4.62273033596451,-8.40966487562735,6.30904400603177,-8.57676143258937,0.246746716929862,-11.5340460181508,-0.3642651387587,-5.45249465771382,-11.8875700201872,-3.56358481007011,0.876018768156628,0.545698040621445,1.10339774484256,-0.541854751589521,0.0369432219896495,-0.355519004066217,0.353634382097,1.04245799282131,1.35951563156376,-0.272188101257294,0.0,1.0
17520.0,-5.26805322089363,9.06761342731767,-15.9607281345144,10.2966027898053,-4.70824109122294,-3.39537485177836,-11.1610570028797,5.49996263444947,-5.66737554592835,-11.6271935556579,11.0270590938161,-16.3880541668327,0.363921486512734,-17.230202160711,-0.437487559248993,-10.1223919213552,-13.6392089915234,-4.98645725844229,1.12678437819631,1.45587819528,2.00410994522741,0.191058399384387,0.622927669875126,-1.20926355739155,-0.374798862642666,0.64879803679546,1.58469734677224,0.720055870245492,1.0,1.0
72327.0,-4.19873460983989,0.194120636801706,-3.91758567828042,3.92074784640417,-1.87548574659158,-2.11893292738694,-3.61444510993627,1.68788446543007,-2.18987113590881,-4.68423332514029,4.37690666362302,-5.00744082816051,-1.30474507803596,-6.19247526385522,1.00240426741391,-3.31693430074553,-6.18883415213498,-1.04041264854272,1.23304434947994,1.0033504305956,0.801312235949018,-0.183000576489906,-0.440386862411508,0.292539411877521,-0.144967421927777,-0.251743981877142,1.24941367428483,-0.131524643545312,238.9,1.0
34879.0,1.14130491247882,0.0106136673494288,-0.0496894286213389,1.05557037809831,0.0875061026216431,0.0552274707157985,0.0209298051417083,0.0514496440713007,0.232484516000536,0.0355724230609483,-1.16983108206214,-0.717325553779126,-1.13529234490793,0.57958411237725,1.40033912860238,0.169883249573753,-0.422102594220109,-0.0734068850264829,-0.526421818971475,-0.117462976922853,0.0614809074699682,0.0772254713955163,-0.216945891537667,-0.795859227625205,0.647744436677169,-0.200269862339205,0.0146210994642106,0.0169430250072255,59.88,0.0
115730.0,0.179732139372505,0.979997689903539,-0.78417036516347,0.214597470636337,1.37167221024287,-0.881817547791836,1.57005368664793,-0.27275669391357,-0.676715895739729,-0.261929057900487,-1.28914129444042,-1.02540384132252,-1.64067458500394,0.996720457706311,-0.0214558542462417,-0.385669955867069,-0.445694233220677,-0.106374718961777,-0.569767014138962,-0.259329779868335,0.223863691874838,0.549786935942589,-0.239462696838662,0.564233775605938,0.390242489159752,-0.48896655623486,-0.0192996349236682,-0.0115101487721796,25.0,0.0
41582.0,-1.04800528916284,1.30021877705413,-0.180400575706546,2.58984264330545,-1.1647935523262,0.0318234062644092,-2.17577809872951,0.699071737631603,-1.14020827768059,-3.22678710680364,3.49080495043995,-2.45433920979968,0.177189485247745,-5.16060809721957,-0.686114234287445,-3.99614471325468,-4.69556272249452,-1.81916096350279,1.46108031890323,0.644993308471186,0.549014458224783,0.624321410729297,-0.136662719519743,0.131737918713915,0.0309213718346795,-0.176701082429858,0.504897671691263,0.0698824528615783,39.45,1.0
97493.0,0.0685888614739846,0.744602711096925,0.620279392515871,-0.503414328316406,0.57330651892432,-0.702284300609761,0.956987627941611,-0.285638050727125,1.26696222077247,-0.385587145851501,1.76877683336119,-2.24563421726359,0.541274532023557,1.7417224399347,-1.66162816500423,-0.0450483217288519,0.112013084479533,-5.79157502450269E-4,-0.0923344972970601,-0.0557427282663649,-0.406546478418146,-0.660737395236205,0.075127845939609,-0.0774729539395553,-0.625559691092032,0.0567615289805311,0.047495331198807,-0.143441846163304,10.0,0.0
101597.0,0.91311613528992,1.1453810871791,-4.60287793273505,2.09180337375362,-0.473223859280585,-2.0854358325571,-1.67124403232231,0.0943965856348779,0.337798765397573,-4.4318096317282,4.87197985976052,-5.39522117678937,1.33250215621937,-4.60379669207464,-0.77731354811867,-2.57189156103509,-3.00361530529652,-0.225441388417525,0.252273565031692,0.50898474829098,0.40141574109896,-0.0849334160429759,-0.197684434494785,-0.283271078982557,0.387597335722074,-0.553526986386025,0.516274456782261,0.270828187083758,147.87,1.0
53874.0,1.19207406191288,-0.118945334824339,0.695240417785563,-0.0212317295441167,-0.797490724098943,-0.74924742681545,-0.274551898088026,-0.041462592804355,0.398396445930968,-0.257240940229406,0.253429958215239,0.310322099697406,-0.147194162858013,0.221055255717384,1.50272214667743,0.0289294167559712,0.0457054028456204,-0.947807356837315,-0.456098360874676,-0.0950816726933971,-0.079336594942627,-0.22074709019372,0.157662865070683,0.44528372596448,-0.0107137876826829,0.913750415716952,-0.0574755334232073,0.0110242649746036,15.0,0.0
67865.0,0.465222423092574,1.95773009041188,-2.15840912263057,1.72053019471312,0.662314079101162,-1.9143990418944,0.633838343444312,0.124605276669715,-0.564090634279984,-1.42505063112918,0.620853758674572,-0.323097491692477,0.1856193106126,-3.27218721915015,1.01021813943117,0.94688833012364,2.97386973023291,1.5164698560375,-0.418296009215356,0.0129058349185593,-0.100084126957555,-0.15247568804593,0.140616443985175,0.0405573397415556,-0.423883805612455,-0.399465910564623,0.132916191250243,-0.0463213072865692,5.43,0.0
12393.0,-4.06400473842815,3.10093489093256,-1.18849800365476,3.26463274045175,-1.90356235801726,0.3203505872957,-0.954940039087007,-3.27753491983773,2.82082866173719,1.01511287978593,3.18718689736493,-7.00432728360605,0.872710605485111,-6.22060535304292,-0.904444629573358,-3.07509188469837,-5.04473569177435,-1.71808268516882,-0.662462068430895,-0.531897693292296,1.68866543097474,-0.0788446980063478,0.19373092657711,0.479495953884992,-0.50660305739906,-0.409862744197452,-3.03627132936069,-0.630605198840545,179.66,1.0
20502.0,0.898614274555906,0.0338961928217827,-0.0832970050956021,1.25632616930286,0.554091347766426,0.702342332742405,0.155668231625311,0.196359735713541,1.16075853070591,-0.518258784764837,1.60634195106108,-2.52549252463935,0.16604677391442,2.42801187132929,1.16978778849113,-1.53234065001431,1.82223449304873,-1.96337314823919,-2.14918476797647,-0.252496771398726,0.0315107779491862,0.278743282855173,-0.0273367871876948,-0.708803342555397,0.393031704787292,-0.231544652581981,0.0116329946469164,0.00557910107223173,89.99,0.0
105937.0,-0.723218476635143,0.688836719624973,2.01726541878262,-0.554449479074707,1.03051997588001,1.78192189815639,0.16746019671701,0.303969896710764,1.38377109269166,-0.984238927693628,2.00395532660148,-1.96909920459214,1.47385894837696,1.48728751453855,0.735307896446921,-0.771066515904235,0.645536142833614,-0.110666056716145,0.00648935648355242,-0.0388315638669693,-0.206089979697585,-0.113850545386569,-0.315457056611016,-1.73934453218609,0.0846694001634676,-0.628260246764893,-0.171750472040019,-0.170832632672915,1.51,0.0
28692.0,-29.2003285905744,16.1557014298057,-30.0137124857248,6.47673117996833,-21.2258096535165,-4.90299739658728,-19.791248405247,19.1683273897301,-3.61724178604255,-7.87012194292549,4.06625507293473,-5.66149242261771,1.29295014454242,-5.07984568135779,-0.126522740416921,-5.24447151974264,-11.2749725851252,-4.67843652929376,0.650807370688892,1.71586182428358,1.8093709332884,-2.17581520342142,-1.3651041075509,0.174286359566544,2.10386807204715,-0.209943999130567,1.27868097084218,0.372392714338541,99.99,1.0
9046.0,0.905758435586316,-0.721055655484134,0.440935119051849,0.557238883835865,-0.981509593202066,-0.67695898614712,-0.117225030748996,-0.200811562307046,2.20747884446003,-0.786570755741964,0.0616589124137623,-2.59191672940172,0.542003080233942,1.4601166714474,-0.899095541173068,-0.320064347562277,0.988710605948708,-0.2729522089385,0.20593859287159,0.176535017819651,-0.166073217974385,-0.455756468675088,-0.198445518584218,0.400121458799182,0.316187495331157,1.05750292050157,-0.135639526621689,0.0233711304165303,191.39,0.0
41413.0,-15.1404496225073,7.37804241221284,-16.356367356494,9.19493491430021,-13.4661632895942,-2.95843050082103,-16.1655386244192,10.0752539455532,-7.90182112627786,-13.0094028057641,4.82823533219729,-11.0584014244364,1.99812557552295,-8.59204740189288,0.540385309176116,-10.6157452968661,-21.0178983428443,-8.39739305199317,3.18355894967976,-1.69148198782553,3.14742810473234,0.341677595071206,-1.15016247089952,0.795189734964946,-0.194542181109758,0.145963568626439,-2.45868034756574,-1.18988788135128,106.55,1.0
64585.0,1.08043336974687,0.962830680816555,-0.27806547765439,2.74331806279958,0.412364075681078,-0.320778352962878,0.0412895489552235,0.176170299597767,-0.966951551053629,-0.194120466505581,2.14005681553663,-0.276308752749667,-1.19130573752489,-1.88027540328199,0.398271956336376,1.36743302249318,1.52266169956075,1.02631748255981,-1.57707047840184,-0.172658644566365,-0.00899617409257402,-0.0570361435998535,-0.0536915092211487,-0.0263732767799466,0.40029973123052,0.0728277709127376,0.0270429343018625,0.0632375727147923,0.0,1.0
41568.0,-0.0664361233090678,0.7220463572273,0.120605138348637,-0.346253030584136,2.68758485571595,3.59696799566325,0.315244344587149,0.67349163647241,-0.580285245485947,0.0199106998398681,-0.140615878164435,-0.327168818749785,-0.0361798648236851,0.233449394685682,1.35196064578982,0.0997131681887687,-0.845329097670409,0.347000856385223,0.89107725609392,0.188920387304674,-0.205868089895345,-0.568055579077909,-0.0465361439288973,0.958072000066552,-0.446135671887093,-0.650403053085604,0.0239775045131535,-0.0564134973960261,4.99,0.0
17220.0,1.18978435670385,0.942289402014327,0.0823341450498769,3.02404970580847,0.412406009418248,-0.214414558479438,0.0535578385040748,-0.110353351082093,0.883797757350066,-0.554223900525873,0.154921008931302,-2.77675657494788,1.6412066261065,-0.45607695680899,-1.24041439240797,0.857322735948866,1.70702446635297,0.526349196477535,-0.865104609842214,-0.143434644974988,-0.502635558485173,-1.04739752764089,-0.0567520238885425,-0.340688404752184,0.541235201259928,-0.0983002868955662,-0.0030411199129353,0.049819020358336,3.79,1.0
42474.0,-3.84300903438536,3.37511020399082,-5.49289319668564,6.13637764344382,2.79719546082743,-2.64616226518954,-1.66893106391951,-2.61755205155675,-3.94584260288362,-4.56525209408734,4.09721607443527,-5.4509164388957,-0.965692752165388,-10.9044588731508,0.526947764497797,-1.13975413041553,0.835639563488731,0.389774231161906,-1.43960797610281,0.0547955667305956,-1.2778115827927,0.719652000906672,0.451125175067876,-0.25809365058648,0.656129466667281,0.556676326289228,0.739383212515096,-0.203049673816441,1.0,1.0
46057.0,-1.3094413460044,1.78649494921925,-1.37107024042555,1.21433549160762,-0.336642221570741,-1.39011986486896,-1.7091091066305,0.667747590382643,-1.69980879955917,-3.84391103993778,2.96259879138962,-3.95604520140947,-1.53923191944683,-4.63463139323434,-0.248403490673103,-2.05855138409951,-5.63549400383391,-0.775271204300359,-0.23930965408033,0.253464129147281,0.533521286327158,-0.0221799534199139,-0.299555851230085,-0.226416167090146,0.364360460778096,-0.47510178544057,0.571426303828437,0.293425836896259,1.0,1.0
25190.0,-0.392331683000725,1.09315068460728,1.895929146965,1.45038464848223,-0.0232997747968149,-0.186736514818482,0.44216328082798,-0.105713028694873,0.631914644694105,-0.462764103678908,1.18168657638349,-2.05929085062169,2.25774410606999,1.55698565698517,0.779219769828788,-0.574254598145341,0.943138227625262,-0.448386117742204,0.0684818917374216,-0.0437483113697072,-0.285320580139432,-0.551834440884833,0.108581067982597,0.303033536983376,-0.440361999529267,-0.615326293572307,-0.0238623999976201,0.0313294407130826,34.1,0.0
81476.0,-1.18571709865331,0.906935845417541,1.2104341702178,-1.53521108958862,-0.109387058526949,-0.14209942110417,0.24686587377217,0.517579029847895,0.0425706339176314,-0.288950259925658,0.962107958753424,0.240539642211909,-0.874219199764269,0.362606111896472,0.188224775239353,0.664026870035633,-0.662676460668029,-0.0916459894798632,-0.656261169312054,0.0574366599935364,-0.0759723006702495,-0.0977761964797358,-0.0342691712330953,-0.302214250592123,-0.375942249784128,0.733947689591716,0.0899881405593156,-0.0756117240215732,16.0,0.0
93853.0,-6.18585747765758,7.10298492227346,-13.0304552638937,8.01082339822486,-7.88523736131971,-3.97454999359808,-12.2296077786617,4.9712317023058,-4.24830701294998,-12.9654812039222,8.68830799242781,-17.1829184301947,0.0695769150313325,-14.1161560074304,0.959031717400206,-12.3753337375636,-18.716764511809,-6.52201457322122,3.51795494036344,0.483930108481186,2.50277241039945,0.481691289576756,0.480957977547458,0.360318638811951,-0.293354295977635,-0.199193157971208,-0.203917328209747,0.398927185850218,44.9,1.0
19762.0,-14.1791651073631,7.42136996239257,-21.405835744128,11.927511869244,-7.97428068736155,-2.20271027666529,-15.4716122801735,-0.356594909586509,-6.38012489838839,-13.3482776536659,10.1875873241664,-14.5639797552132,0.59375935763569,-14.4915983463022,-0.281392503951236,-8.2641288443605,-12.4398049728466,-4.83707902601307,0.753149847889189,1.00276434172175,-2.36683606243662,1.13095519799655,0.991153238179024,-1.03313210707298,-0.327179344936207,0.634692903522304,2.17190494464567,-1.39528768393339,1.0,1.0
62059.0,-1.64440309669641,3.1298519330804,-2.57697682172296,3.41557336328899,-0.448525407316687,-1.24189285626533,-1.9916521878557,1.00266488963021,-2.8090712430123,-4.15369240632128,1.39818511854919,-5.65326970240352,-1.23369413839885,-6.332512814541,0.458714800173025,-1.98360960777769,-4.92916202340023,-1.03848208531443,-0.133819199948815,0.290186829391141,0.417762091477206,-0.648575871519649,-0.318617393380036,-0.680412931832076,0.389868676205949,0.0557502963989842,0.394681955439504,0.298820725838569,6.62,1.0
25426.0,1.12533553530785,1.13014648418496,-0.962975334759173,2.67568785863118,0.990074518469203,-0.243317741184431,0.316192138064781,0.122960131988498,-1.1433427947576,-0.369908966047961,1.83449419801385,-0.491243315415958,-1.12990700459946,-2.23862224442526,0.27846874170613,1.47792560308038,1.77645429510255,1.14928218583042,-1.30699464468423,-0.138813697509247,-0.166736918429935,-0.52193383894905,-0.112376257435029,-0.592076750460089,0.520791314299405,0.0433535805717847,0.0151590212632604,0.0636117222853327,3.76,1.0
75670.0,-0.368739183721682,1.12018767791191,1.42346593955601,0.142462763171408,-0.154841324261639,-1.17038883133824,0.716753142433167,-0.0849787281674727,-0.391527129211644,-0.509283573692913,0.0498552104469741,-0.067244750271799,-0.117459877035243,-0.373901146098201,0.889748769758286,0.296317917200976,0.137055190418497,-0.222096850549938,-0.21351537800721,0.0977632192197776,-0.242758157419038,-0.643936735158242,0.0340860318738161,0.655165396503202,-0.209052353702227,0.052169749981306,0.243950123363649,0.101413685073168,5.99,0.0
49985.0,-1.55421636788274,1.69422928947167,-0.903333638062708,2.42543608490852,-2.89978748492542,0.133028430446298,-0.286225919411127,0.555944559014401,-1.39491838156524,-2.89261176082088,1.96223597455109,-2.38526266137636,0.458337202321203,-3.72454345377605,1.84397832505056,-2.01392370780293,-2.81560029569659,-1.09229027232613,0.139687230416985,-0.0323343863075664,0.493436338989664,0.733393182273647,0.202349959595007,0.492053700892718,-0.183790909215829,-0.19991711985608,0.395200622125666,0.0276930320930062,360.0,1.0
58423.0,-1.53475455037732,0.881518371613729,1.53406745762299,-0.491977912393479,-0.680564895445791,0.693963777726575,-0.88575066146895,1.38174976365438,-0.182477956126739,-1.09649123867393,0.904089293120893,0.993096713673678,-0.43045817598424,0.491457399836059,-0.222934020427782,0.332547676723643,0.0997833382303926,-0.18178755077932,-1.19149262425422,-0.421826430871837,0.400160776417158,0.92412529731457,-0.0843165505035634,-0.247860200942605,-0.376894863961567,0.428096067059029,-0.260965722255888,-0.0343434002440003,0.1,0.0
12093.0,-4.69679522444504,2.69386747884008,-4.47513271259153,5.4676845487781,-1.55675807549758,-1.54942028904253,-4.10421487278526,0.553934075416293,-1.49846813107494,-4.59495176285009,5.27550585077254,-11.3490285500915,0.374549235103921,-8.13869488434773,0.548570894168134,-6.65359434741365,-10.2467554066001,-4.19106626655491,0.991486122257293,-0.158970548660611,0.573898081112651,-0.0801627753981571,0.318407817148194,-0.245862202650853,0.338238431564141,0.0322706213908033,-1.50845793363219,0.608074682590101,0.0,1.0
102489.0,-2.29698749921502,4.06404334190313,-5.95770634516933,4.68000806392241,-2.08093759960382,-1.46327216002463,-4.49084686931735,1.02924628254192,-1.59324925133839,-8.99381088354112,7.86446740028511,-10.6498396512844,1.82659101647783,-12.9136317373077,-0.766330314740752,-7.95409770929125,-7.80963509977466,-1.71851117214548,3.83298514230067,1.26495379665956,1.08908418394041,0.975397809530551,-0.62553033358642,-0.535180928107126,0.247435028956319,0.160399507909509,0.969581605226584,0.335041293733825,104.0,1.0
76722.0,-4.40707907777334,3.41267385371991,0.262903546536781,-2.2925051281796,-0.0764485001785978,-0.721204526354058,1.31548102185207,-0.981097836624715,3.41005937781139,4.98443690448806,0.485250422584735,-0.127545269290269,0.122273524158424,-2.07913107602324,1.0085655640456,-0.635923296944465,-0.978750901972043,-1.29278053224273,-1.25728417109511,1.49020993011071,-0.515600466051303,0.059942033642116,-0.0627660193099421,0.0824548542627526,-0.150670754352523,0.391759655452842,-2.49589479207432,-1.9267181089587,1.46,0.0
93879.0,-13.0865194204794,7.35214833905529,-18.256576111808,10.6485054461688,-11.7314764509112,-3.65916740569145,-14.8736579646075,8.81047267511276,-5.4182040716445,-13.2025771482197,6.35722736343626,-15.5316111795156,0.659694875353275,-11.4123295951252,-2.44757607431839,-9.83374302098841,-18.1746174349071,-7.269904593126,0.623796611777714,-1.37629840858733,2.7611570593153,-0.266161809571132,-0.412860724865388,0.519952215674181,-0.743908960008006,-0.167808225140728,-2.498300252188,-0.711066151912636,30.31,1.0
76826.0,-6.61629292560656,3.56342789803106,-7.05890129814843,4.28434595524384,-5.09629887292392,-1.76861780360559,-4.93755412732933,2.74845954534783,-3.79675959454545,-6.8254901042394,3.25959475409854,-6.94389061823948,0.43597516308899,-6.94701030902337,1.01100406527995,-6.16683742461485,-10.564346602529,-4.01018815310236,2.14350179519978,-0.54163415582255,1.21597610572025,0.0411777442210425,-1.05909770217904,0.275662062254882,0.057424927985318,-0.265838484019501,-0.514636936427821,0.388590269335523,254.76,1.0
69566.0,-3.65113823137378,-2.16425455671171,-1.06664897502344,0.975224587793499,1.32480573532022,-1.64068589581382,-0.509138621257503,0.594323681840943,-0.209701045789901,-0.619483840355803,-1.88712510003289,0.0717250659443275,0.231068450198127,0.955613089208993,0.410512121336998,0.91620242154695,-0.76534514153684,0.368570653769127,-0.618066381739361,-0.276641287280543,0.273404036045771,0.0595419865414391,-1.02197344442022,-0.511676492807419,-0.899132379559854,-0.682393891827399,-0.0480129299733453,-0.360967877154498,61.42,0.0
8451.0,0.314596589729515,2.66067027657541,-5.92003738034463,4.52249960508858,-2.3150272861839,-2.27835165394776,-4.68405393631569,1.20227026523098,-0.694695511200349,-5.52627805985834,6.66243683071252,-8.52546492534563,0.742745446888019,-7.67866801029943,0.593070459066131,-4.47813659534324,-5.84426647937357,-1.1027307945783,2.17738568653903,0.562705643312244,0.743314023428983,0.0640383555765096,0.677841675250346,0.0830078227438395,-1.91103446375022,0.322188398435937,0.620866538820488,0.185030354728703,1.0,1.0
21419.0,-17.4677100117887,10.1148157246654,-24.2021422329158,11.8054692105913,-10.1980458075926,-2.5799380080012,-17.6567879964837,2.25690247596699,-6.24214930949065,-12.8306571996417,9.44266526535108,-13.5474858999444,0.960728558325579,-13.0287170264518,-0.426674498701321,-7.65266166506753,-11.4853277896478,-4.72136957553102,0.550519004149565,1.00151850195952,-2.32802441621057,0.940830319350178,1.29681706144136,-1.05510390359967,0.11179202805362,0.679694612203418,2.09354057112569,-1.42549145377361,1.0,1.0
1956.0,1.24833601149083,0.00505307181789135,-1.14513221545578,-0.0487505835604416,2.13051371000492,3.37444202263948,-0.443128587180013,0.805806348265196,-0.0822864264109392,0.0470348116950951,-0.136875370368863,0.0591795859640374,0.0164387279734106,0.472860442798844,1.20973984552204,0.501794673824111,-0.975889935971835,0.280435000375215,-0.00679375894670609,0.0280188509148533,-0.0944592173406065,-0.442359982078636,-0.0737089198917394,0.986404026245123,0.694563058223452,-0.425619077065478,0.020973597449823,0.0224904378633248,24.99,0.0
57027.0,-2.33565492855671,2.22537994112476,-3.37945038583039,2.17853822878821,-3.56826371512658,0.316813583664713,-1.73494800330036,1.4491394338594,-1.98003348126993,-5.71150474047788,1.83721490161197,-4.5403416445233,0.747845860345767,-6.28431406964108,-0.128887216546494,-3.5632394063049,-7.36832064555377,-2.69295315786876,-0.450550113544917,0.274027122680488,0.78554012192761,0.29741198434836,0.308536146370564,-0.598415746387816,-0.121850330815637,-0.491018310202025,0.701606041424924,0.206966343288918,444.17,1.0
62341.0,-5.26775974325256,2.50671895922695,-5.29092481764433,4.8861341982102,-3.34318841087649,-1.10008548506579,-5.81050918581537,1.72634335514407,-0.749277159995058,-4.83482799462627,3.54601225001006,-7.75128547808951,-1.19569394502348,-10.0185024459282,0.29639612212368,-7.47716172698803,-9.78580026201852,-4.24397714797126,2.68112678165858,-0.286043269744833,0.764265624858483,0.473261684078133,0.54848172305712,-0.15685005182413,-0.71018694460215,-0.366422677340972,-1.48676592030738,0.677664104601632,1.1,1.0
66037.0,0.286302363835244,1.39934474808556,-1.68250270884931,3.86437703955242,-1.18537340204974,-0.341732013808781,-2.53938012266357,0.768378375007388,-1.54788162780199,-2.65971794652165,2.6215881261205,-3.46236188507757,-1.05430017332918,-4.95582330430277,-1.40027445820489,-2.33994291742419,-5.19779447735003,-1.34281449785555,0.288846910516582,0.270360155086889,0.352456413618901,-0.243677652080658,-0.194078546536702,-0.172201087463232,0.742237197555102,0.127789797006944,0.569730790365159,0.291205858831994,7.53,1.0
18088.0,-12.2240206243564,3.85415032971366,-12.4667657248211,9.64831072711484,-2.72696132147655,-4.44561038185083,-21.9228110340575,0.320792273696859,-4.43316165783721,-11.2014000859835,9.32879925655782,-13.1049334662012,0.88848078772943,-10.140200337183,0.713465392614318,-10.0986706554809,-17.5066115481045,-8.06120798966267,1.60687003263877,-2.14718143950284,-1.1598299509044,-1.50411888189644,-19.2543276173719,0.54486672601225,-4.78160552206407,-0.00777228109993075,3.05235768679424,-0.775035651186717,1218.89,1.0
86379.0,0.944349723666559,-0.694757527473586,1.13388414674684,0.200415703208519,-1.1077476265813,0.324854412847375,-0.686301534395908,0.280264115973959,0.858324069613099,-0.379255107935132,1.37768568287976,1.63170707178228,0.244624135252897,-0.377147985300235,-0.799646798671948,-0.283573630323038,0.226981337349191,-0.690988204832993,0.28934904861464,0.095624719192121,-0.0841928481233794,-0.160326606809833,0.0413423204753211,0.313520973942922,-0.0124854725890433,0.931824602059367,-0.0344282934299891,0.0186498797802058,94.84,0.0
40289.0,0.973586497860512,-0.247969602092558,0.104118632159254,1.41106638047189,-0.192581497084214,0.0364646967619647,0.124344038664487,0.0494937866044673,0.4903809000777,-0.139690667753247,-1.06834702368609,-0.244796551039555,-1.28973770786512,0.316532319718146,0.0826052131170117,-0.545266798160711,0.207071456057282,-0.685645325218579,-0.259384523325329,-0.0308469924870409,-0.0721162095037307,-0.283225987592752,-0.189893957298275,-0.293698345537,0.628245130985768,-0.298243787969568,0.010202195820263,0.0291591932724192,120.0,0.0
94364.0,-15.1920640113629,10.4325276778611,-19.6295152518171,8.04607504591293,-12.8381666152727,-1.87585874614533,-21.3597382791388,-3.71784952676935,-5.96978174909567,-17.1415136412892,5.90239975502551,-13.5801472568557,-0.45140689941267,-8.33476258691073,-2.02514468652193,-10.1963336944105,-17.2709851692259,-7.07909577930568,1.51769533116994,1.65747618417276,-3.47409650326971,1.76544551266317,1.70125678162665,0.381586805077026,-1.41341748729956,-1.0230778939005,-2.63476129227348,-0.463930546269812,1.0,1.0
80080.0,1.02354087489196,-1.76967749081613,0.204794297722974,-1.33991974714938,-1.63831981683801,-0.406556947489686,-0.744303464023523,-0.105827375184124,-2.09225917223142,1.47756237706228,0.992229286433215,-0.278078401157159,0.441700885979196,-0.0580252205705528,0.0379447443003834,0.0655072175982303,0.10748465946229,0.426146786989037,0.179327902698589,0.181446659288407,-0.278319700148827,-1.05255982891933,-0.0521223128610349,-0.0615206107010192,0.0403386838974949,-0.502927100352855,-0.0150916220626125,0.0565494351074432,255.0,0.0
36170.0,-5.68501341827133,5.77651621042963,-7.06497672861513,5.90271545151069,-4.71556383098609,-1.75563332378958,-6.95867914257843,3.87779518702774,-5.54152882782373,-7.50211219093686,3.67670318691664,-7.64298306727846,1.68986512270453,-8.29965953059956,0.646996364810759,-6.79279505972775,-12.075932061394,-4.88217964265137,2.62662452479163,0.299488632233821,1.12864107441301,-0.962959729230981,-0.110045083655872,-0.177733240766768,-0.0891754157062679,-0.049446723229275,0.303444581632884,0.219380438614266,111.7,1.0
102619.0,-2.48836288474016,4.35901910783724,-7.77640985018266,5.36402677044258,-1.82387723220959,-2.44514013600669,-4.96422092061784,1.48489015991725,-2.94789885841072,-7.17534972178322,7.34365210856032,-10.178995535122,2.14215063066493,-8.98305216762269,-0.473746033414928,-8.14334226244301,-9.78567719982127,-3.08651950539248,3.37971333584943,0.792274684105994,1.32567239039937,1.02122620503862,-0.266476205063069,-0.370880444896658,0.365535186093547,0.081372023747405,0.184983040876449,-0.211582455539506,1.0,1.0
42985.0,-4.07597468486268,0.963031254092613,-5.07607019842086,4.9559633578155,-0.161436852450419,-2.83266299767191,-7.619765445461,1.61889544068454,-2.99209215744034,-7.14219911358407,6.27866584548672,-9.40706094796316,-1.81887396082411,-10.7395718907673,0.224206083734093,-8.42708279627514,-13.5021528919623,-4.71296758855481,2.6304759946371,0.0588612515023862,1.03073825203134,0.165327776328984,-1.01750231442165,-0.477983380813876,-0.304986825039416,-0.106089275128594,1.89971434181658,0.51146170682063,1.0,1.0
64282.0,1.15617623274189,-0.319928300868606,0.795544419013364,0.469805085066118,-0.838118023105562,-0.0328391229383997,-0.695443753759465,0.261599693379191,0.876403147915669,-0.0865394427887426,-0.841535841781829,-1.09923088928571,-2.13425367311124,0.458921209964259,1.9439205914331,0.584812690892997,-0.288002789457294,-0.033382118396469,-0.587510553373912,-0.203023427390043,-0.013131610691808,-0.152065043782179,0.0555217924942303,-0.313683032517036,0.0376045514096598,0.448817316186926,-0.0105981832981006,0.0184646842893927,29.39,0.0
54846.0,-2.98646550822273,-8.91229481688474E-4,0.605886830263541,0.338337780759695,0.685448451171472,-1.58195443740193,0.504206377175919,-0.233402618007887,0.636767742518801,1.01029102209398,0.00451796796642434,0.0443966388940644,0.420853062352676,-0.931614224984722,1.14797368277192,0.48306309357216,-0.152470829644753,-0.285666258848129,0.0725498490088206,-0.764274258309323,-0.875146363670133,-0.509848660993286,1.31391790371009,0.355064731381086,0.448551563224067,0.193489780350156,1.21458768687535,-0.0139228973515758,1.79,1.0
12093.0,-4.69679522444504,2.69386747884008,-4.47513271259153,5.4676845487781,-1.55675807549758,-1.54942028904253,-4.10421487278526,0.553934075416293,-1.49846813107494,-4.59495176285009,5.27550585077254,-11.3490285500915,0.374549235103921,-8.13869488434773,0.548570894168134,-6.65359434741365,-10.2467554066001,-4.19106626655491,0.991486122257293,-0.158970548660611,0.573898081112651,-0.0801627753981571,0.318407817148194,-0.245862202650853,0.338238431564141,0.0322706213908033,-1.50845793363219,0.608074682590101,0.0,1.0
38862.0,-1.08425402487884,-1.04938153529696,1.1981848267979,-1.47094896256235,-0.390884122959923,-1.08151593698142,1.22715741981616,-0.484675365670475,-1.40782608056718,0.0180023933164355,-0.654321425987658,-0.432376946066598,0.443815613739908,-0.198504041288477,0.13046447966928,-1.18288715326726,-0.4537029004396,1.01405366271473,-1.49972545663158,0.271841986213737,-0.136337571846627,-0.41536496785375,0.561580916044917,0.388004283080413,-0.164796586610907,0.793912081167068,-0.247858457362565,-0.0812117668235865,263.0,0.0
12093.0,-4.69679522444504,2.69386747884008,-4.47513271259153,5.4676845487781,-1.55675807549758,-1.54942028904253,-4.10421487278526,0.553934075416293,-1.49846813107494,-4.59495176285009,5.27550585077254,-11.3490285500915,0.374549235103921,-8.13869488434773,0.548570894168134,-6.65359434741365,-10.2467554066001,-4.19106626655491,0.991486122257293,-0.158970548660611,0.573898081112651,-0.0801627753981571,0.318407817148194,-0.245862202650853,0.338238431564141,0.0322706213908033,-1.50845793363219,0.608074682590101,0.0,1.0
82078.0,-3.43851084108611,-1.28982762611762,0.354072932083695,2.55097773535829,0.268082210227095,0.0366705512819821,1.57109109455614,0.126314891674701,-1.72248265171723,0.313503212774917,1.44598500069851,0.674143676417791,0.420081367115406,0.550957156197193,-0.167316503360106,0.622988376237115,-0.438636875715314,-0.277501921422843,-0.616455656001002,-1.46068959603606,-0.302564921585973,0.610868078735017,2.06230277581394,0.231359187338323,0.633727153662831,0.0807400677382671,0.482517525962841,-0.530438755534051,332.92,0.0
96291.0,-3.55217282034342,5.42646054559111,-3.73181031980956,6.67906180701896,-2.18754337884152,2.43394023761172,-8.74811035885579,-12.1082840970182,-2.8563585144669,-5.66586179854092,2.54083553206878,-6.14705358343033,1.79689064160126,-4.32898899462283,-0.150037374792615,-1.83900466547168,-3.35463814070962,-0.282307261175205,0.148592393859995,3.79266672675409,-5.68899027177143,2.51097955615894,0.953932861684676,-0.542506228224687,-0.620152015985956,0.406012866709306,0.0230251633862463,0.164740605977244,33.59,1.0
25198.0,-15.9036352020113,10.3939171427504,-19.1336024646827,6.18596883540498,-12.5380209157442,-4.02703044708406,-13.8978265981985,10.6622517826007,-2.84495398482036,-9.66878891236125,7.39441941053863,-11.6356300484755,1.42327692545531,-8.64045910049478,-0.674719538892936,-7.69556878829619,-13.6841395944616,-4.77740603940726,1.26834277321029,1.50156541071894,1.57754822493456,-1.28013712313136,-0.601294526869194,0.0404039214626868,0.99550197117886,-0.273742711729157,1.688135896398,0.527830799573719,99.99,1.0
53031.0,0.206075454303215,1.38735982061524,-1.045286987034,4.22868619369076,-1.64754917421782,-0.180896946218666,-2.94367757476862,0.859155533266087,-1.18174300683428,-3.09650359868717,3.20091235546057,-2.45083242908802,0.316619878616412,-6.39717031528651,-2.12972836543767,-2.42737307534442,-4.44847225233098,-1.21222044988735,0.0346554556282822,0.351484399563241,0.46919942584802,0.344930464195865,-0.203799378001586,0.376640378487856,0.715485489514387,0.226002880910544,0.628544616302757,0.319917987612491,0.76,1.0
70071.0,-0.440095203221886,1.13723897606434,-3.22707975693117,3.24229293383089,-2.03399815309639,-1.61841464754635,-3.02801259904704,0.764554819893569,-1.8019372093973,-4.7117686842189,4.66325458481107,-5.17173460782892,-1.62407024790733,-6.71387819491558,0.607986267670607,-3.27520749888835,-6.8238312134789,-1.35530868624906,0.291250739005026,0.895840844006848,0.764186724577691,-0.275577693085964,-0.343571526478397,0.233084829252444,0.606433640125543,-0.315433462199896,0.768290751269875,0.459623327730251,227.3,1.0
53988.0,-2.33856888278364,-2.59536920509816,2.49515559077055,-1.23211090742583,1.40221419382055,-0.0212471459968212,-0.806377379713282,-0.489728080942014,0.657856500543412,1.52969627178398,1.49342792293918,-0.0695604049133528,-0.556184749051052,-1.75241265347004,-1.17504625662737,0.26845197682234,0.271336941942984,-2.04694824210587,0.0573009067213473,-0.542219923514007,-0.295659168073246,0.785604594209608,-0.546893591898935,-0.19621759149467,-0.586726548355197,-0.508956220236458,-0.359972047507825,-0.293901566517643,126.6,0.0
63578.0,-0.639191253440691,-0.0855947885921835,1.26545195854416,1.40116573166082,-0.260542078671007,1.00979457835355,1.30199897093176,-0.135257522932592,-0.431520921685507,-0.0913533730643921,-0.921051995675577,-0.61381552858098,0.198913055533638,0.0160870050482155,2.20626377523102,-0.527140627794259,-0.0572786796405291,0.448655661077036,1.16443546519237,0.861306751100051,0.340330752683629,0.76016976216338,0.353376975218638,-0.778892742566353,-0.0706811598435952,-0.0333546437243291,-0.0619624216383359,-0.0626865318467909,290.18,1.0
39840.0,-4.14741576364791,2.89685789421944,-0.423715636827078,0.0155266695704546,-2.71089036598549,0.426880630035772,-2.73462358846114,3.47596687192062,-0.241208108579258,-0.951845009106476,-0.454341436677116,1.06212425292263,-1.19131871345645,1.90336121489814,-0.406006907640752,0.85409190543825,1.02020465021571,0.483417886152511,0.160718058991664,-0.536679610453734,0.260102056357182,-0.0901682470542433,0.121996681469899,-0.320711682333068,0.332129520172015,0.376613440477008,-0.91185101777284,-0.21826841596358,6.49,0.0
28726.0,-29.8763655139763,16.4345245512223,-30.5586968214292,6.50586178736296,-21.6656542956569,-4.94035632949796,-20.0813910746494,19.5877726234404,-3.59149104711596,-7.80059820772759,3.94783971729026,-5.4879114860488,1.36994034924206,-4.82955244300835,-0.134412095441135,-5.12116240451142,-11.1181904509172,-4.65995586983801,0.608930080519071,1.72477883837961,1.81295397464878,-2.23225158753151,-1.41280344282556,0.178731069561437,2.15604185816706,-0.20938462411377,1.25564890085966,0.364530452975509,99.99,1.0
63737.0,-0.591174925135048,-0.464898142494039,0.795783016244504,-0.90351315438065,-0.361309455511731,1.757887553384,-1.27229550683479,-2.25152365882763,0.355939102286494,-1.54848668291356,-0.106291153080688,1.59947749014149,0.768936168368034,-0.196822587898991,-1.36595874750413,0.691140899088342,-0.572966089420244,-0.284708746228282,-0.291227384123804,1.05174038689439,-1.39060347019355,-0.300546372310081,-0.370142983210757,-1.25466529042443,0.908756769876279,0.949520155604243,-0.116872065801116,0.121778159557108,236.6,0.0
102318.0,-1.02063166582361,1.49695912243222,-4.49093711758335,1.83672705849852,0.627318467501556,-2.73556861001066,-1.54627364241291,0.459821576439238,-0.68274140597399,-4.36310219273296,4.28702087961434,-5.40376835689762,1.26026230900043,-3.08774290682652,-1.31748806297981,-3.53705628406879,-3.17202752176385,-0.52988508450368,1.01162645030639,0.443488532055906,0.773630966413973,0.86061818130652,-0.304666447555476,-0.155499583027691,0.41216629075428,-0.220079647308722,0.392337584118175,-0.0200894870934853,22.04,1.0
76258.0,-0.265339634482315,-2.27868989354986,0.644338357471145,3.2383824546818,-1.29205336440091,1.60289058329759,-0.0617078320777694,0.451508317487225,0.432335948470221,0.234933948187268,-0.00238379820316688,0.132779654677904,-1.7357165096131,-0.0549177392126942,-1.60094432094091,0.251656821858019,0.0101874743116619,0.182570089553569,-0.715378808363526,1.07384412366999,0.43250000266228,-0.0221261349722039,-0.693642774722771,-0.285125397758217,0.186353675778799,0.130026416085775,-0.0740744021692055,0.126647761686574,677.56,0.0
67352.0,1.11867728389856,-0.831909374191055,0.846731702906202,0.48308193604332,-1.07466410277155,0.6096470426763,-0.977563671759035,0.231463774521251,-0.538530268873683,0.859481424576416,0.00730395369291756,0.416684329930989,0.390867570142958,-0.233127459978437,-0.191801917180009,-0.768593128275303,-0.709128460454144,2.33629353087968,-0.674080040057143,-0.323596721522693,-0.187236628882979,-0.134067372333204,-0.199755469179025,-0.521651659792529,0.440040446616721,-0.216058764281145,0.0714849671521701,0.0376246151754899,96.0,0.0
35866.0,-2.04448868873478,3.36830621710984,-3.93711139061868,5.62311973109633,-3.0792320390481,-1.25347411822809,-5.77887959312275,1.70742815771205,-4.46710312294842,-6.0677981503786,3.83978771072745,-8.27784094846266,1.49391490811495,-8.41668121212274,0.792297928201949,-7.86265882647354,-14.5708366290177,-5.18538553288232,2.41438956859515,1.11202761894884,1.48359421639379,0.834310712862216,-0.148485620188757,0.00166885452328186,-0.0389957310939217,0.389526401954901,1.30023645611458,0.549940374167289,7.61,1.0
52926.0,1.0645573733042,0.340858305113883,0.731556210339967,2.6445237112076,-0.112477149941403,0.053068751123925,0.138273322581001,-0.0766300911240072,-0.471705027655962,0.461044381433771,-0.987026003380576,0.747034666690321,1.26102360421136,-0.363100248116464,-0.755865190661514,0.307985863041687,-0.434369930471856,-0.705833033822362,-0.475633049939114,0.0463574009146009,-0.247879915090013,-0.674937254701894,-0.0407761909127061,0.047672678581047,0.469743411932136,-0.149924295068041,0.00392488082365368,0.0354907486432472,65.64,0.0
93965.0,-11.3977267217611,7.76395304621262,-18.572307456296,6.71185525207739,-10.1742155991554,-4.39591833120843,-15.8937882429266,2.08301258152135,-4.9888371802491,-15.3460988468775,7.09318207259894,-14.9797547574476,-0.148288045224015,-9.93567958156078,-1.16199939019334,-11.6468338293624,-18.3838524599849,-7.40273080415809,1.94169681013401,0.208879130047717,0.339007373241803,1.34292261443867,0.239217367154604,0.534644166424257,-0.174964905765612,-0.500240426616998,-1.72206026726614,-0.574339363297002,11.4,1.0
103808.0,-4.51734375344642,2.50022390414582,-4.01392753708116,1.18945163355882,-2.48686063585833,-1.41347553285281,-4.24570662259591,1.26508694822894,1.16882778968781,-4.51390660472333,3.69471123994721,-6.11044323287235,-0.110521636054475,-4.18455528093394,-0.93103463417672,-1.61471832598223,-3.35318018239636,0.236762036968587,0.0038960221310578,-1.05616226010439,1.32694422202396,0.102998961106284,0.508166904438541,-0.278017536127694,0.139721094971637,0.0646100247346309,-0.972358289293076,0.351359561196795,2.27,1.0
83890.0,1.06985301671494,0.0714749941848109,0.484911755421992,1.34654729375392,-0.249255582516187,0.0172545890452319,-0.0319221904579347,0.135633293409994,0.0777737737849692,0.0471878279269322,1.27488042047231,1.06735636758133,-0.661889019623189,0.361497903395997,-0.762387621059178,-0.564833899508221,0.111698396801905,-0.495437816811157,-0.158691127837306,-0.173676613105316,-0.0296885025063306,0.0507207928661162,-0.0618157645168794,0.221878613514253,0.584473745638711,-0.342959792682618,0.0300842361637018,0.0102625548566911,27.62,0.0
35771.0,-3.21895201068387,2.70853541135777,-3.26304158740062,1.36186594394607,-1.64577567536596,-1.85298187130258,-3.06995821412732,-1.79687585578416,-0.213356097435365,-3.55198400939375,3.77974953895486,-6.98477147722078,-1.14097718858781,-9.37787845231763,0.921463506707037,-4.65207119462111,-9.09423129737693,-3.08254995409724,0.132330776389272,0.571654488206511,1.80787725006384,-0.890421395077162,-0.325814386573867,0.123039596922715,-0.0930137472776971,0.232105969675678,-0.310518998304807,-0.745294626799623,60.6,1.0
53593.0,1.18969636696139,-0.0268337255090641,1.06508945817807,1.21435503758079,-0.6951299617611,0.114396154125197,-0.551942613728547,0.10960387664419,0.886255077686391,-0.209445759454584,-1.22315115173667,0.452706688594984,0.405527881038706,-0.447057591110498,0.1872273902902,0.221650241533271,-0.459221588820541,0.0787715552909636,-0.0110207015840399,-0.0975196763591813,-0.0941689710003659,-0.0498501412472255,-0.0744991849250344,-0.134800306223666,0.495853368854497,-0.376922657231684,0.0734674150775761,0.0335964253155153,9.99,0.0
71920.0,-0.987730996391323,1.2882287108502,1.05551543282893,-0.667014878895445,1.09457992576116,1.07907192347673,0.397622796061319,-1.82702621140065,-0.14378132563077,0.575351218063367,0.652628110731489,0.737330073625269,1.05253564953524,-0.346749975496546,0.437191268870206,0.277264165009665,-1.0118086348896,-0.0247315677751327,0.439257717537936,-0.0565375917177685,1.22297241472802,-1.00237119877653,0.021837610618834,-1.36478203996754,-0.107719228040465,0.0967544763934229,-0.241351702423121,-0.332652355851614,3.59,0.0
85285.0,-7.03030814445441,3.42199090467553,-9.52507177254752,5.27089100906596,-4.02463027558805,-2.86568161775739,-6.98919473439446,3.79155093755913,-4.62273033596451,-8.40966487562735,6.30904400603177,-8.57676143258937,0.246746716929862,-11.5340460181508,-0.3642651387587,-5.45249465771382,-11.8875700201872,-3.56358481007011,0.876018768156628,0.545698040621445,1.10339774484256,-0.541854751589521,0.0369432219896495,-0.355519004066217,0.353634382097,1.04245799282131,1.35951563156376,-0.272188101257294,0.0,1.0
65500.0,1.12410650057982,-0.712001991684117,1.37530016357186,0.691163897540826,-1.40825768152513,0.535891581365221,-1.18012695745172,0.395658900539206,-0.37683187009861,0.804167701659034,0.926709984623412,0.558304590625423,-0.649034148903026,-0.107912917205725,-0.383056110918641,-1.49907883679822,0.144043042975133,1.35891762075163,-1.17274284578043,-0.58661624211744,-0.331399874841614,-0.367992555421095,0.116603330127511,0.155040628452737,0.132417825279988,-0.390634491958603,0.101162144404672,0.032889399234189,27.5,0.0
96717.0,-3.7058559456413,4.10787318567637,-3.80365599543613,1.71031444791959,-3.58246604635748,1.4697289395611,-9.62156012711908,-11.9131046925977,-0.322296771337166,-6.62569249371823,2.17523030559549,-4.38107755793604,2.06329870945929,-0.673818453194249,1.40076321660287,-4.25492662033392,-5.16021301572915,-1.30252591599748,2.59445276115475,3.63960274068724,-5.49877168010629,2.94147540326902,0.916235852911927,-0.25550447969595,-0.18383483865098,-0.584538952417976,-0.315483570351021,-0.0972228121259146,1.0,1.0
40682.0,-0.572954136732452,0.458245881426411,0.239597590908972,-1.56195349253073,2.68806291830668,3.5295007407309,0.386101316501381,0.773473570610461,0.0616701240466451,-0.425875341967141,-0.594523365105178,-0.149708184135855,-0.36862982219484,-0.285347030554428,-0.600321621523469,0.106861235199372,-0.793362789636541,-0.20800446692985,0.0823295987619518,0.22946073939933,-0.290700364845232,-0.627816849509753,-0.206939602558071,1.02190677932925,0.191260521903609,0.219702773949549,0.122007212047274,-0.0629967134534869,15.0,0.0
7891.0,-1.58550536691994,3.26158454822833,-4.13742198305023,2.35709625199132,-1.40504331370135,-1.87943719306477,-3.51368687087654,1.51560674568816,-1.20716636120056,-6.23456133227108,5.45074606689486,-7.33371406736393,1.36119332407831,-6.60806825219469,-0.481069424899829,-2.60247787045261,-4.83511205239717,-0.553026089102902,0.351948943356815,0.315957258937511,0.501543149467536,-0.54686881157389,-0.0765836358993043,-0.425550366841581,0.123644186352002,0.321984539336613,0.264028160503965,0.132816719764592,1.0,1.0
101051.0,-1.46531575579616,-1.09337687781209,-0.0597678482279439,1.06478463530602,11.0950886001596,-5.43097128323669,-9.37802517086658,-0.446456139679101,1.99210961400888,1.78592177154007,1.36858453419511,-1.47169658834377,-0.72475884619705,3.44242199594215,-0.957403224855046,-1.62612941891216,1.41821495932655,-1.41791682839858,-1.65176618071699,-1.4576102135585,1.16062328833533,-1.2596968082996,-15.9816491909559,-0.883669935248733,-3.53671623161143,-0.59296488849027,0.675524833181225,0.424849351792902,0.92,1.0
110542.0,-0.498029625259309,0.852065027926613,2.41005769934002,-0.120611060818586,0.178749337473338,-0.265186318524377,0.541435436013729,-0.26938172555091,1.46265199246899,-1.1545944286128,0.367817206482718,-2.40318352949508,1.99905749518474,1.18745807432192,0.609799794654962,-0.350338415797773,0.334621816094359,0.389374196885938,0.467316363897354,0.0756702879851329,-0.299863900886973,-0.382572693228234,-0.302449043784316,-0.107291280489721,0.26111170355909,-0.725920669244374,-0.0742729289655861,-0.145585460447811,2.12,0.0
53937.0,-2.04260819938332,1.57357807373238,-2.37265243271278,-0.572676430720841,-2.09735276458226,-0.174142123011242,-3.03951978687359,-1.63423295064356,-0.594808638750073,-5.45960189444545,2.37853722491518,-2.33027064686235,-0.24623272486659,-4.05852343611281,-0.316983146603949,-2.52266081131673,-5.60340034818128,-0.778439963776289,0.860211793588662,0.825565985313424,-0.723326195587733,0.501221637302624,-0.696892260580304,-0.600513726439022,0.127547028812739,-0.786072220292301,0.606097322391548,0.171696507911815,261.87,1.0
39020.0,-0.847475830371778,1.21219977382533,0.917069222143008,-0.489009797252457,0.236075784668754,-0.65179656660152,0.402899147058864,0.432343017253402,-0.968591737997959,-0.97973680648761,1.01479548994999,0.988550520844754,0.680726884052866,-0.0254405158352616,-0.339997461910711,0.997788581621062,-0.483677037578138,0.381958951616632,-0.300881266588761,-0.144569223964663,-0.0895130215205339,-0.491024203579516,-0.0187534427114792,-0.0331059904831534,-0.417123661274029,-0.101261605224282,-0.0370045375723083,0.0629645953784175,0.99,0.0
12393.0,-4.06400473842815,3.10093489093256,-1.18849800365476,3.26463274045175,-1.90356235801726,0.3203505872957,-0.954940039087007,-3.27753491983773,2.82082866173719,1.01511287978593,3.18718689736493,-7.00432728360605,0.872710605485111,-6.22060535304292,-0.904444629573358,-3.07509188469837,-5.04473569177435,-1.71808268516882,-0.662462068430895,-0.531897693292296,1.68866543097474,-0.0788446980063478,0.19373092657711,0.479495953884992,-0.50660305739906,-0.409862744197452,-3.03627132936069,-0.630605198840545,179.66,1.0
406.0,-2.3122265423263,1.95199201064158,-1.60985073229769,3.9979055875468,-0.522187864667764,-1.42654531920595,-2.53738730624579,1.39165724829804,-2.77008927719433,-2.77227214465915,3.20203320709635,-2.89990738849473,-0.595221881324605,-4.28925378244217,0.389724120274487,-1.14074717980657,-2.83005567450437,-0.0168224681808257,0.416955705037907,0.126910559061474,0.517232370861764,-0.0350493686052974,-0.465211076182388,0.320198198514526,0.0445191674731724,0.177839798284401,0.261145002567677,-0.143275874698919,0.0,1.0
77468.0,-0.330254811720667,-0.662203614197574,1.3544895346511,-2.36141561788029,-1.1627288658937,-0.541935198176116,0.191495928753859,-0.196646994217247,-2.39694924421468,0.681189450451406,-0.844408653654754,-0.653346387891883,1.63068973913397,-0.734963675835807,-0.0342959302040853,0.0229898161206297,-0.0470100338743165,0.0574995743402804,-0.675191270319505,0.0175609192744675,-0.163529841471939,-0.359143292098592,0.401600447616356,-0.0190421984972062,-0.632456486994724,-0.634736817666459,0.140354687906981,0.18570114130731,143.1,0.0
63741.0,1.04697159561559,-0.811709122332268,1.15751061190668,0.421098634553199,-1.08999913616962,1.00999543552967,-1.15222036957946,0.482043711984736,-0.516783014121449,0.730615107217908,1.18941726930169,0.7224315097076,-0.188750256580901,-0.0256556815228967,0.318569474882509,-1.61337350439521,0.198199804376218,1.04227846190469,-1.5571137913394,-0.512395797782209,-0.251439056100765,-0.213381448565832,0.0929010617798103,-0.335204168268467,0.0656055995327912,-0.374686150827307,0.110430931782707,0.0344394148749217,59.35,0.0
38483.0,1.12670392265813,-0.151893147638275,0.614042954446509,0.887394322506977,-0.756774291963235,-0.653743867401613,-0.0928095926765514,-0.0724562992090025,0.627174072046637,-0.21218421080232,-0.762195699813199,0.137187044443791,-0.691832670386809,0.0290904510973772,-0.0593516127172457,-0.148799892882628,0.0384209226960391,-0.633415970757655,0.209002670283168,-0.0612762224165701,-0.276422749647576,-0.772629366490484,0.0414903952919242,0.386239388091731,0.295769641784485,0.17788103708941,-0.028940029021909,0.0242122623631734,55.95,0.0
109298.0,-1.00061051985933,3.34685000184439,-5.53449117133595,6.83580203854396,-0.299803293657807,0.0959512989990878,-2.44041927394713,1.28630119597073,-2.7664382829404,-4.45800770078481,4.69653339192897,-8.76211333956078,0.985826601093264,-7.32027202211023,-1.06384045772504,-3.37112471078725,-4.25115786762875,-0.43005729986925,1.80401333906519,1.18981379228675,0.439756764345897,-0.694099203587273,0.299660329499667,-0.657600627722995,0.101647558980344,0.430457439169415,0.824685450418745,0.326952273050223,186.13,1.0
102625.0,-4.22122078925031,2.87112058054735,-5.8887158872207,6.89095207502484,-3.40489435037622,-1.15439396843915,-7.73992801001653,2.85136330092288,-2.50756869395709,-5.11072764247853,5.35088988417692,-9.29980722738699,2.79314035729228,-6.10655192524523,-2.10694702580884,-6.25062921491661,-13.5663252216994,-4.19278019670633,0.510570181831806,-0.227881506131312,1.62059124560534,1.56794700869044,-0.578007459600926,-0.0590448081819941,-1.82916881940751,-0.0724287202294822,0.136734308772186,-0.599847542493268,7.59,1.0
25254.0,-17.2751911945397,10.8196653713117,-20.3638859739149,6.04661174671427,-13.4650333517322,-4.16664724489873,-14.4094479851747,11.5807967244857,-4.07385571204177,-9.15336803834587,6.21088301172371,-8.77857203246194,-0.0613674966661798,-9.57466229922106,0.0492885399107771,-7.41848727872681,-14.1027718764864,-5.01642333521081,1.39031436050276,1.54497046707519,1.7298040916597,-1.20809608165502,-0.726839224163999,0.112539673508366,1.11919347248491,-0.233188990129274,1.68406299250578,0.503739738280361,99.99,1.0
93823.0,-3.82193880087939,5.66724730913206,-9.24496345774236,8.24614693395311,-4.36828608664298,-3.45073451820581,-8.42737802930292,2.30560850484611,-5.33807918394682,-12.0111608836062,8.62125508140256,-18.6837146333443,-0.962073428413392,-15.2976561861343,-2.41413212341002,-12.105602245184,-21.3381950868483,-8.04543571561822,0.15601503277122,1.11524688892983,1.99051970513882,0.0833533215963405,-0.0622635530228708,0.390187802079359,0.329883884451897,0.0980170825531413,1.86957016296191,1.00084956292018,75.86,1.0
24480.0,1.4896076610417,-0.836670935912203,-0.386910513991361,-1.40875610151023,-0.577303413464708,-0.481466069002984,-0.546464875316287,-0.358477224440466,-1.23204332134691,1.25339969761685,1.56653741381279,-2.63778411244662,2.80361187875776,1.41778639021066,-1.17683332283278,-0.396167218663479,0.807523317600987,0.705778894599965,0.252479886778998,-0.209064239618473,-0.289041662029566,-0.283105251585743,-0.234133948983643,-0.537702158902337,0.745745284556715,-0.0950926106119453,-0.0386725253918211,-0.0088237952510062,60.0,0.0
51704.0,-2.05526633304761,1.34498248161951,0.289120695473985,-0.411125473823196,0.160630697261344,1.41918644071492,-0.600817637856959,1.61701038123487,-0.266184285031438,0.00883230900266058,1.45095965206171,0.366724664233327,-1.57584320047531,1.20640253426721,1.42291850581664,-0.48633542311689,0.835052169717506,-1.45898083613195,-1.14930110332253,-0.23964372396235,-0.106890144956231,-0.218235316478896,0.386115072603131,-1.41733697320012,-0.359548955503984,0.222667752506693,0.221818758357148,0.0369365690790587,8.99,0.0
73690.0,1.27063753721933,-0.0895347693185786,-0.99069007742938,-0.37530313909502,0.652307235879382,-0.0739080409982655,0.394543178902585,-0.164288235328951,-0.317251441855067,0.054441091195856,-0.0620498235937818,0.352670982230564,0.383280900535931,0.559559819732479,0.178595691946311,0.61050041495825,-1.04349494570141,0.364608886541526,1.03763071532047,0.136944990781064,-0.0674915460376313,-0.344301190947329,-0.372630260699112,-1.29690789050574,0.731021193917721,1.152123458367,-0.131650562433964,-0.0245909925560181,75.0,0.0
28820.0,1.23278705504424,-0.0547546388792988,0.353588969363459,0.0639800786209425,-0.488923816059106,-0.63159328003794,-0.147384788905392,-0.0492804843564933,0.298729005630902,-0.163800661759232,-0.139205522619395,-0.0396032716123358,-0.515626460577204,0.357703701267734,1.37384633450265,0.0200378611391583,-8.25715620297754E-4,-0.850857374837845,-0.354899513536926,-0.128428994280172,-0.068222953702165,-0.184005830158384,0.0658551074164141,0.130521987950622,0.16129757467914,0.978401108177106,-0.0688603547802367,0.00115832287928385,10.0,0.0
73671.0,-0.306401258190284,1.03393042572551,0.819696753389713,-0.325029272275323,0.636693613485776,0.0109838989999852,0.58596876655571,0.15440676120477,-0.55796260886789,-0.340010510626391,0.422651895948514,0.16047185529326,0.119833545533899,-0.278931112157865,0.291913299460861,0.925585977464266,-0.660228882782897,0.753278110943623,0.638648165984777,0.161118476754272,-0.288586062155266,-0.801644449225291,-0.163751025705555,-0.892668682029022,-0.0377507160560504,0.127146481510285,0.238568248820291,0.0762155194362317,5.99,0.0
40859.0,-0.552862977159667,0.376806950717333,1.83512234329059,0.801468174820021,-0.171739024328845,-0.180482027064749,0.407732186740115,0.0702277835188149,-0.255343089893036,-0.48387228529854,-0.156891686596688,0.529564436973226,0.31523009096297,-0.157751539229291,0.366788711174769,-1.07181614084073,0.753372698528236,-1.02404745808525,0.882655320568183,0.230250322736498,-0.0833911226781582,-0.166557351241837,0.211612854419347,0.434434883014811,-0.575261610332254,0.364370289931411,0.116509267253673,0.151543667428049,60.0,0.0
50517.0,-0.771287510660835,0.53605979713343,2.62263912528586,0.357532132144267,-0.448747334962295,0.0270293384787812,0.104770573834506,0.353075755989492,0.0830796316978236,-0.644222321877001,0.70060586004388,0.510220730880388,-0.964184938824109,-0.135176940501232,-1.10750953204141,0.421135219688262,-0.622457490026027,0.562111286852116,-0.524788827873372,-0.149813918403745,0.093740615040112,0.28318122580273,-0.128892478283631,0.511014246290992,-0.0861696087906133,-0.571546572587464,0.130298787568936,0.12082036481663,19.22,0.0
49044.0,-0.578747291553436,0.0451450995668017,1.60192561078275,-1.91181361102139,-0.384479391217828,-0.411867211196267,0.456096637681717,-0.0208685395645264,-1.74376126687926,-0.00979456348860494,1.11316971446681,0.182027892285819,0.899691006754386,-0.276688047604764,-0.607736937405048,1.65669218167885,-0.46015252138432,-0.954016666195945,0.456437639638939,0.304950272391634,0.0838075555247675,-0.101046163502578,0.0746464129743858,-0.0270138720416095,-0.120209271695873,-0.646655263798448,0.0572691194977178,0.10885352406639,84.0,0.0
26414.0,-1.50435084526358,1.49750841306068,0.789624842826823,-1.41416053382538,-0.231468249976471,-0.815109373889607,0.351434786547772,0.417662551065822,0.0956201253612547,-0.241793119278167,-0.31562418423468,0.339911071901876,0.254922615679459,0.175742248020177,0.603936083227834,0.21291942426524,-0.211198647947594,-0.906376624475707,-1.0724119134306,0.137228456246741,-0.0225874956914576,-0.0139896211823378,0.00853302287759708,0.127223447632679,-0.231981049040937,0.790171006155942,0.217715642635805,0.234686061738546,0.77,0.0
63006.0,1.41410058583096,-0.409699287323968,-0.225803480146928,-0.853326116184159,-0.433098440774992,-0.517508161764977,-0.245019594709979,-0.168916863559366,-1.31138622884116,0.864474182690862,0.644945312499746,0.466481596725057,0.601722646274514,0.333985715877813,0.0202681738117206,-1.07776384973741,-0.465392585878348,1.40183746306074,-0.124809467376015,-0.420420989609592,-0.431613894855742,-0.786789336141068,-0.0545818168796335,-0.309725480948525,0.38673330759755,1.03382892088356,-0.0795998206200427,-0.0144729468344755,12.5,0.0
84204.0,-0.937843305478391,3.46288948991687,-6.44510395393435,4.9321986662268,-2.23398306982245,-2.29156112129773,-5.69559392853253,1.33882463362261,-4.32237655329329,-8.0991193981365,7.18296700883659,-9.44594338249901,-0.314619967520224,-12.9914655817567,-0.136358931959623,-6.36752437517144,-12.7343938853776,-3.84512965889743,1.00766725992114,1.12953228130351,1.06655024941577,-0.521657289347299,-0.319917292909547,-0.405859088093617,0.906802159957716,1.16578389011737,1.37449533233535,0.729889341911333,0.0,1.0
39875.0,-1.32319112286997,0.982431653976822,0.374112341482391,-0.995615661012926,2.20046788497351,4.50360531158063,-0.762406600988741,-1.53140713850979,0.542336752203017,-0.226033442237734,-0.790510766140798,0.0236900540677152,-0.329605710597618,-0.424163451872948,-0.397776643910612,0.299049952796952,-0.847417161508364,0.554091932816556,-0.389191185709545,-0.559668622566358,2.36699082193077,-0.337376405147348,-0.0682633303313892,0.984387527978506,0.240476146085288,-0.398960498141981,0.00696158444023524,-0.0846425889674183,29.99,0.0
65498.0,-0.895553607535822,0.994460109466209,2.36855997240737,1.45388325819177,-0.33065498430459,0.78775402632186,-1.15465003226416,-2.57501659893358,-0.13674812343953,-0.627696276957282,-0.205013596571556,1.03264568504861,0.786446603969667,-0.344766859166877,0.501272968884797,-0.726462018516603,0.475520102130658,-0.451059143825762,0.210896996282228,0.721858478495822,-1.20250803816076,1.05541229928627,0.0335563442124242,0.423308874314579,-0.656479437618072,-0.36886056262971,0.0802842022341577,-0.0214599910003992,2.8,0.0
44911.0,1.3851512671568,-0.634946645429035,0.281484445428462,-0.633100973278197,-0.746792468632361,-0.250991485449226,-0.563890847330627,-0.131325892844848,-0.447827847136598,0.438409291187927,-1.18772122256048,-0.149996208281435,1.03395914720738,-0.722465393084667,-0.44341790738738,0.882306969943065,0.294559466914839,-1.60317600156256,1.24217188681397,0.189149513533408,-0.115255928543456,-0.277550370641519,-0.109432877999025,-0.419647771605461,0.569132571540003,-0.286514072245466,0.0195772608044373,0.0159714421142989,40.0,0.0
91407.0,-3.95120850670532,2.88180518239049,-6.42149029451106,2.43418142416554,-1.32732453838007,-2.12210598673342,-3.2275333300383,-0.68556047558208,0.775985124963588,-4.72309174576035,4.921657447038,-8.75277008726404,1.52019774197935,-8.5520227319441,0.351975957711389,-4.5340297530839,-6.46540863418339,-1.89030997911689,0.174840185624481,-0.669351428982036,1.41047856462921,0.279402820830601,0.570821171370176,0.65627101478476,-0.298600548903483,-0.407571358894306,-1.37870253026193,1.37913029153249,52.69,1.0
91075.0,-1.85506070184998,1.55496360697718,-1.40580882850107,0.669327345741316,-0.280229520106465,1.17865246733203,-3.45997906611492,-2.81515495312599,1.24222876512242,-4.15635447965382,2.20944075185923,-5.12231410931103,0.66129710617156,-3.10393771952109,-2.41086973192388,-2.42501563217886,-3.96062268909989,-0.125017788038036,0.60039728842723,0.536916458029193,-0.0953083066630984,0.94662891847112,-0.297402959067305,-0.368343891207103,0.198731156287359,-0.0785905919566464,0.366709355889324,0.0737667168278096,38.76,1.0
61065.0,-0.950693495113431,0.639870742751003,2.12089788015062,-0.161550105453132,-0.0482019634181954,-0.837865891542137,0.924634205940508,-0.09058672322638,-0.318097668432637,-1.02185036894196,-0.513177227427455,0.488704401331913,0.234050685221358,-0.278677253976871,-0.858737739286037,-0.245042982754488,-0.0914847477994617,-0.760573804077932,-0.409135148722558,0.0470311143925318,-0.116502714582649,-0.358077418577292,-0.129981617341525,0.752145366772655,0.461211085577707,0.161220941629386,-0.0236111476780113,0.064452287257879,50.82,0.0
82110.0,-0.577547440049431,1.00941446379391,1.47658383138302,-0.302948826617767,0.166615273739479,-0.371711750732416,0.76711003284209,-0.0731801842736577,-0.194699921831016,0.392491494065085,1.00163123464285,0.0899203409337933,-0.689595089394316,0.172148236569117,0.292277351322074,0.422680531982142,-0.840634064976163,0.291313208430099,0.407590653924516,0.27265803378467,-0.28946900069813,-0.592301997725717,-0.0786374784313652,-0.0437146015535908,-0.173213281227395,0.0535247817283534,0.203895232248941,-0.0595973339117684,9.99,0.0
41313.0,-13.8972058704019,6.34428045616839,-14.2816664432471,5.58100899740718,-12.8871331616131,-3.1461763671985,-15.450467216827,9.06028147442157,-5.48612077680694,-14.6764702497464,5.1483517210937,-10.7495919949504,1.58548896754337,-9.79801207658904,0.733276999106463,-12.675268899047,-20.7406637223494,-8.15366802624724,5.2283417900513,-1.02522792390103,3.05808183846397,0.941180290424241,-0.232710298333368,0.763508019302571,0.0754562386388435,-0.453839571774416,-1.50896825698328,-0.686835738780169,9.99,1.0
48719.0,-0.963858529498559,1.03508891638876,0.915081522075986,1.39959241057658,-0.42714699577097,0.271679517648859,0.831046624680219,0.419285148006306,-0.705296790093432,-0.488571508753777,-0.562306537905183,0.930165905644416,1.15375621185262,0.101802245993594,0.0523404064336528,-1.12679083412176,0.717475170396219,-0.737668875125326,0.676354158616943,0.40092214588342,0.101421225841215,0.351259935297755,0.211662695895963,0.114614920125537,0.0317118446413289,-0.229658241908769,0.264559153552896,0.154788727757348,148.14,0.0
109297.0,0.745153216872909,2.80929887414381,-5.82540635746786,5.83556642595055,0.512319881201007,-0.615622343185995,-2.91657564356736,0.776710041712962,-1.87883185000296,-4.54693575081085,4.69879549591235,-8.50778570734412,0.718249309268122,-7.62871014660448,-2.24957848303647,-2.55866861696795,-5.30462366328046,-0.956938449028105,-0.585321852047277,0.40283675391689,0.284840710005163,-0.874383479410998,-0.0839950451669313,-0.651441658316508,0.454593823671078,0.0503758982755266,0.756952562644727,0.383868938615243,0.0,1.0
117017.0,0.492297686024434,0.253952039029383,0.45187982362198,1.08705535300502,-1.00016055537113,0.863940055947336,-0.0426078238841458,0.109618758077699,0.383819337993169,0.560344479892342,0.307303306721222,-0.0721770585727977,-0.652337138949943,0.0746580180781907,1.0402630201783,-0.38605314776395,0.107957178883656,1.11557615281175,2.67402521815732,0.0438172566520537,0.277292138671307,1.03609652456577,-0.0253808197473252,-0.482839002625713,-0.775946814716203,0.983134617310926,-0.161044090378027,-0.103409225711454,115.45,0.0
20451.0,-15.8191787207718,8.7759971528627,-22.8046864614815,11.8648680803607,-9.09236053189517,-2.38689320657655,-16.5603681078199,0.948348594786058,-6.31065843275059,-13.0888909176936,9.81570317447819,-14.0560611837648,0.777191846436601,-13.7610179615936,-0.353635939812489,-7.95744722625995,-11.9629542349435,-4.7805077876172,0.652498045264831,0.992278949261366,-2.35063374523783,1.03636187430048,1.13605073696052,-1.0434137405139,-0.10892334328198,0.657436778462222,2.13642447085514,-1.41194537483904,1.0,1.0
35906.0,-3.51902954497457,4.14086717613266,-3.62820236883577,5.50567203744754,-4.05746250583351,-0.905945282755562,-6.65203112089008,2.63452416520597,-4.67940204045465,-6.54624181523522,3.53820204012168,-8.04228514248667,1.69750938374612,-8.05104890186539,1.07045739646232,-7.39595692479141,-14.3296261567476,-4.86801023649552,2.46384303909831,0.898723234092648,1.58255593340505,0.778710245469243,-0.13570727840987,-0.00427780027496027,0.0327061591060809,0.362014053476722,0.900925137512513,0.554897499272323,9.13,1.0
34687.0,-0.860826892469905,3.13178963278262,-5.05296813449749,5.42094070941518,-2.49414141557203,-1.81128662834635,-5.47911745062699,1.18947198655298,-3.90820579292615,-7.06074618169306,4.72997415443333,-8.62905440849263,1.17879796289388,-11.1820634139742,0.445243112696547,-6.53298227788478,-13.3892507167674,-4.48041256680694,0.432054206519352,1.0857595200589,1.19269353963797,0.09035581053399,-0.341880850908644,-0.215924151333767,1.05303194615504,0.271139003495332,1.37329957704625,0.691195095871691,19.02,1.0
59094.0,-0.384662066193211,-0.230796001088068,1.59175590932744,-0.859714393890765,-0.127406408028159,-1.0080972662319,0.259286317345412,-0.672895441326305,-0.895196978952689,1.11431658602533,-0.276445327922848,-1.27966451767734,-0.136689803694707,-0.633116767727042,0.941865476091308,0.520195867807191,0.288911102172716,-1.00358513781488,1.27651286133426,0.258523919362613,0.338913457289663,1.21946913953365,-0.273106946872882,0.447849549187364,-0.373937461930658,-0.127093905861255,-0.453156808336662,-0.18827438585913,19.8,0.0
45225.0,-0.314348667783018,0.920159123264654,1.36130941397717,0.0720766519763848,0.410361346149501,-0.881699267999976,1.39636596890943,-0.452660757196251,-0.463806298191802,-0.418241173314189,-0.460092857443118,0.226263044614841,0.613364790767848,-0.0889462480803881,0.166927420109549,0.0720352779848312,-0.842879117420375,-0.149588983871105,-0.91478299709627,0.0109371989864504,0.140438691289576,0.547539375108795,-0.125218622817927,0.401964798648666,-0.211477411281017,-0.600069463525112,-0.0184463531254507,-0.0514187780059822,43.95,0.0
85285.0,-6.71340697159693,3.92110415204576,-9.74667821737542,5.14826254938013,-5.15156271985187,-2.09938865681113,-5.93776683170198,3.57877960420447,-4.6849517505833,-8.53775768653457,6.34897930341209,-8.68160893168352,0.251179384774619,-11.6080022570993,-0.351568782034355,-5.36356643348466,-11.9390915052116,-3.58360287020043,0.897402406121681,0.135711322729059,0.954272201927517,-0.45108644858101,0.127214424071711,-0.339449869297565,0.394095513633807,1.07529509891805,1.6499059092424,-0.394905372194808,252.92,1.0
7293.0,-0.561230053868831,-0.414592376175383,0.979971114448399,-0.475226331753313,0.0553142879976607,-0.0944135211210559,-0.373787933844569,0.233067903735411,0.109391683058799,-0.312323573065662,1.92148449874186,-3.89426955082066,-0.475874741328756,0.694500871891625,-0.751523980272611,0.809017617061534,2.31359295306764,-0.256340762840742,1.32374208477338,0.309555846222305,0.0109485504971635,-0.0509034674742136,0.209155135739395,-0.495894835395258,-0.569491278832803,-0.308459970630725,0.111855228659024,0.167599402648464,81.84,0.0
8808.0,-4.61721720415581,1.69569365346656,-3.11437220079491,4.32819855298178,-1.87325699086527,-0.989908135538263,-4.57726462658038,0.4722161584519,0.472016953377646,-5.57602263642415,4.80232276125089,-10.833164469314,0.104303875698575,-9.40542306160986,-0.80747786866047,-7.55234220350747,-9.8025617903912,-4.12062883466552,1.74050729036196,-0.0390459343384186,0.481829697240067,0.146023056445948,0.117038527549065,-0.21756459883966,-0.138776043706563,-0.424452881068275,-1.00204142597227,0.890780287970655,1.1,1.0
25095.0,1.19239598990768,1.33897371069007,-0.678876186687009,3.1236723071222,0.643244863589275,-1.18432299431215,0.397585526006899,-0.253498538261658,0.41113497684127,-0.859862301810301,1.124059382453,-3.76387384832398,0.367975966769142,-0.971757538368114,-0.0138825132357776,1.45757852763076,2.61145033447876,1.2919552295122,-1.56381522671193,-0.185454650142832,-0.377503243008699,-0.889596747960403,-0.0742075893964193,0.0354455164139561,0.550577974200231,-0.0271712789934873,-0.0249206212266212,0.0736053986634045,3.12,1.0
26556.0,-19.1798264145873,11.8179219897853,-21.9191735807843,6.0862356342864,-14.7088447898427,-4.30888760741835,-15.3579518065836,12.8571650181242,-3.99986076978115,-8.9286556608751,5.8492930661792,-8.26164983722413,0.153829148314596,-8.82935922766409,0.00887883882572681,-7.0709530089254,-13.6297209427085,-4.9588298158479,1.27209136353211,1.572949614923,1.74680154191934,-1.35314876613352,-0.762965072731218,0.117027851903743,1.29799375563032,-0.224825057048525,1.62105238966989,0.4846144027264,99.99,1.0
43910.0,1.24650500725137,-0.843568392255178,0.585012279243895,-2.01168356694877,-1.45202229761138,-1.13646594331544,-0.510299940008756,-0.224829415680519,0.0730661513057889,-0.367552815049616,0.648981860936361,1.29573431775587,1.50958389242676,-0.0798899147020109,1.81409216443037,-2.30672952600983,0.438519103634356,0.37199654815128,-0.598512910043227,-0.352404805357519,-0.456447695859895,-0.780671425617003,0.215106511371655,0.60747956207694,0.0467245136847929,-0.279515508887025,0.0567726077861603,0.0406247479123894,53.68,0.0
7740.0,1.02387386852139,2.00148526626613,-4.76975183220974,3.81919458538265,-1.2717542273697,-1.7346624268403,-3.05924503160896,0.889804791975203,0.415382113237262,-3.95581234352737,3.57205481558784,-7.18645159050588,0.147242340802109,-5.24930454889762,1.67833367358535,-2.64147310915178,-1.31205856007348,-0.391716050952505,1.11826355175812,0.204137684042271,0.343282648722251,-0.0541956644068491,0.709653952497143,-0.372215866946976,-2.03206836614816,0.366777602071192,0.395170669257609,0.0202055389458413,1.0,1.0
41481.0,0.952153970339211,-1.03414972157176,0.554264527401225,-1.61715141593968,-0.473464783840735,1.61013956304597,-1.09611264858779,0.763456047218274,1.83368800872629,-1.18525682142951,1.80110242659851,1.11390636330987,-1.17887013645486,0.318641489345344,1.87913750567813,-1.30441747018842,0.822553625760029,-1.13144826309506,-0.403326048832026,-0.15464348885951,0.152103026424615,0.614162045715945,0.0209077172541816,-1.32686536765151,0.00427932763278684,0.102528307464828,0.0949485856818883,0.0051982824757265,60.5,0.0
26961.0,-23.237920244511,13.4873857909274,-25.1887729688701,6.26173255148578,-17.3451881651558,-4.53498915241687,-17.1004924771637,15.3746300252798,-3.84556677176243,-8.51176669710133,5.1385473219039,-7.22001986441493,0.615793286019405,-7.3272215995796,-0.0386320690669864,-6.33151509399145,-12.6888576275064,-4.84738160696153,1.02053587929144,1.63078748322503,1.76970812949114,-1.69197330547661,-1.04567292278161,0.143386499863412,1.61157707182701,-0.221575644736264,1.48123260638065,0.438124804842523,99.99,1.0
68207.0,-13.1926709562391,12.785970638298,-9.90665002092758,3.32033688288942,-4.80117593230105,5.76005855618556,-18.7508891580107,-37.3534426378925,-0.391539743919107,-5.05250236713858,4.40680552357904,-4.61075647740608,-1.90948796970811,-9.07271093398351,-0.226074450896345,-6.21155748212485,-6.24814535335983,-3.14924669470095,0.0515761185277783,-3.49304991519446,27.2028391573154,-8.88701714094871,5.30360690376998,-0.639434802306313,0.263203123457008,-0.108876929971315,1.26956635541013,0.939407362758877,1.0,1.0
75075.0,1.23792856422167,0.720521528354511,-0.348631290264683,1.35084937594871,0.0810971339811304,-1.24287578919064,0.307446293345436,-0.241348697487562,-0.0804045849954928,-0.679590270731902,0.10832195588272,-0.153093224006044,-0.125839254385822,-1.3231567481598,1.09716610270015,0.601015816777475,0.896365434377303,0.602464763384118,-0.623046460391892,-0.102159049429388,-0.068848237798578,-0.12848415386279,-0.123424709397047,0.244744870141276,0.689552974744597,-0.32683881188502,0.0348014978469653,0.0573034800835193,1.0,0.0
70196.0,-6.10471267341584,-5.88740814830153,1.44456132242166,1.011166793729,4.13157238115381,-2.99078710220457,-0.753143584396499,0.132393636782652,-0.30543772139517,-0.246177698036879,0.981758076867068,0.518176381939231,0.147329342225568,0.160204616982488,0.229725259135049,1.00697856040965,-1.16153706790782,0.394611049243777,0.335246571306339,-0.914001211878741,-0.57846943140348,-0.18939511298038,5.00210953473163,-0.128084844363438,1.54628278930541,0.228161519570236,0.607364761443037,-0.507448038540938,5.49,0.0
74275.0,-2.42539317385633,-0.591717691685171,0.594018230818562,-1.79964357130081,1.05331710029713,-1.46283262383229,0.551460267190137,-0.198864853452226,1.01419177890383,-0.730040239041238,0.809676501391117,0.90341774699434,-0.548958395589347,0.156992465280789,-0.483756029991465,-0.601960029775361,-0.575928550945184,0.346375922383849,0.649453359195786,-0.433112994271803,-0.124779767365437,0.340346353923091,-0.546945243789407,0.0596547432909224,0.68644105778749,-0.765100782114435,-0.295187308686183,-0.499130549323308,9.0,0.0
45501.0,1.00199171536791,0.047938380305255,-0.349001552412107,1.49395843665091,0.186938875230095,0.190965634380865,-0.00111210422593577,0.147140194715723,0.580415339651519,-0.792937990748917,-0.984171728067149,-0.567380064895921,-1.10559224967424,-1.38121354248053,0.405490421163411,0.279890165223202,1.1321602098483,0.0929929763441439,-0.298920455435975,0.016003673251105,-0.334417439439,-1.01431467260935,-0.128427315817252,-0.946241837638308,0.456090274720588,-0.453205972393371,0.0466270924243456,0.0646983543716214,105.99,1.0
118120.0,-0.430843479608113,-0.0361521979248069,0.771275873948128,4.9863497077204,1.67620313309467,-0.500629751513442,-0.172337674811403,-0.0492066633795986,-1.94447887113758,1.66852819914312,-0.955126106068275,0.173852530958509,1.70538073152259,-0.0248080209852263,0.271141169038039,-0.416822749533369,0.131629789809521,0.11807456986699,0.933071451356032,0.632371077847605,0.499251423827446,1.22866151739328,0.117049699240215,0.117831670077647,-0.0620412584278474,0.635394448386314,-0.00280354912960494,0.0120775793203643,45.51,0.0
82289.0,-1.46489654758402,1.97552752738073,-1.07714453940265,2.81919063998449,0.069850228405671,-0.789043629709432,-1.19610144945515,0.673654375004339,-1.36372387646135,-2.9328952580311,0.301368829965399,-3.24614143685335,-0.465640147552938,-5.42936187944371,-1.30498291640657,-0.953623442669269,-2.72734300093373,-0.63643691865914,-0.927124072666602,0.048968800272123,0.174099465690177,-0.272505290211891,-0.0315494503920774,-0.406165929676999,0.157768979757404,-0.104392920359594,0.0737955599806211,-0.0415702518454821,1.0,1.0
35942.0,-4.19407367570647,4.38289736244467,-5.11836337307965,4.45522984017686,-4.81262068168969,-1.22464470658392,-7.28132786701771,3.33224979453268,-3.6796585127756,-7.52436833681058,2.95434436554049,-7.09982534281257,1.52036890797685,-7.68780276684597,-0.225002021021292,-8.52085016639749,-13.2772997431934,-5.25370461976771,3.62333181402755,0.579098497681141,1.55047296606276,0.614572855219804,0.0285207917962781,0.0137043244720008,-0.149512012856955,-0.131686656095248,0.473934221832509,0.47375748155095,14.46,1.0
56098.0,-1.22966891678814,1.95609915073809,-0.851197959645561,2.79698655025108,-1.91397684079333,-0.0449344462262948,-1.34073935355915,-0.5555479867039,-1.18446766006311,-3.24510859732028,2.33832327000211,-2.82004218823068,0.763325773164453,-5.41958986916794,0.0414327925041231,-4.18075778829053,-4.2850705920981,-2.53645157282245,0.93023918577297,0.270459255150975,1.20805425987967,0.277611797272191,0.0192658003152734,0.508528831195383,-0.201182897226566,-0.249600419347595,0.562238742839488,0.0753085014191344,170.92,1.0
51255.0,0.977727606659039,-1.1537327815886,-0.17282162678524,-0.401376254548949,-0.871749712436298,-0.552592269640447,-0.0783702283809125,-0.206592822079901,-0.773787667343107,0.442945766560587,-0.281857793836536,-0.439939581953367,-0.0597041410388981,-0.108011278577313,0.0550484440793889,0.263247508983679,0.910906931850316,-2.05989102111027,0.389853871561247,0.43501459090437,0.303849421426522,0.487053330417374,-0.317996310760058,0.147120576491353,0.636479308885015,-0.0578545570142793,-0.0329247482353138,0.0368503359693143,220.0,0.0
111123.0,2.08313505425121,-0.105394942688891,-1.57746285991136,0.145326361285792,0.474510486969323,-0.244039124893504,-0.159473483476583,-0.0918573817624119,2.07793884032676,-0.249702800221449,1.06692946768692,-2.63669825543071,0.00824014801328208,2.40997603273553,-0.305315278176835,0.160104323174215,-0.192594339111989,1.28975094455423,0.143683892308342,-0.348757899820621,0.105914087508699,0.584041647802932,-0.0418602780526173,0.00694198212183057,0.322620340594616,-0.466737492290589,-0.0389290261404739,-0.073342359352265,1.0,0.0
82011.0,-0.326125448901208,1.60426646785577,0.70183025947409,1.73815866904895,0.639051160182577,-0.615573170416374,0.68277024805817,-0.185203235555954,-0.933761881619674,-0.661167532898844,-0.0235917996646628,-0.323586864556197,0.825814082810991,-1.85221229126865,1.80626695496362,0.0959328011822016,1.5096476884874,1.19259675711293,1.16906861260487,0.227553635039522,0.0652019040105816,0.294964546451115,-0.348105934092827,-0.0886349740936604,-0.0133065361497142,-0.0688524958041857,0.0638623346013838,0.175446675839268,1.0,0.0
121333.0,-1.24810085888138,-0.0308741063761112,2.66311592475811,4.44642441492276,-0.956198608282076,5.45648423331177,0.327647385064195,0.794663064276464,-0.249642722839556,1.12163799202429,-0.339062971097531,-0.403580446179134,-0.895715179902845,-1.17436528454401,-0.643371301446997,-0.732670792953047,0.889209009047866,-0.0453493746914609,1.08455223721036,-0.149300797657075,0.0100697947749546,0.997913718912847,-0.400691668495989,-0.882603767835023,-0.100502279213805,0.706607746440844,0.115700255397555,-0.270842363695753,397.05,0.0
85867.0,-3.58696386180132,2.60912703784891,-5.56857720803735,3.63194695349796,-4.54358971050144,-0.15789907530677,-4.08912766842153,2.41730514407718,-3.23990097529344,-5.822449155685,3.36918605153883,-5.69192578583088,0.287371390782189,-5.41378669142638,-0.555549924912204,-5.86366171303999,-11.1432410242579,-3.48093955285599,2.79433340410919,-0.178533964286313,1.02442283357462,0.428756482022381,0.182032121144153,-0.534597882665306,0.16893349468844,-0.149843614233619,0.685517241438814,-0.299728379437129,310.42,1.0
94625.0,1.70785693746472,0.0248807914815549,-0.488140038578959,3.78754815533943,1.13945148482475,2.91467262159314,-0.743357877946301,0.699135879021363,1.0084706473096,0.912806096143303,0.7653541419638,-2.04386838674929,1.00154733873148,1.32288725448265,-2.72007696175136,-0.153429555378718,0.752610596119435,-0.755785824269169,-1.91256263382671,-0.368014254987192,0.0108651916304298,0.548257831746395,0.0912182952145324,-1.00795946020642,-0.0821828177765288,0.179709188704528,0.0077377190320074,-0.0688413102470406,33.76,1.0
118603.0,-6.67721162487866,5.52929920087665,-7.19327456474359,6.08132107951892,-1.63607097105033,0.500609583298219,-4.64077020758754,-4.33983969614375,-0.950036405131991,0.566679814004086,4.3150759158968,-4.93828359985114,-1.10570973729343,-8.49081262174082,1.00362574598099,-1.94912326096651,-3.09301268981888,0.124087074705575,0.886746966076448,-1.11868675540655,5.56330066446813,-1.60827196122017,0.965321595694456,0.16371797930961,0.0475308707267175,0.466164782963216,0.278546743051982,1.47198811731278,105.89,1.0
40239.0,-0.797768265183797,1.30695831311296,0.750665029815231,0.0330805340923594,1.32889406945048,-0.733196764466627,1.01458940030235,-0.0711365344654985,-0.685389894662278,-1.44707843975929,-0.972872586435963,-0.79113050534874,-0.0880925209279963,-1.52199071678075,0.595169672860554,1.02351281735905,0.336475748348508,1.01499730730648,-0.744196335508938,-0.0130905756843778,-0.0672955392311686,-0.276293776617347,-0.53866742647735,-0.73142128575237,0.831011145229756,-0.350863032871359,0.044552720480149,0.0926150542593721,1.0,0.0
25254.0,-17.2751911945397,10.8196653713117,-20.3638859739149,6.04661174671427,-13.4650333517322,-4.16664724489873,-14.4094479851747,11.5807967244857,-4.07385571204177,-9.15336803834587,6.21088301172371,-8.77857203246194,-0.0613674966661798,-9.57466229922106,0.0492885399107771,-7.41848727872681,-14.1027718764864,-5.01642333521081,1.39031436050276,1.54497046707519,1.7298040916597,-1.20809608165502,-0.726839224163999,0.112539673508366,1.11919347248491,-0.233188990129274,1.68406299250578,0.503739738280361,99.99,1.0
61646.0,-1.52230450950001,1.50515204317029,0.372364350808073,2.28686855813503,-0.526518744404641,0.998593092488712,-1.0875560400314,-0.027248402908359,-0.533001251290556,0.169572797878818,2.79039639060721,-2.31695189213093,-0.78253178710191,-3.43173796295146,-0.527701760836688,-3.2935576903327,-3.90149898369755,-2.52544048175208,0.79514422023384,0.412800620721233,0.332216175668172,0.493980864616249,-0.0801982925908616,-0.253327337787628,-0.477799682605952,0.991739677999628,-0.952553959120801,-0.39036399798095,19.04,1.0
40662.0,-4.44684654752268,-0.0147931576652609,-5.12630699550863,6.94512997633611,5.26925534782033,-4.29717716297717,-2.59124168468427,0.342670615268881,-3.88066304488519,-3.97652513857503,5.73008435556377,-5.03186814827248,-1.13543910933334,-10.7870505700202,0.265456230525684,-1.10421746262461,0.636412737308571,0.994101368746143,-0.688720555143152,-0.108006422684084,0.247912823388783,-0.0495861794607239,-0.226016961592253,-0.401235601042542,0.856123603036307,0.661272426708284,0.492559738814261,0.971834350005126,1.0,1.0
17520.0,-5.26805322089363,9.06761342731767,-15.9607281345144,10.2966027898053,-4.70824109122294,-3.39537485177836,-11.1610570028797,5.49996263444947,-5.66737554592835,-11.6271935556579,11.0270590938161,-16.3880541668327,0.363921486512734,-17.230202160711,-0.437487559248993,-10.1223919213552,-13.6392089915234,-4.98645725844229,1.12678437819631,1.45587819528,2.00410994522741,0.191058399384387,0.622927669875126,-1.20926355739155,-0.374798862642666,0.64879803679546,1.58469734677224,0.720055870245492,1.0,1.0
109849.0,2.06282102218301,0.0125002163346194,-1.46870500617266,0.163761988774768,0.568637586375614,-0.222069100618742,-0.0559715991611654,-0.173193921003928,1.80907931991982,-0.307921976437382,1.56555676039173,-1.66168762466756,1.65686683833671,2.09128952454512,-0.455863319521612,-0.0299599058406553,-0.167026772926324,0.935495678533801,-0.00740492656614473,-0.252960429635293,0.142991144277634,0.778730609131403,-0.0331044965677159,0.182683693694412,0.340521450534162,-0.478414398562105,-0.0245104258043533,-0.0684601359712886,1.0,0.0
37484.0,0.420176917066541,-1.37829319837894,1.4385224879028,2.01223748352356,-1.43536146541662,1.10554496330549,-0.619310498275302,0.331745623505368,1.54810010557541,-0.606614022773813,-1.10888432349556,1.28987951719571,0.603678516518724,-1.14194367413716,-1.38987458207774,-0.806330202422676,0.559168513878939,-0.697793143424574,-0.291119552648279,0.51001346677362,0.164838042163901,0.319143044311341,-0.361601813725735,0.166411830884684,0.391484512669302,-0.232624184000857,0.0691274131357911,0.0936284718384483,333.75,0.0
406.0,-2.3122265423263,1.95199201064158,-1.60985073229769,3.9979055875468,-0.522187864667764,-1.42654531920595,-2.53738730624579,1.39165724829804,-2.77008927719433,-2.77227214465915,3.20203320709635,-2.89990738849473,-0.595221881324605,-4.28925378244217,0.389724120274487,-1.14074717980657,-2.83005567450437,-0.0168224681808257,0.416955705037907,0.126910559061474,0.517232370861764,-0.0350493686052974,-0.465211076182388,0.320198198514526,0.0445191674731724,0.177839798284401,0.261145002567677,-0.143275874698919,0.0,1.0
38708.0,1.1363236557638,-0.888498998638633,-0.155670276052569,-0.637391907156916,-0.779085730913619,-0.815518033056195,-0.0912190982160396,-0.35283577852278,-1.01723745997681,0.553411567350982,-0.544256189168694,-0.305855857368455,1.16818951558982,-0.238081050360588,0.614557953008308,1.11522443282435,0.0651467647138615,-1.30160537609896,0.646691267244313,0.484183038628622,0.291852129766085,0.443497260396052,-0.334948420372837,-0.0466808835498176,0.665837033788981,-0.106369108493826,-0.0325453019968007,0.0366808730381946,179.7,0.0
77171.0,1.11855963468941,1.29185826269199,-1.29880532614411,2.13577170090141,0.77220369761071,-1.14729144173341,0.390577698285265,-0.107072317539989,-0.0383392686455211,-2.15251889070952,1.35275258963919,0.092848590126307,0.273152694590986,-5.01220235869184,0.303552415334761,0.731437272149243,4.15208557256771,0.985358288437165,-1.22925431837217,-0.0235757902669068,-0.346373779572415,-0.663587986293548,-0.102325808556082,0.0179105750224893,0.650301613577378,-0.332365629546077,0.105948676665863,0.12812372864866,1.0,1.0
1382.0,1.23252030002253,-0.576552595018943,0.650583108319498,-1.75898602827878,-1.34521550122191,-1.27938367592264,-0.381415722027025,-0.22066141661514,2.29659638981616,-1.69743678279842,0.0140009552706604,1.70963784393053,0.911825696703345,-0.363887495022269,0.95765657830316,-1.34882631894794,0.271069803971452,-0.0314353358482952,1.07244378545721,-0.0181522075151226,0.154317471123108,0.847685214284509,-0.19319538259495,0.820843519297546,0.805782037621024,-0.623072812473864,0.10074702412342,0.0340213730080944,22.74,0.0
119792.0,-0.448207828481015,-0.26218559566688,0.531171100833552,-1.72999440646452,0.220515071123914,-1.38440114530624,-0.308987365370699,-0.132601406188796,-0.562897697647036,-0.644620105154153,-0.455593645346158,-0.795867524909721,0.505115892209818,-2.41150626846757,-0.385248100300179,1.89834909354166,1.04193640949557,-0.48444390855175,-0.530212378360543,-0.0867539454657339,0.247622799089286,0.748523277793892,-0.341025131958211,-0.0357703962311435,0.119474424991803,-0.185927583850394,-0.0440496421958305,-0.0537088151063944,19.95,0.0
51994.0,1.09736567395145,-0.725425808576742,0.733783841715459,0.408784809641956,-0.886601175137618,0.603103037074489,-0.809191440706639,0.231315696079859,-0.740697352219325,0.779878912591989,0.757368039278292,0.859352602166245,0.565195174037934,-0.107318893205013,-0.141601725890738,-1.45760105970699,-0.169834046886276,1.54805451969748,-1.08451281849658,-0.39035850751534,-0.138674842733907,0.101420677619064,-0.141843456401923,-0.316434639364399,0.450869611214327,-0.198148914077408,0.0792004514501159,0.0301690707085061,79.0,0.0
21419.0,-17.4677100117887,10.1148157246654,-24.2021422329158,11.8054692105913,-10.1980458075926,-2.5799380080012,-17.6567879964837,2.25690247596699,-6.24214930949065,-12.8306571996417,9.44266526535108,-13.5474858999444,0.960728558325579,-13.0287170264518,-0.426674498701321,-7.65266166506753,-11.4853277896478,-4.72136957553102,0.550519004149565,1.00151850195952,-2.32802441621057,0.940830319350178,1.29681706144136,-1.05510390359967,0.11179202805362,0.679694612203418,2.09354057112569,-1.42549145377361,1.0,1.0
91617.0,-0.141296058016026,1.28070125154698,-0.288982657796884,-0.489238999611721,1.00228419528558,-0.465519180561629,0.775816652326941,-0.033066873764312,1.1124643809341,-0.744908718808768,2.18943892971787,-1.70429886259704,1.84235751057878,0.495281610270885,-1.65672859824929,0.369900603890738,0.921553214240644,0.370746542564832,-0.291115273467228,0.119613521086277,-0.454755198716608,-0.857911463453052,0.134273183555317,0.54441379264268,-0.440912479661816,0.0578643098326428,0.305111351849296,0.128024038200728,2.68,0.0
57903.0,-0.558733104191038,0.904624221587187,1.29816375864639,-0.0724190252980715,0.648280618335665,0.868949885769817,0.386309547467732,0.514949022593593,-0.407172823745392,-0.701830283328514,1.00499486655737,0.296463239086601,-0.210246313449024,-0.249608245587311,1.98134825462629,-0.968466203773499,1.3418373237973,-2.16321218317418,-1.76477679748722,-0.0357716020261936,-0.122173091036292,-0.14976371783035,0.166498556091015,-0.693466158769861,-0.523567132128882,0.18076714285403,0.314554087612032,0.0867626014964946,7.99,0.0
113782.0,1.98571146773026,-0.337444055466308,-0.26712910907927,0.488160690151725,-0.665974249389023,-0.513490628416866,-0.532525203513503,-0.112770064463137,1.32744081639303,-0.194705681924767,-0.947914020958894,0.971860590180686,1.14530310555237,-0.406692533997979,0.374284291105927,0.0683909663514375,-0.608110925884113,0.12039571186204,-0.185273489400967,-0.152619916555199,0.195912891719977,0.874010136738267,0.0889019584670456,-0.0575013776815961,-0.0434362556381652,-0.209436143851702,0.0481331457401518,-0.0355764856160886,9.99,0.0
90257.0,-0.564093716769441,2.28828567564164,-2.22634902916672,2.47177330951918,4.82353876229794,3.51980217450545,1.21385726903879,0.8048378455497,-1.16032259920933,-1.61209290751214,1.5385184850961,-4.04195828135759,0.831397547643306,-2.57195245568084,-1.59790249627321,1.6265614546546,3.59087848834512,1.52586757531754,-2.33420682893526,0.0271044860487096,-0.33392200132631,-0.861546186287305,-0.292012644767376,0.228428170290163,0.329755995390219,0.00458121185686271,0.0930688846297402,0.212710886920754,37.83,0.0
102676.0,-5.55212217135236,5.67813391258695,-9.77552798040134,8.41629539413803,-4.40984381923171,-1.50623535484733,-6.89983879692634,3.75044289681131,-3.8797925578861,-6.86416435989436,7.05106508958574,-10.1375291936462,2.81543981456255,-9.90916805374299,-0.262229551498562,-5.02255717747726,-8.52297487191683,-2.01293906157489,1.52573244095261,-0.0647801372282915,1.12847223060537,0.228484046768752,0.286257667302864,-0.536294098099933,-0.104924889157331,0.420919229293903,-0.297556884880609,-0.946184387308798,119.74,1.0
41353.0,-15.0209806030789,8.07523975163174,-16.2980905380446,5.66482005292134,-11.9181533731348,-4.24695712395156,-14.7166675516611,9.43508432139337,-6.7953981269244,-15.1241628144947,6.03766622940467,-11.6767222367813,1.32697878633103,-12.3816058947985,-0.0716392778020956,-9.48414337021449,-19.6718814509262,-7.64327282087749,1.16906441801605,-0.995786857833133,2.52511546344786,-0.832074336953531,-0.186116823393738,0.429780833741005,0.697102812320081,0.0560310740941657,-1.31088762047629,-0.707402991270252,34.12,1.0
76575.0,-5.62246941906299,3.48062317879011,-6.20067659397487,4.31123366835313,-5.22628632428769,-1.34176357284987,-5.22094094197327,2.68284353707778,-2.92148438224053,-6.56125741097377,3.21126387844398,-6.86166051434144,0.326461834627394,-7.7552536640417,0.50465219263742,-6.27661678567251,-10.6117146970978,-4.14677374512684,2.19728771323892,-0.156288522686099,0.949568986169808,-0.428985749759671,-0.35067550041691,0.197549503550848,0.15923422951036,-0.377790861014248,-0.213561786254573,0.459528918054306,219.8,1.0
53451.0,0.385108461103674,1.2176203228402,-1.95387216540948,2.08707599095328,-1.14422540643716,-0.57688799482478,-2.58286504391682,0.643229999334504,-1.19123269237613,-3.09509360697848,2.82114488798301,-3.1005456578695,0.146199374342408,-4.51012391529804,0.574490022660784,-2.12346278453199,-6.05331938825344,-0.70637615273475,0.572791028207014,0.380545212283106,0.594623132460925,0.372143665842342,-0.310455791389476,-0.624065148802846,0.840216130296559,-0.159451766672991,0.599482364663208,0.288915549852885,8.0,1.0
9841.0,0.972008712722888,0.576298937435755,0.945969897695455,2.53569041463413,0.578889212989139,1.38416903512095,-0.238470962605213,0.351593003183768,0.385691321236512,0.0831377034435122,1.85169094743056,-1.64203373906779,2.3633370306479,1.70120493244171,0.80008703940474,-0.652704107156256,1.35975599405084,-2.34717199599602,-2.80537521128848,-0.283337277464829,-0.247098743586912,-0.362927881995175,0.312218553304797,-0.721228112493145,-0.106914086151533,-0.199556275462796,0.0429253070850742,0.0132895215309799,6.87,0.0
32049.0,-1.4491906488467,1.70898710749923,0.931009744097464,-0.114634384917205,1.02977024210441,-0.656839951077519,1.21048414142816,-0.354036919996032,-0.421802712864985,-0.334710851638732,1.49327429200189,0.152958894537451,-0.0412673871421285,-1.77338853650807,-0.107791625874798,0.878249368362012,0.155181613575021,1.18808177076824,-0.712940760042005,0.0607483208553111,-0.00706369881221111,-0.00944349193691857,-0.467294052835227,-0.141342560240757,0.710787789387657,-0.484321374584301,-0.576248752842971,-0.0166603626907513,1.0,0.0
84204.0,-1.92745281973369,1.82762056700016,-7.01949468454197,5.34830323951426,-2.73918788004738,-2.10721929638307,-5.01584797563431,1.20586815982046,-4.38271250852199,-8.33770697381781,7.19030608944843,-9.42484446049178,-0.223292646427513,-12.8754942229841,-0.071918160688794,-6.2999613976222,-12.719207160428,-3.74017615583058,0.844059610296466,2.17270905626492,1.37693832294098,-0.792016725563067,-0.771414187530036,-0.379574271539528,0.718716522008066,1.11115125599517,1.27770725705846,0.819081152045361,512.25,1.0
6425.0,-1.10525580211798,0.780094201414571,1.7443605771185,0.529521242159675,0.579650694856364,-0.48422186114417,1.34934063377279,-0.799621785093582,1.63598407152224,-0.241666777033932,0.118599329998877,-2.52951031156161,1.43977072833417,0.750163538878005,-1.61863552368775,-0.478564188022715,0.190281499671021,-0.234366205610269,-0.687435627035214,-0.242649181240991,-0.260561433262555,-0.0951634453778115,-0.288031406439527,0.284931347773552,0.0696714595771773,-0.669268146188672,-0.824502078474418,-0.116238011968369,59.9,0.0
65358.0,1.1939160689293,-0.571085006532232,0.742522413618004,-0.0145876823031251,-0.624560898094263,0.832161659907577,-0.833350424512102,0.272896998506182,1.16942539891152,-0.371671945168217,-0.245676823310174,1.37594135044076,0.870456831276252,-0.819319364809584,-1.55090356200859,0.125852995600752,-0.397245548944671,0.272377065433488,1.22602219788409,0.062908129152134,-0.0495024276847497,0.207265101065706,-0.265271877292053,-0.67929377017329,0.511811527633814,1.24660443744052,-0.0286711040907993,-0.00611200759772271,31.91,1.0
114536.0,-0.719593225594087,1.17437674264649,0.905864534592579,0.560141345904701,0.956706614791767,-0.0919526660880126,1.15390199293696,-0.668774220856921,-0.0568714173803224,0.858905143768269,-0.368140042960877,-0.0731905051682974,1.04956321242391,-0.238225108878929,2.32727388546857,-1.5896688388881,0.153700095195345,0.4649471797479,2.71119070826106,0.596317235075536,0.0837373508547997,1.05263185836279,-0.473125235724487,0.658254575459127,0.918460248965766,0.0790245819633047,-0.055397730541776,-0.293287019530271,1.0,0.0
48380.0,-2.79077103894771,-1.46426898705405,1.03116500769674,1.9213560843992,-0.0900138203463016,-0.483871347899329,0.780731181206493,-0.348775795673106,0.609133451935087,0.225933803313285,-1.06453419450651,-0.787372737955552,-1.57646958451914,-0.126756361711439,0.367012281940972,-0.635321654596588,0.327006411459276,0.0438160872305435,1.40357376229763,-1.37672077946455,-0.392667221970544,0.440019838749267,0.777659196131864,0.418551935584405,0.244563185949918,-0.159360689127314,0.0605395343366452,0.356958362771354,208.58,1.0
26523.0,-18.474867903441,11.5863805198184,-21.4029168131391,6.03851541556808,-14.4511581398683,-4.14652350569915,-14.856123673178,12.4311404723263,-4.05335328722588,-9.04039624894471,5.96620250720685,-8.46396612952571,0.0786921317878341,-9.09253265181295,0.0108220973904713,-7.1863755078292,-13.7974745003699,-4.95849390971089,1.32116655982617,1.5779244011474,1.74113559593371,-1.25113794883836,-0.396219126116475,0.0957055555718895,1.32275094272025,-0.217954564863573,1.62879253147016,0.482248274865402,99.99,1.0
12095.0,-4.72771265581559,3.04446910225824,-5.59835426695611,5.92819080241929,-2.19076972938784,-1.52932296564747,-4.48742195988547,0.916391814103266,-1.3070104231933,-4.13889121357616,5.14940878300581,-11.1240186070579,0.543067765541171,-7.84094220494304,0.743633944785042,-6.77706923974191,-9.93176515376766,-4.09302112201074,1.50492485905709,-0.207759445103882,0.650988236282379,0.254983288954681,0.628843468802127,-0.23812845429317,-0.671332331960485,-0.0335900627800998,-1.33177732223058,0.705697590023144,30.39,1.0
79251.0,1.18343883906621,-0.502982456740457,0.752337444886181,-0.961820934765852,-0.86259237278403,0.142626824514641,-0.803964365815312,0.310027253646298,1.67780685172434,-0.93574017517545,1.07822811977128,1.06482502425927,-0.730724794418599,0.184366074023621,0.918153309923356,-0.412631916331043,-0.199880389802892,0.420140987804857,0.615240467146782,-0.176962945366293,0.0380038938370829,0.328054565737358,-0.0514707289021733,-0.301822148990286,0.419332122143703,-0.651822460661552,0.101681502280243,0.0169956230867595,1.0,0.0
74475.0,-1.93552902265003,-1.78616800574652,2.44394423832026,1.77961712720887,1.68563916275188,-0.764621182644068,-1.76611160843038,0.611555237221761,0.0962883309508801,-0.014864080278949,1.22364052960625,1.29992788818171,0.253771809369522,-0.0913639991200246,0.0348876662085759,-0.635013524869863,0.231634267664712,0.254019752958464,0.760016269501553,0.629386263725507,0.357115411808917,0.590583325614246,0.438891857711543,0.227769137580103,-0.624057659529634,-0.374542971105067,0.177917245466367,0.223512805723595,9.99,0.0
59840.0,-3.21538175967748,-0.364223121381638,-1.26188334354906,3.79494903930385,0.71120593031272,-1.31647560298004,-5.16514055601052,0.625278383544947,-1.582300584728,-3.25263359468289,5.04075120270381,-5.31444220386187,-0.656470662006063,-6.23304367078495,0.974771279276835,-6.8903177453801,-9.51641148491956,-4.36412771489086,2.59857755637223,0.0196261688931224,0.40134124079647,0.152191258747201,-0.93467547449829,-0.256148382367333,-0.469403308828214,-0.282495914081921,0.86607691066145,-0.433465943783225,5.91,1.0
49841.0,-0.215182170517641,1.04008109637101,1.12048757934134,0.28039080964204,0.785018447844778,-0.319803655849027,1.11564077866342,-0.422970726517912,-0.456175927362488,-0.117766142763124,-1.01146907220821,0.0984973693550725,1.14439396168334,-0.238936999752383,0.684853415366065,0.0617341758742376,-0.893392007244632,0.116679941685221,0.0820745915944993,0.0515481378763618,0.0203895741756617,0.26244155587252,-0.35467716727554,-0.434225390753109,0.34940189087774,-0.363239444536807,-0.245959657543519,-0.213053264465341,9.99,0.0
17230.0,-0.469326705102944,1.11145278248281,2.04100272504592,1.73159516277684,0.135146841769907,-0.0936251754891053,0.266155169970928,0.0829882363836626,0.58025540346041,-0.164562674892883,0.500376369958899,-3.0217601822032,0.924213260310925,1.50079377517002,-0.400282644242405,0.706047712602575,0.115114264650572,-0.0467958788933584,-2.54852159198286,-0.358708665630957,0.159387389394564,0.592669568808717,-0.0535961838321624,0.320747502076217,-0.36912075429213,-0.136604684929151,-0.100845186803931,0.03934714768212,3.93,1.0
31176.0,1.23707622250964,0.240535565512573,0.64479930231598,0.700347902135904,-0.662808827245271,-1.18628934412314,0.0515649578619742,-0.212036472981664,0.061379262254745,-0.058673002996116,0.0329557904470229,0.341096377893585,0.00189980647049323,0.309848300647063,1.03601682746137,0.219443978880263,-0.289520969323223,-0.617616292208852,-0.240421261130027,-0.120262977227517,-0.238888812513463,-0.705161946694314,0.1799655973084,0.699409315036038,0.165165736496551,0.0751826828422559,-0.0303007462555408,0.0217844701634724,1.79,0.0
67909.0,1.35598762973945,-1.09398658901799,1.1911935470058,-0.566617803908985,-1.32812573416441,1.1110168673208,-1.67220856687615,0.4306290787232,0.501232021408984,0.427430827423323,-0.471335394918341,0.316750016150481,0.336163398009288,-1.30762175039645,-2.01063348785663,1.08536900491007,0.206021805936207,-0.514036886707349,1.71777976597558,0.0847446457211081,0.114798357354362,0.68100690618934,-0.247832859817736,-0.762231925486576,0.613366277693441,0.00922812285295627,0.0828337612551761,0.0050744093141175,1.0,0.0
70828.0,0.196706751987779,1.18975728641634,0.704882217511495,2.89138777331251,0.0455553693851548,1.24573045976205,-1.19871420021049,-2.42161641083942,-1.23208864617238,0.324238886093679,-1.27393508028395,-0.868686295319925,-1.18194465496857,1.0275841718551,1.68813234484864,0.256215978185418,0.120608339589106,-0.0523460171330233,0.329826631850516,0.646616407050903,-1.32813178943378,0.189310618105111,-0.00552418359572104,-0.814707739467747,0.400924279960331,0.286281378755055,0.135214945600326,0.257314769060283,0.76,1.0
78182.0,1.22463832346636,-0.891664337034316,1.3301052111068,-0.838454039192404,-1.3203096059695,0.746800216546014,-1.56876188640633,0.45104678811566,-0.47828830247524,0.656368285401257,1.85148417094902,0.371466047374079,0.521472633266916,-0.421085171759962,1.09380708149474,1.29715780766748,0.248035859740663,-1.07810873523357,-0.334069205563679,0.060064127686737,0.545060957081863,1.58542492275899,-0.0351288672611285,-0.223957780735046,0.146008485867625,-0.0017539491998626,0.0890659909521733,0.016608752196159,9.99,0.0
67757.0,0.543061380789356,-2.37240641786196,1.33345057686891,-0.0438437692992959,-2.178185389015,1.40185518585579,-1.47219223764198,0.520950597352237,0.60501348603798,0.26714040532604,0.124116232824562,0.855117396606634,-0.0711972410385765,-0.962005167490679,-1.39517075344296,-1.57406165637343,0.447586651790696,1.41956222217002,-0.482601683233219,0.168479469333103,-0.0483099508953553,-0.00257777555105838,-0.317391573823523,-0.201164938330976,-0.0478854379848934,1.23038494709764,-0.0151836993790943,0.0670948301087877,347.56,0.0
76876.0,-1.29835900258265,1.07967115744319,-0.180677930886891,1.28783908383189,1.85827347944352,-2.22369500209375,0.525166986044906,-0.0968743110676978,-0.168893374133313,-2.544410418956,0.706999574201444,-0.835695915134352,-1.02211731659325,-4.99399178918475,-0.455706843211384,1.31536513941655,3.63919954823548,1.62342609471098,-1.53933883157799,-0.18757199362802,-0.332983053581271,-0.851270427572191,-0.370799798865314,0.29824168728035,0.442929877216587,-0.522832450531743,1.04856507220322E-4,0.135698346061769,1.0,1.0
12093.0,-4.69679522444504,2.69386747884008,-4.47513271259153,5.4676845487781,-1.55675807549758,-1.54942028904253,-4.10421487278526,0.553934075416293,-1.49846813107494,-4.59495176285009,5.27550585077254,-11.3490285500915,0.374549235103921,-8.13869488434773,0.548570894168134,-6.65359434741365,-10.2467554066001,-4.19106626655491,0.991486122257293,-0.158970548660611,0.573898081112651,-0.0801627753981571,0.318407817148194,-0.245862202650853,0.338238431564141,0.0322706213908033,-1.50845793363219,0.608074682590101,0.0,1.0
57027.0,-2.33565492855671,2.22537994112476,-3.37945038583039,2.17853822878821,-3.56826371512658,0.316813583664713,-1.73494800330036,1.4491394338594,-1.98003348126993,-5.71150474047788,1.83721490161197,-4.5403416445233,0.747845860345767,-6.28431406964108,-0.128887216546494,-3.5632394063049,-7.36832064555377,-2.69295315786876,-0.450550113544917,0.274027122680488,0.78554012192761,0.29741198434836,0.308536146370564,-0.598415746387816,-0.121850330815637,-0.491018310202025,0.701606041424924,0.206966343288918,444.17,1.0
61351.0,1.18121744704655,-0.938903337541741,0.920668699149151,-0.491442046460748,-1.66895139955904,-0.68554870008106,-0.847027639293653,-0.0662315449737371,-0.434976093696269,0.603336523224094,-0.572904401502256,-0.292326197022013,0.169568605613076,-0.123912203710718,1.34477351773217,-0.784948692584844,-0.22879803779901,1.2828215251929,-0.989314602416119,-0.294448722100324,-0.336695719520663,-0.71097815052758,0.0930283861828118,0.397982744260199,-0.119372203034087,0.920651330219223,-0.040930249623095,0.0379575236285904,96.85,0.0
117513.0,-0.0939980966079297,-0.290087821406797,0.319849107599764,-1.96822259835531,-0.360249416603958,-0.58659918299659,-0.119038839997699,0.22313798247155,-0.510043822551297,-0.617145138330206,0.433432772667403,-1.81811289643383,-2.45378181316364,-1.6142333225659,-0.781640636835311,2.33644502750178,0.841017752426079,0.522593857678732,-0.141159794478494,0.00838488303618832,0.301286625912962,0.581079992920722,-0.12480340592342,-0.523249126894268,0.0896533703881703,-0.168520452771983,-0.0457977961170719,-0.0293124639968049,64.99,0.0
101313.0,-25.825982149082,19.1672390103062,-25.3902293121699,11.1254347149714,-16.6826439195391,3.93369943022963,-37.0603114554112,-28.7597989339836,-11.1266235224579,-23.2282548357516,3.7859770496129,-10.5224940129243,-2.65749636392801,-3.79279543594993,-4.49894467676621,-6.55787310177539,-12.8672447953713,-5.80459047549908,-1.25446534452587,7.90737812724062,-16.9220157786505,5.70368400806478,3.51001884069223,0.0543302268964685,-0.671983312405663,-0.209431359115655,-4.95002186384908,-0.448412770754799,2.28,1.0
118801.0,0.209606501532012,-0.0987249261094628,-1.22718731850556,-2.63693818270328,2.11266540904992,3.54035786998037,-0.711074180842046,0.985674646886365,-0.673962753049841,-0.446294498348656,0.234799723237824,-1.08789923881852,-0.113613452032102,-2.07457282544217,0.318522398056266,1.62610197018098,1.15952083674767,-0.455634259924813,-0.144115283887196,0.0916515545995401,0.31040289550183,0.78111143269846,-0.0865552983458575,0.594503366505052,-0.339263525764834,-0.151385921581888,-0.0362603659976204,0.0256638451193853,19.95,0.0
79525.0,-1.29083261665351,1.15749511783175,0.982072210971866,-1.04310524308918,0.355263567330831,-0.741221128081224,-0.605296725837672,-2.65509428941127,-0.8543557309678,-0.918431777211515,1.02832774926413,0.356941705016043,-1.54517236343201,1.10437085328769,-0.421883377279486,0.65516231350439,-0.479308884667575,-0.280114112591999,-0.108569383655807,0.401673465839125,-1.55947003436844,-0.818653649987973,-0.400740575655132,0.310665267118046,-0.645936530593425,0.405159086896973,-0.162261841612888,0.148251306203169,21.94,0.0
77905.0,1.09698418464778,-0.598923139336664,1.51875593662105,1.11598119167557,-1.2692655101674,0.660640732788266,-1.04415521743616,0.306316927524029,1.80575044549243,-0.503690017876664,-1.80033438620304,0.722965519670454,0.125013722249036,-1.20208262892688,-1.52295871540211,-0.339466812868113,0.210984316303129,-0.24593988343767,0.577123856763934,-0.039566275515616,-0.107763983373431,0.135699948743548,-0.155280419187467,-0.0255456141890739,0.465917042398956,0.512094980831807,0.0498247996863947,0.0285089432013801,40.1,0.0
34511.0,1.2043627112677,0.410299043618247,-0.0198642654636353,1.14230167909938,0.0098401372134757,-0.922946871411026,0.446517261338476,-0.206157752590095,-0.218286162236521,0.0162968354170117,0.0532099024211394,0.103694132297219,-0.654214167385317,0.726765115880125,0.973474554472953,-0.577202283849849,0.117201581859707,-0.854543073624817,-0.731371194419579,-0.227872033600521,0.0473148814977283,0.192349815845245,-0.0713413479418383,0.405636691201804,0.715759351960793,-0.285350654764969,0.00463127383759167,0.0101678184560459,4.75,0.0
87131.0,-0.940405788024937,0.351436645479533,-0.629581865901018,-2.82858940688807,2.01429543310826,-1.37333391850731,2.3451662218799,-1.1454914970466,1.10261973711798,0.871109269748951,1.09407382880677,0.578509775477028,-0.291121339808833,-0.512879588491098,-1.74284856082336,-0.680843956518878,-1.26981549222242,-0.426355062346003,-0.520422295296834,0.362110232254597,-0.121046377347446,0.989232955857887,0.0526336278261837,0.845455752073887,-0.163779286302652,0.394613094742223,0.00818313366458655,-0.351516010131016,8.0,0.0
67861.0,-0.892118985665431,-0.336322181465544,3.12981793130752,-1.45252886416791,-1.36020935034153,0.809155061442709,-0.964362826529288,0.704929188244,0.0633854516973033,-0.167353331495554,0.522712123382053,-0.251378761603867,-1.53270647633012,-1.08748218276041,-2.27179367402092,0.602741224300403,0.849388659263117,-1.14394691188187,0.326236877509679,0.0799091893365904,0.221317668497643,0.945676984792344,-0.340333287827752,0.245980132674037,0.380131910739638,-0.108485008826091,0.349890772958508,0.116126021299981,6.0,0.0
91075.0,-1.85506070184998,1.55496360697718,-1.40580882850107,0.669327345741316,-0.280229520106465,1.17865246733203,-3.45997906611492,-2.81515495312599,1.24222876512242,-4.15635447965382,2.20944075185923,-5.12231410931103,0.66129710617156,-3.10393771952109,-2.41086973192388,-2.42501563217886,-3.96062268909989,-0.125017788038036,0.60039728842723,0.536916458029193,-0.0953083066630984,0.94662891847112,-0.297402959067305,-0.368343891207103,0.198731156287359,-0.0785905919566464,0.366709355889324,0.0737667168278096,38.76,1.0
78505.0,-1.5984328479009,1.82547894421399,0.0114265505743129,0.428630037204269,-0.380711401290666,-0.258885303795837,-0.326616271968057,1.24813090397415,-0.858221256113757,-0.911996991449493,-1.24096471211344,0.251495173344652,0.0110183686342374,1.20224031664463,0.857719181225716,0.208419297617069,0.161792872388677,-0.30844181103712,-0.294130941787843,-0.49188886218391,0.104069301770942,-0.17462569169052,0.111682106086587,-0.473882433149077,-0.390108904568377,-0.622470624263111,-0.455739253824753,-0.0582904285749519,4.68,0.0
66465.0,1.17128471973592,0.171050400668647,0.395948251496263,1.39639659136496,-0.20309367972471,-0.197262543725742,0.0180319714894308,0.023772727033591,0.392452225011402,-0.10339295820689,-0.650424931013537,0.174224169958572,-0.799725366557864,0.197878737248133,-0.0211259941635983,-0.692284911280668,0.301660114895052,-0.89699395177825,-0.362041296632668,-0.240417316691295,-0.11169025297707,-0.109184947922742,-0.0507443346570935,0.0763922768081205,0.64195108718624,-0.310185017811964,0.0361955890007124,0.0139756973719965,4.77,0.0
81372.0,-0.88525408859895,1.79064923163963,-0.945148961205205,3.85343274655953,-1.54351007486649,0.188582114329739,-2.98838275644296,1.34405855095688,-2.29453470924744,-1.88617599041763,1.90428359307622,-4.00241403073237,-0.936955588407958,-2.80191542309724,0.798328052783254,-2.34873992555213,-6.42673430721498,-0.827308425201024,1.73238175785046,0.370040520565647,0.746159905151139,0.550802011985416,-0.0348823420887786,-0.56760840448119,-0.528317952733951,0.258782456503747,0.506892694941992,0.176735548819463,7.57,1.0
34367.0,0.825249865066088,-0.0639939394907093,1.00091135528545,2.432318265285,-0.451596418820267,0.383497331283183,-0.161894478852618,0.116132159719632,-0.786325392008252,0.703608809404153,1.01181914150743,1.08736362395935,1.22082176550744,0.00191948743966273,0.0307337814691997,1.31725142620014,-1.21499376580446,0.481152627970883,-0.796243478609609,0.27672257726125,0.0995208840079732,-0.0939366198957914,-0.123165754644394,0.0133179045531274,0.202910242183139,-0.128050633100326,-0.00463621661525033,0.0532531700428221,162.78,0.0
100924.0,-23.9847466495794,16.6978316913154,-22.209874815521,9.5849686202149,-16.2304387891461,2.59633265752887,-33.2393281671892,-21.5600394546929,-10.8425258685569,-19.836148851696,3.22323270290842,-10.8951335063028,-1.52345240330584,0.116303256118652,-3.09880532704263,-7.60642457511483,-18.1082610229766,-7.51186615794432,-1.24328515722898,5.80455066066397,-12.6150228644215,5.77408726884239,2.7502214496329,0.513411099654255,-1.60880380395117,-0.459624387540527,-4.62612660780224,-0.334560720645878,1.0,1.0
53727.0,-1.64927881611351,1.26397355628777,-1.05082567399718,2.23799063903423,-2.52788923751396,-0.889939993137591,-2.35525367110661,0.85465864123984,-1.28124261677782,-2.70501138232752,1.17447506014201,-4.38191956749248,-1.22666589816604,-2.95382425341893,1.99416119386347,-3.30425391022094,-5.58579436647491,-1.64370403169872,2.11863332532912,0.0874063699474628,0.679176431149171,0.731907051356776,0.333045475501739,0.392505235969248,-0.274197297543759,0.802348667525187,0.390808552793314,0.11214553148245,112.45,1.0
121695.0,-2.15873114031876,-0.794971792089104,0.801298774002778,-1.94852515230856,-1.2333966362801,-0.772837513474342,-1.00136834602473,0.578939661935078,-2.52707165452851,0.445093124860473,-1.12613865261903,-0.292104392058124,1.70367972387632,-0.276489919323437,-0.089988361674539,-0.487214081301282,0.924675513618689,0.0535575676516103,0.250049213953041,-0.5679332593944,-0.0793427007254685,0.0750863064195039,-0.281310857314928,0.0396649098916229,0.506002381324866,0.0152032933875015,-0.288165358765402,-0.15762814302649,87.0,0.0
88810.0,2.04297003766626,-0.394422097079594,-1.20777558070295,0.497501819900718,-0.405310609454053,-1.11170642098014,-0.046980931456155,-0.20807008650263,1.1508555186279,0.0774080024835159,-1.42489420866017,-0.675771340186142,-2.1307699782879,0.452470208702456,-0.436398475681064,-0.427733682640712,0.0975317913373259,-0.336610593400135,0.172818754655427,-0.346676482887155,0.10381026966809,0.502610803354721,0.0253460086199122,0.0895647745068298,0.107782894121699,0.843207864915656,-0.0914818048650591,-0.0764513711020463,12.1,0.0
82988.0,-2.93758850617437,-2.10663115285661,0.902896344647156,-0.806545216901334,-3.10557670748258,1.5883308899375,3.92796916330776,-0.465245809678983,0.491756064070909,-2.00559997677663,-1.46170954327898,-0.207695745461626,0.0238277171404285,-0.929104374118953,-1.24106287260542,1.0196724285717,-0.838932241784312,-0.327655720667559,-0.896360677574727,-0.210415130750085,-0.35390812091533,-0.397648212116945,1.59870514262887,-0.0736921780587947,0.795377660903059,0.75451637172173,0.36208008122949,-0.314715652936159,931.71,0.0
17520.0,-5.26805322089363,9.06761342731767,-15.9607281345144,10.2966027898053,-4.70824109122294,-3.39537485177836,-11.1610570028797,5.49996263444947,-5.66737554592835,-11.6271935556579,11.0270590938161,-16.3880541668327,0.363921486512734,-17.230202160711,-0.437487559248993,-10.1223919213552,-13.6392089915234,-4.98645725844229,1.12678437819631,1.45587819528,2.00410994522741,0.191058399384387,0.622927669875126,-1.20926355739155,-0.374798862642666,0.64879803679546,1.58469734677224,0.720055870245492,1.0,1.0
70227.0,-2.41268191115544,1.95715102591264,-0.239638332726093,-1.58041035768144,-0.408305939996301,-0.383188884575314,-0.246580873960377,0.954182307979926,0.234025291316507,-0.211218863287745,-1.38835084234666,-0.139996022692346,-0.278493596798004,0.597505900744438,0.728356920093966,0.616068700983897,-0.263700988285538,-0.509462324362647,-0.711625021868597,-0.23687708469322,0.0638727516487756,-0.212745541260308,0.00737104719104614,-0.736034527819568,-0.233190647017918,0.751118574613165,-1.00548580240925,-0.16532389326559,3.69,0.0
40662.0,-4.44684654752268,-0.0147931576652609,-5.12630699550863,6.94512997633611,5.26925534782033,-4.29717716297717,-2.59124168468427,0.342670615268881,-3.88066304488519,-3.97652513857503,5.73008435556377,-5.03186814827248,-1.13543910933334,-10.7870505700202,0.265456230525684,-1.10421746262461,0.636412737308571,0.994101368746143,-0.688720555143152,-0.108006422684084,0.247912823388783,-0.0495861794607239,-0.226016961592253,-0.401235601042542,0.856123603036307,0.661272426708284,0.492559738814261,0.971834350005126,1.0,1.0
115691.0,-1.55027271502021,1.08868850191044,-2.39338766218981,1.00873271714408,-1.0875618874048,-1.10460238189499,-2.67050327670088,0.147654676391109,-0.978625549290056,-3.51413330486723,3.58604242366444,-4.05335784837839,0.862426024955809,-5.76582302154173,-0.507511029549388,-4.92186514350783,-9.56726769048681,-2.77297411117016,1.71709526842855,0.327490457262181,0.802316031461701,1.03710478869922,0.0958154204904633,-0.320190913384423,-0.0807306312824349,0.0910116872058309,0.0249284934943241,-0.0778199786198624,17.06,1.0
65286.0,-0.0470515729048038,-0.246927656975889,1.78366288290772,-1.57149672022632,-1.42487968338579,-0.585279455972548,-0.609930069931717,-0.156651416233552,-2.25217673839371,1.29231509370279,-0.542072454859918,-0.915177734277443,1.19555509683579,-0.695106809218175,0.869168726203391,-0.562189273963243,0.568108077893624,0.48718122171705,0.357889589275231,-0.188575060036335,0.0885170251183606,0.687270305406402,-0.0633283048738541,0.399093717963006,-0.631889147937329,-0.129960133905206,0.0954692076427673,0.168752152365803,15.8,0.0
85636.0,0.927059488760509,-0.741525834107889,1.1284056819851,0.275152484459912,-1.31977008534916,-0.132735747598752,-0.562511726634463,0.129781915327225,0.848427804022609,-0.351634988058206,1.16833983329868,1.58271892554218,0.335394945432327,-0.411400212849336,-1.05483899510745,0.00984835063941809,-0.0540876127485848,-0.243778008326991,0.637171064966577,0.195304867822569,-0.0920799557226345,-0.285824707540505,-0.0165122545435954,0.628367440437264,0.0510235202960079,0.898550501288495,-0.0563974882659885,0.0276547191936482,126.14,0.0
45646.0,1.39518529389162,-0.974230274022856,-0.618872072569081,-1.79367509059796,1.00504670643845,3.53763702693483,-1.57590465748692,0.925333265901876,-0.545436549824876,0.657655057966076,-0.0766499548681915,-0.760277058834602,0.358917651091385,-0.32124298442569,1.29453448065743,1.8034013488407,-0.44822717344837,-0.416126377725314,0.588954969154394,0.25704302637881,0.34014529079873,0.750074835383288,-0.154904095160776,1.05015170721628,0.583007331563673,-0.0362750212282812,0.0370595518789362,0.0224242314830308,29.99,0.0
36833.0,-0.771844543559931,0.888327056566436,1.87844773282089,0.370783336237748,0.253428582779349,-0.514548040714663,0.822839238383546,-0.248873048595746,-0.777956542201816,0.275319032547188,1.42283697383918,0.0548303487754615,-0.897836184705145,0.450245803983754,0.736303843215898,-0.168478638878872,-0.230146732684758,-0.0233243310863683,1.58999264608252,0.0928646375636206,-0.426526904936869,-1.27456700948101,0.0152719128977073,0.269868356772525,-0.204222415501119,-0.0119750765259746,-0.424524918925477,-0.124022642179973,6.89,0.0
84646.0,1.11469833539523,0.273521884041572,0.176979548594251,1.14483536100361,0.323173919072792,0.415686134417169,0.100739053388688,0.14919217331986,-0.318600349216149,0.0564496076284105,1.62921966848771,1.54507927108604,0.438610365265887,0.364919474984756,-0.28172917399693,-0.804393858478343,0.160907250550938,-0.935800722765767,-0.56850864153212,-0.181238531807433,0.0793038753292959,0.46421098223329,-0.105546873475357,-0.252110130554142,0.685741431515625,-0.220851098335207,0.0436335991053278,-0.00215718103174619,1.0,0.0
72042.0,1.05317522069434,0.0687719265593047,0.0722960021862835,0.462987253821941,-0.0677214032259917,-0.548268643815026,0.37036089163928,-0.0977058647272804,-0.547670165481934,0.0233422640159606,1.98087895070396,1.39141506222414,0.396817729191362,0.635296757081382,0.250714700810877,-0.143501013600452,-0.173768503760515,-0.949125648668509,-0.062136055613271,0.0381183046563007,-0.244575400416256,-0.87118094977637,0.123751761675641,0.228631607992816,0.147660198090896,0.129368270732789,-0.0604295771655256,0.0107034016947547,73.9,0.0
69066.0,-0.0802670628639285,1.34799335093892,1.34616586007232,2.66058435643043,0.0639546305917282,1.54304350133921,-1.2374847464695,-2.38050763606463,-1.77790286071383,0.32099881262879,0.290903763500055,0.480062243682424,0.474579744966955,0.75324323200618,0.872468058076721,0.963849635926289,-0.642759079623046,0.748678295481931,1.18157838384503,0.862505375921846,-1.52542971069307,-0.447271515248563,-0.153923524159088,-0.861152211196504,0.98545491672068,0.176427310076701,0.0460417823853783,0.179416540394161,1.0,0.0
85045.0,1.30237796508637,-0.606529308236609,-0.681986192919261,-1.90460339622212,1.32662310684685,3.43631244725031,-1.14512682747431,0.959147262092341,1.67130156362918,-1.02294602983554,-0.191422972651615,0.631027341487108,0.0319072703534055,-0.0314253812628428,1.44662697638966,-0.121820378583087,-0.651405237009102,0.617970476528782,0.927600044556072,0.00575665541893287,-0.0642082814806287,-0.0805870774450856,-0.0729910792746877,1.01813597043583,0.663574772480488,-0.671322844293718,0.0968009452278396,0.0286968782920849,1.0,0.0
3413.0,-0.900253989105705,0.17125093903102,0.989369671164716,-2.15953076644764,0.71185998821411,-0.398419632851033,0.760524358874708,0.00661764903584689,0.806322572545263,-0.914567544206925,1.65393445832632,0.568735834014714,-1.3021307610881,0.485164831139824,0.827213075701521,-0.927589525331338,-0.218180350547829,-0.243537436892768,-0.496246539851336,-0.147272625202512,0.151262853426323,0.847678091602118,0.0783237240910625,-0.315066385790595,-0.0717481225483963,-0.794045570938647,0.170313129751798,-0.070621880010739,1.0,0.0
73369.0,1.09250700797341,0.129762847441043,0.414320738803642,1.28577868348451,-0.0759025899422774,0.15919675433776,0.0060657524118707,0.111030061204398,-0.0161382303149739,0.0281154797550597,1.21134096882265,1.37854895479875,0.0894135574151274,0.205581550441976,-0.825391406191592,-0.538008581631692,-0.00499806394506421,-0.515771046799097,-0.0840622178828531,-0.128325972722301,-0.0374908522832721,0.0721362901174661,-0.0919671529245147,0.0477518147857626,0.638051981712758,-0.332748689959891,0.0351166426036348,0.00916697755173264,23.81,0.0
71033.0,-3.17081841545902,0.185734554774403,-3.39985157931162,3.76115529034876,-2.14804702797609,-1.59894442520531,-2.51956531805231,1.31621501070214,-2.40010611621824,-4.99341703829647,4.44719176626515,-5.29376010254684,-1.41957829927441,-6.42527621352443,0.914083034195792,-3.51519716625381,-6.34745330751181,-0.90351216582405,1.19160626766329,1.93225372509724,1.09205113380931,-0.0410804286307278,0.904395217733676,0.180015601586537,0.0499703397242655,-0.257099837784436,0.859281566487016,0.225924185725605,426.4,1.0
41227.0,-9.00135134450649,6.61328394324752,-12.4236347238918,7.51992923163014,-10.2662546389665,-2.11320754204122,-9.98428744767688,5.54194143253089,-7.38370453522347,-13.2151722995049,6.89518136811315,-13.2796997105282,0.755263578785977,-13.4170122721265,-0.210774362111057,-10.9226551270595,-21.90649321637,-8.82981976595275,1.85246698871594,-0.645393857931055,1.7758908996538,-1.22475761150578,0.0825935414630254,0.452088727391883,0.463827332847796,-0.296928065001458,0.526505578079938,-0.450890488772313,459.07,1.0
59838.0,0.219111033546127,-1.05127369649665,0.52769728663439,2.83197119730584,-0.727297874239152,0.342629207042767,0.353334338482434,-0.0162832502391125,-0.59002820003615,0.395801115241062,-0.286272070777457,0.230738439308671,0.660703941389594,0.113861984112394,1.01966053837433,0.682898808320913,-0.493154654363361,-0.343441089318038,-1.71484566929004,0.810684714637557,0.429041045375215,0.21813168484442,-0.427457053739792,0.118526926995036,0.184963708277379,0.0463465531072184,-0.0559837452152885,0.109207927113319,471.61,0.0
28755.0,-30.552380043581,16.7133892350242,-31.1036848245812,6.53498386355181,-22.105531524316,-4.97769196369245,-20.371513594495,20.0072083651213,-3.56573779124378,-7.7310714411342,3.8294273949908,-5.31433227604015,1.44693027992913,-4.57926372815218,-0.142299360010106,-4.99784830436345,-10.9614103561188,-4.64148195920404,0.567056279787444,1.73364399368955,1.8165201713562,-2.28868550494101,-1.46054449877578,0.183179482716819,2.20820917836653,-0.208823971247713,1.23263629519904,0.356660010884047,99.99,1.0
109835.0,1.83050892296937,-0.310623205097915,0.175365440695652,1.40035646265234,-0.548206710232873,0.459737515243416,-0.971825677721752,0.226543739805065,2.2453435952216,-0.0662009845287612,1.60381195388812,-1.66971635160621,1.36180207774165,1.47296669545627,-0.710973133134368,0.772564471950554,-0.279760615294539,1.10823468594119,-0.594823354240584,-0.205881578796271,-0.0311728050550656,0.161180183709571,0.291645225685766,0.649403038163295,-0.402531988378773,-0.849231393746295,0.0346004211253087,-0.0240269520617746,39.55,0.0
101313.0,-25.825982149082,19.1672390103062,-25.3902293121699,11.1254347149714,-16.6826439195391,3.93369943022963,-37.0603114554112,-28.7597989339836,-11.1266235224579,-23.2282548357516,3.7859770496129,-10.5224940129243,-2.65749636392801,-3.79279543594993,-4.49894467676621,-6.55787310177539,-12.8672447953713,-5.80459047549908,-1.25446534452587,7.90737812724062,-16.9220157786505,5.70368400806478,3.51001884069223,0.0543302268964685,-0.671983312405663,-0.209431359115655,-4.95002186384908,-0.448412770754799,2.28,1.0
59927.0,-1.3978981242909,1.69003720304123,0.842622694204102,-0.0701855622583368,-0.733707478067226,-0.800451520403692,-0.0689964653329965,0.892528884234603,-0.910615373634787,-0.302531429170991,1.32024936239498,1.38004000706601,0.680248762134869,0.785039130819481,0.00190497868854357,0.531797274831355,-0.278920026531838,0.0570173049068918,0.182251858501892,0.0479259879151148,-0.102859217884626,-0.439071404969572,0.0923029078385578,0.530130487617242,-0.132812337502013,0.0483889683717667,0.131401928710054,0.0368604194668358,9.95,0.0
63824.0,-2.75490209556359,-0.761764730965364,1.57616891426062,0.838972647207686,-0.719218908567761,0.994232219501408,-0.578031134971874,0.735978257887486,0.141352894797425,-0.126077800871857,1.20499562788751,0.251750553397433,-1.1555254044945,0.330782521529891,1.16896301336568,-0.249364910949806,0.584633071160951,0.0259537513570038,0.587146587934682,-0.57963462003745,0.178280698968044,0.697799867758286,-0.68290241171161,-0.165439609643714,-0.203593215730099,0.748107789377188,-0.406364503024289,0.107290511396737,159.8,0.0
32328.0,1.17217943575866,0.277232144740775,0.303913966714111,0.523673145766214,-0.10077707963187,-0.270350960719975,-0.0769610504640158,0.0670756532999547,-0.271167564209809,-0.165422518920708,1.89676567753208,1.15024047774791,0.389664739143753,-0.116246062463668,0.616152243024988,0.370702926344484,0.00592740990657826,-0.284783068324899,-0.267683703537034,-0.0857940838775356,-0.205879900094826,-0.581255315820285,0.143544295045189,-0.0149591801192068,0.122913313652836,0.106024056580635,-0.0085102894899801,0.0176400023163363,0.99,0.0
33510.0,1.34921704929488,-0.496627420615295,0.562320896795019,-0.636112639893951,-1.08542975531634,-0.829071822351025,-0.598526953299216,-0.0665318487719018,-0.748727111818015,0.599936636756352,0.208046023593879,-0.739381174482759,-0.606874917078204,0.0739546401669291,1.08451255920268,0.818921995816591,0.674102032741515,-2.03811549260475,0.126215980511148,-0.02234270840646,-0.0066614407178045,-0.131924795223756,0.169449743057568,0.377512641435724,0.172545167782597,-0.407218171813635,0.0173280463760152,0.0179496985010048,7.95,0.0
119495.0,-1.56314687385682,0.0161996883185223,0.668578777629251,-0.437981988717394,0.871353963940705,-0.358052846767319,0.302734678467228,0.369350348923795,-0.264970291318984,-0.283763490551954,0.757203975219799,0.591802315606067,-0.230873760044108,0.25120253914008,-0.548142478775791,0.24496338735868,-0.568843416401791,0.175917526038365,0.0915538001590489,-0.0967271474170715,-0.100949718827145,0.00412756597654024,0.419769672381766,0.705128687555715,0.996205236144321,0.363111371630131,-0.225823854612202,-0.449281433277578,17.9,0.0
86376.0,-0.670238130057305,0.94520635153406,0.610050626297701,2.64006508673377,-2.70777462644103,1.95261056051566,-1.62460819938343,-5.22990786160988,0.21020202822781,-2.06990438955593,-0.529805728295342,0.999716276092526,-0.0861120244186652,-1.50855714024168,-0.450669492347937,-0.328387382736473,2.27027117814029,0.709666017682026,0.913175997078955,1.4749287568126,-2.50445018690737,1.43647237841825,0.351542386126581,0.648466904268149,0.579681417358758,0.0757375933335965,0.346717084034013,0.282208626038179,323.77,1.0
67067.0,0.0665714591043334,-2.30932133811195,0.322744606555979,0.821858684517297,-1.66226438640872,0.0571225613982238,0.0929422712650588,-0.0269255774805276,1.20710747688443,-0.646423280216595,-1.25902151165551,0.0429970850800284,-0.6370792291189,-0.285556054887431,-0.158105532434977,0.139806630643943,0.0558579871666772,-0.299385830188139,0.344823106455044,1.10635336314314,0.0993185550913169,-0.863021137285352,-0.484784899735263,0.117529020668024,-0.059560503196153,0.870872994812082,-0.150923620960515,0.114817619342581,610.71,0.0
49972.0,-1.65839009858342,1.46470155024544,-0.410708396835828,0.0187233816556693,2.45448295906263,4.07560112564742,-0.557728427112812,-0.615897959038498,0.135978768483764,0.85547580405365,-0.553387014589626,0.0108352131998505,-0.256533693367873,-4.46945302141476E-4,0.233532057299316,-0.628343262131177,-0.0250140568723975,0.185665107564847,1.41747900961399,0.0754921869337017,1.2929832406393,-0.814123020356238,-0.143278346400099,0.992230966290544,0.534197652584414,-0.174275472526879,0.570637222354939,0.337029761697728,15.16,0.0
108398.0,1.99611752922878,-0.155060408071267,-0.173627048419622,0.536181061055313,-0.616560438206689,-0.76109211106645,-0.531353340932679,-0.181866471603515,2.61805117192242,-0.597188848608222,0.167614430507224,-2.03833571789605,1.70860731348274,1.51132398911492,0.335551406931731,0.211623418591556,0.055137979173525,0.309357645730118,-0.328349703592761,-0.279565177771237,-0.270449137637797,-0.402991363727363,0.353800457629133,-0.145120638153898,-0.384911490579905,-0.961340924609761,0.0314677549984196,-0.0331275208538471,6.1,0.0
41308.0,-13.6807603221285,6.99038924197379,-13.7700011356219,8.694896899191,-11.4269679730732,-2.91984498997907,-14.5945615876748,8.62290473620712,-8.09069700355941,-12.7806339362021,5.3306013514672,-11.898065148453,1.59599290197592,-9.56016927087188,0.596403762858148,-11.3809956026059,-21.5368016259059,-8.48535580519493,3.51761050964655,-0.877391609905133,2.98955250855903,0.497598716647637,-0.509290299460639,0.732503456665873,0.280527953637944,0.280037142108891,-1.40668683562971,-0.663643363595055,0.76,1.0
85293.0,1.29004963188164,-0.71585963714271,0.470140825347449,-0.681606406233967,-1.2916214000954,-0.901442553521282,-0.675430309733715,-0.00587843056533126,-0.818153123913313,0.839051450127818,1.35946501935986,-0.756388419394288,-1.65480297679514,0.422569389836102,0.258923031017254,1.36631020293168,0.155850381784845,-0.756267251626371,0.73227511914325,0.0333540255170434,0.176330535989391,0.224652479487609,-0.0107479420075148,0.514260183521334,0.323796407350702,-0.280802342320609,-0.0164802891616683,0.0110291786489257,44.0,0.0
73832.0,0.301837039470731,0.233400194033339,0.0434355847196158,-0.152803956972941,0.058859866173615,0.102230394093765,0.299016851336231,-0.229511420129015,-2.0932476633484,1.28963882803429,0.470503385535199,0.599473928684421,1.88114507246981,0.218326332777999,0.839547038656623,-1.94675868735009,0.0979353915759526,1.52401047252018,2.58076673066853,-0.0665313638784736,-0.559409337438688,-1.06151301455642,0.344454819429819,-0.806825020354298,-1.66193302429764,0.829102298643798,0.108424730891578,0.239139842790562,52.45,0.0
103808.0,-4.51734375344642,2.50022390414582,-4.01392753708116,1.18945163355882,-2.48686063585833,-1.41347553285281,-4.24570662259591,1.26508694822894,1.16882778968781,-4.51390660472333,3.69471123994721,-6.11044323287235,-0.110521636054475,-4.18455528093394,-0.93103463417672,-1.61471832598223,-3.35318018239636,0.236762036968587,0.0038960221310578,-1.05616226010439,1.32694422202396,0.102998961106284,0.508166904438541,-0.278017536127694,0.139721094971637,0.0646100247346309,-0.972358289293076,0.351359561196795,2.27,1.0
69394.0,1.14043132434726,1.13424300279892,-1.42945474072655,2.01222598912655,0.622800198240135,-1.1529230868157,0.22115947772768,0.0373717733484629,0.0344859259841517,-1.87964382107016,2.19166507997652,-0.487849732811135,-1.75713709936308,-4.46105120749925,-0.402884205654366,1.4109171085787,3.61925125200524,2.28492676267757,-0.443999191918561,-0.0997118777920308,-0.367136001490949,-0.891627120817809,-0.160578066799212,-0.10832596200032,0.668374321480191,-0.352393242949003,0.0719927692746503,0.113684370071235,1.0,1.0
43494.0,-1.27813773524814,0.716241580332591,-1.14327922918382,0.217804800631468,-1.29389046969973,-1.16895152511977,-2.56418198278833,0.204532467641239,-1.61115462297744,-1.25028553742691,3.36736102310858,-4.58309584545642,-0.806939683730076,-5.20830522179452,0.525823682164556,-1.81591431259746,-5.24911146794949,-2.19669120679566,2.10905264474381,0.817203155491914,0.490182667533974,0.470427403079725,-0.126261344339209,-0.126644458784455,-0.661907559467122,-0.349792996571914,0.454851068382725,0.137843477172283,24.9,1.0
8614.0,-2.16992897559082,3.6396539992044,-4.50849778617728,2.73066814884895,-2.12269287053048,-2.34101682766366,-4.23525308290613,1.70353765763508,-1.30527913344307,-6.7167200227127,6.35361231915591,-8.60164826276464,0.449930038237225,-7.50616937408145,-0.438081781812467,-3.69451599830956,-6.30475338603049,-1.26758712788115,0.357987030484253,0.5007790539507,0.645103275621378,-0.503529448911197,-5.22821818299227E-4,0.0716957787676742,0.0920074334247208,0.308497931577036,0.552590914653841,0.298954478709399,1.0,1.0
26585.0,-19.8563223334433,12.0958932259299,-22.4640827464876,6.11554110191771,-15.1480215209615,-4.34672408349599,-15.6485074722661,13.2768048056341,-3.97416161954102,-8.85919405880884,5.73081553744459,-8.08803351213651,0.230824969324902,-8.57897327333454,9.46636693186079E-4,-6.94774606726094,-13.4728970076501,-4.94021082886802,1.23014255193802,1.58292955492187,1.75072984045421,-1.40963570908141,-0.809809278333882,0.121396659905885,1.35030007077468,-0.224291873525585,1.59762136835254,0.476919818025438,99.99,1.0
93965.0,-11.3977267217611,7.76395304621262,-18.572307456296,6.71185525207739,-10.1742155991554,-4.39591833120843,-15.8937882429266,2.08301258152135,-4.9888371802491,-15.3460988468775,7.09318207259894,-14.9797547574476,-0.148288045224015,-9.93567958156078,-1.16199939019334,-11.6468338293624,-18.3838524599849,-7.40273080415809,1.94169681013401,0.208879130047717,0.339007373241803,1.34292261443867,0.239217367154604,0.534644166424257,-0.174964905765612,-0.500240426616998,-1.72206026726614,-0.574339363297002,11.4,1.0
77202.0,-0.356326154090313,1.43530513012275,-0.813563965472736,1.99311717679272,2.0558775401316,-0.54357866590526,0.487691066602944,0.0854488054265826,-0.536351998021526,-2.23120932812687,0.273983570211148,-0.535839387011391,0.595677221650834,-5.14182349291966,0.732366764261792,0.623912780633594,4.09098324669186,1.63408402811385,0.26084733041578,0.303261648412104,-0.312862941766726,-0.687873797330169,-0.267002508610821,-1.15848006325515,0.271459963711122,-0.155397186179697,0.114328416432227,0.101525594435204,1.0,1.0
27923.0,-0.675327315743616,1.12602130864726,0.992214954387877,0.826265904865917,-0.114729021398754,-0.165114136487111,0.234228784061864,0.576933719724222,-0.981529528221902,-0.299841330413885,1.28165803145185,0.419647011185598,-0.903347164365958,1.06986884898432,0.602890212330486,-0.318409417498449,0.130773527210716,0.236986509436215,0.284785901245601,-0.170069030819202,0.29057796831574,0.690875273511844,-0.0430256415139427,0.217016013104409,-0.39008206394987,-0.330856758959047,0.0541206651588835,0.0830093594595239,15.53,0.0
84694.0,-4.86810843844627,1.26441977404559,-5.16788542660662,3.19364784504611,-3.04562137708228,-2.09616609885545,-6.44561018266068,2.4225355920307,-3.2140554159387,-8.74597261185534,5.41604190908794,-8.16412507731485,-0.165010607208302,-10.1935303551514,-1.89521031032574,-7.36047460938421,-14.6687710766351,-4.87711900477519,1.38560952778492,0.66730977994879,1.26920538901712,0.0576572516592633,0.629307399675982,-0.168431773502721,0.443743902404587,0.276539471570389,1.44127396787951,-0.127943726430018,12.31,1.0
57027.0,-2.33565492855671,2.22537994112476,-3.37945038583039,2.17853822878821,-3.56826371512658,0.316813583664713,-1.73494800330036,1.4491394338594,-1.98003348126993,-5.71150474047788,1.83721490161197,-4.5403416445233,0.747845860345767,-6.28431406964108,-0.128887216546494,-3.5632394063049,-7.36832064555377,-2.69295315786876,-0.450550113544917,0.274027122680488,0.78554012192761,0.29741198434836,0.308536146370564,-0.598415746387816,-0.121850330815637,-0.491018310202025,0.701606041424924,0.206966343288918,444.17,1.0
23576.0,-0.653530057106298,0.221885388599231,2.9888211100369,3.48169444225396,-0.958551491809449,2.2656146211845,-0.201564600969897,0.394006527788781,1.42934972046818,-0.350855815238386,-1.39308914033264,-2.18609621952913,2.95326313016998,-0.0976410296477912,-1.96352453513107,-0.399189734114033,1.01941200630207,0.816988623284512,1.37102928212135,0.579464700415619,0.0748076843406609,0.710433101948869,0.0534518518697388,-0.564815195396133,-0.0124386800867423,0.47371048899302,0.148957840798853,0.150376999343048,189.59,0.0
20011.0,-14.7246270119253,7.87515679273047,-21.8723173644566,11.9061699078901,-8.34873369160876,-2.26284641969245,-15.8334427819606,0.0778736741759969,-6.35683349086288,-13.2616517082667,10.0637897462894,-14.3947668016721,0.654888723464231,-14.2483158270781,-0.305360761401071,-8.16163244506225,-12.2809648581754,-4.81858639342974,0.719787682108791,0.996468755724792,-2.36234492751884,1.09955729576975,1.03719942301307,-1.03635934178889,-0.254776514154375,0.642343201018144,2.16112922373151,-1.40128201963858,1.0,1.0
102114.0,-28.2550528932108,21.4672029942752,-26.8713387797136,11.7374361361796,-17.9996302850189,6.0659013519233,-41.5067960832574,-38.9872627434095,-13.4340663182301,-24.4031849699728,3.40932261990014,-9.60826735632918,-3.07631796817408,0.240060357919937,-2.83667693195872,-6.594756991638,-12.9575309948449,-5.61352195004329,-0.248828402209821,10.4407179813405,-21.4537362781468,8.36198519168435,4.90911112135878,0.0983279449493119,-1.50873912052995,0.00871129047841733,-5.4078236392388,-0.183811044930697,0.0,1.0
11092.0,0.378274504006009,3.91479678866992,-5.72687201536627,6.09414095882864,1.69887526405022,-2.8073139468834,-0.591118212837213,-0.123495593086659,-2.53071281390832,-5.15309460989926,4.65408842254301,-7.83953899762349,1.37181858033581,-9.63468971263612,-0.739596855842826,-0.663203945673478,0.891934540534899,0.978675639075006,-2.00547660274646,0.440439440893876,0.149895683076911,-0.601967245529085,-0.613724335539499,-0.403113687819411,1.568445255978,0.52188393400233,0.527937749881352,0.411910405834512,1.0,1.0
72040.0,1.19516789601388,0.747326487845107,-0.353021039587211,1.29213602978135,0.357861386886623,-0.750986843130503,0.300049698134269,-0.161931181476295,-0.24137857520729,-0.754152760536665,0.510945750414413,0.484904111649482,0.889628935635077,-1.50072363132706,1.23502248297936,0.258429147018,1.11742694491258,0.0247009484661521,-0.990393857598689,-0.0676957328053831,-0.028964702374684,0.0717367330649428,-0.10569503720061,-0.0327781462099723,0.65108533889149,-0.300938560924985,0.0580655488685438,0.0561707278305938,1.0,0.0
89355.0,0.0915390891387124,0.837426952992397,-0.00260401521051285,-0.745787954651976,0.719671972578327,-0.724368621786608,1.00469951062624,-0.158622142018219,0.0177804579115749,-0.40994628468685,-1.56325187863566,-0.149408251121679,0.0230292761359927,0.0925291999572604,-0.340858244114776,0.11415810206409,-0.653957720174621,-0.508599113954218,0.176468667198676,-0.0179701183273354,-0.305851136689321,-0.707401210365758,-0.00824678952244629,-0.664966874906804,-0.399678014236404,0.181407681700243,0.244682558112856,0.0902905008995303,6.25,0.0
91502.0,0.0073790751145725,2.36518252886777,-2.60028738169342,1.11160176466249,3.2764413263667,-1.7761407852846,2.11453088108345,-0.830084106599812,0.900489974281822,-3.37617706712688,2.05681205985716,-3.9842567303491,1.02196791340796,-5.96790496861639,-1.15160831490592,1.67973960141233,5.58611468683053,2.78913115591619,-2.24107485298106,-0.00638849728163087,-0.563944162060269,-0.902099515410175,-0.404382448597275,-0.0129439005065412,0.589836154947909,-0.734449052212668,-0.447529183217452,-0.362374775122343,1.0,1.0
98098.0,2.05246069477906,0.0659427745947241,-2.92580791343327,-0.109429642145481,1.61090322883264,-0.474942264441348,0.965765782533616,-0.578777178163982,0.981231317324622,-0.254651249868403,1.16154624701246,-1.21028957320451,2.98079459254269,2.16056683150749,-1.56197390145136,-0.569863949739703,-0.0686845436354135,0.388697294743641,0.670360311345519,0.0194586506416082,0.166482048332573,0.779893250040975,-0.386655191046957,-0.270641078474307,0.884377970199279,0.422166161571384,-0.144499383105842,-0.094663611527331,80.0,0.0
56533.0,-0.430254874358338,1.18134216163526,1.13152597248502,-0.160895313397516,-0.210094676596815,-0.492220395921006,-0.556557484303058,-2.79451281363252,-0.760816702322811,-1.47793161304153,-0.12849329037243,0.674245291511573,0.500496978292824,-0.0271445623105961,0.512624140894435,0.885037646303801,-0.154843335748939,-0.402378860923695,-1.10265146524642,0.613623903304228,-1.58037537535796,-0.641456792154662,-0.0949533050269413,0.344802717487171,1.20863702768757,0.102889337311777,-0.0493590667528176,0.178725070659887,9.99,0.0
90326.0,2.03760015896166,-0.0134893370412006,-1.04297411877677,0.420227420564878,0.169438617667968,-0.572330885087378,-0.041869948341647,-0.214238987984945,1.60696006765064,-0.132484848295795,1.64022108586715,-1.53525560004468,1.5464759976589,1.91763206824635,-1.31271545623567,0.105044603282507,0.137650342307919,-0.0672405708074049,0.285360083355784,-0.261337444426972,-0.405543370908301,-0.819804699928875,0.307617029455814,-0.460029509635016,-0.326921479216443,0.165849868770879,-0.0992708049257594,-0.0807780783462505,1.29,0.0
4776.0,-0.513612113883343,1.1188477061862,-0.739260592391712,-0.92387806360213,2.54335113466176,3.16762028928893,-0.0367524406691579,1.1041567589397,0.328846061078661,-0.958382475301851,0.49453309652076,-2.66072504105493,1.5640237009345,2.23816386344057,-0.07732166383179,0.293512619891365,0.113652053457203,0.465315983462741,0.213119674258377,-0.106411454247431,-0.0946764330203382,-0.290440503135351,-0.115364943816396,0.972621407312802,-0.171731371827158,0.233341938287127,-0.054631140024981,0.0719558597348289,2.16,0.0
37602.0,0.172957228663647,-0.130204011111504,1.17957379714354,-1.32501150697299,-1.06683442717719,-1.22238416881752,-0.229410448222032,-1.09891603089968,-1.11663401275913,0.126118021276128,0.185866243729761,-0.0788535213357164,0.62034163645282,-0.213578257254743,0.0377631820651516,1.20958713830259,0.158355816164055,-1.67701174523688,-0.544310131997626,0.00697672674511806,1.00795789827898,0.190957431411817,-0.150547010621254,0.957247035340033,0.724089000705123,-0.353759320337274,0.141271288395296,0.238019257211535,71.82,0.0
31144.0,-0.68801426770113,-0.719754594978929,1.73446363819231,-2.51615136376856,0.01348829020787,0.754160458840771,-0.287820801556221,0.132358346974337,-2.23502982755514,0.910642095599947,0.654959319319491,-0.650097135733872,0.457823529181552,-0.596223409814054,1.00350681915716,-1.71657312721852,1.45270174590878,-2.04914653427401,-2.41816191038747,-0.462328246900707,-0.020895843047441,0.60995559179765,0.190531113310618,-0.668237104877014,-0.492929814316221,-0.310235910846142,-0.0849256224715789,-0.11203428307667,15.0,0.0
62330.0,1.14086473658976,1.22131743135767,-1.45295546048243,2.06757505760281,0.854742052227546,-0.981222507744598,0.325713913670098,-0.0377214068783676,0.113219371615132,-2.12697274994354,0.915947028928619,-0.468571538051367,-0.523377293666349,-4.86186658087283,0.421013353871263,0.866440624739209,4.08248488419359,1.1963181517001,-1.10076358353881,-0.0677120411898438,-0.377597095255037,-0.79345965987036,-0.132333171548173,-0.33158626897425,0.664877856718148,-0.309312434134138,0.099941947375597,0.122988311929089,1.0,1.0
93879.0,-13.0865194204794,7.35214833905529,-18.256576111808,10.6485054461688,-11.7314764509112,-3.65916740569145,-14.8736579646075,8.81047267511276,-5.4182040716445,-13.2025771482197,6.35722736343626,-15.5316111795156,0.659694875353275,-11.4123295951252,-2.44757607431839,-9.83374302098841,-18.1746174349071,-7.269904593126,0.623796611777714,-1.37629840858733,2.7611570593153,-0.266161809571132,-0.412860724865388,0.519952215674181,-0.743908960008006,-0.167808225140728,-2.498300252188,-0.711066151912636,30.31,1.0
35095.0,1.19005600655051,0.253358949513358,0.162628360032102,0.450207885610734,0.0468523686798625,-0.0853225019601114,-0.086983853126006,0.0927015040340336,-0.234664784889401,-0.163337172858075,1.58924047077649,0.991987720373253,0.351458496159265,-0.116150470252375,0.650787096376032,0.470496717236153,-0.106904452935044,-0.166275373417673,-0.145133780240244,-0.0761195451230349,-0.226826318940963,-0.650421371858987,0.102166317637705,-0.343573984760577,0.162184975239405,0.126262433853301,-0.010050161606003,0.0145814568853359,3.57,0.0
60018.0,1.41893892986053,-1.44490317048635,1.07101442816365,-0.992903842497111,-1.85947849927145,0.443606725600034,-1.59925216953215,0.256806899497897,-0.804583465132175,1.20481712005699,-0.0493207349950376,0.236278235004004,-0.116755393574107,-1.14562375684993,-2.97828872995345,-1.15492767391077,1.13107419148748,-0.15357341422489,1.13394663280583,-0.386354758769119,-0.598853325228932,-0.943053531182541,0.0790362282242757,-0.00468866379425546,0.34608089144843,-0.337191637879477,0.078252289668124,0.0112143735842752,8.0,0.0
66037.0,0.286302363835244,1.39934474808556,-1.68250270884931,3.86437703955242,-1.18537340204974,-0.341732013808781,-2.53938012266357,0.768378375007388,-1.54788162780199,-2.65971794652165,2.6215881261205,-3.46236188507757,-1.05430017332918,-4.95582330430277,-1.40027445820489,-2.33994291742419,-5.19779447735003,-1.34281449785555,0.288846910516582,0.270360155086889,0.352456413618901,-0.243677652080658,-0.194078546536702,-0.172201087463232,0.742237197555102,0.127789797006944,0.569730790365159,0.291205858831994,7.53,1.0
117552.0,1.929521856738,-0.0112846838618422,-1.8402277637686,0.558401243603738,0.163720364969555,-1.41411329760063,0.372001146246359,-0.410228535624874,0.58025473219322,-0.507341918086136,-0.466053213505479,0.0622124920696057,0.118109783713295,-0.737823358314893,0.908419398822601,0.251036854046159,0.340345851081715,0.552205556408665,-0.40036653819281,-0.0507103726458051,0.230186879649444,0.683349494499068,-0.102719226377386,-0.168145733837804,0.24950737364157,-0.102218636263234,-0.0155261732063091,-0.0199754556080684,75.0,0.0
40535.0,1.32883281853686,-0.817174172699868,0.947346802386755,-0.596203637550485,-1.64716573664875,-0.758680428361171,-1.0753684650751,-0.00346470981253445,-0.217793934033249,0.633103466607646,-0.522312831789263,-1.27389506590097,-0.889452288607473,-0.203116602945818,1.24874351461886,1.53755652751504,0.126663902909143,-0.702304554416107,0.222890106545432,0.0597753880463776,0.38173251896208,0.94738147632553,-0.108355146430772,0.396886782740961,0.377458566147163,-0.0475809504260556,0.025371140652384,0.0272528415347081,34.99,0.0
61551.0,-0.304303250828424,-3.7712137330527,-0.527913137970349,-0.201782838111773,-1.43913257724757,1.74141914798107,-0.220043084986795,0.254437685358184,-0.0221766692970514,0.121394619492617,-0.521971706126233,-0.316012136727189,-0.196897437844223,-0.477816514161535,-0.827539587764929,1.2889475051555,0.151587801731626,-0.681781910375122,1.22265299824502,1.81627276851794,0.488177710104984,-0.415081296093067,-0.949588114676531,-1.65290203754494,0.171077939312569,-0.215399090917203,-0.103796022145979,0.144281072672812,879.72,0.0
72531.0,1.15678749993236,0.0222413435022056,0.552501534521863,0.521515008248384,-0.498199947839662,-0.357631315270366,-0.236509455364649,0.169984824203248,0.0425477159211538,0.111654478663225,1.57685117350711,0.244567194204854,-1.64122639622929,0.838128872037312,0.767783828995398,0.232563694365264,-0.217387568069005,-0.339450200759561,-0.252709166534941,-0.235094327496838,-0.185038020606437,-0.629195174661719,0.199785541858028,0.169223519775799,0.0255030711636385,0.100172544647889,-0.0281669750079418,0.00375472913302885,2.69,0.0
71033.0,-3.17081841545902,0.185734554774403,-3.39985157931162,3.76115529034876,-2.14804702797609,-1.59894442520531,-2.51956531805231,1.31621501070214,-2.40010611621824,-4.99341703829647,4.44719176626515,-5.29376010254684,-1.41957829927441,-6.42527621352443,0.914083034195792,-3.51519716625381,-6.34745330751181,-0.90351216582405,1.19160626766329,1.93225372509724,1.09205113380931,-0.0410804286307278,0.904395217733676,0.180015601586537,0.0499703397242655,-0.257099837784436,0.859281566487016,0.225924185725605,426.4,1.0
72195.0,1.39130551797527,-0.793552820173544,1.01002568829391,-0.548328479521196,-1.41392912146703,-0.139382416647623,-1.18571450025368,0.0831039072719209,0.0855807625647682,0.45383905339373,-1.13836850260869,-0.626084455134395,0.031778469723223,-0.80071409208858,-0.0241425157610097,1.17420434679452,0.302818063962208,-1.10911044874498,0.871225477608696,0.0550360155387969,0.0798936612270092,0.344874393724679,-0.0680979220530618,-0.0890657564564555,0.420645419490536,-0.164200348568463,0.0526952030745704,0.020905818073151,4.95,0.0
52404.0,-0.642731620827041,1.69753895711727,0.331819018404411,1.08357207253683,0.0142326094745524,-1.10024134525487,0.457443050902816,0.343868939437504,-0.637202171715896,-0.795791863590561,-0.375516853479838,-0.671496815603174,-0.831577080607286,-0.640280528638763,1.21488237568754,0.282990313051707,1.12861554970918,0.864099613499727,0.188514780170301,-0.00246715987869394,0.059263455659956,0.200727825094742,-0.134904028946119,0.254796683059071,-0.200275587724405,-0.311307877737796,0.306228760315073,0.192683722341396,1.0,0.0
11092.0,0.378274504006009,3.91479678866992,-5.72687201536627,6.09414095882864,1.69887526405022,-2.8073139468834,-0.591118212837213,-0.123495593086659,-2.53071281390832,-5.15309460989926,4.65408842254301,-7.83953899762349,1.37181858033581,-9.63468971263612,-0.739596855842826,-0.663203945673478,0.891934540534899,0.978675639075006,-2.00547660274646,0.440439440893876,0.149895683076911,-0.601967245529085,-0.613724335539499,-0.403113687819411,1.568445255978,0.52188393400233,0.527937749881352,0.411910405834512,1.0,1.0
46686.0,1.22960882010352,-0.124572582201223,0.182040493645754,-0.775720398436678,-0.790412239421245,-1.59654943867937,0.148151716780422,-0.347675243021207,1.06972404378295,-0.958266704777051,0.159207769514547,0.818082265935937,0.163705924758712,0.379531919947069,1.59273254709756,-0.709324608265946,-0.101584598623515,-0.0486043153256391,0.352673381903693,-0.0587774641807933,0.128971554574999,0.467518536476674,-0.145914173866908,0.745128249137207,0.752519610422168,-0.617628263256928,0.0435189775375768,0.0287587240640523,32.07,0.0
14152.0,-4.71052878230567,8.63621438967976,-15.4962220036783,10.3133493732845,-4.35134098287048,-3.32268873543923,-10.7883728387388,5.06038112024979,-5.68931118776998,-11.7121866242875,11.1524905985837,-16.5581971409376,0.302644522406362,-17.4759212828566,-0.412393267331071,-10.222203169604,-13.7991476446987,-5.00858517858957,1.16202614780693,1.43423977941906,1.9905453513529,0.223785002572736,0.554408428563337,-1.20404159623154,-0.450684594730258,0.641836059375492,1.60595762479265,0.721643614506061,1.0,1.0
94364.0,-15.1920640113629,10.4325276778611,-19.6295152518171,8.04607504591293,-12.8381666152727,-1.87585874614533,-21.3597382791388,-3.71784952676935,-5.96978174909567,-17.1415136412892,5.90239975502551,-13.5801472568557,-0.45140689941267,-8.33476258691073,-2.02514468652193,-10.1963336944105,-17.2709851692259,-7.07909577930568,1.51769533116994,1.65747618417276,-3.47409650326971,1.76544551266317,1.70125678162665,0.381586805077026,-1.41341748729956,-1.0230778939005,-2.63476129227348,-0.463930546269812,1.0,1.0
100883.0,1.95494722505125,-0.445799402820974,-0.0461592484484219,0.225720725028619,-0.388648859281812,0.644039725325168,-1.09423355496566,0.189277092617925,2.29582001493948,-0.262989547671043,1.54115936249253,-1.18339772550982,2.71369139274922,1.09840418401546,-0.641005777322469,0.890921336610738,-0.335249305684329,0.783416943014468,-0.120992083589017,-0.101793555877789,-0.0810225754594149,0.13254333117798,0.289259976977669,0.209556421450704,-0.560269260429337,0.419016378580225,-0.0406624986615692,-0.0494382819488552,15.95,0.0
97235.0,-17.5375916846763,12.3525186682391,-20.1346128135864,11.1227714331133,-14.5710801396343,-0.381622313270995,-23.9286610291615,-4.72492103304407,-8.6030380974132,-15.2318333653018,4.41705461009659,-12.8935202086054,-0.10962845638889,-3.54722989444144,-2.17782399757845,-10.4020683266181,-18.3720191223339,-8.31409231206699,2.43582348553379,1.9251025961188,-4.35221313065903,2.38904092140055,2.01912792631133,0.627191869568278,-1.08599721239039,-0.0718032360759346,-3.83819790404877,-0.802564460951448,9.82,1.0
62467.0,-5.34466537543542,-0.285760408166142,-3.83561578178611,5.33704802681048,-7.60990870021268,3.8746680317393,1.28962992438915,0.201741916806601,-3.00353243733788,-3.9905513318108,4.98601380361468,-6.11638322304304,0.0423244061770454,-6.04339314434942,1.82140103177852,-4.7454624675489,-10.0756455907271,-3.6045960155148,1.43529381015392,-1.56216235780532,0.276010822180054,1.34204455689584,-1.01657869464831,-0.0713612973880671,-0.335869334726878,0.441044176004645,1.52061262049821,-1.11593680318009,1402.16,1.0
63578.0,-0.639191253440691,-0.0855947885921835,1.26545195854416,1.40116573166082,-0.260542078671007,1.00979457835355,1.30199897093176,-0.135257522932592,-0.431520921685507,-0.0913533730643921,-0.921051995675577,-0.61381552858098,0.198913055533638,0.0160870050482155,2.20626377523102,-0.527140627794259,-0.0572786796405291,0.448655661077036,1.16443546519237,0.861306751100051,0.340330752683629,0.76016976216338,0.353376975218638,-0.778892742566353,-0.0706811598435952,-0.0333546437243291,-0.0619624216383359,-0.0626865318467909,290.18,1.0
47464.0,1.00527173518663,-0.140314376648275,1.02131364906665,2.53293288473881,-0.536333108869299,0.968327175465538,-0.738764820870797,0.557646260930491,0.198141007661169,0.717696758902398,0.139097695351897,-0.766664929826603,-2.95152701223989,0.460273897593657,-0.527677200967505,0.586383775665849,-0.278337541171554,0.377898886452815,-0.802596684416932,-0.288256214847448,0.113011093302764,0.285832096130175,-0.111737418066189,-0.352004947500642,0.362985926606507,0.187980203206668,0.0165218989783553,0.0109853464778487,38.03,0.0
117553.0,-2.22898628948126,2.72527454029003,-0.549720386487293,-1.17996457136676,0.763907677725462,0.819257353621038,-0.992439539917096,-8.33682829331803,1.16832612545209,1.271216194853,-1.08902626152756,0.717243875063914,0.648328785722613,-0.600870560886362,-0.478618906583799,-0.133544326588667,-0.636741787926249,-0.673495985720122,-0.162453651135114,0.361275711171451,2.73491348640248,-1.74100118429027,0.777912683177954,-0.754149801006011,-0.265461309606667,0.0996635367041449,0.0925851146996688,-0.537299430142521,4.49,0.0
11629.0,-3.89119195123086,7.09891625215749,-11.4264670967961,8.60755678650129,-2.06570621026229,-2.98528802203595,-8.13858941693861,2.97392807853452,-6.27279046836547,-13.1934150665232,11.6197234753825,-17.6316063138707,-0.355194389515515,-18.8220867423816,-1.2831290856146,-10.0310966568698,-15.2270075099256,-5.32200898058982,-0.501750653452579,1.38261899967275,1.75708522742867,-0.18970915318715,-0.508629244173448,-1.18930816877394,1.18853649934791,0.605241885913626,1.8815287524148,0.875260407222375,1.0,1.0
30328.0,-1.39493333837263,1.17767264883914,1.41486198112159,-1.24995366809539,-0.664321328580184,-1.27889940089904,0.479111067981708,0.0746185259955557,0.309811846439299,-0.211471976812451,-0.252857776742054,-4.89765836521133E-4,-0.28212042211581,-0.012821299093563,0.542349945545522,0.521075379553339,-0.500428913365087,-0.444394596382546,-0.833030290312272,0.0459547622685387,-0.0765246986103876,-0.163999305038283,-0.0245763406791814,0.73678829388899,-0.376488266969073,0.651883040819685,-0.186340004463493,-0.0514073534749894,19.99,0.0
61484.0,1.28259882978334,-0.100516235266111,0.580202274838627,-0.0522340791770572,-0.88421636577158,-1.049869475184,-0.279994332844554,-0.105349670026637,0.555568408466876,-0.181618314885684,-0.406445422689969,-0.339816148192605,-0.929392954528903,0.340564432875034,1.3679263137669,0.455604070444001,-0.303168221977723,-0.289172051647183,0.0354130284148833,-0.133273084262801,-0.146173328431911,-0.459735805401792,0.110076395095609,0.419195294714707,0.0817366508618855,0.907902215229901,-0.0776554022918255,0.00717766191179386,2.15,0.0
54727.0,-3.09492558411621,-0.599017388491004,0.410396642208809,1.08832696964199,-2.53526107111046,-0.11173882973109,-0.258965977659202,1.06536945820999,-1.84392067367948,-0.0808199409648908,-1.28258071044484,-0.672227230029291,-0.354541394635218,1.05182004626908,1.64853978190118,-0.935707206988572,0.565214813487841,2.10909838125836,-0.202647990359767,-0.759766032496178,-0.100553205406595,-0.238479439168967,-0.0676594404459983,0.380162566315351,0.215789324355584,-0.127425765468226,-0.209908095019877,-0.563536075767809,239.2,0.0
71131.0,-0.309330597685287,-0.626820193902692,1.55894494675785,-2.67220572378398,-0.575867540250479,-0.109863004665916,-0.668691097355798,0.130584217072084,-2.32412724510656,0.956833405627562,0.168137391420727,-0.652731756601547,0.750284381514188,-0.52156479815345,-0.518240910288059,0.441140131522056,-0.475762447452982,1.16332884336503,-0.39906938738155,-0.254325687861155,0.0668387783094525,0.467091283693165,-0.185975476887102,-0.539042186396709,-0.246831414730068,-0.279330470731068,0.149894887651676,0.134156570072657,12.5,0.0
95628.0,-17.5189091261484,12.5721178535385,-19.0385383213549,11.1908946558522,-13.5547207079601,-0.41192361337145,-23.189396512394,-5.30141221815132,-8.63039030596902,-16.2556117491401,5.70211147983179,-13.8124040899594,-0.306815322507812,-7.01360737195925,-1.18229035380557,-9.3601791927531,-16.6683693822389,-7.14746777723207,2.16209864550609,2.52851232971436,-4.96947772242457,0.976124822110751,1.8412479337881,0.334417748210128,-0.720128461316563,-0.232603423065217,-3.02199247294556,-0.478158234859683,1.63,1.0
102625.0,-4.22122078925031,2.87112058054735,-5.8887158872207,6.89095207502484,-3.40489435037622,-1.15439396843915,-7.73992801001653,2.85136330092288,-2.50756869395709,-5.11072764247853,5.35088988417692,-9.29980722738699,2.79314035729228,-6.10655192524523,-2.10694702580884,-6.25062921491661,-13.5663252216994,-4.19278019670633,0.510570181831806,-0.227881506131312,1.62059124560534,1.56794700869044,-0.578007459600926,-0.0590448081819941,-1.82916881940751,-0.0724287202294822,0.136734308772186,-0.599847542493268,7.59,1.0
79108.0,-2.13933666190546,-0.477541728919945,1.02332884618059,0.553690635249251,-0.760199180661008,-0.0798011151609848,-0.250863110566836,0.230727157258372,-0.971462292043058,0.726832345575221,-1.38976533322526,0.139584236244354,1.40994187025089,-0.399258573999389,0.514379673426665,-1.49209432104505,0.0490468524703366,1.72476380497936,-0.0202112466925826,-0.937934956750474,-0.350356348795583,0.261435784958242,0.228478555720717,-0.0746605066279608,0.0974537376772192,-0.133516781524969,0.282959117426622,-0.0370374953895006,119.5,0.0
46057.0,-1.3094413460044,1.78649494921925,-1.37107024042555,1.21433549160762,-0.336642221570741,-1.39011986486896,-1.7091091066305,0.667747590382643,-1.69980879955917,-3.84391103993778,2.96259879138962,-3.95604520140947,-1.53923191944683,-4.63463139323434,-0.248403490673103,-2.05855138409951,-5.63549400383391,-0.775271204300359,-0.23930965408033,0.253464129147281,0.533521286327158,-0.0221799534199139,-0.299555851230085,-0.226416167090146,0.364360460778096,-0.47510178544057,0.571426303828437,0.293425836896259,1.0,1.0
85573.0,-1.7567118508365,3.26657425418237,-4.15338789695403,3.92452561357555,-1.7537718434176,-1.0057867792296,-4.31321717578502,1.56071190324579,-3.29567366751075,-6.2133552491157,4.52299197543382,-6.6528440527591,-0.12468523386066,-8.60448620191387,0.110359314846888,-5.94548061159606,-9.33893779428438,-2.39019258818085,3.18415235636348,0.874720103498016,0.911427441871296,0.0530612807310541,-0.367700953962814,-0.776337755840596,0.292093831084717,0.025999713844171,1.0629681996854,0.501148168228208,1.0,1.0
29531.0,-1.06067628419757,2.60857946990866,-2.97167900258071,4.36008935234848,3.73885304346426,-2.72839507263672,1.98761635466291,-0.357344707416169,-2.75753451251209,-2.33593332652232,2.11151686706104,-2.59194964968951,-1.9505893546741,-7.31157981735935,0.0777527657738322,2.29060783198994,6.50927165018434,2.56997142628646,-3.28615008214787,-0.0890615369649179,-0.0631678773494982,-0.207385284031508,-0.183260817119722,-0.103679373403096,0.896178353364318,0.407386872028391,-0.130918311231478,0.192177382137495,0.68,1.0
28692.0,-29.2003285905744,16.1557014298057,-30.0137124857248,6.47673117996833,-21.2258096535165,-4.90299739658728,-19.791248405247,19.1683273897301,-3.61724178604255,-7.87012194292549,4.06625507293473,-5.66149242261771,1.29295014454242,-5.07984568135779,-0.126522740416921,-5.24447151974264,-11.2749725851252,-4.67843652929376,0.650807370688892,1.71586182428358,1.8093709332884,-2.17581520342142,-1.3651041075509,0.174286359566544,2.10386807204715,-0.209943999130567,1.27868097084218,0.372392714338541,99.99,1.0
27163.0,-23.9141008948243,13.7659421584186,-25.7337337663194,6.2909179135006,-17.7848236618953,-4.57249762015164,-17.3907644695894,15.7941361803271,-3.81983218698836,-8.44226241787632,5.02011249777419,-7.0464278465108,0.692785249374773,-7.07689932873899,-0.0465348409616521,-6.20823797273981,-12.5320624040465,-4.82885763250639,0.978636193358608,1.64003733516462,1.77339928248294,-1.74842552125898,-1.09310448820022,0.147807442391992,1.66379235724108,-0.221024471156944,1.45807561131952,0.43031504868091,99.99,1.0
113831.0,-0.303864998032505,-0.30909950476739,0.946767705829711,-1.5119803491401,0.130713884445852,0.438423309096873,0.251578868249447,-0.152246016842587,-1.1446740463138,0.627117724050175,0.0286209305233242,-0.938136617317248,-0.245949279197389,-0.37941468982223,-0.0955435903655126,0.92296492728175,-0.0374916589692268,-0.420913944197442,2.31761364861251,0.328462692464674,0.0948820735179991,0.330488943024875,-0.461757121017417,-1.13547948654954,0.690550707861511,0.121046021216491,-0.336570638810006,-0.274189192317187,77.65,0.0
39663.0,-3.89645024700402,3.18038386219995,-5.58963198605331,1.73021270974581,-1.21621419966613,-0.149430789760976,-1.49219991023472,3.26799510091058,-0.260386097746822,-1.16900238136483,0.694569602595659,0.530879424297332,-0.469694602040065,-1.44799888982148,2.17879851847621,0.481462389463893,5.17204713463455,-0.184982308997789,-2.19620553146176,-0.195193794060746,0.00966069825705297,-0.0650343883838512,0.10124028529997,-1.30387961633437,-0.441910182325527,-0.247772504531134,0.219449159014969,-0.258464874738302,99.99,0.0
34819.0,1.26417465841158,-0.229667488548031,-0.963160576977106,-0.509799485314294,1.82399584080754,3.43239242289082,-0.751406371805705,0.855382307137931,0.147147874544521,0.00567101620487699,-0.144848088938244,-0.0155337378841012,0.107902420575378,0.271222286736087,1.37364492579785,0.709638145536764,-0.982332379007586,0.454151362540183,-0.0196893975440862,0.0693852050084242,0.0993015633928732,0.147580427986848,-0.145443293970764,1.05734295012013,0.620197675607049,0.501218813686024,-0.0200389244478557,0.0131197951418487,24.0,0.0
42153.0,1.36857096731974,-0.556860467475365,0.174724422311379,-0.580018656419579,-0.98702650840032,-0.915081411786685,-0.449650655981846,-0.0964999534653542,-0.858731890540825,0.784518680350875,1.19398718271765,-0.34078347472199,-1.2557970675597,0.235488841681074,-0.822521988387002,0.714757308984832,0.509954063044232,-1.09513148204151,1.03532862996338,-0.024191828200768,0.201882213516106,0.546748230734707,-0.137026641798009,0.568886270903965,0.693362777406978,-0.0916805473684566,-0.0201984084828997,-0.0066912859413461,10.0,0.0
4690.0,-1.30060458309549,0.598826086034047,1.89876370538213,-2.03331689099327,-0.115775000298162,-0.510450706994547,0.553745416404975,-0.343874607100415,2.12149886285381,-1.04731755622027,2.85635329698874,-1.97802372630782,0.503237830172684,1.66472384653192,0.57224313339786,-0.753768137655207,0.635630870157052,0.0981433015643087,0.755427611125949,-0.202394864406262,-0.307433929353351,-0.640531748596574,2.99697525315945E-4,0.133055486632706,-0.0756318002224723,-0.353636202142623,-0.828637702059646,-0.0999499307949063,15.69,0.0
35953.0,-4.84437152213983,5.64943864783758,-6.73039574613665,5.25284201867297,-4.4095661499774,-1.74076745609347,-6.31169852901067,3.44916731253577,-5.41628435913526,-7.8335555711125,3.6573495649865,-7.7814479532704,1.50772042676786,-8.60475886835984,0.0105926875670707,-6.55397325691037,-12.6243936527694,-4.98990973846596,1.64541389333247,0.284555090358885,1.19488835625662,-0.845752531858704,0.190673885417928,-0.216443252531192,-0.325033100382822,-0.270327592956951,0.210214051535782,0.391854886292055,111.7,1.0
41743.0,-2.14441147422114,1.0734990949761,-2.77366294436956,1.38439373061694,-4.01547712730958,0.747235431622141,1.52563753547227,0.192987836205386,-2.43186196584916,-4.15583783449678,4.35477463025116,-2.87240010922107,0.468875462284219,-4.55566674751092,0.699671492981511,-2.90114077639634,-4.67466711122835,-2.21362325223921,1.29616504982889,0.668123787084126,0.14465327974064,-0.885681640451265,0.625098628062992,0.0965268919194303,-0.189454895625625,0.532908314019749,0.423044721673666,-0.210266310409715,802.52,1.0
75433.0,-0.323069910983848,1.16278001143224,1.62462003219888,0.445879460701828,0.05539907153964,-0.750542402625885,0.780435505065997,-0.18142886573189,-0.900580535458332,-0.659352471965684,0.0988238137981793,0.542859436289823,1.48717746912007,-0.621996064512557,1.18919875568452,0.0797179328638963,0.210856759322722,-0.212697213748613,0.620567878498634,0.19551702877641,-0.227386073646052,-0.648713481845149,-0.111873161951994,0.381489126167844,0.16037513230728,0.226197108471772,-0.0278015784936021,2.68876305461352E-4,15.0,0.0
12095.0,-4.72771265581559,3.04446910225824,-5.59835426695611,5.92819080241929,-2.19076972938784,-1.52932296564747,-4.48742195988547,0.916391814103266,-1.3070104231933,-4.13889121357616,5.14940878300581,-11.1240186070579,0.543067765541171,-7.84094220494304,0.743633944785042,-6.77706923974191,-9.93176515376766,-4.09302112201074,1.50492485905709,-0.207759445103882,0.650988236282379,0.254983288954681,0.628843468802127,-0.23812845429317,-0.671332331960485,-0.0335900627800998,-1.33177732223058,0.705697590023144,30.39,1.0
61108.0,-2.7560071191969,0.68382137690334,-1.39016888269883,1.50188726081003,-1.165614355805,-0.13120694925796,-1.47874061646082,-0.246921578045176,-0.100522731731488,-2.30110989675506,1.91445404493049,-3.8309980112302,0.719488566785256,-6.35301985790071,1.43871619241123,-3.29723907467834,-4.86297149937169,-2.00235399924327,1.54523326964355,-0.106944639579729,0.320473875601072,0.61102668559867,0.174863684107414,-0.502151101117601,-0.174712784335661,1.17924208342707,-1.16631532833921,0.821214803121569,101.5,1.0
84632.0,-3.69812891795921,1.85549196080186,1.37869356004591,0.330356234462276,-0.946743069240824,0.630003873839696,0.078161078598768,0.560903715548044,2.19231443841608,1.21654743107182,-1.3707149134344,0.248020800982889,-1.2648170900068,-1.22625787846341,-1.9787605990072,-1.09400324743426,0.579060208918127,-1.2802933595911,-0.360423854168568,-0.0212731712461562,-0.581205521029034,-0.747309235966918,-0.21082036442586,0.0362678456948609,0.465914738030437,-0.820086609558781,-1.93222673670286,-1.1505704211866,27.23,0.0
35899.0,-2.85716975415491,4.04560138120513,-4.19729878550198,5.48719863078843,-3.07077616787415,-1.42268633776286,-5.65131373987331,2.01965739455388,-5.01549098658195,-6.31970750896333,3.77960220775921,-8.07709364590223,1.4408888557809,-7.89190877856627,0.530452788364339,-7.9540700449952,-14.2650559534715,-5.7710644259128,2.8921696850147,0.981608721582294,1.08032273397717,-0.561384150324839,0.102678427260093,-0.0671947227831213,-0.476931194262915,-0.103716356143308,1.16696149168342,0.663632066947765,1.0,1.0
62305.0,-1.5335143468831,-0.348520484306715,3.66364633874079,1.15181031960507,-0.672260478956202,0.696559604372759,-1.00361430421805,0.868915482603162,1.16206734772495,-0.487224664982524,-1.72727734081347,-0.987016816361785,-2.88533155555199,-0.957944035405594,-2.02652457938792,0.13548046684874,0.435495473071322,-0.466636834419998,-1.51025978751106,-0.0367047359538444,0.101518907910893,0.477947813856424,-0.141127928984558,0.428780389439462,0.205620061101075,1.09007874839699,0.24872970743207,0.132382713890314,21.57,0.0
62746.0,-0.0714835060597822,0.994632136073248,0.838518465920416,0.689847712640583,0.874530188900117,0.17357354050968,0.733848673609498,-0.0679566605161086,-0.792755485613306,-0.269427607909977,-0.727118390120945,0.647365022754928,1.92200750175373,-0.0526954312414202,1.15246503061601,-0.417416187417785,-0.323358151840913,-0.299879485999594,0.324347717325457,0.113920192836094,0.131188215027015,0.528217824485703,-0.224693522613026,-0.706030132314101,-0.00580018482972744,-0.242111940654959,0.119645516966404,0.0599638888844412,10.59,0.0
52649.0,0.699817228353032,-0.970099429379062,-1.20637819598658,0.0614372528805294,0.177445054272771,-0.464748427029594,0.944631106248639,-0.440463071541518,-0.192381035943521,-0.272170830898588,-1.3766101081006,0.0529274551945569,0.968674772952471,0.351684660259016,0.838245092444148,0.334992303599134,-0.693036094350472,-0.237072994412079,0.52319177744223,0.77044552615,0.0935528417844642,-0.516467864045443,-0.595244709198378,-0.885120119124444,0.622014473261654,1.11490044115728,-0.18190775760863,0.0432626726516869,380.9,0.0
101172.0,1.78574579959525,-0.557259074510975,-1.68382854859955,0.712500137002243,2.09733185129691,4.23124283145234,-0.88486247543527,0.983757778066617,2.29996960355999,-0.396526758398966,0.406519835740306,-1.75911799318859,1.27663388491697,1.38164472677996,-1.52494227771306,-0.518286916367828,0.600082980240792,-0.717802641429549,-0.138618628950012,-0.113996324400244,-0.633838414804249,-1.55922654691249,0.426464241489671,0.559105283708099,-0.3313488117081,-1.1306110277504,0.0336989334049599,-0.0307295364895989,79.21,0.0
41436.0,-0.790604083008896,0.833911823563425,1.55908597871846,0.09069774054123,-0.251192700183182,0.271671157624711,-0.0209482841619107,-0.394802984497867,0.217357322314029,-0.196723255032096,0.813016150579251,0.102255407023097,-2.12277092894774,0.317947557405104,-0.941505050658553,-0.569087734553591,0.364005625605776,-0.169245218214345,0.178100460560985,-0.249766091565176,0.812292484397551,0.143519546730383,-0.0213189443552745,0.214958321563196,-0.311056690057166,0.375017414314444,0.396531224540823,0.192647505134974,1.69,0.0
41212.0,-0.614334194400396,0.543408332374849,1.66739033154356,1.43972022068136,0.211749099924778,-0.16605726416864,0.855763806835366,-0.125173742633752,-0.15517300314861,0.0792455154152852,-0.264834285315586,0.10834900819543,-0.35188860323772,-0.129051934113803,0.250471765374514,-1.38651904205117,0.653199155117326,-0.767372827381014,0.592029214426414,0.384296461581694,-0.0101596902425638,0.327920721401494,0.0412279805000325,0.400406727030767,-0.129234267485007,-0.273149121965324,0.235659496684191,-0.00634423066695029,70.33,0.0
95559.0,-16.308650062507,11.6148005425867,-19.7393862972953,10.4638662754002,-12.599145656022,-1.2023933184963,-23.3805078207357,-5.78113300512982,-7.81102238181602,-16.3035376590131,5.57362527301538,-13.6352161247268,-0.483236243869236,-7.35279224297253,-2.39268418895092,-8.72814239367754,-17.5988535455879,-7.45595632935304,0.169740705598221,2.10603387120175,-4.88498262418118,1.14091043558273,1.39295263139548,0.348996604820014,-2.16750975079914,-0.798753537981903,-2.94277507305079,-0.462679619023024,1.63,1.0
94952.0,0.842025258809961,-0.365518405631879,-2.46406333105633,4.82088596439253,0.775505434320733,-0.614784604613805,1.36802439952459,-0.526261741999926,-0.121356446796038,-0.357616193093852,0.637766685379952,-2.81888227036892,2.36059541417279,-1.10869894034456,-1.44995109474769,1.57373987380152,2.20265154365361,0.800471466568041,-2.10358290329291,0.944915098074741,-0.110621878759425,-1.25780002613606,-0.324418362936717,-0.420020001036393,-0.219501077925226,-0.268872635957687,-0.144582319033867,0.104464060190998,571.48,1.0
15817.0,-4.64189285087538,2.90208643306647,-1.57293870931742,2.507298518227,-0.871782564349351,-1.0409025722626,-1.59390073966645,-3.25490508581579,1.90896268593707,1.07741752106048,3.33850216040272,-6.54261034532574,1.09953638182128,-3.26647554459315,1.01472790444294,-4.84238307827835,-5.269876299726,-2.34466857415508,1.95922405409272,-0.465679220344122,1.96359666634146,-0.217413915973245,-0.54933995583883,0.645545202036521,-0.354557818794591,-0.611763845006479,-3.90808047547799,-0.671248265147117,11.39,1.0
4228.0,-0.798300569245309,0.563920815967139,2.89725414089119,3.08022744365923,-0.10129303851044,0.81699503304549,-0.56245175159129,0.448357386378501,0.410058159011226,0.315011890680366,1.19369976058488,-3.29471752278801,-0.0675721301747844,1.69733189075287,-0.263825210026159,0.379193829801007,0.567132481717739,1.57241970366832,1.00954946161259,0.178001312855933,0.0735220512360126,0.308648912806115,-0.198384043278666,-0.0852759643837028,0.0447137935721191,0.360920520991327,0.0604078432761101,0.08368829076825,29.45,0.0
95559.0,-16.308650062507,11.6148005425867,-19.7393862972953,10.4638662754002,-12.599145656022,-1.2023933184963,-23.3805078207357,-5.78113300512982,-7.81102238181602,-16.3035376590131,5.57362527301538,-13.6352161247268,-0.483236243869236,-7.35279224297253,-2.39268418895092,-8.72814239367754,-17.5988535455879,-7.45595632935304,0.169740705598221,2.10603387120175,-4.88498262418118,1.14091043558273,1.39295263139548,0.348996604820014,-2.16750975079914,-0.798753537981903,-2.94277507305079,-0.462679619023024,1.63,1.0
47457.0,1.4301901811988,-1.29606834005288,0.782166301476326,-1.28027197136925,-2.04550861072413,-0.856756067027238,-1.31331270148996,-0.0250316849519958,-1.32091302995769,1.45257771320451,-0.810388451851672,-1.94194173117527,-1.47735362674643,-0.0543725504665063,1.05233195483021,-0.0142571278571018,0.503048815278483,0.334605976182508,-0.318562926973111,-0.385777558122456,-0.282114961021086,-0.613745853803725,0.138471257365692,0.297960404297971,0.0667482251656362,-0.329707728139701,0.0322837644659842,0.0327862583133042,45.0,0.0
93742.0,-3.29112509261551,4.4011941515981,-8.39421162258901,4.45357956949695,-4.79005451824953,-4.24018208232724,-9.21900099642753,1.97402995723142,-2.91294270907847,-13.540168238225,9.41303953977606,-18.0475965708216,-0.728186553999085,-15.3930448312636,0.3494850489774,-13.30388757707,-21.2979057823155,-7.26231079476482,2.27422550991903,1.4908691418867,2.10234346771868,0.597370314627801,-0.328086184026121,0.445752402449364,0.585280580866405,-0.399005421878678,2.11600444233121,1.05074380386505,1.0,1.0
102264.0,2.07926271205758,0.242069884335952,-1.92858739487916,0.639211879709763,0.613623945133303,-0.968271192339604,0.225186059732625,-0.340934922587727,1.78487080582113,-0.731746483132586,0.181725818245592,-2.94163036034432,0.738268977762464,0.780840393700145,-0.525309973513275,0.205628413272369,1.37300087866869,0.170212829129422,-0.153285265915146,-0.238425956497842,-0.400570981993572,-0.844303966469813,0.224789149891888,0.41566688481678,-0.0894973242390661,0.305516646949896,-0.110272688462503,-0.0435820492634189,12.23,0.0
17838.0,-5.18787810836635,6.96770866359565,-13.510931139095,8.61789514115238,-11.2144223939458,0.6722478387604,-9.46253281088355,5.32870420774381,-4.89700552817542,-11.7868116556041,9.36907905765884,-15.0941631493865,1.25637700700759,-11.8521613037824,0.274429814172421,-10.6882417917386,-18.3888105354245,-6.89884013301839,2.38280793552097,-0.623737291574186,2.08608300107406,0.760190240866359,0.716805785858217,-0.646743429628277,-1.61704292571624,0.172346889503238,0.626646780979254,-0.169726031129409,766.36,1.0
35953.0,-4.84437152213983,5.64943864783758,-6.73039574613665,5.25284201867297,-4.4095661499774,-1.74076745609347,-6.31169852901067,3.44916731253577,-5.41628435913526,-7.8335555711125,3.6573495649865,-7.7814479532704,1.50772042676786,-8.60475886835984,0.0105926875670707,-6.55397325691037,-12.6243936527694,-4.98990973846596,1.64541389333247,0.284555090358885,1.19488835625662,-0.845752531858704,0.190673885417928,-0.216443252531192,-0.325033100382822,-0.270327592956951,0.210214051535782,0.391854886292055,111.7,1.0
65931.0,-0.105050026952937,0.653319674876711,1.22574402769473,0.414033199230223,0.177018039907287,0.241673859617175,0.380367224358664,0.180441497057711,-0.779430242597805,-0.0648720196595867,1.32828211055013,0.658325693908704,0.202768206898563,0.413804248641065,0.931722594284691,-0.12696568162392,-0.162293053022134,-0.090632370572278,0.975860559154898,0.125917027372374,-0.0905106657753175,-0.321216940388255,0.118878281674616,-0.303560211861541,-0.550240524910566,0.20297271046522,0.0315331993501736,0.0187198625596182,31.43,0.0
94952.0,0.842025258809961,-0.365518405631879,-2.46406333105633,4.82088596439253,0.775505434320733,-0.614784604613805,1.36802439952459,-0.526261741999926,-0.121356446796038,-0.357616193093852,0.637766685379952,-2.81888227036892,2.36059541417279,-1.10869894034456,-1.44995109474769,1.57373987380152,2.20265154365361,0.800471466568041,-2.10358290329291,0.944915098074741,-0.110621878759425,-1.25780002613606,-0.324418362936717,-0.420020001036393,-0.219501077925226,-0.268872635957687,-0.144582319033867,0.104464060190998,571.48,1.0
9064.0,-3.49910753739178,0.258555160773118,-4.48955807274398,4.85389435139681,-6.97452154477167,3.62838209065084,5.43127092073166,-1.94673371078472,-0.775680092900109,-1.9877731876087,4.69039566550924,-6.9980424321007,1.45401198637847,-3.73802333366749,0.31774206255503,-2.01354268083989,-5.1361351026702,-1.18382211654359,1.66339401354543,-3.04262575715977,-1.05236825623151,0.204816873569406,-2.11900744010783,0.170278608305444,-0.393844118118335,0.296367194488607,1.98591321801306,-0.900451638402827,1809.68,1.0
38674.0,-0.954916572700786,0.517165025274303,1.78689803203328,-0.255196048171744,1.13093111994689,1.73788237230484,0.593359198714674,0.291333395191511,0.133790392476198,0.239850594017738,2.06447454751493,1.1347586154206,-0.155880400676919,-0.393537662547072,0.0334806710701137,-1.6789538058194,0.783629390982259,-2.07689158883392,-0.890636613917745,0.226644784893265,-0.155672087736309,0.372558719599161,-0.118746446309196,-0.986731962994484,-0.356574232017259,0.299823139992699,0.19095614252645,-0.239738002462266,21.53,0.0
28625.0,-27.84818067198,15.5981926625554,-28.923755945104,6.41844174657532,-20.346228155413,-4.82820246578157,-19.2108964179086,18.329405525597,-3.66873493861418,-8.00915938639777,4.30309581759563,-6.00866000668561,1.1389688287939,-5.58044712038062,-0.11073711578577,-5.49107326163426,-11.5885435992809,-4.71542017123115,0.734573493016404,1.69785626318366,1.8021491336386,-2.06293427611466,-1.26984343615924,0.165409188492223,1.99949911253199,-0.211058522431997,1.32480949279508,0.388090177732107,99.99,1.0
60468.0,-0.839847273277089,1.86714256504441,1.30355859464064,2.43363726630938,0.347104228838368,0.515551498826303,0.414232372784915,0.589353394273671,-2.15753922028601,0.689920285705146,0.499980603230282,0.331634578245274,0.526986421952865,0.790279239655827,0.512499944897261,0.459354249928845,-0.318279457303144,0.304449454695555,1.67710750250556,0.256882037258277,-0.426813883575506,-1.37211960959435,-0.0351574800380778,-0.568624802295112,0.0140374420246259,-0.152488567429541,0.181010153709337,0.0749953785251789,12.66,0.0
75899.0,-3.72056297145602,-2.5765431743906,1.40464940619906,-0.452386626403331,1.70715783700953,-2.19079446940197,0.328810796779177,-0.44220929804281,0.578785892086926,0.105203298008341,-0.13970396204025,0.312623567537724,0.967990806021099,-0.682904447399943,0.760936260017398,0.69057974935896,-0.975659304930873,-0.472658106127385,-0.338277965387598,-1.05108570371752,-0.660068171223899,0.224951929880821,2.47641797577122,0.445043697335781,0.418400806727465,0.838553931213576,0.838960379759148,-0.439888543817885,19.82,0.0
49301.0,1.20706188798887,-0.269395231331993,0.445847568331398,-0.101541370920891,-0.448406955052163,0.152995496656952,-0.437229812793552,0.233267385130165,0.587842542686785,-0.203144793874733,0.90965198479677,0.695267231723465,-0.948598261891454,0.223890353021459,-0.369113646027022,-0.146070957323354,0.0566842147822828,-0.61725045927383,0.556482862335245,-0.161716700105011,-0.281615741226982,-0.673260776825225,0.0993626241428302,-0.263688938307304,0.107822744664731,0.890097224838074,-0.0587513132705628,-0.0136436875430123,0.0,0.0
13126.0,-2.88004235163471,5.22544230971559,-11.0633302799459,6.68995065770063,-5.7599239886738,-2.24403079081521,-11.1999752166959,4.01472180864313,-3.42930426351801,-11.5619497720699,10.446846814514,-15.4790524832016,0.734441608104148,-13.8837785491112,0.821439545395249,-11.911483017197,-18.1030037037729,-6.83783453880068,3.12692935212663,1.19144396640797,2.00288287701632,0.351102064721284,0.79525514045211,-0.778379381413672,-1.64681511254223,0.487538823287331,1.42771309550336,0.583172486219188,1.0,1.0
79409.0,-1.28473886466611,0.838826615083134,2.04290591099927,-2.11321856722017,-0.52041226981687,0.261172979255983,-0.824379576273263,-2.49838889779955,1.00270470681352,-1.76778312303565,0.666255178288665,0.852963197524951,-1.02502003210975,0.15218998067888,0.0172050510187965,0.106640148663746,-0.673259364461094,0.956108508388164,0.265261468780337,0.708772639199068,-1.2935378103686,0.66612501348503,-0.222371256146288,-0.0220089802891134,0.47070108900263,-0.797611898985737,0.14586926283998,-0.0630021963983948,1.0,0.0
73528.0,-0.366201944844181,1.07122605369892,1.17237922106359,-0.130897277196537,0.24697337047639,-0.458327234176574,0.624578626836352,0.0870595612674218,-0.651512842245584,-0.349316703043474,1.20914613894591,0.561262315653167,0.210555629308734,-0.275911185169886,0.204989240738111,0.671467150670479,-0.370595048389094,0.452510280712294,0.322336992498682,0.151546152029592,-0.230409857552803,-0.628655087924065,-0.060909891585453,-0.0508236456907953,-0.140638637245447,0.0745839311820958,0.24083726978456,0.0852487859824749,7.16,0.0
76867.0,1.08256623409747,1.09486151295003,-1.36702004784737,2.01255429562949,0.708142047645968,-0.807712094137058,0.151952109111841,0.158352530916403,0.00987228422733163,-1.92527812380296,2.60593702345612,-0.309218873424363,-1.76754891562268,-4.42919458671376,-0.171939794624445,1.05551393649543,3.9705869371836,1.76224857169611,-0.880812102847679,-0.135789404251701,-0.32528376499397,-0.734343617700577,-0.106725343342181,-0.224999064492694,0.569167327221417,-0.33503264926341,0.0891401408869493,0.11233722000597,1.0,1.0
34530.0,-0.822311924443053,0.887024887131232,1.3838136858233,-1.17341202170158,-0.47422930744818,-0.801633147840404,0.464500897455592,-0.797303616950314,-0.512683681119665,1.97358077622453,-0.0248865419512348,-0.772820748265365,0.734733306785374,-1.04430676397233,0.870373504373474,0.4237920815663,0.202760106719389,-1.31867687180414,1.27700175268792,0.572043677113441,0.211644728707395,0.787571551230077,-0.15414321982366,0.426382082840736,-0.439700475134417,-0.3300374309076,-0.640875042459647,-0.166932133454184,2.95,0.0
36826.0,-1.02616136823793,-3.9490587681399,-0.531426310756939,1.10418272846106,-1.62681839321749,1.10611024096423,0.787063467522303,0.116767260951256,0.6317246690372,-0.759422828161954,1.21612872271322,1.09654046445265,-0.576806473541347,0.202646970424602,-0.548668890652951,-0.586001935377155,0.604504162608447,-0.716683003199323,-0.3937825316895,2.0641804470737,0.730470722681829,-0.0933939203825487,-1.02270909707287,-0.131859513179056,-0.120637301907635,1.09558895381286,-0.234637498767663,0.176367092742715,1110.4,0.0
74811.0,1.19313058254704,0.500213227382073,0.0318566589543962,1.13316250637053,-0.0555272334216764,-0.507007076839335,-0.133631013296811,0.0634617867458506,-0.0395734721593627,-0.454094320033046,1.40988165219461,0.328107868294765,-0.422171642554386,-1.02887756639658,0.654311236826989,1.11590144325396,0.274137258663578,1.21892545932664,-0.220685216499451,-0.102110039159926,-0.136814920087149,-0.401402434891561,-0.038297343952128,-0.170448097481478,0.422446574703105,-0.488563101734371,0.0476571590220468,0.0492728352052115,0.01,0.0
79383.0,1.22524071470874,0.0867145720288302,0.705795017713382,1.14189175184664,-0.295040506524961,0.197681521594247,-0.319166218109611,-0.0115416852471143,0.616890125830463,-0.214103878836657,-1.32325182845528,0.942602253409985,1.62248881255399,-0.622146965053909,-0.0476454815894697,0.076959649241849,-0.575712795344072,0.0888675414205673,0.0704445894261901,-0.0124184066639633,0.0535195796538993,0.465584215406811,-0.264264510015467,-0.384631925058327,0.812342886794564,-0.168588669664569,0.0682131784711812,0.0251479518424629,12.01,0.0
93823.0,-3.82193880087939,5.66724730913206,-9.24496345774236,8.24614693395311,-4.36828608664298,-3.45073451820581,-8.42737802930292,2.30560850484611,-5.33807918394682,-12.0111608836062,8.62125508140256,-18.6837146333443,-0.962073428413392,-15.2976561861343,-2.41413212341002,-12.105602245184,-21.3381950868483,-8.04543571561822,0.15601503277122,1.11524688892983,1.99051970513882,0.0833533215963405,-0.0622635530228708,0.390187802079359,0.329883884451897,0.0980170825531413,1.86957016296191,1.00084956292018,75.86,1.0
35759.0,-0.591932537731134,1.03481734063008,1.19393620946987,1.11681920153576,0.312679752561333,0.619552625600964,1.15836803791364,-0.2541925251972,-0.0901198404030111,0.260281376807374,-0.869858312091282,0.218636804136776,0.599872197066849,-0.440230876597896,0.246647464550853,-1.16455670082194,0.264408277581428,-0.628786704765664,0.93041519917046,0.174224618303762,-0.108660166821569,0.253764581832765,-0.25006312198615,-0.414940607168195,-0.0407275637117933,-0.24348144702464,0.0520591048093368,-0.0402270634270148,87.26,0.0
14152.0,-4.71052878230567,8.63621438967976,-15.4962220036783,10.3133493732845,-4.35134098287048,-3.32268873543923,-10.7883728387388,5.06038112024979,-5.68931118776998,-11.7121866242875,11.1524905985837,-16.5581971409376,0.302644522406362,-17.4759212828566,-0.412393267331071,-10.222203169604,-13.7991476446987,-5.00858517858957,1.16202614780693,1.43423977941906,1.9905453513529,0.223785002572736,0.554408428563337,-1.20404159623154,-0.450684594730258,0.641836059375492,1.60595762479265,0.721643614506061,1.0,1.0
41147.0,-5.31417320646342,4.14594361146639,-8.53252245892907,8.34439167363678,-5.71800820787464,-3.04353608094129,-10.9891846672722,3.40412865609659,-6.16723364181153,-11.435623996076,7.67453383416429,-14.2960914258331,0.526938923712363,-15.4450258118019,0.991651201275811,-12.3913460034009,-22.5416517287861,-7.98672065349455,2.99255446334225,1.15001731865814,2.33146580801509,0.862996305559532,-0.614453237551036,0.523647877136623,-0.712593271662611,0.324637964828057,2.24509146635599,0.497320848969724,88.23,1.0
2362.0,-0.733359727228618,0.0828607817287352,2.18497753525328,-0.146467073354279,0.755273812503393,1.24193030126342,-0.0477709985773146,0.426441731825115,0.466146067339056,-0.53032675955122,-0.357196785457814,-0.147075644898552,-1.09135636331066,-0.363572131068045,-0.568122910520297,0.51198585846266,-0.960317954851568,0.613590926758888,-0.286988082926492,-0.0316196773274103,-0.078964727356444,-0.0872847802122881,-0.377572220895112,-1.35305565527962,0.521552920198085,-0.414787820495424,-0.149892626186179,-0.255959395562158,12.99,0.0
39500.0,0.839050554462232,-2.18793025415847,0.59444001355172,-1.24832382428977,-2.06488742711287,-0.0521560103135517,-1.07125377518163,-0.0129246995870332,-1.80805422189337,1.40752414901015,0.971693898823569,-0.0627402045846914,1.06207084932172,-0.423767844435773,0.266115288677548,0.319634865212325,-0.0674258882337091,0.936454888124263,-0.141517894407211,0.390570779987561,0.0871981140454799,-0.0985432790403364,-0.256107385729778,-0.00237333892523135,0.0796736791410933,-0.252424460062991,0.00179392316985626,0.0774750303910786,335.09,0.0
77258.0,0.317824465871572,-1.41941793809917,0.814715102124649,1.84691095252207,-0.86489765886259,1.50738525206622,-0.295632073091223,0.51752053545432,1.04344202829792,-0.436274451086011,0.717640126579118,1.43273521215436,-0.952306742496151,-0.310127291809226,-2.03531368672346,-1.17233702503745,0.855220025922894,-1.16518106695004,-0.00879366430708368,0.439471185350742,-0.131257730742682,-0.726601592693631,-0.197011566822849,-0.279106127880255,0.171132562750243,-0.532643655643008,0.0340411410261614,0.074601401830115,359.7,0.0
64278.0,-0.796535876966107,0.768733262832202,1.56345965488086,1.49858834240546,-0.3638122891781,1.24256897143575,-0.471420662813145,0.87887730856074,0.705574355728462,-0.661439027914305,-2.3251036062563,-0.228700111941368,-1.4158327886781,-0.264003885814696,-1.22339531879274,-1.21915584072261,1.07585080635335,-0.582067732437974,1.62783070076017,-0.239733715706168,-0.320487635273824,-0.639156773653877,-0.0104212801944011,-0.803094301464564,-0.304046702198198,-0.389258472757452,-0.0231953744194835,0.0725372564266345,4.94,0.0
79923.0,1.13215607833426,-0.334772991539337,1.17981306992856,0.831831810106592,-1.05217225417604,0.129234920253233,-0.810078502561573,0.304028599956014,1.17400676277546,-0.237523416641266,-0.789656161602828,-0.342552413771203,-1.60805477078306,-0.0531199764649494,0.631300078791481,-0.0526416011125389,0.197396436907956,-0.483834286808145,-0.38862494745956,-0.231621729555336,-0.0813759154569505,-0.0909704019576905,0.0784881592523101,0.0780615251013016,0.125455383800842,0.351291938297698,0.0222055664779152,0.0208654359611752,11.5,0.0
39040.0,0.167346862093591,-2.54181698425816,-0.745939982839652,-0.188929197917278,-1.16831148867246,0.119797889049527,0.342621229138895,-0.102399299326288,-0.992536512907229,0.488377494269039,0.762269169735697,0.239988549175405,-0.570524587836779,0.518639779287541,-0.305464331175347,-1.68070343754292,0.285169931615511,0.969051752353792,-0.597230905739421,0.677886560040678,-0.0321146706116997,-0.905329707997922,-0.55478090011303,-0.238828057093922,0.124833344891863,1.0618868418551,-0.176598528428377,0.085348305514489,614.99,0.0
37730.0,-0.733953454460829,0.780159624162952,0.463451807143471,-1.32746262980442,0.151169871418664,-0.237371507770875,0.244887658218089,0.424109352578919,0.173922909842026,-0.156531972671638,-0.439365218347984,-1.19724589058053,-2.62514607670282,0.786970377849556,0.0369123027050807,1.05774545284991,-1.03937508939856,0.992866074006561,0.110230044170545,-0.162711151324863,0.0975545298707743,0.229569535490841,-0.24025113666246,-0.82990936960583,-0.428652711248743,0.918002663226727,-0.146643115350042,-0.105850102873856,3.12,0.0
41413.0,-15.1404496225073,7.37804241221284,-16.356367356494,9.19493491430021,-13.4661632895942,-2.95843050082103,-16.1655386244192,10.0752539455532,-7.90182112627786,-13.0094028057641,4.82823533219729,-11.0584014244364,1.99812557552295,-8.59204740189288,0.540385309176116,-10.6157452968661,-21.0178983428443,-8.39739305199317,3.18355894967976,-1.69148198782553,3.14742810473234,0.341677595071206,-1.15016247089952,0.795189734964946,-0.194542181109758,0.145963568626439,-2.45868034756574,-1.18988788135128,106.55,1.0
45541.0,-1.51924353075082,2.30849245367643,-1.50359931953802,2.06410058377601,-1.00084505842829,-1.01689703316417,-2.05973051990126,-0.275166374590629,-1.56220609694371,-2.75579692797163,3.43824825990431,-3.52152936013651,-0.918761288376486,-4.45210024854037,0.499313753853031,-2.90790343439971,-5.24864639527919,-0.936814652613817,1.16012029433585,0.175018552247898,1.30787143187069,0.102825644139183,-0.0177462832428156,0.149695925673219,-0.0966024680642115,-0.369114567720136,-0.0192440931269227,-0.20831909164279,1.0,1.0
93824.0,-3.63280894927825,5.43726336227612,-9.13652148062595,10.3072263079132,-5.42183029451154,-2.86481514933136,-10.6340876212042,3.01812657999175,-4.89164032107494,-11.2350479111446,8.78878366710272,-18.5536970096458,-0.339533407676443,-15.6231873302985,-0.188978574214972,-12.4279613630565,-20.1590474539227,-6.88889109280947,2.58609321670737,1.35406479520345,2.30988016889674,0.978660126299279,-0.0961301444473713,0.432376722544823,-0.435627929953396,0.65089278643537,1.69360750804844,0.857685371687245,8.54,1.0
19908.0,1.3750155279627,-0.626670465052747,0.494255377950132,-0.422157042415946,-0.97892904434811,-0.309413842751337,-0.874798463217745,0.0196589987108449,0.876814552106537,0.342701256864696,1.45444010916497,-3.21523990645285,-0.143070967088889,1.50234763131792,-1.70657226050979,0.922880604423334,1.14579321945129,-0.673948069657149,1.16065262648864,-0.0912906805053216,-0.162251388503352,-0.249066888581073,-0.052901893793806,-0.0801058212850605,0.486828423750477,-0.273833063116844,-0.0288132471096869,-0.0105496757255017,10.0,0.0
15817.0,-4.64189285087538,2.90208643306647,-1.57293870931742,2.507298518227,-0.871782564349351,-1.0409025722626,-1.59390073966645,-3.25490508581579,1.90896268593707,1.07741752106048,3.33850216040272,-6.54261034532574,1.09953638182128,-3.26647554459315,1.01472790444294,-4.84238307827835,-5.269876299726,-2.34466857415508,1.95922405409272,-0.465679220344122,1.96359666634146,-0.217413915973245,-0.54933995583883,0.645545202036521,-0.354557818794591,-0.611763845006479,-3.90808047547799,-0.671248265147117,11.39,1.0
73298.0,-1.17330403426967,0.637190507043267,1.52963206541591,-0.988656554241574,-0.628483255789405,-0.504685769802951,-0.0174934281508949,0.52870613169389,-0.00514076881490808,-0.916431217007613,-1.15943294150501,-0.19036123183825,0.189770921771679,0.0555950402909292,0.862268259156295,1.05909534793254,-0.744140850054362,0.381371405312212,-0.627351238986461,0.138289445005305,0.230947018848363,0.478336483175606,-0.120195809530345,-0.0527633444849473,-0.0160048018453532,1.01289038943369,0.123431060221322,0.071504188510678,56.0,0.0
20931.0,-16.3679230107968,9.22369194937548,-23.2706305232856,11.8447765860728,-9.46203714585895,-2.45044437416398,-16.9251520440555,1.38420847895884,-6.28773594816964,-13.0027093010697,9.69146098207319,-13.8865951585248,0.838361375836116,-13.5170724083842,-0.377910607106286,-7.85568149439455,-11.8038151924676,-4.76102594206856,0.618624412799665,0.993584598744375,-2.34367359429797,1.00460241382139,1.18821215709493,-1.04718376839983,-0.0355727659827232,0.664899774367373,2.12279575423083,-1.41674061492574,1.0,1.0
79540.0,-0.114360703589856,1.03612940153875,1.98440526119199,3.12824327369048,-0.740343559582751,1.54861869623,-1.70128395465886,-2.20384174839674,-1.24226477538834,0.269561809170344,1.29341829662131,0.933215784460268,-0.135325960632637,0.521483689902165,0.386884188055331,0.0598689535627266,0.306339379229928,0.265051988857439,0.223718288348024,0.732852498432027,-1.03293465200213,1.19642831010463,-0.112856718234204,0.254718993156121,0.69666788609654,0.482370416673402,0.129969314476127,0.223924333790406,0.2,1.0
63502.0,-0.649788314858974,1.27425345346574,0.455791492139639,-0.27987548604511,0.306396503870223,-0.050695431803337,0.230350054710903,0.583425652684388,-0.716151022467537,-0.562892049001721,0.264668587347637,0.285552700890033,0.113322960037892,0.0510911888171198,0.259503902201444,1.05026251952397,-0.487161572249786,0.799610394823402,0.633156712603742,0.0522321393583061,-0.245368271176919,-0.817212211392728,-0.102353631688936,-0.908445222691013,-0.0153270307273401,0.130315446831128,0.112070130911535,0.013179224258139,8.98,0.0
41460.0,-1.06945511710347,1.24208609053298,1.66371311674571,0.142554879926963,-0.283020795216432,-0.800960408298853,0.679047550755698,-0.114055351083449,0.195332053763163,0.0414438757614528,-0.445475245508819,0.410696344686353,0.109143851761613,-0.37033163825895,-0.444162596809995,-0.576239121799957,0.139655165883885,-0.710316631045717,0.242199358619843,0.185511335168539,-0.162980395317418,-0.220646365751668,-0.110851793479663,0.741128665591366,-4.5213260596999E-4,0.201004156500188,0.146088608595637,0.255147985411787,7.48,0.0
101051.0,-1.46531575579616,-1.09337687781209,-0.0597678482279439,1.06478463530602,11.0950886001596,-5.43097128323669,-9.37802517086658,-0.446456139679101,1.99210961400888,1.78592177154007,1.36858453419511,-1.47169658834377,-0.72475884619705,3.44242199594215,-0.957403224855046,-1.62612941891216,1.41821495932655,-1.41791682839858,-1.65176618071699,-1.4576102135585,1.16062328833533,-1.2596968082996,-15.9816491909559,-0.883669935248733,-3.53671623161143,-0.59296488849027,0.675524833181225,0.424849351792902,0.92,1.0
71899.0,-0.562957933958828,0.585349017691698,2.88677972235686,3.10835610347756,-0.457435929434461,1.46274047228108,-0.4371561758826,0.541947825220249,0.0471419355584903,0.239089055961828,-2.41296851549964,-1.07761672610314,-1.41535790882316,-0.654570877707106,-0.651046652259454,-0.349995537572278,0.495929427645971,0.422903776306891,1.72144615677644,0.129224481571175,-0.134096261076037,-0.128526991106302,-0.290073219524858,-0.463460134525155,0.17139046837761,0.375958500039428,0.13208649565261,0.0908309153477518,24.83,0.0
26961.0,-23.237920244511,13.4873857909274,-25.1887729688701,6.26173255148578,-17.3451881651558,-4.53498915241687,-17.1004924771637,15.3746300252798,-3.84556677176243,-8.51176669710133,5.1385473219039,-7.22001986441493,0.615793286019405,-7.3272215995796,-0.0386320690669864,-6.33151509399145,-12.6888576275064,-4.84738160696153,1.02053587929144,1.63078748322503,1.76970812949114,-1.69197330547661,-1.04567292278161,0.143386499863412,1.61157707182701,-0.221575644736264,1.48123260638065,0.438124804842523,99.99,1.0
53890.0,1.30334530650662,0.0886401532406169,0.368601539048853,-0.0758017209538916,-0.564546436141195,-1.13861314753543,0.0144976693073613,-0.267950532381598,0.165148319792916,-0.20642858312702,-0.125241438281497,0.513420801724579,0.675846338469535,0.120922070676692,1.07351258740034,0.230433362900697,-0.338430756669522,-0.566916259091874,0.0697896920207027,-0.0360627989535346,-0.104900590406163,-0.252219159411348,0.0402778776118924,0.468391193820814,0.261494115306974,0.958714567960916,-0.0797519878383569,0.00456563215992917,0.75,0.0
83762.0,-0.937484903972788,1.09064429302704,0.987161577969199,-0.378519642803993,0.508976747526117,0.394475469967434,0.301365360117601,0.586622666702228,-0.683670007835183,-0.889208991563563,-1.66440695978476,-0.617760336263538,-0.225570639859027,0.555161529007718,1.28603142847168,0.440943842599891,-0.376816046045379,-0.215446438074049,0.299307202282253,-0.090867740863025,-0.22201469169422,-0.87428540474792,-0.224705521370452,-1.35671093054664,0.242022101150757,0.247409951722401,-0.108238197867161,-0.0220009007483484,15.0,0.0
85458.0,-0.8439761293842,0.671110119053375,1.31163129335985,-0.597945012319552,-0.702399285345501,-0.557732877609493,-0.183171251722579,0.407896691847013,-1.74723047653273,-0.558817937389833,0.246391273682266,-0.332976234972343,0.601142868092129,-1.16369141906792,0.414925595958971,0.435698091059843,2.14547408102972,-1.57543973161855,1.0659070919565,0.212639409459163,0.0898935430176455,0.137838557542353,-0.126989524623946,0.346184920222277,0.239534929115566,-0.15852654171596,-0.0278037964340439,0.0182049885827941,25.41,0.0
85867.0,-3.58696386180132,2.60912703784891,-5.56857720803735,3.63194695349796,-4.54358971050144,-0.15789907530677,-4.08912766842153,2.41730514407718,-3.23990097529344,-5.822449155685,3.36918605153883,-5.69192578583088,0.287371390782189,-5.41378669142638,-0.555549924912204,-5.86366171303999,-11.1432410242579,-3.48093955285599,2.79433340410919,-0.178533964286313,1.02442283357462,0.428756482022381,0.182032121144153,-0.534597882665306,0.16893349468844,-0.149843614233619,0.685517241438814,-0.299728379437129,310.42,1.0
14479.0,1.13842263545447,-0.24651257489472,0.681423573461546,0.10978635990974,-0.529931192542125,0.136021046286072,-0.655999333746569,0.150610032347107,1.63122188573512,-0.378854378051264,2.1122224948455,-2.18699600670355,0.833344335495228,1.86726711983265,0.25890834341137,0.533015662181887,0.255336169922912,0.426047888227042,-0.349519347684471,-0.102358668593528,-0.00535783833069702,0.147978421743505,-0.0478651692018541,-0.302421197997002,0.108603673630708,1.06389370999631,-0.0875736190697847,-0.00894085801546916,39.0,0.0
36509.0,-0.83020589654391,0.55367139123559,2.03649439323438,1.41682389353277,-0.0609849854970952,0.448973023552959,0.711639144280729,0.111818332154481,-0.465453672697593,-0.561542837335398,-0.563540098342385,0.512347849326922,0.612896300812671,-0.288074976264416,0.154757066101071,-1.18428460699305,0.642996568180913,-0.59333741180066,0.770727012970304,0.336660988052483,0.0855676398748773,0.33186974652206,-0.0889326276391527,0.120368710300581,0.488934132742603,-0.0941417233448615,0.0885594230321306,0.0886613564331535,105.89,0.0
76575.0,-5.62246941906299,3.48062317879011,-6.20067659397487,4.31123366835313,-5.22628632428769,-1.34176357284987,-5.22094094197327,2.68284353707778,-2.92148438224053,-6.56125741097377,3.21126387844398,-6.86166051434144,0.326461834627394,-7.7552536640417,0.50465219263742,-6.27661678567251,-10.6117146970978,-4.14677374512684,2.19728771323892,-0.156288522686099,0.949568986169808,-0.428985749759671,-0.35067550041691,0.197549503550848,0.15923422951036,-0.377790861014248,-0.213561786254573,0.459528918054306,219.8,1.0
14152.0,-4.71052878230567,8.63621438967976,-15.4962220036783,10.3133493732845,-4.35134098287048,-3.32268873543923,-10.7883728387388,5.06038112024979,-5.68931118776998,-11.7121866242875,11.1524905985837,-16.5581971409376,0.302644522406362,-17.4759212828566,-0.412393267331071,-10.222203169604,-13.7991476446987,-5.00858517858957,1.16202614780693,1.43423977941906,1.9905453513529,0.223785002572736,0.554408428563337,-1.20404159623154,-0.450684594730258,0.641836059375492,1.60595762479265,0.721643614506061,1.0,1.0
64490.0,1.21917397964141,-2.07277614250865,1.28756100232318,-1.19912461713662,-1.94388067015848,1.81029327596575,-2.28021289178792,0.619056998613447,-0.335227763083402,1.1501480740636,-0.595216786365403,-0.129754979628527,0.280987676123117,-1.46307902776225,-1.71797755664018,-0.550237063531634,0.692507518261664,0.714148198887575,0.430178278538629,-0.169980923357713,-0.0172404315914489,0.586726495988779,-0.277878346233601,-1.09083807477161,0.4049107996305,0.153592782748541,0.117429476529979,0.0256755136823453,100.0,0.0
77627.0,-7.13906006793885,2.77308160372497,-6.75784506920828,4.44645597412376,-5.46442818500108,-1.7134014508064,-6.48536540922127,3.40939479860676,-3.05349271362056,-6.26070551479114,2.39416766551329,-6.16353737959229,0.60285052085239,-5.60634642932959,0.206621733749977,-6.52508103976033,-11.4083675448063,-4.69397773642436,2.43127449162965,-0.616949301183343,1.30325030896469,-0.0161181523663711,-0.876669888453567,0.382229800649027,-1.05462388774771,-0.614606036944453,-0.766848111948171,0.409423944116944,106.9,1.0
91036.0,1.79926433418785,0.458241549382236,-0.544304898598905,4.28698348351913,0.518046541919232,0.171616002577909,0.290162773710254,-0.294345200206334,0.562998389175734,0.852555512987326,-0.628569922027475,-1.59060594910126,3.19940624726805,0.914341991822446,-3.31210425043348,-0.0609096989229778,0.38906029426836,-0.619220968249994,-1.2644176511976,-0.127456437251307,-0.04215422217064,0.383765947744323,-0.0745804378916582,-0.09932431640383,0.342940315437009,0.146099449763469,-0.0540426307222662,-0.0499966161829944,69.22,0.0
86188.0,1.2415140499849,-0.182918894607175,0.356777716379878,-0.0567230354048648,-0.462395048557137,-0.37142141647835,-0.270203657265572,-0.11744984749205,0.394979379372828,-0.184628275711886,-0.932030656893669,0.251254546590542,1.03135007643085,-0.147789784445335,1.30318500185574,0.731442582995457,-0.783931280236507,0.0732405957961091,0.10121991538387,0.101385069338637,0.0564692134251234,0.143086844741468,-0.167384962427652,-0.343286112133575,0.355169323127817,1.11549451836249,-0.0651119693112605,0.0109477940844157,47.85,0.0
61853.0,-2.6980126723836,-0.303868594212421,0.0219693492271926,0.4505204461741,1.45944636468483,0.0595335764664165,-0.0199362884181552,-1.05538696177414,0.319639516337253,0.520100636966156,-1.11964479659957,-0.462455595240247,0.387117919435732,-0.675065623948345,1.78879212412252,0.284328084133613,-0.0465773431016711,-0.101706990899232,0.902719345677175,-0.877168818269168,0.376243899482607,-0.871831489028265,0.257069102314125,-1.36105887621127,-0.505963815458532,0.132037295424832,-1.22611079689032,1.62534432206294,4.49,0.0
91407.0,-3.95120850670532,2.88180518239049,-6.42149029451106,2.43418142416554,-1.32732453838007,-2.12210598673342,-3.2275333300383,-0.68556047558208,0.775985124963588,-4.72309174576035,4.921657447038,-8.75277008726404,1.52019774197935,-8.5520227319441,0.351975957711389,-4.5340297530839,-6.46540863418339,-1.89030997911689,0.174840185624481,-0.669351428982036,1.41047856462921,0.279402820830601,0.570821171370176,0.65627101478476,-0.298600548903483,-0.407571358894306,-1.37870253026193,1.37913029153249,52.69,1.0
57656.0,0.900901559447033,-1.28855121685787,1.70156452304402,1.16494914890476,-1.99253074147351,0.7209573455399,-1.29789363983072,0.399611299400491,0.354725174929118,0.544792443142745,0.137001315673158,1.03338005310872,-0.457125347507363,-0.863079496120027,-2.46364424938017,-1.90864556826451,0.455323764482254,1.51357189603084,-0.349616045479373,-0.338989120597702,-0.356770352334597,-0.410144989988481,-0.0834313658610373,0.520465326001199,0.317205908488173,-0.319102784996448,0.0985081272588024,0.0556457623567955,138.0,0.0
102676.0,-5.55212217135236,5.67813391258695,-9.77552798040134,8.41629539413803,-4.40984381923171,-1.50623535484733,-6.89983879692634,3.75044289681131,-3.8797925578861,-6.86416435989436,7.05106508958574,-10.1375291936462,2.81543981456255,-9.90916805374299,-0.262229551498562,-5.02255717747726,-8.52297487191683,-2.01293906157489,1.52573244095261,-0.0647801372282915,1.12847223060537,0.228484046768752,0.286257667302864,-0.536294098099933,-0.104924889157331,0.420919229293903,-0.297556884880609,-0.946184387308798,119.74,1.0
33615.0,0.806044701833896,-0.514146760483298,1.19696394176959,1.68056896200242,-0.329735917334485,1.99112339481911,-0.736527720078669,0.73121280108599,1.26426508181588,-0.579355381632994,-0.140484668737714,1.18536505140292,-0.736835271304067,-0.545189253757564,-0.842720677071313,-2.19076346563995,1.84110973746022,-2.89897850331392,-1.15609654563249,-0.235319054388706,-0.272799362211545,-0.337354136202792,0.178479113348757,-0.635965621853556,0.107680217904723,-0.43570379759276,0.133808172506257,0.0295686758465228,66.0,0.0
57061.0,1.34048649459212,-0.57449948305029,0.168345369975901,-0.478234439387866,-0.916904738165518,-0.83325347406899,-0.400434587161472,-0.122265622311237,-0.630557142235457,0.56316488710676,-0.153402038524266,-0.839447079804821,-1.09014583229201,0.0528675106143001,0.108965509124864,0.185892165871405,1.07694177041138,-2.09205559115093,0.337335402842136,-0.0429116470443637,0.19329079819435,0.575778064291806,-0.0902079841821219,0.437310290255334,0.634728069218258,-0.0535744735123702,-8.38887795587284E-4,0.00331503865048096,20.0,0.0
92092.0,-1.10847821852891,3.44895257232738,-6.21697180605649,3.02105161812575,-0.529900931709915,-2.55137517507643,-2.00174290819286,1.09243237369483,-0.836098368778531,-4.09564897273592,2.42595071598052,-6.06726194524698,1.83243272022382,-3.50170251648822,-1.00400820464185,-3.5012811030282,-2.941876323532,-1.12574106196719,0.37371480785248,-0.0685983809223332,0.825951491439622,1.14416978988846,0.208559481945769,-0.295497424488562,-0.690232196243341,-0.364749075788586,0.229327220125504,0.208829891689567,18.0,1.0
21419.0,-17.4677100117887,10.1148157246654,-24.2021422329158,11.8054692105913,-10.1980458075926,-2.5799380080012,-17.6567879964837,2.25690247596699,-6.24214930949065,-12.8306571996417,9.44266526535108,-13.5474858999444,0.960728558325579,-13.0287170264518,-0.426674498701321,-7.65266166506753,-11.4853277896478,-4.72136957553102,0.550519004149565,1.00151850195952,-2.32802441621057,0.940830319350178,1.29681706144136,-1.05510390359967,0.11179202805362,0.679694612203418,2.09354057112569,-1.42549145377361,1.0,1.0
77171.0,0.758841263051024,-1.17255279328969,0.370870471648479,0.0777764178609639,-0.7980732935519,0.579245160386717,-0.450789647246618,0.16431211974183,0.670629015465608,-0.218076523395489,0.116888822347371,0.720614828811491,0.484292098098566,-0.19989170152925,0.093201897578682,0.927763547230897,-0.932041204522116,0.791560060117811,0.587153400596206,0.531902594325481,0.206554367881401,0.137939348363279,-0.416723157825686,-0.714755112057844,0.249114176630056,1.13475712648213,-0.0890806212871459,0.039166911448691,268.54,0.0
28554.0,1.24676183721511,0.491610381350841,0.0177213233544921,1.18805119505674,-0.134972950870147,-1.38176421260918,0.557561515911088,-0.372146036633854,-0.287153666677335,0.0460931984265882,-0.0860799691316977,0.273291356013701,-0.155543652017317,0.603285681737216,0.669060383973953,-0.307225568072304,-0.188401082138871,-0.464347899470433,-0.376522095623411,-0.164307188947756,0.0255543299776159,0.116930816998063,-0.107063486123275,0.730223804775231,0.804542263277881,-0.316731530720678,-0.00882732430743661,0.0147080864165981,5.31,0.0
30303.0,1.03360674114344,0.19300904208726,1.62626738189728,2.74604739545301,-0.760484656804505,0.445991004410349,-0.593631192687558,0.265374691567091,0.0457992178998977,0.435412455695404,-0.400262355970381,0.489537276724672,0.209151784983269,-0.412314651989385,-0.100053119096612,0.223765888850273,-0.0320441706381781,-0.782802393367085,-1.32923275935352,-0.16230501294016,-0.0263688625004034,0.0927169756707385,0.100669647675306,0.409143927475669,0.184770594644796,-0.0363961443805095,0.058835356473729,0.0385633370661244,13.84,0.0
93879.0,-13.0865194204794,7.35214833905529,-18.256576111808,10.6485054461688,-11.7314764509112,-3.65916740569145,-14.8736579646075,8.81047267511276,-5.4182040716445,-13.2025771482197,6.35722736343626,-15.5316111795156,0.659694875353275,-11.4123295951252,-2.44757607431839,-9.83374302098841,-18.1746174349071,-7.269904593126,0.623796611777714,-1.37629840858733,2.7611570593153,-0.266161809571132,-0.412860724865388,0.519952215674181,-0.743908960008006,-0.167808225140728,-2.498300252188,-0.711066151912636,30.31,1.0
33114.0,-1.77370445580981,1.27240165985458,-1.54440672220001,-3.80290594965088,2.2252040529201,3.69404603136302,-0.880166613895969,-4.23432959359555,1.45129356494085,-0.809140573940897,-0.361156491112086,0.582264289048366,-0.510481006405624,0.194209285399162,0.0185895689744025,-0.549719046554776,-0.375128379798552,0.112794063499675,0.500862056204204,-1.00712292137132,4.4755746773214,-1.367460127014,0.303547802121666,0.990596673006123,0.0394473010789572,-0.166860602459841,0.537489004415551,0.00298847953338119,60.0,0.0
71430.0,0.462137163982365,-1.85713641715873,-0.30196929616829,-0.28495199134928,-1.39159392468663,-0.919972492279802,0.371536794245017,-0.279817462523271,-1.34186746421634,0.647480726997547,1.39047074406033,0.375816731237577,-0.42435290900273,0.725012453328528,0.11777594846111,-1.15755754256326,-0.0680642029475083,0.942173543475094,-0.411704041903249,0.418408888513756,-0.469276032507784,-2.0560146389414,-0.0948151646111071,0.504397064863406,-0.260904149535431,0.547319379680865,-0.170285467965148,0.0791579073020518,469.0,0.0
47281.0,-0.962635745695428,0.973509715091296,-0.326369342356623,-1.00164072997296,2.05868862331012,3.63635951896666,-0.226124230235527,1.37667479444132,-0.284216791525609,-0.535372412470729,-0.757315869230357,0.0733649516734193,-0.203682014574802,0.250170831420226,-0.256127692465215,0.0226629732116577,-0.276008837613428,-0.0467217815515367,0.757759124633769,0.0807470916912355,-0.183237577797227,-0.598728934881453,-0.134354941241811,1.02617867769092,0.151317538446347,0.244403272655097,0.0661500729000141,0.0963892224432761,16.58,0.0
66895.0,1.20651746835117,0.458029611420867,-0.00598500841327555,1.13556145436436,0.0660462604599889,-0.908510862176178,0.487418276503174,-0.241156499569616,-0.312070488066901,-0.0015053026620807,0.158941886283571,0.43343515305423,-0.034300705780064,0.603164197755707,0.905331502766832,-0.60640459163297,0.0817419491626695,-0.930798556017617,-0.735276591236443,-0.18993589140891,0.0539109675745597,0.243596614497637,-0.0780083921364434,0.422568525173757,0.737062882796817,-0.287334700492634,0.00885109831324079,0.011346306464338,3.87,0.0
110552.0,-2.45036662540267,2.10772866087808,-5.14066303982343,1.41130357398271,-1.69077950338918,-0.736427202926685,-3.65794634761755,1.94490590423047,-0.788387529063343,-5.62467713431414,3.51964234486905,-7.221590004268,1.20172802326675,-3.8114281425371,-1.70142802210083,-3.57140837935336,-7.31140729142311,-1.75435460658485,0.795448867520342,-0.130438203342561,0.800538093373868,0.364616671021501,0.233607611774679,-0.282077578211224,-0.320310972669244,0.49291998915127,0.35997644954193,-0.115471009476069,80.22,1.0
34256.0,0.539275913891047,1.5548897630737,-2.06618033324968,3.24161746276725,0.184735711234243,0.0283295594064726,-1.51552137985061,0.537035374444064,-1.99984603560986,-2.13317644293659,2.75617194535395,-2.24286436771513,0.615204246860345,-4.65280380668112,0.222163815521883,-0.775666019840941,-3.21861825150599,-0.370992501046414,-0.686196723569762,0.302734578907132,0.371773459120687,0.111954592156869,-0.305225078771695,-1.05383526243402,0.77117490696746,0.240878213732036,0.418434531995645,0.232169715166482,19.02,1.0
33807.0,1.19252945588311,-0.0672156439012724,0.293619685965215,0.674627605173181,-0.224186326241729,-0.142064540411007,-0.0231546061248567,-0.0945192133474964,0.480860607918984,-0.249194462580347,-1.28332807627768,0.577217196328858,0.803424084289383,-0.290361562693166,-0.146292633201315,0.0324528796035678,-0.344023056032739,-0.525509388267632,0.517345378943372,0.0463408185528783,-0.317916836280514,-0.815267219047147,-0.0759065477972694,-0.418044265816816,0.454559304239082,0.225751992649792,-0.0206664984313938,0.0180789480121782,53.0,0.0
30852.0,-2.83098405592803,0.885657038258755,1.19993009832405,2.86129223993172,0.321668777779154,0.289966026429405,1.7677604489638,-2.45104966190813,0.0697358066743391,3.24508640095346,0.675287853392807,-0.677096334427304,-0.222741128141729,-0.913786970583513,1.60333192308268,-1.0245020918608,0.0220452070437295,-0.940684674142594,0.484758940230455,-1.01692314354721,0.546589339675499,0.334970736976198,0.172105676221893,0.623590288019672,-0.527114316331261,-0.079214654387473,-2.53244529803097,0.311176714703215,104.81,1.0
68207.0,-13.1926709562391,12.785970638298,-9.90665002092758,3.32033688288942,-4.80117593230105,5.76005855618556,-18.7508891580107,-37.3534426378925,-0.391539743919107,-5.05250236713858,4.40680552357904,-4.61075647740608,-1.90948796970811,-9.07271093398351,-0.226074450896345,-6.21155748212485,-6.24814535335983,-3.14924669470095,0.0515761185277783,-3.49304991519446,27.2028391573154,-8.88701714094871,5.30360690376998,-0.639434802306313,0.263203123457008,-0.108876929971315,1.26956635541013,0.939407362758877,1.0,1.0
39871.0,1.45824802970466,-1.49832156159383,-0.814557182713016,-2.27907664222571,0.705818716680408,3.63900389949497,-1.6776537919753,0.885040498395892,-1.50011620345517,1.30700416496528,-0.56147223675146,-0.744740297671645,0.357782804420279,-0.575043770036377,-0.302872199983472,-0.397465660134895,0.363561468418984,-1.38591716733165E-4,0.541744666073051,-0.14272877809132,-0.548749030547758,-1.29659536304977,0.108496895712383,0.958631219793257,0.349646612502062,-0.415486544932538,0.0490101647928069,0.0275117114620377,52.5,0.0
74949.0,-5.03249898533065,2.2393446153741,-0.118699129888369,-0.299844051790368,-0.275001162405566,1.24891448095707,-4.57897454140214,-10.1149054351968,-0.581486159050164,-0.898686912488867,1.30227142624195,1.86998914567957,-0.875449840375765,1.66405336374112,-0.0971209545081159,0.947648596434313,0.364037380639589,-0.324275106988531,-1.19729903814833,-0.666877882761917,2.49024194047626,-1.73324394777437,0.134535309179625,0.158543699040692,-0.00673925853222457,0.0420798486124519,0.624064138745816,-0.483479360790626,6.98,0.0
68207.0,-13.1926709562391,12.785970638298,-9.90665002092758,3.32033688288942,-4.80117593230105,5.76005855618556,-18.7508891580107,-37.3534426378925,-0.391539743919107,-5.05250236713858,4.40680552357904,-4.61075647740608,-1.90948796970811,-9.07271093398351,-0.226074450896345,-6.21155748212485,-6.24814535335983,-3.14924669470095,0.0515761185277783,-3.49304991519446,27.2028391573154,-8.88701714094871,5.30360690376998,-0.639434802306313,0.263203123457008,-0.108876929971315,1.26956635541013,0.939407362758877,1.0,1.0
100924.0,-23.9847466495794,16.6978316913154,-22.209874815521,9.5849686202149,-16.2304387891461,2.59633265752887,-33.2393281671892,-21.5600394546929,-10.8425258685569,-19.836148851696,3.22323270290842,-10.8951335063028,-1.52345240330584,0.116303256118652,-3.09880532704263,-7.60642457511483,-18.1082610229766,-7.51186615794432,-1.24328515722898,5.80455066066397,-12.6150228644215,5.77408726884239,2.7502214496329,0.513411099654255,-1.60880380395117,-0.459624387540527,-4.62612660780224,-0.334560720645878,1.0,1.0
94362.0,-26.4577446501446,16.497471901867,-30.1773174564996,8.90415677106517,-17.8925996927224,-1.22790388102871,-31.1973285494605,-11.43892041491,-9.46257260540015,-22.1870885620007,4.41999660154863,-10.5923050053728,-0.703795803703315,-3.92620731586873,-2.40024649210124,-6.80988994039049,-12.4623149481086,-5.50105078380738,-0.567939572890149,2.81224110932946,-8.75569832116533,3.46089334478551,0.896537503959012,0.254835536763482,-0.738096558530353,-0.966564233789852,-7.26348214633855,-1.32488430656137,1.0,1.0
77979.0,-0.459426221752956,-0.161175857445414,0.795000966189577,-2.34884823206838,-1.20886793455121,-0.739407228649526,-0.702190767012651,0.469756299612894,-2.16561669378372,0.824024581906304,-0.754119733639003,-1.2011670896222,-0.237646105053037,-0.025204954632866,0.155407380461039,-0.34230315951906,0.694719223963594,-0.304721495698344,-1.29317099335997,-0.414647260413004,-0.0973270821206886,0.0160114266700487,0.102280971133502,0.00979477532971184,-0.283328857589646,-0.373107601728259,0.196695006825844,0.023941737195351,15.0,0.0
106792.0,-0.498803134720315,0.530138295503046,0.913575764134829,-1.25729483775716,2.60629246460241,4.20880358488647,-0.0724746665115099,0.83940487007041,1.35638543192151,-1.13018539517244,1.02221741928067,-2.60353236124557,1.48760374393076,1.44955176766723,1.02105373608009,-0.344202347639857,0.210538350160612,0.403820643790685,0.414794615680046,0.150772756747046,-0.308891747948092,-0.561019560499651,-0.249279505059443,0.596593283328461,0.30388822896814,-0.707300553516956,-0.0627929962310956,-0.152264614699561,11.27,0.0
41646.0,-3.24018658731411,2.978121790406,-4.16231393691373,3.86912437879902,-3.64525645477793,-0.12627056104764,-4.74472973694714,-0.06533104369042,-2.16836609501902,-4.75830407509117,3.47109784646449,-6.5331067689397,-0.983468669556775,-6.07398900285949,1.12540670902583,-7.71804240456347,-9.85592743669396,-5.19390789281555,2.04269768780688,-0.224043462894117,2.60144102940002,0.23191011639882,-0.036489849092758,0.0426396452203885,-0.438330345949387,-0.125821080392006,0.421299802439127,0.00314587612156787,172.32,1.0
59011.0,-2.3269223698887,-3.34843873033788,-3.51340796089061,3.17505971028128,-2.81513703435586,-0.203362788049123,-0.892144430418318,0.333225702638422,-0.8020052289805,-4.35068531246963,3.06424584128211,-2.71873063246571,0.0687877027069899,-5.58687312563725,-0.966076477695954,-2.50204941657576,-4.46049463214891,-0.870525745045081,0.595629103995644,3.20917094389277,1.22664839880046,-0.695902072928095,-1.47849021051453,-0.0615525997443275,0.236155012156618,0.531910616094765,0.302324354380578,0.536375347733134,1389.56,1.0
50706.0,-8.46184470133154,6.86619841481805,-11.8382692206767,4.19421096699453,-6.92309709702798,-3.22114664850055,-7.55349651116055,6.015618186942,-2.4661434402463,-6.24624318477127,2.94398521977131,-6.51238933713471,-0.698175946764313,-7.54364593187217,0.92645528395257,-4.3302948063467,-7.33969796421674,-2.55090085394741,0.645904895509124,0.814710155897088,0.918244480856236,-0.715366336614015,0.210747336284603,-0.0602114737129364,0.509534595479059,-0.257283692851139,1.17002651560613,0.229300914797861,99.99,1.0
39018.0,-1.18915828987833,2.24181844023477,-1.72431018016541,0.417207689293474,0.291878741628772,-0.00993291259004828,-0.186751936253875,1.25623648946453,-0.895670087994065,0.305825883082301,-0.661173404707559,0.949686062103829,1.0655910250398,1.25644004516547,-0.0732718082251076,0.432655932148877,-0.576607408852816,0.933427522738647,1.24444147923574,0.0817597692764132,0.146461267277192,0.384387869995269,-0.03802163770328,-1.37481467302811,-0.313423246236713,-0.311564284113247,0.273705399574767,0.137080825018201,1.79,0.0
13323.0,-5.45436177939673,8.28742055534983,-12.7528112729386,8.59434189301081,-3.10600228114338,-3.17994875686414,-9.25279393795831,4.24506220985367,-6.32980084623466,-13.1366983691039,11.228470279576,-17.1313009454468,-0.169401056814124,-18.0499976898594,-1.36623566099065,-9.7235653091894,-14.7449024646768,-5.24730110631125,-0.574675143795817,1.30586191483437,1.84616479291417,-0.267171794223081,-0.310803969751621,-1.20168545799806,1.35217609502433,0.608424596360403,1.57471478384204,0.808725205090233,1.0,1.0
63047.0,1.08510395108294,-1.38174757445266,0.300405644644688,-0.930686551492107,-1.00229448710103,0.73732069804946,-1.15247159413121,0.355023322129435,-0.335545204967185,0.717343606386229,0.263872431402455,-1.16221153649357,-1.29664411263303,0.0851574227991208,0.959360211678597,1.82351988525932,-0.23660483410562,-0.184222651983923,0.558439646373063,0.295584443503954,0.453279256008163,0.85022311631448,-0.338681143112637,-1.14605421953779,0.36702579688594,0.0256700747142971,0.00961194792317515,0.022268119595947,159.0,0.0
53404.0,-1.797576885662,1.41033963513537,1.4061546083302,-2.07394151082545,-0.847953307634848,-1.08024462319585,0.13587157058842,0.168577580519983,-0.677594049426098,1.22860229708161,-0.25897326850585,-0.4785311499933,0.597615564248604,-0.616955642761343,0.229970714610219,1.30338717253675,6.62799003012915E-4,-1.6165596594359,-0.0411394220748938,0.717179036770447,-0.219391694781206,-0.400744675388741,-0.117520762500951,0.342333975915643,0.525082680410826,-0.557097463084834,0.40265783959435,0.0895494008179959,2.0,0.0
85285.0,-6.71340697159693,3.92110415204576,-9.74667821737542,5.14826254938013,-5.15156271985187,-2.09938865681113,-5.93776683170198,3.57877960420447,-4.6849517505833,-8.53775768653457,6.34897930341209,-8.68160893168352,0.251179384774619,-11.6080022570993,-0.351568782034355,-5.36356643348466,-11.9390915052116,-3.58360287020043,0.897402406121681,0.135711322729059,0.954272201927517,-0.45108644858101,0.127214424071711,-0.339449869297565,0.394095513633807,1.07529509891805,1.6499059092424,-0.394905372194808,252.92,1.0
62760.0,1.44957552240475,-0.517761109078506,-0.0277658802828555,-1.01612905306592,-0.835336988011858,-0.977206023501179,-0.339328645358842,-0.250768609481862,-0.825218724670296,0.652029788291677,-0.939785713563554,-0.554805872350896,-0.0776053645324656,0.229857679062396,0.964830944908552,-1.12285897978636,-0.116731167770225,0.837661886113462,-0.368733477847198,-0.464863575839051,-0.584888368981736,-1.26060223331969,0.0972463958233007,-0.101520934870607,0.120038045041485,1.29913199900651,-0.100668647332985,-0.00437904542488808,11.8,0.0
68207.0,-13.1926709562391,12.785970638298,-9.90665002092758,3.32033688288942,-4.80117593230105,5.76005855618556,-18.7508891580107,-37.3534426378925,-0.391539743919107,-5.05250236713858,4.40680552357904,-4.61075647740608,-1.90948796970811,-9.07271093398351,-0.226074450896345,-6.21155748212485,-6.24814535335983,-3.14924669470095,0.0515761185277783,-3.49304991519446,27.2028391573154,-8.88701714094871,5.30360690376998,-0.639434802306313,0.263203123457008,-0.108876929971315,1.26956635541013,0.939407362758877,1.0,1.0
76876.0,-1.29835900258265,1.07967115744319,-0.180677930886891,1.28783908383189,1.85827347944352,-2.22369500209375,0.525166986044906,-0.0968743110676978,-0.168893374133313,-2.544410418956,0.706999574201444,-0.835695915134352,-1.02211731659325,-4.99399178918475,-0.455706843211384,1.31536513941655,3.63919954823548,1.62342609471098,-1.53933883157799,-0.18757199362802,-0.332983053581271,-0.851270427572191,-0.370799798865314,0.29824168728035,0.442929877216587,-0.522832450531743,1.04856507220322E-4,0.135698346061769,1.0,1.0
59859.0,0.978478988101472,-1.40047928514072,1.44208251608083,-0.099386757845232,-1.89019479150975,0.308716730214538,-1.22745359293913,0.199892651177336,0.351673897661734,0.172641603643998,-0.398211433102843,0.425836174274663,0.679032978244411,-1.27907422459487,-0.9527923291361,0.222094895944132,1.18069191459547,-2.04218354205948,0.430944738732474,0.3321172104861,0.233049245381882,0.707310104042877,-0.120425112242304,0.494899557572752,0.299655213422137,-0.126801820258858,0.0687738693893651,0.0530334227004462,150.0,0.0
82915.0,-1.61340623615478,0.751983892015595,0.928416162529639,0.630254453398198,-0.716158088628959,0.134265814868263,-0.35601437245906,0.98317206616562,-1.06588655526651,-0.527876282168495,1.26087649596595,1.10646531138752,0.655274747557921,0.848142279093056,0.986295842594372,0.0521978702096706,0.220652335267193,0.386425694768843,0.679639887542413,-0.0769539504173475,0.427840171288041,0.977194960010088,-0.00307647856029014,0.097267714345123,-0.210259021741288,0.593384360836535,-0.184278873521816,-0.166891289769801,57.93,0.0
111182.0,-0.783866685325164,0.909388229040504,0.653877404140412,-0.572227728694053,1.15600001556313,-0.327491828373779,1.85269625164933,-0.490766652024793,0.558692712371715,-1.68741261440537,0.373095030768748,-2.88791915618749,2.01855804724667,0.209897129261954,-0.489533851733064,0.381523897549617,0.969254885846164,0.251120577429985,-0.241347214879798,0.386549084618864,-0.475601342819237,-1.27855283576613,-0.0144689797574005,0.301592919459578,0.554913319726837,0.209498663947639,-0.279859691195691,-0.145533411614533,144.0,0.0
85867.0,-3.58696386180132,2.60912703784891,-5.56857720803735,3.63194695349796,-4.54358971050144,-0.15789907530677,-4.08912766842153,2.41730514407718,-3.23990097529344,-5.822449155685,3.36918605153883,-5.69192578583088,0.287371390782189,-5.41378669142638,-0.555549924912204,-5.86366171303999,-11.1432410242579,-3.48093955285599,2.79433340410919,-0.178533964286313,1.02442283357462,0.428756482022381,0.182032121144153,-0.534597882665306,0.16893349468844,-0.149843614233619,0.685517241438814,-0.299728379437129,310.42,1.0
44402.0,1.21937875203072,-1.35898449799347,0.199288615880972,-1.35144313866273,-1.40551930570272,-0.418743495900574,-0.815925826841431,-0.053709835058015,-2.21681480339396,1.54270030869891,1.59590088029612,-0.153408013250832,0.180848100041443,0.0706107308258678,0.0696661367773602,-0.648768576396879,0.662087956277078,-0.0242767418755614,-0.423061966738684,-0.146057742361489,0.00933212397802177,0.170058652291958,-0.0870572711784929,0.217276805972261,0.344077656499091,-0.126552564241797,0.0108096607271069,0.0229837671955336,123.95,0.0
42247.0,-2.52401156950864,2.09815186657166,-4.94607520997003,6.45658840962748,3.17392137712693,-3.05880605463133,-0.184709664717417,-0.390419986932457,-3.64981179874133,-4.07758540918968,4.38921350258246,-5.84955800710779,-0.750964374574877,-11.5838983872121,0.838750052957938,-1.4610292465747,0.635694232941605,0.390150149131876,-1.06302761603247,-0.162797482259592,0.0279349679314103,0.2203664412615,0.976347942245667,-0.290539415419797,1.1610017911475,0.663953624390758,0.456022723280535,-0.405682084802192,1.0,1.0
47320.0,-0.977207687467857,-0.715019683375777,0.991557935381101,-0.338609504911694,-3.56137299315117,2.1967208333655,3.3217894162706,-0.470672149585417,0.433998515880476,-0.982032348657699,0.602718351566019,0.3825685442894,-0.249247874567354,-0.748369403316469,-1.01005922412595,0.31204577229983,-0.432682766431884,0.23242868385584,0.945176312090809,0.184493086079984,-0.21714194965364,-0.162125256046364,0.500674184201471,0.0908197237131737,-0.190979306543879,0.880253351735184,0.00209469197426457,-0.411701199498661,784.05,0.0
94362.0,-26.4577446501446,16.497471901867,-30.1773174564996,8.90415677106517,-17.8925996927224,-1.22790388102871,-31.1973285494605,-11.43892041491,-9.46257260540015,-22.1870885620007,4.41999660154863,-10.5923050053728,-0.703795803703315,-3.92620731586873,-2.40024649210124,-6.80988994039049,-12.4623149481086,-5.50105078380738,-0.567939572890149,2.81224110932946,-8.75569832116533,3.46089334478551,0.896537503959012,0.254835536763482,-0.738096558530353,-0.966564233789852,-7.26348214633855,-1.32488430656137,1.0,1.0
51155.0,-11.2054613927303,7.91463349246877,-13.9877516388388,4.33334117975523,-8.48496952268505,-3.50656117309394,-8.93524303241605,7.70444915069923,-2.33658417970129,-5.92735916911943,2.47040101557896,-5.7885170305197,-0.391939257057427,-6.52746224116063,0.899859362283244,-3.84729284231041,-6.70063744821132,-2.49261610727828,0.469554313978012,0.860911741764656,0.942593331002491,-0.987848114682141,-0.279446305433771,-0.0272992246723051,0.644344195524188,-0.263077923082484,1.08402252771111,0.211933356664813,99.99,1.0
93904.0,-11.3206331107815,7.1919501426236,-13.1790825454686,9.09955188204157,-10.094748875094,-2.44011507020033,-14.1843372950953,4.45250293397358,-6.24196000276902,-12.618162687238,6.05731930477932,-15.7176066468772,0.117817409556609,-8.65374335706751,-2.50255377627617,-11.2313644545234,-21.5851521412337,-9.09089206099764,1.17118873250237,-0.180934725269677,1.08223532776525,-0.350562500439559,0.483043945803059,0.661132920850802,-0.396521511995203,-0.413315388408682,-0.997547797965388,-0.235035882545031,37.93,1.0
34708.0,1.37777898501228,-1.00299313004136,-0.628975070095239,-1.78635619903072,0.99616062475933,3.54087942779863,-1.56394855980881,0.922994685464673,-0.546497803034463,0.653458524912121,-0.0765208672814415,-0.759905948464109,0.360524013537544,-0.319203156328977,1.29566793375485,1.80458971863615,-0.447960053112995,-0.414280343440039,0.586077263106335,0.2753915334406,0.345604727680062,0.745319464919053,-0.162845504668888,1.05061403263776,0.579699080518429,-0.0372359583360234,0.0353571398569845,0.0239930322820696,39.0,0.0
116820.0,2.00152603433985,-1.15108193595772,-0.508726364777632,-0.937161880807656,-1.01631330388408,-0.255557919705039,-0.951407519322017,0.00810872778825932,-0.232824961481707,0.828436561169345,0.822859542031058,0.472764867819326,0.672235971776838,-0.34258725179667,-0.458110110319248,1.47507061466116,-0.214100421007136,-1.04948037263406,0.936906223051202,0.14477449547674,0.0375654145372282,-0.0277140617557409,0.277057140696827,-0.406645565358188,-0.508529646102237,-0.487686809340417,0.0022336981363443,-0.0414949583465826,77.0,0.0
85285.0,-7.03030814445441,3.42199090467553,-9.52507177254752,5.27089100906596,-4.02463027558805,-2.86568161775739,-6.98919473439446,3.79155093755913,-4.62273033596451,-8.40966487562735,6.30904400603177,-8.57676143258937,0.246746716929862,-11.5340460181508,-0.3642651387587,-5.45249465771382,-11.8875700201872,-3.56358481007011,0.876018768156628,0.545698040621445,1.10339774484256,-0.541854751589521,0.0369432219896495,-0.355519004066217,0.353634382097,1.04245799282131,1.35951563156376,-0.272188101257294,0.0,1.0
28242.0,-2.78724793061533,-0.0713403777285035,-1.50528777523306,3.36177713733967,-3.35742166883665,0.565834734346537,0.303653111125521,0.966914484943676,-2.24588195188782,-3.65142656863483,0.987277021963291,-3.83478156926117,-0.961354142524746,-3.18216808481143,-1.1260022842247,-2.95430081252595,-5.84121800175148,-2.91043029785417,-1.15585017273094,1.60739677185147,0.882940442444742,-0.246201930041865,1.75222678458672,0.219924964544368,0.15628169505776,-0.265894317684036,0.220694023253282,0.256076869786525,730.86,1.0
41204.0,-8.44028396323147,6.14765332384605,-11.6837061588856,6.70277957100753,-8.15583929706995,-3.71626415558662,-12.4073130564101,5.62657129554302,-6.23216089363823,-13.3866834395246,7.60555947435276,-13.351815018081,0.827049642773684,-14.9794773489142,1.53281308437662,-11.7714969677127,-20.2992165093576,-7.60911006016911,3.80913643570604,0.520732330180873,2.19285541971989,-0.282596814624446,0.00806849811246454,0.403858336982018,-0.0187883930291726,0.522721636106603,0.792690689790115,0.0677895462043786,30.26,1.0
62488.0,-0.723936055467291,0.746910253412877,1.52171607243539,0.117564918248019,0.622708522558064,0.304599460986608,0.699894703384046,0.291482177714015,-0.377025892670484,-0.635273828137465,0.444395015937599,0.270639744152509,-1.30206694572394,0.307202440508805,-1.3076339551027,-0.230996041479049,-0.296454275745513,-0.151405869240016,-0.4857093066788,-0.22541155487262,0.0101603299910563,0.0762292218997379,-0.279938581754399,-0.328036235790793,0.265023932990052,-0.462074353052725,0.093490700114936,0.0879679989088695,12.6,0.0
120893.0,-0.184446118880635,0.749780900061278,-0.676310369421422,-0.124393106416562,0.740386792178815,-1.29115517605603,0.964896094462156,-0.253101744417518,0.212695980318912,-0.652033164819737,-0.725577405314484,-0.685009071121964,-0.748594260944935,-0.725118810235632,0.856249031259183,0.0502724564416077,0.467820601128157,0.747630272077347,-0.202571292730379,0.00187394021475673,0.270675545871443,0.930809310530046,-0.130255870829029,-0.254324929484196,-0.337180044164101,-0.135688783983736,0.248483890352304,0.227329640679253,51.5,0.0
21046.0,-16.9174682656955,9.66990017304097,-23.7364434105216,11.8249902296814,-9.83054822917941,-2.51482887310345,-17.2906566748216,1.8204078670595,-6.26490348784789,-12.9166361091709,9.56711029521397,-13.7170673789468,0.899540705915631,-13.2729650621928,-0.402260044266312,-7.75409405936683,-11.6446032058862,-4.74130270962407,0.58462597267458,0.996745095162688,-2.33611095619483,0.972754726208974,1.24186581168063,-1.05108624820763,0.0380090796054737,0.672317065099677,2.10847085205046,-1.42124325273233,1.0,1.0
67571.0,-0.758468652663917,-0.0454102784513458,-0.168438290153528,-1.31327481447103,-1.9017625315847,0.739433414882114,3.07189204639003,-0.483422244220096,0.61820276215476,-1.7690597207318,-0.651414013964987,-0.00542329080098884,-0.517194341398293,0.217469760178719,0.883558824493356,-1.17397764863161,0.24334710955825,-0.342300728238465,0.68705620239513,-0.0324998988871344,0.0426194565214976,0.397223782011498,0.0722288654476503,-0.242275996603303,0.560916469624214,-0.540954584325348,0.150606446374032,-0.117140114799884,549.06,1.0
41278.0,-2.21427702110582,0.867039786713935,1.40561270697337,1.0179900190132,-1.59885909973315,0.647427290387202,-1.36702532809339,1.59254826703295,0.384727569243971,-1.07201241222977,-1.29032660797035,1.49485272460612,1.20704949652703,-0.347223404623803,-0.890614374373062,-0.750224342459472,1.28331130860357,-0.559801590757845,0.711168732198028,-0.218216698067124,0.173815138460876,0.733444994562992,-0.135874416051753,0.20962383658444,0.530401180533589,0.753672787876216,-0.232220747514248,-0.327716374365737,20.0,0.0
7740.0,1.02387386852139,2.00148526626613,-4.76975183220974,3.81919458538265,-1.2717542273697,-1.7346624268403,-3.05924503160896,0.889804791975203,0.415382113237262,-3.95581234352737,3.57205481558784,-7.18645159050588,0.147242340802109,-5.24930454889762,1.67833367358535,-2.64147310915178,-1.31205856007348,-0.391716050952505,1.11826355175812,0.204137684042271,0.343282648722251,-0.0541956644068491,0.709653952497143,-0.372215866946976,-2.03206836614816,0.366777602071192,0.395170669257609,0.0202055389458413,1.0,1.0
93860.0,-10.6323749061596,7.25193622855414,-17.6810718207918,8.20414440620562,-10.1665907519072,-4.51034377036334,-12.9816061559658,6.78358879797499,-4.65932958355558,-14.9246547735487,8.38914233451929,-16.4655039422141,0.33851695978655,-14.224403603167,0.556584472572111,-11.683998043525,-15.8416159780561,-5.75319975278369,3.81304079276336,-0.810146481561289,2.71535704420309,0.695602689761576,-1.13812206664164,0.459442241911828,0.386337323495895,0.522438449202614,-1.41660373652915,-0.488307035713995,188.52,1.0
102669.0,-5.60369027985602,5.22219270751471,-7.51682997724608,8.11772427554261,-2.75685795265464,-1.57456462233583,-6.33034325040366,2.99841888080239,-4.50816689310713,-7.33437708370839,7.18872396524447,-10.6551809118898,2.59467986078199,-10.242859083204,-0.191158119172494,-5.50433407013933,-8.69777741257031,-1.93422536185434,1.95874993153475,0.227525994742654,1.24289620552409,0.428408392466797,-0.101183595116722,-0.520199121186447,-0.176937756589733,0.461449982566097,-0.106625180749266,-0.479661947808134,0.0,1.0
43369.0,-3.36531852073793,2.42650326490524,-3.75222652688429,0.27601659835291,-2.30587029698066,-1.9615783188747,-3.029283444673,-1.67446174770883,0.183961286375875,-4.98092843827312,3.65788166668826,-6.40982235504524,-1.0873102947816,-8.50943318717532,1.43257178733402,-5.36989001074152,-9.06907940021057,-2.81980659631422,0.874542948076265,-0.0368373256714411,2.07000816413804,-0.512625728150551,-0.248501692422131,0.126549624264963,0.104166256940212,-1.05599732614735,-1.20016496678239,-1.01206584314534,88.0,1.0
8265.0,-2.31150952464898,-1.11153699853871,2.27035882803561,-2.16926324914485,-0.427880100247721,-1.36163422781919,-0.223410808578234,0.100168637965918,3.12538543030263,-1.76585696078528,0.317046309254778,-3.03313410909768,0.25165478608167,1.29949573337562,1.0749010048995,0.457501947437559,-0.00275889614591086,1.12642356015431,-0.668338767363345,0.00260938361913576,-0.010098847225202,0.573551850531205,0.581714271404569,0.327708412435086,0.677345214407457,0.00896654221461704,0.488306691187066,0.165438268480032,106.67,0.0
93856.0,-6.75050851563533,5.36741605145469,-10.0546349530569,9.06447791765316,-7.96811808353808,-2.26379841398236,-10.317566180676,4.23766573099145,-5.32410880613734,-11.0923923688428,7.15408284221914,-17.1504052507291,-0.0953992277686904,-11.0301103643432,-1.95905455483077,-12.4485623424367,-22.6679054064789,-9.26460873295655,1.9823563171714,-0.0812198922441237,1.90903201764938,-0.34873973066671,0.425000563135111,0.674908669807175,-0.784208393488163,-0.247422102935353,1.1595813739152,0.197817874685768,209.65,1.0
47826.0,-0.887286905534409,1.39000150924187,1.21968581996397,1.66142517591961,1.00922783931161,-0.733908444749524,0.855828927220991,7.68462281197611E-5,-1.27563149417191,-0.433393925731893,0.141178993422237,-0.46034845602669,-0.367867931021877,-1.16833941780754,0.152107630618373,0.882231823726865,0.601804858067329,-0.304092391463557,-2.19176427800358,-0.268347371086252,-0.0837343767453397,-0.346930257215667,-0.0506187067885922,0.23104442462061,-0.450759875468406,-0.376205380931623,0.0345043694610426,0.157775320404088,7.58,1.0
58067.0,-0.264868683737295,3.38613996883911,-3.4549969895002,4.36762905773351,3.33606042827178,-2.05391842272465,0.256890458421417,-2.95723544083265,-2.8557972336327,-2.8084555425423,1.84750351109611,-2.4148223375383,-2.57322454244165,-6.5991261303635,0.123470382678038,2.57237180761341,6.60936580903842,2.53066979960508,-3.60265725092653,0.482513022122587,-1.39450379366468,-0.166029306744804,-1.45208118338289,-0.251814670710545,1.24346054282121,0.45278677690471,0.13221807596169,0.42459946550375,1.0,1.0
64705.0,1.27845464420398,0.0237280677616965,-0.230022011705542,0.0133370513040298,-0.15838261223458,-1.00641975072135,0.288104867349251,-0.300311437723257,0.0419913695702629,-0.115210742797966,-0.718441032978582,-0.062273346251357,-0.0129632716079301,0.383723144278945,0.903336067467957,0.196009860207807,-0.378874098400727,-0.447643341016833,0.268745986796268,3.83249927197495E-7,-0.0961707254042473,-0.335035239183202,-0.12137727076943,-0.0455326220284226,0.478577214289108,1.03680092762243,-0.109154688133843,-0.00324444614458721,39.98,0.0
44427.0,-0.495589984635795,0.887364233196896,1.17777862708731,-0.786828639395966,-0.344786466354162,-0.432733958606825,-0.49476107913276,-2.74614780225864,-1.09759364320381,-1.18134075628602,1.73187669353048,1.60600086766356,0.427848044662023,0.802163809221027,-0.341335623479288,0.745679598762965,-0.557471481662061,-0.713355908756019,-0.353516867307726,0.70341027644507,-1.73378836979064,-1.23663356644547,0.0506939928865769,0.532586134839649,0.8817826817784,0.499794275447978,-0.123757758403485,0.15434806607537,41.85,0.0
110896.0,1.90275195951489,0.641230990708526,-0.347895765481339,4.13876700001457,0.417808119018246,0.0176350839682167,0.0954758066287445,-0.220832127512728,0.506834952241754,0.973772971616149,-0.336366021156273,-2.09948407216937,2.45737572989232,1.24586441147122,-2.32435068453105,0.31363938243992,0.228777885518376,-0.459003097060289,-1.62694804994676,-0.297437220010911,-0.0571262925543877,0.318512036255469,0.0880976966328478,-0.0521382007806528,0.125920929156891,0.0584166986668721,-0.0440722272821609,-0.0553173671178388,7.87,0.0
41851.0,-19.1397328634111,9.28684735978866,-20.134992104854,7.81867331002574,-15.6522076772063,-1.66834770694329,-21.3404780994803,0.6418997011947,-8.55011032700099,-16.6496281595399,4.81815244707108,-9.44531478308794,1.31705629332341,-7.24346097400378,0.830910291033798,-9.53325705039319,-18.7506411474674,-8.09264877340557,3.32675827497024,0.42720343146936,-2.18269194560955,0.520543072366642,-0.760556415188733,0.662766638397236,-0.948454306235033,0.121795925829793,-3.3818429293561,-1.25652362136258,139.9,1.0
52814.0,-1.10184700698197,-1.63244121283891,0.901066556872515,0.847752885502341,-1.24909072939532,0.654936785498635,1.44886782586722,0.0233079125519542,-0.136742416820243,-0.150129182778684,1.17235508293037,-0.795988136674965,-2.13695096583302,0.578869439330842,1.4121147225086,0.0134668068434063,-0.119204381070058,0.826814373772222,0.476859902488945,1.23027784051309,0.610653920616913,0.835795006603528,1.17995542066426,-0.0290908864225033,-0.300895693792436,0.699174952578756,-0.33607170899039,-0.177586827857027,519.9,1.0
103808.0,-4.51734375344642,2.50022390414582,-4.01392753708116,1.18945163355882,-2.48686063585833,-1.41347553285281,-4.24570662259591,1.26508694822894,1.16882778968781,-4.51390660472333,3.69471123994721,-6.11044323287235,-0.110521636054475,-4.18455528093394,-0.93103463417672,-1.61471832598223,-3.35318018239636,0.236762036968587,0.0038960221310578,-1.05616226010439,1.32694422202396,0.102998961106284,0.508166904438541,-0.278017536127694,0.139721094971637,0.0646100247346309,-0.972358289293076,0.351359561196795,2.27,1.0
58060.0,-2.63059770314604,5.12575923008793,-6.09225454651378,5.52739306209755,1.60514485494011,-2.31988352953118,-3.20707570564086,-1.48258321071708,-5.07487063178104,-6.77833138248069,5.72525459149638,-6.94917182528041,-3.12779501198771,-11.090424813263,-0.800272569362332,-1.70750085360527,-1.68547301699574,0.274890838662414,-2.02888535240153,0.948863770149954,-0.527474204141788,0.220546094514546,-1.37110989476897,-0.504898994517705,0.382306792598482,0.395527722278956,0.782035950782542,0.62852786395406,1.0,1.0
26833.0,-20.5327510764355,12.3739891389716,-23.0090029136283,6.14482097803751,-15.5872960035928,-4.38449066917613,-15.9390026942523,13.696416119399,-3.94845491908543,-8.78972336330438,5.61234710799626,-7.91442236630349,0.307819968365149,-8.32860088836825,-0.00697929458963793,-6.82452417207669,-13.3160791903173,-4.9216120866876,1.18820420779718,1.59275393136331,1.75460760918813,-1.46611525253641,-0.85677863566488,0.125776576475404,1.40258698975375,-0.223754856770293,1.57424873519633,0.469200693158523,99.99,1.0
40565.0,-1.32766562932717,0.430484673906103,1.62509867762322,0.362207954745678,0.306268929389082,-1.18475423632993,1.59465734009013,-0.224595014147082,-1.02755128318407,-0.854998413809269,-0.1907292720598,0.148533634081875,0.00777291895055831,0.383779923493226,0.136163345227082,0.101937441873729,-0.480195378678273,-0.649947140649239,-0.800944756960281,0.335336319779367,-0.183833435785248,-1.0772202442433,0.337008520962125,0.629940309038124,0.455589386319012,-0.836318759599225,-0.0523682466890404,0.089555644627029,169.4,0.0
62080.0,-1.59945740179415,2.60772002929222,-2.98719294171061,3.06415614684784,-2.49791431686821,-0.54110279282052,-2.2777862276701,1.26816610842127,-1.99733105335741,-3.83477508791878,1.11335409263987,-4.97692104108215,-0.795530934675206,-4.54955674371782,1.81376325403563,-3.17746049642958,-5.36934877847861,-1.1214541569793,2.03059193793375,0.22533293042937,0.662933039629134,0.184086858369512,-0.0894518031771282,-0.505999935132595,-0.0622588885489331,-0.0527144132804191,0.322854004983613,0.135267636745646,180.0,1.0
59112.0,-0.703280795544945,1.07014583598722,1.3035256875042,-0.323589521319814,0.237362678533241,0.056384153725389,0.474751826447599,0.279675602869306,-0.366298518921332,0.136261623977085,1.16079802744728,0.345662367345718,-0.541403477280169,0.381574931936356,0.496515651856435,0.202263875499106,-0.463681668643395,-0.150875541061309,0.0418939036091543,0.179252398122823,-0.207008918467146,-0.493346147319411,-0.029525777428747,-0.345499368244295,-0.219844685170852,0.110220893013794,0.381348033126155,0.163403924790386,4.49,0.0
41193.0,-1.08689724689601,0.203352229995449,2.84573384031331,0.120130578996195,0.351192945013417,1.17174847681447,0.288602379040061,0.386931946595235,0.148170100088331,-0.786525793022175,1.1440989719554,1.23309160031159,0.0124817117330504,-0.626067875861539,-1.19595899170381,-0.547518064606694,-0.054003819905909,-0.678056355489422,-0.910846414131025,0.0456426122903419,-0.0268060355011386,0.188745253945817,-0.151858341736204,-0.297716891248843,0.283875158085927,-0.529567921515447,-0.0643159514030057,-0.155166882807816,47.32,0.0
102542.0,-1.45687631770562,3.74030556080113,-7.40451844591174,7.44096403590735,-1.5498779534738,-1.66169686169337,-5.75721301357641,1.61501101078404,-2.19488072574389,-6.80713525144464,6.82579316213884,-10.3997491177692,1.83644883978883,-11.872845098188,-3.6423925983095,-6.0441031440521,-9.75077638654123,-3.11637225405711,0.0653171492484702,0.529557330911833,0.957897451629944,0.145339479676781,-0.0447039008346728,-0.544961671329029,-0.757756535554721,-0.00535236923589807,0.318152285707546,-0.323553622642371,2.28,1.0
60463.0,-1.19514256873291,1.31635478051791,-0.968188295141482,-0.34892693951836,2.25968781426969,3.34550943048623,-0.142921523825,1.31319796728584,-0.443360090384825,0.435469235195893,-0.384834717008133,-0.121096542972984,0.0305943683648612,0.626412430043385,1.21523659429047,0.0884810907057995,-0.543893361953735,0.555341850530025,0.715809587054029,0.36575512662294,0.0197991358984422,0.129969192670992,-0.0700726186292212,0.999277167254477,0.109109038789654,-0.286667192829973,0.527888076214867,0.277178101164905,19.99,0.0
65863.0,1.01198132948743,-0.202227612392038,0.227617049008274,0.680230002710857,-0.419832807806006,-0.548499196384699,0.134071812670086,-0.0695471555233003,0.138779363566103,-0.124519488058008,-0.186879193918666,-0.0695325615437045,-0.683852702701584,0.512283246454636,1.29621466669596,-0.0315657054703877,-0.0390210921546527,-0.847366657079684,-0.494473922313887,0.0319749380556722,-0.119849360336579,-0.589095306687388,0.0247872283335701,0.0615776656083632,0.17556104210304,0.194453914926601,-0.0449953070061178,0.0288575032026141,111.25,0.0
40919.0,-2.74048250153169,3.65809481979987,-4.11063552027473,5.34024166876747,-2.66677476000958,-0.0927818149405728,-4.38869880914515,-0.280132705503576,-2.82189458229917,-4.46628416302479,3.96979981229186,-7.34671678644283,-1.16331176961366,-8.22556891234807,0.82500183194645,-6.77286703365235,-8.81578542555918,-4.56885928410549,1.12659865645629,0.185325269832133,2.41749541196206,-0.0977119508973041,0.382154506973307,-0.154756519767143,-0.40395592644091,0.277894930235294,0.830061638644528,0.218690442242457,112.33,1.0
55262.0,-0.728949584960876,-0.323863566415696,1.28169043605081,-1.51475679954582,0.0492203879468078,-1.09598136712606,0.317968093344124,-0.355850987821271,-1.09459864827013,0.634318004683349,1.2164616154071,-0.291779127821703,-0.651399203882601,-0.364292303815376,-1.42974663289849,0.771882534151053,0.097131245746143,-1.15312015490047,0.528217608860882,-0.106645008584671,0.207692064768153,0.758121002305992,-0.15900793894358,0.563969785714813,0.374676063876492,-0.283080716981565,-0.401966866915794,-0.223615924843603,10.0,0.0
107821.0,1.96201578934534,-0.206810695290004,-0.291679082365674,0.332463094978419,-0.332054467992446,-0.147999263248036,-0.62611870027091,-0.00959850801424279,2.32233417538124,-0.448963853506882,1.67947320082572,-1.23989576769627,2.05770103536923,1.61885827693369,-0.333908335766425,0.430566535835969,-0.283399687820258,0.780192782616674,0.0128513078860735,-0.232901237197741,-0.228711870023188,-0.299815370060582,0.298933462863823,-0.576432982439202,-0.373471953156384,-0.954369425863642,0.0322303753278251,-0.0459020813291117,9.39,0.0
9776.0,-2.28257818246935,1.01469061318202,0.226872830685544,1.44458578740583,-0.818308151833652,-0.0289615031769421,-0.353414075703697,1.19045234760735,-0.0284541597482628,-0.962172658053183,2.13921660702329,-1.09717763521003,2.28263957467503,2.71834589921007,-0.255376619230301,0.0116337825730056,1.04121940810211,0.579619495587275,-0.0589652830613659,-0.375994570734979,0.335938364651387,0.822664754400039,0.1425695967846,0.217870477258906,-0.308962158661506,-0.304763314275177,-0.366109815780054,-0.26850642212537,61.92,0.0
94952.0,0.842025258809961,-0.365518405631879,-2.46406333105633,4.82088596439253,0.775505434320733,-0.614784604613805,1.36802439952459,-0.526261741999926,-0.121356446796038,-0.357616193093852,0.637766685379952,-2.81888227036892,2.36059541417279,-1.10869894034456,-1.44995109474769,1.57373987380152,2.20265154365361,0.800471466568041,-2.10358290329291,0.944915098074741,-0.110621878759425,-1.25780002613606,-0.324418362936717,-0.420020001036393,-0.219501077925226,-0.268872635957687,-0.144582319033867,0.104464060190998,571.48,1.0
70484.0,-0.511283444853789,1.18862670306719,0.124054336338993,1.12579836348986,0.269740138756383,0.262457211037873,0.476244117060054,0.501720255256099,-0.454583769199341,-0.169707087054756,-1.53767330343446,-0.349971388860284,-0.49497501813565,0.618290450784262,0.549866368714535,-0.7610964338021,0.383094628713777,-0.19359164708385,0.849915999068313,0.053927792236708,0.10821608815877,0.447021375556964,-0.0365990685404945,-0.768495509612498,-0.357004347724154,-0.177355944646366,0.338918815235458,0.187755980523867,45.05,0.0
35866.0,-2.04448868873478,3.36830621710984,-3.93711139061868,5.62311973109633,-3.0792320390481,-1.25347411822809,-5.77887959312275,1.70742815771205,-4.46710312294842,-6.0677981503786,3.83978771072745,-8.27784094846266,1.49391490811495,-8.41668121212274,0.792297928201949,-7.86265882647354,-14.5708366290177,-5.18538553288232,2.41438956859515,1.11202761894884,1.48359421639379,0.834310712862216,-0.148485620188757,0.00166885452328186,-0.0389957310939217,0.389526401954901,1.30023645611458,0.549940374167289,7.61,1.0
120291.0,-0.825416448117574,0.304206112941913,1.6351053348434,0.294855698333761,0.508535502740132,-0.35257009694286,0.378482982572916,-0.00219299224641644,0.243303369777738,0.139600496108482,0.664683665550672,0.460438138201784,-0.570727290811972,-0.0819991338417134,-0.585831884563326,0.407560682442999,-1.04363372401574,0.515288568535609,-0.278966783402069,0.03298822009275,-0.0860427802762075,-0.0414484840764078,0.0728402899490084,-0.00508855291524912,-0.761236069779455,-1.06042236544701,0.168269885945653,0.103941910091598,28.0,0.0
85864.0,-3.36526491864606,2.92854110729003,-5.66099919906905,3.89115992835328,-1.84037510965314,-1.80088720390662,-5.55867935318221,2.40232168278639,-2.84892272106495,-5.99567612703198,4.22130410784879,-6.11966735264192,0.0230135705891201,-8.14932178394224,-0.301351931335019,-5.37528289323615,-9.31500138499105,-2.48756256913711,2.35591891159776,0.57637946532203,0.875260063301294,-0.102501391250503,-0.606282749133978,-0.743164794295893,0.096318936065612,-0.135060497401362,1.23869473001415,0.0998237563444676,1.0,1.0
87941.0,2.01374117325769,-0.103732144705653,-1.00626001710029,0.322907464256621,-0.139532984907453,-0.944952297438316,0.0764917804331612,-0.188248702260057,0.290170106235628,0.245100699568554,1.02441352322629,1.10654755512082,-0.133817282112183,0.49674532271627,-0.656709120242119,0.0685073724520535,-0.49941421967107,-0.392904015970862,0.401327438243059,-0.223578653197705,-0.232856456729509,-0.577114210991338,0.340903261665965,0.074786018261709,-0.344024390219589,0.173071209349069,-0.0749662713665661,-0.0694650865425169,1.29,0.0
58027.0,1.2558304516946,0.307632577757955,0.290391410344391,0.698563109621565,-0.426107872401415,-1.08526406241946,0.0437700944435792,-0.167424113302619,0.12912566449533,-0.264074625969475,-0.179346658763378,-0.104985936090552,-0.40902399815234,-0.161228061872662,1.16413464110165,0.509946241911029,0.0291249437629681,-0.219383033690103,-0.192155367513883,-0.120930485674115,-0.295151721072268,-0.883089311006441,0.136151585536004,0.322413400869531,0.195224048254526,0.0968571884728072,-0.0272736883561474,0.0294365399533259,1.98,0.0
63578.0,-0.639191253440691,-0.0855947885921835,1.26545195854416,1.40116573166082,-0.260542078671007,1.00979457835355,1.30199897093176,-0.135257522932592,-0.431520921685507,-0.0913533730643921,-0.921051995675577,-0.61381552858098,0.198913055533638,0.0160870050482155,2.20626377523102,-0.527140627794259,-0.0572786796405291,0.448655661077036,1.16443546519237,0.861306751100051,0.340330752683629,0.76016976216338,0.353376975218638,-0.778892742566353,-0.0706811598435952,-0.0333546437243291,-0.0619624216383359,-0.0626865318467909,290.18,1.0
54764.0,-4.22911170849738,-5.19076446846621,-0.126731146659627,1.55199096337871,1.94828491141587,-1.09224887588047,0.97365452194005,0.263758025082088,-0.402701379448424,-0.772398994526557,0.407730737598836,0.112605724154964,-1.36941951215536,0.839635677672031,-0.870564124798188,-0.0763708275196703,-0.429104089114888,0.400482805041635,-0.850181944239698,2.35902205242941,0.925563980952915,0.230280300813793,2.38963499320933,-0.438442484454251,0.123678754244732,-0.53241745555348,-0.231252381545478,0.294125258784735,790.0,0.0
94625.0,1.70785693746472,0.0248807914815549,-0.488140038578959,3.78754815533943,1.13945148482475,2.91467262159314,-0.743357877946301,0.699135879021363,1.0084706473096,0.912806096143303,0.7653541419638,-2.04386838674929,1.00154733873148,1.32288725448265,-2.72007696175136,-0.153429555378718,0.752610596119435,-0.755785824269169,-1.91256263382671,-0.368014254987192,0.0108651916304298,0.548257831746395,0.0912182952145324,-1.00795946020642,-0.0821828177765288,0.179709188704528,0.0077377190320074,-0.0688413102470406,33.76,1.0
14073.0,-4.15301449873357,8.20479650456012,-15.0317142097481,10.330099825448,-3.99442609736294,-3.25001318447365,-10.4156978119079,4.62080391044331,-5.71124797098224,-11.7971810675777,11.2779207278067,-16.7283393320915,0.2413676825577,-17.7216383537133,-0.387299923381284,-10.3220166783853,-13.9590853730538,-5.03071003831832,1.19726633504633,1.41262488019492,1.97698839609887,0.25651048717528,0.485908106513804,-1.19882131436036,-0.526567394687845,0.634873502483478,1.62720907623952,0.723235068518316,1.0,1.0
93824.0,-3.63280894927825,5.43726336227612,-9.13652148062595,10.3072263079132,-5.42183029451154,-2.86481514933136,-10.6340876212042,3.01812657999175,-4.89164032107494,-11.2350479111446,8.78878366710272,-18.5536970096458,-0.339533407676443,-15.6231873302985,-0.188978574214972,-12.4279613630565,-20.1590474539227,-6.88889109280947,2.58609321670737,1.35406479520345,2.30988016889674,0.978660126299279,-0.0961301444473713,0.432376722544823,-0.435627929953396,0.65089278643537,1.69360750804844,0.857685371687245,8.54,1.0
36201.0,1.03094193479444,-0.0920938411791312,-0.234678200407751,0.150660313238885,0.707795397922003,1.27320749168149,-0.0770727623576745,0.509616432718916,-0.255985624488612,-0.0514850558695957,1.94332186890087,0.574056158565803,-1.3170771951826,1.03245955566881,1.31388116864954,-0.885314448825486,0.65618038066588,-2.06496734548097,-1.02797964595509,-0.250327226629108,-0.23438018454771,-0.70854064079866,0.216261927913552,-1.3774747017077,-0.0657309529446273,0.271179973341003,-0.00938399560742921,-0.0173095620391087,29.95,0.0
53421.0,-0.689308218974674,1.38181523708817,0.92223174620797,0.10343956412227,-0.292253676631495,-1.01409627221195,0.399576386670646,0.339643495849281,-0.598010648455948,-0.748644342532882,-0.32782996402295,0.188491750898359,0.390932206506483,-0.154870599769043,0.832371066923952,0.497755299982589,0.162407631868889,-0.121396696931326,-0.0974268126831314,0.0352886915640532,-0.21474856362674,-0.684028387147618,0.0580546888312372,0.332419165388151,-0.124964279371965,0.0737353623029459,0.11854163040404,0.0374172378346666,12.55,0.0
2163.0,-0.507276205731166,-1.01987619817256,2.09713379343566,-2.33548954971541,-1.41674831492433,1.0354966306351,-0.680195455593584,0.490807912663612,-1.80000870997219,0.612379725610158,0.943610209112519,-0.206462644776948,-0.0193556529780609,-0.78541806124044,-1.11237864914207,-0.69009704937577,0.766002901410323,-0.195218817838679,-1.1197790549876,-0.233476964148254,0.0408591132638432,0.481579569134443,0.266947637302223,-0.330880021679233,-0.648224914425655,-0.377989095319315,0.189534642022823,0.150840308332922,111.38,0.0
33410.0,-0.426660272523052,-0.242235013114972,0.965197038244677,-0.971021004137647,0.885390099729375,-1.51085263918723,0.354278006682522,-0.292357871753079,0.288804203369614,-0.355518874735031,-0.926801760118966,-0.574450673381711,-0.73723829686761,0.0852595215175248,0.500836591616034,0.437052965666088,-0.796163686212515,-0.180536471031266,-0.37978796103156,0.0521220106662044,0.0503444647324496,0.0757525014577348,0.191858051478409,0.0605988769394806,-1.24494306221386,0.609754789490967,-0.058797001069018,0.00517549071818057,0.46,0.0
68207.0,-13.1926709562391,12.785970638298,-9.90665002092758,3.32033688288942,-4.80117593230105,5.76005855618556,-18.7508891580107,-37.3534426378925,-0.391539743919107,-5.05250236713858,4.40680552357904,-4.61075647740608,-1.90948796970811,-9.07271093398351,-0.226074450896345,-6.21155748212485,-6.24814535335983,-3.14924669470095,0.0515761185277783,-3.49304991519446,27.2028391573154,-8.88701714094871,5.30360690376998,-0.639434802306313,0.263203123457008,-0.108876929971315,1.26956635541013,0.939407362758877,1.0,1.0
85867.0,-3.58696386180132,2.60912703784891,-5.56857720803735,3.63194695349796,-4.54358971050144,-0.15789907530677,-4.08912766842153,2.41730514407718,-3.23990097529344,-5.822449155685,3.36918605153883,-5.69192578583088,0.287371390782189,-5.41378669142638,-0.555549924912204,-5.86366171303999,-11.1432410242579,-3.48093955285599,2.79433340410919,-0.178533964286313,1.02442283357462,0.428756482022381,0.182032121144153,-0.534597882665306,0.16893349468844,-0.149843614233619,0.685517241438814,-0.299728379437129,310.42,1.0
93879.0,-12.8336314219519,7.50878980635543,-20.4919522106577,7.46577999198461,-11.5753037055975,-5.14099947650773,-14.0205637048257,8.33212047126021,-4.33771253089739,-15.5637913387301,7.61081978841573,-15.5923232225286,0.504789055226229,-13.2478885958622,-0.796526030140245,-10.3423283585648,-16.0445243414767,-5.8821359384126,1.57369789640089,-1.37892322363159,2.96684240389381,0.615344322057327,-0.766494757432984,0.431261005079751,-0.104974994617143,-0.0100913270781415,-2.4008113496639,-0.720556600051925,104.03,1.0
63853.0,0.413547183085337,-1.94464296363362,0.472078823318563,-0.94917841797818,-1.64477708310772,-0.068596641978641,-0.397789427509096,0.177165368892038,2.07952603876347,-1.38645900169133,0.109428016306996,0.276278768254959,-1.38910491788381,0.212555477544656,2.01672603555674,-0.992530688460112,0.697603134371568,-0.567419766940552,-0.287098548350806,0.539136477483953,0.409154811154931,0.570765011470913,-0.327688452262981,0.151372966636423,0.104493939604659,0.116929227785681,-0.00301383091162353,0.0841130616315116,390.0,0.0
28143.0,-27.1436784229495,15.3658043803315,-28.4074244550982,6.37089534679314,-20.0878775718571,-4.66631306343841,-18.7094788213717,17.9035743750222,-3.72227873753244,-8.12096173759343,4.41994345577668,-6.21094112120869,1.06383739513242,-5.84352838067721,-0.108836449172905,-5.60659732565665,-11.7562556050179,-4.71494676131661,0.783577593799492,1.70388764553958,1.79682638880552,-1.96097371657716,-0.90224745220798,0.144011442167384,2.02438803943008,-0.204214065769385,1.33215305903359,0.385890728011147,99.99,1.0
42667.0,-2.0973020682837,-1.35144823570052,0.738313579935254,0.353463310861477,3.42484354204745,-1.93710165298035,-0.415093689782885,0.0950278413425093,-0.879038622782069,-0.222372794801535,0.356515913946342,0.804219989922058,0.532777042937995,0.581765931644258,-0.601456377111193,0.292828846464125,-1.12162915463898,0.515114038822973,-0.160009893055533,0.516998637185912,0.314346355945986,0.170150025442345,0.0515042721459984,-0.520695263445842,0.392874818392477,-0.462410770903873,0.0103365904550111,0.160774105426868,1.0,0.0
76450.0,-0.406473320749149,0.940731634572393,1.12722194542323,-0.1691115288435,0.337801176165721,-0.0307769602730925,0.444190007450449,0.297498321474844,-0.466068624100043,-0.352671282674113,1.22400550444592,-0.00842838258231324,-1.0482731130434,-0.00124420124193213,0.592175061260576,0.43447296321353,-0.0191634127720087,0.152039238948702,-0.0285106751560505,0.0317255897758289,-0.218930218336789,-0.61460785210101,-0.0255559953165836,-0.390073436533223,-0.257677950277603,0.108247751314069,0.250634782634644,0.0789993931616475,2.67,0.0
75832.0,1.28424140748592,-1.49496754608632,0.759381144689091,-1.42548096721417,-1.85660943686987,-0.192447704807775,-1.36462295376298,0.0786214657127311,-1.6930457847491,1.53894623730473,0.824910089450909,-0.534570168749498,0.0985828036354735,-0.260829562082245,0.257168509854549,0.272843917712097,0.0147846139375472,0.900378463855694,-0.00520543807635188,-0.135442370674302,-0.115455535404868,-0.211475047462584,-0.0222202779367953,-0.0267697238129,0.126769989292263,-0.267895156161833,0.0347732350197209,0.0348816867680916,106.37,0.0
47410.0,-2.24337835648003,0.194563291559736,1.36307435056268,0.0789348078622036,0.820659123026573,-0.868104727195514,0.871841789905952,-0.0472092569558194,-0.174613705835284,-0.199708739270983,-0.327752352351328,-0.39260249654271,-1.07913880554115,0.363398486362419,0.767854383600294,0.0961588186284244,-0.400667718401296,-1.00485131244895,-1.07746620020703,-0.267698278201777,-0.550650551410566,-1.43110668952544,-0.500423690394348,0.0146458714262517,0.0897417442595474,-0.99166138360972,-0.209402794866033,-0.631433555108287,71.97,0.0
8878.0,-2.6618021745564,5.8563932148043,-7.65361621324071,6.37974188053221,-0.0607121191362683,-3.13154973153662,-3.10356974550479,1.77849156945338,-3.83115371623455,-7.19160424618226,7.10298858788516,-9.92869994299538,-0.0674983775194601,-10.924186865147,-1.69791397714032,-2.37942098527078,-2.77511389701838,0.273798971252603,-1.38218756352589,0.399096860264863,0.734774950378595,-0.43590118187623,-0.384765904180568,-0.286015663843443,1.00793382365812,0.413195532462339,0.28028415690056,0.303936550639395,1.0,1.0
41181.0,-7.33434102050082,4.96089229123138,-8.45140959148547,8.1748251681484,-7.23746372952055,-2.38271066458273,-11.5088418575552,4.63579753722901,-6.55776036636164,-11.5198609264142,6.45582813287588,-13.3802218737527,0.545279226790884,-13.0268638593173,-0.453594543596495,-13.2515419788937,-22.8839985767803,-9.28783221397402,4.03823050489431,0.723313822249839,2.15375502636012,0.0339216178167887,-0.0140949200284419,0.625249955306557,-0.0533903339689031,0.164708739959664,1.41104749421382,0.315644799820923,11.38,1.0
67857.0,-1.73933378422429,-1.30465465035444,0.314102907291187,0.0537401062585881,-0.0586957001779964,0.0712595573040713,0.694861852921962,-0.313269934817745,-0.649377114028123,0.517567879914365,-1.35655775612738,-0.238382663867126,0.0695790190825196,-0.431690053731737,-0.674723889299605,-1.65416180710569,-0.0539606012956825,0.520745840192804,-1.55456174696529,-1.46399432399357,-0.665172078751849,-0.632078028662709,-0.421175799634968,-0.400774352865197,-0.00164030189404302,-0.495162312868153,0.0316326197006312,0.0662796878513276,320.0,1.0
93853.0,-6.18585747765758,7.10298492227346,-13.0304552638937,8.01082339822486,-7.88523736131971,-3.97454999359808,-12.2296077786617,4.9712317023058,-4.24830701294998,-12.9654812039222,8.68830799242781,-17.1829184301947,0.0695769150313325,-14.1161560074304,0.959031717400206,-12.3753337375636,-18.716764511809,-6.52201457322122,3.51795494036344,0.483930108481186,2.50277241039945,0.481691289576756,0.480957977547458,0.360318638811951,-0.293354295977635,-0.199193157971208,-0.203917328209747,0.398927185850218,44.9,1.0
93853.0,-5.83919161928092,7.1515323543223,-12.8167600806187,7.03111476501099,-9.6512721679897,-2.93842725771624,-11.5432071690832,4.84362653179436,-3.49427572506535,-13.3207888671784,8.46024444901677,-17.003289445516,0.101556614891384,-14.094451660329,0.747030766392512,-12.6616957230679,-18.9124938172188,-6.62697484523061,4.00892074227194,0.0556838813863639,2.46205591127559,1.05486518382957,0.530480596078193,0.472669814042592,-0.275997967880675,0.282435024801752,0.104886020210564,0.254417096767513,316.06,1.0
110617.0,-1.10103546371767,-1.67492805871463,-0.573388195590639,5.6175556662941,0.765556412634615,0.440607080848915,1.93474047501363,-1.01978754945585,-0.19324423129657,1.7837390603636,0.606910821999133,-2.85427542751023,2.37947304553589,1.26814661675691,-0.28361908940932,-0.482192055998123,0.8110054093379,-0.357910684579857,0.752760921550722,-0.0383141473363703,-0.412525822025647,-0.208823118913215,0.344832725150856,1.09143473162108,-0.686512742633337,0.0758089204336296,0.0338647378770195,-0.83285502022751,635.1,1.0
85285.0,-7.03030814445441,3.42199090467553,-9.52507177254752,5.27089100906596,-4.02463027558805,-2.86568161775739,-6.98919473439446,3.79155093755913,-4.62273033596451,-8.40966487562735,6.30904400603177,-8.57676143258937,0.246746716929862,-11.5340460181508,-0.3642651387587,-5.45249465771382,-11.8875700201872,-3.56358481007011,0.876018768156628,0.545698040621445,1.10339774484256,-0.541854751589521,0.0369432219896495,-0.355519004066217,0.353634382097,1.04245799282131,1.35951563156376,-0.272188101257294,0.0,1.0
115285.0,-0.992995085532729,0.594898669459488,1.61371029965681,2.93908807547365,1.67517890018538,0.327479130171115,0.328362208513262,0.207276014137931,-1.15747141074909,0.459257521422147,-2.5012000492345,-0.491363946891168,0.0861084880689472,-0.472616401795828,-2.30137935503219,0.522320598706132,-0.706127929275761,-0.0984050594006499,-1.09730908280019,-0.00623484959521346,0.15650949272346,0.445080804819833,-0.36491467137581,-0.640995829332298,0.401665139553934,0.180925497547132,0.081705904923466,0.13409938750853,0.0,0.0
34445.0,1.53886708842656,-0.988349655993459,0.432792313092618,-1.32072754394849,-1.63204178463187,-1.05316727808223,-0.99433704069336,-0.187927549586212,-1.68687963526444,1.47625541675597,-0.654732381934006,-1.43259804260993,-0.545149749136028,-0.102602198045911,0.680310914015222,-0.353978219132091,0.568104531769808,0.0837713174406628,-0.2343886054749,-0.416234396318619,-0.232659107618614,-0.303453192010759,0.0568890362477533,0.346091170596959,0.356123972050984,-0.202204851808494,0.0250648298464026,0.0170491186015838,3.25,0.0
53076.0,1.29623080363477,0.417447287721689,0.193963067987499,0.901644194576026,0.13053136701763,-0.371634020776762,0.158125823740231,-0.202668656827626,-0.0795117562857989,-0.0450882478448673,-0.876737591678351,0.687487636238951,1.5747177026257,-0.00779123029058128,0.948315691837591,0.37715383740261,-0.868182736046053,-0.0671351121445059,-0.0644929660672327,-0.0295593500917474,-0.112113509551068,-0.2200020323662,-0.121021883862135,-0.440454448442227,0.671540040565908,-0.413518433654353,0.0328380408333744,0.0206001971066775,1.18,1.0
37142.0,1.21804767271677,-0.683659191779426,0.242398682998854,-0.657157094888069,-1.03210751692827,-0.933561066922355,-0.34795142742688,-0.185319674453159,-1.2076766905018,0.783880995371466,1.65970164595459,0.234222948008434,0.238819126473097,0.120409359895307,-0.0702388629203888,1.12882415782951,0.106606806648742,-0.966246666083417,0.705671166423878,0.244070795176817,0.326756205677351,0.673876946734353,-0.171998752739862,0.592356191820116,0.551713965870844,-0.155969461497144,-0.0231004749711253,0.0165162523436868,89.45,0.0
85285.0,-6.71340697159693,3.92110415204576,-9.74667821737542,5.14826254938013,-5.15156271985187,-2.09938865681113,-5.93776683170198,3.57877960420447,-4.6849517505833,-8.53775768653457,6.34897930341209,-8.68160893168352,0.251179384774619,-11.6080022570993,-0.351568782034355,-5.36356643348466,-11.9390915052116,-3.58360287020043,0.897402406121681,0.135711322729059,0.954272201927517,-0.45108644858101,0.127214424071711,-0.339449869297565,0.394095513633807,1.07529509891805,1.6499059092424,-0.394905372194808,252.92,1.0
62310.0,-0.560122269564886,1.01721263237504,1.17649417437441,-0.251901356067503,0.451024583429267,-0.00493911566903581,0.671832580718915,0.0697110011615829,-0.169783879449407,0.156183235715837,1.38462373962829,0.0542202687457072,-0.800406235123415,-0.334885176860619,0.609880349523066,0.320927508349976,-0.148537611974815,0.0764356358037969,-0.0560214636876819,0.248440828518639,-0.298708984184063,-0.587255602995304,-0.0394273691432113,-0.386408987067886,-0.218959914947934,0.0841130970603179,0.197768395861764,-0.0823836273652173,9.87,0.0
74164.0,1.17987681383264,-0.129075262632116,-0.873697271735978,-0.0331539862699517,1.92265389142884,3.51848479391817,-0.599177897236131,0.880410213531343,0.0488770939129844,0.00181187568181558,-0.103692127714803,0.114834390288745,0.077141213255825,0.373892589833383,1.35973018951514,0.705083472682875,-1.04919040112956,0.258126131014554,-0.0099205230151662,0.0859117831749766,-0.217628663830909,-0.884882875254372,0.0371274233545545,0.956813406693333,0.442716927210769,-0.6126872882856,0.0310731396012893,0.0357725313953313,49.99,0.0
118726.0,-1.72414837404467,1.74659416560166,-2.66953844591974,-0.352985330109765,0.977330152562626,-1.5355468290983,0.519204329662606,0.723058063235059,-0.8592036621643,-1.11639064893758,-0.959569466546249,0.769879637840199,1.13653052702553,-0.24484480810341,-0.871100751683869,0.0266661542848297,1.15148758511264,-0.145534578908261,-0.26849339734867,-0.636448804405017,0.231652820920631,0.857163337132463,0.441908515735012,0.675201617839812,-0.505468982378725,0.476495300202911,-0.179568571413024,0.0428457708496944,4.64,0.0
22068.0,-0.444223446942709,1.47613290942228,1.18161523162887,1.57793509502121,1.11902823650889,-0.377833271726244,1.192098275621,-0.182920823689935,-0.272904508364018,-0.29136594288853,0.393377572076033,-2.64023390603458,1.76016271927979,1.79722108634195,-1.05119538947301,0.151393724479767,0.225392919513869,-0.612564505138558,-2.04926102669403,-0.264010038186895,0.00281513183656554,0.21676487242417,-0.128628620905295,0.0196023526316133,-0.259267133770219,-0.191590802662803,0.0878679625058134,0.148296291535604,5.48,0.0
40472.0,-0.441983871188712,1.46807102013354,0.855873133830888,0.884457441113035,0.822771575185409,-0.482860435575977,0.842515044328348,-0.0346113448291244,-1.20241949666348,-0.856646884741005,1.5628766784103,0.512085673243448,0.684410900335399,-1.36298376753893,0.503978526300617,0.470798057709388,0.760279717297195,1.36096038449534,0.640758920063503,0.148578875609204,0.0599775014816511,0.222741080327217,-0.394420844507216,-0.102126880721685,0.255178669240801,-0.248518201559661,0.133735420813514,0.135714298479454,1.0,0.0
93342.0,1.98270719552177,-0.908027658107635,-0.95145882701652,-0.369296475629211,-1.02563113007335,-0.748757246497717,-1.15668106935926,0.0128941864863601,1.38468343522996,-0.0909880618723383,2.0886619409889,-3.60898017923957,-0.317176308399596,-0.0478561884510097,-0.837107912790337,1.84873203748947,2.0633972302133,0.458499578805715,0.180518942885322,-0.037169892239696,0.159675177371983,0.558387987363048,0.0998804366754172,-0.194247083508998,-0.317414848763833,-0.144758654456809,-0.0212156858484568,-0.0229980415127557,69.99,0.0
116930.0,-0.907347357010489,0.657209712066449,1.98085189401571,-0.271921237619559,6.49723263382415E-4,-1.17687802058941,0.866192977607649,-0.126221172776924,-0.431703493116875,-0.912979682204582,-0.162650890505463,0.140579465100135,-0.291551770506952,0.100618917304678,0.0187706368961582,-0.305549708890769,-0.0164322357270038,-0.586399066283753,-0.47377571757366,0.00816978678069465,0.061136111792402,0.102100402983601,-0.208865901571081,0.892240077801196,0.472672798803525,0.309600205945216,-0.0239319044622904,0.0621892331854021,30.9,0.0
41791.0,-7.22273130585545,6.15577293013926,-10.8264598371575,4.1807791786876,-6.12355510135628,-3.11413648152623,-6.89511228298774,5.16151637665229,-2.51647653288733,-6.40337055173194,3.18605794805635,-6.85557098142662,-0.837722614772195,-8.03661487513855,0.956969643768367,-4.55719345408278,-7.65470424350142,-2.58841864362628,0.718555009324824,0.818859416826789,0.91270032192132,-0.630358133073199,0.190886662173033,-0.0612634320139128,0.379774656663009,-0.266845465234688,1.19369457713473,0.257468457389868,99.99,1.0
40112.0,0.978314066341196,-0.700260207826964,0.670038632322009,-0.194169108600887,-0.877182343264687,0.185266505057664,-0.644390398839297,0.28669658789922,0.560501640849182,-0.125972907493539,1.16031225599105,0.244069135151284,-1.01915354910763,0.417943139788446,1.20083873780981,0.712860713838209,-0.501566763613082,0.177564146463849,-0.093423313170348,0.087994665065532,0.072385310121561,-0.0819470468997853,-0.0146835797487727,-0.272030956920499,-0.10898641668559,0.975159739425499,-0.0669121807087028,0.016573548281789,115.0,0.0
93742.0,-3.29112509261551,4.4011941515981,-8.39421162258901,4.45357956949695,-4.79005451824953,-4.24018208232724,-9.21900099642753,1.97402995723142,-2.91294270907847,-13.540168238225,9.41303953977606,-18.0475965708216,-0.728186553999085,-15.3930448312636,0.3494850489774,-13.30388757707,-21.2979057823155,-7.26231079476482,2.27422550991903,1.4908691418867,2.10234346771868,0.597370314627801,-0.328086184026121,0.445752402449364,0.585280580866405,-0.399005421878678,2.11600444233121,1.05074380386505,1.0,1.0
58997.0,-0.827824241969683,1.42319937901213,1.20991273713448,0.0394966014772501,-0.257263070689004,-1.23107326748818,0.644643289852532,-0.0390375029598086,0.0557275005401588,0.124579051952612,0.0249998234280746,-0.266244620123871,-0.530914702258056,-0.432581388626406,0.966331664299694,0.273593747811716,0.143171981347733,-0.20551454264215,-0.269302677568992,0.315789050459602,-0.311036333912484,-0.722556538255374,0.0499463459783843,0.637010642666612,-0.122006192436592,0.0629629549193458,0.454538418133703,0.226316528951114,3.66,0.0
56424.0,1.15916715509484,-0.241843448269284,0.626578635519388,0.495891246762741,-0.790721044697868,-0.481970512839714,-0.379033729998073,0.0237316655934599,0.627204632224326,-0.0824161552771674,-0.97946292694473,-0.657316530651664,-1.07200314392008,0.299502045491409,1.51033831820566,0.796095646337217,-0.632040501402231,0.182824989910716,-0.111444153185479,-0.0425594886756005,-0.106237614532494,-0.487536584799911,0.00426188247623594,-0.136183686014168,0.138558650517794,0.349187183942166,-0.0340340839673535,0.0262300532372835,59.8,0.0
93860.0,-10.6323749061596,7.25193622855414,-17.6810718207918,8.20414440620562,-10.1665907519072,-4.51034377036334,-12.9816061559658,6.78358879797499,-4.65932958355558,-14.9246547735487,8.38914233451929,-16.4655039422141,0.33851695978655,-14.224403603167,0.556584472572111,-11.683998043525,-15.8416159780561,-5.75319975278369,3.81304079276336,-0.810146481561289,2.71535704420309,0.695602689761576,-1.13812206664164,0.459442241911828,0.386337323495895,0.522438449202614,-1.41660373652915,-0.488307035713995,188.52,1.0
42985.0,-4.07597468486268,0.963031254092613,-5.07607019842086,4.9559633578155,-0.161436852450419,-2.83266299767191,-7.619765445461,1.61889544068454,-2.99209215744034,-7.14219911358407,6.27866584548672,-9.40706094796316,-1.81887396082411,-10.7395718907673,0.224206083734093,-8.42708279627514,-13.5021528919623,-4.71296758855481,2.6304759946371,0.0588612515023862,1.03073825203134,0.165327776328984,-1.01750231442165,-0.477983380813876,-0.304986825039416,-0.106089275128594,1.89971434181658,0.51146170682063,1.0,1.0
61407.0,0.318244213010358,-1.36388909944762,0.787898058886079,1.55559594568137,-1.13286757143138,0.659670470617105,-0.246146012830604,0.275446915045293,0.475907304519592,-0.125174536609679,1.13440177190788,0.879152848650798,-0.394967073428116,0.142973877086398,0.232490513720941,0.261221829584243,-0.35614891990094,0.384093883318088,-0.676723459398709,0.6189369850734,0.436658888236708,0.514041643694417,-0.413990364277316,0.0418217541633239,0.242860381116896,-0.270330081307236,0.00305352050689219,0.0899692033537681,400.0,0.0
21419.0,-17.4677100117887,10.1148157246654,-24.2021422329158,11.8054692105913,-10.1980458075926,-2.5799380080012,-17.6567879964837,2.25690247596699,-6.24214930949065,-12.8306571996417,9.44266526535108,-13.5474858999444,0.960728558325579,-13.0287170264518,-0.426674498701321,-7.65266166506753,-11.4853277896478,-4.72136957553102,0.550519004149565,1.00151850195952,-2.32802441621057,0.940830319350178,1.29681706144136,-1.05510390359967,0.11179202805362,0.679694612203418,2.09354057112569,-1.42549145377361,1.0,1.0
119678.0,-0.154094858609305,0.587908538767764,1.48114177504866,1.20976936462248,0.0892191527979284,0.241664119543149,1.10948973187635,-0.237800363906795,0.146589699593474,-0.367750785138584,-1.11515422016103,0.763122285542306,0.818853180961132,-0.677928729005828,-1.05679960285081,-1.06775601031635,0.162497836256255,-0.794867183888808,1.1261720132605,0.234511049770036,-0.39651995820853,-0.765843773891923,0.289560473305386,-0.0637756557041723,-0.787746739330974,-1.04016760906019,0.0839265391852889,-0.00193031890555999,92.43,0.0
40892.0,-2.14051149219032,4.10487145129475,-8.99685940156949,4.02839095079544,-5.13135934640223,-4.15356844523859,-9.36009513383968,1.92207487977653,-4.02618037499445,-13.6913151328525,9.09528815249629,-14.1681208819376,-0.140455389751523,-17.6206343516773,1.48274041096936,-13.2568330912778,-21.675483501012,-7.82346881553754,2.9951111673215,1.72557761649372,1.85426666080646,-0.165533725878965,-0.339938978813788,0.296313762529247,1.36422533027428,-0.518995630979066,2.35233346525926,1.13062483533989,0.76,1.0
26536.0,1.20136402020923,-0.0597804504644544,0.642057198232117,0.766693239838568,-0.734426833815611,-0.678089979814733,-0.151510733219116,-0.0649341864397493,0.646244913904904,-0.209707512795578,-0.752974739876125,0.133106873573275,-0.69409666841386,0.0136527461465915,-0.0541871021797918,-0.14643075134606,0.0495607815137634,-0.664653482560895,0.254626333884687,-0.128607428808796,-0.302615891738293,-0.767927634971343,0.078645949261296,0.403044347875219,0.286643840734488,0.286843183653529,-0.030278864074587,0.0164136063721639,19.9,0.0
41164.0,-5.93277795485543,4.57174320411303,-9.42724692838332,6.57705643811276,-6.11521812544893,-3.66179789602346,-10.8940785545016,3.70921000751656,-5.85952387304171,-12.981619145004,8.26529460055417,-14.1541653609607,0.479842781966758,-16.3375959447735,1.64604527960375,-12.3753974432385,-21.090612716108,-7.7245457358645,3.85637474254372,1.19107830456005,2.01427156558263,-0.167416617986259,0.0499675298711021,0.384429719031746,-0.0778835668224832,0.56549290579318,1.79201191700266,0.371007021212136,5.3,1.0
80183.0,-0.346988691438184,1.11220864279371,1.28662820621309,0.0648542882416729,0.0155985646730885,-0.983213054880424,0.70789121846763,-0.0656755076446064,-0.37476924380592,-0.509172154127105,-0.239079793546947,-0.153311984657614,-0.0166196333006278,-0.402187215707016,0.909365372346549,0.390672811920631,0.0143327973325094,-0.119437632321499,-0.0888042202371166,0.110883681825039,-0.264091703384905,-0.701600964804843,-0.00807987516382055,0.32471437411484,-0.163492671976498,0.0725836796758662,0.243873905673642,0.0981777883913586,5.38,0.0
36483.0,1.27330289279715,0.0785386808985218,-0.205977794690141,1.07406370032661,0.405379911818941,0.583142896784034,-0.0724769587268651,0.162438073551888,0.617733414608772,-0.0753346499719817,-2.04819619148452,-0.741322331845295,-1.4072919495,0.283054557014952,0.174525774067303,-0.244217849453716,-0.158722408748312,-0.33600428886832,0.172123247987498,-0.25391537816718,-0.21482022433771,-0.435758057838303,-0.211760689892044,-1.34943224837252,0.80074506304765,-0.220274309823991,0.0291826753738496,-0.00241892578248181,2.68,0.0
30763.0,1.50291551363718,-0.41090817438331,0.0103808663462205,-0.998518038068504,-0.360623254812132,-0.212082592457898,-0.519417157570786,-0.153562549077227,-0.803499397585331,0.581132009097199,-1.28882377773608,-0.516834035645418,1.32546275233384,-0.427493514818193,0.787465768964647,1.58994176139252,-0.332203704184179,-1.2395587682404,1.13881601636016,0.173309376103247,-0.178176036577999,-0.581688141246368,-0.0502044826757075,-1.00545068730282,0.449193329411831,-0.396492667008428,0.0144540293590088,0.0106731101755846,10.0,0.0
13126.0,-2.88004235163471,5.22544230971559,-11.0633302799459,6.68995065770063,-5.7599239886738,-2.24403079081521,-11.1999752166959,4.01472180864313,-3.42930426351801,-11.5619497720699,10.446846814514,-15.4790524832016,0.734441608104148,-13.8837785491112,0.821439545395249,-11.911483017197,-18.1030037037729,-6.83783453880068,3.12692935212663,1.19144396640797,2.00288287701632,0.351102064721284,0.79525514045211,-0.778379381413672,-1.64681511254223,0.487538823287331,1.42771309550336,0.583172486219188,1.0,1.0
54006.0,-1.05017987270477,0.780230586355969,2.07370795539308,0.923517818114367,-0.807914266414087,0.711625240348008,-0.181533715347816,0.797763765960559,-0.0681707281758955,-0.827611338611952,-1.18903362458059,-0.536358539683989,-1.0081779888547,0.266956587134751,1.22591986581297,-0.105875728377376,0.277833175256223,0.213126002096038,0.293521360461342,-0.00365108468475388,0.122567703581366,0.205603361623226,-0.0691490660316187,-0.314451132429956,0.204326953101476,-0.210588366630298,-0.0129448965212204,0.0260877825391784,75.06,0.0
30964.0,1.43258345917851,-0.457538783069636,-0.163289685561936,-0.805904927901842,-0.400895539297839,-0.364494352937624,-0.353357966902307,-0.135976992498318,-1.05503009139428,0.73589636610082,0.686694743010185,0.269115737814789,0.600154747395286,-0.156268366780675,-0.943850767184055,0.894954585683878,0.0887999904176383,-1.01289091039825,1.35977843293161,0.113600484022037,0.162825171556095,0.521822359918682,-0.267607938511236,-0.277237330933204,0.869826937722674,-0.042105671406123,-0.0102542872263943,-0.0120793439098408,10.0,0.0
85573.0,-1.7567118508365,3.26657425418237,-4.15338789695403,3.92452561357555,-1.7537718434176,-1.0057867792296,-4.31321717578502,1.56071190324579,-3.29567366751075,-6.2133552491157,4.52299197543382,-6.6528440527591,-0.12468523386066,-8.60448620191387,0.110359314846888,-5.94548061159606,-9.33893779428438,-2.39019258818085,3.18415235636348,0.874720103498016,0.911427441871296,0.0530612807310541,-0.367700953962814,-0.776337755840596,0.292093831084717,0.025999713844171,1.0629681996854,0.501148168228208,1.0,1.0
60915.0,1.31255250744244,-1.42803144589263,1.44733328730026,-1.32878208938821,-2.32151679543836,-0.249507551883509,-1.74252615352181,0.119116515147132,-1.5696882021106,1.52542694100668,1.38512530549179,0.0672806239505177,1.00789682828742,-0.643711214192965,0.405709259812526,0.321151658195819,0.00725383774768394,1.09203446787104,-0.465623978118543,-0.176091701407938,0.172659399431748,0.807252443284667,-0.0347108947915324,0.549881836080394,0.143342104894995,-0.0773633329665022,0.0740216554377518,0.0391537857914531,60.0,0.0
58060.0,-2.63059770314604,5.12575923008793,-6.09225454651378,5.52739306209755,1.60514485494011,-2.31988352953118,-3.20707570564086,-1.48258321071708,-5.07487063178104,-6.77833138248069,5.72525459149638,-6.94917182528041,-3.12779501198771,-11.090424813263,-0.800272569362332,-1.70750085360527,-1.68547301699574,0.274890838662414,-2.02888535240153,0.948863770149954,-0.527474204141788,0.220546094514546,-1.37110989476897,-0.504898994517705,0.382306792598482,0.395527722278956,0.782035950782542,0.62852786395406,1.0,1.0
32587.0,-1.7877081412347,0.578151120028122,0.820483310233875,-0.880366352447005,0.0547851388134312,-1.43631248943786,0.328343452051411,0.358694694541563,-0.565111715503912,-0.379416223514853,1.14149492519631,0.170676949101038,-1.55666016608511,1.01213293249718,-0.274917411565035,0.580131044944889,-0.366076127785929,-0.303608875571258,0.0130545268284791,-0.2587146111139,-0.317824818331722,-1.23118437257907,-0.163453462292954,0.532960009487551,-0.376737911648001,0.445565806004059,-0.0794459326018293,-0.0563909324887962,19.98,0.0
76783.0,1.33505315377059,0.331464026372479,-2.05776277666682,-0.346175355279224,2.58323382235421,2.85410199716661,-0.187547337276975,0.685153770441859,-0.286614068625624,-0.535902735452504,0.332848417624034,-0.268318738501477,-0.127614195812312,-0.868299960850499,1.12853898170938,0.786506053687902,0.316435261035056,0.587856253020328,0.0493500831769145,0.0452174411898587,-0.191819982814025,-0.650117795537897,-0.114069463781717,0.915935599538802,0.730073040140036,0.383879417575573,-0.0319023040878611,0.0298493414012052,0.76,0.0
102619.0,-2.48836288474016,4.35901910783724,-7.77640985018266,5.36402677044258,-1.82387723220959,-2.44514013600669,-4.96422092061784,1.48489015991725,-2.94789885841072,-7.17534972178322,7.34365210856032,-10.178995535122,2.14215063066493,-8.98305216762269,-0.473746033414928,-8.14334226244301,-9.78567719982127,-3.08651950539248,3.37971333584943,0.792274684105994,1.32567239039937,1.02122620503862,-0.266476205063069,-0.370880444896658,0.365535186093547,0.081372023747405,0.184983040876449,-0.211582455539506,1.0,1.0
55469.0,-1.52540506163321,-1.73932226250761,-0.300588829084231,-2.22334044787933,0.743416945231626,-0.746184105112674,1.35090265573635,-0.141490208946302,0.575592152786696,-1.72389138733037,0.0934883915152195,1.05160374531746,0.453001346000403,0.265756145590804,-0.633479413205021,-0.372524626205126,-0.786502556868805,0.647165789204207,1.06428800737214,0.979315288088609,0.392061166615412,0.367313400517471,0.708962951379832,-0.809993346417739,0.0655232201248775,-0.164282803158722,-0.0158708924618559,0.198080213474299,361.0,0.0
96135.0,-1.95293262584861,3.54138524292281,-1.31056140773257,5.95566359407,-1.00399266347247,0.983049267722507,-4.58723460197373,-4.89218360319852,-2.51675203271071,-2.85032390160027,2.02467408050134,-6.48774641306604,2.37646259977422,-2.24151634571345,-0.566869734947616,-3.93685691797738,-6.12719357199364,-2.32855196140235,1.56212955232854,1.96502978343686,-1.99809122812016,1.13370623369264,-0.041460872197789,-0.215378738296157,-0.865598577097396,0.212544577403768,0.532896738259478,0.357891632792824,18.96,1.0
119658.0,-0.576107999818016,-0.909133947605355,0.821836738806663,-2.29226600251802,-0.37886492713134,-0.38169791115468,-0.189935479408319,-0.139692526788095,-2.42962506157198,1.14018932417498,0.361736581776634,-0.235948592183284,1.12464850948295,-0.515008496901909,-1.05030123753801,-0.581638865378403,0.197864570286503,0.704580312698417,0.672866024569872,-0.278909042354953,0.0312859403636137,0.654674768968596,0.114064952033786,-0.313036358859936,-0.0710925562090108,-0.00871566028848225,0.0868326958055935,0.115393761929598,55.74,0.0
91554.0,-5.10025566317088,3.63344238024837,-3.84391862443125,0.183208447320966,-1.18399737637674,1.6021393332506,-3.00595315203476,-8.64503780175356,1.28545810732477,-3.71748137540216,3.71921153916465,-5.03402974701745,0.918999158233287,-4.22036591807154,-1.05049995739584,-1.69104526842648,-2.37242320724166,0.450098503348706,0.407805060819919,-2.80630192287329,8.28043932580154,-2.79714954096118,1.09070659271567,-0.159259597476933,0.532156369375709,-0.497125808167425,0.943621624807946,0.553580691756943,261.22,1.0
7001.0,0.771465671558833,-0.598543619024723,2.24688587843297,3.13923528931956,-1.12746625649595,2.26985251215181,-1.62051632615104,0.885450133934396,2.4495150213632,-0.0309839086610017,1.12180570547889,-2.14997504635182,-0.445732642893984,0.792963194174033,-2.62195365139921,-0.214842493383319,1.23935962247467,0.0224868257297771,-1.19464210923055,-0.242193360258615,0.0438585124438079,0.629458879695781,-0.0979636627392641,-0.32701385175843,0.179939540159122,0.251557400839655,0.0704316254981659,0.0254851006502386,78.95,0.0
66756.0,1.10644827476084,0.0225128808852343,0.111418840194755,0.829389880379005,0.0961278056519615,0.296769139840372,-0.0733055144978544,0.170597195835562,-0.0611137744578346,0.12175216867872,0.819305626007481,0.40001776821763,-0.632220343131003,0.663478342435311,0.70561541124255,0.317015483308063,-0.657062051861191,0.19939402728914,-0.19186763596612,-0.0891316442847626,-2.10773846551621E-4,-0.109359994200746,-0.119261004894993,-0.691297138286114,0.490721439612354,-0.386633193979435,0.0209611063347363,0.011595488055491,50.0,0.0
115691.0,-1.55027271502021,1.08868850191044,-2.39338766218981,1.00873271714408,-1.0875618874048,-1.10460238189499,-2.67050327670088,0.147654676391109,-0.978625549290056,-3.51413330486723,3.58604242366444,-4.05335784837839,0.862426024955809,-5.76582302154173,-0.507511029549388,-4.92186514350783,-9.56726769048681,-2.77297411117016,1.71709526842855,0.327490457262181,0.802316031461701,1.03710478869922,0.0958154204904633,-0.320190913384423,-0.0807306312824349,0.0910116872058309,0.0249284934943241,-0.0778199786198624,17.06,1.0
45909.0,-1.44492974259659,0.117884735022455,1.96849027796238,1.79991345064692,-0.386233750481867,0.77870157654267,-0.571620742162922,0.884772720391943,0.213654565556377,-0.517011565875845,0.538933968459462,1.52238577702614,-0.321398535502075,-0.270028445751283,-2.10210829227706,-1.3591247764098,1.11619391698776,-0.568596618108271,1.54815518683411,-0.188185158691699,-0.203575858802836,-0.210833191651161,0.45423569856891,0.220147406823917,-0.335495887939827,-0.462163513216506,0.0375373921712412,0.0308332780375375,24.85,0.0
51112.0,-9.84877583247984,7.36554648639464,-12.8985382309124,4.27332307326376,-7.61199101126967,-3.4270452374345,-8.35080815251842,6.86360392236365,-2.3875673251028,-6.06578236274727,2.70785640511515,-6.13603446645473,-0.545976095807375,-7.02898027290706,0.916068574603162,-4.09288449351717,-7.01462170672071,-2.5309672589153,0.554027499068527,0.832398066019608,0.931958309450931,-0.87446736131737,-0.192639469446569,-0.0354260265633338,0.538665050436448,-0.263933516556866,1.13409509350836,0.225973163975667,99.99,1.0
41743.0,-2.14441147422114,1.0734990949761,-2.77366294436956,1.38439373061694,-4.01547712730958,0.747235431622141,1.52563753547227,0.192987836205386,-2.43186196584916,-4.15583783449678,4.35477463025116,-2.87240010922107,0.468875462284219,-4.55566674751092,0.699671492981511,-2.90114077639634,-4.67466711122835,-2.21362325223921,1.29616504982889,0.668123787084126,0.14465327974064,-0.885681640451265,0.625098628062992,0.0965268919194303,-0.189454895625625,0.532908314019749,0.423044721673666,-0.210266310409715,802.52,1.0
121148.0,1.92757777567047,-1.08595195235542,-1.01955647976552,-0.965780944133409,-0.476463489491605,0.231392701594087,-0.781924552171659,0.149942924016833,1.73061855500765,-0.279998757110498,-0.524739464218698,0.297699013179184,-0.581033579709107,0.0569638344830473,0.162523775101717,0.673126286128706,-1.03199269444659,1.05034336308393,1.00126279198929,-0.0058657579281913,0.15734360075066,0.46239138400462,-0.0835553141459986,-1.32203760285615,-0.201417846532508,0.795802822086141,-0.0565010034523511,-0.0639626479047029,90.0,0.0
27252.0,-25.9424344479142,14.6019980426299,-27.3686502881266,6.37839460769688,-19.1040334039646,-4.68480620428185,-18.2613929340355,17.0525663121462,-3.74260500983864,-8.233721369876,4.6648362538527,-6.52566786025865,0.92375858946558,-6.32597461208273,-0.0702237027595964,-5.83836021908828,-12.0616957125199,-4.77334851403019,0.852969608454831,1.66730429040185,1.78431598423494,-1.91775921336107,-1.23578743924962,0.161104731783341,1.82037804128869,-0.2193590586868,1.38878576213598,0.406809649908512,99.99,1.0
85576.0,-2.20763091845218,3.25907610397605,-5.43636546967173,3.68473739367705,-3.06640091036945,-0.671323195313701,-3.69617839443207,1.8222724578951,-3.04965272773018,-6.35388725151755,4.35148149710451,-6.4532473302497,-0.0614319367541572,-8.44287285721034,-0.328820639839654,-5.44079518325917,-9.5180378916264,-2.43806861829455,2.33675362049059,0.808336360421968,0.920899033968287,0.0376745089378149,0.026753977510545,-0.791488823729947,0.176492777047381,-0.136312279131778,1.08758482385547,0.373833528935625,240.77,1.0
60312.0,-0.915509819112382,0.667856087609807,0.513474783706473,0.867559634173581,-0.61352616329682,0.0469720700318038,1.09750588207411,0.36610890749256,-1.12164672082605,-0.464241962161539,0.690375166481883,0.431094807898317,-0.134128641530168,0.905331464448625,0.334277234082415,0.144669558434459,-0.393877565339619,0.866771988360402,0.787184812423378,0.371947030149908,0.35668250615789,0.518399935100684,0.354373869999456,-0.0129045501249447,-0.137601942737274,-0.336043109353325,-0.0337084044947473,0.103997145430478,228.0,0.0
55748.0,0.98866774932484,-0.406026358980834,1.29823305665768,1.24085785246085,-1.34468938278676,-0.32681561377347,-0.717914576926961,0.154535354342807,0.924708869569864,-0.0581568386096144,-0.740558310363292,-0.612210495555226,-1.25852768117704,0.155161262814376,1.75632886698954,0.845847228544372,-0.679298362913284,0.805072431036564,-0.80654110902922,-0.0194961336507079,0.28965976822686,0.62417699741427,-0.131975129458148,0.351649043824309,0.285662811763295,-0.258410382762666,0.0500929984328307,0.0558795538486568,97.9,0.0
38883.0,1.35244274588784,-0.775324072590624,1.04513423268563,-0.698411902893922,-1.36861984358499,0.021082623986381,-1.25273245206825,0.164413657188744,-0.370274485668845,0.673333663394044,0.881111311293757,0.245627352742145,0.461405332229805,-0.589054205422635,-0.345692993445366,1.46466101580856,-0.0746168920481096,-0.454118095201581,0.875399669459364,0.0968114273626201,0.335669335670846,1.03876442601358,-0.153169876250485,0.0690398089784971,0.482579971937736,-0.0436234627670222,0.0486779787428547,0.0113616774725352,2.64,0.0
56650.0,-8.7620833940977,2.79103028235041,-7.68276685719257,6.99121396498416,-5.23069545140333,-0.357387950702527,-9.68562145610769,1.74933494530821,-4.49567886484426,-7.86450647898838,4.77414774007074,-8.24589788162945,-1.33349186005079,-7.97425052332349,-0.39879894749855,-7.24434047432354,-12.7600939511044,-4.82474022298701,2.83699299496563,-0.460389538640294,-0.0905267878788197,0.34858962816605,0.0511323900482543,-0.41542987238242,0.219665266254896,0.330020364891881,-0.0282517554687547,-0.156270272972183,7.52,1.0
110617.0,-1.10103546371767,-1.67492805871463,-0.573388195590639,5.6175556662941,0.765556412634615,0.440607080848915,1.93474047501363,-1.01978754945585,-0.19324423129657,1.7837390603636,0.606910821999133,-2.85427542751023,2.37947304553589,1.26814661675691,-0.28361908940932,-0.482192055998123,0.8110054093379,-0.357910684579857,0.752760921550722,-0.0383141473363703,-0.412525822025647,-0.208823118913215,0.344832725150856,1.09143473162108,-0.686512742633337,0.0758089204336296,0.0338647378770195,-0.83285502022751,635.1,1.0
70835.0,1.1517847770825,-0.0174978073079817,1.28885453135221,1.34132200566121,-0.963380899153834,-0.194977936603961,-0.545176874419629,0.0791132371606975,0.85993267125881,-0.208190790054047,-0.754143742876854,0.593171447349179,0.241862337450922,-0.4009745077936,0.155540144022642,0.0681177786397719,-0.259801740328105,-0.0881074588477932,-0.213183222754011,-0.119394595485213,-0.0596197019911033,0.0434671203393359,-0.00720520619504723,0.401754122696034,0.421751393294872,-0.410029479441388,0.0737177164326791,0.0388993744000395,9.99,0.0
51135.0,-10.5273044341626,7.63974510878724,-13.4431145027514,4.30340291762786,-8.04820986720506,-3.46699653575204,-8.64319279153494,7.28410530047069,-2.36209663777244,-5.99659592015915,2.5891035399443,-5.9622614216576,-0.468955402702701,-6.77818372152522,0.907946622048306,-3.97013003226966,-6.85761265464239,-2.51173568202806,0.511761951503497,0.847085223070639,0.937415595523653,-0.931178206442092,-0.235696693319785,-0.0313933540844794,0.591558276561224,-0.263516323288921,1.10889729755393,0.219021143211497,99.99,1.0
61108.0,-2.7560071191969,0.68382137690334,-1.39016888269883,1.50188726081003,-1.165614355805,-0.13120694925796,-1.47874061646082,-0.246921578045176,-0.100522731731488,-2.30110989675506,1.91445404493049,-3.8309980112302,0.719488566785256,-6.35301985790071,1.43871619241123,-3.29723907467834,-4.86297149937169,-2.00235399924327,1.54523326964355,-0.106944639579729,0.320473875601072,0.61102668559867,0.174863684107414,-0.502151101117601,-0.174712784335661,1.17924208342707,-1.16631532833921,0.821214803121569,101.5,1.0
51454.0,-2.16274673100241,2.26383304569731,-0.799801591798388,-0.347790014654433,-0.234420963287624,0.0661328853639208,-0.520069813941815,1.44567377546178,-0.108121376449565,-0.18187634435294,-1.66889095435197,-0.137158492405389,0.173279770059421,0.291165260290406,1.23147567224351,0.815198446116814,0.269862351424152,-0.0296857090475351,-0.0227222390511204,0.138353153758852,-0.282004287398154,-0.973169308800217,0.00544851608440258,-1.40000936645303,0.146436858475952,0.195820312597904,0.0701010070912562,0.0624839258208262,9.99,0.0
76127.0,1.34065484800848,-0.879822820032799,0.587740784074426,-2.1537848504277,-1.56646459791447,-1.02593604185802,-0.809184428565798,-0.113802174030234,0.100843437462619,-0.0945553754307722,1.59770300197544,1.28909387011202,0.752463755885402,0.106859827619108,1.03998250365886,-1.67580879081385,-0.210907629100733,1.93800252677736,-0.0279372038550492,-0.422792662080961,-0.134814027460989,0.195153811641077,-0.0368290400642743,0.571339026759548,0.378823327969983,0.056012224212895,0.0453940843342432,0.018313385346814,15.13,0.0
76596.0,-0.284882864255254,0.855884775178997,-0.302966680725393,-1.11484595452153,2.54202296636184,3.27019898273893,0.119630269595672,0.934554689059012,-0.504169866872797,-0.446295848873917,-0.0103648690553618,-0.332602220009704,-0.0790875179866494,-0.258323010142613,1.09783899678586,0.715681530056897,-0.482567555520047,0.32441541565928,0.282418653353881,0.226778095491383,-0.319053129649059,-1.00610622448651,-0.0502107326266106,0.935554579450155,-0.0065938174379786,0.0880530325544613,0.24722904826717,0.0910730851797285,2.69,0.0
49985.0,-1.55421636788274,1.69422928947167,-0.903333638062708,2.42543608490852,-2.89978748492542,0.133028430446298,-0.286225919411127,0.555944559014401,-1.39491838156524,-2.89261176082088,1.96223597455109,-2.38526266137636,0.458337202321203,-3.72454345377605,1.84397832505056,-2.01392370780293,-2.81560029569659,-1.09229027232613,0.139687230416985,-0.0323343863075664,0.493436338989664,0.733393182273647,0.202349959595007,0.492053700892718,-0.183790909215829,-0.19991711985608,0.395200622125666,0.0276930320930062,360.0,1.0
48788.0,-0.426831946635448,0.160858956974424,1.65991985157979,0.496008521977752,0.0944286861118898,1.21942958360642,-0.113561254563561,0.389916075523861,0.351745052037281,-0.487109357702252,-1.92120868459024,-0.492484652663177,-0.057269516084435,-0.401334751711368,0.901858402815655,-0.187746130714752,-0.0194293250046829,0.144262967143879,1.24272328269282,0.237049761050744,7.00899640948466E-4,0.0948501735469089,-0.0442366615345996,-1.28875848917916,-0.429902395423613,0.503745586369707,0.151079389047623,0.142752834474555,64.99,0.0
65358.0,1.1939160689293,-0.571085006532232,0.742522413618004,-0.0145876823031251,-0.624560898094263,0.832161659907577,-0.833350424512102,0.272896998506182,1.16942539891152,-0.371671945168217,-0.245676823310174,1.37594135044076,0.870456831276252,-0.819319364809584,-1.55090356200859,0.125852995600752,-0.397245548944671,0.272377065433488,1.22602219788409,0.062908129152134,-0.0495024276847497,0.207265101065706,-0.265271877292053,-0.67929377017329,0.511811527633814,1.24660443744052,-0.0286711040907993,-0.00611200759772271,31.91,1.0
310.0,-1.01328699662916,0.512380148221401,0.837259149525409,0.408468269981739,2.07853524414425,4.6926617230903,-0.294088412248878,0.898044188233546,0.919346554981177,0.321821402182548,-1.04992305058353,0.186009741260069,-0.421530266383873,-1.02874657440449,-1.32120125976266,-1.14056095290532,0.252886911885721,-0.218197255313748,2.05891341647441,0.207566369183217,-0.470714367042409,-0.879661024740198,-0.147591261779969,1.0031812911417,0.118078920398375,-0.460627055151817,-0.271699744384913,0.0124462117764752,22.09,0.0
44393.0,-4.61746102917986,3.66339525318756,-5.29744641020372,3.88095965427288,-3.26355091342907,-0.918546733700683,-5.7152620778107,0.831039550183167,-2.45703377841015,-5.72681709632961,3.52572598717089,-6.48911156043177,-1.01279063167124,-7.05231095228929,0.78444540329242,-6.77397674966222,-8.58807007314333,-4.51089174541971,1.14787783834912,-0.34645583270524,2.69817489528664,-0.0270808907137453,0.366775230313112,-0.123011441662663,-0.300456526768528,-0.239996239629945,-0.183463054061235,-0.0733597031884566,1.0,1.0
38535.0,-0.362753588342227,1.18154453003671,0.760107532075951,0.162814383875133,0.445051024378783,-1.12013690818951,0.885377857388188,-0.0621056550768518,-0.921729335564849,-0.855112198499076,1.71454004878037,0.00289478771893664,-0.921824583329666,-0.773721133703337,0.082325805217585,0.519657739800545,0.698192463970956,0.823431309080904,0.058085397581269,-0.0476185939081588,0.00175802023980998,-0.0620642586867979,-0.225910609845245,0.425333363754921,0.0228707220932191,0.299065559986886,0.00976484783178766,0.0685378111059331,0.76,0.0
93860.0,-10.6323749061596,7.25193622855414,-17.6810718207918,8.20414440620562,-10.1665907519072,-4.51034377036334,-12.9816061559658,6.78358879797499,-4.65932958355558,-14.9246547735487,8.38914233451929,-16.4655039422141,0.33851695978655,-14.224403603167,0.556584472572111,-11.683998043525,-15.8416159780561,-5.75319975278369,3.81304079276336,-0.810146481561289,2.71535704420309,0.695602689761576,-1.13812206664164,0.459442241911828,0.386337323495895,0.522438449202614,-1.41660373652915,-0.488307035713995,188.52,1.0
53031.0,0.206075454303215,1.38735982061524,-1.045286987034,4.22868619369076,-1.64754917421782,-0.180896946218666,-2.94367757476862,0.859155533266087,-1.18174300683428,-3.09650359868717,3.20091235546057,-2.45083242908802,0.316619878616412,-6.39717031528651,-2.12972836543767,-2.42737307534442,-4.44847225233098,-1.21222044988735,0.0346554556282822,0.351484399563241,0.46919942584802,0.344930464195865,-0.203799378001586,0.376640378487856,0.715485489514387,0.226002880910544,0.628544616302757,0.319917987612491,0.76,1.0
100298.0,-22.3418888868038,15.53613332478,-22.8652284959099,7.04337354768731,-14.1831291919342,-0.463144880408286,-28.2151120538009,-14.6077905214735,-9.48145633401495,-20.9491915543611,4.73958247105186,-11.9249546896802,-1.50141102577851,-3.83678146634435,-2.72032883823594,-8.88010567222989,-15.8251362851177,-6.75042522352437,-0.129188144339879,4.10001904830367,-9.11042257588182,4.15889482041313,1.41292844456256,0.38280067392155,0.447153952515532,-0.632816336434319,-4.38015425911661,-0.467862869164174,1.0,1.0
13323.0,-5.45436177939673,8.28742055534983,-12.7528112729386,8.59434189301081,-3.10600228114338,-3.17994875686414,-9.25279393795831,4.24506220985367,-6.32980084623466,-13.1366983691039,11.228470279576,-17.1313009454468,-0.169401056814124,-18.0499976898594,-1.36623566099065,-9.7235653091894,-14.7449024646768,-5.24730110631125,-0.574675143795817,1.30586191483437,1.84616479291417,-0.267171794223081,-0.310803969751621,-1.20168545799806,1.35217609502433,0.608424596360403,1.57471478384204,0.808725205090233,1.0,1.0
93860.0,-10.8502815883108,6.72746568826853,-16.760583409542,8.42583167857118,-10.2526968683093,-4.19217104406337,-14.0770860104531,7.16828793346092,-3.68324217370244,-15.2399619587112,8.03070840755191,-16.0603057628826,0.270529742348469,-14.9529810390579,-0.241094883743813,-11.866730636746,-15.4869899240937,-5.74865155747378,4.1300314273319,-0.646818272966729,2.5416369467068,0.135534921100722,-1.02396689219897,0.40626452579196,0.106592778669641,-0.0262323892202069,-1.46463002356247,-0.411681819907858,78.0,1.0
41181.0,-7.33434102050082,4.96089229123138,-8.45140959148547,8.1748251681484,-7.23746372952055,-2.38271066458273,-11.5088418575552,4.63579753722901,-6.55776036636164,-11.5198609264142,6.45582813287588,-13.3802218737527,0.545279226790884,-13.0268638593173,-0.453594543596495,-13.2515419788937,-22.8839985767803,-9.28783221397402,4.03823050489431,0.723313822249839,2.15375502636012,0.0339216178167887,-0.0140949200284419,0.625249955306557,-0.0533903339689031,0.164708739959664,1.41104749421382,0.315644799820923,11.38,1.0
28568.0,-0.491166318169917,1.83038827662551,-0.877136065904438,1.37527327690795,2.0488770248499,-0.758975290322103,1.06994470444556,-0.172057656019761,-1.06756285658717,-1.63708326533961,0.273142047280283,-0.8123306597932,0.396247619404677,-3.52916400214237,1.6642269262209,0.467293960733219,3.02192460965261,1.3991721177101,0.254025496457843,0.12712646275476,-0.108587085449635,-0.18009770277482,-0.431364602287319,-1.06605283754496,0.0711381228769907,-0.154016269139927,0.0937753318114226,0.209727387403036,1.0,0.0
36618.0,1.21581580418866,-0.357380390502679,0.580200922522895,-1.42246216917635,-1.05459644230371,-1.10480146728243,-0.329251535226509,-0.0820400864209822,1.07224820214629,-0.875498759572581,1.8509824766481,1.49157304666762,0.162574994746217,0.365483107141154,1.15138290537288,-0.0885818997757491,-0.434059556842271,0.273482717824408,0.873720177845979,-0.025194236931278,-0.0755821667918491,-0.191968526762819,0.0759508582653693,0.558563038130325,0.210716723758252,-0.182474769284337,0.00861513892562181,0.0178696339087898,20.0,0.0
113662.0,-0.484992298534337,1.31449572496704,-0.545605732690926,-0.363010100365207,0.175796618298201,-1.29731393249167,0.726186215154551,0.0405529458980735,-0.049501880884855,-0.286741055552093,-1.05600238616631,0.112085812760005,0.0688228437224511,0.667082252555435,0.432675523679779,-0.346581058820467,-0.317143099584107,0.179326688752048,0.0392326522474946,-0.178717759171537,0.441627714045405,1.33623991884564,-0.0354648859559188,0.0842784347215614,-0.783022810732086,-0.244323963122727,0.123408508380515,0.24784209866728,7.5,0.0
14073.0,-4.15301449873357,8.20479650456012,-15.0317142097481,10.330099825448,-3.99442609736294,-3.25001318447365,-10.4156978119079,4.62080391044331,-5.71124797098224,-11.7971810675777,11.2779207278067,-16.7283393320915,0.2413676825577,-17.7216383537133,-0.387299923381284,-10.3220166783853,-13.9590853730538,-5.03071003831832,1.19726633504633,1.41262488019492,1.97698839609887,0.25651048717528,0.485908106513804,-1.19882131436036,-0.526567394687845,0.634873502483478,1.62720907623952,0.723235068518316,1.0,1.0
72824.0,-1.11149523246612,-0.257575207100777,2.25020963478583,1.15267090326627,0.432904474488939,1.25412602800986,-0.58416279009186,-0.609681605347911,1.01460246273104,0.334532824069685,0.82637484441332,0.196886900487791,-1.88599349809323,-0.472025637126337,-0.578141395688259,-1.24300710102788,0.570459827436018,-0.159056766164096,0.407187527410462,-0.510613591931657,0.862912790109336,0.927825035064447,-0.343058085886885,-0.256268230425974,-0.600742165862083,-0.18033128765631,0.0267622260788268,-0.358335321215398,45.03,1.0
94364.0,-15.1920640113629,10.4325276778611,-19.6295152518171,8.04607504591293,-12.8381666152727,-1.87585874614533,-21.3597382791388,-3.71784952676935,-5.96978174909567,-17.1415136412892,5.90239975502551,-13.5801472568557,-0.45140689941267,-8.33476258691073,-2.02514468652193,-10.1963336944105,-17.2709851692259,-7.07909577930568,1.51769533116994,1.65747618417276,-3.47409650326971,1.76544551266317,1.70125678162665,0.381586805077026,-1.41341748729956,-1.0230778939005,-2.63476129227348,-0.463930546269812,1.0,1.0
63115.0,1.17422025454225,0.348579819157692,0.538438008661486,1.26545019706265,-0.275810516127384,-0.593702080591456,0.0789893120222183,-0.101103034659783,-0.0888482159686238,0.0131034281466483,0.1510666325451,0.537301669868597,0.290889923138407,0.3096141162776,1.12773344840223,-0.254587578088439,-0.0941038960407431,-0.666840993415266,-0.957761120143203,-0.16999844251938,0.121261685709797,0.457208349141462,-0.0407358850327722,0.412783612660118,0.569407816572443,-0.271729683088117,0.037998914004064,0.0220287016120574,1.0,0.0
121361.0,0.94772301175926,-2.99338747498522,-1.36073455984324,-0.32769268178365,-1.49136193539202,-0.0613107894053594,-0.130401771154753,-0.139032366326201,0.193719163274077,0.359770096937094,-1.06368438296631,-0.694292961739736,-0.517235027500289,-0.241616747806486,-0.203981628280034,1.03966485565096,0.429784115562687,-1.65077032687584,0.704671095841723,1.21040611654543,0.152780226380468,-0.979431557939434,-0.0933958799673202,0.577640703481813,-0.716763324735662,-0.660503140383343,-0.117003740974255,0.0703154590534176,641.16,0.0
100501.0,-6.9852674861123,5.15109356872598,-4.59933777342036,4.53447860064768,0.849053978611719,-0.210701203278644,-4.42522968507474,-5.13452515572624,0.0693205728889109,-0.870997150804889,5.20081516878268,-7.80222778971281,0.0339124179895287,-7.56013197197136,-1.01465193469311,-1.50792960088674,-3.41027456780471,0.107544007359072,-1.37551765637273,-1.24699631854492,5.45367185347674,-2.05617714358307,-0.280333720590026,0.120771472511766,0.569357720918146,0.145971466001576,0.300193469284684,1.77936385243205,0.76,1.0
75556.0,-0.734303155037818,0.435519332206195,-0.530865546585229,-0.471119606930407,0.643214386605141,0.713832369657908,-1.23457207133269,-2.55141159871634,-2.05772382572102,0.166830707878014,0.567551954604602,-0.85805991589575,-0.448067929957678,-0.264936238828755,0.88886293915465,0.838120616560385,1.42505965449185,-0.169664182600728,2.50202738858443,0.864536120628702,-1.00487737851609,1.15035358786928,-0.152555282700309,-1.38674463324096,0.00471601482800044,0.21914583821982,-0.0582573076118087,0.158047988697071,29.95,1.0
35906.0,-3.51902954497457,4.14086717613266,-3.62820236883577,5.50567203744754,-4.05746250583351,-0.905945282755562,-6.65203112089008,2.63452416520597,-4.67940204045465,-6.54624181523522,3.53820204012168,-8.04228514248667,1.69750938374612,-8.05104890186539,1.07045739646232,-7.39595692479141,-14.3296261567476,-4.86801023649552,2.46384303909831,0.898723234092648,1.58255593340505,0.778710245469243,-0.13570727840987,-0.00427780027496027,0.0327061591060809,0.362014053476722,0.900925137512513,0.554897499272323,9.13,1.0
62809.0,-1.16326155819089,0.677743181775663,1.69561684925195,0.119031885259533,0.942143056213202,-0.911181010232494,0.993698115080916,-0.0121699256461308,-1.21893125045077,-0.556362738882909,1.22524614957745,0.789777984037066,0.00761054378801043,0.542633866637529,-0.534070588702571,0.351211179851466,-0.829972394741533,-0.100040480911077,-0.324126319224311,0.0909849087681263,-0.22586192611019,-1.01338112172903,-0.0138984784275116,0.264881915783268,0.415241864955143,-0.824509951600605,-0.0116373161015532,0.0679605173149002,38.4,0.0
93860.0,-10.6323749061596,7.25193622855414,-17.6810718207918,8.20414440620562,-10.1665907519072,-4.51034377036334,-12.9816061559658,6.78358879797499,-4.65932958355558,-14.9246547735487,8.38914233451929,-16.4655039422141,0.33851695978655,-14.224403603167,0.556584472572111,-11.683998043525,-15.8416159780561,-5.75319975278369,3.81304079276336,-0.810146481561289,2.71535704420309,0.695602689761576,-1.13812206664164,0.459442241911828,0.386337323495895,0.522438449202614,-1.41660373652915,-0.488307035713995,188.52,1.0
56514.0,1.09938081747569,-0.648738071796339,0.999784621139636,0.741319633108233,-1.44133898737596,-0.551856005005047,-0.566462363641752,-0.119676011821425,-0.572981034379054,0.635565322756047,-0.522270785434453,0.472695824973861,0.878949027406772,-0.352266163576739,0.22640841513065,-1.5648489540172,0.02273863082535,1.2528303737681,-1.27079383551978,-0.33010311664766,-0.159309194211544,0.0108836180695793,-0.0992910496150324,0.713227009110637,0.470049633803868,-0.254150547958622,0.0657519079823086,0.0545253118756445,98.77,0.0
76867.0,1.08256623409747,1.09486151295003,-1.36702004784737,2.01255429562949,0.708142047645968,-0.807712094137058,0.151952109111841,0.158352530916403,0.00987228422733163,-1.92527812380296,2.60593702345612,-0.309218873424363,-1.76754891562268,-4.42919458671376,-0.171939794624445,1.05551393649543,3.9705869371836,1.76224857169611,-0.880812102847679,-0.135789404251701,-0.32528376499397,-0.734343617700577,-0.106725343342181,-0.224999064492694,0.569167327221417,-0.33503264926341,0.0891401408869493,0.11233722000597,1.0,1.0
64443.0,1.07952397806913,0.872988038728802,-0.303850487243895,2.75536885087579,0.301687623167546,-0.350283737195093,-0.0428479677130716,0.246624608381391,-0.779175595769242,-0.157696445821874,1.92856763203456,-0.935863286411531,-2.43144644518658,-1.63347202401986,0.534336652706283,1.42560550367097,1.59352878606579,1.17846784575361,-1.56869755794851,-0.252115099030468,-0.023254784527163,-0.158600833910515,-0.0388061577093773,-0.0603272546840962,0.358338898397498,0.0769835703935526,0.0189358319830432,0.0605741494833015,0.0,1.0
33608.0,1.30101493596591,-0.0115703525384328,0.0343315871968677,0.0741591145197859,-0.478279334575198,-1.16019842703528,0.149925062288452,-0.259789951890701,0.399285987024314,-0.233543358509957,-0.579332476572439,0.0221905938545517,-0.632678250944193,0.27111316682943,0.206411764860839,-0.307346240625299,0.10500960430491,-0.690120486348854,0.372450216906892,-0.122047340026325,-0.094249074175139,-0.15170548401199,-0.0819353864962624,0.473617035994911,0.524532625147718,1.12379550813138,-0.100184887861441,-0.00869453193523035,6.5,0.0
79920.0,-0.802280403139243,-0.0345661712754478,1.99221168144636,-2.6296318059383,-1.13533688481387,-0.579935153611768,-0.442087975548311,0.0459886208859963,-1.90843490600434,1.15634696139174,-1.05169698893732,-1.45296792238368,0.300492713347705,-0.735259119859754,0.331059213040497,0.0854290305777116,0.0270840835835,0.517275278360455,-0.855342586174488,-0.0625828082103571,-0.122497073576024,0.161564260417476,-0.317575308297448,0.00636164224422346,0.513533762747568,-0.14129441272681,0.420259020002442,0.187173092266832,7.0,0.0
27219.0,-25.2663550194138,14.3232538097233,-26.8236729135114,6.34924780743689,-18.664250613469,-4.64740304866878,-17.9712120192706,16.6331030618556,-3.76835097141465,-8.303239351259,4.78325736701241,-6.6992520739678,0.846767864669643,-6.57627643636006,-0.0623303798952992,-5.96165987257541,-12.2184817176797,-4.79184198325342,0.894853521838799,1.65828884445902,1.78070097046593,-1.86131814726914,-1.18816729293127,0.156667050663465,1.76819198236914,-0.219916008250323,1.41185477685432,0.414656383638367,99.99,1.0
79141.0,1.12913016172129,0.05713864064804,0.467752562369868,0.412804044199765,-0.105886966647367,0.258813389262472,-0.239060608859759,0.254942260510466,-0.12928879342017,0.0323770880230433,1.83026891547738,0.903940669401185,-0.427977860190649,0.616270227275773,0.905528598152091,-0.0628149911509328,-0.0752318161462335,-0.877411051027723,-0.549675372733208,-0.185521847924663,-0.156578918519459,-0.450831817305803,0.19171062570538,-0.309069647886004,0.0187187360529007,0.138438415231178,-0.00376015405912179,7.67324465997052E-4,1.98,0.0
69241.0,0.749299951760837,-0.755180583580004,0.641606771790384,0.736388664673423,-0.867253182838498,0.0948841988746801,-0.228435182094229,0.168394575893717,0.319193074318849,-0.124286554684453,1.46747828580279,0.996635918634519,-0.421061861101879,0.241189826806097,0.0249456566774517,-0.014410227923803,-0.0744292960674729,-0.256442736717458,-0.254475727268922,0.246177582723093,0.156511945320209,0.129892447010444,-0.145099299604719,0.284783432639469,0.167964442035778,0.457748468087941,-0.0430932169043157,0.0385130372420841,201.4,0.0
48380.0,-2.79077103894771,-1.46426898705405,1.03116500769674,1.9213560843992,-0.0900138203463016,-0.483871347899329,0.780731181206493,-0.348775795673106,0.609133451935087,0.225933803313285,-1.06453419450651,-0.787372737955552,-1.57646958451914,-0.126756361711439,0.367012281940972,-0.635321654596588,0.327006411459276,0.0438160872305435,1.40357376229763,-1.37672077946455,-0.392667221970544,0.440019838749267,0.777659196131864,0.418551935584405,0.244563185949918,-0.159360689127314,0.0605395343366452,0.356958362771354,208.58,1.0
84632.0,-3.61637353180763,2.22050914229291,0.558120589765433,0.00224820477488182,-0.388308699628628,-0.145764524860152,0.689782136974451,0.257052075678082,1.22392471377128,1.50565084554465,-0.791487901831727,-0.178729392712232,-1.07940995323648,-0.427456009040056,-0.374069980878686,-0.672217041012766,0.0653005921019366,-0.910278038994602,-0.903571585512504,0.00382339289878647,-0.266044065835566,-0.081096168594016,-0.359650182526367,0.0510755145047747,0.704274454004873,-0.623471246504547,-1.98280696059687,-1.16319486805978,28.06,0.0
59669.0,0.326006629816884,1.28663756547088,-2.00718128715265,2.41967479633278,-1.53290169734535,-1.43280331503216,-2.45952963994058,0.617737791926574,-1.12586103037287,-3.23678401592309,3.5617949640183,-3.91467935228848,-2.12495645598654,-4.45889502952153,0.578201875425492,-2.3433041192933,-5.07145010804216,-0.749172320846648,0.22842274838649,0.222666683155765,0.556894674408544,0.169775528574355,-0.174357059251063,0.308061323046213,0.710996128051644,-0.23102981819073,0.580495233837149,0.30098403791885,6.27,1.0
87284.0,-0.358540069662064,1.12391091775898,0.0558258634584096,-0.405789177361912,0.7880432932039,-0.756618082814923,0.9333658715503,-0.00645548598531028,-0.217146088262544,-1.09433184724868,1.05842564104664,0.580284606592343,-0.166102175982777,-1.65088410974417,-1.55330216927304,0.16364868762374,0.9736436286858,0.685581673049742,-0.0655174436934306,0.0408046075548856,0.088464182386942,0.60738195086642,-0.299435514155415,-0.0451449715715663,-0.236260455569578,0.560796641914155,0.38157051444639,0.253864956585641,1.89,0.0
73475.0,1.04624749001876,-1.59655340558521,-0.0182672201758497,-2.52730437651043,-1.55797647475991,-0.991614203641495,-0.389400648924675,-0.293100816445931,1.05575228942778,-0.909860299599207,-0.710775177032065,0.935379662723263,0.996803456349276,-0.215434989967138,1.26286632519003,-2.50501701417979,0.204287418925614,1.50360280147867,0.492121019611902,-0.0394904628356094,-0.24844439435581,-0.376403498180951,-0.279566922972083,0.0634236878742119,0.616893274468469,-0.735577530656526,0.0740233563451352,0.0635380719855967,211.08,0.0
77154.0,-0.715413746430203,0.608590312773943,1.15550089022062,-0.267565092666965,-0.563747540811752,-0.618897959603515,0.698307698659261,0.0698369023541396,-0.133341030527008,-1.02533539256113,1.50062918076179,-0.417898026653376,-1.59029515148629,-1.07499904137371,0.288234297659522,1.37776850908719,0.22388685433899,1.31107267514226,-0.896071786353489,-0.186977992930248,0.130748607589043,0.239389294462508,-0.0902274074581911,0.411572390517299,-0.216125965872995,0.353896329216255,-0.0623612631790606,0.00843300173166346,129.0,1.0
93853.0,-5.83919161928092,7.1515323543223,-12.8167600806187,7.03111476501099,-9.6512721679897,-2.93842725771624,-11.5432071690832,4.84362653179436,-3.49427572506535,-13.3207888671784,8.46024444901677,-17.003289445516,0.101556614891384,-14.094451660329,0.747030766392512,-12.6616957230679,-18.9124938172188,-6.62697484523061,4.00892074227194,0.0556838813863639,2.46205591127559,1.05486518382957,0.530480596078193,0.472669814042592,-0.275997967880675,0.282435024801752,0.104886020210564,0.254417096767513,316.06,1.0
70270.0,-1.51251575792702,1.13313858781029,-1.60105247993576,2.81340096831714,-2.66450340578315,-0.310371093924795,-1.52089516380539,0.852995775116439,-1.49649450564954,-4.05629261571005,1.55375586796783,-2.74355135914945,1.50454067059684,-5.42878849870488,-0.0160171233729703,-3.72718761269833,-3.94629958919926,-1.68028644319238,2.30361261010114,1.24958556268985,0.729827756052255,0.48528591471162,0.567005413227757,0.323585691602658,0.0408708540928058,0.825813553299941,0.41448227186994,0.267265082454707,318.11,1.0
97490.0,1.61591649488416,-0.365444168452979,1.16645794958613,4.38927259687679,-0.648576276951693,1.98048827746762,-1.36487749238902,0.442501319380638,2.13190189504698,0.57436958506267,-1.30267491199072,-1.68737607190918,2.95067994739361,-0.183642746374825,-3.25113547003974,0.755795857048559,0.183297206134016,0.227822134162915,-1.39087546325705,-0.0358391290929983,-0.017908980939213,0.479472049767187,0.10485807273741,0.458722270746033,-0.275525219036102,0.0151017331792364,0.045456296886794,-0.00179282914439094,99.94,0.0
7543.0,0.329594333318222,3.71288929524103,-5.77593510831666,6.07826550560828,1.66735901311948,-2.42016841351562,-0.812891249491333,0.133080117970748,-2.21431131204961,-5.13445447110633,4.56072010550223,-8.87374836164535,-0.797483599628474,-9.17716637009146,-0.25702477514424,-0.871688490451564,1.31301362907797,0.773913872552923,-2.37059945059811,0.269772775978284,0.156617169389793,-0.652450440932299,-0.551572219392364,-0.716521635357197,1.41571661508922,0.555264739787582,0.530507388890912,0.404474054528712,1.0,1.0
94364.0,-15.1920640113629,10.4325276778611,-19.6295152518171,8.04607504591293,-12.8381666152727,-1.87585874614533,-21.3597382791388,-3.71784952676935,-5.96978174909567,-17.1415136412892,5.90239975502551,-13.5801472568557,-0.45140689941267,-8.33476258691073,-2.02514468652193,-10.1963336944105,-17.2709851692259,-7.07909577930568,1.51769533116994,1.65747618417276,-3.47409650326971,1.76544551266317,1.70125678162665,0.381586805077026,-1.41341748729956,-1.0230778939005,-2.63476129227348,-0.463930546269812,1.0,1.0
61696.0,-1.9115915531,1.40823587794217,0.482480690630026,0.661551315748735,-0.301292794117973,1.48672645504994,-0.800385198236897,1.71073748224692,-0.790449001975035,-1.0953504395023,-0.103717582690029,1.25810102036577,0.691967818763452,0.784899261961663,1.07298848310034,-1.71169144456484,2.07975146686623,-2.33012245131874,-0.186559280416798,-0.382434272278145,0.139393100226484,0.274442668784687,0.11105792001012,-0.896105944025109,-0.335169450127265,0.497441120564133,-0.457261811938617,-0.147201635061462,15.84,0.0
29745.0,1.09987664936021,0.0491452648052519,0.458698622416999,0.976362124339097,-0.156747702388236,0.0434050091085992,-0.0886496623410557,0.0467514876759327,0.199700126006229,-0.109123839618142,-0.574850534868519,0.242803719061631,0.28640037755629,0.213890026048089,1.45513251162817,0.240341474370602,-0.47114736823045,-0.468943558965814,-0.541909594577331,-0.0263639680827491,-0.165047725584486,-0.562982747189446,0.0262376030869407,-0.495549403914135,0.281541384857341,-0.566668198864399,0.0431571810025121,0.0356924261362404,59.99,0.0
64184.0,-2.39678007024091,-6.84866761210212,-2.36140119967039,0.988614066920861,-2.61453038738594,-0.110862146283544,2.33730245544215,-0.75892041365454,-0.892881401123353,-0.334046130647325,-0.982652366497143,-0.802325687541935,0.013521334233503,0.308679033357083,0.102142940027107,0.952647496018751,0.525023621495238,-1.03982139367207,0.367351393698714,4.0989410412299,1.32233676951154,-0.689991348242768,-1.98058480883092,0.0276892618385863,0.107374005089885,-0.245439442998606,-0.389917832939919,0.34547232737992,2007.0,0.0
20931.0,-16.3679230107968,9.22369194937548,-23.2706305232856,11.8447765860728,-9.46203714585895,-2.45044437416398,-16.9251520440555,1.38420847895884,-6.28773594816964,-13.0027093010697,9.69146098207319,-13.8865951585248,0.838361375836116,-13.5170724083842,-0.377910607106286,-7.85568149439455,-11.8038151924676,-4.76102594206856,0.618624412799665,0.993584598744375,-2.34367359429797,1.00460241382139,1.18821215709493,-1.04718376839983,-0.0355727659827232,0.664899774367373,2.12279575423083,-1.41674061492574,1.0,1.0
39049.0,1.30380483695736,0.027636202071474,-0.572862608780899,-0.193214671625331,0.173521418834324,-0.638520693590057,0.283882610226794,-0.157167726129243,-0.230098632526778,0.104478165911048,0.583377097029475,0.147500002800806,-0.727025883124785,0.790162866129151,0.208931714005016,0.384543873662028,-0.662796122396721,0.175039015696826,0.719995095645389,-0.0561063429292902,-0.0495287007345771,-0.227730435087229,-0.205982644571938,-0.435875628366539,0.596949516581294,1.10537778457924,-0.12699854943351,-0.0263939369160423,24.5,0.0
88443.0,1.99575684580807,0.0476710538647446,-1.7439576793564,1.21732509044656,0.509548369373263,-0.668981072206858,0.444882101134228,-0.171248930555862,0.182175183494726,0.466878513603595,0.186799021134401,0.138052116382097,-1.73089737810821,0.999035183493975,-1.03615082504426,-0.378758844705179,-0.414227639590675,0.120106965151498,0.197410896574018,-0.359732794199961,0.0672590816576633,0.30489235663288,-0.0430846354364976,-0.429117035593775,0.420718881100543,-0.482397733974502,-0.0295106274937072,-0.0775384389374924,14.85,0.0
48585.0,0.833046398509797,-1.10887743818232,0.793769908453879,0.571989114644611,-0.81495398563578,1.46799195321066,-0.963070484793837,0.566137430165652,-0.342381604540805,0.47426868008328,0.150128042658763,-0.0420968256520506,-0.860162439101682,0.109833990826564,1.5053511721329,-2.7462777707253,1.3225470018117,-0.476807727615293,-2.82277269321248,-0.490424777919168,-0.034416261334282,0.346997915701631,0.0129005770370837,-0.665632679531603,0.0842945000460178,-0.124859101127575,0.118451269791116,0.0433885294047394,139.5,0.0
7535.0,0.0267792264491516,4.13246389713003,-6.56059996809658,6.34855667313983,1.32966566904142,-2.51347884762413,-1.68910220031328,0.303252800547589,-3.13940905736457,-6.04546779778801,6.75462544809695,-8.94817857893317,0.702724998099873,-10.7338541032306,-1.37951985681718,-1.63896011485587,-1.74635013628103,0.776744097926754,-1.32735663549015,0.587743219006407,0.370508651493253,-0.57675247317433,-0.669605371766238,-0.759907529538618,1.60505555017462,0.540675396428899,0.737040381683977,0.496699108168337,1.0,1.0
59135.0,1.02778897849261,0.14646381110834,1.53180143001738,2.53160315049544,-0.691874848848544,0.690760067183902,-0.738287660370386,0.449688270435243,-0.193301049488045,0.694076330840619,1.14242840109927,0.48330556660819,-0.8694964957189,0.119210786609525,-0.245949022991073,0.683754299593791,-0.415186485313499,-0.0134816210220702,-1.12081989244485,-0.228835522835316,0.0393055275950885,0.154858767193856,0.0999044167297151,0.18514778002067,0.110434039589442,-0.0461783610840026,0.044857777490257,0.0235598178891768,3.56,0.0
62059.0,-1.64440309669641,3.1298519330804,-2.57697682172296,3.41557336328899,-0.448525407316687,-1.24189285626533,-1.9916521878557,1.00266488963021,-2.8090712430123,-4.15369240632128,1.39818511854919,-5.65326970240352,-1.23369413839885,-6.332512814541,0.458714800173025,-1.98360960777769,-4.92916202340023,-1.03848208531443,-0.133819199948815,0.290186829391141,0.417762091477206,-0.648575871519649,-0.318617393380036,-0.680412931832076,0.389868676205949,0.0557502963989842,0.394681955439504,0.298820725838569,6.62,1.0
29536.0,-8.38485723632411,5.42994855581918,-9.22080738027608,2.12475855698986,-4.99517910562992,-2.48506612664882,-3.24210404767278,5.61007071775837,-0.110258639247739,-0.490208235491323,-1.04918202048051,1.5278741373605,0.428556647861528,0.125027286814286,0.989843631514197,2.57876672507307,5.05215305869296,1.85897367800658,-0.93735985384777,0.0603454603540495,-0.065789749707,-0.917023512659307,-0.254732930755757,0.074097568943193,0.270037291485505,-0.370409834661171,-0.0278149863328734,-0.288561777609108,89.99,0.0
102671.0,-4.99175779387947,5.2133398229232,-9.11132629809104,8.43198635177602,-3.4355156720863,-1.8275651016855,-7.11430284412379,3.43120663145462,-3.87564287029742,-6.86850850672582,7.15062516950116,-10.2629840447185,2.73308493575221,-10.1275247811671,-0.262783621001749,-5.19027103814098,-8.6557110398096,-2.02444347438745,1.5604792800844,0.0981321924634143,1.18942283937597,0.247858476295777,0.294448330047117,-0.548503502162266,-0.174616566570794,0.406702503092405,-0.40233927269736,-0.882885795448957,0.0,1.0
40276.0,1.15937314510686,2.84479469928473,-4.05067950821309,4.77770088131929,2.94898004123771,-2.01036111013216,1.74408581794948,-0.410286521869204,-2.45019774688553,-2.04216786301424,1.84409317018026,-2.42593281501277,-1.5842751343556,-7.2083115791564,0.459828383286257,2.37529619792022,6.4435098643744,2.59184606301795,-2.88977035831304,-0.059264385833904,-0.176541018596848,-0.433469859425429,-0.529323202003731,-0.597019604985794,1.33595405267787,0.547092070642555,0.00997894426391215,0.160769150049196,1.0,1.0
56962.0,1.0005746493473,-0.639316671561528,0.929713694371905,0.0602310139875542,-0.784875967881017,0.647252933566115,-0.673825594795815,0.287316226870664,0.812306799470132,-0.390422577269827,0.994754859150006,1.7476692950173,0.887370727372557,-0.52110257471873,-0.821481846220353,-0.154797657536961,0.00114845028921522,-0.586030773193235,0.489596074556317,0.129638499632595,-0.118672098128299,-0.209418175663752,-0.0221766754300608,-0.191525158223628,0.0810257478272254,0.963374175944438,-0.0298462360346291,0.0129287295406416,85.46,0.0
15817.0,-4.64189285087538,2.90208643306647,-1.57293870931742,2.507298518227,-0.871782564349351,-1.0409025722626,-1.59390073966645,-3.25490508581579,1.90896268593707,1.07741752106048,3.33850216040272,-6.54261034532574,1.09953638182128,-3.26647554459315,1.01472790444294,-4.84238307827835,-5.269876299726,-2.34466857415508,1.95922405409272,-0.465679220344122,1.96359666634146,-0.217413915973245,-0.54933995583883,0.645545202036521,-0.354557818794591,-0.611763845006479,-3.90808047547799,-0.671248265147117,11.39,1.0
119481.0,0.997684901275106,-2.0890983227009,-2.17611922744209,0.305539475061546,-0.328988974445098,-0.0589523546807609,0.570012873672033,-0.147943732910594,0.99487395979811,-0.302347747716943,0.186152747533871,0.316003229538113,-1.18608237475646,0.80629290910315,-0.0674861607612287,-0.0983244954774638,-0.644862704942735,0.979499563304393,0.320476127818158,0.835232283927226,0.648046188775005,0.778954994184367,-0.585684232581464,0.327969536682613,0.227104947603074,-0.321022666804424,-0.108947584087235,0.0285272580903589,551.83,0.0
66226.0,-1.09970721229295,0.555858397377122,2.23316024114576,1.34978636020731,-0.0182693321612323,-0.770726902171201,0.441387507904944,-0.0795062623274699,-0.786024856835149,-0.196010161188609,-0.0102447375036092,0.337042411407614,0.805024339326055,0.0571269401363546,1.42720206157678,-0.27082505022102,-0.0546274335735323,0.0286224565234142,0.573882679793363,0.412282937650524,0.116141707147307,0.0081392813030372,-0.119049426057414,0.706095430733075,0.178574093358639,-0.350291461838894,-0.161510615449415,0.175492048632145,3.6,0.0
61108.0,-2.7560071191969,0.68382137690334,-1.39016888269883,1.50188726081003,-1.165614355805,-0.13120694925796,-1.47874061646082,-0.246921578045176,-0.100522731731488,-2.30110989675506,1.91445404493049,-3.8309980112302,0.719488566785256,-6.35301985790071,1.43871619241123,-3.29723907467834,-4.86297149937169,-2.00235399924327,1.54523326964355,-0.106944639579729,0.320473875601072,0.61102668559867,0.174863684107414,-0.502151101117601,-0.174712784335661,1.17924208342707,-1.16631532833921,0.821214803121569,101.5,1.0
48133.0,1.11809320572958,-0.0236529673611697,1.35000652767957,1.32573943220236,-1.00559048295485,-0.0595604430908517,-0.682524029169937,0.219014902823122,0.485625881997396,0.0991666933228541,1.12068454950986,0.93825555637399,-0.305477479796752,0.00124106638915203,-0.103157854617173,0.43346141930764,-0.582300489297806,0.663376563111529,-0.269197009912413,-0.15663298773503,0.182674596060862,0.66139931374505,-0.0679233488387324,0.556583193558706,0.441130697884396,-0.271420736102818,0.0632892986456006,0.0264974657640098,1.0,0.0
67087.0,-0.349990983493285,1.07288306799937,1.27432958446892,0.0705494847862432,-0.0319801578459352,-0.992083907550901,0.680742603535412,-0.0387978162770877,-0.302387073234981,-0.496444939582131,-0.321328189978693,-0.41020579022046,-0.498579286641523,-0.306051357858526,0.9623844380392,0.413634129576347,0.0417623008038797,-0.0596295218717852,-0.085946588025439,0.0835087120080948,-0.268688511015058,-0.74120780539984,0.00149506721769369,0.311316724012828,-0.179148191291595,0.0741484592840879,0.240160674786006,0.0972591591313478,6.99,0.0
49758.0,-3.36182763827303,-3.32620836819787,1.91379224535293,3.4899994223572,2.48543630205061,-0.461841309268602,-0.697213219062639,0.0588225759709671,0.291160017501779,0.687005299463557,-1.98052461304821,0.159542938188494,1.07516411842818,-1.31375608858564,-1.18414087086638,-0.0742391283777532,-0.343938073019863,0.212884256583038,0.850601997850388,-0.462044990717176,-0.169209933902594,1.13774529552747,2.94594100002213,-0.447329809785342,0.345076876977588,0.311009243012454,0.432646448877846,-0.401646923480223,0.0,0.0
92102.0,-1.66293711018596,3.25389242362715,-7.0404847120185,2.26645647990886,-4.17764891282786,-0.746924828187599,-0.248336733243902,1.09115651568673,-0.307137450847617,-5.56794705115052,2.71273940377591,-5.94840312668093,2.14472605490538,-4.21175592358692,-0.137195538810617,-2.63940913979839,-2.53235540606601,-0.667067027160165,0.626059293435215,-0.842178336511866,0.450381285220709,0.521161529635377,0.308325446158517,-0.318011840652356,-1.25536156975299,-0.691963403718384,0.264878381232973,-0.130444804408444,600.73,1.0
21662.0,-18.0185611876771,10.5586001882538,-24.6677412485732,11.7861803616399,-10.564656569212,-2.64568119936245,-18.02346767268,2.69365540308048,-6.21946362785238,-12.7447607871859,9.31813768535999,-13.3778574339457,1.02192386777466,-12.7843458873548,-0.451145843251939,-7.55136493140559,-11.3259968724596,-4.70125277749548,0.516317073274611,1.00770320533757,-2.31947946208034,0.908838783150801,1.35290370698024,-1.05922233762791,0.185750941504222,0.687037383632165,2.07808058379956,-1.42951702264525,1.0,1.0
46149.0,-1.34650881762975,2.13243062687771,-1.85435531823997,2.11699770636107,-1.07037837875552,-1.09267135682306,-2.23098606430574,1.03642490791919,-1.89551573571367,-3.36401057980002,2.88704787664695,-3.78445965821089,-1.28890425847532,-3.98562600822203,0.531838297985603,-2.60370264991872,-5.15759639749234,-0.696010004579956,1.28596139472532,0.221918669151309,0.609508181503446,0.202874284952422,-0.0607913872259794,-0.186733353366053,-0.0174012274970924,-0.283751034119116,0.395451049081013,0.233138575967241,1.0,1.0
31881.0,-0.671908223416201,1.43856704685568,1.31524376186872,1.09987663562634,1.04297481902114,-0.316171207235545,1.30411821168948,-0.0287667614621883,-1.87590933762249,0.144273150660553,0.602820735537319,0.112055532991028,-0.290518430307414,0.562513750264555,-1.16896323312042,0.824716444590327,-1.12969620606858,0.191221105312334,-1.12583227403966,-0.174134048352769,0.0915763554107048,0.108787881656113,-0.398596829469777,-8.59881772066703E-5,0.46516183698326,-0.087377377322773,0.00797626556530005,0.07125195390528,3.68,0.0
28475.0,-0.697002727034491,1.01421498473553,1.37176327946919,-0.0081956087020008,0.10082662101712,-0.885114304366828,1.09053965867616,-0.310137276746046,-0.141617499272161,0.146510784484512,0.075681328034518,-0.709744886174288,-1.59563079605426,0.358252450106528,0.971331903728553,-0.620588686251698,0.160311480676141,-0.798501645965236,-0.498922631339188,-0.0173472045302111,0.0255221766225818,0.242245588877116,-0.11650838502241,0.597840413732641,-0.279436588391186,0.260523941312156,-0.11440610242822,-0.0379838455798397,20.0,0.0
29180.0,0.818449339051122,-1.57889755017506,0.305184415621135,-1.03918943406446,-1.18788219127608,0.435231921419774,-0.653454109745649,0.238916954396086,2.66486786890636,-1.4513516415907,-1.63835775222828,0.149859636213826,-1.30404453811729,-0.381331035146822,0.229484094570428,-1.0807840442173,0.53579829115215,-0.163008658317408,1.06721098212423,0.259916333212998,0.0896360997133131,0.220281711195195,-0.412817282817752,-0.689916779601965,0.554632840514644,0.233157105125674,0.0231309790970307,0.0435956233489127,231.0,0.0
34634.0,0.333499490680108,1.69987344643198,-2.59656116696059,3.64394526899047,-0.585067615145778,-0.65465853161144,-2.27578851019488,0.675228968561644,-2.04241592376479,-2.83487115980611,2.80200512615164,-4.39273243849001,-1.36967144973756,-5.32728665168661,0.16315896154,-1.35938947657172,-5.09518287931609,-0.338012656200231,-0.124137989024621,0.32934171405761,0.469211944535006,-0.144362651206432,-0.317980934036568,-0.769644309522666,0.807854587509663,0.228164299217237,0.551001873896763,0.305473419992231,18.96,1.0
73357.0,-0.838287119591539,-0.310187426341981,1.57667305873593,-2.52940664189231,-1.24484474658148,-0.219074606864409,-0.901582623541607,0.696649528827418,-2.55875456947677,0.637663124307086,0.865574887126921,-0.916036058214071,-0.969009743877384,0.290603224685594,-0.228978021044596,0.0548841573862554,0.45106104470421,0.266625776463086,-0.840383504183854,-0.511152053468921,-0.166021872933914,-0.452736544419161,0.0853086649568864,-0.0772059917618899,-0.34880622761737,-0.543679286836021,-0.0126364275793419,0.0146380503263968,17.6,0.0
26899.0,-21.8854339051741,12.9305051249875,-24.098871851647,6.20331419234722,-16.4660991227874,-4.45984212550286,-16.519835984614,14.5355647151916,-3.89702188761405,-8.6507583293562,5.3754339072439,-7.56721354069937,0.461807829323489,-7.82789139878016,-0.0228148529460228,-6.57804150255676,-13.0024594617382,-4.88446723880536,1.10435473489394,1.6119982189969,1.76223176917351,-1.57905510076487,-0.951042744820554,0.13456529188962,1.50711039768212,-0.222670856855594,1.52765527810284,0.453698638993223,99.99,1.0
406.0,-2.3122265423263,1.95199201064158,-1.60985073229769,3.9979055875468,-0.522187864667764,-1.42654531920595,-2.53738730624579,1.39165724829804,-2.77008927719433,-2.77227214465915,3.20203320709635,-2.89990738849473,-0.595221881324605,-4.28925378244217,0.389724120274487,-1.14074717980657,-2.83005567450437,-0.0168224681808257,0.416955705037907,0.126910559061474,0.517232370861764,-0.0350493686052974,-0.465211076182388,0.320198198514526,0.0445191674731724,0.177839798284401,0.261145002567677,-0.143275874698919,0.0,1.0
28625.0,-27.84818067198,15.5981926625554,-28.923755945104,6.41844174657532,-20.346228155413,-4.82820246578157,-19.2108964179086,18.329405525597,-3.66873493861418,-8.00915938639777,4.30309581759563,-6.00866000668561,1.1389688287939,-5.58044712038062,-0.11073711578577,-5.49107326163426,-11.5885435992809,-4.71542017123115,0.734573493016404,1.69785626318366,1.8021491336386,-2.06293427611466,-1.26984343615924,0.165409188492223,1.99949911253199,-0.211058522431997,1.32480949279508,0.388090177732107,99.99,1.0
56098.0,-1.22966891678814,1.95609915073809,-0.851197959645561,2.79698655025108,-1.91397684079333,-0.0449344462262948,-1.34073935355915,-0.5555479867039,-1.18446766006311,-3.24510859732028,2.33832327000211,-2.82004218823068,0.763325773164453,-5.41958986916794,0.0414327925041231,-4.18075778829053,-4.2850705920981,-2.53645157282245,0.93023918577297,0.270459255150975,1.20805425987967,0.277611797272191,0.0192658003152734,0.508528831195383,-0.201182897226566,-0.249600419347595,0.562238742839488,0.0753085014191344,170.92,1.0
67150.0,-1.82429505976067,0.403326526860602,-1.99412200641801,2.75655816357726,-3.13906432572579,0.408185014718199,-1.20904511871624,1.09563435393431,-1.44722489217345,-3.95100289197434,2.56070020158284,-3.4119829114195,-0.781669619949492,-4.7327675351632,-0.433973654922625,-3.30608841178359,-4.23102187544855,-0.750809770409941,2.69080834203374,1.50368830479002,0.838760421033887,0.341727095787049,0.947506491293615,-0.145493002452622,0.0493257725258454,0.831065451615044,0.33242130393302,0.252712728641008,489.71,1.0
90628.0,-0.130481636241605,1.13945188404114,-0.096781361362928,-0.678047424706447,1.01447541496083,-0.487712406752649,0.94268645888229,-0.256217085709777,1.38817103676872,-0.495246917704836,-0.75527952540393,-2.29650999698713,2.59748455323161,1.26271931850929,-1.13107268642451,0.125907867770867,-0.107279256566054,-0.244606281996,0.0692474391228868,0.133410078584649,-0.500028566550353,-0.910105794576122,-0.0372354328571972,-1.05443462413636,-0.293961766099644,0.166289958630707,0.328992645457175,0.148723114935242,8.92,0.0
41204.0,-8.44028396323147,6.14765332384605,-11.6837061588856,6.70277957100753,-8.15583929706995,-3.71626415558662,-12.4073130564101,5.62657129554302,-6.23216089363823,-13.3866834395246,7.60555947435276,-13.351815018081,0.827049642773684,-14.9794773489142,1.53281308437662,-11.7714969677127,-20.2992165093576,-7.60911006016911,3.80913643570604,0.520732330180873,2.19285541971989,-0.282596814624446,0.00806849811246454,0.403858336982018,-0.0187883930291726,0.522721636106603,0.792690689790115,0.0677895462043786,30.26,1.0
50140.0,-1.41540521569702,0.417075865160078,1.34927553086874,-0.979000814523819,-0.0124683555206235,-0.654685062094441,0.143251983827728,0.450387521070173,-0.127094003662908,-0.374738882766016,1.37655878064188,0.19849189101113,-1.51242422568447,0.659472316803999,0.217575719028501,0.470086819169951,-0.382484053941405,-0.382243511043275,-0.638903086775216,-0.134646740212727,-0.185736787151985,-0.632985724440983,-5.74884942078496E-4,0.192164060390612,-0.724186197198175,0.261043918851905,-0.0660752575167927,-0.223186069278592,20.0,0.0
81572.0,-0.83912260277456,0.075780526626967,1.37481219315813,-1.63784097984195,-0.116707733216957,-0.472220140794639,0.437266630945814,0.0562345867930983,-1.55961395459591,-0.545877253386501,1.02925926518157,-0.388531565089106,-0.146653440130141,-1.30979361351212,-1.18365538093143,1.56493732268173,0.720081962639225,-0.516580547327209,0.574553427141006,0.318908017547548,0.0541065338884021,-0.129910634271683,-0.159502691667702,-0.0856748241324811,0.540893270534196,-0.384440748605116,0.00226259492079797,0.0732908361070095,83.49,0.0
17838.0,-5.18787810836635,6.96770866359565,-13.510931139095,8.61789514115238,-11.2144223939458,0.6722478387604,-9.46253281088355,5.32870420774381,-4.89700552817542,-11.7868116556041,9.36907905765884,-15.0941631493865,1.25637700700759,-11.8521613037824,0.274429814172421,-10.6882417917386,-18.3888105354245,-6.89884013301839,2.38280793552097,-0.623737291574186,2.08608300107406,0.760190240866359,0.716805785858217,-0.646743429628277,-1.61704292571624,0.172346889503238,0.626646780979254,-0.169726031129409,766.36,1.0
37202.0,1.14141517719169,-0.177621725241119,0.53060637335245,0.777306713164898,-0.539027037358263,-0.153521797774173,-0.223653843924522,0.0568511152864021,0.707357476948039,-0.266807340393593,-0.644600672334433,0.271440743770178,-0.613683437837598,-0.057795474360723,-0.0776550785392623,-0.623811785936676,0.412607122576459,-0.96713288209913,-0.141642609125098,-0.136643040005309,-0.0571710068551937,0.0388767636541449,-0.0679188603118892,0.140663023977964,0.463753405566654,0.572517112447273,-0.0153895053798145,0.0088117069389974,29.95,0.0
75018.0,-0.277368568478619,0.151907560235549,0.859683972929463,-1.83325846517124,0.222527501216785,-0.542455993156451,0.616961697442063,-0.194755406696416,-1.02054946481344,0.510142604244667,-1.16428002615427,-1.35010886797105,-1.22728188381271,0.148624725191293,0.50537018363667,-1.49046180537585,-0.147085679930718,0.690943241328355,-1.36484772266351,-0.403081764677888,-0.440793146125436,-0.589926228053566,-0.0788013596426983,-0.47993049202165,-0.499072438404537,0.847082195782898,0.13397580290438,-0.0365679673347892,7.5,0.0
45501.0,1.00199171536791,0.047938380305255,-0.349001552412107,1.49395843665091,0.186938875230095,0.190965634380865,-0.00111210422593577,0.147140194715723,0.580415339651519,-0.792937990748917,-0.984171728067149,-0.567380064895921,-1.10559224967424,-1.38121354248053,0.405490421163411,0.279890165223202,1.1321602098483,0.0929929763441439,-0.298920455435975,0.016003673251105,-0.334417439439,-1.01431467260935,-0.128427315817252,-0.946241837638308,0.456090274720588,-0.453205972393371,0.0466270924243456,0.0646983543716214,105.99,1.0
76212.0,-1.02570161092784,0.71998421452355,2.22796479698361,0.0994274589392972,0.242837829632093,-0.760321517582287,0.777348001648819,-0.0444311263638463,-0.609861169419577,-0.841898784200533,-0.426636878040444,0.340669417112895,0.72092810627357,-0.0493513424521381,0.556639414594064,0.46624670632788,-0.782819628265215,-0.156266349477726,-0.806147868112921,0.106132733990391,-0.0840359405574423,-0.472115125615356,-0.0548149111943088,0.347429149583889,0.355583810180002,-0.701242288892945,0.035009250324172,0.086826043044528,48.94,0.0
69931.0,-0.599050160857101,-0.310062941257634,1.45776630162593,0.11276638054324,-0.177666074595838,1.27243771118285,0.162109546026906,0.207872642894662,-1.26901072130874,0.183358193680389,-1.85507007184618,-0.257560167208389,1.4452467200342,-0.562737434659352,0.815134409529045,-1.69294337617274,-0.0647108336946747,1.61991004094709,-0.154839635750955,0.0787833882095272,-0.153557174711558,-0.0656925186205624,-0.0488784571119076,-1.32812237818087,0.642538228097109,0.023002534651673,0.029484343952913,-0.00115694111014578,158.0,0.0
50609.0,-0.341445663489392,1.26747602189226,0.93061422624732,1.68112739197065,-0.60642803426724,-1.00377311655549,0.19372075745272,0.171892145812113,-0.766974283877781,0.0371594794450397,0.0572422635635995,0.719129760037799,0.916899582806708,0.530436377714208,1.41727543732324,-0.582076831936616,0.363235856960935,-0.189162639633162,1.19274156441531,-0.0500500360464123,0.0656656698866963,0.174021503530021,0.468149287138947,0.900924501012895,-1.44858625779468,-0.660415807294275,0.0747890199320136,0.196210818996646,9.99,0.0
75683.0,1.58763641834849,-0.653302944649417,-0.130132095327261,-1.35720250031589,-1.00964063087969,-1.32998822255793,-0.383968923119255,-0.485593620172702,-2.3736106192311,1.46881566017991,-0.266462921715411,-0.316456056001204,1.53224426528371,-0.265058206481904,0.145739794250467,-0.832470811782517,0.599245333218814,-0.398221522833955,-0.129046925028474,-0.297149710147336,-0.167285668260069,0.00949088754474684,-0.0829726480219397,0.427500573586183,0.725850053831177,-0.0860163081167049,0.00707379618476571,0.00678075744001824,0.01,0.0
35899.0,-2.85716975415491,4.04560138120513,-4.19729878550198,5.48719863078843,-3.07077616787415,-1.42268633776286,-5.65131373987331,2.01965739455388,-5.01549098658195,-6.31970750896333,3.77960220775921,-8.07709364590223,1.4408888557809,-7.89190877856627,0.530452788364339,-7.9540700449952,-14.2650559534715,-5.7710644259128,2.8921696850147,0.981608721582294,1.08032273397717,-0.561384150324839,0.102678427260093,-0.0671947227831213,-0.476931194262915,-0.103716356143308,1.16696149168342,0.663632066947765,1.0,1.0
38366.0,1.16158736195111,0.177406034280882,0.597382776452704,0.500049438517497,-0.312062574465703,-0.309067448631228,-0.0985361284039267,0.0530022178224654,-0.270211973098186,0.0517395762131381,1.92930878986213,1.34375472948334,0.425371695952882,0.426405033374633,0.540795475970569,0.135385338352832,-0.335549778974007,-0.59338244777161,-0.266121070551857,-0.106128885854488,-0.162303752312562,-0.459023451100384,0.176475001824216,0.225726251737782,0.0960619908624317,0.0934275210681177,-0.0143339279944469,0.00789776770141814,0.99,0.0
75659.0,-0.680615519320409,1.13101130374023,1.34411361953991,-0.271497746765236,0.12707369303924,-0.41972880152086,0.567778536723734,0.11034746736122,-0.441643941429756,0.168953756989454,1.03375481894,0.554553443344497,0.0274705881442095,0.244465419273845,0.186509100917733,0.469503103171469,-0.77308425207189,0.229664004908123,0.398203350236646,0.238748700358442,-0.230684553647951,-0.564222829795748,-0.0727925613170883,-0.0178691164640218,-0.130048590814853,0.0790765362805159,0.374908538652307,0.163935870533725,4.47,0.0
27745.0,-1.70252199527717,-2.01526976257091,-0.409365014342021,-1.34585874114898,-0.035842421596639,0.252003386522585,1.87179947272534,-0.131763917169312,-1.69005572890667,-0.885962325175811,-0.982975611548192,-1.0598208198005,0.967174065399558,-1.17517191558284,0.486529962073688,1.73301039893102,0.497924589648141,-1.2400852181792,0.13262690387549,1.62106834794406,0.0928158818163599,-1.17822501998226,1.44990861936391,-1.53339378849582,0.2381325927726,-0.697840563109621,-0.20246152849889,0.0885959011603179,591.2,0.0
55618.0,-7.4279242314783,2.94820920837905,-8.67855038407896,5.18530347959595,-4.76108997261691,-0.95709501604379,-7.77337978477431,0.717309273781191,-3.68235923846278,-8.40315026242229,5.70520550718269,-8.6407464115182,-1.60292501896209,-9.46613912320431,0.137324186945341,-7.30324272860725,-12.4480392359586,-4.33283424125087,2.35202964025176,-0.123085015912889,-0.299847070706951,0.610478813685703,0.789022761446755,-0.564511939509452,0.201195825477742,-0.111225430586455,1.14459850910478,0.102279545438297,130.44,1.0
37875.0,0.878825312262713,-0.209776645850271,0.91481294155145,0.956539608953254,0.0491215176862016,1.82984441569346,-0.730853580543458,0.719737716957158,0.0723923961240981,-0.0365543449987241,2.22858768592781,1.27291559737474,-0.0401920843102101,0.384738067192989,1.64246140562153,-0.511961791313892,0.321720968159247,-1.33260851476412,-1.8485702727781,-0.168755585608601,0.175733489053982,0.552908237457334,0.120903911910924,-1.04458951703191,-0.037292323032994,-0.352166418791976,0.111853410510388,0.0202741961209199,46.8,0.0
90915.0,-3.1658588053931,-2.44834143873872,1.9923332662668,-1.47376497288772,-0.111521340705802,2.03882658240576,-1.07630636962731,1.49571158809243,3.09274552830762,-2.53007056455778,0.430155392362584,-1.72492315227302,0.319522838234836,0.792846371443733,-2.68435306870189,-0.216540552627377,1.09740860167299,-0.160493477034534,-1.43450994789489,0.765944061980636,0.292572755192176,0.413752054465081,0.257086224815252,-1.63990529193446,0.488286046472268,1.00178166805811,0.0728029792680763,-0.225496013966697,297.03,0.0
121695.0,-2.15873114031876,-0.794971792089104,0.801298774002778,-1.94852515230856,-1.2333966362801,-0.772837513474342,-1.00136834602473,0.578939661935078,-2.52707165452851,0.445093124860473,-1.12613865261903,-0.292104392058124,1.70367972387632,-0.276489919323437,-0.089988361674539,-0.487214081301282,0.924675513618689,0.0535575676516103,0.250049213953041,-0.5679332593944,-0.0793427007254685,0.0750863064195039,-0.281310857314928,0.0396649098916229,0.506002381324866,0.0152032933875015,-0.288165358765402,-0.15762814302649,87.0,0.0
29753.0,0.269614090485094,3.54975512877325,-5.81035344453706,5.80936957402456,1.53880793351049,-2.26921913566818,-0.824203333436328,0.351069915343584,-3.75905945636624,-4.59238980599474,5.47939151009669,-5.65785754091816,-2.6480760898503,-10.3848897408947,-0.225946407826958,-0.701882908954806,0.409735840500415,0.939603694029483,-1.95429995537505,0.310524633435283,0.371121111209288,-0.322289520392532,-0.549855883222537,-0.520628958812409,1.37821038664663,0.564714292689441,0.553254713878568,0.40240000915925,0.68,1.0
1937.0,-5.10469219753115,-5.83815548566655,-0.952477228205232,4.44900499169743,-0.304527910800313,1.37429667391492,3.26733111316024,-1.11963959532149,-0.783320342726979,1.41205907148553,1.91485279666853,-0.0386264832904192,-0.00700735740921664,0.0770304879589704,1.53005797821826,0.0139894022630432,-0.194766855284279,-0.31413463704567,0.423418114491138,-1.0249361007244,-0.344246424049416,0.881494643073449,0.470187301227715,-0.093401624100576,-1.27473742804087,0.0868488452339922,0.464010630134349,0.509148736414973,1321.12,0.0
8808.0,-4.61721720415581,1.69569365346656,-3.11437220079491,4.32819855298178,-1.87325699086527,-0.989908135538263,-4.57726462658038,0.4722161584519,0.472016953377646,-5.57602263642415,4.80232276125089,-10.833164469314,0.104303875698575,-9.40542306160986,-0.80747786866047,-7.55234220350747,-9.8025617903912,-4.12062883466552,1.74050729036196,-0.0390459343384186,0.481829697240067,0.146023056445948,0.117038527549065,-0.21756459883966,-0.138776043706563,-0.424452881068275,-1.00204142597227,0.890780287970655,1.1,1.0
29705.0,1.47349477209057,-1.02909839878962,0.404323414313811,-1.36718936484848,-1.40099032303799,-0.563692967009144,-1.01425725699727,-0.0877604260278566,-1.7863740385803,1.40834859243267,-0.327275757876968,-1.01541753659039,0.0607217394874031,-0.195716610522556,0.865327279042766,-0.674040185293863,0.811079185738461,-0.439146461727208,-0.600611994064387,-0.384102455484291,-0.190765227054132,-0.144251539521205,0.0685297230002565,0.0523170273130471,0.300119648689274,-0.175830909491259,0.0434038042058651,0.0170197272849008,15.0,0.0
59404.0,0.526793537821455,1.67575382058172,-3.75674790495943,0.542029326779624,3.17036405128645,2.3348139701354,0.0141888303494262,1.14700546447887,-0.640655183889937,-1.35073124654058,0.789448182966332,-0.686250498366556,-0.221105396903502,-3.06001861095138,1.23747375717753,1.28854298240042,2.49599184870771,2.00325519640126,-0.0437748545001294,0.105562318268095,-0.15961716759244,-0.486610154911328,0.100936364067541,0.654816018757909,-0.278504738110906,-0.383368066278424,0.134224562739075,-0.0540625262727694,1.49,0.0
85285.0,-6.71340697159693,3.92110415204576,-9.74667821737542,5.14826254938013,-5.15156271985187,-2.09938865681113,-5.93776683170198,3.57877960420447,-4.6849517505833,-8.53775768653457,6.34897930341209,-8.68160893168352,0.251179384774619,-11.6080022570993,-0.351568782034355,-5.36356643348466,-11.9390915052116,-3.58360287020043,0.897402406121681,0.135711322729059,0.954272201927517,-0.45108644858101,0.127214424071711,-0.339449869297565,0.394095513633807,1.07529509891805,1.6499059092424,-0.394905372194808,252.92,1.0
91089.0,1.91408319296591,-0.229327542773185,-0.402584665355604,1.68147639568347,-0.199738985198914,0.21189234144956,-0.503481966988299,0.113939373288134,2.73753276457592,-0.34847953205511,-0.758191081010609,-2.82487380894153,-0.386484607052813,1.52394810025177,-1.64732401978492,-0.360239547523406,0.776322571277502,-0.391247665462804,0.00438354943054874,-0.394536017306318,-0.694581922560595,-1.61250066191105,0.484374379679173,0.405746020743334,-0.390143414062486,-1.16249853347842,0.0107762481239168,-0.0324827538475151,24.37,0.0
12597.0,-2.58961719821269,7.01671438495857,-13.7054072869097,10.3432280604117,-2.95446103475574,-3.05511578527804,-9.3012886151434,3.34957336071614,-5.65421202641103,-11.853866972601,11.6692047358121,-17.2286622386187,0.0555715664836118,-18.4937733551053,-0.304172113519045,-10.6294973901353,-14.4412111342765,-5.10548646597228,1.2702262705049,1.48885519236896,1.88773772551451,0.333998184533223,0.28765904061745,-1.18640640906644,-0.690272670076388,0.631703772210546,1.93422076005943,0.789687172212655,1.0,1.0
37883.0,-0.637071318192281,0.870182581066228,1.47150092227517,-0.17812188567486,0.653498715446324,-0.0294964789034888,0.507876256027168,0.205438950773704,-0.86583089563769,-0.651272939915205,1.36901182739682,0.494127085949398,-0.0245949044589094,-0.141008601813143,0.490834606131737,0.346974097096823,-0.0469996346590887,0.059172262999604,0.0767673183718553,0.0172406164208134,-0.139050155159976,-0.496181078956135,-0.0967687146702025,-0.353974937144679,-0.234605461180685,0.105599202546659,0.0631476611842776,0.0993478923552898,0.89,0.0
65382.0,-5.5645554398978,-4.99767272397079,0.536083072234296,-0.168478479013688,-0.557725541118021,0.391786705425009,-1.6642380822203,-1.85833017871869,-0.839315369489241,-1.14574984148553,0.23443896750162,-0.0729655269526479,-1.21356462381315,0.206487494050589,-1.27513844257481,1.64655021445218,0.676288718343397,-0.950738228509915,0.406572218579383,0.446063613688081,-1.25830439580373,0.537568186566617,1.12180188205843,-0.250623548601889,0.609528139655796,-0.252557436447646,0.865295024576366,-1.59589697461079,273.54,0.0
29785.0,0.92376442016477,0.34404807190464,-2.88000365579163,1.72168007534123,-3.01956477860235,-0.639736122583852,-3.8013245024591,1.29909588513018,0.864065471140902,-2.89525166830126,3.02816223099618,-2.54917730779636,-1.56043182473423,-2.97131675769274,1.07889539651163,-4.70201182527384,-4.90809850732764,-1.5088732903485,3.0016850593747,0.170871765618069,0.8999311755668,1.48127100376248,0.725265549161058,0.176959582872624,-1.81563797523647,-0.536517111308732,0.489035020411905,-0.0497285787992942,30.3,1.0
20625.0,-0.653155407377926,0.372141464842264,2.20925433197357,-2.15193688638012,0.45118907544382,0.822336750899577,0.267881248132603,0.0834425568948834,2.29525399690722,-1.9322961274619,1.35356718940061,-1.49717707081139,2.11073093804473,0.967465393658879,-0.456648147487484,-0.178489046135016,-0.17020000870515,0.883713672692037,0.207465061104844,-0.0157700182335993,-0.149850107279013,0.151802995131035,-0.505597169569973,-1.18147564732114,0.535504407751603,-0.759489316790998,-0.068432806036645,-0.176549118610577,11.85,0.0
19762.0,1.20805669716879,-0.436785391368998,0.893367325896504,-0.691419589419315,-1.05988203146067,-0.29659825987711,-0.860837058464739,0.135191870927799,3.09089406636218,-1.24286329074979,1.66340208346473,-1.96827293072947,0.10055728289143,1.75838436850591,0.0211984433797273,-0.109145263701737,0.301940610759238,1.24643067836215,0.772417879723717,-0.219580802189206,-0.143074718848925,-0.0462412896664389,-0.06878107218545,-0.073574250503443,0.436925363385315,-0.718512916956117,0.050988393271627,0.014102926489786,11.85,0.0
51122.0,-0.728366338960746,0.750339655820699,1.31320716335753,-0.138607111022438,0.364796108937817,0.0950179515903358,0.390146487429797,0.223157724056276,-0.0128681460434109,-0.14694936677997,-0.055674012980183,-0.0401913827318361,-1.20311577167661,0.151333595128792,-0.927188324608685,0.0540470908481214,-0.432764240492343,0.361112141871028,1.00319507775438,0.0370588007153129,-0.185626159268285,-0.412198083970075,-0.257763423851133,-0.501618429980994,0.0135719079486079,0.264624826742499,0.169375695379131,0.164226629257155,1.0,0.0
110617.0,-1.10103546371767,-1.67492805871463,-0.573388195590639,5.6175556662941,0.765556412634615,0.440607080848915,1.93474047501363,-1.01978754945585,-0.19324423129657,1.7837390603636,0.606910821999133,-2.85427542751023,2.37947304553589,1.26814661675691,-0.28361908940932,-0.482192055998123,0.8110054093379,-0.357910684579857,0.752760921550722,-0.0383141473363703,-0.412525822025647,-0.208823118913215,0.344832725150856,1.09143473162108,-0.686512742633337,0.0758089204336296,0.0338647378770195,-0.83285502022751,635.1,1.0
76826.0,-6.61629292560656,3.56342789803106,-7.05890129814843,4.28434595524384,-5.09629887292392,-1.76861780360559,-4.93755412732933,2.74845954534783,-3.79675959454545,-6.8254901042394,3.25959475409854,-6.94389061823948,0.43597516308899,-6.94701030902337,1.01100406527995,-6.16683742461485,-10.564346602529,-4.01018815310236,2.14350179519978,-0.54163415582255,1.21597610572025,0.0411777442210425,-1.05909770217904,0.275662062254882,0.057424927985318,-0.265838484019501,-0.514636936427821,0.388590269335523,254.76,1.0
92525.0,2.01152479535695,0.490093828273413,-1.53344926776803,1.73199339872666,0.390517916448771,-1.2929763529426,0.322695459093143,-0.377423513535805,1.69819125894734,-0.591309280500875,0.248647165962201,-2.96197975827045,0.366112295306948,0.868392947550229,-0.609920159146402,0.120273091258129,1.37420182763516,0.369912104496218,-0.596196653790089,-0.361176320586985,-0.376828857094573,-0.731869869535731,0.202142503446333,-0.193437826573269,0.0406503292726211,-0.811470911960783,-0.0181214314844125,-0.0301446475294537,6.0,0.0
47653.0,-0.605367742137849,0.183279213075613,2.00816893900504,0.601903762322644,-1.30241530179773,0.937858516434138,-0.865473362525808,1.07292421464172,0.980649672800639,-0.894392324705522,0.207335765483103,0.853683613355972,-1.62127968894877,-0.340158017503285,-2.28733694856621,-0.622346632083528,0.77766518738478,-0.254350850163246,0.439352281596376,-0.285952273257971,0.0215424343111231,0.288359165360468,0.139540283041514,0.241451272238053,-0.550470351331501,0.285166817463869,-0.0309324122246022,-0.0283184470293104,33.28,0.0
61292.0,1.25966807567607,0.513234025543002,-0.585484025849414,0.64360979441392,0.241012249939836,-0.905476113559488,0.260280101523814,-0.127451228397248,-0.338084069987272,-0.416498412053167,1.44795512429554,0.298231470818661,-0.459212071660925,-0.762588610312349,0.302536468032052,0.769572631474035,0.465052457539182,0.789223601803836,0.0939370989477475,-0.0798549386009459,-0.112673978879291,-0.321926599419048,-0.128179745109845,-0.0996002535506912,0.572766768027031,0.373197988877362,-0.0407319539948149,0.0222689253185615,0.76,0.0
39342.0,-0.182780961312589,-0.440591515985155,-0.0920162374427715,-2.79709380599552,1.61172612726064,3.39971032584592,-0.823854913955368,0.915782875688456,-0.770016824247293,0.284017408358769,-0.412941109760706,-0.989034676515597,0.223144391699245,-0.469651940147962,0.472231229745062,1.96709477986965,-0.800418535581194,-0.314535772563408,-0.064985681248413,0.105596846538476,0.529326899757249,1.27578097891716,0.0395423851117079,1.03282042365664,-0.901683272267476,-0.401736960500761,0.127421744773791,0.246079456620937,35.0,0.0
73408.0,-2.86979494599423,1.33566696241079,-1.00953019777159,1.69388472852407,-0.741479894623347,-0.796772696354505,-2.61424187718441,1.06663646767929,-1.13549652218517,-3.9433368210052,2.57283021584331,-2.28866350030302,0.562084177710423,-5.33871420959882,-1.85325189141529,-2.619233053885,-5.23142512742468,-1.23485373672039,0.397308037124058,0.0115572104606548,0.528421372720921,0.228027080989586,-0.749297963439339,-0.0671789627433331,0.215792485177395,-0.453651011768872,0.349191042793996,0.198862268219404,16.48,1.0
116546.0,2.06405298229655,-0.221120742484922,-1.94736306024831,-0.0848089027605843,0.721436475583768,-0.0133038012310984,0.0667384752990708,-0.0640619542153418,0.494638725172355,0.184909892087679,-0.0897903661102217,0.24025901309543,-0.4618656918618,0.741799365213203,0.238810899085535,0.356192726042497,-1.13153049826654,0.904605370648731,0.471747328911902,-0.155603633710818,0.229072826604191,0.664536457262179,-0.126124486837863,-0.330891570484868,0.368548703769049,-0.0961754222604595,-0.0392667649438838,-0.0693569756405455,28.9,0.0
77730.0,-0.706821392621703,0.618216701512907,1.00415127714882,-0.805050573661922,0.135629061502004,-1.49681793847683,1.54871743416756,-0.403446161167127,-0.863415568542377,-0.845382135344764,-0.0895735647736928,0.300315195510019,0.503587684174121,0.250846691033665,0.0434012001508203,-0.072889348434846,-0.314280113227296,-0.732660147737741,-0.515415621296486,0.176216115925493,0.142642770432561,0.191322225088937,0.0208185507584892,0.788440709479069,0.0768434553735831,0.881147838104363,-0.0621066489086405,0.103812349675579,102.0,0.0
61320.0,-0.937830425091089,0.562690049241155,2.14063729185529,1.62450675668871,-0.640010872515133,1.05767125761545,-0.1975800922266,0.675869973305713,0.394580498693877,-0.323825394624862,0.541763808491238,1.14747517301241,-0.86464886262787,-0.384446223483697,-2.04840920905476,-1.43115610786247,1.04416932122765,-0.547425571099587,1.5300075627016,-0.147491463147842,-0.252270001728092,-0.231090146303535,0.178782199983286,0.222008115315943,-0.441108773842312,-0.498315136436244,-0.156972473267473,-0.166944760666243,34.9,0.0
48818.0,1.08201520885362,0.103375588955703,-0.372202730632486,1.05080765441592,0.406415780711165,-0.132142263748919,0.484463452540469,-0.091245259333734,-0.166912117659949,-0.0142148979827825,-0.926278650798869,-0.221864171671358,-0.470798985476915,0.656623908673179,1.08579298360653,-0.027920418217565,-0.339341557037635,-0.769476648573778,-0.21710705735687,9.37043668821414E-4,-0.329852414123414,-1.1809898710372,-0.0392029824277755,-0.824677680434069,0.446572507037598,-0.603517371120844,-0.00810858775913585,0.0252367609780947,99.95,0.0
8528.0,0.447395553302475,2.48195386638743,-5.66081393141405,4.4559228120932,-2.4437797540431,-2.18504026247234,-4.71614294470093,1.24980325173147,-0.718326066573691,-5.3903302556601,6.45418752494833,-8.48534657377678,0.635281408794591,-7.01990155916612,0.53981407134798,-4.6498642988132,-6.2883575087823,-1.33931232244731,2.26298478762517,0.549612970886705,0.756052550277073,0.140167768675,0.665411100673545,0.131463791724986,-1.90821741154788,0.334807598686864,0.748534284767756,0.175413794422896,1.0,1.0
82121.0,-0.983719443547265,-0.0606725758310169,1.77782165452607,-1.86575972145453,0.365225657155418,-0.755097258277424,0.464470866464632,-0.18943794473438,-1.67591790287703,0.36066230949972,1.74119171770029,-0.408734972481788,-0.809792684877133,0.0377342754314008,-0.39480095849839,0.874004562418016,0.17811233185165,-1.81215913888147,0.191063317029986,-0.0215511905054402,-0.132445535632798,-0.464295872539986,-0.222952252216433,0.178116088551254,0.157976971330428,-0.647955758141029,-0.215629019082703,-0.214238604192027,27.0,0.0
49690.0,1.00775535936219,-0.66180540595526,0.924059297230003,0.0617494318932498,-0.824070448866062,0.634375136524775,-0.711720965576879,0.315727384853615,0.885790148064899,-0.374441200990945,0.912453189695907,1.49101522925048,0.404398467686137,-0.426006427242634,-0.769058415509959,-0.132689414669514,0.0285922491443708,-0.527660247852214,0.494097832217959,0.0907965722754073,-0.126580243578903,-0.246857181776122,-0.0129504695642517,-0.204929601626036,0.0661396305291458,0.965406264107088,-0.0322621049414421,0.0112138946701111,81.56,0.0
41273.0,-11.6822148930584,6.33288209288301,-13.2971092469499,7.69077191542072,-10.8898905208867,-2.79236003834138,-12.5617825809497,7.28712220991134,-7.57032240879292,-12.8357376825339,5.80470785195987,-12.15623949431,1.18498466280471,-10.4686770874209,-0.41674319706657,-10.999792348619,-22.6088681905866,-9.49874592104677,2.10273540686125,-1.00931993766307,2.13345628394787,-1.27150896701449,-0.0353038871622371,0.615053695038953,0.349023768265454,-0.428922796793546,-0.694935387398427,-0.818970428930229,173.07,1.0
38898.0,-1.92199117640042,1.21653257399546,0.663911381665768,-3.22369349817255,-1.00205661695986,-1.47884753597339,-0.0894115313866184,0.751786133268887,0.810509176663377,-1.65334511073087,1.08655862783532,1.13565159409674,-0.781150015805102,0.831169331908495,-0.102348057423836,0.540261712002085,-0.679112900909972,0.416490291966411,-0.679096133302607,-0.415416436909239,0.171400177152901,0.0584531127573809,-0.0151177247940498,0.514980306045187,-0.0221265455054981,-0.539386337922388,-0.494840339530311,0.0453095723825063,3.91,0.0
36170.0,-5.68501341827133,5.77651621042963,-7.06497672861513,5.90271545151069,-4.71556383098609,-1.75563332378958,-6.95867914257843,3.87779518702774,-5.54152882782373,-7.50211219093686,3.67670318691664,-7.64298306727846,1.68986512270453,-8.29965953059956,0.646996364810759,-6.79279505972775,-12.075932061394,-4.88217964265137,2.62662452479163,0.299488632233821,1.12864107441301,-0.962959729230981,-0.110045083655872,-0.177733240766768,-0.0891754157062679,-0.049446723229275,0.303444581632884,0.219380438614266,111.7,1.0
93853.0,-6.18585747765758,7.10298492227346,-13.0304552638937,8.01082339822486,-7.88523736131971,-3.97454999359808,-12.2296077786617,4.9712317023058,-4.24830701294998,-12.9654812039222,8.68830799242781,-17.1829184301947,0.0695769150313325,-14.1161560074304,0.959031717400206,-12.3753337375636,-18.716764511809,-6.52201457322122,3.51795494036344,0.483930108481186,2.50277241039945,0.481691289576756,0.480957977547458,0.360318638811951,-0.293354295977635,-0.199193157971208,-0.203917328209747,0.398927185850218,44.9,1.0
84204.0,-0.937843305478391,3.46288948991687,-6.44510395393435,4.9321986662268,-2.23398306982245,-2.29156112129773,-5.69559392853253,1.33882463362261,-4.32237655329329,-8.0991193981365,7.18296700883659,-9.44594338249901,-0.314619967520224,-12.9914655817567,-0.136358931959623,-6.36752437517144,-12.7343938853776,-3.84512965889743,1.00766725992114,1.12953228130351,1.06655024941577,-0.521657289347299,-0.319917292909547,-0.405859088093617,0.906802159957716,1.16578389011737,1.37449533233535,0.729889341911333,0.0,1.0
67402.0,-0.297563116382013,1.06778481260197,0.830525924085906,-0.33098783374124,0.668361840660591,0.0138817808569677,0.594337841228668,0.139636507740535,-0.598503630062573,-0.345121999177796,0.469688044153303,0.30766519790421,0.394548697198775,-0.334292955213953,0.261301118225091,0.911966544221892,-0.67574424608506,0.717892685840365,0.637675995912694,0.169699564539642,-0.287901432082156,-0.77860509958304,-0.176484119318584,-0.884664562932169,-0.0301131271899735,0.126340268687328,0.241791943657904,0.0764645228240598,2.28,0.0
25254.0,-17.2751911945397,10.8196653713117,-20.3638859739149,6.04661174671427,-13.4650333517322,-4.16664724489873,-14.4094479851747,11.5807967244857,-4.07385571204177,-9.15336803834587,6.21088301172371,-8.77857203246194,-0.0613674966661798,-9.57466229922106,0.0492885399107771,-7.41848727872681,-14.1027718764864,-5.01642333521081,1.39031436050276,1.54497046707519,1.7298040916597,-1.20809608165502,-0.726839224163999,0.112539673508366,1.11919347248491,-0.233188990129274,1.68406299250578,0.503739738280361,99.99,1.0
41164.0,-5.93277795485543,4.57174320411303,-9.42724692838332,6.57705643811276,-6.11521812544893,-3.66179789602346,-10.8940785545016,3.70921000751656,-5.85952387304171,-12.981619145004,8.26529460055417,-14.1541653609607,0.479842781966758,-16.3375959447735,1.64604527960375,-12.3753974432385,-21.090612716108,-7.7245457358645,3.85637474254372,1.19107830456005,2.01427156558263,-0.167416617986259,0.0499675298711021,0.384429719031746,-0.0778835668224832,0.56549290579318,1.79201191700266,0.371007021212136,5.3,1.0
53634.0,-0.397397741861751,0.704258930201732,1.05214091176515,0.347867236281366,0.62598816489421,-0.357380633572022,1.07957981359328,-0.3407855075385,-0.201620582188714,-0.0868975119501789,-1.29918432288886,-0.826452813919852,-0.562620345867771,0.0978788123264981,0.892274518613313,0.158616666180674,-0.801578029255831,0.338005167948788,0.110581804806111,-0.0749930710944016,-0.0140835384626356,0.132209186623125,-0.174130737484974,-0.483360644425719,0.351800103881667,-0.346762846490317,-0.224202217098381,-0.239316159159971,37.0,0.0
60353.0,-3.97521647515777,0.581573270980264,-1.88037210743636,4.31924127992395,-3.02432976021596,1.24079277107972,-1.90955892631241,0.660717557074542,-2.7526105653686,-3.55038539904852,4.83896418696128,-6.04023537903875,-0.374460483695606,-6.22194535944177,0.958758443736388,-5.07364263456328,-10.441008666182,-3.75552460094433,0.606452965011177,-0.656511434265513,0.578984295739867,1.39731081981072,1.04532195036713,-0.303999869268857,0.00529495925073387,0.235435243641064,0.962014797484666,-0.67355739317081,454.82,1.0
36240.0,-1.76676719073873,-0.753412757341504,1.08158894105478,-1.87384415037591,0.117384393241169,-1.22045357614715,-0.360837968748704,0.454228551110934,-1.9329665316494,-0.185795938413906,0.570864183736161,0.199014261125447,-0.00520706640522253,0.630407160363998,-0.340719898281708,-0.705516565986755,-0.345686269658043,1.4282654544916,-0.663860787767002,-0.151367041376652,-0.309582206701139,-1.17396402093841,-0.0766209659116067,0.0291595884670002,0.111890834075293,1.17558710061619,-0.202748207007448,-0.207574066697696,42.22,0.0
85854.0,-2.10972178609138,3.74559059202855,-3.83029388740991,1.35967955404292,-0.467813016910346,-1.52356625365066,-0.714482007666823,1.77846223463217,0.0191350723133995,0.102045209609887,2.340776827223,0.695639642430942,-0.411473329890455,-2.48078317844977,0.605519391408971,1.00913687570079,3.52993767991911,1.57428906466299,-0.754517246363939,0.425293352823928,-0.123831157342797,-0.0620078597513033,0.400819126609067,-0.161410657177234,-0.224957533132832,-0.417895665643393,-0.0595249006867598,-0.39168679261168,0.89,0.0
117140.0,0.21788754093698,1.06312212262857,-0.618979488584052,1.32580775030936,0.408395734423775,-0.320625711442647,-0.0881252110994293,-2.98979898027049,-0.784444060340394,-0.596093395330026,-1.06712441337457,0.2836524512758,-0.56483992824903,1.08664157120544,-0.241837976343621,-0.911781690978818,0.305660787120604,-0.460552072384695,0.369663827929514,0.61319185528054,-1.16982104308344,0.756415343752756,-0.236096116054213,2.23192243098651E-5,0.907220379592214,-0.300868077212415,0.144064567989736,0.292575425983862,47.6,0.0
30393.0,-0.525084010671952,1.15848375849771,1.64586732875422,0.341157137729502,0.0988411029154384,-0.831352321803834,0.834999172112593,-0.291112710086823,-0.28593663267358,-0.0655123321418844,-0.165305117562808,-0.56945198143719,-0.47639873251566,-0.483706934916647,1.3890976807827,0.0264725254346022,0.200111084107721,-9.83589794593034E-4,0.63887848392619,0.235728165444215,-0.293230642459649,-0.649850716515743,-0.108851842019838,0.33096877263833,-0.259607539982744,0.151724493538703,0.0184550033906589,-0.0458468648117144,3.59,0.0
121465.0,2.05103068740065,-0.941814931393661,-0.450104123759062,-0.530791078353516,-0.976694310836782,-0.208893106102683,-0.912243898444093,0.0213149700322258,-0.298689144932068,0.960351724094527,0.394318697820738,0.79977224827568,0.636051844171142,-0.0772579643757474,-0.334262756983669,-0.793059494435726,-0.645480837525014,1.43464757375808,-0.370657361625314,-0.506777689778209,-0.580522178851456,-1.17871338890228,0.438663492012646,-0.453972156940067,-0.737413345087483,0.235343527494578,-0.0209033989000595,-0.0478924238370044,33.99,0.0
99316.0,-0.652447725656204,0.940065486931424,-0.736707685799545,-1.6450528019113,2.30856410968412,3.67971098392061,-0.599224965370039,1.50720669888068,1.51271060000863,-1.91178974048965,0.988436342115272,-2.44719651982932,1.41263000620527,0.500219827352901,0.0720400818106555,0.651802950927271,1.17575177611288,0.584581956428981,-0.694779248423328,-0.0226050995183115,-0.385325847018879,-0.948002001793938,0.0781172346330999,0.499093765366299,-0.127655062064642,-0.269291877081615,0.150143132250619,0.0328291674641582,14.13,0.0
21921.0,-1.70800475920551,-0.657281843065827,2.11047149647578,-1.50925388502097,-0.241802779438692,-0.275357443395589,0.194589452909232,0.019442795936911,2.3004420261227,-1.96541010684702,1.72715044154697,-1.43907832559715,1.72632961248565,1.21858187996728,-0.607910361754597,-0.0191585279165373,-0.023842722315955,1.32667530408906,0.26438332143473,-0.041956036442604,0.0856851990894095,0.553508345160168,-0.304118677049885,-0.0167526590222621,0.662199390905133,-0.64765710184177,0.00766296300066274,0.119339965178651,185.99,0.0
71322.0,-2.70322996710424,2.63383330823668,-0.551190334197955,-0.680426111188731,-0.00281186956229952,0.453238471181201,-0.340007712538766,0.163982285683182,0.535865782880705,1.41536111021295,0.579688287880671,0.595185213859462,0.181729471775561,-0.26283537992324,0.583591854077326,0.669792814078709,-0.148254131503382,0.257919587860413,0.0870039540350562,0.52211993403445,0.354796161470749,-1.07194562738215,0.134210903795584,-1.2548480796395,0.235210311755925,0.156529486920436,0.377824077381893,0.117643733371814,8.91,0.0
28658.0,-28.5242675938406,15.8769229879536,-29.4687320925264,6.44759140152748,-20.7860000418837,-4.86561341755669,-19.5010840750712,18.7488719520883,-3.64298981925263,-7.93964241937325,4.18467368942509,-5.83507521523889,1.21595964527928,-5.33014378246253,-0.118631138153322,-5.36777527618834,-11.4317569116986,-4.69692444373293,0.69268841200477,1.7068890619925,1.80576978392608,-2.11937616760819,-1.31744962200248,0.169845630469178,2.05168733506275,-0.210502000459411,1.30173396497076,0.380246181418509,99.99,1.0
24541.0,-2.19247625644925,-1.59226342801306,1.93991045378073,-2.96230485149481,-0.780523519512408,-1.30796935333225,-0.782762988424873,0.470489882124544,1.82355335228,-2.24634711706278,-0.473606886087748,-2.09131481638836,1.29988283699293,1.12306266114274,-1.65567516418181,-1.757958454567,0.912979945620244,1.46113588393119,-1.33382180661732,-0.211297643814476,-0.442628923740109,-1.12360631301597,0.0381039135759571,0.302326954562578,0.484595898634907,-0.476757869785628,-0.0975365161850993,-0.202537457636819,108.01,0.0
48537.0,0.277404694548639,-0.804777041032328,-0.0054864156199726,-1.43633794071937,-1.32004614165659,-0.732262496244702,0.594432432525237,-0.318016810874042,-2.4424702360283,1.27588902913321,-1.0817345211453,-1.85240987064616,-0.640772747460843,0.136761851380222,0.433550335494455,-0.791075485186314,0.737897874594328,0.0248762510934694,0.797873440582693,0.0764740947256478,-0.251537288864164,-0.718310683044224,0.758816631703532,-0.0806430477989069,-1.19026222606081,-0.565813887053817,0.132025606988529,0.179862477934091,204.89,0.0
86165.0,-5.0746368397976,-1.159681938883,-0.536384190536019,1.20167144095953,-0.461405500564814,-1.36526460413598,-0.75291468385097,1.23671892130336,0.0428356511754771,-0.692223113227603,-1.32633095091605,0.939557214852697,0.67421062768609,0.49893520420436,-0.469188997787423,0.297388226972824,0.52802648938336,-0.369783702047038,0.771974599129438,-2.63634661840818,-0.611891845470175,0.686378547987196,2.27744269638367,0.491750799356194,0.619714819427793,0.514700659441144,0.506008137560913,-0.755894425412098,99.0,0.0
36421.0,0.987338132059133,-0.675308272594103,-1.04618009824165,-0.395149273077695,1.65821916095088,3.50802188555838,-0.582692315159673,0.838639060809902,0.150577056516634,-0.0797336322657531,-0.123460265128938,0.0358341422963031,0.130920909189354,0.286569901640909,1.36566254625684,0.760398843549821,-0.970782434990631,0.355525853296915,0.0076584607026416,0.354624933161745,0.0519245071435661,-0.326814696504261,-0.17847402803007,1.0417348752098,0.438378008289818,0.345097396035386,-0.0436253390438819,0.0409352082619376,164.21,0.0
59011.0,-2.3269223698887,-3.34843873033788,-3.51340796089061,3.17505971028128,-2.81513703435586,-0.203362788049123,-0.892144430418318,0.333225702638422,-0.8020052289805,-4.35068531246963,3.06424584128211,-2.71873063246571,0.0687877027069899,-5.58687312563725,-0.966076477695954,-2.50204941657576,-4.46049463214891,-0.870525745045081,0.595629103995644,3.20917094389277,1.22664839880046,-0.695902072928095,-1.47849021051453,-0.0615525997443275,0.236155012156618,0.531910616094765,0.302324354380578,0.536375347733134,1389.56,1.0
67170.0,1.27301896318342,0.176224980446122,-0.178079061320653,1.06121818189628,0.527692962736985,0.6161677678721,0.0218982480904046,0.0839816071387554,0.409014547572428,-0.116117845901411,-1.81319861062763,-0.00845636466724575,-0.029238377840496,0.00898026538719508,0.0234270637361738,-0.308765570310196,-0.237443752421776,-0.50492297350294,0.162606011579624,-0.164266000379558,-0.198571350191072,-0.323262019941013,-0.228890507015543,-1.31167122689693,0.847122203070495,-0.224963321835104,0.038063972382522,6.5709224656641E-4,3.35,0.0
85285.0,-6.71340697159693,3.92110415204576,-9.74667821737542,5.14826254938013,-5.15156271985187,-2.09938865681113,-5.93776683170198,3.57877960420447,-4.6849517505833,-8.53775768653457,6.34897930341209,-8.68160893168352,0.251179384774619,-11.6080022570993,-0.351568782034355,-5.36356643348466,-11.9390915052116,-3.58360287020043,0.897402406121681,0.135711322729059,0.954272201927517,-0.45108644858101,0.127214424071711,-0.339449869297565,0.394095513633807,1.07529509891805,1.6499059092424,-0.394905372194808,252.92,1.0
35899.0,-2.85716975415491,4.04560138120513,-4.19729878550198,5.48719863078843,-3.07077616787415,-1.42268633776286,-5.65131373987331,2.01965739455388,-5.01549098658195,-6.31970750896333,3.77960220775921,-8.07709364590223,1.4408888557809,-7.89190877856627,0.530452788364339,-7.9540700449952,-14.2650559534715,-5.7710644259128,2.8921696850147,0.981608721582294,1.08032273397717,-0.561384150324839,0.102678427260093,-0.0671947227831213,-0.476931194262915,-0.103716356143308,1.16696149168342,0.663632066947765,1.0,1.0
12095.0,-4.72771265581559,3.04446910225824,-5.59835426695611,5.92819080241929,-2.19076972938784,-1.52932296564747,-4.48742195988547,0.916391814103266,-1.3070104231933,-4.13889121357616,5.14940878300581,-11.1240186070579,0.543067765541171,-7.84094220494304,0.743633944785042,-6.77706923974191,-9.93176515376766,-4.09302112201074,1.50492485905709,-0.207759445103882,0.650988236282379,0.254983288954681,0.628843468802127,-0.23812845429317,-0.671332331960485,-0.0335900627800998,-1.33177732223058,0.705697590023144,30.39,1.0
7543.0,0.329594333318222,3.71288929524103,-5.77593510831666,6.07826550560828,1.66735901311948,-2.42016841351562,-0.812891249491333,0.133080117970748,-2.21431131204961,-5.13445447110633,4.56072010550223,-8.87374836164535,-0.797483599628474,-9.17716637009146,-0.25702477514424,-0.871688490451564,1.31301362907797,0.773913872552923,-2.37059945059811,0.269772775978284,0.156617169389793,-0.652450440932299,-0.551572219392364,-0.716521635357197,1.41571661508922,0.555264739787582,0.530507388890912,0.404474054528712,1.0,1.0
58535.0,1.15305918626226,0.0195386436118353,0.731006806617793,0.915351184077053,-0.539483644768022,-0.302287260904968,-0.137018665687918,-0.036797321585982,0.459869216952328,-0.284931194806618,-0.123823342348828,1.12776941088486,0.726298362710481,-0.315064378821973,-0.267799753523278,-0.794426129265765,0.437910935392189,-1.2259533530849,-0.301589258285982,-0.103923742831863,-0.0273555753174941,0.23874797758396,-0.032315576995667,0.485571553177679,0.497517720963849,0.444628343086251,0.00614213423401215,0.0131771889290883,9.99,0.0
53937.0,-2.04260819938332,1.57357807373238,-2.37265243271278,-0.572676430720841,-2.09735276458226,-0.174142123011242,-3.03951978687359,-1.63423295064356,-0.594808638750073,-5.45960189444545,2.37853722491518,-2.33027064686235,-0.24623272486659,-4.05852343611281,-0.316983146603949,-2.52266081131673,-5.60340034818128,-0.778439963776289,0.860211793588662,0.825565985313424,-0.723326195587733,0.501221637302624,-0.696892260580304,-0.600513726439022,0.127547028812739,-0.786072220292301,0.606097322391548,0.171696507911815,261.87,1.0
41233.0,-10.6457996485752,5.9183066586857,-11.6710425949575,8.80736917876038,-7.97550136587277,-3.58680634405361,-13.6167970541448,6.42816934590602,-7.36845129274034,-12.8881582878915,6.85495311388866,-13.2116950297251,1.03561234332246,-13.7789556397675,1.04044835530024,-11.2903278082585,-20.5780220491922,-7.54782411219534,3.11847976563045,-0.0461701790327979,2.57196959291347,0.206809359357246,-1.66780140024191,0.558418754024331,-0.0278978765982558,0.354253781525514,0.273328726801416,-0.152908080809092,0.0,1.0
67793.0,1.26013786582794,0.282959487556674,-0.206810038807217,0.882433824738556,0.0724040706495288,-0.309545435981689,-0.0461424055450491,-0.0868706095799347,0.538529048914133,-0.794481911534403,-1.00904649166892,0.302719586556953,0.685806147237935,-1.75641042342735,-0.252002773104589,0.314741672486093,0.789876647859385,0.221047469571238,0.293787454888742,-0.00121801342616677,-0.2273696762205,-0.372788772960862,-0.207639612019963,-0.496831838663499,0.683439360281869,0.461130880080376,0.00500397311311225,0.0360417212875276,12.31,0.0
64443.0,1.07952397806913,0.872988038728802,-0.303850487243895,2.75536885087579,0.301687623167546,-0.350283737195093,-0.0428479677130716,0.246624608381391,-0.779175595769242,-0.157696445821874,1.92856763203456,-0.935863286411531,-2.43144644518658,-1.63347202401986,0.534336652706283,1.42560550367097,1.59352878606579,1.17846784575361,-1.56869755794851,-0.252115099030468,-0.023254784527163,-0.158600833910515,-0.0388061577093773,-0.0603272546840962,0.358338898397498,0.0769835703935526,0.0189358319830432,0.0605741494833015,0.0,1.0
40780.0,-0.28496296002718,1.0983995266144,0.730767142142934,-0.259272979290261,0.854299569512411,-0.201960869797388,0.700754378165727,-0.0314459880966533,-0.436256011969319,-0.530934083092347,-1.30352665435605,-0.0358261774839089,1.30537272132327,-0.697700520790143,0.895305303808536,0.744932556047062,-0.552863672625232,0.204194603756801,0.43073556624326,0.234715519922981,-0.340115835427234,-0.873692373749901,-0.188272905614965,-1.04254399913059,0.0605539540521075,0.155568529580442,0.247881111576937,0.0873412806646317,2.69,0.0
87420.0,-1.17401339682584,1.0642259955655,1.465423991533,-0.0747631182126972,-0.75992890790174,-0.489605704465505,-0.610173195450183,-2.42787153231036,0.828716773257618,-0.43750793862585,-0.425979268454359,0.485907325522955,-0.319092303005786,-0.119817937735514,0.212981489009133,-0.391694552094595,0.10027610910391,0.176108746688748,-0.223024068237256,-0.727913559434834,2.64257580067954,0.476661968917234,0.260159309732567,0.922175392032152,-0.653636962735159,-0.273970662729058,0.24025730645769,0.256621530623645,9.99,0.0
120491.0,1.79413085697819,-0.103229396380872,-2.55098570948573,1.22680261008322,0.918457603753966,-1.02379883808322,1.16235439143842,-0.476434551231307,-0.484263080234567,0.502414659535928,0.499566355175646,0.536582896626547,-0.640398493562429,1.19950416613647,-0.915764632250575,-0.593905349868061,-0.503012874618342,0.117255557409348,0.00831375955383355,-0.0233247058090374,0.422072886954151,1.05157056031043,-0.392846769589149,-0.347410913643471,0.813786645928314,-0.20333640081925,-0.0844662111748118,-0.0685230705105808,147.04,0.0
7891.0,-1.58550536691994,3.26158454822833,-4.13742198305023,2.35709625199132,-1.40504331370135,-1.87943719306477,-3.51368687087654,1.51560674568816,-1.20716636120056,-6.23456133227108,5.45074606689486,-7.33371406736393,1.36119332407831,-6.60806825219469,-0.481069424899829,-2.60247787045261,-4.83511205239717,-0.553026089102902,0.351948943356815,0.315957258937511,0.501543149467536,-0.54686881157389,-0.0765836358993043,-0.425550366841581,0.123644186352002,0.321984539336613,0.264028160503965,0.132816719764592,1.0,1.0
51643.0,1.42695505543196,-0.299847241683659,-0.300269218669608,-0.855925340503766,-0.354526334693437,-0.870562365712582,-0.0896569981275197,-0.281041707642489,-1.49357471221079,0.835083232907871,1.2928779729506,0.327177662133328,0.775973697600823,0.155837069151436,-0.32822988969011,0.98706510609771,-0.00151817358604857,-1.0821917313912,1.04356120828137,0.133445564779355,0.22909441375249,0.591234441805087,-0.226327303438061,0.0774150228951989,0.829521971141194,-0.0849179557277637,-0.0289294713997279,-0.00977881890432481,15.0,0.0
46965.0,0.940382647256097,-1.09925114438231,-0.0159316861790779,-0.257778493222254,-1.03439699831672,-0.693244899435252,0.0144710300697967,-0.260457011232637,-0.925495562472241,0.467626585274939,-0.137366967624991,0.435894980625015,0.616420052061253,0.0140351428724855,0.155319163385647,-2.18125759594367,0.688200401849127,0.0199685789888163,-1.01382583350363,-0.0890552417622962,-0.269147343885736,-0.58002074873802,-0.12324410821314,0.484282555277621,0.258582049096796,1.07726493797286,-0.0876779951231115,0.0350550979448157,213.7,0.0
49773.0,-1.74356790238647,0.180905433047071,0.86253124304814,1.43104141531332,0.299500209323553,-0.59933549050713,0.0460935532761681,0.49419129929537,-0.488618773429737,-0.00569791176250227,-0.56521580949013,-0.426435401187416,-0.769881455464742,0.739278135075153,1.63368651854074,-0.430345777016879,0.347587937772705,-0.042064850424618,0.344166075417101,-0.179845442659541,0.142395082484184,0.709898908064596,0.825608631199313,0.0527482834093241,0.0115672953124828,-0.138900692535427,0.314736111116767,0.0319979664623704,36.02,0.0
40845.0,1.33183462745492,-0.229313022095966,-1.20089258698262,-1.07040531800536,1.90420447561489,3.17121195672211,-0.609340196031495,0.777046187814567,0.0791625408251688,-0.0769895655512275,-0.031166661113029,0.0221517948951689,0.0606331387409195,0.350485452256799,1.24335690503096,0.610545027144992,-0.8134256693039,-0.0309349796349606,0.371871716584462,0.0658145060679239,-0.142164547326203,-0.55371875530297,-0.00680572181639814,1.06382048336458,0.413883754241507,0.962344418353124,-0.0790306158798739,-9.91631972980509E-4,10.0,0.0
28726.0,-29.8763655139763,16.4345245512223,-30.5586968214292,6.50586178736296,-21.6656542956569,-4.94035632949796,-20.0813910746494,19.5877726234404,-3.59149104711596,-7.80059820772759,3.94783971729026,-5.4879114860488,1.36994034924206,-4.82955244300835,-0.134412095441135,-5.12116240451142,-11.1181904509172,-4.65995586983801,0.608930080519071,1.72477883837961,1.81295397464878,-2.23225158753151,-1.41280344282556,0.178731069561437,2.15604185816706,-0.20938462411377,1.25564890085966,0.364530452975509,99.99,1.0
41515.0,-0.877467802000809,1.2099887386028,2.10555480347325,2.02689572333229,0.614501234469029,0.144625489024932,0.511279554954815,0.134273976239469,-1.73780213196619,0.585228120781701,0.877380682181082,0.222335993959818,0.144309281610107,0.350723700303578,0.115742918776903,0.663506236357962,-0.726376995444441,0.369772298295039,0.39062762616719,0.0851030368499988,-0.132459220413317,-0.610735712110221,-0.160488261796139,-0.0327466334555802,0.090223119096714,-0.143821397773206,-0.110608434089946,0.116956300635786,2.62,0.0
105367.0,-0.0702871186349836,1.16823755241792,-0.425907800136456,0.135283413920958,1.35856766179365,-1.35296134230264,1.85902842646971,-0.57399893483303,0.444185682457244,-0.852422762307019,-0.064613639088308,-2.45838048861485,1.71124222138644,2.09199326289262,-1.45548879539094,-0.321818557184052,-0.0377805899966765,-0.155563351479777,-1.43019879279804,-0.256393831866513,0.177979973469646,0.741631997371772,-0.0413016644027453,-0.0782062287411274,-0.512756075476413,-0.818189683516322,0.183418541123962,0.243496578212346,50.0,0.0
66880.0,-0.880315678169679,1.82782400081031,0.440495929999502,2.79253442672813,-0.139115306880936,0.128678936385657,0.189539300713681,0.220729368435034,-1.08387219571011,1.29079040658173,-0.583015372025762,-0.357218344751298,-0.128944043419206,0.563113020381044,1.26064184010233,-0.366700750780723,0.366009287394176,-0.326616550982098,0.332580826296631,-0.230799466700717,0.373110159889158,0.758067350279334,0.20460088747342,0.0825244456169349,-1.37398590441253,0.00398805268671773,-0.645416556392913,0.176451992616196,20.0,0.0
67637.0,-0.780313906611543,-0.185216145172952,3.06183424005992,-1.34624836511218,-1.45848656796611,0.158238065525346,-0.745834670706349,0.401017825453052,0.253873711856569,-0.308714310931086,-1.48270158082027,-0.791520452640975,-0.824140054552877,-1.43874829156937,-1.87048081768913,0.732102303739344,0.714588773119547,-1.19383858393441,0.468484115889292,0.138253164308527,0.133275725309598,0.727637265291796,-0.394023840118522,0.435846685749569,0.528812470333139,-0.110588194149135,0.341455879202428,0.128659399011138,4.8,0.0
94362.0,-26.4577446501446,16.497471901867,-30.1773174564996,8.90415677106517,-17.8925996927224,-1.22790388102871,-31.1973285494605,-11.43892041491,-9.46257260540015,-22.1870885620007,4.41999660154863,-10.5923050053728,-0.703795803703315,-3.92620731586873,-2.40024649210124,-6.80988994039049,-12.4623149481086,-5.50105078380738,-0.567939572890149,2.81224110932946,-8.75569832116533,3.46089334478551,0.896537503959012,0.254835536763482,-0.738096558530353,-0.966564233789852,-7.26348214633855,-1.32488430656137,1.0,1.0
43586.0,0.995497622561487,-0.681852381721468,1.82674293008073,1.24131929797705,-1.71791691860469,0.176660072934777,-1.00581157550779,0.245441844259612,1.76693719539469,-0.529568579136574,-1.05738625896465,0.974871618842106,-0.0489848713637184,-1.14642107632488,-1.56724505043872,-0.568749849257811,0.526866022495636,-0.530301513457002,0.291934292180538,-0.012519997766085,-0.0430301207633574,0.258363173003172,-0.0699351001558326,0.806983024345834,0.322536849690576,0.564085259585696,0.0378997257358721,0.0394896649130545,65.0,0.0
72867.0,0.708212280459368,0.228377965978251,-0.242788135661491,2.63651786989494,0.754218372044776,0.985265938128852,0.306012750504195,0.333723000404251,-0.972336419923619,-0.00661074605843952,0.99889746335872,-0.00388804092020925,-0.50678660963346,-0.498521742623423,1.53108802298154,-0.495649682010405,1.70959347571291,-1.92054982605963,-2.80672137382192,0.00555792059002732,0.115729858452193,0.117036817953379,-0.0287546862255472,-0.748222433644788,0.185444643177854,0.101142933688408,0.0281061185904132,0.0545430533834164,151.33,0.0
2934.0,-0.552850401249017,0.619637180376425,0.996340179276425,-2.10778303068053,0.0672291221752785,-0.883119844736771,0.721298435889206,0.113552002180757,0.582580754928593,-1.20422745043776,1.47486953448119,0.545250502189344,-1.47765658220597,0.753696739429011,0.51578832549546,-0.599553932400792,-0.299559473389169,0.190598723464486,-0.243242097725834,-0.14180748492962,0.19164802083409,0.698945413727843,-0.200468725653202,0.198223428045439,-0.0692462431030064,-0.807558714109171,0.407801997565536,0.195355659519749,1.0,0.0
25198.0,-15.9036352020113,10.3939171427504,-19.1336024646827,6.18596883540498,-12.5380209157442,-4.02703044708406,-13.8978265981985,10.6622517826007,-2.84495398482036,-9.66878891236125,7.39441941053863,-11.6356300484755,1.42327692545531,-8.64045910049478,-0.674719538892936,-7.69556878829619,-13.6841395944616,-4.77740603940726,1.26834277321029,1.50156541071894,1.57754822493456,-1.28013712313136,-0.601294526869194,0.0404039214626868,0.99550197117886,-0.273742711729157,1.688135896398,0.527830799573719,99.99,1.0
8808.0,-4.61721720415581,1.69569365346656,-3.11437220079491,4.32819855298178,-1.87325699086527,-0.989908135538263,-4.57726462658038,0.4722161584519,0.472016953377646,-5.57602263642415,4.80232276125089,-10.833164469314,0.104303875698575,-9.40542306160986,-0.80747786866047,-7.55234220350747,-9.8025617903912,-4.12062883466552,1.74050729036196,-0.0390459343384186,0.481829697240067,0.146023056445948,0.117038527549065,-0.21756459883966,-0.138776043706563,-0.424452881068275,-1.00204142597227,0.890780287970655,1.1,1.0
28726.0,-29.8763655139763,16.4345245512223,-30.5586968214292,6.50586178736296,-21.6656542956569,-4.94035632949796,-20.0813910746494,19.5877726234404,-3.59149104711596,-7.80059820772759,3.94783971729026,-5.4879114860488,1.36994034924206,-4.82955244300835,-0.134412095441135,-5.12116240451142,-11.1181904509172,-4.65995586983801,0.608930080519071,1.72477883837961,1.81295397464878,-2.23225158753151,-1.41280344282556,0.178731069561437,2.15604185816706,-0.20938462411377,1.25564890085966,0.364530452975509,99.99,1.0
42247.0,-2.52401156950864,2.09815186657166,-4.94607520997003,6.45658840962748,3.17392137712693,-3.05880605463133,-0.184709664717417,-0.390419986932457,-3.64981179874133,-4.07758540918968,4.38921350258246,-5.84955800710779,-0.750964374574877,-11.5838983872121,0.838750052957938,-1.4610292465747,0.635694232941605,0.390150149131876,-1.06302761603247,-0.162797482259592,0.0279349679314103,0.2203664412615,0.976347942245667,-0.290539415419797,1.1610017911475,0.663953624390758,0.456022723280535,-0.405682084802192,1.0,1.0
42035.0,-1.73206889014582,-1.50349678115063,1.61272696578756,-0.822132086505461,-0.151634491111173,0.692373115214728,1.55710829059968,-0.850566356920897,1.60923725483261,-0.646787012239443,-1.29404623033693,-0.135084860489898,1.00023333233003,-1.22128870686482,1.97810327265087,-0.649553023910107,-0.708231946845387,0.968538973958849,2.30550707448021,8.51949197342439E-5,-0.205872385906593,0.818790817523104,0.419784385273802,-0.93452255998896,0.830432141018297,-0.32378060331038,-0.362968558563917,-0.524367428715003,294.65,0.0
26961.0,-23.237920244511,13.4873857909274,-25.1887729688701,6.26173255148578,-17.3451881651558,-4.53498915241687,-17.1004924771637,15.3746300252798,-3.84556677176243,-8.51176669710133,5.1385473219039,-7.22001986441493,0.615793286019405,-7.3272215995796,-0.0386320690669864,-6.33151509399145,-12.6888576275064,-4.84738160696153,1.02053587929144,1.63078748322503,1.76970812949114,-1.69197330547661,-1.04567292278161,0.143386499863412,1.61157707182701,-0.221575644736264,1.48123260638065,0.438124804842523,99.99,1.0
40905.0,0.947405706692052,0.207543495532257,-0.123317058645402,2.2950427712568,0.427266836345192,0.144094539011982,0.51967223079108,-0.0976046951321944,-1.2510118711052,0.793691528975394,0.546114982284167,0.71639002624766,0.817083924335881,0.449992266622505,-0.409326944589753,0.883048378909875,-1.1149830092912,0.259495482453639,-0.366233298763068,0.220603467629116,0.0458173915710085,-0.219403792752855,-0.303788076149919,-0.481193856412889,0.660325703552426,0.0227465996808527,-0.0550868123082667,0.0240020120187144,149.0,0.0
41273.0,-11.6822148930584,6.33288209288301,-13.2971092469499,7.69077191542072,-10.8898905208867,-2.79236003834138,-12.5617825809497,7.28712220991134,-7.57032240879292,-12.8357376825339,5.80470785195987,-12.15623949431,1.18498466280471,-10.4686770874209,-0.41674319706657,-10.999792348619,-22.6088681905866,-9.49874592104677,2.10273540686125,-1.00931993766307,2.13345628394787,-1.27150896701449,-0.0353038871622371,0.615053695038953,0.349023768265454,-0.428922796793546,-0.694935387398427,-0.818970428930229,173.07,1.0
90221.0,0.0503946151501265,0.959759056251053,0.364893383852915,-0.412923295456682,0.529511488940008,-0.983750169370182,0.936154888215549,-0.278524764655132,1.25434109739393,-0.785554336783638,-0.118069312615403,-2.44155066553783,1.63579770705866,1.54670550261032,-1.12521422858186,-0.0762484060714104,0.271907393468976,-0.419684894602742,-0.232725913519131,-0.0679721809504952,-0.418053907389518,-0.788326295606315,0.0767501966580464,-0.180117806180633,-0.491829457808503,0.108790341888509,0.21807409204034,0.0897759515405037,8.99,0.0
121316.0,-0.735136134602392,1.33795836001733,0.252990876206789,-1.30702297038581,0.757848200370294,-1.49516140288414,1.46107328902988,-0.261717660700591,-0.442922269047583,-1.1903626717035,1.69394836574243,1.12771671471495,0.600733166146318,-0.931287658838365,-1.06639773674556,0.588683432735996,-0.246297359270016,0.697753107593665,-1.67376180354606,-0.0914571477723254,0.349914931565224,1.12145107235417,-0.363174645793245,0.496732831573614,0.186453105446518,-0.394133503326524,0.236601848211445,0.23023430805368,20.29,0.0
8878.0,-2.6618021745564,5.8563932148043,-7.65361621324071,6.37974188053221,-0.0607121191362683,-3.13154973153662,-3.10356974550479,1.77849156945338,-3.83115371623455,-7.19160424618226,7.10298858788516,-9.92869994299538,-0.0674983775194601,-10.924186865147,-1.69791397714032,-2.37942098527078,-2.77511389701838,0.273798971252603,-1.38218756352589,0.399096860264863,0.734774950378595,-0.43590118187623,-0.384765904180568,-0.286015663843443,1.00793382365812,0.413195532462339,0.28028415690056,0.303936550639395,1.0,1.0
36081.0,1.30681709495439,-0.5418983696791,0.166025672779155,-0.632248303076753,-0.698126565040121,-0.418271477879202,-0.424042078182586,-0.0368906740796645,-1.06221747508937,0.697322045599396,1.6402547531313,0.444013709335939,0.0384010326297725,0.00515553558915625,-0.714247591557438,0.361305822763253,0.714338358403298,-1.7039940138317,0.664380154985907,0.0479301226013283,0.250819483883411,0.764576641456469,-0.132647861720525,0.281171927606311,0.660827022324465,-0.0668618696806751,0.00307072679581504,-0.00566494395617747,20.0,0.0
11131.0,-1.42662331260887,4.14198623236944,-9.80410344235714,6.66627300324451,-4.74952679326515,-2.07312900595144,-10.0899311630826,2.79134529885187,-3.2495156171301,-11.4204509744097,10.8530116481991,-15.969207520809,0.546690084634152,-14.690729133641,0.91233739988339,-12.2271892780267,-18.5873662058916,-6.92076186060174,3.16699890688552,1.41067765264616,1.86567876848945,0.407809281593599,0.605809354312964,-0.769348118123441,-1.7463368287861,0.502039516709683,1.9772583297728,0.711606531209485,1.0,1.0
60460.0,1.24535039439915,-0.938557202459623,0.2918710876272,-1.06411149512022,-0.379450783593259,1.45819729150594,-1.28976092462473,0.480129834670123,-0.448385869289372,0.510221123167415,0.0307571414525203,-0.76374145442172,0.119507204171344,-0.41074651404096,1.57473402054389,1.2470115335321,0.341102174270959,-1.19176651783708,-0.20278448458411,0.289182309491078,0.433854217754568,0.920631954534871,0.0713024315008665,3.68582503178461,0.371992961922905,-0.193483916116255,0.0198845831686089,0.0660418063871983,69.99,0.0
41397.0,-14.9703456545046,8.40142101040258,-16.8672384869515,8.25233430637468,-13.5651304873758,-2.78243755853826,-14.2637353490007,9.64341914576661,-7.70149868394332,-14.2266980575287,5.61099879659254,-11.7939788348294,1.59838653001563,-11.6069703760766,-0.0441804437896824,-9.28695473739369,-19.8997264249367,-7.518050849236,1.24351749943488,-1.61466005601289,2.71404480183882,-0.101355310559619,-0.439665974014017,0.519513861479409,0.789327982433797,0.0643574266343142,-1.62138568643941,-1.10481920857705,273.01,1.0
8451.0,0.314596589729515,2.66067027657541,-5.92003738034463,4.52249960508858,-2.3150272861839,-2.27835165394776,-4.68405393631569,1.20227026523098,-0.694695511200349,-5.52627805985834,6.66243683071252,-8.52546492534563,0.742745446888019,-7.67866801029943,0.593070459066131,-4.47813659534324,-5.84426647937357,-1.1027307945783,2.17738568653903,0.562705643312244,0.743314023428983,0.0640383555765096,0.677841675250346,0.0830078227438395,-1.91103446375022,0.322188398435937,0.620866538820488,0.185030354728703,1.0,1.0
61108.0,-2.7560071191969,0.68382137690334,-1.39016888269883,1.50188726081003,-1.165614355805,-0.13120694925796,-1.47874061646082,-0.246921578045176,-0.100522731731488,-2.30110989675506,1.91445404493049,-3.8309980112302,0.719488566785256,-6.35301985790071,1.43871619241123,-3.29723907467834,-4.86297149937169,-2.00235399924327,1.54523326964355,-0.106944639579729,0.320473875601072,0.61102668559867,0.174863684107414,-0.502151101117601,-0.174712784335661,1.17924208342707,-1.16631532833921,0.821214803121569,101.5,1.0
44726.0,0.554713450937646,-2.5656049399446,0.19316060910158,-1.19525018986898,-1.80809894873377,0.468380465047305,-0.852695107249985,0.203294978691665,-1.88404691830345,1.33106399884189,1.53548502083616,-0.569422197625115,-0.662856664903994,0.196669024335408,0.738314716377113,-0.474271558721746,0.81607317575605,-0.268742620186865,-0.801692259422551,0.410023695950819,-0.0180697471484744,-0.682060776227282,-0.13159085203377,-0.354884267567172,-0.24037768509205,-0.409196517552172,-0.0148234227744656,0.0839267265105393,435.7,0.0
41116.0,-3.60054350412378,4.51904694695796,-6.34088353532231,6.21476727765717,-5.829557636648,-2.4780949557906,-9.93841155861772,2.83008605053969,-5.65916161145799,-11.2981564915382,7.2529532268294,-14.2750918465127,0.18890328374228,-14.5559572107641,-0.338288547453357,-12.1465401437589,-25.1627993693248,-9.04284515066473,0.787578807808201,1.38474276211824,2.26377035551642,0.620749345000528,-0.094068667085379,0.536719087381271,0.398142307216228,0.00827658674987802,2.05352425334029,0.835749002954128,3.79,1.0
7535.0,0.0267792264491516,4.13246389713003,-6.56059996809658,6.34855667313983,1.32966566904142,-2.51347884762413,-1.68910220031328,0.303252800547589,-3.13940905736457,-6.04546779778801,6.75462544809695,-8.94817857893317,0.702724998099873,-10.7338541032306,-1.37951985681718,-1.63896011485587,-1.74635013628103,0.776744097926754,-1.32735663549015,0.587743219006407,0.370508651493253,-0.57675247317433,-0.669605371766238,-0.759907529538618,1.60505555017462,0.540675396428899,0.737040381683977,0.496699108168337,1.0,1.0
81601.0,-1.37486210224897,2.1581694082669,0.187865983000805,0.168072106039026,0.850415182750405,-0.0689083021795151,-0.169229335109638,-3.24483370378149,-0.332738363130744,-0.817083548322432,-0.958006164021819,-0.344704396075137,-0.0133055100403564,-1.10668497214219,0.60226023303758,0.761888935968992,0.514397127035855,0.926401235376618,-0.487594260325,-0.706693864382103,3.05795399206768,-1.04156152149311,-0.0765435186860462,-0.619719158220256,0.214727193325578,-0.38070648069772,0.279777401732012,0.193639045807398,1.0,0.0
25254.0,-17.2751911945397,10.8196653713117,-20.3638859739149,6.04661174671427,-13.4650333517322,-4.16664724489873,-14.4094479851747,11.5807967244857,-4.07385571204177,-9.15336803834587,6.21088301172371,-8.77857203246194,-0.0613674966661798,-9.57466229922106,0.0492885399107771,-7.41848727872681,-14.1027718764864,-5.01642333521081,1.39031436050276,1.54497046707519,1.7298040916597,-1.20809608165502,-0.726839224163999,0.112539673508366,1.11919347248491,-0.233188990129274,1.68406299250578,0.503739738280361,99.99,1.0
4711.0,-0.0512203021756171,0.514941195272546,0.994425215428484,-1.04950187281698,-0.118546678989848,-1.19543476591107,0.605099069741947,-0.444078900145384,-0.513578413555919,-0.142134668720772,0.653693478210023,-3.14364061464641,2.24190271235865,1.32528629163618,-0.586238571749241,0.586392561758898,1.11868745826946,-1.22268911124709,0.56851758630274,0.137878116931012,0.124679426609013,0.510733917912715,-0.248580460028143,0.379258056157308,0.363422979879244,-0.165317265227658,-0.0319503730931389,0.00226021974948176,25.0,0.0
119953.0,-0.0848085418443449,-0.0853632765853964,0.900614113136674,-1.9808215497213,0.225723226765413,-0.562541477585179,0.436940570710301,-0.276709855616833,-0.838302266058343,0.185348181810001,-1.10509282764703,-1.46948500165557,-0.821778705899751,-0.37964689753344,-0.313573908904444,0.82099759716279,0.102074629536962,-1.20379059911308,0.600899972412239,0.122138070732493,0.214431739582225,0.670090222161669,-0.207133332205938,0.73708178327399,-0.188971154717843,-0.254879245180716,-0.0485091449759944,-0.0677691164112109,13.02,0.0
35016.0,-0.69329207061712,0.424120519840471,0.998210187767063,0.194692395852756,-1.10645095291961,-0.290014819190579,0.479518041799145,0.451500236950912,-0.322999425679202,-0.818453187587954,-0.206393147792554,0.0870819270512962,-0.202853875305048,0.430301995290017,1.12277868455361,0.130052578722488,0.0843692922738674,-0.401577051324652,-0.730495357015538,0.118816977651851,0.290005976184485,0.446079577404317,0.493760492850851,0.396883240335778,-0.519735420184381,0.351783483569421,-0.137521562921971,-0.0113213607421111,170.8,0.0
76231.0,0.956450408546442,-1.88546070028172,0.0590857378840287,-1.34598370143627,-1.41983520336968,0.214166641990767,-0.885070174701081,0.186878432241187,-1.96810013293095,1.46072257608777,1.4363959278768,-0.853764763551071,-1.26405535473706,0.388026041744421,0.530682243178243,-0.721745628187495,0.952055004015007,-0.3888317930663,-0.644891581567889,-0.0318847062188665,-0.125752859444586,-0.553414294792314,-0.0198129697303753,-0.36529095747025,-0.0112711316117952,-0.315556219807647,9.02830368120155E-4,0.0402204678457792,239.0,0.0
93829.0,2.0702967175604,0.216255781457358,-1.74047185065308,0.389980253113775,0.793640378702764,-0.229605060682037,-0.0142654360492925,-0.144587133436151,1.53722069094852,-0.581929942304606,1.66204918239279,-1.77780840924722,1.805544674917,0.737495168173814,-1.20841850295557,0.620160751170772,0.773002595398914,0.606721577185326,0.321371492326181,-0.166908043963546,-0.494422695980971,-1.0991680817751,0.278403134648672,-0.0616614385850319,-0.243037794953725,0.145369683219494,-0.09313217778827,-0.0518242021127922,1.29,0.0
46273.0,-1.35822372654502,0.711584969402134,1.70691881792918,-0.316285935346106,-0.504595886757402,0.281100521815674,0.0991443422915709,0.640780922208966,0.574282455486973,-0.366098160508977,0.701891169649572,0.768541752135877,-1.21695803693774,-0.203114112647512,-1.88711925808612,-0.425428980063721,0.214162154151819,-0.464867705228854,-0.364129843571217,-0.0156900438700054,-0.0620574697156395,0.280028164319355,-0.186778473955079,0.258232818564413,-0.0534008535901885,0.354388864979572,0.19188557626245,-0.113440179190101,36.81,0.0
74734.0,-0.953160236790322,1.37612692023519,1.4800987885828,-0.114646939742232,-0.0467502893419742,-0.64400606528392,0.657300215037092,0.0289402966924776,-0.153251411738822,0.239844612254035,0.290025902946458,0.567773551383256,0.718701709091621,-0.104367844893866,1.02476101069276,-0.264980663855428,-0.0588186535881626,-1.03367493582702,-0.528705282566873,0.343099407980761,-0.236262334248134,-0.396873244876857,0.0916231317888182,0.3937111676019,-0.173261559393878,0.0891880068694508,0.506956518321237,0.238642994923017,1.79,0.0
53658.0,-1.73934096431325,1.34452078912347,-0.534379047474665,3.19529149873811,-0.416196142475576,-1.26196066822182,-2.34099093949748,0.713003645507275,-1.41626499933122,-2.9966693020716,0.747478135782509,-4.59661151187479,-1.92775970193864,-4.75707449850737,-1.2478148188713,-2.53549425081321,-5.35646454386042,-1.97474852459452,-0.603726269220942,0.00274947845372853,0.38318010845642,-0.21395221812466,-0.336639824887574,0.23707630076775,0.246002931555889,-0.044227636498999,0.510729074882634,0.22095159365596,0.0,1.0
17220.0,1.18978435670385,0.942289402014327,0.0823341450498769,3.02404970580847,0.412406009418248,-0.214414558479438,0.0535578385040748,-0.110353351082093,0.883797757350066,-0.554223900525873,0.154921008931302,-2.77675657494788,1.6412066261065,-0.45607695680899,-1.24041439240797,0.857322735948866,1.70702446635297,0.526349196477535,-0.865104609842214,-0.143434644974988,-0.502635558485173,-1.04739752764089,-0.0567520238885425,-0.340688404752184,0.541235201259928,-0.0983002868955662,-0.0030411199129353,0.049819020358336,3.79,1.0
79230.0,1.219171711114,0.606315552098525,-0.541427188498273,1.22525440104957,0.37134231034149,-0.58823245097441,0.169316242486882,-0.0358474198055975,0.0578985531834208,-0.700356471174312,-0.120116442810291,-0.598417319258227,-0.861068080555965,-1.16135428242335,1.46032251532966,0.448421533598809,1.09028913770245,0.364590778320373,-0.842560826666231,-0.172243180349378,-0.0734706801945203,-0.143051978203883,-0.128395643777323,-0.442735483231381,0.637728180040404,-0.272551988546819,0.0457374104491301,0.0486272138099328,1.0,0.0
33267.0,0.963692707776376,-1.14037333602511,0.160127237320324,-0.0776496020260912,-0.846932447516092,0.257732714441164,-0.35164772497673,-3.02592266857649E-4,-0.815856592201944,0.645612530742878,0.187872186845535,0.909394072052224,0.910979862589488,-0.192080473209127,-0.957349907021961,-1.24634599135093,-0.309256343540137,1.33249528086783,0.0258525301583746,-0.0345872831140656,-0.538821517027445,-1.38030447030376,-0.135619203045308,-0.492584777354529,0.22804328897993,0.298724878545442,-0.0367982363295694,0.0379803897039876,209.0,0.0
35585.0,-2.01900071938148,1.49126972926361,0.00522181572867197,0.817253270463702,0.973252233873376,-0.639268312778292,-0.974072997078786,-3.14692889107659,-0.00315907368902013,-0.121653217684609,0.0243696057661544,-1.07381224038496,-2.00276910919169,-0.895433620751722,1.74893630108012,-0.103527023620705,2.03119574973193,0.31759835677742,0.38676063692414,-1.02996468249782,2.83959610796444,-1.18544284096841,-0.142811875801854,-0.0861029384113329,-0.329113253522425,0.523601226377288,0.626282771397878,0.152439938058669,0.76,1.0
119347.0,-3.59813061915678,-0.449873938118585,-0.505041840938317,-0.774305625155682,1.66700542737896,-0.335157233361255,1.30423023981383,-1.04760817098805,0.690643000374632,1.19039423932892,0.720839575287121,0.471622000525464,0.527941698970057,-0.389770162268032,0.0903976579586826,0.13396363349204,-1.38147358173079,0.48660390734408,0.427813134223709,-1.66948220721055,-0.0754331381463963,0.994118122699209,-0.615293141845726,0.321118460535876,0.48277849921891,-0.277178322154088,-1.95326639122955,1.24065750533992,89.25,0.0
41285.0,-12.8357595817777,6.57461542943546,-12.7884624825347,8.7862568391843,-10.7231209172666,-2.81353585641993,-14.2488465310891,7.96052082227957,-7.71875064933864,-13.0740681657723,5.97513066688423,-12.375374654316,1.47220511856229,-11.4706925061593,0.993143253686908,-10.9738046181506,-21.047629901985,-7.99078328442082,3.33103902941017,-0.617296150458597,2.67949007049737,-0.0473351062766089,-0.836982346024597,0.625349328179101,0.125864937720446,0.177623612238763,-0.817680255865793,-0.521029795905738,37.32,1.0
55186.0,1.25675285362936,0.437501609039038,0.32994518522456,0.682466434244081,-0.269009642269932,-1.04583723097576,0.165371870441662,-0.269506044226681,-0.142377859976598,-0.316674151779687,0.130976837347433,0.849153231745132,1.38060169065418,-0.517246356342915,0.96726980399326,0.42433520894781,-0.0711810535196808,-0.440877603144647,-0.206335456380632,-0.00638575226944181,-0.274199478343115,-0.73542193042943,0.115344847380314,0.376994091527503,0.25506957150392,0.0905127777622328,-0.0155608468943739,0.0333384215581572,1.98,0.0
64746.0,-0.693554611871984,1.22216207659178,1.58301002750329,-0.161347200982449,-0.0944048136814537,-0.696575247447007,0.632210895857004,0.0423220540359167,-0.575112339217182,0.147384737817015,1.61415480009804,1.05795756019485,0.552650310236332,0.152844702578412,0.0771271256849705,0.283793916359168,-0.615028867573363,-0.0192714069188018,0.192297422457069,0.267038856458261,-0.186379578740308,-0.414132468606179,-0.0104010490822803,0.530313532965669,-0.179200681795999,0.043608826346308,0.372866037219725,0.174442089855975,1.78,0.0
76248.0,-0.779336983120923,0.924837165839508,1.25580428458832,-0.0871614310661967,-0.320442422635642,0.0542061252842086,0.212692583478702,0.589294407431592,-0.866163688925343,-0.63340458217255,1.34860829391889,1.13406356345298,0.586388365604004,0.522516957836366,0.320242007740282,0.287593197715268,-0.307739433551275,-0.0435003669252792,-0.174195976953293,-0.0454809619067111,0.176561784903686,0.312573668742465,0.1600136321413,0.0336586687566649,-0.679541389703975,0.129186759754383,0.00113193841270676,0.0910971566629641,51.96,0.0
41851.0,-19.1397328634111,9.28684735978866,-20.134992104854,7.81867331002574,-15.6522076772063,-1.66834770694329,-21.3404780994803,0.6418997011947,-8.55011032700099,-16.6496281595399,4.81815244707108,-9.44531478308794,1.31705629332341,-7.24346097400378,0.830910291033798,-9.53325705039319,-18.7506411474674,-8.09264877340557,3.32675827497024,0.42720343146936,-2.18269194560955,0.520543072366642,-0.760556415188733,0.662766638397236,-0.948454306235033,0.121795925829793,-3.3818429293561,-1.25652362136258,139.9,1.0
36424.0,-0.524155248202751,0.969196923816674,1.67277523414143,-0.0859488194639139,-0.0331303197294764,-0.688643528179416,0.657814655602934,0.0279655758664273,-0.777082196758681,-0.169573443557573,1.60286251586088,1.08614868806281,0.626227149010354,0.212730633737554,0.0572110660373138,0.302997913609362,-0.610273039016899,-0.0050524304347584,0.219251273106702,0.184975476459998,-0.143843514529571,-0.390190793723919,0.0185096195893419,0.534305449052406,-0.22048602491109,0.0383837431673257,0.260657969134165,0.116266291249756,13.98,0.0
34256.0,0.539275913891047,1.5548897630737,-2.06618033324968,3.24161746276725,0.184735711234243,0.0283295594064726,-1.51552137985061,0.537035374444064,-1.99984603560986,-2.13317644293659,2.75617194535395,-2.24286436771513,0.615204246860345,-4.65280380668112,0.222163815521883,-0.775666019840941,-3.21861825150599,-0.370992501046414,-0.686196723569762,0.302734578907132,0.371773459120687,0.111954592156869,-0.305225078771695,-1.05383526243402,0.77117490696746,0.240878213732036,0.418434531995645,0.232169715166482,19.02,1.0
102489.0,-2.29698749921502,4.06404334190313,-5.95770634516933,4.68000806392241,-2.08093759960382,-1.46327216002463,-4.49084686931735,1.02924628254192,-1.59324925133839,-8.99381088354112,7.86446740028511,-10.6498396512844,1.82659101647783,-12.9136317373077,-0.766330314740752,-7.95409770929125,-7.80963509977466,-1.71851117214548,3.83298514230067,1.26495379665956,1.08908418394041,0.975397809530551,-0.62553033358642,-0.535180928107126,0.247435028956319,0.160399507909509,0.969581605226584,0.335041293733825,104.0,1.0
8886.0,-2.53585211738111,5.79364414692454,-7.61846283574893,6.39582974649419,-0.0652101046678037,-3.13637196409103,-3.10455736262141,1.82323263760971,-3.87865758023391,-7.29780335001461,7.07166913682445,-10.001046368327,-0.207934540884304,-10.8606980453666,-1.69082504118249,-2.36085672411086,-2.76009701528795,0.29810341564323,-1.38555780172735,0.408704184487524,0.716719907055995,-0.448059938458541,-0.402406878680357,-0.288835222564699,1.01175223958707,0.425964621387216,0.413139555823146,0.308204656968305,1.0,1.0
41243.0,-10.9407391093978,6.26158585106885,-14.1823387841287,7.18360208606589,-9.95136334372547,-3.86082033664669,-13.5473021949163,7.09647164642187,-6.29402944276594,-13.6081431627279,7.12716532148781,-12.6110036871047,1.21455639781013,-13.9062968240505,1.51406990634864,-11.1257390593549,-19.7162573051191,-7.5527890897252,3.65678707068496,-0.0883420818722748,2.26744826134981,-0.492029167950335,-0.239302865923644,0.454368210214217,-0.101611062526814,0.446996732737119,0.062292646721181,-0.439769899530758,45.49,1.0
41116.0,-3.60054350412378,4.51904694695796,-6.34088353532231,6.21476727765717,-5.829557636648,-2.4780949557906,-9.93841155861772,2.83008605053969,-5.65916161145799,-11.2981564915382,7.2529532268294,-14.2750918465127,0.18890328374228,-14.5559572107641,-0.338288547453357,-12.1465401437589,-25.1627993693248,-9.04284515066473,0.787578807808201,1.38474276211824,2.26377035551642,0.620749345000528,-0.094068667085379,0.536719087381271,0.398142307216228,0.00827658674987802,2.05352425334029,0.835749002954128,3.79,1.0
86578.0,2.08589854129495,0.182478463377962,-1.76042271036886,0.377231796303578,0.526847389105192,-0.782231789054606,0.209551496453753,-0.249256419544643,0.444377814424362,-0.389741038615542,-0.639687079136733,0.306873657202853,0.490019163835912,-0.932997858066073,0.172972113624118,0.343344064766115,0.393909588573829,-0.305518618254589,0.10903237922151,-0.124931115244562,-0.370188561280235,-0.940937263723944,0.315512439623726,0.389833165717325,-0.223852916291622,0.179989449368504,-0.0603393081369877,-0.0311436700334113,1.98,0.0
82742.0,1.25930955973668,-0.0100913198203289,-1.46742402673707,-0.095218613362109,2.13010768145727,3.45885915363533,-0.662492777739561,0.903017359224394,0.461468046502245,-0.712889437482821,-0.159738925173554,0.00990637940751259,-0.249969281438656,-1.41787218839104,-0.0436239368380778,0.431709800021435,0.636813198566818,0.48393719372207,0.35602069960667,0.045186151754758,-0.235117658422119,-0.584114616045339,-0.128909793712652,0.941875996152569,0.706725332237902,0.426827704200739,0.00383177135835207,0.0359433578175216,10.7,0.0
93823.0,-3.82193880087939,5.66724730913206,-9.24496345774236,8.24614693395311,-4.36828608664298,-3.45073451820581,-8.42737802930292,2.30560850484611,-5.33807918394682,-12.0111608836062,8.62125508140256,-18.6837146333443,-0.962073428413392,-15.2976561861343,-2.41413212341002,-12.105602245184,-21.3381950868483,-8.04543571561822,0.15601503277122,1.11524688892983,1.99051970513882,0.0833533215963405,-0.0622635530228708,0.390187802079359,0.329883884451897,0.0980170825531413,1.86957016296191,1.00084956292018,75.86,1.0
68218.0,-1.55562366356366,1.87341166854046,0.318879358784407,0.064883568699624,-0.70387477660534,-1.11696100311329,0.021928043391734,0.782194728929677,-0.368529933492524,-0.354674221619113,-0.433431090744832,0.337463243025883,0.390692977983012,0.0364240920175058,0.840606158404989,0.590963103601501,0.317779667648039,-0.112417419828139,-0.163147287241154,0.152153119607369,-0.243110152224574,-0.753722906582482,0.0821300105394107,0.333800336788014,-0.0125282392014573,0.0845407413928941,0.231420486173479,0.0612700697602151,17.99,0.0
102297.0,-0.638359283028738,0.502395518243731,-2.53105378037329,-3.34649842137708,1.19080974897612,-2.90294529367473,1.33204898970289,-0.449112967491789,2.61542836374229,-2.02047055204025,-0.421937484230692,-2.21505099892274,0.506420425085117,2.67246288343689,-1.34746697087517,-1.33531441527676,0.405319301207285,0.126536939925723,-0.452500192199466,-0.640832256496739,0.382705397252329,1.54536853617382,-0.418330991689269,-0.086183862837634,-0.772155602448696,-0.960889355253918,0.26371558809552,0.138572777032607,12.52,0.0
51135.0,-10.5273044341626,7.63974510878724,-13.4431145027514,4.30340291762786,-8.04820986720506,-3.46699653575204,-8.64319279153494,7.28410530047069,-2.36209663777244,-5.99659592015915,2.5891035399443,-5.9622614216576,-0.468955402702701,-6.77818372152522,0.907946622048306,-3.97013003226966,-6.85761265464239,-2.51173568202806,0.511761951503497,0.847085223070639,0.937415595523653,-0.931178206442092,-0.235696693319785,-0.0313933540844794,0.591558276561224,-0.263516323288921,1.10889729755393,0.219021143211497,99.99,1.0
78.0,-0.622478371733696,0.0148813952719626,1.05248873604011,-1.6445738274654,-0.538265319440916,-0.835528209228572,0.517233526424338,-1.10596237265051,-1.311740617305,0.577468382889176,0.894683099985133,-0.685602969193043,-1.86022591639258,0.510701454567437,-0.452340475323453,-1.14557493712976,-0.323949651601825,1.46241301916707,-0.986003311940636,-0.756577457579891,0.418818886286273,-0.762122340013356,-0.0989395244018776,0.502972746892087,-0.655251281123354,0.743419212113956,-0.0205680897640038,-0.11806022852343,104.94,0.0
63153.0,-0.357434215887882,1.50944578133599,0.151076947818504,1.26125058916295,0.140974363097864,-0.755096365218334,0.738220462948813,0.211871689807176,-1.07170203918674,-0.0121990332261907,0.0195324290576862,0.839609905669762,1.09630818745459,0.675065347009283,0.864935494187173,-0.977551817904946,0.464042482895958,-0.723565647312614,0.181106406677501,0.0536222867304371,0.264193401427861,0.922809967654884,0.142249939762191,0.44989526993382,-0.86396746649436,-0.347555246123088,0.394511866042344,0.245551913309819,20.0,0.0
68207.0,-13.1926709562391,12.785970638298,-9.90665002092758,3.32033688288942,-4.80117593230105,5.76005855618556,-18.7508891580107,-37.3534426378925,-0.391539743919107,-5.05250236713858,4.40680552357904,-4.61075647740608,-1.90948796970811,-9.07271093398351,-0.226074450896345,-6.21155748212485,-6.24814535335983,-3.14924669470095,0.0515761185277783,-3.49304991519446,27.2028391573154,-8.88701714094871,5.30360690376998,-0.639434802306313,0.263203123457008,-0.108876929971315,1.26956635541013,0.939407362758877,1.0,1.0
48533.0,1.24384844934819,0.524525772902587,-0.538883626044331,1.20919597418592,0.479537596763788,-0.19742873374782,0.0491662598481355,0.0377916321310988,0.128118590882765,-0.552902906422504,-0.668358831257417,-0.818803693746743,-0.883832091051869,-0.994580854433906,1.50684875024006,0.62400331534091,0.705794271683871,0.524181774270524,-0.73174984602915,-0.171540654731681,-0.0516598862539047,-0.0840894090242923,-0.192846388954053,-0.917391985542652,0.681952813037122,-0.194418574345634,0.0459171449577401,0.0401359980627264,1.0,1.0
50417.0,-5.02012675963114,3.929576931244,-6.59461881604976,1.88406853559773,-2.13979439948742,-2.29522968100923,-2.21499309612515,3.62469864484355,-0.168800497886327,-0.777127947780362,-0.925747701719952,0.494731015634742,0.0480149314130217,-1.11937777141125,1.06451492533976,2.07229754451155,4.11179678067115,1.93806779427229,-0.544224450636003,0.13421735042667,-0.073627429244569,-0.75712119289997,-0.127339517315934,-0.449663785029843,0.0548415325023853,-0.351111209064756,0.00154874641104816,-0.214151183828092,1.0,0.0
48988.0,1.18247351522329,-0.944656604729342,-0.24223010447589,-1.57555331640944,-0.664035121089508,-0.0924264073175798,-0.392704343423972,0.108812625472212,0.00744410130664378,-0.106771296884293,1.35949822527079,0.77126214690855,-0.986568607940539,0.628044599500296,0.452118115301819,-2.96759769582446,0.777874577768281,0.769782068711918,-0.381852525673448,-0.550658233909613,-0.249551108808731,-0.133366245870592,-0.103453755661307,-0.315568314084082,0.616018612640995,-0.509054098666289,0.0741125701619265,0.00715137302989157,60.5,0.0
58637.0,1.16649693537465,0.712007071726409,0.229116381317456,2.51312256653572,0.220553823528468,-0.567975504265789,0.486245771809104,-0.159401601040675,-1.06342374011839,0.696807638927208,-0.0385323392588906,0.012241107494819,-0.228662686506632,0.589951995523494,0.445849500757599,-0.0540105380918961,-0.0729548388476095,-1.04374672462097,-1.36729731435158,-0.219534924376198,0.031672736012591,0.103839970020629,-0.0318378169739153,0.395745786539768,0.610206577873511,0.0788279685086958,-0.023168165911451,0.00936428601538071,1.23,0.0
67690.0,-0.19846759504247,-0.68293357981482,2.40773323767865,-1.13068392949944,-1.42287786593043,-0.0887144525010016,-1.04768822337976,0.374009419089723,0.58524694693668,-0.228822294193762,-1.67602715962827,-1.07138081451709,-1.53457577131917,-1.25478263699045,-1.94423298681385,0.82097065818654,0.671238220996013,-1.10849477161128,0.339673327010826,-0.107737109593079,0.246306287854887,0.910908308546196,-0.0852527515508226,0.398784638853524,-0.396175721585112,-0.286616552377501,0.14288821051899,0.0844308470416546,1.0,0.0
14152.0,-4.71052878230567,8.63621438967976,-15.4962220036783,10.3133493732845,-4.35134098287048,-3.32268873543923,-10.7883728387388,5.06038112024979,-5.68931118776998,-11.7121866242875,11.1524905985837,-16.5581971409376,0.302644522406362,-17.4759212828566,-0.412393267331071,-10.222203169604,-13.7991476446987,-5.00858517858957,1.16202614780693,1.43423977941906,1.9905453513529,0.223785002572736,0.554408428563337,-1.20404159623154,-0.450684594730258,0.641836059375492,1.60595762479265,0.721643614506061,1.0,1.0
60690.0,0.953389292165097,0.391079106600307,0.742393636521286,2.362062859985,0.477523391651969,1.35769043486144,-0.168081823451836,0.430841669079934,-0.837431903236473,0.46497128157656,0.81085160323074,0.748212800450573,0.582084474572033,0.261721918021836,1.49771681105796,-0.684740189063507,0.653018378035483,-2.41436378809701,-2.68832674235837,-0.230149135752684,0.0992187244226012,0.405593791490799,0.160682894796497,-0.628258694509714,0.094128614387647,0.0498201097256387,0.0666196725139973,0.0168160428023595,16.48,0.0
70563.0,-0.630851916685067,0.75793919965886,0.896389464430831,0.435940688563431,0.170250140376934,0.498251199637598,1.24241646982736,-0.0438245912545919,-0.4768393571462,-0.413080388652884,-1.13604312010452,-0.542905431429624,-0.169639628306459,0.211461840856495,1.10216590462087,0.057516539787875,-0.494217444659895,-0.0210440876889008,-0.353432045785585,-0.111035791017515,0.12014061482774,0.392032475891763,-0.129134292368497,-0.776387296431491,0.272659826536484,-0.245285667090805,0.0196228963169942,0.00100898847467884,144.0,0.0
35964.0,0.0781780926427294,-1.88355149360679,-0.947044315862603,0.622794883443808,-0.882646547324011,-1.20302964248846,1.25191159990907,-0.532886082540638,-0.135904177523114,-0.364345892324534,-0.33097465509344,-0.119914437814966,-0.441474217683958,0.738393349314545,0.902510143385905,0.0200035433156698,-0.107814371042131,-0.488854106738995,-0.0812408576057216,1.19743367337754,0.335285257068284,-0.500432913112777,-0.647083892255428,0.479629234804608,0.295069960401164,1.0042150501894,-0.238998725123506,0.101751384751354,651.24,0.0
29531.0,-1.06067628419757,2.60857946990866,-2.97167900258071,4.36008935234848,3.73885304346426,-2.72839507263672,1.98761635466291,-0.357344707416169,-2.75753451251209,-2.33593332652232,2.11151686706104,-2.59194964968951,-1.9505893546741,-7.31157981735935,0.0777527657738322,2.29060783198994,6.50927165018434,2.56997142628646,-3.28615008214787,-0.0890615369649179,-0.0631678773494982,-0.207385284031508,-0.183260817119722,-0.103679373403096,0.896178353364318,0.407386872028391,-0.130918311231478,0.192177382137495,0.68,1.0
41353.0,-15.0209806030789,8.07523975163174,-16.2980905380446,5.66482005292134,-11.9181533731348,-4.24695712395156,-14.7166675516611,9.43508432139337,-6.7953981269244,-15.1241628144947,6.03766622940467,-11.6767222367813,1.32697878633103,-12.3816058947985,-0.0716392778020956,-9.48414337021449,-19.6718814509262,-7.64327282087749,1.16906441801605,-0.995786857833133,2.52511546344786,-0.832074336953531,-0.186116823393738,0.429780833741005,0.697102812320081,0.0560310740941657,-1.31088762047629,-0.707402991270252,34.12,1.0
67571.0,-0.758468652663917,-0.0454102784513458,-0.168438290153528,-1.31327481447103,-1.9017625315847,0.739433414882114,3.07189204639003,-0.483422244220096,0.61820276215476,-1.7690597207318,-0.651414013964987,-0.00542329080098884,-0.517194341398293,0.217469760178719,0.883558824493356,-1.17397764863161,0.24334710955825,-0.342300728238465,0.68705620239513,-0.0324998988871344,0.0426194565214976,0.397223782011498,0.0722288654476503,-0.242275996603303,0.560916469624214,-0.540954584325348,0.150606446374032,-0.117140114799884,549.06,1.0
41991.0,-4.56634156694274,3.35345148012501,-4.57202780762531,3.61611930403552,-2.49313810882875,-1.0899997127127,-5.55143306976649,0.44778308394893,-2.42441402571208,-5.69992228265959,3.58682418337431,-6.63622904939297,-1.1281764439465,-7.24554959537009,0.638325536245456,-6.85681003898144,-8.85187850534679,-4.5918832274368,0.936939858866071,-0.249127726683026,2.67446587862872,-0.0208799797343963,-0.302447083877198,-0.0863964000107124,-0.516059779833395,-0.295102234035121,0.195985145691014,0.141115102721758,1.0,1.0
119019.0,1.87058674989123,-0.711443260928725,-0.0384820170411475,0.167154436209814,-0.832472938580471,0.299681801594998,-1.04300777959648,0.302724831737125,1.1617172473545,0.131935012311084,0.815796718758717,0.827863776247763,-0.240206228320076,-0.0562998267243949,0.199494476631073,0.840269506522908,-0.820664750624625,0.508642073725589,-0.0992492693972904,-0.104356789734012,0.101611788676908,0.294075347539788,0.330885897966069,0.722053125536602,-0.652201577247988,0.429220903468988,-0.0258961887954285,-0.0365948737947387,39.95,0.0
42672.0,-0.530183950863899,0.876566612427969,1.29480945922011,0.45111728592181,0.672110193907029,-0.456453641834981,1.22906703337214,-0.350920814362108,-0.544202205797059,-0.165201772030995,-0.182618615310419,-0.0113911601428103,0.0699961320703902,0.106209931777717,0.841987804088358,-0.570194979230802,-0.189692730867321,-0.635069115005252,-0.457925370295378,-0.0762712466134038,0.0317342880373989,0.322892219867602,-0.0948290702307111,0.0675964014604609,0.199243598800283,-0.404535462681379,-0.193063059524385,-0.195429194348049,25.62,0.0
76046.0,0.653418355709812,-1.06410202823354,1.24314755252776,0.725844398227343,-0.571634805372041,2.44979026243471,-1.10569534065661,0.880465103026964,1.09897344829638,-0.496020634639938,1.60978974980706,1.85158428070115,0.0498737371048836,-0.52640104628737,-0.450574407043794,-1.28851970170321,1.13349614596601,-1.85486245092157,-1.02320067438026,0.0658236831786462,0.135627754056182,0.567799494470242,-0.0207790761991139,-0.936485336294421,-0.0798522455600159,0.630135213814402,0.0690268880397207,0.0250498562768721,150.0,0.0
62330.0,1.14086473658976,1.22131743135767,-1.45295546048243,2.06757505760281,0.854742052227546,-0.981222507744598,0.325713913670098,-0.0377214068783676,0.113219371615132,-2.12697274994354,0.915947028928619,-0.468571538051367,-0.523377293666349,-4.86186658087283,0.421013353871263,0.866440624739209,4.08248488419359,1.1963181517001,-1.10076358353881,-0.0677120411898438,-0.377597095255037,-0.79345965987036,-0.132333171548173,-0.33158626897425,0.664877856718148,-0.309312434134138,0.099941947375597,0.122988311929089,1.0,1.0
97131.0,-0.0183968371557069,0.345662554292068,-2.12932200771338,-0.0543289472532658,3.45289443662112,3.18051099672977,0.5744466657724,0.428411938190274,0.380108908220519,-0.0900969568442035,1.10939600435927,-2.73886150922847,1.5209095518617,2.52360627931483,1.21505879350241,-1.84049378347719,1.29833190113942,0.131372082755649,2.484222944001,0.101048174826536,0.138353907211049,0.880939780138337,0.334501573367757,0.72626069702828,-0.632178736871772,0.51083400672847,0.176717191787782,0.158436048152209,38.1,0.0
68207.0,-13.1926709562391,12.785970638298,-9.90665002092758,3.32033688288942,-4.80117593230105,5.76005855618556,-18.7508891580107,-37.3534426378925,-0.391539743919107,-5.05250236713858,4.40680552357904,-4.61075647740608,-1.90948796970811,-9.07271093398351,-0.226074450896345,-6.21155748212485,-6.24814535335983,-3.14924669470095,0.0515761185277783,-3.49304991519446,27.2028391573154,-8.88701714094871,5.30360690376998,-0.639434802306313,0.263203123457008,-0.108876929971315,1.26956635541013,0.939407362758877,1.0,1.0
43028.0,-1.10964552515211,0.811069300236989,-1.13813532731484,0.935264670223385,-2.33024787785051,-0.11610605479739,-1.62198623466478,0.458027900124116,-0.912189159098001,-2.96199570179906,2.77896789639267,-2.37959961108923,0.918962784041379,-4.01578678027745,-0.530009790602772,-2.81588776765893,-6.6493577879714,-1.74611328389964,1.08340676372199,0.168890572541282,0.641593528333926,0.841754904759402,0.176727750810022,0.0810041184974676,-0.258898742565752,0.707654245320429,0.418648658517389,0.0807557537005394,204.27,1.0
3163.0,0.756057675895792,-0.777413570651269,1.50093831668073,1.14019479101212,-0.614092361426856,2.48251315835712,-1.38178690586347,1.00866961536272,1.13522712334336,-0.270649309194146,1.54397258275726,1.03141871741083,-1.02053780588538,-0.13653995272709,0.691913072943767,-0.805439378363082,0.713553727168727,-0.970037890945481,-1.660945753913,-0.170000988950524,0.378408938533446,1.28378497154444,-0.0487326846304149,-0.993855020501305,0.0687275922213781,-0.0833180935019574,0.146768523586375,0.028218291755161,80.18,0.0
41991.0,-4.56634156694274,3.35345148012501,-4.57202780762531,3.61611930403552,-2.49313810882875,-1.0899997127127,-5.55143306976649,0.44778308394893,-2.42441402571208,-5.69992228265959,3.58682418337431,-6.63622904939297,-1.1281764439465,-7.24554959537009,0.638325536245456,-6.85681003898144,-8.85187850534679,-4.5918832274368,0.936939858866071,-0.249127726683026,2.67446587862872,-0.0208799797343963,-0.302447083877198,-0.0863964000107124,-0.516059779833395,-0.295102234035121,0.195985145691014,0.141115102721758,1.0,1.0
93742.0,-3.29112509261551,4.4011941515981,-8.39421162258901,4.45357956949695,-4.79005451824953,-4.24018208232724,-9.21900099642753,1.97402995723142,-2.91294270907847,-13.540168238225,9.41303953977606,-18.0475965708216,-0.728186553999085,-15.3930448312636,0.3494850489774,-13.30388757707,-21.2979057823155,-7.26231079476482,2.27422550991903,1.4908691418867,2.10234346771868,0.597370314627801,-0.328086184026121,0.445752402449364,0.585280580866405,-0.399005421878678,2.11600444233121,1.05074380386505,1.0,1.0
58348.0,1.10363928521959,0.0813607669587182,0.0893859139105803,1.11915797898843,0.050170527140934,-0.0755264876794163,0.124532380627407,-0.0405251369853154,0.0183087192760791,-0.00654935802498295,-0.684617724614743,0.0567995542108771,0.0838576511768069,0.346703658833879,1.24101141858259,0.0243668984986304,-0.385562919966912,-0.324728349165248,-0.650984977004955,-0.0267063316590038,0.101262949846478,0.230706421170628,-0.202399460617264,-0.445746694921484,0.64759060973476,-0.224774158847485,0.0215003001561994,0.0244373898159228,69.0,0.0
41273.0,-11.6822148930584,6.33288209288301,-13.2971092469499,7.69077191542072,-10.8898905208867,-2.79236003834138,-12.5617825809497,7.28712220991134,-7.57032240879292,-12.8357376825339,5.80470785195987,-12.15623949431,1.18498466280471,-10.4686770874209,-0.41674319706657,-10.999792348619,-22.6088681905866,-9.49874592104677,2.10273540686125,-1.00931993766307,2.13345628394787,-1.27150896701449,-0.0353038871622371,0.615053695038953,0.349023768265454,-0.428922796793546,-0.694935387398427,-0.818970428930229,173.07,1.0
554.0,0.270554106180448,0.521380385442136,0.572349435253067,1.19170405013988,0.448293353075837,1.22661450375837,-0.158828984360382,-0.555250575531961,-0.260997249110611,0.0387123302007712,0.111648971179769,0.600396734872815,-0.246067447427469,0.378191107124706,-0.245332499492988,-0.535907685197732,-0.00362542592198967,0.0838691911881241,1.22235999990293,-0.0868653848604702,0.664678217588754,-0.40625552433691,-0.35415574654605,-1.12643171964123,1.00567520871356,-0.0697965586334854,0.200925059877588,0.200621687104756,35.95,0.0
28726.0,-29.8763655139763,16.4345245512223,-30.5586968214292,6.50586178736296,-21.6656542956569,-4.94035632949796,-20.0813910746494,19.5877726234404,-3.59149104711596,-7.80059820772759,3.94783971729026,-5.4879114860488,1.36994034924206,-4.82955244300835,-0.134412095441135,-5.12116240451142,-11.1181904509172,-4.65995586983801,0.608930080519071,1.72477883837961,1.81295397464878,-2.23225158753151,-1.41280344282556,0.178731069561437,2.15604185816706,-0.20938462411377,1.25564890085966,0.364530452975509,99.99,1.0
72212.0,1.1364861939287,-1.13539583219796,1.12291014057632,-0.532350789341491,-1.42402039827956,0.867011393547194,-1.42127620675367,0.538162751147905,-0.0772162268889533,0.593339979991926,1.00335014466832,0.210544060624507,-1.2448337572077,-0.0468785705026102,0.073106874363071,-1.62468922648991,0.55869604509842,0.733843190105293,-1.031740286017,-0.564761962304038,-0.371648956677644,-0.5154056885326,0.18442446148991,-0.284992630569976,-0.232657819940893,1.00340862349467,0.00841652431446492,0.00681005952672056,36.92,0.0
67150.0,-1.82429505976067,0.403326526860602,-1.99412200641801,2.75655816357726,-3.13906432572579,0.408185014718199,-1.20904511871624,1.09563435393431,-1.44722489217345,-3.95100289197434,2.56070020158284,-3.4119829114195,-0.781669619949492,-4.7327675351632,-0.433973654922625,-3.30608841178359,-4.23102187544855,-0.750809770409941,2.69080834203374,1.50368830479002,0.838760421033887,0.341727095787049,0.947506491293615,-0.145493002452622,0.0493257725258454,0.831065451615044,0.33242130393302,0.252712728641008,489.71,1.0
68445.0,1.3038948324741,0.292138700679912,-0.302776643495285,0.313147852123856,0.539136378407801,0.212195736499884,0.0194790619442693,-0.00573789837968654,0.0466593359770206,-0.341777707243765,-1.00991428231414,0.130705479793342,0.964529738242469,-0.444182709690185,1.39258961708335,0.570993841199825,-0.265132288292945,-0.353234251499808,-0.0338179354328077,-0.0256211706597161,-0.343575592687759,-0.933697949343187,-0.024142014051741,-1.3542094063205,0.345924790640809,0.208778880846537,-0.00588094014935951,0.0150532812003658,6.05,0.0
42988.0,-4.42350762703846,1.64804777413239,-6.93438785672913,4.89460056642244,-5.07813111998958,0.0108488776042783,-3.40909567897227,1.40929050029893,-3.26067152936237,-7.78135276287243,6.28337707847689,-9.65660635996176,-1.61913485478932,-10.7321089251086,0.288220764475555,-7.89812205175049,-13.5706825019333,-4.59023530005094,2.59017338411194,-0.562264103606392,0.698359061079766,0.487477720585547,1.22869827965959,-0.535217333195035,0.388278095984062,-0.00946564715170412,2.300164247557,0.0812314897144668,648.0,1.0
84204.0,-0.937843305478391,3.46288948991687,-6.44510395393435,4.9321986662268,-2.23398306982245,-2.29156112129773,-5.69559392853253,1.33882463362261,-4.32237655329329,-8.0991193981365,7.18296700883659,-9.44594338249901,-0.314619967520224,-12.9914655817567,-0.136358931959623,-6.36752437517144,-12.7343938853776,-3.84512965889743,1.00766725992114,1.12953228130351,1.06655024941577,-0.521657289347299,-0.319917292909547,-0.405859088093617,0.906802159957716,1.16578389011737,1.37449533233535,0.729889341911333,0.0,1.0
85576.0,-2.20763091845218,3.25907610397605,-5.43636546967173,3.68473739367705,-3.06640091036945,-0.671323195313701,-3.69617839443207,1.8222724578951,-3.04965272773018,-6.35388725151755,4.35148149710451,-6.4532473302497,-0.0614319367541572,-8.44287285721034,-0.328820639839654,-5.44079518325917,-9.5180378916264,-2.43806861829455,2.33675362049059,0.808336360421968,0.920899033968287,0.0376745089378149,0.026753977510545,-0.791488823729947,0.176492777047381,-0.136312279131778,1.08758482385547,0.373833528935625,240.77,1.0
42952.0,1.07435285758709,0.0679799698772252,-0.184224384428069,0.120738757739892,0.840169275179212,1.29479580388223,-0.0221288249256136,0.444872309242558,-0.441170284477672,-0.0776622699842673,2.15449585518779,1.23270454037963,-0.0808587931608064,0.78067546407286,1.17504888425043,-0.946388609858974,0.584661058047832,-2.22162522857223,-1.02932598116343,-0.215672898176037,-0.233452052624697,-0.595364613061454,0.220767365433798,-1.34464959830661,-0.0156922596237727,0.26937052417876,0.00287993961737655,-0.0184767289939501,7.95,0.0
64785.0,-8.7444146436792,-3.4204679837707,-4.85057473189452,6.60684578567387,-2.80054617200457,0.105511583647205,-3.26980129883546,0.940377922978903,-2.55869060182863,-3.62477471396623,5.26786160380362,-5.58369692598496,0.173895592410693,-6.67997675520914,2.08419914311417,-4.3488914455328,-8.76078602293495,-3.40754854415232,1.33293006548133,-1.81831542477292,0.102912553839685,0.311626102287519,-4.12919549979785,0.0346387321763146,-1.13363123097119,0.272265246225774,1.84130726881613,-1.79636258672205,720.38,1.0
117717.0,1.35879843206466,-2.26906248637564,-1.1672474681437,-0.834043261714568,-0.599892727851281,1.39362596941231,-0.771148234841953,0.402597923020266,-0.0209443889562034,0.538484416773232,0.811431567652846,0.182849064266529,-0.444518690024673,-0.0847578717398993,-0.251312772701772,0.495921233722254,0.770915788135951,-2.3629567063084,0.265691060356588,0.553957963604073,0.0825852353257364,-0.423228218595919,0.120810463956618,-1.66477656680202,-0.787551734213797,-0.495729689303991,-0.0151414390193481,-0.011109603417636,357.86,0.0
78151.0,-0.238420356511128,-2.60025635540551,-0.789999744840207,0.521999273980503,-1.25950653739121,-0.682594258790671,1.03340222155035,-0.414063802837915,0.250089844431751,-0.5407284737387,-0.64989524904025,-0.165888338597696,-0.184357345429514,0.496194373963507,1.27310266071645,0.424808673723919,-0.364525771730985,-0.0493321697815554,-0.0975546063232245,1.5625223010619,0.477511893654023,-0.444509480352415,-0.79983034822403,0.150071311427402,0.112452913021215,1.03963568698397,-0.243537634073645,0.136585646007215,814.02,0.0
100924.0,-23.9847466495794,16.6978316913154,-22.209874815521,9.5849686202149,-16.2304387891461,2.59633265752887,-33.2393281671892,-21.5600394546929,-10.8425258685569,-19.836148851696,3.22323270290842,-10.8951335063028,-1.52345240330584,0.116303256118652,-3.09880532704263,-7.60642457511483,-18.1082610229766,-7.51186615794432,-1.24328515722898,5.80455066066397,-12.6150228644215,5.77408726884239,2.7502214496329,0.513411099654255,-1.60880380395117,-0.459624387540527,-4.62612660780224,-0.334560720645878,1.0,1.0
94362.0,-26.4577446501446,16.497471901867,-30.1773174564996,8.90415677106517,-17.8925996927224,-1.22790388102871,-31.1973285494605,-11.43892041491,-9.46257260540015,-22.1870885620007,4.41999660154863,-10.5923050053728,-0.703795803703315,-3.92620731586873,-2.40024649210124,-6.80988994039049,-12.4623149481086,-5.50105078380738,-0.567939572890149,2.81224110932946,-8.75569832116533,3.46089334478551,0.896537503959012,0.254835536763482,-0.738096558530353,-0.966564233789852,-7.26348214633855,-1.32488430656137,1.0,1.0
81216.0,-0.598705666643959,1.62720385154133,1.70216541063513,2.50892755156063,0.203313280006926,0.339807337132975,0.470162702184719,0.201499468263816,-1.50634161159899,1.3211131949311,0.963354240875435,0.192687946238713,0.177334841250879,0.357820259519151,0.614352099270519,0.287383919897636,-0.404785675820352,0.473682454540549,1.23407939836776,0.421379009258119,-0.19541020095757,-0.4429538562207,-0.0412645542668912,-0.0297409623764502,-0.344488465272446,-0.033310766850831,0.483213332498883,0.251095119001141,4.93,0.0
70071.0,-0.440095203221886,1.13723897606434,-3.22707975693117,3.24229293383089,-2.03399815309639,-1.61841464754635,-3.02801259904704,0.764554819893569,-1.8019372093973,-4.7117686842189,4.66325458481107,-5.17173460782892,-1.62407024790733,-6.71387819491558,0.607986267670607,-3.27520749888835,-6.8238312134789,-1.35530868624906,0.291250739005026,0.895840844006848,0.764186724577691,-0.275577693085964,-0.343571526478397,0.233084829252444,0.606433640125543,-0.315433462199896,0.768290751269875,0.459623327730251,227.3,1.0
58222.0,-1.32278906321956,1.55276821126964,-2.27692070362638,2.99211739124618,-1.94706392017319,-0.480288250384527,-1.36238752318047,0.953242226598613,-2.32962885992389,-3.39355348115172,3.1284396921776,-3.57039373078107,-0.595198191474463,-3.98841505479623,0.995905842419722,-2.84378455855144,-4.82624611607161,-0.703883464864473,2.15221455770756,0.988493486888991,0.614968996752659,-0.195199717277462,0.590711261700839,-0.233377663885038,-0.164285286785183,-0.27749787053455,0.428610084734921,0.246393746180351,270.0,1.0
70536.0,-2.27175453696818,-0.457654560738072,-2.58905463865543,2.23077826688105,-4.27898250263823,0.388610079538804,0.102485457456358,0.813127838070308,-1.0929208385062,-5.03202838566819,3.51034756034463,-2.22739840581069,0.656823927974733,-5.19918574342056,-0.128311029598493,-3.94352099869908,-3.82052232662867,-0.570821093891663,2.78338340771804,2.28575790271371,1.09634200952947,0.658398654570846,1.71167573455248,0.333540036403021,0.538591373646869,-0.193528512332835,0.258194100840055,0.247269213953463,824.83,1.0
45667.0,-0.297743716896012,1.03501594950312,0.576565308061915,-0.517228639593254,1.1620637683071,0.812373114989539,0.525028477395572,0.29449002606686,-0.616626731707044,-0.397738193546445,0.249324532654091,0.394915074613557,0.824141096807923,-0.409743930258754,0.515525521420548,0.766332144584773,-0.621244493679603,0.408239685438276,0.488583747460255,0.175396760635303,-0.293993885687898,-0.738511646860337,-0.223841624848557,-1.74764864503131,-0.0168111977867157,0.189674964791773,0.26034399740772,0.0679957328388803,0.99,0.0
59385.0,-7.62692409246447,-6.97642000754641,-2.07791115073952,3.41675415987856,4.45875840248762,-5.08040779918275,-6.57894786782983,1.76034141396682,-0.599508728352202,-4.00174208524931,2.61176184321338,-2.21069105518154,0.145323220628924,-5.28167813117348,-1.44622731547596,-2.34217826208892,-4.44208205885268,-0.812202197039381,0.254771833248553,2.87526030369363,1.22479498325958,-0.656639147267532,-0.330810728527997,-0.0789460153087798,0.270305924800976,0.431119110160139,0.821381426988655,-1.05608777393768,18.98,1.0
8808.0,-4.61721720415581,1.69569365346656,-3.11437220079491,4.32819855298178,-1.87325699086527,-0.989908135538263,-4.57726462658038,0.4722161584519,0.472016953377646,-5.57602263642415,4.80232276125089,-10.833164469314,0.104303875698575,-9.40542306160986,-0.80747786866047,-7.55234220350747,-9.8025617903912,-4.12062883466552,1.74050729036196,-0.0390459343384186,0.481829697240067,0.146023056445948,0.117038527549065,-0.21756459883966,-0.138776043706563,-0.424452881068275,-1.00204142597227,0.890780287970655,1.1,1.0
58060.0,-2.63059770314604,5.12575923008793,-6.09225454651378,5.52739306209755,1.60514485494011,-2.31988352953118,-3.20707570564086,-1.48258321071708,-5.07487063178104,-6.77833138248069,5.72525459149638,-6.94917182528041,-3.12779501198771,-11.090424813263,-0.800272569362332,-1.70750085360527,-1.68547301699574,0.274890838662414,-2.02888535240153,0.948863770149954,-0.527474204141788,0.220546094514546,-1.37110989476897,-0.504898994517705,0.382306792598482,0.395527722278956,0.782035950782542,0.62852786395406,1.0,1.0
8528.0,0.447395553302475,2.48195386638743,-5.66081393141405,4.4559228120932,-2.4437797540431,-2.18504026247234,-4.71614294470093,1.24980325173147,-0.718326066573691,-5.3903302556601,6.45418752494833,-8.48534657377678,0.635281408794591,-7.01990155916612,0.53981407134798,-4.6498642988132,-6.2883575087823,-1.33931232244731,2.26298478762517,0.549612970886705,0.756052550277073,0.140167768675,0.665411100673545,0.131463791724986,-1.90821741154788,0.334807598686864,0.748534284767756,0.175413794422896,1.0,1.0
85285.0,-7.03030814445441,3.42199090467553,-9.52507177254752,5.27089100906596,-4.02463027558805,-2.86568161775739,-6.98919473439446,3.79155093755913,-4.62273033596451,-8.40966487562735,6.30904400603177,-8.57676143258937,0.246746716929862,-11.5340460181508,-0.3642651387587,-5.45249465771382,-11.8875700201872,-3.56358481007011,0.876018768156628,0.545698040621445,1.10339774484256,-0.541854751589521,0.0369432219896495,-0.355519004066217,0.353634382097,1.04245799282131,1.35951563156376,-0.272188101257294,0.0,1.0
18088.0,-12.2240206243564,3.85415032971366,-12.4667657248211,9.64831072711484,-2.72696132147655,-4.44561038185083,-21.9228110340575,0.320792273696859,-4.43316165783721,-11.2014000859835,9.32879925655782,-13.1049334662012,0.88848078772943,-10.140200337183,0.713465392614318,-10.0986706554809,-17.5066115481045,-8.06120798966267,1.60687003263877,-2.14718143950284,-1.1598299509044,-1.50411888189644,-19.2543276173719,0.54486672601225,-4.78160552206407,-0.00777228109993075,3.05235768679424,-0.775035651186717,1218.89,1.0
34687.0,-0.860826892469905,3.13178963278262,-5.05296813449749,5.42094070941518,-2.49414141557203,-1.81128662834635,-5.47911745062699,1.18947198655298,-3.90820579292615,-7.06074618169306,4.72997415443333,-8.62905440849263,1.17879796289388,-11.1820634139742,0.445243112696547,-6.53298227788478,-13.3892507167674,-4.48041256680694,0.432054206519352,1.0857595200589,1.19269353963797,0.09035581053399,-0.341880850908644,-0.215924151333767,1.05303194615504,0.271139003495332,1.37329957704625,0.691195095871691,19.02,1.0
68207.0,-13.1926709562391,12.785970638298,-9.90665002092758,3.32033688288942,-4.80117593230105,5.76005855618556,-18.7508891580107,-37.3534426378925,-0.391539743919107,-5.05250236713858,4.40680552357904,-4.61075647740608,-1.90948796970811,-9.07271093398351,-0.226074450896345,-6.21155748212485,-6.24814535335983,-3.14924669470095,0.0515761185277783,-3.49304991519446,27.2028391573154,-8.88701714094871,5.30360690376998,-0.639434802306313,0.263203123457008,-0.108876929971315,1.26956635541013,0.939407362758877,1.0,1.0
47689.0,1.15792220747083,0.404440534609174,0.815570653986698,2.30808748992669,-0.245098478058189,0.078953189180242,-0.248886663648397,0.184637167767002,-0.659140162007145,0.867627353411651,0.684530217812751,-0.0659161662607465,-1.01585325910637,0.559838015527618,0.0966924302666716,1.20936752306871,-1.01204550368038,0.508761751998716,-0.627442344514467,-0.198855426194931,-0.0804387904112635,-0.361590384313295,0.0362424605514118,-0.0507208631505422,0.277350352473239,-0.123327106630835,-0.00642153309295186,0.0141447733004089,0.77,0.0
38653.0,1.13545516482377,-0.197808211188071,0.82093587667255,0.675455305400638,-0.732528224341288,-0.10987499393227,-0.45657546129038,0.0955252659646253,0.677104262777205,-0.214446864840785,-0.42712217106593,0.291270388999149,-0.144354550631223,-0.107168210755606,0.760570967909987,-0.139356834321333,0.0551271086143772,-0.551197343649732,-0.513210858024944,-0.0975519839636739,0.124365188812915,0.502750930002221,-0.0808685102881008,0.138457803670796,0.367303785758349,0.63543972296456,2.91098528335937E-4,0.016616005509131,28.4,0.0
49724.0,-3.72998219714599,-4.18740426593808,-2.80383639615872,2.18486319063876,-5.17142256967122,3.59220800977198,7.30318365473376,-0.117544980602912,-1.51814632459621,-1.73111298081357,-0.417437044665147,-0.211684126091977,0.246735753451873,0.884265211522965,-0.27604501261437,0.262341882557293,-0.49224371299002,1.64398482919542,1.17971888257784,4.46112149140669,1.26995099151394,0.252556498000601,4.50958260502733,-1.18521062828596,0.572218244056312,-0.26084051727056,-0.36796855273166,0.32100302372236,2021.65,0.0
47826.0,-0.887286905534409,1.39000150924187,1.21968581996397,1.66142517591961,1.00922783931161,-0.733908444749524,0.855828927220991,7.68462281197611E-5,-1.27563149417191,-0.433393925731893,0.141178993422237,-0.46034845602669,-0.367867931021877,-1.16833941780754,0.152107630618373,0.882231823726865,0.601804858067329,-0.304092391463557,-2.19176427800358,-0.268347371086252,-0.0837343767453397,-0.346930257215667,-0.0506187067885922,0.23104442462061,-0.450759875468406,-0.376205380931623,0.0345043694610426,0.157775320404088,7.58,1.0
100501.0,-6.9852674861123,5.15109356872598,-4.59933777342036,4.53447860064768,0.849053978611719,-0.210701203278644,-4.42522968507474,-5.13452515572624,0.0693205728889109,-0.870997150804889,5.20081516878268,-7.80222778971281,0.0339124179895287,-7.56013197197136,-1.01465193469311,-1.50792960088674,-3.41027456780471,0.107544007359072,-1.37551765637273,-1.24699631854492,5.45367185347674,-2.05617714358307,-0.280333720590026,0.120771472511766,0.569357720918146,0.145971466001576,0.300193469284684,1.77936385243205,0.76,1.0
57163.0,-10.3630494651588,4.54367201286394,-9.79589773551539,5.50800333404763,-6.03715599427489,-0.133492972364907,-11.7243461176622,-3.19834557193323,-4.76784222430147,-9.33212806886128,5.2241240042156,-7.74312234505579,-1.56034320038539,-7.14041803349475,1.18597782557697,-6.59870406570123,-12.1205390025684,-3.90409153348034,2.51343040062446,0.924396179705582,-2.45714487251707,1.68725664165106,0.977178353536712,-0.543368976583511,-0.289124786926125,-0.107586425389056,0.330641897772597,0.163577149556086,1.0,1.0
63390.0,1.23047555331474,0.367315479665261,-0.390913728125731,0.949161174541503,0.459554198129353,-0.409827690021977,0.487784263434152,-0.185395542372857,-0.240750886967119,-0.0063131860253635,-0.629104446861226,0.0987532728386174,0.0251947037409542,0.574612219947602,0.98128215323287,-0.347676868173093,-0.226085007080039,-0.633588653456736,-0.415352953944092,-0.129300909503994,0.00759069703662704,0.0667887004106722,-0.200352406099978,-0.443642950239678,0.84206532597136,-0.235513053385897,0.00350235293687094,0.00570108074447022,22.9,0.0
63594.0,-1.27996287281372,-0.663140104079405,0.941024776179115,-2.27606108045887,-0.911820067983761,-0.749330480321017,-0.328731563967456,0.368561178716581,-2.63824121698271,0.601061333843785,-0.49340247323342,-0.463160451774338,1.29308917669805,-0.221976036028968,0.0696366482655892,-0.458036044098954,0.646763474258736,-0.426193661485047,-1.23143781575245,0.0749304700946167,0.0247456570510931,0.0843083019976251,0.191467323201373,0.0630828757288785,-0.0228241493033952,-0.341632733729353,0.226591925829912,0.0393033858840497,113.5,0.0
12597.0,-2.58961719821269,7.01671438495857,-13.7054072869097,10.3432280604117,-2.95446103475574,-3.05511578527804,-9.3012886151434,3.34957336071614,-5.65421202641103,-11.853866972601,11.6692047358121,-17.2286622386187,0.0555715664836118,-18.4937733551053,-0.304172113519045,-10.6294973901353,-14.4412111342765,-5.10548646597228,1.2702262705049,1.48885519236896,1.88773772551451,0.333998184533223,0.28765904061745,-1.18640640906644,-0.690272670076388,0.631703772210546,1.93422076005943,0.789687172212655,1.0,1.0
84204.0,-1.92745281973369,1.82762056700016,-7.01949468454197,5.34830323951426,-2.73918788004738,-2.10721929638307,-5.01584797563431,1.20586815982046,-4.38271250852199,-8.33770697381781,7.19030608944843,-9.42484446049178,-0.223292646427513,-12.8754942229841,-0.071918160688794,-6.2999613976222,-12.719207160428,-3.74017615583058,0.844059610296466,2.17270905626492,1.37693832294098,-0.792016725563067,-0.771414187530036,-0.379574271539528,0.718716522008066,1.11115125599517,1.27770725705846,0.819081152045361,512.25,1.0
31356.0,-0.41009914087863,1.06903111527209,1.57031401474792,-0.0359985264548732,-0.0452723299673097,-0.890848658566366,0.719342892994404,-0.080259930918316,-0.432781436125653,-0.318513266636847,-0.360368773256695,0.0825758677704238,0.282693735289611,0.0917918925004905,0.820688185017951,0.187715276137382,-0.409029215470158,-0.382231512038765,0.0140367514785288,0.110640253080015,-0.22606656148755,-0.574788975210682,-0.0281367196329485,0.367739547608871,-0.185454161872509,0.0706960778143208,0.26733189135777,0.121395297602946,1.79,0.0
91407.0,-3.95120850670532,2.88180518239049,-6.42149029451106,2.43418142416554,-1.32732453838007,-2.12210598673342,-3.2275333300383,-0.68556047558208,0.775985124963588,-4.72309174576035,4.921657447038,-8.75277008726404,1.52019774197935,-8.5520227319441,0.351975957711389,-4.5340297530839,-6.46540863418339,-1.89030997911689,0.174840185624481,-0.669351428982036,1.41047856462921,0.279402820830601,0.570821171370176,0.65627101478476,-0.298600548903483,-0.407571358894306,-1.37870253026193,1.37913029153249,52.69,1.0
32092.0,1.03479713394182,-0.0930182565837967,-0.0599094036463887,1.26375038250176,-0.158193713969842,-0.346845234364538,0.247122511455885,-0.0220315479637084,-0.00252071017746431,0.15766387634763,0.546120016629166,0.222766183054829,-1.40425720550491,0.699675559715436,-0.536440064996895,-0.0114967814310698,-0.408400074363887,0.339489670414474,0.263210883242105,-0.0322769793551034,0.0381303691067258,-0.0410556137928498,-0.269966370427067,-0.0161256294014229,0.775527822674416,-0.263353863116904,-0.0213162069247087,0.0141038524574153,99.0,0.0
100501.0,-6.9852674861123,5.15109356872598,-4.59933777342036,4.53447860064768,0.849053978611719,-0.210701203278644,-4.42522968507474,-5.13452515572624,0.0693205728889109,-0.870997150804889,5.20081516878268,-7.80222778971281,0.0339124179895287,-7.56013197197136,-1.01465193469311,-1.50792960088674,-3.41027456780471,0.107544007359072,-1.37551765637273,-1.24699631854492,5.45367185347674,-2.05617714358307,-0.280333720590026,0.120771472511766,0.569357720918146,0.145971466001576,0.300193469284684,1.77936385243205,0.76,1.0
63578.0,-0.639191253440691,-0.0855947885921835,1.26545195854416,1.40116573166082,-0.260542078671007,1.00979457835355,1.30199897093176,-0.135257522932592,-0.431520921685507,-0.0913533730643921,-0.921051995675577,-0.61381552858098,0.198913055533638,0.0160870050482155,2.20626377523102,-0.527140627794259,-0.0572786796405291,0.448655661077036,1.16443546519237,0.861306751100051,0.340330752683629,0.76016976216338,0.353376975218638,-0.778892742566353,-0.0706811598435952,-0.0333546437243291,-0.0619624216383359,-0.0626865318467909,290.18,1.0
84789.0,-1.43086372778891,-0.802528699267131,1.12332029999445,0.389760264731692,-0.281213534404278,-0.055123492429819,1.32623248909333,0.195699815379613,-0.546889550453909,-0.71347376073502,1.27462907751277,0.0236821347785728,-1.52169610821701,0.727242085814848,0.166504662441577,0.348037591565135,-0.5663900830288,0.216016101767291,-1.14037564250718,0.634184289933654,0.325575470468413,0.0140018451191784,0.844946015847872,0.114962884542335,0.156364810543393,-0.619437446641754,-0.120351072821334,0.0355941733717493,354.33,1.0
31713.0,-1.49426409641391,-1.96644211183011,1.02738011919646,-0.379091624694478,-1.54826462596898,1.11651401579123,1.16549742067385,0.225320117967884,-1.83555593049244,0.121219121509558,1.55129637676853,0.148363282871225,0.0807697991625392,0.364361623721325,1.29042420994818,-1.77592217025048,0.525861559589474,0.991105706006762,-0.194799436470833,0.976749267759035,-0.0224944436919153,-0.712618362891721,1.59179588900422,-0.374605548340462,-0.870914422376536,0.842683061137537,-0.0766605056159477,0.178433817131683,551.95,0.0
113497.0,-0.923430157085128,-0.507459163426978,-1.26630631576808,-1.14996041063541,3.75561999132397,3.00101916092951,0.302342587538912,0.603402251837504,0.153844214227486,0.0345481975216239,-0.00104157738365785,-0.139720623121154,-0.177747702337773,0.379468839118378,1.38394833117969,-0.794458949650012,-0.53921950216768,0.21805746496478,0.454044396323527,0.0184730997040061,0.251469352382597,1.32931460311351,0.684319292805911,0.715394131963935,-0.162679548784517,-0.383775032240045,0.358423852058128,-0.0542134099314634,1.0,0.0
96291.0,-3.55217282034342,5.42646054559111,-3.73181031980956,6.67906180701896,-2.18754337884152,2.43394023761172,-8.74811035885579,-12.1082840970182,-2.8563585144669,-5.66586179854092,2.54083553206878,-6.14705358343033,1.79689064160126,-4.32898899462283,-0.150037374792615,-1.83900466547168,-3.35463814070962,-0.282307261175205,0.148592393859995,3.79266672675409,-5.68899027177143,2.51097955615894,0.953932861684676,-0.542506228224687,-0.620152015985956,0.406012866709306,0.0230251633862463,0.164740605977244,33.59,1.0
28658.0,-28.5242675938406,15.8769229879536,-29.4687320925264,6.44759140152748,-20.7860000418837,-4.86561341755669,-19.5010840750712,18.7488719520883,-3.64298981925263,-7.93964241937325,4.18467368942509,-5.83507521523889,1.21595964527928,-5.33014378246253,-0.118631138153322,-5.36777527618834,-11.4317569116986,-4.69692444373293,0.69268841200477,1.7068890619925,1.80576978392608,-2.11937616760819,-1.31744962200248,0.169845630469178,2.05168733506275,-0.210502000459411,1.30173396497076,0.380246181418509,99.99,1.0
35194.0,-1.54125087585886,0.41550789977441,1.21663361266338,0.161431858803255,0.310263703973438,0.0711222303625858,1.53649058253586,-0.434582148645432,-0.015999496085752,1.37982635606021E-4,0.545832988989525,0.6196007336124,-0.212381114965747,-0.349660139074881,-1.62750050444045,0.050980576571649,-0.881344582009298,0.0785683190107987,-0.185502055891955,-0.66105964770926,-0.174525332737347,0.186926153909515,0.0175712405671737,0.0299320709424419,0.276276366815481,-0.586852543609164,-0.355562608818652,-0.182358722700253,131.73,0.0
110012.0,-0.295042629533101,1.77365987492388,-1.41320918189763,0.135922171906168,1.15577981445645,-1.18189085510145,0.877327443193914,0.0273473147289713,0.803480758353396,-2.39448131959207,0.184148367262604,-3.11614476523859,1.8979781341764,-0.891671312972579,0.101457164935184,0.840100299873845,2.47182447156166,2.02928636077189,-0.307400208689904,-0.100458970867734,0.100915209254926,0.537849464439483,-0.245936135580315,-0.922967201631852,-0.371249280191018,-0.157486197459977,0.0938648057652161,0.210085615680701,32.2,0.0
116917.0,-0.558638330227216,-0.401784471603598,0.350391913686785,-2.14185546595008,0.146288874226151,0.067725193330585,0.884019101819598,-0.200512844044495,-0.693975130765842,-0.885670481910786,-1.18975364333275,-1.65093030988391,-0.0142822536224081,-2.44267572899356,-0.233545510177868,2.02952509000476,0.717452232111452,-0.0217863870046082,-0.191811223490752,0.597286021037569,0.315617699676611,0.666653290050471,0.0476757767805833,-0.0482375507785375,0.143710815695703,-0.209605673865501,-0.102605652495744,-0.0391577386115349,199.0,0.0
61646.0,-1.52230450950001,1.50515204317029,0.372364350808073,2.28686855813503,-0.526518744404641,0.998593092488712,-1.0875560400314,-0.027248402908359,-0.533001251290556,0.169572797878818,2.79039639060721,-2.31695189213093,-0.78253178710191,-3.43173796295146,-0.527701760836688,-3.2935576903327,-3.90149898369755,-2.52544048175208,0.79514422023384,0.412800620721233,0.332216175668172,0.493980864616249,-0.0801982925908616,-0.253327337787628,-0.477799682605952,0.991739677999628,-0.952553959120801,-0.39036399798095,19.04,1.0
47348.0,-0.279461152776929,0.999551552059553,1.52985621049215,-0.18916090883503,0.369109042692702,-0.568055441576548,0.933128957087371,-0.286948832534478,-0.302793484266158,-0.115518613936062,-0.654210111187931,0.00789429463926575,0.678473019547948,-0.213283804152199,0.850070961485192,0.232996056307465,-0.711379022255321,-0.28986718450617,0.201834535833057,0.218744888439814,-0.306537319142185,-0.611832834761258,-0.132996829062411,-0.11752941229325,-0.134807803462547,0.0717570813742524,0.105442812131106,-0.105975244912041,1.98,0.0
49802.0,1.0768179844119,-0.172577450383005,1.24659020803104,1.26228816493184,-0.753487793184798,0.655509889719635,-0.755501804819952,0.42593389996623,0.837953215052466,-0.118054719773241,0.872458273699041,1.04069283575736,-0.793304557742385,-0.118190198543045,-0.80107942890106,-0.271001718298187,0.0334169442533118,-0.188710809447151,-0.0387887385018365,-0.225456390658826,-0.111190468716422,-0.0597521722740652,0.0470640648215957,0.00897237652271017,0.318318406074264,-0.441570488763658,0.0829796383966504,0.0199011573216877,1.0,0.0
50851.0,0.91633553837428,-0.684381705103232,2.06814036680932,1.77005897465012,-1.61747835218952,0.915900069687218,-1.27157688261648,0.500845722462805,1.94859499494517,-0.513947270005404,-1.02677739646103,0.852206677562278,-0.448410211677658,-1.11764406872814,-1.16004527800475,-0.800477521405734,0.666635155608342,-0.459771289024365,-0.408995399992344,-0.114871871677108,0.160637790880032,0.913298226067792,-0.131712856591629,0.472410523644973,0.446269879161379,-0.110101800528832,0.130166354121504,0.0497515083915957,59.35,0.0
93853.0,-6.18585747765758,7.10298492227346,-13.0304552638937,8.01082339822486,-7.88523736131971,-3.97454999359808,-12.2296077786617,4.9712317023058,-4.24830701294998,-12.9654812039222,8.68830799242781,-17.1829184301947,0.0695769150313325,-14.1161560074304,0.959031717400206,-12.3753337375636,-18.716764511809,-6.52201457322122,3.51795494036344,0.483930108481186,2.50277241039945,0.481691289576756,0.480957977547458,0.360318638811951,-0.293354295977635,-0.199193157971208,-0.203917328209747,0.398927185850218,44.9,1.0
119293.0,-0.758293629258608,0.210017697839807,1.03168409002834,-0.875818216835301,0.0830832018936938,0.0675343847970893,0.852584150780171,0.108747527020979,0.181192948796555,-0.769155341466637,-1.27409874300292,-0.170302084729608,0.0870814933864359,-0.190727267316231,0.174028756340299,0.517896829222743,-0.726235657498395,-0.156367864443485,-0.0842101442037767,0.41710669829187,-0.16698347479369,-0.67279921030244,0.387393405500263,0.441155765338388,-0.494997115183841,0.19964620940777,0.280952180150667,0.231781643405594,145.0,0.0
76403.0,1.3283369331417,0.358146887475899,-0.0970046545465052,0.776987318824177,0.384043766656076,-0.0687139466598016,0.142717808648124,-0.149055206834439,0.0140580681241113,-0.0285371893340407,-1.46498830210252,0.240097772097249,1.18842402697737,0.067671469159207,1.02520356154064,0.539801339696313,-1.03608632268164,0.179943738689845,0.148389173573641,-0.0320410304652073,-0.134454360034953,-0.313203619754206,-0.204936911927911,-0.998084514780853,0.758817776798229,-0.355429702044737,0.0260866667394837,0.0137828649594157,6.24,0.0
33349.0,1.18320107665739,-1.14378081536461,-0.69819187774638,-2.12198232190986,1.03102658995631,3.72279592850851,-1.27242464527249,1.01607661160265,2.29865648628762,-1.30887676587788,-0.660877530522791,0.862427326398701,-0.186105634050654,-0.519403433772224,-0.0613526183768553,-0.79002729086924,-0.0185255097208756,0.26165057980963,1.52699363853414,0.132014192689549,-0.0226720076933738,0.151203659233842,-0.241982266752682,1.10777025418945,0.781576427220797,0.179965831296074,0.0503508367177309,0.0224162263000545,63.28,0.0
97235.0,-17.5375916846763,12.3525186682391,-20.1346128135864,11.1227714331133,-14.5710801396343,-0.381622313270995,-23.9286610291615,-4.72492103304407,-8.6030380974132,-15.2318333653018,4.41705461009659,-12.8935202086054,-0.10962845638889,-3.54722989444144,-2.17782399757845,-10.4020683266181,-18.3720191223339,-8.31409231206699,2.43582348553379,1.9251025961188,-4.35221313065903,2.38904092140055,2.01912792631133,0.627191869568278,-1.08599721239039,-0.0718032360759346,-3.83819790404877,-0.802564460951448,9.82,1.0
57076.0,-0.949597489658128,0.829393946877042,1.31681164444031,-0.593406666963614,0.206838369402225,-0.517334542823899,1.05829143229514,-0.0629935062072319,-0.3648890711898,-0.527615789632578,-0.218555761408424,0.228776215673084,0.317404175573234,0.0440665172511057,0.526492654378834,0.0714392939890408,-0.37691618242385,-0.937781611112943,-1.01521623930418,-0.00724910750528439,-0.116415348644084,-0.253801414307579,0.107245385861581,0.0893772298070612,-0.21914436902813,0.133615932382288,0.203432675377199,0.164179145614875,65.34,0.0
75581.0,-2.86636370525907,2.34694943137396,-4.05330668845935,3.98335888025187,-3.46318571327039,-1.28095301603103,-4.47476383461874,1.21665528478137,-2.30982869782019,-5.51550707258062,3.04839203447565,-7.12825076846601,0.00595580092517457,-7.49518733635876,-0.25108802193356,-7.5680148993231,-12.2236328477344,-4.89517519350497,2.52496746940249,0.270013154062001,1.04973156228305,0.475840283409025,0.404480059350581,0.282029789710327,-0.506901095688855,-0.371741093052833,0.615256964379468,0.803162841917988,124.53,1.0
83918.0,1.19060764810304,-1.63088274476115,0.758220273342063,-0.862834391988368,-1.92855472357477,-0.293166880312963,-1.03976508583004,-0.146565347247625,-1.19174906737011,1.08340309556838,-0.947191798662181,0.140459473930607,1.48715975573988,-1.23624695394202,-1.44676637688677,-1.16913003618381,1.08289229134612,-0.442222212432575,0.234892722531112,0.00151825888266405,-0.191242701060692,-0.10436954223791,-0.173409585426575,0.449073175740898,0.517146685882209,-0.109150380164213,0.0458391578346935,0.0478105974308857,155.0,0.0
41991.0,-4.56634156694274,3.35345148012501,-4.57202780762531,3.61611930403552,-2.49313810882875,-1.0899997127127,-5.55143306976649,0.44778308394893,-2.42441402571208,-5.69992228265959,3.58682418337431,-6.63622904939297,-1.1281764439465,-7.24554959537009,0.638325536245456,-6.85681003898144,-8.85187850534679,-4.5918832274368,0.936939858866071,-0.249127726683026,2.67446587862872,-0.0208799797343963,-0.302447083877198,-0.0863964000107124,-0.516059779833395,-0.295102234035121,0.195985145691014,0.141115102721758,1.0,1.0
68232.0,-4.22989100294412,-4.1534640741323,0.767350257178082,-1.322943313945,-1.33853300865154,-1.21502229159964,0.863055867435774,0.53192338620648,1.29777346100066,-2.51329106266004,-0.997701077869093,-0.122542632945227,-1.21001899298624,0.412848939547648,0.94142016517167,0.152837116045973,-0.109625287703842,0.684317131598972,-0.155036661924819,2.14712565271787,0.656333715592958,-0.225127022717863,1.35005124031962,0.322850221927109,0.688920785446224,-0.163102291167192,-0.0275432358938476,-0.303346819749239,700.0,0.0
472.0,-3.0435406239976,-3.15730712090228,1.08846277997285,2.2886436183814,1.35980512966107,-1.06482252298131,0.325574266158614,-0.0677936531906277,-0.270952836226548,-0.838586564582682,-0.414575448285725,-0.503140859566824,0.676501544635863,-1.69202893305906,2.00063483909015,0.666779695901966,0.599717413841732,1.72532100745514,0.283344830149495,2.10233879259444,0.661695924845707,0.435477208966341,1.37596574254306,-0.293803152734021,0.279798031841214,-0.145361714815161,-0.252773122530705,0.0357642251788156,529.0,1.0
68207.0,-13.1926709562391,12.785970638298,-9.90665002092758,3.32033688288942,-4.80117593230105,5.76005855618556,-18.7508891580107,-37.3534426378925,-0.391539743919107,-5.05250236713858,4.40680552357904,-4.61075647740608,-1.90948796970811,-9.07271093398351,-0.226074450896345,-6.21155748212485,-6.24814535335983,-3.14924669470095,0.0515761185277783,-3.49304991519446,27.2028391573154,-8.88701714094871,5.30360690376998,-0.639434802306313,0.263203123457008,-0.108876929971315,1.26956635541013,0.939407362758877,1.0,1.0
64412.0,-1.34804164426498,2.52282067569291,-0.782432259389823,4.08304665188122,-0.662280329645865,-0.598775712530929,-1.94355185121781,-0.329578950885032,-1.85327422572214,-3.16213595485783,1.53319383793753,-4.63512694781183,-1.11357273401976,-6.4358707376348,-0.293191947937035,-2.84993079536978,-3.65425828769231,-1.18303413658687,0.831623853010765,0.348896285038196,1.07987140816824,-0.352026410347836,-0.218357652796912,0.125865683985355,-0.0741801756408069,0.17911552652805,0.612579819202836,0.234206089600607,1.0,1.0
44174.0,-0.951374432992732,-0.353486079753918,2.3503440005381,-1.70704067584214,-0.977586445817466,-0.326380937429438,0.0254378991643827,0.182147600548219,-1.38621157502722,-0.0369214545822048,0.861612760187225,-0.0711320448705155,-0.327602348622834,-0.00374821528875719,0.00274892262973331,-0.483972230935051,-0.647488339795535,1.83665076478278,-1.12694184604374,-0.221092916971164,-0.269700742511398,-0.686565628365557,0.124789372230039,0.307927239651665,-0.0725467165402094,0.790399594526268,-0.0558789206540241,0.0621779416655021,99.85,0.0
84522.0,1.24715201784085,-0.353959468741493,0.906967623937096,-0.725563906184034,-1.21414690980018,-0.823958787298959,-0.577614389024033,-0.028793619670882,1.83277007081492,-1.07768932703644,-0.455348247937253,0.700755228596252,-0.112989693380304,-0.134577524890463,1.28051787981725,-0.437608769536863,-0.142545061449983,0.198303139184428,0.558407804445933,-0.130250964678381,-0.0135151777734636,0.207397099467539,-0.0354261656687125,0.401973465594628,0.498410533743087,-0.68601483815739,0.0931654413445207,0.0350869125006807,1.0,0.0
46464.0,0.619285088178312,-2.09929442520904,0.231710782495824,-0.625051035656061,-1.18322418375833,1.09439491619136,-0.849055856132825,0.267327878392143,-0.326996478368344,0.456994424867366,0.323059620628945,-0.0513921217373407,0.423314053630524,-0.476388829587812,0.040640523141024,1.47677478786896,-0.0739873810286101,-0.523857676083727,0.708777545529954,0.865412531074951,0.540640458798833,0.777210455752789,-0.565966271660778,-1.07713343247878,0.370520195194318,-0.00213948464990743,-0.0105517595663337,0.0663134816949767,390.0,0.0
72824.0,-1.11149523246612,-0.257575207100777,2.25020963478583,1.15267090326627,0.432904474488939,1.25412602800986,-0.58416279009186,-0.609681605347911,1.01460246273104,0.334532824069685,0.82637484441332,0.196886900487791,-1.88599349809323,-0.472025637126337,-0.578141395688259,-1.24300710102788,0.570459827436018,-0.159056766164096,0.407187527410462,-0.510613591931657,0.862912790109336,0.927825035064447,-0.343058085886885,-0.256268230425974,-0.600742165862083,-0.18033128765631,0.0267622260788268,-0.358335321215398,45.03,1.0
7891.0,-1.58550536691994,3.26158454822833,-4.13742198305023,2.35709625199132,-1.40504331370135,-1.87943719306477,-3.51368687087654,1.51560674568816,-1.20716636120056,-6.23456133227108,5.45074606689486,-7.33371406736393,1.36119332407831,-6.60806825219469,-0.481069424899829,-2.60247787045261,-4.83511205239717,-0.553026089102902,0.351948943356815,0.315957258937511,0.501543149467536,-0.54686881157389,-0.0765836358993043,-0.425550366841581,0.123644186352002,0.321984539336613,0.264028160503965,0.132816719764592,1.0,1.0
41582.0,-1.04800528916284,1.30021877705413,-0.180400575706546,2.58984264330545,-1.1647935523262,0.0318234062644092,-2.17577809872951,0.699071737631603,-1.14020827768059,-3.22678710680364,3.49080495043995,-2.45433920979968,0.177189485247745,-5.16060809721957,-0.686114234287445,-3.99614471325468,-4.69556272249452,-1.81916096350279,1.46108031890323,0.644993308471186,0.549014458224783,0.624321410729297,-0.136662719519743,0.131737918713915,0.0309213718346795,-0.176701082429858,0.504897671691263,0.0698824528615783,39.45,1.0
34876.0,1.12999655612471,0.156891223462721,0.527283424291121,1.48194189151486,-0.367902729866402,-0.386406287098759,0.0450599508440338,-0.00683335995507371,0.354661035779716,-0.110927486478153,-0.341386057019276,0.334239941134535,-0.759711696526852,0.200785657188859,-0.0551840912002086,-0.791339265114338,0.415679277369707,-1.01410531756514,-0.489049911816716,-0.226283720628876,-0.0833024641166423,-0.0450634917324924,-0.0204602393508495,0.392908080692749,0.597795100787383,-0.331134218128105,0.0355674346760743,0.0190009330435407,14.17,0.0
35953.0,-4.84437152213983,5.64943864783758,-6.73039574613665,5.25284201867297,-4.4095661499774,-1.74076745609347,-6.31169852901067,3.44916731253577,-5.41628435913526,-7.8335555711125,3.6573495649865,-7.7814479532704,1.50772042676786,-8.60475886835984,0.0105926875670707,-6.55397325691037,-12.6243936527694,-4.98990973846596,1.64541389333247,0.284555090358885,1.19488835625662,-0.845752531858704,0.190673885417928,-0.216443252531192,-0.325033100382822,-0.270327592956951,0.210214051535782,0.391854886292055,111.7,1.0
77627.0,-7.13906006793885,2.77308160372497,-6.75784506920828,4.44645597412376,-5.46442818500108,-1.7134014508064,-6.48536540922127,3.40939479860676,-3.05349271362056,-6.26070551479114,2.39416766551329,-6.16353737959229,0.60285052085239,-5.60634642932959,0.206621733749977,-6.52508103976033,-11.4083675448063,-4.69397773642436,2.43127449162965,-0.616949301183343,1.30325030896469,-0.0161181523663711,-0.876669888453567,0.382229800649027,-1.05462388774771,-0.614606036944453,-0.766848111948171,0.409423944116944,106.9,1.0
45501.0,1.00199171536791,0.047938380305255,-0.349001552412107,1.49395843665091,0.186938875230095,0.190965634380865,-0.00111210422593577,0.147140194715723,0.580415339651519,-0.792937990748917,-0.984171728067149,-0.567380064895921,-1.10559224967424,-1.38121354248053,0.405490421163411,0.279890165223202,1.1321602098483,0.0929929763441439,-0.298920455435975,0.016003673251105,-0.334417439439,-1.01431467260935,-0.128427315817252,-0.946241837638308,0.456090274720588,-0.453205972393371,0.0466270924243456,0.0646983543716214,105.99,1.0
43912.0,-0.232845593537341,0.893090762078501,1.17879005368665,0.356041829060407,0.393616871427338,-0.210090809953177,0.706435153762327,-0.0583995726841385,-0.400459709574006,-0.444239346429149,-1.30628016254107,-0.271229327496,0.39302988838783,0.0456421488616884,0.826720313527181,0.290918211052809,-0.786343317131546,0.494101353148935,-0.0383247366470535,0.00168786536256955,0.196175066385552,0.583575178212337,-0.368705705080628,-0.425598771657955,0.412018938683325,-0.198235969419496,0.0455763414818164,0.0217312364406505,22.09,0.0
41237.0,-10.2817840384715,6.30238478416897,-13.271718028752,8.92511547634157,-9.97557831146449,-2.83251346361162,-12.7032526593299,6.70684583868978,-7.07842395823848,-12.8056831898117,6.78605830197451,-13.0642398936784,1.1795245105938,-13.694873039573,0.951479176238826,-10.9542857275047,-20.5835927904158,-7.51726213169106,2.87235363605874,-0.247647527731929,2.47941350799644,0.366932842343897,0.0428046480276363,0.478278891799746,0.157770817898023,0.329900959238367,0.163504340964582,-0.485552212695879,118.3,1.0
53937.0,-2.04260819938332,1.57357807373238,-2.37265243271278,-0.572676430720841,-2.09735276458226,-0.174142123011242,-3.03951978687359,-1.63423295064356,-0.594808638750073,-5.45960189444545,2.37853722491518,-2.33027064686235,-0.24623272486659,-4.05852343611281,-0.316983146603949,-2.52266081131673,-5.60340034818128,-0.778439963776289,0.860211793588662,0.825565985313424,-0.723326195587733,0.501221637302624,-0.696892260580304,-0.600513726439022,0.127547028812739,-0.786072220292301,0.606097322391548,0.171696507911815,261.87,1.0
102622.0,-2.87717642607719,4.56964856472544,-9.55306876711684,4.44107935434428,-3.65396138652409,-1.87798085259887,-3.5143534876061,1.5476079597065,-2.50330396990855,-7.57563437993936,7.00213577397937,-9.95919399367656,2.12207206066581,-8.88487177224851,-1.64485747819635,-7.18992618738758,-10.4451050316273,-3.2719075376306,1.48227743472618,0.105615110186545,1.27289634389685,1.30026844858483,-0.00395013351868523,-0.36084777781177,-0.597525997544942,-0.390901228489311,0.592196918920005,-0.241010152850381,346.94,1.0
93879.0,-12.8336314219519,7.50878980635543,-20.4919522106577,7.46577999198461,-11.5753037055975,-5.14099947650773,-14.0205637048257,8.33212047126021,-4.33771253089739,-15.5637913387301,7.61081978841573,-15.5923232225286,0.504789055226229,-13.2478885958622,-0.796526030140245,-10.3423283585648,-16.0445243414767,-5.8821359384126,1.57369789640089,-1.37892322363159,2.96684240389381,0.615344322057327,-0.766494757432984,0.431261005079751,-0.104974994617143,-0.0100913270781415,-2.4008113496639,-0.720556600051925,104.03,1.0
46057.0,-1.3094413460044,1.78649494921925,-1.37107024042555,1.21433549160762,-0.336642221570741,-1.39011986486896,-1.7091091066305,0.667747590382643,-1.69980879955917,-3.84391103993778,2.96259879138962,-3.95604520140947,-1.53923191944683,-4.63463139323434,-0.248403490673103,-2.05855138409951,-5.63549400383391,-0.775271204300359,-0.23930965408033,0.253464129147281,0.533521286327158,-0.0221799534199139,-0.299555851230085,-0.226416167090146,0.364360460778096,-0.47510178544057,0.571426303828437,0.293425836896259,1.0,1.0
64401.0,1.04034145791117,-0.352430431787785,-0.170141610820153,1.78948522417661,1.63426851223653,4.67016089144035,-1.1031915030357,1.18842660211963,0.326043467773778,0.414895786769064,-1.13820449940928,0.134220107205208,-0.201139382575065,-0.559477001942366,-1.286111869503,0.366995515631346,-0.491580792093262,0.153750339257764,-0.214588011604026,0.0683650266025806,0.00732120859378773,0.0790935018044873,-0.22251992771977,1.0490079210289,0.750907178375928,0.221647688458168,0.038272057009566,0.031606084984295,66.55,0.0
76857.0,1.14020795371139,1.15643107873873,-1.47157796740819,2.07627840454674,0.774809058745551,-1.00253195191231,0.264947929409663,0.0131622605764724,0.248835339320523,-2.10066651278309,0.763204840843787,-0.94491647902938,-1.41903447142202,-4.68361969585018,0.51928230124953,0.908454083367609,4.13366666889167,1.30620452511785,-1.09471647432252,-0.125097258302807,-0.387894980568907,-0.866811936205838,-0.121582639900783,-0.356108586349469,0.634572810783188,-0.306311023397994,0.0940868179231164,0.121064728484123,1.0,1.0
67741.0,-0.245781018692218,0.720282211787714,-0.200577899145742,-0.0966376646989117,2.67039738584603,3.51947156448907,0.170861492616372,0.84107894617579,-0.864595221068469,-0.106256041863899,-0.259259984456456,-0.335179582393308,-0.0116599215646953,0.510341845579023,1.4085044301388,-0.116868607511112,-0.558779293422064,0.599071058730133,1.12265081024583,0.214440464309062,0.104457526637512,0.166402034622037,-0.201304823549655,1.01078577566974,0.0368415243502992,-0.242182382068734,0.156365318647732,0.143278598599457,17.23,0.0
26523.0,-18.474867903441,11.5863805198184,-21.4029168131391,6.03851541556808,-14.4511581398683,-4.14652350569915,-14.856123673178,12.4311404723263,-4.05335328722588,-9.04039624894471,5.96620250720685,-8.46396612952571,0.0786921317878341,-9.09253265181295,0.0108220973904713,-7.1863755078292,-13.7974745003699,-4.95849390971089,1.32116655982617,1.5779244011474,1.74113559593371,-1.25113794883836,-0.396219126116475,0.0957055555718895,1.32275094272025,-0.217954564863573,1.62879253147016,0.482248274865402,99.99,1.0
78804.0,-0.462595218258976,0.291857140848108,2.38321135679127,-0.735513826078299,-0.619743413280328,-0.7389254626543,0.358564127630842,-0.226266326740168,0.856710154941935,-0.735332242233483,-0.399802601296185,0.795823810731689,0.449146972646856,-1.03572592578624,-1.15043073548819,-0.235738925772138,-0.121285384214089,-0.840292921615123,-0.362471902147278,-0.0703174793012915,-0.0855502920436451,0.130978963806439,0.0644309011255556,0.998912862686286,-0.956014607224403,0.594442581013978,-0.172151877773078,-0.0404351889030655,10.0,0.0
10960.0,1.26119936336866,-0.0618514901632397,0.50665423062446,0.144687497754744,-0.409128850338995,-0.342555682347017,-0.392296475381945,-0.181911789736723,1.7228312307846,-0.542855713418353,-0.030258028944952,-2.4013306332396,2.39367137552322,1.33999552962124,0.593918936083863,0.713110331206633,-0.0352988390925827,0.377563380208971,-0.0979484722144575,0.0218495710304193,-0.102381870149789,-0.0597726051601378,-0.145042356738584,-0.425026190687156,0.325489189769754,1.07932996792405,-0.0918785589240252,0.00228249519070703,39.0,0.0
75011.0,-1.10481020768457,-0.0604097116990421,1.34739839633078,1.39769129806229,-1.83147755879497,0.739307969188089,0.774601024197471,0.589726071793151,-0.173463462163992,-0.795884398623211,0.678484805049656,1.2848396466136,0.243530038300457,0.00131242857473547,-1.14945346462967,-0.25893371985074,0.130628176745501,0.520779225587027,0.910277872889861,0.608645953339947,0.289036928566638,0.390119719971835,0.900104991419213,0.514130354722052,-0.721999930151172,-0.562541980164259,0.0335019268173005,0.171068707217947,345.53,0.0
102572.0,-28.7092292541793,22.0577289904909,-27.8558111336212,11.8450129100508,-18.9838125824286,6.47411462748849,-43.5572415712451,-41.0442609210741,-13.3201546920984,-24.5882624372475,3.48195180343701,-9.12834128617468,-3.00825547830858,0.796579962453559,-2.1022985205307,-5.66036644069929,-13.0327849564566,-5.39234917412895,-0.901040817847599,11.0590042933942,-22.7976039055519,8.31627543891357,5.46622995370963,0.0238542303884927,-1.52714472319428,-0.145225187134896,-5.68233823990698,-0.439133675051458,0.01,1.0
7672.0,0.702709900098753,2.42643280600508,-5.23451329584052,4.41666124290876,-2.17080621591773,-2.66755356121463,-3.87808845483572,0.911337122229195,-0.166199039175942,-5.00924850212751,4.67572941865677,-8.16718805173089,0.638559282180499,-6.76333439062322,1.29686025605627,-3.81175840977789,-3.75412806618729,-1.04917740227906,1.55419726345897,0.422743129198702,0.551179689117248,-0.00980235731325313,0.721698230069415,0.473245751402033,-1.9593037711687,0.31947554010746,0.600484916486359,0.129305225096566,1.0,1.0
87934.0,-1.36398419271299,1.48666284266563,0.0445479545539498,-2.54758911191569,0.256590116728753,-1.53558164374782,0.975649071783293,0.176497031692841,0.24295554392432,-0.842939228069882,-1.02023343720747,0.430735815223696,0.297952979356302,0.265249284752906,-0.536480023759473,0.3584763050428,-0.695489974863612,-0.854944741954197,-0.835374720497877,0.0730594719327224,-0.302868652684188,-0.794556100589964,-0.0778930352851391,-0.0999426729577176,0.0661450584977204,0.388259413085977,0.315549684914596,0.222069832857946,1.0,0.0
91407.0,-3.95120850670532,2.88180518239049,-6.42149029451106,2.43418142416554,-1.32732453838007,-2.12210598673342,-3.2275333300383,-0.68556047558208,0.775985124963588,-4.72309174576035,4.921657447038,-8.75277008726404,1.52019774197935,-8.5520227319441,0.351975957711389,-4.5340297530839,-6.46540863418339,-1.89030997911689,0.174840185624481,-0.669351428982036,1.41047856462921,0.279402820830601,0.570821171370176,0.65627101478476,-0.298600548903483,-0.407571358894306,-1.37870253026193,1.37913029153249,52.69,1.0
66096.0,-1.06441110928022,0.327364309252198,-0.996554517564579,-3.60724902879112,0.887908801052538,3.05613810749871,-1.44206219344102,1.72861673898268,-2.49202174854257,0.933222690743326,-0.789352717275625,-0.981008485755153,0.447100828490876,0.225235140369782,-0.0188142247149011,0.293405489906391,0.0552886949658214,0.548647266062823,-0.521988348022682,-0.229001885524675,-0.149984364350557,-0.302764908991932,0.0164044884345261,0.958833922342361,-0.045413536741697,-0.385881491407519,0.251280997725433,0.139367880150743,1.0,0.0
54324.0,-2.72686922045433,-2.9491695998639,1.46794934759322,-1.17791342848305,1.1589592807954,-0.115594097002279,-0.395728063924828,0.616507264387459,-1.22968703006521,-0.372216081510822,0.44361956386653,-1.44220956567027,-2.0766105887692,0.438713182260019,1.47930062924637,-0.0297570488246635,1.52429310457462,-3.0873337523019,-1.59674917085688,1.00959343552052,0.526730619134728,0.212594545663838,1.04220449439449,-0.751253334394483,0.216554837343359,-0.318004114710738,-0.107723295876162,0.104731098954421,314.32,0.0
74159.0,-1.54878809850026,1.80869795041448,-0.953509033832342,2.21308539346999,-2.01572779170327,-0.913456844516923,-2.35601298316433,1.19716896702387,-1.67837405659509,-3.53865023182429,3.1020899271543,-3.99337305447702,-1.93741062327519,-3.82289410599595,0.830970110708369,-2.47535885382925,-5.21187516766885,-0.413871678166879,0.933262164554872,0.390785963777347,0.855138263312025,0.77474482148342,0.0590371520063436,0.343199807900813,-0.468937928609185,-0.278337986906642,0.625922215184372,0.395573378256676,76.94,1.0
5812.0,0.975732965392877,-1.45390306506115,0.481409745072545,-1.77697140843396,-1.07240846419536,0.79481094333518,-1.11352055371091,0.374861265688168,2.10399846638736,-0.896763402075971,1.3370109581839,-2.44991888307693,0.141149759537324,1.7474029348436,1.47783661495419,-3.45881334456201,2.44948754271186,-0.342517594097731,-1.81068379681942,-0.55860733372834,-0.34890233537732,-0.236639145430935,0.106336903842759,-0.706705764175864,-0.0520585532547198,0.0836629991740249,0.0615615521424386,0.0203827411411853,119.98,0.0
947.0,-0.869816608319749,0.92801585903032,0.854923724058128,1.21661557437031,0.126480496060465,0.631039612912469,0.497561594327621,0.53219787907817,-0.618154200525359,-0.645555082570196,-1.52192351957529,-0.034335595523766,0.0165311399915537,0.332614808627409,0.292189241001052,-0.830711866607571,0.517889038639973,-0.323929370958922,1.07961473646238,0.116458146911678,0.0269050633511728,0.0230339032800129,-0.104662255231933,-0.761841713196887,0.286696852825661,-0.139430195342935,-0.00195555982145881,0.032108812017296,86.97,0.0
66037.0,0.286302363835244,1.39934474808556,-1.68250270884931,3.86437703955242,-1.18537340204974,-0.341732013808781,-2.53938012266357,0.768378375007388,-1.54788162780199,-2.65971794652165,2.6215881261205,-3.46236188507757,-1.05430017332918,-4.95582330430277,-1.40027445820489,-2.33994291742419,-5.19779447735003,-1.34281449785555,0.288846910516582,0.270360155086889,0.352456413618901,-0.243677652080658,-0.194078546536702,-0.172201087463232,0.742237197555102,0.127789797006944,0.569730790365159,0.291205858831994,7.53,1.0
51155.0,-11.2054613927303,7.91463349246877,-13.9877516388388,4.33334117975523,-8.48496952268505,-3.50656117309394,-8.93524303241605,7.70444915069923,-2.33658417970129,-5.92735916911943,2.47040101557896,-5.7885170305197,-0.391939257057427,-6.52746224116063,0.899859362283244,-3.84729284231041,-6.70063744821132,-2.49261610727828,0.469554313978012,0.860911741764656,0.942593331002491,-0.987848114682141,-0.279446305433771,-0.0272992246723051,0.644344195524188,-0.263077923082484,1.08402252771111,0.211933356664813,99.99,1.0
76575.0,-5.62246941906299,3.48062317879011,-6.20067659397487,4.31123366835313,-5.22628632428769,-1.34176357284987,-5.22094094197327,2.68284353707778,-2.92148438224053,-6.56125741097377,3.21126387844398,-6.86166051434144,0.326461834627394,-7.7552536640417,0.50465219263742,-6.27661678567251,-10.6117146970978,-4.14677374512684,2.19728771323892,-0.156288522686099,0.949568986169808,-0.428985749759671,-0.35067550041691,0.197549503550848,0.15923422951036,-0.377790861014248,-0.213561786254573,0.459528918054306,219.8,1.0
86224.0,-6.28180715931671,4.77676398098707,-3.43709817494593,-1.19992506153062,-3.97275520354394,-1.19910637122213,-3.87400435138371,5.01140249469667,-1.20971239530539,-1.49890472873284,-0.230926020095819,2.11500142484478,-0.570074622887139,3.82105478537996,-0.332313907168044,1.63151555098175,1.48944414721909,0.0432226792052008,-0.88231801775736,-1.24897317164814,0.667935293167733,-0.108769106672516,0.68928941124822,0.207733742168346,-0.183061994755003,0.673221989867087,-2.42239718916946,-0.478273683684561,0.77,0.0
94362.0,-26.4577446501446,16.497471901867,-30.1773174564996,8.90415677106517,-17.8925996927224,-1.22790388102871,-31.1973285494605,-11.43892041491,-9.46257260540015,-22.1870885620007,4.41999660154863,-10.5923050053728,-0.703795803703315,-3.92620731586873,-2.40024649210124,-6.80988994039049,-12.4623149481086,-5.50105078380738,-0.567939572890149,2.81224110932946,-8.75569832116533,3.46089334478551,0.896537503959012,0.254835536763482,-0.738096558530353,-0.966564233789852,-7.26348214633855,-1.32488430656137,1.0,1.0
93856.0,-6.75050851563533,5.36741605145469,-10.0546349530569,9.06447791765316,-7.96811808353808,-2.26379841398236,-10.317566180676,4.23766573099145,-5.32410880613734,-11.0923923688428,7.15408284221914,-17.1504052507291,-0.0953992277686904,-11.0301103643432,-1.95905455483077,-12.4485623424367,-22.6679054064789,-9.26460873295655,1.9823563171714,-0.0812198922441237,1.90903201764938,-0.34873973066671,0.425000563135111,0.674908669807175,-0.784208393488163,-0.247422102935353,1.1595813739152,0.197817874685768,209.65,1.0
33990.0,-1.18575918669481,1.75270699435725,-1.63066791303142,-0.128953394798218,1.65453837391224,3.90859401898384,-1.68642744396804,-0.948406443207709,-1.18552391178897,-0.918086881042759,-0.645383787713124,0.297297144582922,-0.118547694700305,1.45141964039207,1.05597321883148,0.459382880305484,-0.242028704849308,0.637590500515351,0.548176858886852,0.470184597010645,-1.0815994672332,0.506312507870819,0.180934710401995,0.980531877289804,-0.034141924809974,-0.338838995369966,-0.326040089916749,-0.0595079005162388,22.73,0.0
49739.0,-1.35283740305849,0.929781188803768,0.928840292398567,0.965181308846958,1.05178864050666,0.477644006085717,0.446010553423796,0.46632739091993,-0.61582886295286,0.192206517224221,-2.2770210307727,-1.99003209097325,-2.39542397681077,0.621879185222779,0.406210722656077,1.30094053278556,-1.0471215606099,-0.0855790092643003,-1.51166816197547,-0.529440365573005,-0.254579757026473,-0.91854798287644,0.0387871227354161,-1.47013850106255,-0.249112475179319,-0.411617286444511,-0.423081746695446,-0.210275929137122,10.26,0.0
53451.0,0.385108461103674,1.2176203228402,-1.95387216540948,2.08707599095328,-1.14422540643716,-0.57688799482478,-2.58286504391682,0.643229999334504,-1.19123269237613,-3.09509360697848,2.82114488798301,-3.1005456578695,0.146199374342408,-4.51012391529804,0.574490022660784,-2.12346278453199,-6.05331938825344,-0.70637615273475,0.572791028207014,0.380545212283106,0.594623132460925,0.372143665842342,-0.310455791389476,-0.624065148802846,0.840216130296559,-0.159451766672991,0.599482364663208,0.288915549852885,8.0,1.0
64553.0,0.919819809362463,-0.659201199735795,1.70782599322822,1.88128599795666,-1.49369698112789,0.52198709326184,-0.935355430558177,0.321291148533748,1.75755237271987,-0.417721859448173,-1.5335597481024,0.57029620079977,-0.593481109453344,-0.990077974291363,-1.54272262629004,-0.490090071433386,0.341019746191042,-0.15335261592988,0.150687937562338,-0.0156360152989936,-0.0197274379166676,0.233553844051143,-0.168311900867782,0.4335500099047,0.511454059256038,-0.233154339704864,0.0896983460014112,0.0532976289546584,97.0,0.0
119276.0,-0.504794609538868,0.353830971987413,0.401676564274552,-0.328036457173502,-0.563936294202051,1.68906509179109,1.30044765377657,-0.202791039768145,0.982352329908875,-0.234634780947338,-0.198789321440067,0.116387976298958,0.046687112161212,-0.2957561792126,1.9375784321358,-1.12733683228815,0.196929065511076,-0.845653484108045,-0.770539570718623,-0.51568515279264,0.368615596750299,1.78185453777937,0.112360415075961,-0.998131367129602,-1.5036011329315,-0.597050448544053,-0.0724659144356347,-0.0401068038109644,247.81,0.0
72327.0,-4.19873460983989,0.194120636801706,-3.91758567828042,3.92074784640417,-1.87548574659158,-2.11893292738694,-3.61444510993627,1.68788446543007,-2.18987113590881,-4.68423332514029,4.37690666362302,-5.00744082816051,-1.30474507803596,-6.19247526385522,1.00240426741391,-3.31693430074553,-6.18883415213498,-1.04041264854272,1.23304434947994,1.0033504305956,0.801312235949018,-0.183000576489906,-0.440386862411508,0.292539411877521,-0.144967421927777,-0.251743981877142,1.24941367428483,-0.131524643545312,238.9,1.0
30016.0,-1.46139063272893,-0.00587578704798904,1.80997215258686,-3.90466683068865,-0.523902355210073,-1.79272809828376,0.364986159675125,-0.532010279617715,0.991292742121998,0.365128734169236,-0.146165109599782,0.0375477350280291,0.118218408115212,-0.872362343695052,0.6839968728299,-1.56850348893042,-0.758360311326676,1.29786652928437,-1.99305646433276,-0.116794812469777,-0.402751852578723,0.122783538098798,-0.378578377066324,0.72657295118177,0.270378293853467,-0.267803799855605,0.386233570623294,-0.0772991491468956,7.99,0.0
100223.0,-19.6418567335974,14.7063346696674,-22.8012376947782,12.1146718424589,-14.898112530969,0.840777704221173,-28.0112929096778,-11.9196388199434,-8.9609216998511,-18.9132433348732,4.971248707036,-12.6863075224956,-1.07144311342478,-7.38337003956967,-2.99243029925503,-8.58230865037102,-13.8065681285297,-6.00035879778826,1.42263161326029,3.83464904792346,-8.22887409813848,3.31817776987025,2.58521234602075,0.195008569338351,-1.19480304002391,0.0384229399473607,-4.12674625203028,-0.645329219040983,2.28,1.0
41116.0,-3.60054350412378,4.51904694695796,-6.34088353532231,6.21476727765717,-5.829557636648,-2.4780949557906,-9.93841155861772,2.83008605053969,-5.65916161145799,-11.2981564915382,7.2529532268294,-14.2750918465127,0.18890328374228,-14.5559572107641,-0.338288547453357,-12.1465401437589,-25.1627993693248,-9.04284515066473,0.787578807808201,1.38474276211824,2.26377035551642,0.620749345000528,-0.094068667085379,0.536719087381271,0.398142307216228,0.00827658674987802,2.05352425334029,0.835749002954128,3.79,1.0
67433.0,1.09666912563954,-0.315737630982595,0.594677449034935,1.42524605199509,-0.0465244816628422,1.42215700611851,-0.492328661670882,0.350760786531026,1.30875883676846,-0.440912795958791,-2.32108668718105,0.639846697199713,0.207602981378887,-0.861089270987596,-1.62032958694951,-0.743100887895498,0.253996700499151,-0.915546072767795,0.687172024244956,-0.0630919036853563,-0.479378790488334,-0.981532274218389,-0.128496531690405,-1.31255999184487,0.604648277285139,-0.428152543416653,0.082916423255264,0.022413316022567,53.01,0.0
64585.0,1.08043336974687,0.962830680816555,-0.27806547765439,2.74331806279958,0.412364075681078,-0.320778352962878,0.0412895489552235,0.176170299597767,-0.966951551053629,-0.194120466505581,2.14005681553663,-0.276308752749667,-1.19130573752489,-1.88027540328199,0.398271956336376,1.36743302249318,1.52266169956075,1.02631748255981,-1.57707047840184,-0.172658644566365,-0.00899617409257402,-0.0570361435998535,-0.0536915092211487,-0.0263732767799466,0.40029973123052,0.0728277709127376,0.0270429343018625,0.0632375727147923,0.0,1.0
76857.0,1.14020795371139,1.15643107873873,-1.47157796740819,2.07627840454674,0.774809058745551,-1.00253195191231,0.264947929409663,0.0131622605764724,0.248835339320523,-2.10066651278309,0.763204840843787,-0.94491647902938,-1.41903447142202,-4.68361969585018,0.51928230124953,0.908454083367609,4.13366666889167,1.30620452511785,-1.09471647432252,-0.125097258302807,-0.387894980568907,-0.866811936205838,-0.121582639900783,-0.356108586349469,0.634572810783188,-0.306311023397994,0.0940868179231164,0.121064728484123,1.0,1.0
93824.0,-3.63280894927825,5.43726336227612,-9.13652148062595,10.3072263079132,-5.42183029451154,-2.86481514933136,-10.6340876212042,3.01812657999175,-4.89164032107494,-11.2350479111446,8.78878366710272,-18.5536970096458,-0.339533407676443,-15.6231873302985,-0.188978574214972,-12.4279613630565,-20.1590474539227,-6.88889109280947,2.58609321670737,1.35406479520345,2.30988016889674,0.978660126299279,-0.0961301444473713,0.432376722544823,-0.435627929953396,0.65089278643537,1.69360750804844,0.857685371687245,8.54,1.0
93879.0,-12.8336314219519,7.50878980635543,-20.4919522106577,7.46577999198461,-11.5753037055975,-5.14099947650773,-14.0205637048257,8.33212047126021,-4.33771253089739,-15.5637913387301,7.61081978841573,-15.5923232225286,0.504789055226229,-13.2478885958622,-0.796526030140245,-10.3423283585648,-16.0445243414767,-5.8821359384126,1.57369789640089,-1.37892322363159,2.96684240389381,0.615344322057327,-0.766494757432984,0.431261005079751,-0.104974994617143,-0.0100913270781415,-2.4008113496639,-0.720556600051925,104.03,1.0
73257.0,1.13326573397773,-0.445517078032545,0.219903886851168,-0.22804778824327,-0.312616067251881,0.295962281935861,-0.415360260650495,0.0834821966673939,0.26176491447141,-0.0425472601232332,0.302579065491644,0.717915048172689,0.907270035554046,-0.00269753124950924,0.659886160787308,1.10419285297178,-1.20210968849341,0.821566618930685,0.517805450774416,0.215854019117474,0.14586735762726,0.267650254513552,-0.293070295816116,-0.851277294604179,0.367724618739944,1.15818719649195,-0.0737675370094555,0.00518147603500578,94.99,0.0
94141.0,-13.5120737201635,8.21517673687939,-16.5826057272747,6.20736889019759,-11.3184715177058,-2.99720698778128,-17.6404704062016,0.0403490750758574,-5.62023218946632,-15.1237521803455,5.93465734341534,-14.1750301634055,-0.169044491655796,-6.55255368427192,-1.57000723316824,-12.1725530183154,-20.1645422294456,-8.66881519685045,2.55087034384644,0.694574465326517,-0.907905601256761,1.5140282763652,-0.141879203311202,0.789185965955202,-0.0313427677694401,-0.255056581600699,-1.86583088908172,-0.442204311521227,45.48,1.0
61028.0,-0.16271736186604,-0.413914933343548,0.955834822037719,-2.00866070612054,-0.816779617313808,-0.376907715114766,0.261607933535816,-0.0538679304636345,-0.845127673128935,-0.0161840347633464,-1.6220876376302,-1.04670900575182,-0.124330627350423,-0.192849920476948,0.579664233696849,-0.531816970240974,-0.68930963613977,1.64039683821289,-1.2186983611492,-0.288555310045857,-0.126412227519352,-0.127613369434001,0.121184769884752,-0.433192625439398,-0.389088533353653,1.37572971694386,-0.0748489545368627,0.0265543637027398,113.64,0.0
109298.0,-1.00061051985933,3.34685000184439,-5.53449117133595,6.83580203854396,-0.299803293657807,0.0959512989990878,-2.44041927394713,1.28630119597073,-2.7664382829404,-4.45800770078481,4.69653339192897,-8.76211333956078,0.985826601093264,-7.32027202211023,-1.06384045772504,-3.37112471078725,-4.25115786762875,-0.43005729986925,1.80401333906519,1.18981379228675,0.439756764345897,-0.694099203587273,0.299660329499667,-0.657600627722995,0.101647558980344,0.430457439169415,0.824685450418745,0.326952273050223,186.13,1.0
64093.0,-6.13398694801985,2.94149944882418,-5.59398556768425,3.25884522291112,-5.31551221858167,-0.637327763117765,-4.47648804491816,1.69599358704814,-1.60674315131804,-5.11725920989043,3.97722223959189,-8.06609609331146,-0.760887591756867,-8.66077095912039,2.22023798968633,-6.23759654204862,-11.0463816554829,-4.15587936834903,1.76361087438004,-0.815086315781228,0.86833985051032,0.793736498280638,0.217346586657621,-0.0219850652442062,0.145881913923651,0.665087660642875,-1.68418604869422,0.31019546302906,294.9,1.0
62467.0,-5.34466537543542,-0.285760408166142,-3.83561578178611,5.33704802681048,-7.60990870021268,3.8746680317393,1.28962992438915,0.201741916806601,-3.00353243733788,-3.9905513318108,4.98601380361468,-6.11638322304304,0.0423244061770454,-6.04339314434942,1.82140103177852,-4.7454624675489,-10.0756455907271,-3.6045960155148,1.43529381015392,-1.56216235780532,0.276010822180054,1.34204455689584,-1.01657869464831,-0.0713612973880671,-0.335869334726878,0.441044176004645,1.52061262049821,-1.11593680318009,1402.16,1.0
79242.0,1.18399457842483,-0.448078619909053,0.768094950746435,-0.969185305256865,-0.794956762914649,0.16065789265655,-0.752546994518021,0.266971842722972,1.56305487905055,-0.957999298926605,1.20747150968921,1.46788612816374,0.0271389713746603,0.0335417866967637,0.835002662141746,-0.448181765939689,-0.243188053778191,0.327160210297533,0.610123682425305,-0.128406223193786,0.0467174891026651,0.390121876482763,-0.0605673326038113,-0.281072495826639,0.444974853319438,-0.654362115899827,0.106635842586188,0.018623270617115,1.0,0.0
32243.0,1.05727159664242,-0.201242358391314,0.898871160034888,1.67345455013549,-0.278124325960674,1.09342948031881,-0.551869214602691,0.277091247893408,-0.0110178295150007,0.406370077252871,-0.14718076621684,1.20890063768118,1.29108332314712,-0.673370860224443,-1.56058089693453,0.884972517716515,-0.820657364769375,0.077171072988288,0.383829013774493,0.147591589229118,-0.204879082177175,-0.519546472875622,-0.129221831656287,-0.762310256012503,0.258105225606731,0.884079725555283,-0.0394286955077543,0.0127021572937737,75.0,0.0
56425.0,1.18981419301536,0.0646559628059286,-0.0106591124641228,0.625817664059642,-0.208312435370016,-0.736275913058308,0.178536632668537,-0.0946349315832317,0.111549057998641,-0.0310663771436022,-0.340082134764161,-0.496786779635096,-1.44651003328785,0.741089314661304,1.20704098791113,-0.220437257681102,0.0758566381992511,-0.750634869233515,-0.468958639049304,-0.185139810530352,-0.0314913903114913,-0.150788115279185,-0.0350871366752074,0.0710310076208958,0.437484172679574,0.399493567223263,-0.0497315291582955,0.00382016437239553,29.92,0.0
34169.0,-0.882691741016431,0.73452649515556,2.26384655435375,1.54716259050748,-0.780250794905626,1.14028722917946,-0.856344385847605,0.886711802162813,0.842473281539861,-0.636883545608134,-2.28366510744936,0.769191621533166,0.88166432431319,-1.05237640705468,-1.33405136747053,-0.697781301488264,0.51014166484271,0.275226146655688,1.5912321934709,0.150251990309169,-0.0146726287812991,0.491544976001877,-0.311597839882872,-0.383476716661949,0.120758599866681,-0.0565640574647984,0.363364924201892,0.121441403096448,1.0,0.0
42619.0,-0.553537513827272,-0.143573741946037,1.31005503086302,-1.48287597000822,-0.691237393620454,-0.739814005450612,0.847891623046809,-0.244322770641136,-1.34712717782661,-0.236368086149301,-0.554374327557511,-0.193687748503973,1.0147393958636,-0.630523024435005,-0.845187308794201,0.843331900198953,0.224223024198537,-1.65172740359643,0.273154406692694,0.40924473582671,0.220750623840622,0.389943536452013,0.186075470063796,0.412130505216403,-0.0457776371519946,-0.459233472797916,0.0709898313243523,0.146807901510829,149.0,0.0
7610.0,0.725645739819857,2.30089443776603,-5.32997618300917,4.007682804682,-1.73041059025206,-1.73219256822244,-3.96859261813707,1.06372815344105,-0.486096552344833,-4.62498495406596,5.5887239146762,-7.14824263637845,1.68045074096412,-6.21025774661028,0.495282117814298,-3.5995402092184,-4.83032424210571,-0.649090120211694,2.2501232487881,0.504646226103286,0.589669127323198,0.109541319229913,0.601045276521079,-0.364700278220039,-1.84307769215194,0.351909298434892,0.594549978086464,0.0993722360416487,1.0,1.0
76978.0,-4.6249245924231,4.75555759543875,-4.3009686791629,0.638333734841116,-2.39133160792765,-1.15561880412317,-2.25543992495857,3.71194857669758,-0.464949065054128,0.648696171529034,-2.55967192951533,1.2093236335872,0.82248347703221,2.69201724314442,0.500146320924139,0.671117155850357,0.924511665953661,0.404621632474999,0.475257751510124,0.109115312071013,0.2022795414319,0.153977996406104,0.445337699280533,-0.639497739735957,0.050267513894411,-0.295798289547943,0.172333010038819,0.115735686927528,14.99,0.0
86376.0,-0.670238130057305,0.94520635153406,0.610050626297701,2.64006508673377,-2.70777462644103,1.95261056051566,-1.62460819938343,-5.22990786160988,0.21020202822781,-2.06990438955593,-0.529805728295342,0.999716276092526,-0.0861120244186652,-1.50855714024168,-0.450669492347937,-0.328387382736473,2.27027117814029,0.709666017682026,0.913175997078955,1.4749287568126,-2.50445018690737,1.43647237841825,0.351542386126581,0.648466904268149,0.579681417358758,0.0757375933335965,0.346717084034013,0.282208626038179,323.77,1.0
68207.0,-13.1926709562391,12.785970638298,-9.90665002092758,3.32033688288942,-4.80117593230105,5.76005855618556,-18.7508891580107,-37.3534426378925,-0.391539743919107,-5.05250236713858,4.40680552357904,-4.61075647740608,-1.90948796970811,-9.07271093398351,-0.226074450896345,-6.21155748212485,-6.24814535335983,-3.14924669470095,0.0515761185277783,-3.49304991519446,27.2028391573154,-8.88701714094871,5.30360690376998,-0.639434802306313,0.263203123457008,-0.108876929971315,1.26956635541013,0.939407362758877,1.0,1.0
41308.0,-13.6807603221285,6.99038924197379,-13.7700011356219,8.694896899191,-11.4269679730732,-2.91984498997907,-14.5945615876748,8.62290473620712,-8.09069700355941,-12.7806339362021,5.3306013514672,-11.898065148453,1.59599290197592,-9.56016927087188,0.596403762858148,-11.3809956026059,-21.5368016259059,-8.48535580519493,3.51761050964655,-0.877391609905133,2.98955250855903,0.497598716647637,-0.509290299460639,0.732503456665873,0.280527953637944,0.280037142108891,-1.40668683562971,-0.663643363595055,0.76,1.0
115250.0,-0.535605137642293,0.467532740927535,1.43607766502312,-0.834188200207134,-0.0555214547006974,0.043053934282429,0.130183260808047,0.336293133200191,0.341632647564017,-0.400150571498574,0.0553830393735665,-0.366661635080977,-1.58563576513671,0.196965098042816,-0.289835610461031,0.618925639245325,-0.828580403928994,0.965700454156941,-0.0940780121174176,-0.0294471166053326,0.289792474151644,0.958964389557116,-0.324864336553378,-0.372088868956992,-0.173301694622925,0.663254637036365,0.334011638122971,0.18450939813124,8.99,0.0
17404.0,0.981610053909068,-1.27493595662791,0.974259188113794,-0.337130665337582,-1.48144249614914,0.136147419468258,-1.08416307350994,0.0294528688116986,0.88120558359106,0.210688595655387,1.84802511879459,-2.2152397503107,2.20290127861371,0.876139340317482,-1.06671352142179,1.45609667999198,0.661550631271452,-0.15129264835709,0.607868096912411,0.45150275669023,0.303478406230796,0.757077892232964,-0.311960842402183,0.0253570671549095,0.39003006631091,-0.103417021541979,-0.0141365762848808,0.0388185206583656,196.0,0.0
58832.0,1.03824666890389,-0.181096201818646,1.02447920751745,1.05313260539193,-0.625489131776967,0.54302533727295,-0.710308644419868,0.378665538671285,0.354423165979472,0.13590227806776,1.03473212873547,0.405844318093113,-0.704194051145801,0.34501953448953,1.07797186042926,0.720062557292005,-0.75150098162257,0.594813243854366,-0.654601420584292,-0.102670388933331,0.174796646626064,0.412960403589251,-0.0529998814598141,-0.329196994835317,0.23753314920739,-0.330190049394454,0.0616208095048589,0.0286724308863057,45.0,0.0
41147.0,-5.31417320646342,4.14594361146639,-8.53252245892907,8.34439167363678,-5.71800820787464,-3.04353608094129,-10.9891846672722,3.40412865609659,-6.16723364181153,-11.435623996076,7.67453383416429,-14.2960914258331,0.526938923712363,-15.4450258118019,0.991651201275811,-12.3913460034009,-22.5416517287861,-7.98672065349455,2.99255446334225,1.15001731865814,2.33146580801509,0.862996305559532,-0.614453237551036,0.523647877136623,-0.712593271662611,0.324637964828057,2.24509146635599,0.497320848969724,88.23,1.0
7672.0,0.702709900098753,2.42643280600508,-5.23451329584052,4.41666124290876,-2.17080621591773,-2.66755356121463,-3.87808845483572,0.911337122229195,-0.166199039175942,-5.00924850212751,4.67572941865677,-8.16718805173089,0.638559282180499,-6.76333439062322,1.29686025605627,-3.81175840977789,-3.75412806618729,-1.04917740227906,1.55419726345897,0.422743129198702,0.551179689117248,-0.00980235731325313,0.721698230069415,0.473245751402033,-1.9593037711687,0.31947554010746,0.600484916486359,0.129305225096566,1.0,1.0
70270.0,-1.51251575792702,1.13313858781029,-1.60105247993576,2.81340096831714,-2.66450340578315,-0.310371093924795,-1.52089516380539,0.852995775116439,-1.49649450564954,-4.05629261571005,1.55375586796783,-2.74355135914945,1.50454067059684,-5.42878849870488,-0.0160171233729703,-3.72718761269833,-3.94629958919926,-1.68028644319238,2.30361261010114,1.24958556268985,0.729827756052255,0.48528591471162,0.567005413227757,0.323585691602658,0.0408708540928058,0.825813553299941,0.41448227186994,0.267265082454707,318.11,1.0
85181.0,-3.00345942213401,2.09615030972986,-0.487030347865578,3.06945315960973,-1.77432868427117,0.251804209642436,-4.32877649482139,-2.42547814428288,-0.985222033510513,-3.99521073403213,1.8806015528528,-2.32517912777326,0.636458662971611,-5.41749934539643,-0.262909464785021,-3.81808566437699,-3.70070702592749,-1.99141207812339,0.779950535234061,0.692537380835205,0.163966694003732,1.24564832133152,-0.269241340185825,0.537102119409512,-0.220756683145222,-0.0595547732936557,0.460709677482052,-0.0335506071081744,2.0,1.0
121098.0,-1.24956961631348,-0.0242804646456893,1.16100421155689,-3.23712467349432,-0.359005652944476,-0.317869440244306,0.0763851618182415,-0.11528100929281,-2.18268801021198,1.2935497207638,0.426605999760494,-0.337065889159137,0.79405337469965,-0.717580054623428,-1.44549561012169,-0.336560732859397,-0.100423699654317,0.325287537749289,-0.345248539559533,-0.251578341728899,-0.21121296620882,0.0286623771176555,-0.414278047071334,-0.402306941348882,0.746413643859946,-0.189086288636951,-0.589185483875124,-0.3904427783843,15.0,0.0
82548.0,0.766537425610741,-0.650138151663765,0.977318374012561,1.15446795494151,-0.388723896746082,1.745748776757,-0.836021255126565,0.724766151862423,0.959927735865576,-0.34592223029295,0.0355989812448229,-0.0383455011389869,-1.4781022502143,0.203558223349941,1.89415275051683,-0.906849859226499,0.886240402982323,-1.66107159129364,-1.93733737139807,-0.140499083084571,0.161339840983101,0.444719841195672,0.045154009115858,-0.996730524927906,-0.0147492228783138,-0.27795289132776,0.110193396526813,0.0398595861697176,116.49,0.0
40742.0,-2.37753280180283,0.520539361927579,-8.09413945532841,8.00535147326105,2.64075021376276,-3.38158645291742,-1.93437244067366,0.562322111872781,-3.10402718606356,-3.05121035544102,5.73576265915634,-4.74769250131792,-0.784223284478966,-10.7163393018774,0.656516978131348,-1.14246727231018,0.91859080878698,1.12633522330277,0.0929734778841175,-0.634747080915274,0.148284201590387,0.7210995412337,2.66129069804724,-0.508619933518595,-0.401656629278738,0.587611216267645,0.500326371108344,0.551759687906722,1.0,1.0
56496.0,-1.18590216660823,-0.158288749296843,2.56678890181838,-0.699426513461518,-0.335515334289429,1.97761186158976,-0.196165658109696,0.757193226841215,1.05850712046892,-1.37010998077256,-0.199230797964529,0.752733547893212,-0.487762944097817,-0.976649555825758,-0.75005275296784,-1.54159234867129,1.40213156546948,-2.40115842399861,-1.85455447698365,-0.268001108405943,0.227328865348244,1.10682557581327,-0.0780567274467211,-0.50794928385068,-0.244825276992963,1.16394063603022,-0.00276192654067391,0.0854542646322722,80.76,0.0
31560.0,1.0447371853438,0.371547254719603,0.496354052536894,2.30205948601413,0.23158677012399,0.664800882977411,-0.0982657582292054,0.298853062134962,-0.944284546503473,0.80474600365181,1.47194928761433,0.408308421360855,-0.668177932246054,0.675475527694429,0.348041503519908,0.238851261208873,-0.267427450532044,-0.490538972518825,-1.51315800982206,-0.218287341793986,0.228142344759865,0.630791037231046,-0.0786858560764337,-0.292796019938525,0.443044941298274,0.188847825759768,0.00814943141303483,0.002084761977948,16.33,0.0
101880.0,2.01440343366559,0.119213273128147,-1.49458675566988,0.552347864215926,0.370341495795073,-0.559637178573142,-0.115556448452922,-0.0770919538273452,1.71418710121359,-0.547774675876846,2.05353606615932,-2.32543755897212,0.206630189434665,1.07715038973345,-1.0473386213307,0.437465447954439,1.15498346669567,0.482753600546621,0.0096199090212379,-0.290229543220476,-0.462178382348292,-1.07429733782737,0.385215056481506,0.511480743193381,-0.396501771037412,0.114365389081532,-0.0986807599040667,-0.0489033910038733,0.89,0.0
87203.0,0.0287620811503651,0.847795086308356,0.295070694691798,-0.589946010125119,0.455492482522482,-1.0530342702995,0.981280552749773,-0.179553627145783,-0.0430680517705231,-0.416268865395266,-0.877417400892794,0.155824971523694,1.1072897655192E-4,0.119643490463462,-0.354841289306123,-0.152273863116019,-0.351443583165429,-0.836955453093192,-0.155184925045886,-0.0458680788803976,-0.254688332285506,-0.548953308228526,0.0747365169355527,-0.0201273661489419,-0.504696028028057,0.143501182442378,0.250462439647553,0.0969856098424031,1.29,0.0
41147.0,-5.31417320646342,4.14594361146639,-8.53252245892907,8.34439167363678,-5.71800820787464,-3.04353608094129,-10.9891846672722,3.40412865609659,-6.16723364181153,-11.435623996076,7.67453383416429,-14.2960914258331,0.526938923712363,-15.4450258118019,0.991651201275811,-12.3913460034009,-22.5416517287861,-7.98672065349455,2.99255446334225,1.15001731865814,2.33146580801509,0.862996305559532,-0.614453237551036,0.523647877136623,-0.712593271662611,0.324637964828057,2.24509146635599,0.497320848969724,88.23,1.0
81917.0,1.13244896283163,-0.0336055021970937,1.18445411867183,1.14235470000016,-0.69183247724134,0.332172745562326,-0.614552448589439,0.213264489962389,0.532119521874448,-0.0564329629371085,0.75278960097034,1.49178530053332,0.8133536377903,-0.343225588844929,-0.586573599696964,0.332263557289004,-0.664184510780797,0.441004670123842,0.196111645236611,-0.0593139737498351,-0.0226355250318482,0.144463149122598,-0.0674422887569832,0.0358441518475228,0.45573765369619,-0.409125440871479,0.0733823526913904,0.0266758118728052,9.99,0.0
35652.0,-0.656860790271512,1.04225623115496,0.719976504201034,0.776201512217414,-0.237069628392989,-0.225842660487904,0.500839854916526,0.460171333945314,-0.944084869289988,-0.301286417921624,0.561386499960701,0.067215823190986,-0.923043326826275,1.04081411370934,0.407150555800703,0.147074451644911,-0.337855586559343,0.897264590901718,0.831300488224501,-0.0215547699766882,0.255174140816648,0.467044847862008,-0.00705922609193559,-0.0147347349908497,-0.228087204245483,-0.328476738721831,0.0161866191169205,0.0909051542581557,70.44,0.0
27219.0,-25.2663550194138,14.3232538097233,-26.8236729135114,6.34924780743689,-18.664250613469,-4.64740304866878,-17.9712120192706,16.6331030618556,-3.76835097141465,-8.303239351259,4.78325736701241,-6.6992520739678,0.846767864669643,-6.57627643636006,-0.0623303798952992,-5.96165987257541,-12.2184817176797,-4.79184198325342,0.894853521838799,1.65828884445902,1.78070097046593,-1.86131814726914,-1.18816729293127,0.156667050663465,1.76819198236914,-0.219916008250323,1.41185477685432,0.414656383638367,99.99,1.0
62209.0,-0.473916271497743,1.01718070565033,1.37680644412224,-0.0472082269947877,0.234664172360567,-0.314626268119139,0.548768094444476,0.178993316636834,-0.7308942736025,-0.39853295716199,1.95762328455369,0.975018596020835,0.376705617776662,-0.269147696512382,0.388537654131158,0.208378292850409,0.0877480038861958,-0.204726660317774,-0.239830851691356,0.129890684351024,-0.161232796257413,-0.394933501678443,0.0384736638071116,0.183166919949364,-0.27407378562596,0.070082525462124,0.25853855490218,0.0886475889954013,6.84,0.0
7526.0,0.00843036489558254,4.13783683497998,-6.24069657194744,6.6757321631344,0.768307024571449,-3.35305954788994,-1.63173467271809,0.15461244822474,-2.79589246446281,-6.18789062970647,5.66439470857116,-9.85448482287037,-0.306166658250084,-10.6911962118171,-0.638498192673322,-2.04197379107768,-1.12905587703585,0.116452521226364,-1.93466573889727,0.488378221134715,0.36451420978479,-0.608057133838703,-0.539527941820093,0.128939982991813,1.48848121006868,0.50796267782385,0.735821636119662,0.513573740679437,1.0,1.0
29952.0,1.37569111732303,-1.35865539928837,0.858360280035608,-0.934973824910911,-1.8794962645926,-0.342448851418063,-1.20005771402989,-0.0945145579150732,-1.10766682407259,1.14238277391506,-1.02597660049269,-0.118546612959085,0.986044757189256,-1.16156941913124,-1.40627992031074,-1.16077845601745,1.1096575318207,-0.404482555680423,0.266785134861293,-0.225494287912056,-0.254715731765944,-0.0921361599398753,-0.0821446944323631,0.436469159705708,0.53538262471006,-0.097616941653442,0.0608637855253058,0.0300811514435921,58.81,0.0
34721.0,0.884119949642652,0.39298660026149,1.15093215605504,3.81707650410666,-0.104371522416835,0.804388762505478,-0.0871678765983269,0.303968240326,-1.1722811891575,1.13565738083227,1.09908859933845,0.876312236593604,-0.102725195934329,0.0976245831823558,-1.46335880922142,0.490181958543681,-0.292339872410261,-0.737189870525281,-1.27940906894869,-0.0793455388096306,-0.158940810450131,-0.540804573008644,0.0865251077398922,0.17840813282786,0.197404698754058,-0.19282966038777,0.00846504889619708,0.0300382530443108,69.95,0.0
17230.0,-0.469326705102944,1.11145278248281,2.04100272504592,1.73159516277684,0.135146841769907,-0.0936251754891053,0.266155169970928,0.0829882363836626,0.58025540346041,-0.164562674892883,0.500376369958899,-3.0217601822032,0.924213260310925,1.50079377517002,-0.400282644242405,0.706047712602575,0.115114264650572,-0.0467958788933584,-2.54852159198286,-0.358708665630957,0.159387389394564,0.592669568808717,-0.0535961838321624,0.320747502076217,-0.36912075429213,-0.136604684929151,-0.100845186803931,0.03934714768212,3.93,1.0
4462.0,-2.30334956758553,1.759247460267,-0.359744743330052,2.33024305053917,-0.821628328375422,-0.0757875706194599,0.562319782266954,-0.399146578487216,-0.238253367661746,-1.52541162656194,2.03291215755072,-6.56012429505962,0.0229373234890961,-1.47010153611197,-0.698826068579047,-2.28219382856251,-4.78183085597533,-2.61566494476124,-1.33444106667307,-0.430021867171611,-0.294166317554753,-0.932391057274991,0.172726295799422,-0.0873295379700724,-0.156114264651172,-0.542627889040196,0.0395659889264757,-0.153028796529788,239.93,1.0
78626.0,1.1625290103556,-0.239232561330719,0.587310030058112,-0.0489677724524525,-0.680080933291129,-0.350771785907876,-0.37939052785508,0.0105749207402454,0.141197437871719,-0.00853336891990652,1.17474150000776,0.966030457973596,0.590695838477279,0.132579000429041,0.594123742822022,0.79206732488806,-0.834742398114603,0.435335741418403,0.201311613788783,0.0783778661550296,0.138530842636573,0.328090553700248,-0.11464276239413,0.0898907437149337,0.248046196407488,1.0681345419723,-0.069917732660101,0.00520571934032198,47.85,0.0
85201.0,-2.40546442435257,-2.37716852398988,1.52908660710918,-0.981798747800057,-1.69954352180951,0.687756968909229,-0.189861522767587,0.920943590987123,-0.478634247895503,-0.807546161328056,0.179118802133651,-0.409726438083763,-1.64183046416948,-0.338312848217686,-2.17576906443692,0.871727779427891,0.856624216657341,-0.861066615279159,0.127456511805481,0.979129834080769,0.704137752228366,0.942529664277475,0.655924421476383,0.0120770786169008,0.34534717907615,-0.15533975473632,-0.125197422700887,-0.124788198116117,412.0,0.0
41607.0,-18.2475132286673,8.71325017095966,-17.8801268207974,9.24945923683651,-14.5412125237225,-1.91156359308197,-18.0146601306809,5.52216218981207,-9.28392451240577,-14.5571590528859,4.39243558567834,-10.3800731219167,1.61182090128819,-6.91763950579126,0.158841037400664,-10.3282423879882,-20.2545556896053,-8.53452256380618,3.25653448060821,-0.526368288315335,0.598842606268504,0.615318868165234,-0.486498927270445,0.739268468431111,-0.236844752247958,-0.0460816699541002,-3.01147328474912,-1.02214746628442,53.95,1.0
37390.0,1.09792966329696,0.284570002409646,0.878245950082552,2.64838505777169,-0.484907220702798,-0.0980213164876856,-0.166447307917978,0.192876046365819,-0.344502652476103,0.759651457190689,0.674579957057346,-0.0486071301258376,-2.05325793120782,0.51088304849925,-1.22108735516406,0.401655803515118,-0.276306092377015,-0.0162744567214605,-0.361443498896012,-0.279426714273123,-0.177109034330757,-0.518810923440972,0.0533579941853038,0.469194802090855,0.371965243908155,-0.115513305706713,-0.0140835318106374,0.0108807280462727,8.27,0.0
68888.0,-0.475444725615736,0.945811085127231,1.35531209762873,-0.0375199082148894,0.144713350532294,-0.335227793555296,0.487554254699806,0.233370253824051,-0.585334061030359,-0.371192479445462,1.79314047641439,0.461690867233196,-0.587697969466495,-0.077142665463045,0.494387734371141,0.253859949385707,0.142765757753107,-0.0860276485011336,-0.233573127977409,0.0699545664741098,-0.171835084706244,-0.473926322653058,0.0521559594272951,0.156643634535436,-0.306353647319709,0.0732828902966185,0.251930035733887,0.0866248211535205,7.83,0.0
40892.0,-0.521363905724709,0.865076132231583,1.80302024702682,0.809691691901528,0.213606397328192,0.196218613698445,0.592975140766839,-0.105786972065723,-0.0921959366785078,0.176119451214059,0.587221590518977,0.383239333934037,-0.626452683161545,-0.102020740889027,-0.611557786155764,-0.45785107575713,-0.268164278508939,0.338918875592542,1.31192562098856,0.0126846052143072,-0.145130585285755,-0.211793672956849,-0.181409493658086,-0.0176238675426803,-0.239052174420788,-0.538891656096202,-0.276092017571156,-0.088628923624118,4.56,0.0
115821.0,-0.658697510138239,-0.234175312647008,0.436760026131671,-2.47441179192542,1.0225001325864,-0.474196512046581,0.352022027643635,0.0666131106930839,-1.46853974716351,-0.00847712351919656,-0.158195208408882,-0.353530592052954,-0.501647676843653,0.357051096745187,-1.06524451901188,-0.535792483756014,-1.19261923190636,1.86967827124543,-1.74024671489966,-0.525076042242925,-0.119033760759018,-0.1658646531041,-0.176229467813076,0.173264106652428,-0.0201196860769664,0.454191067065201,0.0136175756938973,0.124637598899618,12.85,0.0
56887.0,-0.0754834663888726,1.81235458422751,-2.56698081016962,4.12754860722303,-1.62853157024518,-0.805895445766318,-3.39013454458215,1.01935326231828,-2.45125125188341,-3.55583492739064,4.31571103012142,-5.47980167679906,-2.11550315600957,-5.5887855765974,0.280108069299552,-3.50723062361012,-7.45709493793125,-2.32549168188332,-0.440434552920779,0.338598140549314,0.794372451897782,0.270471232297866,-0.143624140755259,0.0135659145316466,0.634203128800614,0.213693187250942,0.773625466697089,0.387434054572014,5.0,1.0
49808.0,1.09930138437392,0.251526275973675,0.637277010831981,1.52181518375623,-0.331954452961762,-0.462321860485851,0.171777513268068,-0.114786792609072,0.0931511460619074,-0.163204050818964,0.120365293328237,1.26781678069467,0.832727484014614,-0.10859744325708,-0.247608178868052,-0.926520744151847,0.397837426835469,-1.27904563278202,-0.58051957668922,-0.110392058949723,-0.0456047209856577,0.121347904822507,-0.0224653733597529,0.644150207011865,0.622056137497166,-0.350315561042477,0.0447722510317335,0.0261503321790232,23.17,0.0
7519.0,1.23423504613468,3.0197404207034,-4.30459688479665,4.73279513041887,3.62420083055386,-1.35774566315358,1.71344498787235,-0.496358487073991,-1.28285782036322,-2.44746925511151,2.10134386504854,-4.6096283906446,1.46437762476188,-6.07933719308005,-0.339237372732577,2.58185095378146,6.73938438478335,3.04249317830411,-2.72185312222835,0.00906083639534526,-0.37906830709218,-0.704181032215427,-0.656804756348389,-1.63265295692929,1.48890144838237,0.566797273468934,-0.0100162234965625,0.146792734916988,1.0,1.0
62084.0,0.702305553481869,-1.35206391241134,1.84475213974331,1.32011067812118,-2.00521237522872,0.80319397530742,-1.27869233367342,0.531456428803813,2.21489198337375,-0.581831018880854,-1.21220839659834,0.0166182247861059,-1.91133316677625,-0.844537240583776,-0.949089538388532,-0.622029116743797,0.842850847685033,-0.447700082297569,-0.235097844727413,0.0876486761145124,0.187098955685286,0.613147059939366,-0.18539862520374,0.481886459197041,0.16535683555786,0.712655296864736,0.0326254124437798,0.0560821847606079,186.4,0.0
94362.0,-26.4577446501446,16.497471901867,-30.1773174564996,8.90415677106517,-17.8925996927224,-1.22790388102871,-31.1973285494605,-11.43892041491,-9.46257260540015,-22.1870885620007,4.41999660154863,-10.5923050053728,-0.703795803703315,-3.92620731586873,-2.40024649210124,-6.80988994039049,-12.4623149481086,-5.50105078380738,-0.567939572890149,2.81224110932946,-8.75569832116533,3.46089334478551,0.896537503959012,0.254835536763482,-0.738096558530353,-0.966564233789852,-7.26348214633855,-1.32488430656137,1.0,1.0
52158.0,0.994034452349662,-0.864693932184877,0.756531966389407,0.186675981536206,-1.00895999260766,0.365897143647996,-0.694989124021509,0.277311823011214,1.44273411647236,-0.502915760693962,-1.26332837037095,-0.268228135783595,-1.38713018406065,-0.244197991718904,0.157107588424972,-0.185836867947741,0.328319198800595,-0.726641658560972,0.270202567334674,0.0327881756900554,-0.190306946894682,-0.564418249468427,-0.0297906084122318,-0.386129529174753,0.0411503664567726,0.996743570390231,-0.0476242801639349,0.0214709201822147,116.24,0.0
70828.0,0.196706751987779,1.18975728641634,0.704882217511495,2.89138777331251,0.0455553693851548,1.24573045976205,-1.19871420021049,-2.42161641083942,-1.23208864617238,0.324238886093679,-1.27393508028395,-0.868686295319925,-1.18194465496857,1.0275841718551,1.68813234484864,0.256215978185418,0.120608339589106,-0.0523460171330233,0.329826631850516,0.646616407050903,-1.32813178943378,0.189310618105111,-0.00552418359572104,-0.814707739467747,0.400924279960331,0.286281378755055,0.135214945600326,0.257314769060283,0.76,1.0
35926.0,-3.89658259167336,4.51835470349753,-4.45402724041253,5.54745334718879,-4.12145857265685,-1.16340665785105,-6.80505305303552,2.92835625399971,-4.91712959933528,-6.60046062150676,3.36784560815482,-7.88897751950988,1.68260346667335,-7.62865191597326,0.779245995683184,-7.53340432942796,-14.0646239413114,-4.96010863308331,2.52578492424474,0.757286726552078,1.69104203001122,0.920020577187708,-0.151103893232396,0.0110068782298363,0.0803032669086078,0.412191351423526,0.635788870982512,0.501049550484962,4.56,1.0
77182.0,-1.41085190223088,2.26827061391536,-2.29755364869312,1.87133052690782,0.248957097554545,-1.20879869131782,-1.35864849113679,1.10291613180529,-1.31736377078276,-4.62691916410905,3.35763973653551,-2.99881490434833,-1.95678634545881,-6.76663337149207,-0.869899592420961,-0.868576751992314,-0.370333268936992,0.419265507331837,-0.894893657235367,0.0580625903425241,0.155380926745126,-0.614880421672272,-0.196125537805858,-0.464375543427361,0.118473100986687,-0.484537034984231,0.373595915880442,0.187657248903867,1.0,1.0
89992.0,1.92217151042112,0.345686474864761,-2.72433072194422,0.357376043948808,1.4435618767461,0.309657530999315,-0.00325339364226933,0.220278123622747,0.343844340168128,-1.15098587535945,1.89306302495711,0.28030569971819,-0.446889965509143,-2.21300706769162,1.2243389778629,0.299044218945101,2.1380737060213,0.677832760443912,-1.23525196338637,-0.242465574483249,0.183744697686346,0.786493978647303,-0.0493100323726814,-1.8568338791746,0.084231258615143,0.0128049017150413,0.0626281959915298,-0.0203395253804572,1.0,0.0
92102.0,-1.66293711018596,3.25389242362715,-7.0404847120185,2.26645647990886,-4.17764891282786,-0.746924828187599,-0.248336733243902,1.09115651568673,-0.307137450847617,-5.56794705115052,2.71273940377591,-5.94840312668093,2.14472605490538,-4.21175592358692,-0.137195538810617,-2.63940913979839,-2.53235540606601,-0.667067027160165,0.626059293435215,-0.842178336511866,0.450381285220709,0.521161529635377,0.308325446158517,-0.318011840652356,-1.25536156975299,-0.691963403718384,0.264878381232973,-0.130444804408444,600.73,1.0
96650.0,-0.348533731631002,1.42706905277972,-1.54656523309437,-0.643049889068704,1.85355091808955,-0.554079585548649,1.08822245162599,0.0991836241622446,-0.0556465664257191,-1.49669053098041,1.39636835241313,-1.94022003861565,2.48053694760077,1.03287505781996,-1.48020328410072,0.607095022355341,0.851477970510537,1.0480727232913,0.0237106456908954,-0.0799839512179415,-0.0131082921061709,0.0101089531717783,-0.300346690406286,-0.239754218086524,0.272800983525543,0.52939697488838,-0.188663826456833,-0.0497090925218789,22.8,0.0
100298.0,-22.3418888868038,15.53613332478,-22.8652284959099,7.04337354768731,-14.1831291919342,-0.463144880408286,-28.2151120538009,-14.6077905214735,-9.48145633401495,-20.9491915543611,4.73958247105186,-11.9249546896802,-1.50141102577851,-3.83678146634435,-2.72032883823594,-8.88010567222989,-15.8251362851177,-6.75042522352437,-0.129188144339879,4.10001904830367,-9.11042257588182,4.15889482041313,1.41292844456256,0.38280067392155,0.447153952515532,-0.632816336434319,-4.38015425911661,-0.467862869164174,1.0,1.0
28726.0,-29.8763655139763,16.4345245512223,-30.5586968214292,6.50586178736296,-21.6656542956569,-4.94035632949796,-20.0813910746494,19.5877726234404,-3.59149104711596,-7.80059820772759,3.94783971729026,-5.4879114860488,1.36994034924206,-4.82955244300835,-0.134412095441135,-5.12116240451142,-11.1181904509172,-4.65995586983801,0.608930080519071,1.72477883837961,1.81295397464878,-2.23225158753151,-1.41280344282556,0.178731069561437,2.15604185816706,-0.20938462411377,1.25564890085966,0.364530452975509,99.99,1.0
105911.0,-0.848676911387459,0.155855345972892,3.74484440145382,3.37004676510606,-1.41986053257833,1.4141556834642,-0.970250623313925,0.378198061188447,1.23594078306128,0.259469654884499,-0.455752142298168,-2.74045284980898,1.74304968561057,-0.00989835954671487,-1.60663262544909,-0.41516393222369,1.85634863919635,0.0724839859915231,1.95134018211987,0.20242305076868,-0.120115260468719,0.439047158914074,0.138890021282465,0.567736740125913,-0.385979830085948,2.83488742317984,-0.0627390669427429,0.0176710100611005,57.6,0.0
55054.0,-1.90187271075521,2.28345563033263,0.446093028490635,0.0111985274807801,-0.445031918016933,-0.177339292038733,-1.09243014398363,-4.0626304408921,-0.4511602199869,-0.586257683935601,-0.217712562240829,0.777185409199972,0.652871549168014,-0.083637474821329,0.711402428792635,0.555099446691468,0.284069694224645,-0.170924991707678,-0.321639377517908,0.516995702267509,-0.0366311704341164,-0.762451794329524,0.400541901935543,0.307798825467316,-0.126766126046747,0.0441450107169147,0.133699256358617,-0.0986861383022351,17.99,0.0
41147.0,-5.31417320646342,4.14594361146639,-8.53252245892907,8.34439167363678,-5.71800820787464,-3.04353608094129,-10.9891846672722,3.40412865609659,-6.16723364181153,-11.435623996076,7.67453383416429,-14.2960914258331,0.526938923712363,-15.4450258118019,0.991651201275811,-12.3913460034009,-22.5416517287861,-7.98672065349455,2.99255446334225,1.15001731865814,2.33146580801509,0.862996305559532,-0.614453237551036,0.523647877136623,-0.712593271662611,0.324637964828057,2.24509146635599,0.497320848969724,88.23,1.0
32679.0,0.414141676046384,-1.14541699064516,-0.0938334428210588,0.980206100063209,-0.966526832252155,-1.1223715299723,0.748934205133563,-0.406970512930856,-0.0804161259713452,-0.249025985943949,0.024011320924451,0.425889399345023,0.320851574857646,0.395787502327582,0.948162940276299,0.0879113885757628,-0.223430762446869,-0.403768765987058,-0.430781668261433,0.788393193598866,0.282533157763863,-0.127906020871424,-0.405429872951522,0.785607518532159,0.310272821576659,0.435890563010054,-0.129699751986273,0.0872829916399731,439.0,0.0
41313.0,-13.8972058704019,6.34428045616839,-14.2816664432471,5.58100899740718,-12.8871331616131,-3.1461763671985,-15.450467216827,9.06028147442157,-5.48612077680694,-14.6764702497464,5.1483517210937,-10.7495919949504,1.58548896754337,-9.79801207658904,0.733276999106463,-12.675268899047,-20.7406637223494,-8.15366802624724,5.2283417900513,-1.02522792390103,3.05808183846397,0.941180290424241,-0.232710298333368,0.763508019302571,0.0754562386388435,-0.453839571774416,-1.50896825698328,-0.686835738780169,9.99,1.0
22851.0,-0.0587426733573152,0.558476128307416,0.583914590492416,0.607417165898088,1.53952417764962,4.77881682960695,-1.55458186240562,-0.536207634709997,1.56949845958592,-0.453283678817145,0.421250948951231,-2.3041819022864,1.5825658660512,1.36836066456744,0.065704473038224,0.0634086211850336,0.452251667232744,0.810033908151566,0.787796151646991,-0.19608913783154,1.24113243023496,-1.05258897465246,-0.170445033728594,0.93685520653708,1.08839888101966,-0.165623480685126,0.230290097769182,0.195295295979446,29.99,0.0
43258.0,1.27366386698842,-0.103797868056325,0.194213650253023,0.458048548780726,-0.134017124268238,0.303724051007405,-0.340483812936237,0.202125269065918,0.555706030073738,0.00414400786598524,-0.22363123634712,0.0812551429363583,-1.25260863351681,0.276417723671368,-0.607826055745707,0.412416819066661,-0.600368828843024,0.313950037794528,0.961244094971102,-0.169252358061529,-0.343148504834794,-0.900712769038608,-0.0580048258127781,-0.858354417988013,0.419421884481273,0.241081956901212,-0.0281026675924348,-0.00899563688699318,0.0,0.0
62978.0,-0.926245203386596,0.846251950555094,1.72568279386784,2.16482272598414,0.380353354573742,-0.308208425450794,0.625292194959238,0.0317527280866649,-0.731204059739241,0.425263222659961,-0.971502469727235,0.0404270866338766,0.168488295792623,-0.322390629360399,-0.906626126232649,0.0776016395409679,-0.233388030720672,-0.542745452970287,-0.437618057869285,-0.0346311033878627,-0.210491136791956,-0.312882206876642,0.266239438402118,0.366843558175115,0.215430663773042,-0.11127965589047,0.196168173090143,0.0458320951819134,13.84,0.0
53451.0,0.385108461103674,1.2176203228402,-1.95387216540948,2.08707599095328,-1.14422540643716,-0.57688799482478,-2.58286504391682,0.643229999334504,-1.19123269237613,-3.09509360697848,2.82114488798301,-3.1005456578695,0.146199374342408,-4.51012391529804,0.574490022660784,-2.12346278453199,-6.05331938825344,-0.70637615273475,0.572791028207014,0.380545212283106,0.594623132460925,0.372143665842342,-0.310455791389476,-0.624065148802846,0.840216130296559,-0.159451766672991,0.599482364663208,0.288915549852885,8.0,1.0
35585.0,-2.01900071938148,1.49126972926361,0.00522181572867197,0.817253270463702,0.973252233873376,-0.639268312778292,-0.974072997078786,-3.14692889107659,-0.00315907368902013,-0.121653217684609,0.0243696057661544,-1.07381224038496,-2.00276910919169,-0.895433620751722,1.74893630108012,-0.103527023620705,2.03119574973193,0.31759835677742,0.38676063692414,-1.02996468249782,2.83959610796444,-1.18544284096841,-0.142811875801854,-0.0861029384113329,-0.329113253522425,0.523601226377288,0.626282771397878,0.152439938058669,0.76,1.0
75869.0,-1.02222704735502,1.24800965907475,1.63197495607151,-0.369942450838289,0.194734267890089,-0.216403964360009,0.886912400645854,-0.185064044314719,0.244083162203281,1.17026837040512,1.89796485587455,0.465572251169802,-0.486137833363183,-0.18477225113825,0.528515635009092,-0.167921757337644,-0.507809244180156,-0.435804781718195,-0.212010331263605,0.571785966621292,-0.334768821890317,-0.371316166394899,-0.017323648381097,0.184954271864975,-0.231328178776758,0.028823416854767,0.260524202472905,-0.135537367558166,8.93,0.0
105846.0,1.98997339035904,-0.211192633527364,-0.162694679001549,0.548189432254683,-0.686925584804443,-0.733062570524671,-0.607572380313866,-0.110631470308411,2.74144203712871,-0.578959101818273,0.128154870365872,-2.45017832047918,0.843394748444282,1.68890437031321,0.47117055732643,0.17442758307662,0.182335208296504,0.303796688112939,-0.416428678902085,-0.350381876480299,-0.272702762478762,-0.435527429478568,0.381839920620845,-0.157557192447985,-0.435480382279119,-0.956758875796718,0.029918634413587,-0.0355811110057055,2.12,0.0
101597.0,0.91311613528992,1.1453810871791,-4.60287793273505,2.09180337375362,-0.473223859280585,-2.0854358325571,-1.67124403232231,0.0943965856348779,0.337798765397573,-4.4318096317282,4.87197985976052,-5.39522117678937,1.33250215621937,-4.60379669207464,-0.77731354811867,-2.57189156103509,-3.00361530529652,-0.225441388417525,0.252273565031692,0.50898474829098,0.40141574109896,-0.0849334160429759,-0.197684434494785,-0.283271078982557,0.387597335722074,-0.553526986386025,0.516274456782261,0.270828187083758,147.87,1.0
101051.0,-1.46531575579616,-1.09337687781209,-0.0597678482279439,1.06478463530602,11.0950886001596,-5.43097128323669,-9.37802517086658,-0.446456139679101,1.99210961400888,1.78592177154007,1.36858453419511,-1.47169658834377,-0.72475884619705,3.44242199594215,-0.957403224855046,-1.62612941891216,1.41821495932655,-1.41791682839858,-1.65176618071699,-1.4576102135585,1.16062328833533,-1.2596968082996,-15.9816491909559,-0.883669935248733,-3.53671623161143,-0.59296488849027,0.675524833181225,0.424849351792902,0.92,1.0
31317.0,1.12339464088756,0.00573640474035796,-0.0580063506944382,1.06029417593764,0.383550804793755,0.760474798578567,-0.0104344079410034,0.192272801160836,0.105727325406016,0.0294918508847808,0.212593711201153,0.848387884035884,-0.0689725083932518,0.216500795080463,-0.707743388654346,-0.212332740375517,-0.366608265653327,-0.125838599083848,0.307295539948308,-0.0712753870454859,-0.0971274457414302,-0.161490025849681,-0.237283460637273,-1.01317471726507,0.758441382731821,-0.268781682694889,0.0272818567003348,0.0016286276948636,46.0,0.0
25426.0,1.12533553530785,1.13014648418496,-0.962975334759173,2.67568785863118,0.990074518469203,-0.243317741184431,0.316192138064781,0.122960131988498,-1.1433427947576,-0.369908966047961,1.83449419801385,-0.491243315415958,-1.12990700459946,-2.23862224442526,0.27846874170613,1.47792560308038,1.77645429510255,1.14928218583042,-1.30699464468423,-0.138813697509247,-0.166736918429935,-0.52193383894905,-0.112376257435029,-0.592076750460089,0.520791314299405,0.0433535805717847,0.0151590212632604,0.0636117222853327,3.76,1.0
45269.0,-2.35159247476413,2.15549341308132,-0.0180709668632893,-0.558832041904123,0.311438622508705,-0.867205663422619,0.507038294107289,0.336637207789867,-0.168130816833012,0.100907840236056,1.8195491984083,0.322098280631241,-0.878235785225883,-0.859461467011625,-0.0497644860610115,0.491474801531155,0.815239626598904,0.232208625649586,-1.08007891824491,-0.0105687096607887,0.0585448281545445,-0.068529974058015,-0.264722713910455,0.104689588622424,0.129658411791544,0.165495533476481,-0.408386758752377,0.179474181888028,0.76,0.0
52814.0,-1.10184700698197,-1.63244121283891,0.901066556872515,0.847752885502341,-1.24909072939532,0.654936785498635,1.44886782586722,0.0233079125519542,-0.136742416820243,-0.150129182778684,1.17235508293037,-0.795988136674965,-2.13695096583302,0.578869439330842,1.4121147225086,0.0134668068434063,-0.119204381070058,0.826814373772222,0.476859902488945,1.23027784051309,0.610653920616913,0.835795006603528,1.17995542066426,-0.0290908864225033,-0.300895693792436,0.699174952578756,-0.33607170899039,-0.177586827857027,519.9,1.0
71071.0,-0.472426135186956,-0.360551938809882,1.69839424137107,-1.94024932292789,-1.20504540502433,-0.836840309666298,-0.560109117730349,-0.177556078721433,-2.06405390007097,1.24341661171998,-0.774262722125516,-1.47165193706519,0.0645067324093285,-0.513919822112285,0.573154304555513,-0.38565692110293,0.444833300476552,0.500313188344432,-0.213050283042375,-0.418497637065766,0.0896404494750249,0.622956376109131,-0.248161502849858,0.379159628994057,-0.266369560513624,-0.122752308245307,-0.0552342592934347,0.105529487182157,21.65,0.0
58642.0,-0.451382569628168,2.22514650025341,-4.95305045271638,4.34222824814605,-3.65619018970243,-0.0201214656089607,-5.40755361778584,-0.748436141338482,-1.36219775131112,-4.17062288702767,3.76230638231684,-4.22622469486547,-2.04669403006077,-4.71049793587464,0.217572360008267,-4.73908378383857,-6.13188675183675,-2.42587063860491,2.31416486951171,0.724381267691587,-0.575924092076688,0.495889440695266,1.15412793921228,-0.0161857864909953,-2.07992826296301,-0.554376906341192,0.455179270612071,0.00132065645985432,113.92,1.0
70254.0,0.915279189326579,-1.19487482995273,-1.31080325729394,-0.424037226427292,1.40715525459675,3.55364549661478,-0.580180559879655,0.748721613677612,-1.2070800329537,0.801896276110866,-0.371756647181532,-0.242413004976977,0.36219088056416,0.352163552379388,1.0667549090274,-0.903403444619434,-0.738339082744168,1.65827019402945,-0.893666386348894,0.0827770611544192,-0.339471901131683,-1.20309991465298,-0.16999472366381,0.94901887474583,0.460849197544751,-0.457852366480506,0.00481080507270461,0.0680369109663978,251.6,0.0
82132.0,1.31634297563375,0.281863957061347,-0.056408391243669,0.505025150533637,-0.0326089778927392,-0.618956878339126,0.0189105826034207,-0.109958480887843,0.201516145062889,-0.259312889626017,-0.941008619519424,-0.431640603646795,-0.362283569334108,-0.191555939803876,1.23491248985162,0.7568874577226,-0.267695924242047,0.0636333532078098,0.122643415233135,-0.103039185548864,-0.351615031211847,-1.04295985898506,0.0346410918697895,-0.528565454381136,0.303126328128853,0.149603485625589,-0.0287117445513497,0.0204552319686562,0.89,0.0
20931.0,-16.3679230107968,9.22369194937548,-23.2706305232856,11.8447765860728,-9.46203714585895,-2.45044437416398,-16.9251520440555,1.38420847895884,-6.28773594816964,-13.0027093010697,9.69146098207319,-13.8865951585248,0.838361375836116,-13.5170724083842,-0.377910607106286,-7.85568149439455,-11.8038151924676,-4.76102594206856,0.618624412799665,0.993584598744375,-2.34367359429797,1.00460241382139,1.18821215709493,-1.04718376839983,-0.0355727659827232,0.664899774367373,2.12279575423083,-1.41674061492574,1.0,1.0
79313.0,-4.58768662244218,-4.52437510380393,1.55955489913115,-0.477092193083579,1.70849407494568,-2.3578305912173,-2.66628017179584,0.69478420642474,-0.723621196899144,-0.060385807788663,-0.539483037181784,-0.753920103490481,-0.218085378980616,0.0345654850396418,1.12361970749259,1.612224425377,0.364006199164543,-1.08000797518979,-0.604907719620316,0.302309982694533,0.599213690770763,0.730116305798378,-1.08190604892966,0.216122935574539,0.177586025095251,-0.147018073738527,0.106665352469263,-0.541927592953353,24.99,0.0
40276.0,1.15937314510686,2.84479469928473,-4.05067950821309,4.77770088131929,2.94898004123771,-2.01036111013216,1.74408581794948,-0.410286521869204,-2.45019774688553,-2.04216786301424,1.84409317018026,-2.42593281501277,-1.5842751343556,-7.2083115791564,0.459828383286257,2.37529619792022,6.4435098643744,2.59184606301795,-2.88977035831304,-0.059264385833904,-0.176541018596848,-0.433469859425429,-0.529323202003731,-0.597019604985794,1.33595405267787,0.547092070642555,0.00997894426391215,0.160769150049196,1.0,1.0
48742.0,1.21200020422215,-0.296086906275309,-0.76603965474556,-0.506467023184908,1.70432115380928,3.50924120805214,-0.810597878283453,0.905993509147493,0.198952079314931,-0.0408541808578259,-0.0779577108466609,0.0701235312907417,0.137043320191214,0.233467538859758,1.44766201091151,0.862496512038526,-1.01695196400551,0.242511732713363,0.0803133153837822,0.111315166102796,-0.159747024385734,-0.695564574504699,0.0406675322102895,1.00747453063483,0.301371939381109,0.190826114816805,-0.0145110970241041,0.0254018006970873,43.0,0.0
64614.0,-0.303541575322776,0.271755399565227,1.23254532464633,-0.64606009683928,-0.118333575964808,-0.284671500138327,1.1148740217726,-0.240666938092466,-0.480259616102485,-0.258890052328377,1.02102828272465,0.185368899028839,-0.237942262425976,0.148113290949451,0.223303516451533,0.385618764539452,-0.76416962914438,0.426468149050109,0.48550149815356,0.312564818055575,0.132260728333935,0.302892147769019,-0.0132208102038702,0.0630642191248597,-0.0287355992451969,1.00184069158976,-0.268424144287943,-0.222044169166532,120.0,0.0
78140.0,-1.13234362510985,1.73176809974377,0.572195077467936,2.70795890009745,0.042968641656265,0.23915669554637,0.180560795714611,0.421268445923166,-1.58095219463982,0.794872432088021,-1.19940218549057,0.360908976435723,1.93568683262598,0.275451303873368,1.07685288227483,0.362796271242434,-0.252488457451738,0.0214551479874097,1.1409479344659,-0.0457045219368252,-0.0790392202564005,-0.314486737207709,0.159743051774275,-0.451870136847473,-0.854336342024141,-0.167736724636422,-0.539971983703032,-0.235436135791442,21.48,0.0
80493.0,1.46165865742351,-0.90452656623361,-0.140406652742204,-1.51692768593347,-0.969755483489466,-0.785182571376943,-0.513317947939459,-0.244688240459126,-2.48213644963423,1.59857261197634,1.08259844394889,-0.0484072898891441,0.744329707430375,0.0651469799347844,-0.415768683437955,-0.377156514634379,0.261764506058804,0.00112272345742723,0.433990566199362,-0.226893323715744,-0.451303373040751,-1.05286363551258,0.0648429126370832,-0.0519816452500136,0.354326067063214,-0.450905701252585,-0.00503969353943879,0.00862719186367348,47.99,0.0
53222.0,1.17050990315209,-0.160568042256161,0.645794934457418,0.702298458570198,-0.928732979031396,-0.844434537877872,-0.306273336728089,-0.011669811267434,0.608079903847912,-0.0219288351759895,-0.701561203263601,-0.887440655036328,-1.89803859247336,0.525955013835323,1.38768542152788,0.5138892485262,-0.35724948806994,0.136892701830919,-0.311356868625135,-0.153945446018039,0.00626290440144247,-0.124605392810955,-0.00831998999143588,0.373798805352875,0.255151535193379,0.349555457977453,-0.0359309184602915,0.0217402466080635,39.9,0.0
14152.0,-4.71052878230567,8.63621438967976,-15.4962220036783,10.3133493732845,-4.35134098287048,-3.32268873543923,-10.7883728387388,5.06038112024979,-5.68931118776998,-11.7121866242875,11.1524905985837,-16.5581971409376,0.302644522406362,-17.4759212828566,-0.412393267331071,-10.222203169604,-13.7991476446987,-5.00858517858957,1.16202614780693,1.43423977941906,1.9905453513529,0.223785002572736,0.554408428563337,-1.20404159623154,-0.450684594730258,0.641836059375492,1.60595762479265,0.721643614506061,1.0,1.0
118603.0,-6.67721162487866,5.52929920087665,-7.19327456474359,6.08132107951892,-1.63607097105033,0.500609583298219,-4.64077020758754,-4.33983969614375,-0.950036405131991,0.566679814004086,4.3150759158968,-4.93828359985114,-1.10570973729343,-8.49081262174082,1.00362574598099,-1.94912326096651,-3.09301268981888,0.124087074705575,0.886746966076448,-1.11868675540655,5.56330066446813,-1.60827196122017,0.965321595694456,0.16371797930961,0.0475308707267175,0.466164782963216,0.278546743051982,1.47198811731278,105.89,1.0
112383.0,0.662114872575355,0.579364824141936,-0.34365068348821,-0.198247040356536,0.423615910790237,-0.245359558023701,0.186111717310317,-0.922274920589391,-0.0691391110651673,-0.216605259839205,0.950939800207699,0.830991214355195,-0.132597410818,0.824594796992764,0.32437546433731,-0.324013100323119,-0.546478053470235,0.717488655086886,0.543635792865212,-0.231269266073646,1.12262908494396,0.861014193669523,-0.220162452779076,0.796631705909668,0.580526783702626,-0.357935496275713,0.271777913390164,0.297218734521833,1.0,0.0
41138.0,-4.59561704249556,5.08369023030901,-7.58101461744265,7.54603279503791,-6.94916456384443,-1.72918492987346,-8.19019171984817,2.71466961013434,-7.08316933143187,-11.1412776902967,7.38185937432083,-14.4686550955305,0.299659909360646,-13.602211465597,0.516112699650764,-13.5632729563133,-23.8156358284126,-9.17055721888169,3.66952343976659,1.68216030642087,2.24897122592187,0.566843572297808,0.0337440528595468,0.591783408003629,0.334228764687698,0.386801106292112,2.16389776726335,0.983103834042297,340.11,1.0
46955.0,-1.39815091051953,-1.01460693215787,-0.259232806859555,-0.893271276397629,3.42581781416155,2.78922632514472,0.0646351609852495,0.584249151475999,-0.338051478057304,-0.0444008012115667,-0.121472521563176,-0.294899781963573,-0.00248743406557622,0.158812370080453,1.05251131787508,0.393293706514618,-0.990349512719901,0.113630253729014,0.477004287014583,0.332052541365263,-0.138497397241446,-0.623578628274486,0.316264550926207,1.00656570396315,-0.358155439131896,0.141290325718999,-0.261238550868756,0.143377225094919,118.9,0.0
37425.0,-1.78010572936786,1.61125159160253,0.569264122305758,-0.572271742783058,0.404643392310408,0.142051570117912,0.477075868707047,0.422000363414519,-0.0382973486094871,0.741960024684097,0.362248962200666,-0.790733358452026,-2.25215863102354,0.77392897724025,0.560709624539047,0.0665239543816184,-0.339123768417463,0.237986942938854,0.314008299101454,0.163266062038295,-0.0703039787962908,-0.209801095813488,-0.389634044108815,-0.848240766494575,0.530613256297488,0.432049116207328,-0.264566385254889,-0.0707551193986383,1.05,0.0
28068.0,1.13664262713953,-0.083718704675391,0.584837558158433,0.261637876744838,-0.906812390683966,-1.37058739627903,0.0746773983984138,-0.28767400412408,0.100692934215712,-0.17202181446106,0.305982452488819,0.566717519532972,0.392228361643306,0.193648618926916,1.04218190681057,0.158696609427663,-0.160444596380578,-0.704306412568987,-0.219537122643141,0.0564075414618453,-0.0526758927641867,-0.264918450172689,0.0735027238458004,0.995466941457172,0.1300376460858,0.861971246745523,-0.0878908845910755,0.0224591006307602,62.7,0.0
18088.0,-12.2240206243564,3.85415032971366,-12.4667657248211,9.64831072711484,-2.72696132147655,-4.44561038185083,-21.9228110340575,0.320792273696859,-4.43316165783721,-11.2014000859835,9.32879925655782,-13.1049334662012,0.88848078772943,-10.140200337183,0.713465392614318,-10.0986706554809,-17.5066115481045,-8.06120798966267,1.60687003263877,-2.14718143950284,-1.1598299509044,-1.50411888189644,-19.2543276173719,0.54486672601225,-4.78160552206407,-0.00777228109993075,3.05235768679424,-0.775035651186717,1218.89,1.0
64093.0,-6.13398694801985,2.94149944882418,-5.59398556768425,3.25884522291112,-5.31551221858167,-0.637327763117765,-4.47648804491816,1.69599358704814,-1.60674315131804,-5.11725920989043,3.97722223959189,-8.06609609331146,-0.760887591756867,-8.66077095912039,2.22023798968633,-6.23759654204862,-11.0463816554829,-4.15587936834903,1.76361087438004,-0.815086315781228,0.86833985051032,0.793736498280638,0.217346586657621,-0.0219850652442062,0.145881913923651,0.665087660642875,-1.68418604869422,0.31019546302906,294.9,1.0
97283.0,-1.80976314298285,-0.567439076926027,2.26518570717186,-0.960317854196289,-1.21253704557239,1.51649315015481,-1.41717602115828,0.903421087234239,1.96102726156665,-0.72432844923859,-2.11462116248566,-3.02290656709718,1.21587762135664,0.137917147987721,-2.45665384396099,-1.29702809762159,0.968448273374177,2.06302007137314,-0.464144476208783,-0.554004113713366,-0.509915294701816,-0.424977899800272,-0.268620924668185,0.0101208106241679,0.466861698680854,0.835539827507986,-0.062385180441987,0.0880786484222469,75.0,0.0
53991.0,1.17721660273899,0.159519227649263,0.231192838503559,1.15963361548503,-0.424176826556257,-0.987643631826601,0.173055780429414,-0.166236455980249,0.181179153347863,0.0383811497571182,-0.620352192643107,-0.521655333074746,-1.33475830519424,0.663306883464444,1.07065934846183,0.115899215804438,-0.348261201511269,0.0191083620782504,-0.372890834321374,-0.16007262187212,0.0328761995137699,-8.20060557640242E-4,-0.112969944444927,0.363071698653761,0.62969790922055,-0.327604642337155,-0.00146980127485978,0.0234528895967247,38.57,0.0
17838.0,-5.18787810836635,6.96770866359565,-13.510931139095,8.61789514115238,-11.2144223939458,0.6722478387604,-9.46253281088355,5.32870420774381,-4.89700552817542,-11.7868116556041,9.36907905765884,-15.0941631493865,1.25637700700759,-11.8521613037824,0.274429814172421,-10.6882417917386,-18.3888105354245,-6.89884013301839,2.38280793552097,-0.623737291574186,2.08608300107406,0.760190240866359,0.716805785858217,-0.646743429628277,-1.61704292571624,0.172346889503238,0.626646780979254,-0.169726031129409,766.36,1.0
44084.0,1.41153244429969,-0.699989431498171,-0.348606996924564,-1.19658157349029,-0.0472431760299193,0.701481871051593,-0.737553005162068,0.196199845891334,-0.83778425561416,0.771343018562373,0.0105649495766895,-0.737615045895404,-0.269290419517547,0.105160433791025,0.4738862952155,1.54536270529684,-0.309060491228931,-0.688488713439755,1.09851253065386,0.103485036593714,0.115639513726958,0.194447791812955,-0.250096686197014,-1.69519031076922,0.596781834053775,-0.0885089851514941,0.0067467529979534,-0.013349305609286,30.0,0.0
36209.0,1.45390159889773,-1.06600758780184,0.807784074647109,-1.37277289395483,-1.58151759100904,-0.313762234918597,-1.27288063867738,-0.0497687982460572,-1.72626332154303,1.35789849937279,-0.151228133793693,-0.377223329162946,1.40389620130852,-0.635935086376887,1.00056710619543,-0.481210767055872,0.604167926839761,-0.244217239493503,-0.806041195207296,-0.295127153745099,-0.0226556758721683,0.422868400504689,0.0183666595246098,0.101721699709154,0.295662851445669,-0.0769587624627178,0.0736030701036976,0.0259521064264772,13.4,0.0
119188.0,1.29015391189217,-1.11181604878248,-2.1518514100918,1.43832985647984,0.339204138106872,-0.384490881919285,1.02265794106746,-0.434016839026837,0.226479892033912,0.0502366956053013,-1.74692709483995,0.242630821372385,0.554015083525207,0.421579202468517,-0.0667384135059505,4.71951775531674E-4,-0.748232292293952,-0.19478298121879,0.0410838000495574,0.626158330228849,0.0727379584941335,-0.559403920359815,-0.335013350837776,-1.0073128232571,0.153557779206599,-0.717950536320832,-0.0798608808219212,0.0126294651964772,423.8,0.0
43738.0,-0.708340962160807,0.0404449062328365,2.20008311639668,0.749541850683663,-0.744579455607792,-0.0102897023021561,0.317844402029648,0.0732307116355204,0.0815542773946278,-0.624989724241266,-0.708012080281082,0.556060126467616,0.965373842133886,-0.604689395537351,0.240498897312666,-0.234010097700457,0.021749599355051,-0.0226010486836406,0.745787164433948,0.447951669483784,0.128794047957605,0.312569167639049,0.267857102270202,0.446607023199294,-0.435194464459725,0.33206889111128,0.10794527425576,0.168127059218807,138.0,0.0
77202.0,-0.356326154090313,1.43530513012275,-0.813563965472736,1.99311717679272,2.0558775401316,-0.54357866590526,0.487691066602944,0.0854488054265826,-0.536351998021526,-2.23120932812687,0.273983570211148,-0.535839387011391,0.595677221650834,-5.14182349291966,0.732366764261792,0.623912780633594,4.09098324669186,1.63408402811385,0.26084733041578,0.303261648412104,-0.312862941766726,-0.687873797330169,-0.267002508610821,-1.15848006325515,0.271459963711122,-0.155397186179697,0.114328416432227,0.101525594435204,1.0,1.0
55226.0,-0.307552048352326,1.15761280483665,0.870933289710809,0.346598618969046,0.818578107046456,-0.651817316740858,1.029558584148,-0.24580296938717,-0.911020617562092,-0.51831675464524,1.39848424293206,-0.28494184042833,-0.731104024037014,-0.972388714574227,0.535348813947926,0.316432125678174,0.655557855350745,1.05234984057523,0.957788303661357,0.150981265622993,-0.0784429622244862,-0.0863588424108074,-0.374098330637581,-0.099153063004932,0.0619947499145144,0.424131963836666,-0.108104984781272,-0.111194549530266,0.76,0.0
93823.0,-3.82193880087939,5.66724730913206,-9.24496345774236,8.24614693395311,-4.36828608664298,-3.45073451820581,-8.42737802930292,2.30560850484611,-5.33807918394682,-12.0111608836062,8.62125508140256,-18.6837146333443,-0.962073428413392,-15.2976561861343,-2.41413212341002,-12.105602245184,-21.3381950868483,-8.04543571561822,0.15601503277122,1.11524688892983,1.99051970513882,0.0833533215963405,-0.0622635530228708,0.390187802079359,0.329883884451897,0.0980170825531413,1.86957016296191,1.00084956292018,75.86,1.0
109791.0,-1.91239497933848,0.234807360182595,0.830457387871645,-0.88252136512141,-0.027269857221188,-0.218334556310409,0.279442962858086,0.19238779258335,1.89796835674256,-1.54595396557731,-0.27037019813575,-2.36664341710156,1.86302977054574,1.46485481547804,-0.0669873509280821,0.428924912389557,-0.0604935890084886,0.830255035694166,-0.709986865427756,-0.708838837813235,0.0545625202332138,0.669277493930879,0.07438447059801,0.627474605447859,0.25003793870316,-0.604306534416064,-0.198820101677059,0.00260754328618714,102.78,0.0
58182.0,-0.613152716555037,0.566019079765279,0.396056865695992,1.08140050682315,-0.749001580460129,-0.135474080318845,0.777036297949292,0.442580773876695,-0.501974679436804,-0.517488692585535,-0.726741296674888,-0.834192212305729,-1.67739156548045,1.02664481795459,1.43948431806933,-0.319702729595733,0.325925360602234,-0.0393791553530402,-0.0480685756282491,0.105759314239178,0.286048320554037,0.376688540947271,0.41524807977896,0.0140307576203095,-0.193893329554868,-0.297932616463266,-0.101120528923077,-0.0124586178161633,188.0,0.0
47923.0,0.364376991240021,1.44352346510311,-2.2209073739296,2.03698508634993,-1.23705503097364,-1.72816100636381,-2.05858236489925,0.358895084111675,-1.39330570864802,-3.50579032571994,2.81431415481622,-3.34217599575955,-0.150269366634614,-4.82032224395007,1.10260955786246,-3.15703267184314,-4.40585022452865,-2.55882785118576,-0.208809536741974,0.310979602822284,0.402729680639885,-0.132128891527171,-0.0329771760409112,0.460860836846427,0.560403798330262,0.409366102366135,0.539668285308506,0.296918378210685,0.76,1.0
472.0,-3.0435406239976,-3.15730712090228,1.08846277997285,2.2886436183814,1.35980512966107,-1.06482252298131,0.325574266158614,-0.0677936531906277,-0.270952836226548,-0.838586564582682,-0.414575448285725,-0.503140859566824,0.676501544635863,-1.69202893305906,2.00063483909015,0.666779695901966,0.599717413841732,1.72532100745514,0.283344830149495,2.10233879259444,0.661695924845707,0.435477208966341,1.37596574254306,-0.293803152734021,0.279798031841214,-0.145361714815161,-0.252773122530705,0.0357642251788156,529.0,1.0
28755.0,-30.552380043581,16.7133892350242,-31.1036848245812,6.53498386355181,-22.105531524316,-4.97769196369245,-20.371513594495,20.0072083651213,-3.56573779124378,-7.7310714411342,3.8294273949908,-5.31433227604015,1.44693027992913,-4.57926372815218,-0.142299360010106,-4.99784830436345,-10.9614103561188,-4.64148195920404,0.567056279787444,1.73364399368955,1.8165201713562,-2.28868550494101,-1.46054449877578,0.183179482716819,2.20820917836653,-0.208823971247713,1.23263629519904,0.356660010884047,99.99,1.0
45501.0,1.00199171536791,0.047938380305255,-0.349001552412107,1.49395843665091,0.186938875230095,0.190965634380865,-0.00111210422593577,0.147140194715723,0.580415339651519,-0.792937990748917,-0.984171728067149,-0.567380064895921,-1.10559224967424,-1.38121354248053,0.405490421163411,0.279890165223202,1.1321602098483,0.0929929763441439,-0.298920455435975,0.016003673251105,-0.334417439439,-1.01431467260935,-0.128427315817252,-0.946241837638308,0.456090274720588,-0.453205972393371,0.0466270924243456,0.0646983543716214,105.99,1.0
93965.0,-11.3977267217611,7.76395304621262,-18.572307456296,6.71185525207739,-10.1742155991554,-4.39591833120843,-15.8937882429266,2.08301258152135,-4.9888371802491,-15.3460988468775,7.09318207259894,-14.9797547574476,-0.148288045224015,-9.93567958156078,-1.16199939019334,-11.6468338293624,-18.3838524599849,-7.40273080415809,1.94169681013401,0.208879130047717,0.339007373241803,1.34292261443867,0.239217367154604,0.534644166424257,-0.174964905765612,-0.500240426616998,-1.72206026726614,-0.574339363297002,11.4,1.0
46149.0,-1.34650881762975,2.13243062687771,-1.85435531823997,2.11699770636107,-1.07037837875552,-1.09267135682306,-2.23098606430574,1.03642490791919,-1.89551573571367,-3.36401057980002,2.88704787664695,-3.78445965821089,-1.28890425847532,-3.98562600822203,0.531838297985603,-2.60370264991872,-5.15759639749234,-0.696010004579956,1.28596139472532,0.221918669151309,0.609508181503446,0.202874284952422,-0.0607913872259794,-0.186733353366053,-0.0174012274970924,-0.283751034119116,0.395451049081013,0.233138575967241,1.0,1.0
18690.0,-15.3988450085358,7.47232389650112,-19.0269123426632,11.165525840514,-6.89385628014845,-2.12093657486019,-14.9133299850456,-0.721214094320184,-7.1750966153358,-14.166794659606,10.2777688628065,-14.9854337328686,0.345179234077653,-14.6663889726541,-0.346352541965346,-8.33324249555463,-12.6025964553952,-4.87668342078337,0.604625910708604,1.11150221461014,-2.44488368228,0.727495341024629,-0.345078151264077,-0.981748551471828,0.995271346300177,0.816761717958274,2.26294237384391,-1.17806316323334,1.0,1.0
77962.0,1.17961068149886,-0.501185314711013,0.986535482848128,-0.683275685956459,-1.32120691002059,-0.578458987859769,-0.749188217217059,0.173065270700854,2.03140531861664,-1.07864367907931,-0.191639447783975,0.104718684127711,-1.67693010818113,0.20937345767018,1.67131166167804,-0.756840370902331,0.341033095167565,-0.176233439191127,0.0853626225287192,-0.267949523172609,0.0187765671500043,0.261008003015282,0.0528321041907487,0.3815170200566,0.331139943148206,-0.671854772911519,0.100366887566246,0.0318391470593793,1.0,0.0
82027.0,1.18237848439176,0.557111940202391,0.30312810032749,2.51476845178581,-0.0678336965420785,-0.735121236615023,0.337536806470514,-0.153704684244463,-0.744417026007658,0.739919943711878,-0.744651807482999,-0.719361790414306,-1.16774690006265,0.651664333600413,0.424320485458185,0.519727412414635,-0.461219064675897,-0.296344976510492,-0.910727844305078,-0.203139746342393,-0.0526274512393838,-0.268913754164999,-0.0517460938591709,0.349719257808119,0.564514857948808,0.00888012292657784,-0.0381648415832512,0.0159211942523401,19.02,0.0
35609.0,-0.822254370559873,0.377456952570661,0.96950790586662,-0.132443351170813,0.348399986926719,-0.0557551105907276,0.884426835089044,0.10309149478548,-0.642839652973883,-0.247372233848602,1.04417299823679,-0.0243917198301402,-1.31293142198359,0.766637796700906,0.407891284369975,0.172193909738749,-0.379109402692259,-0.357897890745357,0.291954607338799,-0.0994026834404813,-0.307452257763052,-1.12152382655247,0.294159703069461,-0.390956932631423,-0.849605812110697,-0.209892335830732,-0.0206458713259123,0.178519102323555,109.38,0.0
58844.0,1.17210496771542,0.742998450772968,-0.220358413240141,1.37037499647679,0.183092655175176,-0.941643597312825,0.294798885525857,-0.172570168151562,-0.236457252730953,-0.749345550732884,0.771510324873252,0.496695461775603,0.652708334174332,-1.44538992642762,1.23094879141778,0.17190286207619,1.24608353870757,-0.0594669454686181,-1.11190715872094,-0.0897731939358655,-0.00962356205421973,0.116971164716203,-0.0632832146153761,0.288423716199975,0.601541735056535,-0.320528590102911,0.0573163595597938,0.0590866251905894,1.0,0.0
34687.0,-0.860826892469905,3.13178963278262,-5.05296813449749,5.42094070941518,-2.49414141557203,-1.81128662834635,-5.47911745062699,1.18947198655298,-3.90820579292615,-7.06074618169306,4.72997415443333,-8.62905440849263,1.17879796289388,-11.1820634139742,0.445243112696547,-6.53298227788478,-13.3892507167674,-4.48041256680694,0.432054206519352,1.0857595200589,1.19269353963797,0.09035581053399,-0.341880850908644,-0.215924151333767,1.05303194615504,0.271139003495332,1.37329957704625,0.691195095871691,19.02,1.0
59011.0,-2.3269223698887,-3.34843873033788,-3.51340796089061,3.17505971028128,-2.81513703435586,-0.203362788049123,-0.892144430418318,0.333225702638422,-0.8020052289805,-4.35068531246963,3.06424584128211,-2.71873063246571,0.0687877027069899,-5.58687312563725,-0.966076477695954,-2.50204941657576,-4.46049463214891,-0.870525745045081,0.595629103995644,3.20917094389277,1.22664839880046,-0.695902072928095,-1.47849021051453,-0.0615525997443275,0.236155012156618,0.531910616094765,0.302324354380578,0.536375347733134,1389.56,1.0
50801.0,-3.48014372282628,3.03282947554349,-0.674401315102809,-0.328380182154401,-1.71172624038137,-0.899213027740619,-0.884664437567789,1.88615208346663,0.118091918423629,1.13088597724396,0.751518983310814,0.971041377360849,-0.502323312416233,1.25116321865522,0.187850965811044,0.788447304202879,0.00371268364988714,0.266366294206774,0.0763952883349418,0.49549320686116,-0.238598745726359,-0.752143481592172,0.205809048327756,0.266990221580055,0.197505476506533,0.0955320877475951,0.503353410191994,0.28614674003835,17.99,0.0
64193.0,-0.78350502323224,0.333851764658544,1.47190810897303,-1.7887310409271,-0.392744813914396,-0.509701326931386,0.860928585141412,-0.281881201255617,-1.66357356226578,-0.0730241889707499,-0.960085911848475,-0.1137513122374,1.28718357699163,-0.287166151053276,0.270932933208415,-0.991960215074076,-0.488274920440147,0.846419939605961,-0.897771403534365,-0.394465717408536,-0.557901772479694,-1.2208795062268,-0.145578121057298,-0.124927222474528,0.166980968468457,0.761613078257508,-0.123004642235532,0.0225114488990971,96.53,0.0
76867.0,1.08256623409747,1.09486151295003,-1.36702004784737,2.01255429562949,0.708142047645968,-0.807712094137058,0.151952109111841,0.158352530916403,0.00987228422733163,-1.92527812380296,2.60593702345612,-0.309218873424363,-1.76754891562268,-4.42919458671376,-0.171939794624445,1.05551393649543,3.9705869371836,1.76224857169611,-0.880812102847679,-0.135789404251701,-0.32528376499397,-0.734343617700577,-0.106725343342181,-0.224999064492694,0.569167327221417,-0.33503264926341,0.0891401408869493,0.11233722000597,1.0,1.0
64093.0,-6.13398694801985,2.94149944882418,-5.59398556768425,3.25884522291112,-5.31551221858167,-0.637327763117765,-4.47648804491816,1.69599358704814,-1.60674315131804,-5.11725920989043,3.97722223959189,-8.06609609331146,-0.760887591756867,-8.66077095912039,2.22023798968633,-6.23759654204862,-11.0463816554829,-4.15587936834903,1.76361087438004,-0.815086315781228,0.86833985051032,0.793736498280638,0.217346586657621,-0.0219850652442062,0.145881913923651,0.665087660642875,-1.68418604869422,0.31019546302906,294.9,1.0
17838.0,-5.18787810836635,6.96770866359565,-13.510931139095,8.61789514115238,-11.2144223939458,0.6722478387604,-9.46253281088355,5.32870420774381,-4.89700552817542,-11.7868116556041,9.36907905765884,-15.0941631493865,1.25637700700759,-11.8521613037824,0.274429814172421,-10.6882417917386,-18.3888105354245,-6.89884013301839,2.38280793552097,-0.623737291574186,2.08608300107406,0.760190240866359,0.716805785858217,-0.646743429628277,-1.61704292571624,0.172346889503238,0.626646780979254,-0.169726031129409,766.36,1.0
36225.0,-1.40346547499247,-0.514276038415762,2.76473682944487,0.0336738524908318,0.624640995498588,0.296902784655544,0.836060208873683,-1.08088469936768,1.21401061520241,1.15669800251289,1.07551732192834,0.390568712135226,0.125447421990187,-1.62692104241498,-0.428660823450987,-0.0718769564537042,-1.11771120617252,0.298772478971835,0.674132356773428,-0.179896802579946,-0.313075486205052,0.333448216618114,-0.611756289077923,0.0944866691309949,-0.456241970785937,0.0782660202449647,-1.29524143001101,-0.729323760951979,88.99,0.0
10853.0,1.26079099764933,-0.148177463832958,0.186361262738152,-0.0472178366202144,0.149949128329167,0.753439245300974,-0.464551666336771,0.120211130983569,1.81291391063851,-0.618929947854268,1.20111862555645,-1.39215338372647,2.14473262654956,1.26752497428454,-1.45452492003547,-0.173569730878911,0.500379725873844,-0.073699295663555,0.624090879348565,-0.0854919097326059,-0.257834066619155,-0.219318972225633,-0.180152197955835,-1.09612676311431,0.48845700907346,1.15645381250678,-0.0794295757238496,-0.0309822804535556,6.03,0.0
58274.0,-0.411258965471106,0.901398542670752,2.48743087361899,1.99976940159129,-0.161045729235756,0.626188073262277,0.0526258156426329,0.35806229811947,-0.582342477973568,0.0728011374710591,-0.775080986102642,-0.211767068901808,-0.126184300580331,-0.341165013846789,0.182676264058804,0.425971846852326,-0.264908064457372,-0.360029381708574,-1.1990217603408,-0.122385996746174,0.057613307855089,0.225139481409616,-0.0562984129804819,0.0590461498604189,-0.244715835070192,-0.0594034789210723,0.0766022889262894,0.0393962978874973,8.97,0.0
120973.0,1.91220900764017,-0.53371067561241,-0.500046832720333,0.232867217275252,-0.53315358394059,0.0122255315249443,-0.741944848348611,0.216138659486895,1.15749659291395,0.0805385997725352,0.743746256058357,0.437802227614857,-1.06264154239986,0.409621311709471,0.509575938620902,0.495045144641095,-0.814585753716628,0.864731533788911,-0.15894863287285,-0.218893805008047,0.266504464929196,0.779209216533579,0.17212398443701,0.686771996117111,-0.217370614450978,-0.292516865192576,0.0173362547376886,-0.0387449400257729,26.52,0.0
41646.0,-3.24018658731411,2.978121790406,-4.16231393691373,3.86912437879902,-3.64525645477793,-0.12627056104764,-4.74472973694714,-0.06533104369042,-2.16836609501902,-4.75830407509117,3.47109784646449,-6.5331067689397,-0.983468669556775,-6.07398900285949,1.12540670902583,-7.71804240456347,-9.85592743669396,-5.19390789281555,2.04269768780688,-0.224043462894117,2.60144102940002,0.23191011639882,-0.036489849092758,0.0426396452203885,-0.438330345949387,-0.125821080392006,0.421299802439127,0.00314587612156787,172.32,1.0
74195.0,1.01847576007715,-0.575676236345427,-0.468540150280967,0.302155440963117,1.47846542648282,4.03696348450526,-0.999383225763973,1.03948665945508,0.571422205684127,-0.0685475966708022,-0.483542261821251,0.163897272878163,0.0711122644185106,-0.0978909274395889,0.782526198756812,0.623905421620306,-0.918171076552119,0.667106651543266,-0.146658269404179,0.204885954990773,0.134264225720836,0.171920638866685,-0.216874617430538,1.02525810470317,0.62692780900452,-0.238368651873159,0.0502795013554054,0.0475180001020683,111.0,0.0
29526.0,1.10280432542075,2.82916799881581,-3.93287026485548,4.70769143992869,2.93796685530025,-1.80090371765217,1.672734122106,-0.300240348680253,-2.78301108805298,-1.88484243991678,3.79256535985687,-1.46047112296734,-1.31277627644381,-7.07736060637589,-0.299466316598551,2.4932276042067,6.24498710234308,2.97174936407353,-2.67995024218857,-0.0308799718381793,-0.106994395673876,-0.250050303584088,-0.52162653336055,-0.448949514169716,1.29164648168516,0.516326673768638,0.00914628141124173,0.15331763551135,0.68,1.0
47775.0,1.30617062591479,0.029571501008165,-0.167428610341683,-0.403708866439557,0.413134541330817,0.477506150793916,-0.146481882612946,0.076500247099697,-0.165992867883108,-0.0346110178739599,0.666266323013975,1.13486429321466,1.40431499278405,0.145824631907506,0.614743401486784,0.540149163735565,-0.857505073572736,-0.148975487443595,0.437859677051095,0.0213797840681914,-0.106554033027944,-0.22732979081019,-0.117597114703933,-1.25395330223282,0.362700499123272,1.02159152827192,-0.062750835141031,-0.0206955965330158,1.0,0.0
45032.0,1.20060783275364,0.114405184994855,-0.115070500412471,0.370717955251168,-0.0790471103851088,-0.751480360463423,0.295539999665848,-0.112852428057195,-0.2943513856113,0.12498934217076,1.04705420281464,0.393429039689513,-0.87781741637465,0.841831145519103,0.185742295950209,0.364911833780578,-0.568183103144878,-0.163489063119944,0.517602384225349,-0.072116261661567,-0.344403547215097,-1.17936092376617,0.0765294055875885,-0.019192394961457,0.257976475518342,0.140409846753947,-0.0801232968214411,-2.14761411668935E-4,38.9,0.0
36423.0,1.38648206950579,-0.622970290102167,-0.0648841597658572,-0.69407837061372,-0.762416977892191,-0.613805416698048,-0.466441558997634,-0.0493792383284144,-0.781725217913906,0.78873805614468,0.671683258106645,-0.662456463596209,-1.43668419918001,0.260747681101635,-0.752139566067575,0.884030392535258,0.332772588464719,-0.885827980035189,1.23433542322246,-0.00427107656421799,0.169822481462373,0.420996636812057,-0.208238308440885,0.0294848650440858,0.751298685927886,-0.058860490464988,-0.0245873198394275,-0.0109328901835334,20.0,0.0
8886.0,-2.53585211738111,5.79364414692454,-7.61846283574893,6.39582974649419,-0.0652101046678037,-3.13637196409103,-3.10455736262141,1.82323263760971,-3.87865758023391,-7.29780335001461,7.07166913682445,-10.001046368327,-0.207934540884304,-10.8606980453666,-1.69082504118249,-2.36085672411086,-2.76009701528795,0.29810341564323,-1.38555780172735,0.408704184487524,0.716719907055995,-0.448059938458541,-0.402406878680357,-0.288835222564699,1.01175223958707,0.425964621387216,0.413139555823146,0.308204656968305,1.0,1.0
70789.0,-0.475681774952988,1.17199521732803,1.25478718166471,0.051053140033188,0.024512660238402,-0.986357344442948,0.701839765160384,-0.110415534496127,-0.326226304854118,-0.401085797355787,-0.202714624557917,-0.0786843725585963,0.122225367211607,-0.465224170030021,0.902353352841503,0.370415691139971,0.0014820274355219,-0.146112631799544,-0.0872850566599703,0.0986561343219753,-0.246415863155257,-0.689225617039925,0.0043522366006144,0.333411781240008,-0.16900542339872,0.059377408254565,0.109927600131799,0.09775479142874,4.49,0.0
65385.0,-2.92382666427262,1.52483716405302,-3.01875803326242,3.28929147538496,-5.75554237361289,2.21827630310359,-0.509995431790455,-3.56944356866613,-1.01659168855188,-4.32053577559936,1.27720226474415,-3.70174966668488,-0.97186959353265,-4.85777667212588,0.0906055221312176,-2.80150199048762,-4.18680753704806,-1.64840609367465,1.1764455977519,-0.447039406719925,-0.511656805196235,-0.12272408639124,-4.28863899895194,0.563796657800838,-0.949451350280346,-0.204532177495445,1.51020648735902,-0.324706012560446,1354.25,1.0
7672.0,0.702709900098753,2.42643280600508,-5.23451329584052,4.41666124290876,-2.17080621591773,-2.66755356121463,-3.87808845483572,0.911337122229195,-0.166199039175942,-5.00924850212751,4.67572941865677,-8.16718805173089,0.638559282180499,-6.76333439062322,1.29686025605627,-3.81175840977789,-3.75412806618729,-1.04917740227906,1.55419726345897,0.422743129198702,0.551179689117248,-0.00980235731325313,0.721698230069415,0.473245751402033,-1.9593037711687,0.31947554010746,0.600484916486359,0.129305225096566,1.0,1.0
41164.0,-5.93277795485543,4.57174320411303,-9.42724692838332,6.57705643811276,-6.11521812544893,-3.66179789602346,-10.8940785545016,3.70921000751656,-5.85952387304171,-12.981619145004,8.26529460055417,-14.1541653609607,0.479842781966758,-16.3375959447735,1.64604527960375,-12.3753974432385,-21.090612716108,-7.7245457358645,3.85637474254372,1.19107830456005,2.01427156558263,-0.167416617986259,0.0499675298711021,0.384429719031746,-0.0778835668224832,0.56549290579318,1.79201191700266,0.371007021212136,5.3,1.0
26931.0,-22.5616992591298,13.2089042844176,-24.6438187771226,6.23253182330679,-16.905611362323,-4.49743871970001,-16.8101841919321,14.9551067734604,-3.87129682308601,-8.58126551626339,5.25698760960799,-7.39361499215009,0.538800829120431,-7.57755201800709,-0.030725531904052,-6.45478323655342,-12.8456565242928,-4.86591773720169,1.06244185030067,1.62144422472126,1.76598663639159,-1.6355166467436,-0.998316503452087,0.138972227361725,1.55935014018173,-0.22212451669,1.5044246600224,0.445919826109776,99.99,1.0
14073.0,-4.15301449873357,8.20479650456012,-15.0317142097481,10.330099825448,-3.99442609736294,-3.25001318447365,-10.4156978119079,4.62080391044331,-5.71124797098224,-11.7971810675777,11.2779207278067,-16.7283393320915,0.2413676825577,-17.7216383537133,-0.387299923381284,-10.3220166783853,-13.9590853730538,-5.03071003831832,1.19726633504633,1.41262488019492,1.97698839609887,0.25651048717528,0.485908106513804,-1.19882131436036,-0.526567394687845,0.634873502483478,1.62720907623952,0.723235068518316,1.0,1.0
77217.0,1.04716587003239,-0.596681958366191,0.946934008609984,0.0451783566466631,-0.803951018649198,0.627033851550136,-0.738791375414114,0.321022283956716,0.888192985520567,-0.364939616717839,0.912160915914587,1.49017497935502,0.400761420638228,-0.430624905952172,-0.771624724409764,-0.135380063262983,0.0279874483850305,-0.531839948120762,0.500613393081489,0.0492527827015414,-0.138941232744183,-0.236090305253327,0.00503008026543688,-0.205976376165233,0.0736300102542271,0.967581970766127,-0.0284075871558911,0.00766189286096677,61.16,0.0
88477.0,-0.628578630573925,0.766180032114248,1.88315280419548,0.0504011284355105,1.00696814259065,1.2468983286376,0.689676146979269,0.129747042599836,-0.488937570096317,-0.38617739476169,0.160092512072008,0.65670390213991,0.939426630885373,-0.344253503697176,-0.14846892362469,0.433209384217669,-1.1705398984426,0.688811792196418,0.614413935305072,0.227628896987096,-0.192240711068464,-0.441368194853931,-0.317575962928305,-0.251577276317062,0.46540244042688,-0.760262852469773,-0.0771188909665292,-0.149296496309995,34.99,0.0
37645.0,-2.36262739183232,2.81942923184987,-1.17335341831048,-0.128366210994324,-0.31702132760388,2.31933219277134,-4.39098919900278,-9.8769826323271,-1.48610927006773,-2.6070361362638,-1.99894076248883,0.846413700848376,-0.248672285882188,1.98000419283701,0.666505201426199,1.00675667623721,0.0613406742978166,0.0988707951998848,-0.672840891898662,2.35708090097972,-4.89550828022461,1.91558652513662,0.700944665737935,-1.368042931531,-0.407613311106155,0.371640109862714,-0.226221527444568,0.0953290973742748,16.57,0.0
58642.0,-0.451382569628168,2.22514650025341,-4.95305045271638,4.34222824814605,-3.65619018970243,-0.0201214656089607,-5.40755361778584,-0.748436141338482,-1.36219775131112,-4.17062288702767,3.76230638231684,-4.22622469486547,-2.04669403006077,-4.71049793587464,0.217572360008267,-4.73908378383857,-6.13188675183675,-2.42587063860491,2.31416486951171,0.724381267691587,-0.575924092076688,0.495889440695266,1.15412793921228,-0.0161857864909953,-2.07992826296301,-0.554376906341192,0.455179270612071,0.00132065645985432,113.92,1.0
81439.0,1.1636937692811,-1.09983133318022,-0.348298600371246,-1.93777354776351,-1.11865171509333,-1.41375182291834,0.0745144182052336,-0.483876162783538,0.114582765024199,-0.439640059587989,-0.362172296743723,1.02985884557429,1.23287020874784,-0.0473353576127368,0.530445166827623,-2.67739693560196,0.439175671233877,0.824761182443868,0.258262480691374,-0.142546101740928,-0.29799749433921,-0.418895262414853,-0.235807685408867,0.464343412159992,0.715536588207973,-0.0230526591287082,-8.66211733740391E-4,0.0360739157826754,154.46,0.0
96135.0,-1.95293262584861,3.54138524292281,-1.31056140773257,5.95566359407,-1.00399266347247,0.983049267722507,-4.58723460197373,-4.89218360319852,-2.51675203271071,-2.85032390160027,2.02467408050134,-6.48774641306604,2.37646259977422,-2.24151634571345,-0.566869734947616,-3.93685691797738,-6.12719357199364,-2.32855196140235,1.56212955232854,1.96502978343686,-1.99809122812016,1.13370623369264,-0.041460872197789,-0.215378738296157,-0.865598577097396,0.212544577403768,0.532896738259478,0.357891632792824,18.96,1.0
91554.0,-5.10025566317088,3.63344238024837,-3.84391862443125,0.183208447320966,-1.18399737637674,1.6021393332506,-3.00595315203476,-8.64503780175356,1.28545810732477,-3.71748137540216,3.71921153916465,-5.03402974701745,0.918999158233287,-4.22036591807154,-1.05049995739584,-1.69104526842648,-2.37242320724166,0.450098503348706,0.407805060819919,-2.80630192287329,8.28043932580154,-2.79714954096118,1.09070659271567,-0.159259597476933,0.532156369375709,-0.497125808167425,0.943621624807946,0.553580691756943,261.22,1.0
26585.0,-19.8563223334433,12.0958932259299,-22.4640827464876,6.11554110191771,-15.1480215209615,-4.34672408349599,-15.6485074722661,13.2768048056341,-3.97416161954102,-8.85919405880884,5.73081553744459,-8.08803351213651,0.230824969324902,-8.57897327333454,9.46636693186079E-4,-6.94774606726094,-13.4728970076501,-4.94021082886802,1.23014255193802,1.58292955492187,1.75072984045421,-1.40963570908141,-0.809809278333882,0.121396659905885,1.35030007077468,-0.224291873525585,1.59762136835254,0.476919818025438,99.99,1.0
93860.0,-10.8502815883108,6.72746568826853,-16.760583409542,8.42583167857118,-10.2526968683093,-4.19217104406337,-14.0770860104531,7.16828793346092,-3.68324217370244,-15.2399619587112,8.03070840755191,-16.0603057628826,0.270529742348469,-14.9529810390579,-0.241094883743813,-11.866730636746,-15.4869899240937,-5.74865155747378,4.1300314273319,-0.646818272966729,2.5416369467068,0.135534921100722,-1.02396689219897,0.40626452579196,0.106592778669641,-0.0262323892202069,-1.46463002356247,-0.411681819907858,78.0,1.0
80820.0,1.18456266114084,-0.183682134724796,1.23610634457691,0.865097214371081,-1.12195647910106,-0.310047071721633,-0.653910224469698,0.0965168086892692,0.991211291764502,-0.227814693038599,-0.804608957494288,0.228463452871579,-0.350667987164766,-0.328960970820924,0.243472203414689,0.182750795375357,-0.153710508059888,-0.185858988829263,-0.0353088227325674,-0.128825460590252,-0.0976211594592257,-0.102809591941409,0.0371088558919692,0.417621580411781,0.242367647900008,0.318213195569004,0.0145848872787959,0.0261620245565511,7.37,0.0
64412.0,-1.34804164426498,2.52282067569291,-0.782432259389823,4.08304665188122,-0.662280329645865,-0.598775712530929,-1.94355185121781,-0.329578950885032,-1.85327422572214,-3.16213595485783,1.53319383793753,-4.63512694781183,-1.11357273401976,-6.4358707376348,-0.293191947937035,-2.84993079536978,-3.65425828769231,-1.18303413658687,0.831623853010765,0.348896285038196,1.07987140816824,-0.352026410347836,-0.218357652796912,0.125865683985355,-0.0741801756408069,0.17911552652805,0.612579819202836,0.234206089600607,1.0,1.0
81411.0,-7.91193882585618,7.55669406870254,-4.16381792788122,-0.805763820210874,-1.90299325116484,-1.34860777689671,-0.463905454489122,1.52407487512853,5.0308748380976,9.32425577172095,-0.0492565526091855,0.810047576465762,0.0976268252954428,-0.763528459297862,1.25658192990357,-1.17846933598544,0.364084237524558,-0.956119995102359,-0.973704603817386,3.91199417461549,-0.623529545709274,-0.0126831325542501,0.627606530962906,-0.0508245618919812,0.936361401845179,-0.236249664878299,3.4168451215431,1.9681330350639,1.79,0.0
51112.0,-9.84877583247984,7.36554648639464,-12.8985382309124,4.27332307326376,-7.61199101126967,-3.4270452374345,-8.35080815251842,6.86360392236365,-2.3875673251028,-6.06578236274727,2.70785640511515,-6.13603446645473,-0.545976095807375,-7.02898027290706,0.916068574603162,-4.09288449351717,-7.01462170672071,-2.5309672589153,0.554027499068527,0.832398066019608,0.931958309450931,-0.87446736131737,-0.192639469446569,-0.0354260265633338,0.538665050436448,-0.263933516556866,1.13409509350836,0.225973163975667,99.99,1.0
62630.0,-1.29738807874448,0.659627471174799,0.370522155167667,0.90093066397284,1.30511551501821,1.04805476352225,0.0321264774272616,0.55946626520918,-0.271829953751688,0.397189215605469,-0.425456364794176,0.627304672327423,0.550551899921753,0.0885027187196283,-0.347612835738112,-0.491831389672998,-0.210498808308586,0.309906911329456,1.64138361867192,0.271294559208661,-0.150029916568249,0.0278104866889853,-0.608085874032792,-1.6496748028572,0.11222116479663,-0.159694476180538,0.375171629820858,-0.235309467577138,10.79,0.0
58734.0,1.1681555966407,-0.0507728060719285,0.78088837983754,0.847544733105729,-0.882865301972353,-0.865441597502402,-0.120614571912535,-0.102296572445427,0.588076186440242,-0.219365549424773,-0.420496238828538,0.366236372407669,-0.517025910161019,-0.0117979471511414,-0.103883050565813,-0.252493438645123,0.155583380758966,-0.799516628675321,0.128006475890451,-0.114055918734356,-0.275146307204705,-0.690341448483219,0.110916296562798,0.723120895439711,0.248666603813708,0.265872701785688,-0.0292258783480659,0.0210156717097023,25.17,0.0
41833.0,0.97149590879999,0.0490266084995513,0.602568795695557,2.68550967619797,-0.103785590454022,0.549146129326897,-0.0439186499335966,0.141516351607706,-0.148234138025604,0.442086702728799,-1.155729941191,0.0134311605062215,-0.303949323965413,-0.11238666722627,-0.581948447382855,-0.0702660357364403,0.0169040584038936,-0.806163007571461,-0.865765135368192,-0.0363189136200579,-0.026087537081307,-0.0541204107059917,-0.16797786772319,-0.275055992124367,0.560060666142006,0.12142674393291,0.00671863266484756,0.0277943605462215,91.0,0.0
55224.0,-1.07232883225083,1.06000579767926,0.856619845389271,1.19017078052541,-0.166198245205567,2.08740388036008,-0.860334102379052,1.46141436911456,0.210825320632775,-0.745406494535064,-1.43281493076532,0.753293246975824,-0.475923413854925,0.0345321810033902,-1.98852176367082,-0.678500669218595,0.6236999312535,0.142241313914306,2.23765542586931,-0.248836831241301,-0.272628554296199,-0.640833906120655,-0.129536164006517,-1.71213023324645,-0.174347255042484,-0.354293309390456,-0.152926708756721,-0.0027954208526613,11.94,0.0
38386.0,1.28127420508741,-0.63991437597007,0.768716266746758,-0.749127407508935,-1.11287138390838,-0.235518865447501,-0.890470107552125,0.104387484062079,-0.91743366351859,0.732185590889699,1.85767357864133,0.353421468321645,0.30858954569463,-0.0922956688071319,0.39277791277341,1.10722249085663,0.262189235570105,-1.22319851501946,0.256116974368772,0.0786063259614509,0.320720062005876,0.856742320004412,-0.0178215364989391,0.255629378123195,0.314176103655389,-0.168627864458499,0.0328667569536474,0.0109795086048936,18.0,0.0
19762.0,-14.1791651073631,7.42136996239257,-21.405835744128,11.927511869244,-7.97428068736155,-2.20271027666529,-15.4716122801735,-0.356594909586509,-6.38012489838839,-13.3482776536659,10.1875873241664,-14.5639797552132,0.59375935763569,-14.4915983463022,-0.281392503951236,-8.2641288443605,-12.4398049728466,-4.83707902601307,0.753149847889189,1.00276434172175,-2.36683606243662,1.13095519799655,0.991153238179024,-1.03313210707298,-0.327179344936207,0.634692903522304,2.17190494464567,-1.39528768393339,1.0,1.0
72820.0,1.10760277462894,0.603377044887574,-0.370438586594099,1.13332732960206,0.546751578173442,0.0312583905885382,0.0768278858683788,0.159927972831066,-0.412448493107947,-0.611961320115727,2.33552764032357,0.935970737165249,0.17019382006655,-1.15292684017003,0.856425240404217,0.185376122997382,1.18624427545507,0.138402188057536,-1.0623513308699,-0.128308544946992,0.044134172095445,0.25113827394587,-0.0799835629907328,-0.410597274352987,0.525503768500614,-0.286726722462819,0.0669369072377465,0.041295415493419,1.0,0.0
48533.0,1.24384844934819,0.524525772902587,-0.538883626044331,1.20919597418592,0.479537596763788,-0.19742873374782,0.0491662598481355,0.0377916321310988,0.128118590882765,-0.552902906422504,-0.668358831257417,-0.818803693746743,-0.883832091051869,-0.994580854433906,1.50684875024006,0.62400331534091,0.705794271683871,0.524181774270524,-0.73174984602915,-0.171540654731681,-0.0516598862539047,-0.0840894090242923,-0.192846388954053,-0.917391985542652,0.681952813037122,-0.194418574345634,0.0459171449577401,0.0401359980627264,1.0,1.0
5557.0,-0.816201564115537,0.0515837876832492,2.11817743011612,-2.91658664141884,-0.216086217753177,0.611158542378139,-0.198018912703446,0.41615095847478,2.52906904652728,-2.19663259615552,1.13363598991782,-2.6844184037093,0.276776664628789,1.57949237951755,0.587658517888986,0.659909269800389,-0.353375715258277,1.53829900478142,-0.321106339416776,-0.133433195640365,0.144511764631748,0.574885717823622,-0.42346144837956,-1.20371531102399,0.38652541927556,0.0342321978246564,0.0229835957793031,0.0362487111022018,41.0,0.0
50367.0,0.877772617208485,-1.41003810273346,-0.0781237275813461,-0.497296413175789,-0.855368104272833,0.17756522808769,-0.333692333372341,0.04517954696321,-0.752089389169569,0.528529180786999,0.978380733050726,0.199340996467794,-0.199806302343823,-0.110556505677171,-0.938427717839452,0.51247977957586,0.64477946841737,-1.52438344944421,0.918361558376377,0.507813464610063,0.25291636738746,0.282091252557675,-0.336952881941694,-0.25105599109492,0.533702480664076,-0.138117427837675,-0.0285827644320467,0.0329409160001112,250.0,0.0
11612.0,1.03184125528374,-0.480073703213437,1.2840974957254,0.551383347432325,-1.23412695768475,-0.180908079012285,-0.8235511877314,0.0959975144345276,2.3076504775304,-0.679066243321517,0.722410362907548,-2.52139685146071,0.73345251672502,1.34271124559705,0.301597129604893,0.00274218657508192,0.932836651896113,-0.264336838380803,-0.756876828837897,-0.073452766702253,-0.00114846593498409,0.236530858289688,0.00719794916709037,0.420524096615882,0.0162279011123099,1.07535010624605,-0.0643367308075315,0.0182696707133578,73.8,0.0
38433.0,1.18589502017425,-1.10007780350628,0.802142171229231,-0.519270528211883,-1.3293918417193,0.0617419859150763,-0.976229986919684,0.017040211512797,-0.0526496188365141,0.373288721239698,-1.18237688716568,-0.205287617452252,1.01704124133814,-0.972566546943631,-0.0936942869953121,1.21271379820886,0.170427346752334,-1.12425088696866,0.914004975708852,0.356495553123151,0.145205444010781,0.317018424117846,-0.207992806132035,-0.27136347011947,0.440326974804098,-0.166128903542791,0.0366112619351326,0.0407528145225998,120.0,0.0
102671.0,-4.99175779387947,5.2133398229232,-9.11132629809104,8.43198635177602,-3.4355156720863,-1.8275651016855,-7.11430284412379,3.43120663145462,-3.87564287029742,-6.86850850672582,7.15062516950116,-10.2629840447185,2.73308493575221,-10.1275247811671,-0.262783621001749,-5.19027103814098,-8.6557110398096,-2.02444347438745,1.5604792800844,0.0981321924634143,1.18942283937597,0.247858476295777,0.294448330047117,-0.548503502162266,-0.174616566570794,0.406702503092405,-0.40233927269736,-0.882885795448957,0.0,1.0
84210.0,-0.3454776976258,1.21673938362321,0.682076302192816,1.01529721732129,-0.266668314914218,-0.747309112711793,0.606958655440474,0.163892545926854,-0.93421965472808,-0.44777811378293,-0.395844896061082,0.834643005537672,1.55043255630273,0.341436811742257,0.823824664499089,-0.207481717262031,-0.126278451385875,-0.0409713625348973,0.321780159133822,0.0490895578352095,0.216096715733311,0.536446223954757,0.0293474404001892,0.430258936010373,-0.067237228582977,-0.334180309477747,-0.0494442906548799,-0.0119236138145897,52.95,0.0
76358.0,-3.51262485266182,0.237999115605273,-1.30338273444252,0.177489857525817,-1.05330043023251,-0.846182186702174,-0.0499036469421338,1.45583994015174,-0.527522250159889,-1.19915519640428,-1.17919385153291,0.721374746193579,-0.00848591651397974,1.28270591180114,-0.404192301506563,0.163728640444692,0.592241236959466,-0.807618754923715,-0.842720152922887,-0.663752462453439,0.201233729122194,0.315133183738812,0.268957277866064,0.165523939517228,-0.350274049372581,0.290734883851966,-0.288874355614915,-0.49799372972127,59.13,0.0
102318.0,-1.02063166582361,1.49695912243222,-4.49093711758335,1.83672705849852,0.627318467501556,-2.73556861001066,-1.54627364241291,0.459821576439238,-0.68274140597399,-4.36310219273296,4.28702087961434,-5.40376835689762,1.26026230900043,-3.08774290682652,-1.31748806297981,-3.53705628406879,-3.17202752176385,-0.52988508450368,1.01162645030639,0.443488532055906,0.773630966413973,0.86061818130652,-0.304666447555476,-0.155499583027691,0.41216629075428,-0.220079647308722,0.392337584118175,-0.0200894870934853,22.04,1.0
41305.0,-12.9809425647533,6.72050777097643,-13.4556359425571,8.69861009281133,-11.4795517833437,-2.68151865053833,-14.0192907576919,8.21819051252864,-7.93089996826719,-12.6959474039839,5.58936163192341,-11.9608660326622,1.53867076186333,-9.88721406724695,0.6339792179337,-11.3502438549644,-21.7101876525534,-8.85945192496352,3.62971365041526,-0.84330261969681,2.54962823474498,-0.532227763596568,-0.235096473604284,0.673209169467055,0.22659797207791,-0.00616785819002466,-1.18569550568181,-0.747361321404312,59.68,1.0
19762.0,-14.1791651073631,7.42136996239257,-21.405835744128,11.927511869244,-7.97428068736155,-2.20271027666529,-15.4716122801735,-0.356594909586509,-6.38012489838839,-13.3482776536659,10.1875873241664,-14.5639797552132,0.59375935763569,-14.4915983463022,-0.281392503951236,-8.2641288443605,-12.4398049728466,-4.83707902601307,0.753149847889189,1.00276434172175,-2.36683606243662,1.13095519799655,0.991153238179024,-1.03313210707298,-0.327179344936207,0.634692903522304,2.17190494464567,-1.39528768393339,1.0,1.0
48884.0,-2.13905055735992,1.39436766175691,-0.612034894995233,1.04932705568948,-1.1621019076536,-0.768219363115428,-1.99723740081007,0.574996543366778,-0.98083177624058,-2.49561924548174,2.5555891530874,-3.53043627008024,-1.01623381526368,-3.45519657744236,-0.0563633864076254,-2.46773703008032,-7.14032596614864,-1.27128002161365,-0.00172192354163427,0.0254265126136498,0.696954881120808,0.740003045389771,-0.15511524943514,-0.0506074460808317,0.268368293338874,-0.469432841163864,-0.405813768055179,-0.152170846988601,19.73,1.0
65059.0,1.27577056690121,0.272246667837542,-0.0626590136710205,0.170127038885436,-0.259263370465245,-1.57652238313154,0.544575726559721,-0.493495617545225,-0.359425153566686,-0.124176763946423,0.266117028637834,0.929939808477604,1.20537042726846,0.253653322781218,0.599478226823022,-0.24509289157836,-0.109990870876906,-0.949218247451371,-0.0167018707321484,0.0175466821758597,-0.00456300569933922,0.0425836749552689,-0.0715410084707822,0.828677730324721,0.544159558652799,1.04491649944551,-0.1074035690134,-9.05717808702928E-4,19.95,0.0
73634.0,-0.966033232229581,1.27214093321243,1.26072997421044,-0.0642863423621987,-0.434163041219539,-0.737390447465091,0.265743706519307,0.448920080422488,-0.782206476204022,-0.262411127494896,1.35904218618194,0.913465826496266,0.0701650828976927,0.611148509943453,0.0943989577965693,0.444667828442517,-0.415497043234826,0.0975772517850664,0.227248173541486,-0.023569750194049,-0.10555405441043,-0.444465075619297,0.0957961036112136,0.516648489377807,-0.224739594082467,0.0321875041550626,0.00940339058364445,0.0419633628695248,9.98,0.0
79540.0,-0.114360703589856,1.03612940153875,1.98440526119199,3.12824327369048,-0.740343559582751,1.54861869623,-1.70128395465886,-2.20384174839674,-1.24226477538834,0.269561809170344,1.29341829662131,0.933215784460268,-0.135325960632637,0.521483689902165,0.386884188055331,0.0598689535627266,0.306339379229928,0.265051988857439,0.223718288348024,0.732852498432027,-1.03293465200213,1.19642831010463,-0.112856718234204,0.254718993156121,0.69666788609654,0.482370416673402,0.129969314476127,0.223924333790406,0.2,1.0
120633.0,1.84411475901623,-1.43044330306997,-0.635105930154278,-0.884228179006826,-1.07630091888042,-0.188063774692282,-0.850176393915804,-0.00186972082441726,-0.218405432444229,0.793195039385764,0.739100460649346,0.384532874027265,0.57086712492141,-0.302186610553756,-0.42827201966177,1.51273390634938,-0.229870061016292,-0.993494629515928,0.937501313577144,0.309875387616252,0.0823516082312928,-0.0955625200818169,0.195854585456712,-0.47642383127275,-0.534323582885256,-0.491845172736428,-0.0145714370084529,-0.0278599598095981,161.0,0.0
45529.0,1.34663159781352,-0.596604620503815,0.505242959817265,-0.626396061563182,-1.3045293216622,-0.883283441267307,-0.669419074499313,-0.00489404604273651,-0.85247027604815,0.895169731115402,1.10067806610414,-0.261571801276601,-1.44812513438322,0.606627809615338,0.375319342337522,-1.00448636399457,-0.135169278594563,1.50542464972168,-0.534912918920452,-0.589511630941961,-0.411203066076685,-0.808056822995766,0.152265578405528,0.504651206273128,0.0314050744007387,0.925605891830106,-0.0683875181225757,-0.00292632302180433,1.0,0.0
71350.0,1.07836758010138,-0.0799779462910381,0.499206630660167,0.743776921377862,-0.868458673168751,-1.35674397276813,0.165416436082783,-0.230398603183705,0.145773548476706,-0.077704685590971,0.0541917703880635,-0.0567390977585832,-0.899606514659487,0.53037544718333,1.02599438565912,0.114853489404729,-0.103799926492673,-0.585507801490478,-0.292856791919086,-0.016125186386854,-0.135873148406794,-0.614832902568503,0.0931226625539832,0.90598073284155,0.160440583456737,0.241025781031776,-0.0642772460166627,0.0306673560207634,82.24,0.0
81758.0,-0.438584957189395,1.07667274998909,0.831819217317313,0.358668572625798,0.0608542255531398,-0.985997191264084,0.914229915225289,-0.575995496442426,0.0474564342932509,0.616714276699298,-0.519584137131721,-0.873698110492026,-1.25584549614829,0.218828691842125,1.09003530686528,-0.419082143044175,-0.131210148726193,-0.152569264379313,0.649986144699044,-0.0879127220371985,0.0783015454642695,0.125606777406752,-0.0685526475782924,0.38247410404747,-0.483175992441173,0.265866126696854,-0.819967992723623,-0.141087920582702,5.9,0.0
101597.0,0.91311613528992,1.1453810871791,-4.60287793273505,2.09180337375362,-0.473223859280585,-2.0854358325571,-1.67124403232231,0.0943965856348779,0.337798765397573,-4.4318096317282,4.87197985976052,-5.39522117678937,1.33250215621937,-4.60379669207464,-0.77731354811867,-2.57189156103509,-3.00361530529652,-0.225441388417525,0.252273565031692,0.50898474829098,0.40141574109896,-0.0849334160429759,-0.197684434494785,-0.283271078982557,0.387597335722074,-0.553526986386025,0.516274456782261,0.270828187083758,147.87,1.0
93860.0,-10.6323749061596,7.25193622855414,-17.6810718207918,8.20414440620562,-10.1665907519072,-4.51034377036334,-12.9816061559658,6.78358879797499,-4.65932958355558,-14.9246547735487,8.38914233451929,-16.4655039422141,0.33851695978655,-14.224403603167,0.556584472572111,-11.683998043525,-15.8416159780561,-5.75319975278369,3.81304079276336,-0.810146481561289,2.71535704420309,0.695602689761576,-1.13812206664164,0.459442241911828,0.386337323495895,0.522438449202614,-1.41660373652915,-0.488307035713995,188.52,1.0
74251.0,1.05486753870822,0.433758489777069,-0.394427794568204,1.3378719640317,0.126684181032502,-1.17838050395707,0.671136293714706,-0.399001123230174,-0.401769733097138,-0.519971293769705,0.187732890873871,0.740778048025096,1.32159128713393,-0.90118143544427,0.75004579859195,0.22592754785563,0.4248578418993,0.0338944788681387,-0.488115079145037,0.177799976369551,-0.0140104060165032,-0.145208146601871,-0.21743495363692,0.33661569249595,0.74031984725992,-0.372894758578669,0.00701554295855327,0.061795669415272,104.67,0.0
83934.0,-0.433222446537596,2.42837911824053,-3.99645439738162,4.87129854095106,-1.7963078560437,-0.586867589935922,-4.65454261848565,1.28522967071729,-2.74353881589949,-5.63894131284807,4.3437434980468,-6.65573446968769,-0.293108662762872,-9.50514082568186,-1.39614905931922,-4.85032315924603,-10.0062528282393,-2.78959811229388,0.98258385892977,0.745029329890697,0.713558821786954,-0.408953595906886,-0.320889532152165,-0.804230275167984,0.962851575679124,0.199558010666927,1.09453318209808,0.541147567735467,1.0,1.0
42474.0,-3.84300903438536,3.37511020399082,-5.49289319668564,6.13637764344382,2.79719546082743,-2.64616226518954,-1.66893106391951,-2.61755205155675,-3.94584260288362,-4.56525209408734,4.09721607443527,-5.4509164388957,-0.965692752165388,-10.9044588731508,0.526947764497797,-1.13975413041553,0.835639563488731,0.389774231161906,-1.43960797610281,0.0547955667305956,-1.2778115827927,0.719652000906672,0.451125175067876,-0.25809365058648,0.656129466667281,0.556676326289228,0.739383212515096,-0.203049673816441,1.0,1.0
48884.0,-2.13905055735992,1.39436766175691,-0.612034894995233,1.04932705568948,-1.1621019076536,-0.768219363115428,-1.99723740081007,0.574996543366778,-0.98083177624058,-2.49561924548174,2.5555891530874,-3.53043627008024,-1.01623381526368,-3.45519657744236,-0.0563633864076254,-2.46773703008032,-7.14032596614864,-1.27128002161365,-0.00172192354163427,0.0254265126136498,0.696954881120808,0.740003045389771,-0.15511524943514,-0.0506074460808317,0.268368293338874,-0.469432841163864,-0.405813768055179,-0.152170846988601,19.73,1.0
48089.0,-0.666988207951375,0.92826132310324,1.23219593975896,-0.480395482057653,0.587388972590229,-0.634725867970218,0.674112707695979,-0.0176320693636995,-0.69555156715492,-0.603726342919489,1.1383573083599,0.719627057424766,0.427127221557924,-0.332443903144359,-0.225036527270321,0.846083251564313,-0.623198372213376,0.371344004577838,-0.213421924179543,-0.0614400434946245,-0.118386152656415,-0.490935566654242,-0.0455260960353566,-0.0429617303782424,-0.474352136784966,-0.105161972862517,-0.0549355665621967,0.162603700000297,1.98,0.0
28619.0,-0.741923694735441,0.958330341172592,1.34101082937311,-0.656068695796193,0.249261191208476,-0.393709613705979,0.378337311542268,-0.700487017153562,-0.474349946505398,-0.433658383168969,0.736173404931306,0.225053139510445,-0.826276946820129,0.504261211195583,-0.25639968764124,0.805806135413922,-0.950883870972927,0.289800781886878,-0.285955389117054,-0.352906103695682,0.635202631269343,-0.770190764731096,0.0651762991435559,-0.058140840760188,-0.491711656329049,-0.105917926980445,0.118972383880016,0.130343096688332,4.49,0.0
112986.0,2.11945037853183,-0.128923355600132,-1.75678454854944,0.0275207444323752,0.467567286959377,-0.475558720364939,0.0661793391057024,-0.166664320071677,0.953219541803628,-0.076287998722212,-1.47474185470832,-0.460686734467406,-0.860991175932756,0.645387717040341,1.11064549528203,-0.0773865743660192,-0.681512391924865,0.371344947437109,0.00683770382275302,-0.277186916224706,0.213869382024545,0.724282945972345,-0.0511000332904024,0.0203277915446879,0.39289843840558,-0.403557311326089,-8.63818107992881E-4,-0.0565527815619842,1.0,0.0
37535.0,1.38381542295587,-0.410967405784351,-0.200307194127509,-0.759520974310231,-0.631387909292075,-1.0822082709832,-0.151752599215768,-0.235564309107432,-1.33335128849534,0.865586153931847,1.37734483261914,-0.210247878588449,-0.492614627378048,0.41910421692105,-0.217658339718039,0.95033483419301,0.186490796590257,-1.03751878331715,0.925831438486137,0.0655189943277408,0.242612687125149,0.546553750882367,-0.180325016274237,0.370835028492471,0.741339251844857,-0.102111341543755,-0.0383240488102151,-0.00734126354648126,25.0,0.0
43972.0,1.23580391202387,-0.0995091029661209,-1.59975121850548,-0.605615960519266,2.28285820320209,3.02191283150998,-0.0905962080179615,0.66533387901155,-0.317990508088953,-0.0182664877705114,0.0109977842403251,0.0840595697421278,-0.0588294452628987,0.644721151480276,0.960875460770298,0.362742460657507,-0.74496109549808,-0.419049518329185,0.464489541807212,0.12636038073719,-0.405423845336129,-1.47884920582239,0.0650684383870523,0.992378130374387,0.424150811523025,0.148138561159456,-0.0720252427380546,0.0118926537609372,59.95,0.0
37167.0,-7.92389070083426,-5.19836019923329,-3.00002392240282,4.42066620155728,2.27219396451756,-3.39448342909715,-5.28343533467969,0.131618922476372,0.658176428693037,-0.794993881662565,3.26606601582438,-2.71918495125522,-0.124103963275087,-5.274865818881,0.638575002552638,-2.99583037811248,-4.69843344927136,-1.71187122467509,3.02526099185501,-2.16981089222224,-0.734307916555449,-0.59992625988411,-4.90830117586834,0.410170234644792,-1.16766024989313,0.520507647303451,1.93742140287106,-1.55259283870249,12.31,1.0
11629.0,-3.89119195123086,7.09891625215749,-11.4264670967961,8.60755678650129,-2.06570621026229,-2.98528802203595,-8.13858941693861,2.97392807853452,-6.27279046836547,-13.1934150665232,11.6197234753825,-17.6316063138707,-0.355194389515515,-18.8220867423816,-1.2831290856146,-10.0310966568698,-15.2270075099256,-5.32200898058982,-0.501750653452579,1.38261899967275,1.75708522742867,-0.18970915318715,-0.508629244173448,-1.18930816877394,1.18853649934791,0.605241885913626,1.8815287524148,0.875260407222375,1.0,1.0
45120.0,-0.538761564136172,0.523007678814709,0.568141682748361,-2.08984570229411,-0.165746099417225,1.31992200956134,-1.49014043276081,-2.99012792095961,-1.05170555552872,0.41391402758727,0.470786758018382,0.49489543980171,1.42262701874249,-0.286525003371685,-0.157753926992173,1.78068223252146,-0.409640902132422,-0.731410684274592,-0.0780815236128935,-0.518326314734877,3.39488499240622,-0.105733800589878,-0.192647374535042,-1.3138472994084,1.36805827971462,0.0409785309411596,0.250201081334429,0.179636302429281,15.0,0.0
93879.0,-12.8336314219519,7.50878980635543,-20.4919522106577,7.46577999198461,-11.5753037055975,-5.14099947650773,-14.0205637048257,8.33212047126021,-4.33771253089739,-15.5637913387301,7.61081978841573,-15.5923232225286,0.504789055226229,-13.2478885958622,-0.796526030140245,-10.3423283585648,-16.0445243414767,-5.8821359384126,1.57369789640089,-1.37892322363159,2.96684240389381,0.615344322057327,-0.766494757432984,0.431261005079751,-0.104974994617143,-0.0100913270781415,-2.4008113496639,-0.720556600051925,104.03,1.0
84789.0,-1.43086372778891,-0.802528699267131,1.12332029999445,0.389760264731692,-0.281213534404278,-0.055123492429819,1.32623248909333,0.195699815379613,-0.546889550453909,-0.71347376073502,1.27462907751277,0.0236821347785728,-1.52169610821701,0.727242085814848,0.166504662441577,0.348037591565135,-0.5663900830288,0.216016101767291,-1.14037564250718,0.634184289933654,0.325575470468413,0.0140018451191784,0.844946015847872,0.114962884542335,0.156364810543393,-0.619437446641754,-0.120351072821334,0.0355941733717493,354.33,1.0
91502.0,0.0073790751145725,2.36518252886777,-2.60028738169342,1.11160176466249,3.2764413263667,-1.7761407852846,2.11453088108345,-0.830084106599812,0.900489974281822,-3.37617706712688,2.05681205985716,-3.9842567303491,1.02196791340796,-5.96790496861639,-1.15160831490592,1.67973960141233,5.58611468683053,2.78913115591619,-2.24107485298106,-0.00638849728163087,-0.563944162060269,-0.902099515410175,-0.404382448597275,-0.0129439005065412,0.589836154947909,-0.734449052212668,-0.447529183217452,-0.362374775122343,1.0,1.0
91075.0,-1.85506070184998,1.55496360697718,-1.40580882850107,0.669327345741316,-0.280229520106465,1.17865246733203,-3.45997906611492,-2.81515495312599,1.24222876512242,-4.15635447965382,2.20944075185923,-5.12231410931103,0.66129710617156,-3.10393771952109,-2.41086973192388,-2.42501563217886,-3.96062268909989,-0.125017788038036,0.60039728842723,0.536916458029193,-0.0953083066630984,0.94662891847112,-0.297402959067305,-0.368343891207103,0.198731156287359,-0.0785905919566464,0.366709355889324,0.0737667168278096,38.76,1.0
94362.0,-26.4577446501446,16.497471901867,-30.1773174564996,8.90415677106517,-17.8925996927224,-1.22790388102871,-31.1973285494605,-11.43892041491,-9.46257260540015,-22.1870885620007,4.41999660154863,-10.5923050053728,-0.703795803703315,-3.92620731586873,-2.40024649210124,-6.80988994039049,-12.4623149481086,-5.50105078380738,-0.567939572890149,2.81224110932946,-8.75569832116533,3.46089334478551,0.896537503959012,0.254835536763482,-0.738096558530353,-0.966564233789852,-7.26348214633855,-1.32488430656137,1.0,1.0
26556.0,-19.1798264145873,11.8179219897853,-21.9191735807843,6.0862356342864,-14.7088447898427,-4.30888760741835,-15.3579518065836,12.8571650181242,-3.99986076978115,-8.9286556608751,5.8492930661792,-8.26164983722413,0.153829148314596,-8.82935922766409,0.00887883882572681,-7.0709530089254,-13.6297209427085,-4.9588298158479,1.27209136353211,1.572949614923,1.74680154191934,-1.35314876613352,-0.762965072731218,0.117027851903743,1.29799375563032,-0.224825057048525,1.62105238966989,0.4846144027264,99.99,1.0
89758.0,2.09923537510733,-0.190088035209115,-1.53790295643716,0.181996396254409,0.313523098677519,-0.542866282254037,0.112569302190679,-0.200465058026332,0.730705931471755,0.0831037882204288,-1.76385933082484,-0.31017010560331,-0.549752844325835,0.379832847219574,0.253174732865477,0.181171041467955,-0.56689857947471,-0.515952892728452,0.470198402442513,-0.218781667492389,-0.352858758051356,-0.941219903318199,0.214378686141906,-1.08426673065281,-0.205685616561427,0.267226024605062,-0.0768213670961355,-0.0703645427145275,16.0,0.0
41164.0,-5.93277795485543,4.57174320411303,-9.42724692838332,6.57705643811276,-6.11521812544893,-3.66179789602346,-10.8940785545016,3.70921000751656,-5.85952387304171,-12.981619145004,8.26529460055417,-14.1541653609607,0.479842781966758,-16.3375959447735,1.64604527960375,-12.3753974432385,-21.090612716108,-7.7245457358645,3.85637474254372,1.19107830456005,2.01427156558263,-0.167416617986259,0.0499675298711021,0.384429719031746,-0.0778835668224832,0.56549290579318,1.79201191700266,0.371007021212136,5.3,1.0
41273.0,-11.6822148930584,6.33288209288301,-13.2971092469499,7.69077191542072,-10.8898905208867,-2.79236003834138,-12.5617825809497,7.28712220991134,-7.57032240879292,-12.8357376825339,5.80470785195987,-12.15623949431,1.18498466280471,-10.4686770874209,-0.41674319706657,-10.999792348619,-22.6088681905866,-9.49874592104677,2.10273540686125,-1.00931993766307,2.13345628394787,-1.27150896701449,-0.0353038871622371,0.615053695038953,0.349023768265454,-0.428922796793546,-0.694935387398427,-0.818970428930229,173.07,1.0
111019.0,2.07528573212722,0.134092061859246,-1.62262138065782,0.627896157306942,0.356922733082225,-0.844316318282085,-0.0234862398571877,-0.214949825432535,2.04739540399349,-0.69851402234899,0.0334292476102521,-3.30896341336219,-0.0368384673239384,0.936093290299001,-0.335901681955878,0.385227092901342,1.28651148910989,0.198478818212144,-0.119261551651646,-0.304114781056761,-0.537114604968117,-1.28555904164221,0.36358354046978,0.373142376167001,-0.334341186832044,0.141944306746183,-0.101460644943172,-0.0406920290616037,4.49,0.0
50808.0,-9.16978982388629,7.09219680097303,-12.3540368689178,4.24306897383907,-7.1764377547738,-3.38661804868541,-8.05801194656602,6.44290866379074,-2.41298660229065,-6.13490688724113,2.82667122820047,-6.30984277729399,-0.623002385785158,-7.27986921938704,0.924233225976226,-4.21553713481175,-7.17167241498026,-2.55033668458713,0.596364320528384,0.816651661759946,0.926156961108813,-0.817706132334589,-0.150434415715838,-0.039383059739641,0.485639753958673,-0.264324608977439,1.1596904600617,0.232758088392131,99.99,1.0
9871.0,0.989234804688669,-1.26971690165255,1.2043635042802,-0.124093954821953,-1.77910265083643,-0.146277398093124,-1.18120608386572,0.0678004081028575,1.31752894424319,0.0532029759149218,0.706638318558755,-3.38147059148324,0.683801140016268,1.03227960057962,-0.0060395872793725,0.840604331764418,1.51200466345115,-1.13621271089992,-0.268070378800568,0.234846081443226,0.288411503779738,0.775885324069593,-0.146929181207945,0.36807026441983,0.220533856384746,-0.0882801785967205,0.0029506430821115,0.0439723071692625,167.4,0.0
39845.0,1.12480242563732,-0.619135876383776,-0.170934330463397,-0.0786175805436709,-0.308258765404339,-0.0121146385337181,-0.109621522595027,-0.0108459418381745,0.939061992402576,-0.37359444971493,-2.01701120013341,-0.581881651281814,-0.923165500690693,0.0307795807727626,0.188915424361845,0.271233560396494,-0.332098312020479,-0.2516334616609,0.98937116608904,0.132857827279942,-0.343406235230768,-1.14261655178243,-0.172774360291,-0.983124343460234,0.321783832975906,0.951071074300881,-0.100084391753278,0.00955507169376725,127.0,0.0
7535.0,0.0267792264491516,4.13246389713003,-6.56059996809658,6.34855667313983,1.32966566904142,-2.51347884762413,-1.68910220031328,0.303252800547589,-3.13940905736457,-6.04546779778801,6.75462544809695,-8.94817857893317,0.702724998099873,-10.7338541032306,-1.37951985681718,-1.63896011485587,-1.74635013628103,0.776744097926754,-1.32735663549015,0.587743219006407,0.370508651493253,-0.57675247317433,-0.669605371766238,-0.759907529538618,1.60505555017462,0.540675396428899,0.737040381683977,0.496699108168337,1.0,1.0
35926.0,-3.89658259167336,4.51835470349753,-4.45402724041253,5.54745334718879,-4.12145857265685,-1.16340665785105,-6.80505305303552,2.92835625399971,-4.91712959933528,-6.60046062150676,3.36784560815482,-7.88897751950988,1.68260346667335,-7.62865191597326,0.779245995683184,-7.53340432942796,-14.0646239413114,-4.96010863308331,2.52578492424474,0.757286726552078,1.69104203001122,0.920020577187708,-0.151103893232396,0.0110068782298363,0.0803032669086078,0.412191351423526,0.635788870982512,0.501049550484962,4.56,1.0
56624.0,-7.90142134976781,2.72047248689249,-7.88593567244075,6.34833355148109,-5.48011903551053,-0.333059239585013,-8.68237644547782,1.16443107786426,-4.54244738562489,-7.74848004950582,5.26658587269696,-8.67967880327782,-1.1663656781569,-8.10797466085831,0.701364761025326,-6.28830575777651,-13.7531307979331,-4.32923927421315,1.50425021091709,-0.614719344485925,0.0777390506575033,1.0924365947863,0.320132727437797,-0.434642552856739,-0.380687072327338,0.213630359032603,0.423620329379796,-0.105168533503988,153.46,1.0
62467.0,-5.34466537543542,-0.285760408166142,-3.83561578178611,5.33704802681048,-7.60990870021268,3.8746680317393,1.28962992438915,0.201741916806601,-3.00353243733788,-3.9905513318108,4.98601380361468,-6.11638322304304,0.0423244061770454,-6.04339314434942,1.82140103177852,-4.7454624675489,-10.0756455907271,-3.6045960155148,1.43529381015392,-1.56216235780532,0.276010822180054,1.34204455689584,-1.01657869464831,-0.0713612973880671,-0.335869334726878,0.441044176004645,1.52061262049821,-1.11593680318009,1402.16,1.0
83142.0,0.923206604406577,-0.148516741554488,0.271503245190331,1.17686218457986,-0.244993771904447,-0.0563670495669116,0.0745691246212584,0.0803400504712452,-0.22208508132164,0.149720175522826,1.42472265597282,0.707995085528975,-0.494265473718856,0.668620696395899,0.551823155680396,0.0899424987024602,-0.416205595997716,0.0557906344676834,-0.577298201670397,0.0449505864349474,0.214751104653546,0.382336827081749,-0.18967278861095,0.0152737094988299,0.512930177461185,-0.278942372632136,0.00609539293493082,0.0276354375863608,120.4,0.0
28242.0,-2.78724793061533,-0.0713403777285035,-1.50528777523306,3.36177713733967,-3.35742166883665,0.565834734346537,0.303653111125521,0.966914484943676,-2.24588195188782,-3.65142656863483,0.987277021963291,-3.83478156926117,-0.961354142524746,-3.18216808481143,-1.1260022842247,-2.95430081252595,-5.84121800175148,-2.91043029785417,-1.15585017273094,1.60739677185147,0.882940442444742,-0.246201930041865,1.75222678458672,0.219924964544368,0.15628169505776,-0.265894317684036,0.220694023253282,0.256076869786525,730.86,1.0
113017.0,2.11919776973246,-0.153879645068952,-1.76394705121319,0.0308681855646538,0.43682382792784,-0.483754660429443,0.0428078066978426,-0.147093678742893,1.00537952938262,-0.0661702151989598,-1.53348885012557,-0.643896327151257,-1.20547470583878,0.713944211279821,1.14844124427367,-0.0612275518166343,-0.661827090117911,0.413608937213165,0.00916351505978809,-0.299258153575846,0.209908656903825,0.696070531997161,-0.0469652134260214,0.0108961310157574,0.381242651507519,-0.402402922581418,-0.00311579097433159,-0.0572926213485094,1.0,0.0
81121.0,1.15399401015841,-0.195749845970263,-1.22605855579601,0.310928359020496,2.13064284294637,3.62721387838591,-0.364012647381854,0.834469064695397,0.165792678265459,-0.0446301661619472,-0.54152328876643,0.238459621206488,-0.212729346983609,0.204294056270941,-0.144039780402632,-0.0938350561425439,-0.509154490664654,-0.0647332452924273,0.345496253331771,0.0764618213106351,-0.149142691329876,-0.510681270332166,-0.176483041867545,1.01278080961181,0.872425959540548,-0.332664308371599,0.0146469425556889,0.0223111125661374,64.99,0.0
34769.0,-1.60528166808054,-5.47392355059623,-0.893526019823028,0.674592206359822,-2.77516074999818,0.175317487991265,1.18603775581527,-0.380022780944064,-0.913849677425877,0.0199240252378517,1.04351847176322,1.01382385764916,0.967044463490424,0.154501087660529,-0.241048333981074,-0.99857796642822,-0.11024449325085,1.64959621791215,-0.837194292518882,2.64185546438327,0.540449787736505,-1.29273398994218,-1.26565718610023,0.453117674783468,-0.416133993731472,0.835544917880338,-0.318628328183917,0.267471006684906,1520.43,0.0
27187.0,-24.5902447690465,14.0445667815106,-26.2787005866145,6.32008926518927,-18.2245126736673,-4.60996782569686,-17.6810033715155,16.2136267471409,-3.79409346877414,-8.37275316035861,4.90168265513877,-6.87283866404082,0.769776762734501,-6.82658448658054,-0.0544341798176028,-6.08495266503583,-12.375270529796,-4.81034474126699,0.936742237936608,1.64920202229571,1.77706277243531,-1.80487368611576,-1.14060456917063,0.152234466415679,1.71599702403257,-0.22047119903665,1.43495058143483,0.422491857762666,99.99,1.0
96717.0,-3.7058559456413,4.10787318567637,-3.80365599543613,1.71031444791959,-3.58246604635748,1.4697289395611,-9.62156012711908,-11.9131046925977,-0.322296771337166,-6.62569249371823,2.17523030559549,-4.38107755793604,2.06329870945929,-0.673818453194249,1.40076321660287,-4.25492662033392,-5.16021301572915,-1.30252591599748,2.59445276115475,3.63960274068724,-5.49877168010629,2.94147540326902,0.916235852911927,-0.25550447969595,-0.18383483865098,-0.584538952417976,-0.315483570351021,-0.0972228121259146,1.0,1.0
40742.0,-2.37753280180283,0.520539361927579,-8.09413945532841,8.00535147326105,2.64075021376276,-3.38158645291742,-1.93437244067366,0.562322111872781,-3.10402718606356,-3.05121035544102,5.73576265915634,-4.74769250131792,-0.784223284478966,-10.7163393018774,0.656516978131348,-1.14246727231018,0.91859080878698,1.12633522330277,0.0929734778841175,-0.634747080915274,0.148284201590387,0.7210995412337,2.66129069804724,-0.508619933518595,-0.401656629278738,0.587611216267645,0.500326371108344,0.551759687906722,1.0,1.0
75556.0,-0.734303155037818,0.435519332206195,-0.530865546585229,-0.471119606930407,0.643214386605141,0.713832369657908,-1.23457207133269,-2.55141159871634,-2.05772382572102,0.166830707878014,0.567551954604602,-0.85805991589575,-0.448067929957678,-0.264936238828755,0.88886293915465,0.838120616560385,1.42505965449185,-0.169664182600728,2.50202738858443,0.864536120628702,-1.00487737851609,1.15035358786928,-0.152555282700309,-1.38674463324096,0.00471601482800044,0.21914583821982,-0.0582573076118087,0.158047988697071,29.95,1.0
93824.0,-3.63280894927825,5.43726336227612,-9.13652148062595,10.3072263079132,-5.42183029451154,-2.86481514933136,-10.6340876212042,3.01812657999175,-4.89164032107494,-11.2350479111446,8.78878366710272,-18.5536970096458,-0.339533407676443,-15.6231873302985,-0.188978574214972,-12.4279613630565,-20.1590474539227,-6.88889109280947,2.58609321670737,1.35406479520345,2.30988016889674,0.978660126299279,-0.0961301444473713,0.432376722544823,-0.435627929953396,0.65089278643537,1.69360750804844,0.857685371687245,8.54,1.0
47826.0,-0.887286905534409,1.39000150924187,1.21968581996397,1.66142517591961,1.00922783931161,-0.733908444749524,0.855828927220991,7.68462281197611E-5,-1.27563149417191,-0.433393925731893,0.141178993422237,-0.46034845602669,-0.367867931021877,-1.16833941780754,0.152107630618373,0.882231823726865,0.601804858067329,-0.304092391463557,-2.19176427800358,-0.268347371086252,-0.0837343767453397,-0.346930257215667,-0.0506187067885922,0.23104442462061,-0.450759875468406,-0.376205380931623,0.0345043694610426,0.157775320404088,7.58,1.0
91502.0,0.0073790751145725,2.36518252886777,-2.60028738169342,1.11160176466249,3.2764413263667,-1.7761407852846,2.11453088108345,-0.830084106599812,0.900489974281822,-3.37617706712688,2.05681205985716,-3.9842567303491,1.02196791340796,-5.96790496861639,-1.15160831490592,1.67973960141233,5.58611468683053,2.78913115591619,-2.24107485298106,-0.00638849728163087,-0.563944162060269,-0.902099515410175,-0.404382448597275,-0.0129439005065412,0.589836154947909,-0.734449052212668,-0.447529183217452,-0.362374775122343,1.0,1.0
93853.0,-5.83919161928092,7.1515323543223,-12.8167600806187,7.03111476501099,-9.6512721679897,-2.93842725771624,-11.5432071690832,4.84362653179436,-3.49427572506535,-13.3207888671784,8.46024444901677,-17.003289445516,0.101556614891384,-14.094451660329,0.747030766392512,-12.6616957230679,-18.9124938172188,-6.62697484523061,4.00892074227194,0.0556838813863639,2.46205591127559,1.05486518382957,0.530480596078193,0.472669814042592,-0.275997967880675,0.282435024801752,0.104886020210564,0.254417096767513,316.06,1.0
116118.0,1.83798804693081,-0.888976544889219,0.0329938907924455,0.354776179599692,-0.917923310183748,0.442148142374517,-0.988814677890921,0.187585523589327,2.07089436307713,-0.47299234911005,-1.41534977266877,1.09204075605147,0.855597985464772,-0.948841584862923,-0.614907966247906,-0.123482296671419,-0.248124031842066,-0.127655380372184,0.316085199458841,-0.00804906974031654,-0.0259524613383679,0.204703982514757,0.197657017062889,0.630589820000861,-0.30786116441912,-0.063139648301206,0.0408745266144656,-0.0148257907314682,72.0,0.0
35387.0,1.05677620600975,0.135755146889939,1.62117168251104,2.83832165767903,-0.800409433975293,0.613861001299911,-0.658560390226517,0.297965305519472,0.0786493731417853,0.532019283219117,0.642885812673479,1.45999681865247,0.463468016566559,-0.656177583972782,-2.27971718349424,0.133805263385538,-0.213477943936608,0.03213063329533,-0.357981691682207,-0.138456005198015,0.0939414493563342,0.63027702719098,-0.12426992705934,0.610857518614763,0.584123653486519,0.180498396115318,0.0498280279094541,0.020370485623818,0.0,0.0
121102.0,1.83564408073428,-0.41583654383486,-1.96989991077265,0.42595621196431,0.0940240061820947,-0.784047944165916,0.0844646422257873,-0.105782803029433,1.29198876293899,-0.839391336061027,-0.996697444240338,-0.763597830450717,-1.89323287327283,-1.08542417417763,0.140744871737548,0.164012167062926,1.09003599571073,0.359351285544694,0.190963582610124,-0.0462717108890325,-0.221217927549077,-0.742196936919492,0.123731680318454,0.415259962126708,-0.119346056251327,-0.117523086991624,-0.0442005575353099,-0.00135417477023025,117.8,0.0
472.0,-3.0435406239976,-3.15730712090228,1.08846277997285,2.2886436183814,1.35980512966107,-1.06482252298131,0.325574266158614,-0.0677936531906277,-0.270952836226548,-0.838586564582682,-0.414575448285725,-0.503140859566824,0.676501544635863,-1.69202893305906,2.00063483909015,0.666779695901966,0.599717413841732,1.72532100745514,0.283344830149495,2.10233879259444,0.661695924845707,0.435477208966341,1.37596574254306,-0.293803152734021,0.279798031841214,-0.145361714815161,-0.252773122530705,0.0357642251788156,529.0,1.0
109967.0,-0.554432004936417,0.713561977241227,2.43728416578612,-0.191524574917297,0.0424647902907185,-0.0881676815500372,0.417142765688964,-0.0988079712485914,1.34972804249003,-0.95543071720915,1.92449760860317,-2.2513705521813,0.87835220208855,1.58893579232082,-0.0317502001866,-0.0724932725183758,0.119240021546162,1.07270197985586,0.798254450259586,0.0443326210934614,-0.254317743039553,-0.361166599039653,-0.276265864635176,-0.0457833169078517,0.202693439360304,-0.751144946676213,-0.0910312521779812,-0.155794736869388,11.27,0.0
7610.0,0.725645739819857,2.30089443776603,-5.32997618300917,4.007682804682,-1.73041059025206,-1.73219256822244,-3.96859261813707,1.06372815344105,-0.486096552344833,-4.62498495406596,5.5887239146762,-7.14824263637845,1.68045074096412,-6.21025774661028,0.495282117814298,-3.5995402092184,-4.83032424210571,-0.649090120211694,2.2501232487881,0.504646226103286,0.589669127323198,0.109541319229913,0.601045276521079,-0.364700278220039,-1.84307769215194,0.351909298434892,0.594549978086464,0.0993722360416487,1.0,1.0
77509.0,1.15891696665282,0.0993767632708344,0.574785172173892,0.510895946448358,-0.405269335673779,-0.333299000583324,-0.167337014561875,0.111457183469992,-0.113848618649487,0.0816318204872879,1.75308198748508,0.794166728264948,-0.607902390011403,0.632298648148097,0.654307264406805,0.183992981594493,-0.276464522928059,-0.466387640048057,-0.259459833176776,-0.17032650223741,-0.173586056141698,-0.54418320321013,0.188006875910919,0.197482069503629,0.0607311264462943,0.0967851015377945,-0.0212769040742324,0.0058506249002274,1.98,0.0
32739.0,-0.921007070976905,-0.212231931384085,2.08373397849781,-0.386187625923891,-0.622183396798402,-0.248963949951747,-0.450122559298666,-0.298817362476237,-1.19444001940199,1.44554669493271,1.67081777996692,-0.0451625537997549,0.861703343154278,-0.641212931075395,1.04695499295852,0.744106718034951,0.313877010579346,-0.46949060622327,2.56536636894432,0.173853425955642,0.209954739067974,0.817350646624497,-0.0179870962577999,0.376443274871876,-0.509207153051226,-0.178552830898786,-0.48759171174534,0.0278980722184944,18.37,0.0
120168.0,-0.158469626625696,0.974708286622693,0.40110310161119,-0.463798560158211,1.18789458293198,-0.388829166751734,1.17311658762858,-0.241402182331236,-0.637117428453286,-0.684918757389722,1.25213474120405,0.496447768410838,0.0724044668947346,-0.939314082334601,-0.63243207702993,0.133715194626674,0.285753910196059,0.299114474768961,0.686029498126822,0.100432613623901,-0.257981580640609,-0.566273206441601,-0.0783942134770496,0.68479096064651,-0.509366946449872,0.154426483712205,-0.0685884953502134,-0.0497376486194444,4.49,0.0
57859.0,1.06096052125624,0.0231008572790258,0.341735940766735,1.43824727676394,-0.216554903606251,-0.165171452331656,0.126774851153337,-0.0184960124745847,0.312680273879475,-0.144241470973083,-0.567358335226854,0.433077301505704,-0.307234384229882,0.114869873022145,-0.0668329919249443,-0.707351304716481,0.275799174497798,-0.944425545877224,-0.383595299122931,-0.0928487753464253,-0.0714314599022362,-0.0999245465923335,-0.107028459905602,0.0925362933795333,0.637233705782256,-0.317911271588638,0.0285235802324976,0.024986678153812,62.06,0.0
76717.0,-0.350795877794506,1.16898540437267,1.28308975393598,1.69215689179632,0.754829747418199,0.195970429776598,1.33457562492738,-0.407806372298664,-1.27575993661358,0.526092755946826,-1.12320897791676,-0.0366530658657023,1.60064541634448,-0.407114559051967,0.211069896558977,0.623719917559304,-1.11305792633299,0.0752700755596304,-0.63676957066926,0.0991991023240213,0.118831015386782,0.500818765064794,-0.359381528777429,-0.410772709233756,0.325967677052965,0.109301588402298,-0.256664650190059,-0.210579083218861,76.1,0.0
62080.0,-1.59945740179415,2.60772002929222,-2.98719294171061,3.06415614684784,-2.49791431686821,-0.54110279282052,-2.2777862276701,1.26816610842127,-1.99733105335741,-3.83477508791878,1.11335409263987,-4.97692104108215,-0.795530934675206,-4.54955674371782,1.81376325403563,-3.17746049642958,-5.36934877847861,-1.1214541569793,2.03059193793375,0.22533293042937,0.662933039629134,0.184086858369512,-0.0894518031771282,-0.505999935132595,-0.0622588885489331,-0.0527144132804191,0.322854004983613,0.135267636745646,180.0,1.0
70498.0,-0.934193133013453,-1.0096423663859,2.17847385099631,-2.54871904985234,-0.368780244913902,-0.11737214851376,-1.00348816766227,0.343144393771133,-2.38474417066668,0.83150983793102,0.782536900126449,-0.86165796339239,-0.195533668973927,-0.296093662282321,-0.0791079585829389,0.0139585247454443,0.111427646736459,0.646314776926302,-0.869200969302731,-0.211609978677293,0.08582165352062,0.367702959950306,-0.204609739572296,-0.333956392348899,0.299437231901557,-0.152885046115175,0.0556484187653462,0.0606894622805412,10.8,0.0
90676.0,-2.40558049004183,3.73823496480673,-2.31784304058402,1.36744244056479,0.39400112765787,1.91993798476143,-3.10694204753682,-10.7644025337266,3.3535248599039,0.369936028027435,0.382172176843061,-2.26293253493218,1.21060458321664,-1.88061870491121,-0.934160416330735,0.235476804417352,3.32156931100987,1.90627082950488,-0.581355690647057,-2.14087382269319,10.0059980130045,-2.45496409501601,1.68495694696092,0.118263083149952,-1.53138011163519,-0.695307571119466,-0.152501562016877,-0.138866256312262,6.99,1.0
67212.0,0.98390720304893,-0.371292976606555,0.77809294484968,-0.170065560842711,-0.279212082178292,0.940944293248804,-0.600452302031377,0.432773655174376,0.396763010389275,-0.45190860393787,1.09574176180875,0.937411059776748,0.442157539801752,0.117307758264575,2.38059404247207,-0.844263703131669,0.884893094132372,-2.45392268508159,-1.69628908216418,-0.101651563616475,0.0121086764232449,0.12000935197292,0.269194769097768,-0.582227946543742,-0.346231861404665,0.956433856462214,0.00659307715784259,0.0104729909527679,42.0,0.0
59477.0,-0.337273397165166,1.10265555474835,0.562852674582328,0.761542355661008,0.107142811080867,0.123451806685724,0.148810232844534,0.583812348373991,-0.894027122178445,-0.232150747662611,0.933223701011065,0.585292847674197,-0.245529118973271,0.888712729668477,0.58742255086307,-0.135236088954801,-0.11519074274712,0.308835507742969,0.399497229908016,-0.168767841376048,0.22787910342854,0.563210136361008,-0.076806700893567,-0.30585695425162,-0.20328858742289,-0.294317667030391,-0.0332703582268086,-0.0357865908632335,8.95,0.0
28726.0,-29.8763655139763,16.4345245512223,-30.5586968214292,6.50586178736296,-21.6656542956569,-4.94035632949796,-20.0813910746494,19.5877726234404,-3.59149104711596,-7.80059820772759,3.94783971729026,-5.4879114860488,1.36994034924206,-4.82955244300835,-0.134412095441135,-5.12116240451142,-11.1181904509172,-4.65995586983801,0.608930080519071,1.72477883837961,1.81295397464878,-2.23225158753151,-1.41280344282556,0.178731069561437,2.15604185816706,-0.20938462411377,1.25564890085966,0.364530452975509,99.99,1.0
35906.0,-3.51902954497457,4.14086717613266,-3.62820236883577,5.50567203744754,-4.05746250583351,-0.905945282755562,-6.65203112089008,2.63452416520597,-4.67940204045465,-6.54624181523522,3.53820204012168,-8.04228514248667,1.69750938374612,-8.05104890186539,1.07045739646232,-7.39595692479141,-14.3296261567476,-4.86801023649552,2.46384303909831,0.898723234092648,1.58255593340505,0.778710245469243,-0.13570727840987,-0.00427780027496027,0.0327061591060809,0.362014053476722,0.900925137512513,0.554897499272323,9.13,1.0
41170.0,-6.49808616880785,4.75051466030858,-8.96655783136602,7.09885431317009,-6.9583762227814,-2.82212618665779,-10.3334056561063,4.03190730189525,-6.64877821018697,-11.6344144245911,6.87757089846463,-13.6976856184689,0.463040401836978,-13.0441824003561,-0.309229265664683,-12.3175797238757,-24.0190985475902,-9.33519307905321,1.95189049542104,0.568338010653019,2.15814308370257,0.1115103626317,0.216413836254987,0.584661255488016,0.760359507805524,0.0819723426822078,1.41506751068321,0.0351241448009389,83.38,1.0
22616.0,1.2844686656755,-0.348406264935495,0.42834216088198,-0.892525975136391,-0.26717404505925,0.500026075635359,-0.751108539206575,0.105385889358913,3.18051190318202,-1.5007948390062,-0.502755329107449,-2.08318351394971,1.93703334882638,1.21061441166447,0.878194854672561,-0.359673205777214,0.350832007940736,0.457563293690666,0.517868798807556,-0.126201089347552,-0.219423202687569,-0.11202344534304,-0.17834907797257,-1.36173700294877,0.590866178875241,-0.610182765339087,0.0802388553495147,0.0133993757242643,11.85,0.0
65936.0,-3.5934760029271,0.78144226309285,-1.82244751422669,0.605760683474701,-1.19465586719981,-0.517194856719497,-1.72252312325165,0.128889523769538,0.0149633080909052,-2.85611682977408,1.61826162043188,-3.58137450130299,0.623706919914784,-6.16045662030601,0.494733399107095,-2.54310504010287,-5.30127339068683,-2.19271270602319,-0.09472379272847,-0.478219313417121,0.351792125839819,0.391248950287018,-0.252874890557857,-0.498042480147132,0.0101721931231225,0.909928721553306,-1.47876724603751,0.722673039450917,101.5,1.0
61530.0,-1.47953968991155,0.96827529656638,1.11115912291802,-1.56515573291598,-0.0761845954157881,-0.233272432119297,0.146225706274754,0.553882954332745,0.286264716729395,0.042834788478388,0.938176893265011,0.108961170870211,-1.14592540595361,0.34493804526352,0.23801166434528,0.654531865611339,-0.656698845926144,-0.0729186170258991,-0.67653382779745,0.157634875969825,-0.113888430352179,-0.136925819906599,0.0424497997048774,-0.316021430198833,-0.316109021134098,0.741253035789911,0.177282549270551,0.0205084066379167,2.22,0.0
48283.0,0.736234116348786,-1.16018921060625,-0.328929686040254,0.514426077308925,-0.362418935293389,0.333211130192102,0.165132537711809,-0.142354155941853,-1.22255655703256,0.635576419926786,-1.12260993248787,0.148167612881324,1.39763888426254,0.0903814075516691,1.06805939794962,-1.2944935370729,-0.349110870107838,0.85834638013047,-1.18651469298096,0.177754507450487,-0.372886760498759,-1.27288920445322,-0.260365166122473,-1.00300641021968,0.313527072085284,-0.489492100007607,0.00209725235037405,0.076713034959228,333.65,0.0
31662.0,-11.7020023608114,6.8777878669461,-11.7560919253274,2.24604207207969,-6.69327502689296,-2.98261442476849,-5.1713333143768,7.80698318579638,0.0359458870360799,-0.0746979424222346,-1.66405867176471,2.42721467070914,0.789785765946554,1.39444829075395,0.922532389436114,3.13284197310252,5.85788226839361,1.96108819300995,-1.14368492643987,0.248195744214269,0.0124872211916298,-1.19695519272379,-0.376976697011763,0.0784404939392517,0.547613095126827,-0.36971243645571,-0.235586252860635,-0.278858725841366,1.0,0.0
28658.0,-28.5242675938406,15.8769229879536,-29.4687320925264,6.44759140152748,-20.7860000418837,-4.86561341755669,-19.5010840750712,18.7488719520883,-3.64298981925263,-7.93964241937325,4.18467368942509,-5.83507521523889,1.21595964527928,-5.33014378246253,-0.118631138153322,-5.36777527618834,-11.4317569116986,-4.69692444373293,0.69268841200477,1.7068890619925,1.80576978392608,-2.11937616760819,-1.31744962200248,0.169845630469178,2.05168733506275,-0.210502000459411,1.30173396497076,0.380246181418509,99.99,1.0
62467.0,-5.34466537543542,-0.285760408166142,-3.83561578178611,5.33704802681048,-7.60990870021268,3.8746680317393,1.28962992438915,0.201741916806601,-3.00353243733788,-3.9905513318108,4.98601380361468,-6.11638322304304,0.0423244061770454,-6.04339314434942,1.82140103177852,-4.7454624675489,-10.0756455907271,-3.6045960155148,1.43529381015392,-1.56216235780532,0.276010822180054,1.34204455689584,-1.01657869464831,-0.0713612973880671,-0.335869334726878,0.441044176004645,1.52061262049821,-1.11593680318009,1402.16,1.0
48380.0,-2.79077103894771,-1.46426898705405,1.03116500769674,1.9213560843992,-0.0900138203463016,-0.483871347899329,0.780731181206493,-0.348775795673106,0.609133451935087,0.225933803313285,-1.06453419450651,-0.787372737955552,-1.57646958451914,-0.126756361711439,0.367012281940972,-0.635321654596588,0.327006411459276,0.0438160872305435,1.40357376229763,-1.37672077946455,-0.392667221970544,0.440019838749267,0.777659196131864,0.418551935584405,0.244563185949918,-0.159360689127314,0.0605395343366452,0.356958362771354,208.58,1.0
40815.0,-0.336057642643404,1.05767610685035,0.390566104842723,0.748938875573803,0.0143783956795802,-0.0654527355881936,0.38729230781888,0.432910822616284,-0.940715689685794,-0.23554262113449,0.456532225587329,0.577385198582855,0.232852061310857,0.765690435399755,0.321936830081814,0.25249948310242,-0.549686857877355,0.843766224467505,0.880568559809172,-0.0106641786282876,0.205253225917847,0.411569141119948,-0.0588737580508278,-0.349026806371459,-0.052484490182938,-0.304333827708053,-0.0619816358872448,-0.0322012734828821,50.0,0.0
33680.0,-1.45575256730557,1.30376633770184,1.41751520061381,0.669508329751591,0.953490652969216,-0.369551525997405,0.644394734924954,0.428569426030388,-1.48192588128779,-0.603118748409792,-1.69878354333615,-0.212455874526572,0.588144816974681,0.237900565498885,-0.700009985374851,1.52775699139173,-1.37962969576445,0.0261483349962672,-2.25067485790987,-0.228298058673674,0.117731448244661,-0.0448110910370584,-0.481792009433056,-0.451339832810486,0.850486562598141,-0.126039447833229,-0.140579654458484,-0.0704593225277303,1.0,0.0
90676.0,-2.40558049004183,3.73823496480673,-2.31784304058402,1.36744244056479,0.39400112765787,1.91993798476143,-3.10694204753682,-10.7644025337266,3.3535248599039,0.369936028027435,0.382172176843061,-2.26293253493218,1.21060458321664,-1.88061870491121,-0.934160416330735,0.235476804417352,3.32156931100987,1.90627082950488,-0.581355690647057,-2.14087382269319,10.0059980130045,-2.45496409501601,1.68495694696092,0.118263083149952,-1.53138011163519,-0.695307571119466,-0.152501562016877,-0.138866256312262,6.99,1.0
37269.0,1.19314172705637,0.107950064296079,0.429840355579061,0.834279664691896,0.117889473187144,0.780460365048404,-0.429545180335363,0.270517758285213,0.0351455278175409,0.153470528474337,0.579525160670696,0.735157604392307,0.464462544521764,0.226785069466213,0.809605180961941,0.643577404079605,-0.980792465020464,0.552379100464302,-0.297564076595876,-0.100097707531655,0.135784162651684,0.460623603480399,-0.187571106440962,-1.0145246899269,0.560819810736004,-0.213981100665952,0.0564259249709775,0.00805479986637334,4.0,0.0
54868.0,1.09145390567077,0.313419025311987,0.79014654119007,2.61643837189045,-0.628157598918279,-0.750158978551892,-0.00424967159777316,-0.00230664443892485,-0.381916554851739,0.73539697725985,-0.635375745774377,-1.22550228404542,-2.34225347638109,0.759611278404268,0.797656766129513,0.762288672501807,-0.398118445041412,-0.11696259864105,-1.12400434747563,-0.236694449284312,-0.0733492995883237,-0.458547895063339,0.0758193576743875,0.630922557645541,0.255475293804709,-0.11339207960758,-0.0287857541635998,0.0303688250436104,40.28,0.0
91524.0,1.95485173775774,1.63005630331209,-4.33719968092597,2.37836729179698,2.11334786136033,-1.58385066673113,0.65374545254113,-0.192892012453504,1.21760825458778,-2.8290982053899,3.50456779253823,-3.9181998797616,-1.01579192974001,-4.7045087050312,-0.968553075532043,1.85477191713001,6.02439676670687,3.53125033477791,-1.1962847755939,-0.230640095367639,-0.474437304644058,-0.974624666273666,-0.0481545042172499,-0.0235242678879109,0.362192024107476,-0.570709266940076,0.0256187202949634,0.0818803891570235,1.0,1.0
69698.0,-1.29283679431,0.939984306782417,1.67137126166556,0.843292162465781,0.698409234922371,0.684394153883233,1.25137397387062,-0.668666819444506,0.894959889811809,1.97381246264522,1.00455317388161,-0.435774283864506,-1.7687773529797,-0.652766577276213,-0.0357042219484164,-1.25290526317985,-0.106363512543278,-0.0779298819925457,1.17007149585685,0.406614555926878,-0.304361325875019,0.183660469465959,-0.311776050594323,-0.327334282220334,0.132384111288524,-0.315094111918708,-0.608774312698481,-0.496221790740769,30.67,0.0
118603.0,-6.67721162487866,5.52929920087665,-7.19327456474359,6.08132107951892,-1.63607097105033,0.500609583298219,-4.64077020758754,-4.33983969614375,-0.950036405131991,0.566679814004086,4.3150759158968,-4.93828359985114,-1.10570973729343,-8.49081262174082,1.00362574598099,-1.94912326096651,-3.09301268981888,0.124087074705575,0.886746966076448,-1.11868675540655,5.56330066446813,-1.60827196122017,0.965321595694456,0.16371797930961,0.0475308707267175,0.466164782963216,0.278546743051982,1.47198811731278,105.89,1.0
75166.0,1.27669156198454,0.273675681740187,0.0330266125953708,0.934525196726658,0.050853819886993,-0.422021064752731,0.124127885082925,-0.153858291598045,0.107261878484907,0.00596206034975351,-1.15626194795691,-0.0868154415609541,0.181915957823604,0.284338052696457,1.03942883219198,0.353924907220204,-0.762516030941062,0.214955284128813,-0.107765131253046,-0.0915704825795406,0.0223664793157043,0.100497820621806,-0.224684612404672,-0.437319246431886,0.788466464732413,-0.245942388805577,0.016557035762389,0.0153196512039356,14.9,0.0
64785.0,-8.7444146436792,-3.4204679837707,-4.85057473189452,6.60684578567387,-2.80054617200457,0.105511583647205,-3.26980129883546,0.940377922978903,-2.55869060182863,-3.62477471396623,5.26786160380362,-5.58369692598496,0.173895592410693,-6.67997675520914,2.08419914311417,-4.3488914455328,-8.76078602293495,-3.40754854415232,1.33293006548133,-1.81831542477292,0.102912553839685,0.311626102287519,-4.12919549979785,0.0346387321763146,-1.13363123097119,0.272265246225774,1.84130726881613,-1.79636258672205,720.38,1.0
64093.0,-6.13398694801985,2.94149944882418,-5.59398556768425,3.25884522291112,-5.31551221858167,-0.637327763117765,-4.47648804491816,1.69599358704814,-1.60674315131804,-5.11725920989043,3.97722223959189,-8.06609609331146,-0.760887591756867,-8.66077095912039,2.22023798968633,-6.23759654204862,-11.0463816554829,-4.15587936834903,1.76361087438004,-0.815086315781228,0.86833985051032,0.793736498280638,0.217346586657621,-0.0219850652442062,0.145881913923651,0.665087660642875,-1.68418604869422,0.31019546302906,294.9,1.0
73408.0,-2.86979494599423,1.33566696241079,-1.00953019777159,1.69388472852407,-0.741479894623347,-0.796772696354505,-2.61424187718441,1.06663646767929,-1.13549652218517,-3.9433368210052,2.57283021584331,-2.28866350030302,0.562084177710423,-5.33871420959882,-1.85325189141529,-2.619233053885,-5.23142512742468,-1.23485373672039,0.397308037124058,0.0115572104606548,0.528421372720921,0.228027080989586,-0.749297963439339,-0.0671789627433331,0.215792485177395,-0.453651011768872,0.349191042793996,0.198862268219404,16.48,1.0
94362.0,-26.4577446501446,16.497471901867,-30.1773174564996,8.90415677106517,-17.8925996927224,-1.22790388102871,-31.1973285494605,-11.43892041491,-9.46257260540015,-22.1870885620007,4.41999660154863,-10.5923050053728,-0.703795803703315,-3.92620731586873,-2.40024649210124,-6.80988994039049,-12.4623149481086,-5.50105078380738,-0.567939572890149,2.81224110932946,-8.75569832116533,3.46089334478551,0.896537503959012,0.254835536763482,-0.738096558530353,-0.966564233789852,-7.26348214633855,-1.32488430656137,1.0,1.0
94952.0,0.842025258809961,-0.365518405631879,-2.46406333105633,4.82088596439253,0.775505434320733,-0.614784604613805,1.36802439952459,-0.526261741999926,-0.121356446796038,-0.357616193093852,0.637766685379952,-2.81888227036892,2.36059541417279,-1.10869894034456,-1.44995109474769,1.57373987380152,2.20265154365361,0.800471466568041,-2.10358290329291,0.944915098074741,-0.110621878759425,-1.25780002613606,-0.324418362936717,-0.420020001036393,-0.219501077925226,-0.268872635957687,-0.144582319033867,0.104464060190998,571.48,1.0
42030.0,-0.579016287830462,0.801165415271494,1.12177222977064,0.264804771897852,0.861827085293924,-0.350613723637697,1.28657181283288,-0.599883059286437,0.0258488680282532,0.426751889943102,-1.04201636148352,-0.467623794662338,0.239387895238048,-0.353331511571611,0.85691624129961,0.0245102439089729,-0.966140414975714,0.186600599574066,0.0935973014829347,0.0901797099315702,-0.116468011937291,0.212676430335639,-0.196982219792918,-0.448298643702409,0.415738277848413,-0.369005419194202,-0.246730217409385,-0.405034381996252,28.64,0.0
88672.0,-3.85988078691481,2.63288131193679,-5.2642653095088,3.44611314661501,-0.675231056544998,-1.90495945391597,-3.2910408690196,-0.985766040904484,-1.16811416733417,-3.93629417027159,4.25656448730292,-6.60065448140166,0.00562637646602147,-9.9585309187018,2.47135790380837,-5.7001414199952,-6.38809273753128,-1.83815930102503,2.99317350708135,-0.178626358366056,1.66411901528299,0.785075271950043,0.0684124857414983,0.778960915978384,-0.863165919910699,-0.00680961441649656,-1.06573404007904,1.77332644564776,1.18,1.0
83042.0,-0.579305854424554,-3.16945502502314,0.359537157010475,1.04039105371952,-2.09353262611107,0.104911247011728,0.499436705986557,-0.108242819760407,0.966840937266076,-0.92744565717722,0.0231926610738065,1.20570644049863,0.642346098930611,-0.418539810339952,-0.0477278292953751,-0.481116007567862,0.607807709676982,-1.15782693320969,-0.38072376073551,1.71566719001196,0.372473516822287,-0.615320783742769,-0.612591180295074,0.743066112637503,-0.311874722088796,0.842933786500345,-0.179658697546405,0.17177086983061,893.85,0.0
40276.0,1.15937314510686,2.84479469928473,-4.05067950821309,4.77770088131929,2.94898004123771,-2.01036111013216,1.74408581794948,-0.410286521869204,-2.45019774688553,-2.04216786301424,1.84409317018026,-2.42593281501277,-1.5842751343556,-7.2083115791564,0.459828383286257,2.37529619792022,6.4435098643744,2.59184606301795,-2.88977035831304,-0.059264385833904,-0.176541018596848,-0.433469859425429,-0.529323202003731,-0.597019604985794,1.33595405267787,0.547092070642555,0.00997894426391215,0.160769150049196,1.0,1.0
73608.0,-0.942876460844386,0.776618698931409,0.100465336173234,-1.95256410496576,-0.235801992495951,-0.643566713664766,0.684421509782361,0.430859493941363,0.629085096839139,-1.38334067805308,0.976454310010218,1.04545579880222,-1.01602949279314,0.794445687232136,-0.489800573569022,-0.891500864416123,0.0508601694114146,-0.0359928780609174,0.0833359814963579,-0.264890980295532,0.207483422178475,0.740155501784925,-0.0423476482100771,0.0200081275002631,-0.166703589944783,-0.812845793333156,0.217057519759795,0.14341190812344,59.0,0.0
45542.0,0.874537956789682,-1.98937696649676,0.717080210689697,-0.947100278917425,-2.35628333709752,-0.994577010840956,-0.799981020455205,-0.287027846208551,-1.75228885789032,1.26862252862673,0.0613576037231406,-0.421459793389618,1.10530736882113,-0.508068976756961,0.77748190139554,-0.291714354781603,0.544885850114181,0.126341204758972,-0.743516382783169,0.317171631619626,0.165018307594654,0.225151067069397,-0.209305968928731,0.94071305877105,0.176483495190872,-0.17040943743093,-0.00108598362312935,0.0867269172970398,316.0,0.0
68207.0,-13.1926709562391,12.785970638298,-9.90665002092758,3.32033688288942,-4.80117593230105,5.76005855618556,-18.7508891580107,-37.3534426378925,-0.391539743919107,-5.05250236713858,4.40680552357904,-4.61075647740608,-1.90948796970811,-9.07271093398351,-0.226074450896345,-6.21155748212485,-6.24814535335983,-3.14924669470095,0.0515761185277783,-3.49304991519446,27.2028391573154,-8.88701714094871,5.30360690376998,-0.639434802306313,0.263203123457008,-0.108876929971315,1.26956635541013,0.939407362758877,1.0,1.0
60631.0,1.45813722635373,-1.15561351352979,0.889480898119818,-1.30858963460755,-1.93555779717122,-0.784906296867897,-1.28568268919706,-0.093567992163687,-1.51701622332473,1.41303008470418,-0.553106418549902,-1.11047467713954,0.125331917491166,-0.40610681840589,0.930506980370508,-0.0465369624134322,0.383992307338887,0.215787918478558,-0.366361822309966,-0.313213971187294,-0.231024895088599,-0.348779927763102,0.115878905045431,0.340296526632042,0.132559782876026,-0.298999299665874,0.0491520621395741,0.0342442633958545,29.5,0.0
45206.0,-2.89914838363402,-1.73395228580938,1.3474454608988,-2.16797651137237,0.814966758204014,-2.43526793803572,-0.369098711310574,0.415751440972172,0.436009366565085,-2.13689824107469,-0.546413300738018,0.600024543439617,0.108398142561381,0.440628078970068,0.608024633180429,0.593143749738743,-0.645373327222455,-0.217353717706099,-0.975611158803196,0.533283739051018,0.116788394304256,-0.821475938977361,-4.03296521686192E-4,0.405466388342921,0.355339709582795,-0.163593541799611,-0.140650793924005,-0.355392384846101,83.78,0.0
7891.0,-1.58550536691994,3.26158454822833,-4.13742198305023,2.35709625199132,-1.40504331370135,-1.87943719306477,-3.51368687087654,1.51560674568816,-1.20716636120056,-6.23456133227108,5.45074606689486,-7.33371406736393,1.36119332407831,-6.60806825219469,-0.481069424899829,-2.60247787045261,-4.83511205239717,-0.553026089102902,0.351948943356815,0.315957258937511,0.501543149467536,-0.54686881157389,-0.0765836358993043,-0.425550366841581,0.123644186352002,0.321984539336613,0.264028160503965,0.132816719764592,1.0,1.0
93853.0,-6.18585747765758,7.10298492227346,-13.0304552638937,8.01082339822486,-7.88523736131971,-3.97454999359808,-12.2296077786617,4.9712317023058,-4.24830701294998,-12.9654812039222,8.68830799242781,-17.1829184301947,0.0695769150313325,-14.1161560074304,0.959031717400206,-12.3753337375636,-18.716764511809,-6.52201457322122,3.51795494036344,0.483930108481186,2.50277241039945,0.481691289576756,0.480957977547458,0.360318638811951,-0.293354295977635,-0.199193157971208,-0.203917328209747,0.398927185850218,44.9,1.0
116868.0,-0.354079050437886,0.367337687785248,-0.465640081009243,-2.06252587779001,1.16431379143482,-0.98689944522882,1.6612150634169,-0.563458876658574,-1.90249063010226,0.535226429673391,0.295462008259799,-0.800271227078905,-1.65539449293391,0.784061182073586,-1.57135089849644,-1.92421886558067,-0.374940570717438,1.35385246512304,-0.992645228888245,-0.602869413117085,-0.0412374237137719,0.386355902550174,-0.507865153735637,0.79448147226499,0.535179689122149,0.831741793540896,-0.328981098485945,-0.128350026718918,31.0,0.0
20820.0,-1.88859492615514,-0.501921110193386,2.59543275921679,-0.669639176876308,-0.280662836439441,-0.551342759237736,-0.215536290384205,0.143254965007439,1.71772076709881,-1.03114208974985,1.79385959442325,-2.52464544406251,0.0576765096934978,1.34679548526283,-1.26755324099492,0.837003528239447,0.0217635620344431,0.818831739769913,-0.81775335317517,-0.253103074637997,0.0266247962288604,0.182469499432217,-0.15728034474803,0.532447284391608,0.173166901058951,0.887817655902202,-0.423887012965008,0.353026177201876,90.0,0.0
58217.0,-0.443793956538852,1.27139528958141,1.20617786290079,0.790371244425149,0.418935334538855,-0.848375714713356,0.917690595034239,-0.235511404707869,-0.285692136421657,-0.867899742347565,0.614977120327696,-0.657947690982211,-0.948412031653891,-1.63514452424164,1.26320316314475,0.0685328870737372,1.32579410174258,0.376383480838994,-1.09619645414336,-0.0672050359210024,0.119278777095323,0.513479449681292,-0.264243409026182,0.443311288026016,0.0295163920697956,-0.335141048988331,-0.188814985117408,-0.123391459240302,5.09,1.0
120438.0,-0.582657316430988,0.0438640196647185,-1.01997260673137,0.161644512020179,0.365490724569785,-0.247915926574474,1.83035070967452,-0.537997126521056,-0.516253905594636,0.106734701429927,0.50156807739365,0.705749856436595,0.239590499572224,0.440322435403233,-0.933248784273584,-0.684179357270838,-0.208802217190003,-0.0957333351423601,1.48728678328726,-0.421006747852136,0.0769970482976186,0.757729998629164,-0.174636930220152,-0.264054522453669,-1.14123482693754,0.510620714810097,0.252170678307759,0.140667708518248,282.0,0.0
77182.0,-1.41085190223088,2.26827061391536,-2.29755364869312,1.87133052690782,0.248957097554545,-1.20879869131782,-1.35864849113679,1.10291613180529,-1.31736377078276,-4.62691916410905,3.35763973653551,-2.99881490434833,-1.95678634545881,-6.76663337149207,-0.869899592420961,-0.868576751992314,-0.370333268936992,0.419265507331837,-0.894893657235367,0.0580625903425241,0.155380926745126,-0.614880421672272,-0.196125537805858,-0.464375543427361,0.118473100986687,-0.484537034984231,0.373595915880442,0.187657248903867,1.0,1.0
63163.0,-0.733500936073668,0.301905175392606,2.77027006160832,-1.13496224109475,-0.514698469765632,0.0411167425176434,0.910113724289442,-0.787468667256112,1.35664839304883,0.549996342685421,1.19118710920208,-0.0822800992344382,-1.42550949145995,-1.15466807821056,-0.733954920069326,0.0800352352490716,-0.854238401874575,0.144510020088518,0.0578252706056239,0.0134742531896583,-0.0983007068109912,0.253936754302536,-0.208914396959523,0.583506073990094,-0.756852307688743,0.616363306475412,-1.24767639694027,-0.803458876105344,49.95,0.0
87712.0,-0.0416187353979515,0.777571156602653,-0.521631754042877,-0.686817739785083,1.52279877015113,0.668960708992588,0.689104113151151,0.362083697760123,-0.00244576959539269,-0.968809980581151,-0.0583979025022629,-0.0391732080553715,-0.409353245698287,-0.852309065462388,0.620847297677297,-0.591390098606591,1.27984456764025,-1.61361071704087,-1.37956462399971,-0.0752100947016186,-0.2490045842831,-0.501940656948368,0.220951068653477,-0.461183487982422,-0.660174648611731,0.210971726592664,0.268754847786501,0.0739186202088969,10.99,0.0
7519.0,1.23423504613468,3.0197404207034,-4.30459688479665,4.73279513041887,3.62420083055386,-1.35774566315358,1.71344498787235,-0.496358487073991,-1.28285782036322,-2.44746925511151,2.10134386504854,-4.6096283906446,1.46437762476188,-6.07933719308005,-0.339237372732577,2.58185095378146,6.73938438478335,3.04249317830411,-2.72185312222835,0.00906083639534526,-0.37906830709218,-0.704181032215427,-0.656804756348389,-1.63265295692929,1.48890144838237,0.566797273468934,-0.0100162234965625,0.146792734916988,1.0,1.0
1596.0,-1.85476214444453,1.6121013928171,-1.0554047368395,-1.86025459753909,1.74271684092892,3.22489642340451,-0.581895229039848,1.75525945948951,0.0575725899605653,-0.211067958088638,-0.741963947981868,0.245818761670815,-0.123199818872744,0.466922555973628,-0.138573399236741,0.4951723116037,-0.480104160254552,-0.103307964382158,0.0842858591143686,0.152903722990719,-0.182552750113187,-0.758689585082825,0.0109628364553631,1.00916042348229,0.0641778298724905,0.295328539205446,-0.0161389486471782,0.170833090371887,1.0,0.0
94952.0,0.842025258809961,-0.365518405631879,-2.46406333105633,4.82088596439253,0.775505434320733,-0.614784604613805,1.36802439952459,-0.526261741999926,-0.121356446796038,-0.357616193093852,0.637766685379952,-2.81888227036892,2.36059541417279,-1.10869894034456,-1.44995109474769,1.57373987380152,2.20265154365361,0.800471466568041,-2.10358290329291,0.944915098074741,-0.110621878759425,-1.25780002613606,-0.324418362936717,-0.420020001036393,-0.219501077925226,-0.268872635957687,-0.144582319033867,0.104464060190998,571.48,1.0
43869.0,-1.40751606920029,-0.0302423271873869,2.0768212886167,0.48542120049159,1.47849272179585,-0.582999614437268,0.676166220182466,-0.139371780031477,-0.371624442401519,-0.671278237543874,-0.463721427413603,0.809563807770151,0.950526985513331,-0.487458559443551,-0.724861843875964,-0.742095693174973,-0.0982662640978361,-1.01802067751093,-0.832682991993371,0.281255424657584,0.00430544693172726,0.0565713180191378,-0.173251073248387,0.110482712028107,0.737809197000929,-0.42542895231605,-0.142409928675757,-0.142678622561846,38.34,0.0
51215.0,1.14382869509841,-0.139341895899047,0.697066346712173,0.0602072725968519,-0.823762320420162,-0.763836805793698,-0.226446158305165,-0.0526587107612079,0.0017084592141589,-0.00848737764803919,1.68783038557289,1.11639555693092,0.312566720283077,0.288292311028593,0.464843680222098,0.57279642128389,-0.576310548404177,-0.0159498340155229,0.156863589509026,0.0337425429239258,-0.0405542681290588,-0.220665672207929,0.0717414701290109,0.591642405516159,0.059129845920656,0.837721749951459,-0.0775185765898079,0.00957352522671208,41.51,0.0
118603.0,-6.67721162487866,5.52929920087665,-7.19327456474359,6.08132107951892,-1.63607097105033,0.500609583298219,-4.64077020758754,-4.33983969614375,-0.950036405131991,0.566679814004086,4.3150759158968,-4.93828359985114,-1.10570973729343,-8.49081262174082,1.00362574598099,-1.94912326096651,-3.09301268981888,0.124087074705575,0.886746966076448,-1.11868675540655,5.56330066446813,-1.60827196122017,0.965321595694456,0.16371797930961,0.0475308707267175,0.466164782963216,0.278546743051982,1.47198811731278,105.89,1.0
82285.0,0.985780501095941,-0.223835047969222,1.32385660546893,1.66594078910531,-0.721258500747114,0.820892045150654,-0.567151742844084,0.379521914212924,0.889228461038212,-0.273681372643834,0.872055966413736,2.04347899640025,0.186548730378655,-0.642733925211051,-2.48015586806745,-1.03452440511612,0.566296179995245,-0.991874389524093,0.376869042632911,-0.129567245965624,-0.332166530479717,-0.531681349533946,0.0730284533565448,0.235527955467013,0.380432086678352,-0.543157730793588,0.0879708867422867,0.0250746742686024,29.75,0.0
77132.0,0.633082933827943,-0.919020006025379,1.06098612733924,1.67910899772698,-1.02647358357608,0.649795282137714,-0.365012689285233,0.179733390506674,1.1139514168147,-0.500380822195905,-0.812825275628828,1.21311939047195,0.772478764183858,-0.787115060161809,-0.778888340824268,-0.760987318506546,0.387130315227663,-0.685821347415016,-0.374295078599019,0.350980585759017,0.189327052793419,0.487899030598062,-0.333313454126594,0.166491027058382,0.538523904139079,-0.200766263871216,0.0594990113051656,0.0717881637032893,247.0,0.0
77607.0,-2.83349862892342,-0.531316882625012,1.55363382009799,0.672196524139997,0.58195350823244,-1.11127944932666,-0.244869500839454,0.147158052615134,0.173762857120167,-0.139271674393269,-0.0940406916787407,0.528992485695975,-0.168095700874627,-0.0857427737754672,0.0521588337822228,-0.745908744587964,0.61478849268691,-1.23239728012304,-0.0590396961664351,-0.427641490110425,-0.274426887426617,-0.365884466185969,-1.03360251576956,0.742989074420349,0.0583808006627953,0.247755837536843,-0.0287806894519168,-0.55245363888122,19.67,0.0
93920.0,-12.3810482122443,8.21302215295327,-16.9625296493409,7.11609059812684,-9.77282635905051,-3.66683564785878,-16.1473633736285,2.07870595319163,-4.25065683444105,-16.7460441053944,7.42580096307482,-15.5648376012203,-0.426338420425742,-14.0295376738875,-1.68188923012087,-11.1337609764854,-15.8335888785336,-5.74853293843859,2.27108150670047,0.53779490001906,0.1677033350947,1.5034133341063,-0.767755381526479,0.371951476263823,-1.41563947948017,-0.517022160118675,-0.434620522533755,0.292721057342818,97.0,1.0
62080.0,-1.59945740179415,2.60772002929222,-2.98719294171061,3.06415614684784,-2.49791431686821,-0.54110279282052,-2.2777862276701,1.26816610842127,-1.99733105335741,-3.83477508791878,1.11335409263987,-4.97692104108215,-0.795530934675206,-4.54955674371782,1.81376325403563,-3.17746049642958,-5.36934877847861,-1.1214541569793,2.03059193793375,0.22533293042937,0.662933039629134,0.184086858369512,-0.0894518031771282,-0.505999935132595,-0.0622588885489331,-0.0527144132804191,0.322854004983613,0.135267636745646,180.0,1.0
50706.0,-8.46184470133154,6.86619841481805,-11.8382692206767,4.19421096699453,-6.92309709702798,-3.22114664850055,-7.55349651116055,6.015618186942,-2.4661434402463,-6.24624318477127,2.94398521977131,-6.51238933713471,-0.698175946764313,-7.54364593187217,0.92645528395257,-4.3302948063467,-7.33969796421674,-2.55090085394741,0.645904895509124,0.814710155897088,0.918244480856236,-0.715366336614015,0.210747336284603,-0.0602114737129364,0.509534595479059,-0.257283692851139,1.17002651560613,0.229300914797861,99.99,1.0
55618.0,-7.4279242314783,2.94820920837905,-8.67855038407896,5.18530347959595,-4.76108997261691,-0.95709501604379,-7.77337978477431,0.717309273781191,-3.68235923846278,-8.40315026242229,5.70520550718269,-8.6407464115182,-1.60292501896209,-9.46613912320431,0.137324186945341,-7.30324272860725,-12.4480392359586,-4.33283424125087,2.35202964025176,-0.123085015912889,-0.299847070706951,0.610478813685703,0.789022761446755,-0.564511939509452,0.201195825477742,-0.111225430586455,1.14459850910478,0.102279545438297,130.44,1.0
53076.0,1.29623080363477,0.417447287721689,0.193963067987499,0.901644194576026,0.13053136701763,-0.371634020776762,0.158125823740231,-0.202668656827626,-0.0795117562857989,-0.0450882478448673,-0.876737591678351,0.687487636238951,1.5747177026257,-0.00779123029058128,0.948315691837591,0.37715383740261,-0.868182736046053,-0.0671351121445059,-0.0644929660672327,-0.0295593500917474,-0.112113509551068,-0.2200020323662,-0.121021883862135,-0.440454448442227,0.671540040565908,-0.413518433654353,0.0328380408333744,0.0206001971066775,1.18,1.0
41753.0,-0.559549244217531,-0.072661551857693,2.06161292250407,-1.33640400984302,-0.304768822399939,0.60954465062335,-0.303032308340127,0.218225003607476,-0.905469871730661,-0.167126213767367,-1.24695924053137,-0.595819694989323,0.860871099321347,-0.983538568236136,-0.112698524241485,0.627744897820051,0.531897887461283,-1.30439960704858,0.860833333939326,0.257181532467246,0.320684265146317,1.02932575704077,-0.464854610444257,-0.687664204274804,0.582200484330622,0.108806048945005,0.0914629617464994,0.0590513415940317,24.54,0.0
76867.0,1.08256623409747,1.09486151295003,-1.36702004784737,2.01255429562949,0.708142047645968,-0.807712094137058,0.151952109111841,0.158352530916403,0.00987228422733163,-1.92527812380296,2.60593702345612,-0.309218873424363,-1.76754891562268,-4.42919458671376,-0.171939794624445,1.05551393649543,3.9705869371836,1.76224857169611,-0.880812102847679,-0.135789404251701,-0.32528376499397,-0.734343617700577,-0.106725343342181,-0.224999064492694,0.569167327221417,-0.33503264926341,0.0891401408869493,0.11233722000597,1.0,1.0
36170.0,-5.68501341827133,5.77651621042963,-7.06497672861513,5.90271545151069,-4.71556383098609,-1.75563332378958,-6.95867914257843,3.87779518702774,-5.54152882782373,-7.50211219093686,3.67670318691664,-7.64298306727846,1.68986512270453,-8.29965953059956,0.646996364810759,-6.79279505972775,-12.075932061394,-4.88217964265137,2.62662452479163,0.299488632233821,1.12864107441301,-0.962959729230981,-0.110045083655872,-0.177733240766768,-0.0891754157062679,-0.049446723229275,0.303444581632884,0.219380438614266,111.7,1.0
41204.0,-8.44028396323147,6.14765332384605,-11.6837061588856,6.70277957100753,-8.15583929706995,-3.71626415558662,-12.4073130564101,5.62657129554302,-6.23216089363823,-13.3866834395246,7.60555947435276,-13.351815018081,0.827049642773684,-14.9794773489142,1.53281308437662,-11.7714969677127,-20.2992165093576,-7.60911006016911,3.80913643570604,0.520732330180873,2.19285541971989,-0.282596814624446,0.00806849811246454,0.403858336982018,-0.0187883930291726,0.522721636106603,0.792690689790115,0.0677895462043786,30.26,1.0
91036.0,2.01667444743641,-0.0317532225910869,-2.05622164333173,0.230817115547511,0.835284482841008,0.0848298793858469,-0.160748897970023,-0.0274381059698996,2.21239298148335,-1.03539760975816,1.06470820478604,-2.26080066644798,0.951171496017982,0.245821130431633,-1.37003650026671,0.520670511902719,1.18636659002023,1.25456315567837,0.624384300501228,-0.143657414621493,-0.413872300158708,-0.8389464786895,0.073814498717419,-0.545125901489525,0.0129024601578218,-0.114606799001244,-0.0528545220084229,-0.0386131323144448,35.69,0.0
41204.0,-8.44028396323147,6.14765332384605,-11.6837061588856,6.70277957100753,-8.15583929706995,-3.71626415558662,-12.4073130564101,5.62657129554302,-6.23216089363823,-13.3866834395246,7.60555947435276,-13.351815018081,0.827049642773684,-14.9794773489142,1.53281308437662,-11.7714969677127,-20.2992165093576,-7.60911006016911,3.80913643570604,0.520732330180873,2.19285541971989,-0.282596814624446,0.00806849811246454,0.403858336982018,-0.0187883930291726,0.522721636106603,0.792690689790115,0.0677895462043786,30.26,1.0
58222.0,-1.32278906321956,1.55276821126964,-2.27692070362638,2.99211739124618,-1.94706392017319,-0.480288250384527,-1.36238752318047,0.953242226598613,-2.32962885992389,-3.39355348115172,3.1284396921776,-3.57039373078107,-0.595198191474463,-3.98841505479623,0.995905842419722,-2.84378455855144,-4.82624611607161,-0.703883464864473,2.15221455770756,0.988493486888991,0.614968996752659,-0.195199717277462,0.590711261700839,-0.233377663885038,-0.164285286785183,-0.27749787053455,0.428610084734921,0.246393746180351,270.0,1.0
34504.0,-2.84892089569279,-3.13931537296198,1.72795354748582,-0.996488717132135,1.56861730799294,-2.35927933905132,-0.820941929876028,0.0485345708618766,-1.14710895124349,-0.194592566147551,-0.843386718327565,0.231625117823874,1.2383644023261,-0.299298585591926,-0.168188314893921,-0.610456587880154,-0.87807649339526,1.41158604410807,-2.73274228883691,0.598239186127188,0.264969230592925,0.0116599166431244,0.804254758681128,0.383662567185228,0.19029732279365,0.313831467483496,-0.112443952890072,0.184746255211323,216.27,0.0
39420.0,1.19858979990701,0.168290225161248,0.371628933381331,0.643951743761885,-0.587876831284286,-0.911685087709405,-0.145968384703108,0.0421274862514878,0.0567615848739578,-0.0561056738212708,1.4788823446962,-0.0554077343425781,-1.86136897586388,0.312606803264436,0.594375519191438,0.707880503776597,-0.0697568339680058,0.371100805688619,0.0279585055809327,-0.203292790300077,-0.245458764596706,-0.840852016719338,0.166077512529525,0.44155598356798,0.0924943916785545,0.0709947360729502,-0.0393892806356971,0.018395357869179,1.29,0.0
42256.0,0.974844622714527,-0.098884756700906,0.711379682758666,1.26424037225638,-0.769174704713804,-0.681811325229094,-0.0300677558875014,0.0399298486252267,0.313040184198375,-0.0670410608617041,0.0861101366421744,-0.376935160108661,-1.79294783071744,0.726456143690583,1.49136882732828,-0.0606406464521601,0.0722047353440571,-0.737683894497321,-0.856325142633128,-0.125660853680209,-0.184498367527489,-0.79445017470914,0.189341938003751,0.514772546259229,0.052390854013765,-0.699902758236378,0.01936107046826,0.0459558768124726,89.0,0.0
84204.0,-0.937843305478391,3.46288948991687,-6.44510395393435,4.9321986662268,-2.23398306982245,-2.29156112129773,-5.69559392853253,1.33882463362261,-4.32237655329329,-8.0991193981365,7.18296700883659,-9.44594338249901,-0.314619967520224,-12.9914655817567,-0.136358931959623,-6.36752437517144,-12.7343938853776,-3.84512965889743,1.00766725992114,1.12953228130351,1.06655024941577,-0.521657289347299,-0.319917292909547,-0.405859088093617,0.906802159957716,1.16578389011737,1.37449533233535,0.729889341911333,0.0,1.0
36218.0,-1.28683192737155,-0.570313753586887,1.34960117795583,-2.46638597010225,-1.02664594240401,0.420667047236775,-0.238201334625568,0.620276312116902,-3.13681456674643,0.387505765787985,1.44472863162122,0.198240894476983,1.11318413391692,-0.0125073223854962,-0.277942972602988,-0.557048625307799,0.746533649248065,-0.347180878294106,-1.15187399876266,-0.061721527080825,0.0938872151353552,0.194287092812116,0.158292846779993,-0.302365515835938,0.320578310933274,-0.24528566766465,-0.0870911034433961,-0.039801835894274,150.44,0.0
60617.0,-0.17900273888096,1.32245539910348,-0.239503321471883,0.79168941055672,0.214151351426576,-0.684680372398413,0.5233917633536,0.352499340085062,-0.863826238184344,0.163518700391034,0.641511633864918,0.459756637871468,-0.445518608674222,1.07720168678373,3.41939790538509E-4,-0.119841499067235,-0.324178777307211,0.576822550836337,0.795655156282304,-0.0664654338821796,0.201838032335671,0.612717799002675,0.0251460062929096,1.44195078199957E-4,-0.687591328033015,-0.408384503907674,0.306574137589332,0.1540498492588,5.49,0.0
79567.0,1.24055678093169,-0.94530575954784,-0.192695570168045,-0.938890943689382,-0.621679715221888,-0.0639463247963209,-0.547128815119494,0.0142778308462738,-0.840340767909886,0.780890204991301,0.243987697611171,-0.784312379393195,-0.614203938817653,0.187148231564848,0.223318950037155,1.69944105193689,-0.364745284342304,-0.369345570017092,1.21860820843116,0.282835278623801,0.176343885821984,0.112524969343974,-0.286485942235856,-0.825526209143787,0.552058238204685,-0.16166350102878,-0.0279090718053599,0.0108629746715337,120.29,0.0
21419.0,-17.4677100117887,10.1148157246654,-24.2021422329158,11.8054692105913,-10.1980458075926,-2.5799380080012,-17.6567879964837,2.25690247596699,-6.24214930949065,-12.8306571996417,9.44266526535108,-13.5474858999444,0.960728558325579,-13.0287170264518,-0.426674498701321,-7.65266166506753,-11.4853277896478,-4.72136957553102,0.550519004149565,1.00151850195952,-2.32802441621057,0.940830319350178,1.29681706144136,-1.05510390359967,0.11179202805362,0.679694612203418,2.09354057112569,-1.42549145377361,1.0,1.0
50058.0,1.15356065801566,-0.460014496601446,1.00960812042209,-0.609745104182728,-1.4020025812654,-0.974212963066675,-0.532507833930273,-0.0847422021444819,1.7777728009487,-1.09746340409445,-0.124429695487412,1.00871307476031,0.283962015463452,-0.223939552928628,1.22411241437148,-0.566472463594351,-0.0544695894105232,0.208565419543571,0.334233158439771,-0.0371815809101611,0.184763954594667,0.744928571325148,-0.128198209465321,0.760343095213248,0.57935081345458,-0.556006277936593,0.0907600304379212,0.0432843396861701,37.9,0.0
93853.0,-5.83919161928092,7.1515323543223,-12.8167600806187,7.03111476501099,-9.6512721679897,-2.93842725771624,-11.5432071690832,4.84362653179436,-3.49427572506535,-13.3207888671784,8.46024444901677,-17.003289445516,0.101556614891384,-14.094451660329,0.747030766392512,-12.6616957230679,-18.9124938172188,-6.62697484523061,4.00892074227194,0.0556838813863639,2.46205591127559,1.05486518382957,0.530480596078193,0.472669814042592,-0.275997967880675,0.282435024801752,0.104886020210564,0.254417096767513,316.06,1.0
120345.0,-1.01989285511585,0.494900556857792,0.416046051882603,-2.0441535306903,-0.731960502876909,-0.808749031240703,-0.291401151640638,0.574065838504054,-0.825652652489971,-0.652305605586681,0.765241452028724,-1.17547137624173,-1.72021849015435,-1.45391146942935,-0.930304786221223,2.2019222945784,1.13543932215089,0.340999866301721,-0.193296942238962,-0.0511811250492669,0.342670971763767,0.819737005689474,-0.197889166779011,-0.0757394358717324,-0.0298916801820924,-0.193108985459447,0.125736640785754,0.138828927316083,39.0,0.0
80998.0,-4.66338664724537,3.37164323379742,-3.9183883727472,0.905673088887798,-1.66746778615245,0.890136908786648,-3.12432918584218,-4.93715633103431,-0.957583053126683,-0.632053659722649,-2.45693939130091,1.35838441189578,0.861293216238052,2.45117448104949,0.472295049794264,0.84478976885859,0.487456321446542,0.462072487584666,0.373699148522934,0.877843176837,-0.928456071025968,0.416469226560055,0.184675759558274,-1.00449041740396,-0.399522633897114,-0.344332103888736,0.390765453604226,0.0455213921609658,99.99,0.0
67571.0,-0.758468652663917,-0.0454102784513458,-0.168438290153528,-1.31327481447103,-1.9017625315847,0.739433414882114,3.07189204639003,-0.483422244220096,0.61820276215476,-1.7690597207318,-0.651414013964987,-0.00542329080098884,-0.517194341398293,0.217469760178719,0.883558824493356,-1.17397764863161,0.24334710955825,-0.342300728238465,0.68705620239513,-0.0324998988871344,0.0426194565214976,0.397223782011498,0.0722288654476503,-0.242275996603303,0.560916469624214,-0.540954584325348,0.150606446374032,-0.117140114799884,549.06,1.0
41227.0,-9.00135134450649,6.61328394324752,-12.4236347238918,7.51992923163014,-10.2662546389665,-2.11320754204122,-9.98428744767688,5.54194143253089,-7.38370453522347,-13.2151722995049,6.89518136811315,-13.2796997105282,0.755263578785977,-13.4170122721265,-0.210774362111057,-10.9226551270595,-21.90649321637,-8.82981976595275,1.85246698871594,-0.645393857931055,1.7758908996538,-1.22475761150578,0.0825935414630254,0.452088727391883,0.463827332847796,-0.296928065001458,0.526505578079938,-0.450890488772313,459.07,1.0
33892.0,0.468857723860307,-1.64145046942114,0.401641288204463,-0.477554228272577,-1.21313968221196,0.144391337233097,-0.154910732154662,0.0157678813494382,1.82928146348104,-1.38569645251396,-0.515740719104869,1.30126356648282,0.951800633752026,-0.387971206956578,1.08443995349607,-0.785553697974108,0.101111212149773,-0.250007246197738,0.321886268983094,0.696077396638227,0.2162423202478,0.139714145253973,-0.416951395887715,-0.208913711002894,0.395218760036488,-0.657855778870245,0.049253110347357,0.0975144471720998,388.89,0.0
113041.0,2.07347394118361,-0.147623623238574,-1.49580259999088,0.184498847504164,0.107504638679794,-0.858106726049741,0.0462844030957743,-0.179912600601657,0.984100080661758,-0.0626347566557256,-0.980209999547456,-0.511315851161338,-1.47154453505087,0.783173276827511,1.11782575342254,-0.24296122362159,-0.417642550051712,0.221017241024253,-0.233922988031161,-0.33002581685952,0.25073912300825,0.802850343565546,0.0349329624217431,0.65541410744248,0.289638470384623,-0.442056894094209,-0.00326463948693997,-0.0510519566687367,1.0,0.0
67571.0,-0.758468652663917,-0.0454102784513458,-0.168438290153528,-1.31327481447103,-1.9017625315847,0.739433414882114,3.07189204639003,-0.483422244220096,0.61820276215476,-1.7690597207318,-0.651414013964987,-0.00542329080098884,-0.517194341398293,0.217469760178719,0.883558824493356,-1.17397764863161,0.24334710955825,-0.342300728238465,0.68705620239513,-0.0324998988871344,0.0426194565214976,0.397223782011498,0.0722288654476503,-0.242275996603303,0.560916469624214,-0.540954584325348,0.150606446374032,-0.117140114799884,549.06,1.0
34687.0,-0.860826892469905,3.13178963278262,-5.05296813449749,5.42094070941518,-2.49414141557203,-1.81128662834635,-5.47911745062699,1.18947198655298,-3.90820579292615,-7.06074618169306,4.72997415443333,-8.62905440849263,1.17879796289388,-11.1820634139742,0.445243112696547,-6.53298227788478,-13.3892507167674,-4.48041256680694,0.432054206519352,1.0857595200589,1.19269353963797,0.09035581053399,-0.341880850908644,-0.215924151333767,1.05303194615504,0.271139003495332,1.37329957704625,0.691195095871691,19.02,1.0
53945.0,1.05034879728018,-1.75702189459834,-0.519859351584316,-1.17773806998311,-1.09780638574436,-0.443789380183882,-0.242489261331991,-0.404392895341489,-1.97789548409819,1.22354242300675,-1.25053029343916,-0.37644147527301,1.76213170680521,-0.591575350792517,-0.427647177736695,-0.758667526589425,0.509382808936797,-0.145183437351585,0.270307401443673,0.32305322936492,-0.0809789989074629,-0.282572746118914,-0.450440914539292,-0.397950136617555,0.729226293471059,-0.045605169256257,-0.0294265333756428,0.0520425879258859,293.5,0.0
35099.0,0.0806688118987997,1.30832226133091,0.178513823462737,0.758408654646478,0.705057541538293,-0.904744232179349,1.24396172750192,-0.49710315396472,-0.282741029820772,0.704911734575541,-0.609059358325694,0.178507932945622,0.788759866289639,0.0386178250015743,0.65109159559877,-0.593659260150646,-0.433798075825501,-0.1444279688346,0.486947503165334,0.304160376571808,0.0369504514942728,0.612539778022428,-0.0686295226995715,0.0588482547584784,-0.612325036010558,-0.41958360578144,0.387443883873329,0.0647169173603511,0.74,0.0
37349.0,0.931770576608724,-0.137066659457073,0.410378432034412,1.40201431958097,-0.295256345434248,0.0495706145519683,0.0817603264560639,0.101397913788142,0.0276146511199752,0.00575421864416638,1.32290355392703,1.21687233033218,-0.373540439439087,0.322858134770526,-0.783619495201117,-0.568320106453586,0.0980722944913216,-0.514583177983832,-0.183413730092202,-0.0102497968666925,0.0168526072201814,0.0355116543648094,-0.128214196722556,0.233096889070519,0.567515954533567,-0.351517474396688,0.0183609917562953,0.02331777421035,99.2,0.0
37728.0,1.23335665297674,0.296825597435806,-0.185566995482069,1.07842325275382,0.0284413066331493,-0.776258506478582,0.325259927147114,-0.0927781039641363,0.048466148759628,0.0658487146902276,-0.512892775005401,-0.860941557486298,-2.20927649626089,1.02707619596909,1.17361439283154,-0.407143686172095,0.0907973808507105,-0.551370760109803,-0.59656596147071,-0.328201732720573,0.00510572989414218,0.00239003676618983,-0.0889468591018337,0.0351977722511255,0.706069771963526,-0.259357858037726,-0.00562124469509913,0.00275181269708537,1.0,0.0
58067.0,-0.264868683737295,3.38613996883911,-3.4549969895002,4.36762905773351,3.33606042827178,-2.05391842272465,0.256890458421417,-2.95723544083265,-2.8557972336327,-2.8084555425423,1.84750351109611,-2.4148223375383,-2.57322454244165,-6.5991261303635,0.123470382678038,2.57237180761341,6.60936580903842,2.53066979960508,-3.60265725092653,0.482513022122587,-1.39450379366468,-0.166029306744804,-1.45208118338289,-0.251814670710545,1.24346054282121,0.45278677690471,0.13221807596169,0.42459946550375,1.0,1.0
1841.0,1.16113244501227,-0.089791190812773,0.695472402515618,0.832061724624171,-0.730928657304796,-0.403234611561363,-0.262884694732026,0.062612026334154,0.428601891786093,-0.0299181332558524,0.999128539741112,0.929378878041383,-0.746278973339133,0.13004530261632,-1.05347508914126,-0.201997095557751,-0.0548082815704736,-0.0653189897947014,0.402680545983033,-0.148121363933951,-0.0279379255740144,0.0959547891043675,-0.0717011980676544,0.594534072826622,0.508674246773924,0.409275552230561,-0.0237599108717072,0.0022198907395388,9.99,0.0
97445.0,1.94344451515063,-0.385765586727309,-1.10301214926851,0.358122209138497,-0.0956421169623224,-0.493318861200358,-0.155670842931033,-0.188537699063934,2.26710489317208,-0.404765076987405,1.21597305004736,-1.65732175708844,0.989421431035672,1.77345152716792,-1.79353056689372,-0.364518026150418,0.351254724160274,0.501166182849851,0.468559964738658,-0.21093880825372,-0.0190295102102494,0.365883491273508,-0.038677897268,-0.34612195926737,0.155974558850518,0.153118606550855,-0.0688983749197315,-0.0755158475858253,49.5,0.0
84204.0,-1.92745281973369,1.82762056700016,-7.01949468454197,5.34830323951426,-2.73918788004738,-2.10721929638307,-5.01584797563431,1.20586815982046,-4.38271250852199,-8.33770697381781,7.19030608944843,-9.42484446049178,-0.223292646427513,-12.8754942229841,-0.071918160688794,-6.2999613976222,-12.719207160428,-3.74017615583058,0.844059610296466,2.17270905626492,1.37693832294098,-0.792016725563067,-0.771414187530036,-0.379574271539528,0.718716522008066,1.11115125599517,1.27770725705846,0.819081152045361,512.25,1.0
27187.0,-24.5902447690465,14.0445667815106,-26.2787005866145,6.32008926518927,-18.2245126736673,-4.60996782569686,-17.6810033715155,16.2136267471409,-3.79409346877414,-8.37275316035861,4.90168265513877,-6.87283866404082,0.769776762734501,-6.82658448658054,-0.0544341798176028,-6.08495266503583,-12.375270529796,-4.81034474126699,0.936742237936608,1.64920202229571,1.77706277243531,-1.80487368611576,-1.14060456917063,0.152234466415679,1.71599702403257,-0.22047119903665,1.43495058143483,0.422491857762666,99.99,1.0
102622.0,-2.87717642607719,4.56964856472544,-9.55306876711684,4.44107935434428,-3.65396138652409,-1.87798085259887,-3.5143534876061,1.5476079597065,-2.50330396990855,-7.57563437993936,7.00213577397937,-9.95919399367656,2.12207206066581,-8.88487177224851,-1.64485747819635,-7.18992618738758,-10.4451050316273,-3.2719075376306,1.48227743472618,0.105615110186545,1.27289634389685,1.30026844858483,-0.00395013351868523,-0.36084777781177,-0.597525997544942,-0.390901228489311,0.592196918920005,-0.241010152850381,346.94,1.0
85576.0,-2.20763091845218,3.25907610397605,-5.43636546967173,3.68473739367705,-3.06640091036945,-0.671323195313701,-3.69617839443207,1.8222724578951,-3.04965272773018,-6.35388725151755,4.35148149710451,-6.4532473302497,-0.0614319367541572,-8.44287285721034,-0.328820639839654,-5.44079518325917,-9.5180378916264,-2.43806861829455,2.33675362049059,0.808336360421968,0.920899033968287,0.0376745089378149,0.026753977510545,-0.791488823729947,0.176492777047381,-0.136312279131778,1.08758482385547,0.373833528935625,240.77,1.0
93879.0,-13.0865194204794,7.35214833905529,-18.256576111808,10.6485054461688,-11.7314764509112,-3.65916740569145,-14.8736579646075,8.81047267511276,-5.4182040716445,-13.2025771482197,6.35722736343626,-15.5316111795156,0.659694875353275,-11.4123295951252,-2.44757607431839,-9.83374302098841,-18.1746174349071,-7.269904593126,0.623796611777714,-1.37629840858733,2.7611570593153,-0.266161809571132,-0.412860724865388,0.519952215674181,-0.743908960008006,-0.167808225140728,-2.498300252188,-0.711066151912636,30.31,1.0
26173.0,1.39919574343006,-0.552586280679859,0.79996897913531,-0.645229952712135,-1.32985732192088,-0.848577692786128,-0.837756120275599,-0.131308719299929,-0.56346655057876,0.616834902412241,-0.266774315210517,-0.538276406837587,0.434644082791763,-0.374471551059575,0.976880299802867,1.34920321191897,0.107326603663234,-1.05313816968703,0.322403491760865,0.0840200787638245,0.299253988868669,0.827956312113633,-0.0794616100462424,0.431657154459888,0.458586915628131,-0.104915640329264,0.0278717395308071,0.0218445314522716,6.2,0.0
46282.0,1.48592711761879,-0.679853830649252,-1.16588689618389,-1.83277013295299,1.48324187814519,3.18262421377218,-1.08890137537513,0.765348151450995,-0.930410580354193,0.696399929630664,-0.014488174287504,-0.733450536437512,0.19988640604526,-0.0243722123361756,0.901191835201957,1.42615193317088,-0.249913111213723,-0.947927572104123,0.892365124932983,0.18104039212041,0.0880269654372298,0.0549081250817178,-0.0733288386883969,1.024526024017,0.662973772688685,-0.191709498713407,0.0087093938536199,0.00758378663706439,2.0,0.0
27187.0,-24.5902447690465,14.0445667815106,-26.2787005866145,6.32008926518927,-18.2245126736673,-4.60996782569686,-17.6810033715155,16.2136267471409,-3.79409346877414,-8.37275316035861,4.90168265513877,-6.87283866404082,0.769776762734501,-6.82658448658054,-0.0544341798176028,-6.08495266503583,-12.375270529796,-4.81034474126699,0.936742237936608,1.64920202229571,1.77706277243531,-1.80487368611576,-1.14060456917063,0.152234466415679,1.71599702403257,-0.22047119903665,1.43495058143483,0.422491857762666,99.99,1.0
34186.0,0.45481494244811,-1.67408775793577,0.376629806948654,-0.594916601793995,-1.38419050570369,-0.146465789864923,-0.160872136907582,0.0245857567763709,1.5186395179425,-1.10454820827565,1.00987982322151,1.46815911192169,0.259090993281803,0.0537485720587575,0.633789552278869,-0.0949638341004498,-0.525563437428585,0.870913686790363,0.82421868609577,0.725318304194857,0.279088674917577,0.12725715559804,-0.450124205784138,0.0567455653933671,0.3785422593781,-0.713212644795687,0.017168574325442,0.0921170267427845,400.0,0.0
102625.0,-4.22122078925031,2.87112058054735,-5.8887158872207,6.89095207502484,-3.40489435037622,-1.15439396843915,-7.73992801001653,2.85136330092288,-2.50756869395709,-5.11072764247853,5.35088988417692,-9.29980722738699,2.79314035729228,-6.10655192524523,-2.10694702580884,-6.25062921491661,-13.5663252216994,-4.19278019670633,0.510570181831806,-0.227881506131312,1.62059124560534,1.56794700869044,-0.578007459600926,-0.0590448081819941,-1.82916881940751,-0.0724287202294822,0.136734308772186,-0.599847542493268,7.59,1.0
35926.0,-3.89658259167336,4.51835470349753,-4.45402724041253,5.54745334718879,-4.12145857265685,-1.16340665785105,-6.80505305303552,2.92835625399971,-4.91712959933528,-6.60046062150676,3.36784560815482,-7.88897751950988,1.68260346667335,-7.62865191597326,0.779245995683184,-7.53340432942796,-14.0646239413114,-4.96010863308331,2.52578492424474,0.757286726552078,1.69104203001122,0.920020577187708,-0.151103893232396,0.0110068782298363,0.0803032669086078,0.412191351423526,0.635788870982512,0.501049550484962,4.56,1.0
48684.0,-2.39162744834549,3.31457144618324,-1.05848598526607,1.68227187914077,-0.589073406460336,2.13529144172038,-5.47576995129872,-13.6636197090571,-1.54004746597636,-1.50552295623384,-0.41862964160491,1.39341331602237,-0.88354622686277,2.48354680314974,1.36836533034576,-0.463871665441852,1.36146992831454,-0.396891028499616,0.196291780188186,1.9604122000477,-1.89782621083641,0.794501646678682,0.681395443368113,0.0025357145920054,0.591206238847016,-0.0359950609227836,0.17193071076426,0.406454288540925,1.99,0.0
8878.0,-2.6618021745564,5.8563932148043,-7.65361621324071,6.37974188053221,-0.0607121191362683,-3.13154973153662,-3.10356974550479,1.77849156945338,-3.83115371623455,-7.19160424618226,7.10298858788516,-9.92869994299538,-0.0674983775194601,-10.924186865147,-1.69791397714032,-2.37942098527078,-2.77511389701838,0.273798971252603,-1.38218756352589,0.399096860264863,0.734774950378595,-0.43590118187623,-0.384765904180568,-0.286015663843443,1.00793382365812,0.413195532462339,0.28028415690056,0.303936550639395,1.0,1.0
45816.0,1.12325503267685,-1.24066597586974,1.16928068563097,-0.18313871341949,-1.81196121362336,-0.120903541273328,-1.1205814667865,0.045273885651471,0.292736428070671,0.297923936316401,-0.930406344438768,-0.0335396673633318,0.463578372457773,-1.16222383732224,-0.962494142381364,0.612696416400145,0.741574441245204,-1.26442570217012,0.782922773506994,0.291936248328244,0.359992821106392,1.09755836869211,-0.291343927492222,0.482558433879906,0.613479786148065,0.0691259607979484,0.0460787597657089,0.0408100582807971,118.0,0.0
1111.0,-1.45922120805368,0.441102379232047,0.143234083351899,-2.14485089820051,0.332574101361098,-1.54176564155417,0.300569427089274,0.127590852113769,0.515113582711471,-1.32856324279763,-0.0493017950257064,1.10370363002611,0.860547770107633,0.468113062295705,1.19133693644056,-0.954458968052468,0.222519448070396,-0.747597737675388,0.265834673941186,-0.190585432649627,0.109108513002334,0.431181239001084,-0.454747506626874,0.191105838004908,-0.208351986722289,-0.133664325080223,0.151610120359943,-0.0732276921070291,1.0,0.0
28143.0,-27.1436784229495,15.3658043803315,-28.4074244550982,6.37089534679314,-20.0878775718571,-4.66631306343841,-18.7094788213717,17.9035743750222,-3.72227873753244,-8.12096173759343,4.41994345577668,-6.21094112120869,1.06383739513242,-5.84352838067721,-0.108836449172905,-5.60659732565665,-11.7562556050179,-4.71494676131661,0.783577593799492,1.70388764553958,1.79682638880552,-1.96097371657716,-0.90224745220798,0.144011442167384,2.02438803943008,-0.204214065769385,1.33215305903359,0.385890728011147,99.99,1.0
102480.0,-1.92959692675373,4.0664132778545,-4.86518400996861,5.89860229319899,-0.552492585328532,-1.55596245330906,-3.83362344068736,0.679511648528001,-3.46376549143694,-6.68368922880726,7.02127774818005,-11.1024933822497,1.71175507363653,-10.447632938235,-2.79907615915518,-6.26174085045904,-11.6471577741668,-3.45143614190286,-0.507536514254236,0.942488941965831,1.13721164676769,0.674245235425331,-0.531765489027487,-0.433409350510738,0.378658562357166,0.198107291025294,0.869694411928137,0.228047851815119,0.0,1.0
29172.0,1.16195645331831,-0.280483345789195,0.904859796121506,0.569041922832676,-0.640898847660883,0.496637643380248,-0.71182596735521,0.259567088897931,0.706265877226988,-0.0821283470661628,0.249587417312392,0.926827604633769,0.236536960431155,-0.281412500716814,-0.452886780567833,0.596140100247123,-0.732007767205668,0.516407630481196,0.553765619589783,-0.0182942332014145,-0.0819442785682357,-0.107855094668103,-0.101043272005515,-0.45668563905506,0.332109877315067,0.348476972424063,0.00952421574597996,0.0120521792640801,26.9,0.0
64832.0,-0.360417350340925,-1.18518631202137,0.50895403432383,-4.02551245430288,-0.444369841652631,0.435156317984523,0.546480787581504,-0.0179410731723873,0.807528382787055,-1.14352706359245,-0.164427969532179,0.141944908231775,-0.713253605262499,-0.0817074557008138,0.309931294729667,-2.15511809969754,-0.459605702780652,2.17141170954611,0.208824454048576,-0.144740390829908,-0.167360990623653,0.0459198946077471,0.192040289868757,-1.36834002635377,-0.382024430594225,-0.953660446085039,0.0490367521388403,-0.0394163218250301,179.98,0.0
73189.0,1.23772678459948,-0.705494634972699,0.250686992928924,-0.585691110497788,-1.17931756009699,-0.944520241596386,-0.40411478916637,-0.116031297248559,-1.06991415503813,0.869138206344337,1.21572241555227,0.0728020824717104,-0.780861681239696,0.567151725597052,0.242510421172864,-1.14193824964007,-0.134233488528138,1.42962078024944,-0.558210341523836,-0.419681856823182,-0.298758866121983,-0.585405091368613,0.0192237231904017,0.541838569790051,0.164376728232727,1.00773924569433,-0.0861339513455506,0.00433030169655515,64.7,0.0
44393.0,-4.61746102917986,3.66339525318756,-5.29744641020372,3.88095965427288,-3.26355091342907,-0.918546733700683,-5.7152620778107,0.831039550183167,-2.45703377841015,-5.72681709632961,3.52572598717089,-6.48911156043177,-1.01279063167124,-7.05231095228929,0.78444540329242,-6.77397674966222,-8.58807007314333,-4.51089174541971,1.14787783834912,-0.34645583270524,2.69817489528664,-0.0270808907137453,0.366775230313112,-0.123011441662663,-0.300456526768528,-0.239996239629945,-0.183463054061235,-0.0733597031884566,1.0,1.0
93813.0,-0.525917202044383,1.41928754142431,-0.426221881068658,0.66011368051456,1.63650674151209,1.98877140679499,0.35967034553138,0.143286345700153,1.25892256489325,0.503783768214442,2.27516711261883,-2.69491994212129,0.845043456156181,0.680016133108114,1.00485622234813,-1.51933728563823,2.50350879428837,-0.24704105476441,1.88944725793204,0.381596589894541,-0.361253473353792,-0.42858113967979,0.0989413874535854,-1.21765161375704,-1.19662898538535,0.557466372880282,-0.146261780988383,0.10112197188761,9.53,0.0
41327.0,-0.964086200549431,-0.211901467551025,1.81973946161416,0.996360773332853,0.173109174238505,0.579782760551876,0.0422258348970021,0.332996225911484,-0.101408905671146,-0.372399041098455,-1.19170871796594,-0.623904438542995,-0.180214674347886,0.0398120511136981,1.9377734585908,0.290032636451376,-0.44683168135394,0.552728598670037,0.0583004198891783,0.442423875855838,0.305750236058601,0.521943918169644,0.228765391585168,-0.807060476346192,-0.278414973595992,-0.247264662437897,0.136654024323863,0.166146140593892,144.0,0.0
113035.0,2.08259126066498,-0.0526061724829218,-1.46578507913141,0.182549164786945,0.177384024420588,-0.91991629738564,0.141480246082894,-0.273681039367148,0.805568446164584,-0.08896408185124,-0.820596702539669,0.101980422227805,-0.284006509881322,0.542174566976795,0.939757535434322,-0.242569892322083,-0.5385089596241,0.161629140848313,-0.173392196867436,-0.248109716815524,0.259069575159233,0.877928715079209,0.0150855746450629,0.747393948410962,0.343613389358585,-0.451707528780411,0.00132126500171889,-0.0478565599678435,1.0,0.0
77627.0,-7.13906006793885,2.77308160372497,-6.75784506920828,4.44645597412376,-5.46442818500108,-1.7134014508064,-6.48536540922127,3.40939479860676,-3.05349271362056,-6.26070551479114,2.39416766551329,-6.16353737959229,0.60285052085239,-5.60634642932959,0.206621733749977,-6.52508103976033,-11.4083675448063,-4.69397773642436,2.43127449162965,-0.616949301183343,1.30325030896469,-0.0161181523663711,-0.876669888453567,0.382229800649027,-1.05462388774771,-0.614606036944453,-0.766848111948171,0.409423944116944,106.9,1.0
52362.0,1.14147384712422,0.209455417564859,0.302273715820209,0.450331558292489,-0.0435455225481006,-0.323473289807607,0.161259691206592,-0.00778473874699391,-0.460382155863956,0.0348076549540558,1.84569102448451,1.41218171808257,0.571495472986317,0.525407073650686,0.414235230952392,0.0912070109917564,-0.348725779099737,-0.894213941806743,-0.0124289546307872,-0.0473934276035797,-0.399790949338067,-1.23428052667195,0.252054413027968,-0.0110348170165158,0.00548317188018875,-0.12066084057176,-0.0306459786414058,0.009704212704607,24.89,0.0
34107.0,1.23196147714305,-0.434462506349544,-0.353180978426263,-0.312595909916549,1.43318641459256,3.95662797720679,-1.2019193124641,1.07164334814072,0.797960335232736,-0.181065671003018,-0.505376313844732,0.268831430787855,0.00165541825314126,-0.266007708194326,0.387423402344866,0.489388497245141,-0.674259422196508,0.209296139066571,0.331168848950724,0.0288354828461797,-0.143435333718832,-0.376046085176724,-0.00657712957364502,1.03965500210205,0.413008924057394,0.331772082239704,0.0187912239772941,0.0209350004684865,11.5,0.0
41943.0,1.10011720166936,0.00557440520880172,0.383087074512712,1.30296574904566,-0.248686482283101,0.103142039935727,-0.130089661260275,0.220003325995961,0.276646919671062,0.0871460617445566,0.883630908941022,0.353646690955556,-1.84088021536182,0.588699241240325,-0.615270628388073,-0.448993127605194,0.105929151064296,-0.281136432163677,-0.0701338047398391,-0.262308935059275,-0.0624031217727068,-0.0820362663833031,-0.0651073461557861,-0.0180260214287295,0.574060126525449,-0.32520424413099,0.0235099874065455,0.00406712820462102,19.0,0.0
41181.0,-7.33434102050082,4.96089229123138,-8.45140959148547,8.1748251681484,-7.23746372952055,-2.38271066458273,-11.5088418575552,4.63579753722901,-6.55776036636164,-11.5198609264142,6.45582813287588,-13.3802218737527,0.545279226790884,-13.0268638593173,-0.453594543596495,-13.2515419788937,-22.8839985767803,-9.28783221397402,4.03823050489431,0.723313822249839,2.15375502636012,0.0339216178167887,-0.0140949200284419,0.625249955306557,-0.0533903339689031,0.164708739959664,1.41104749421382,0.315644799820923,11.38,1.0
86753.0,2.11861947678331,-0.347077345334667,-3.55767045635984,-1.42336170282356,2.82879176463152,2.64151720705306,0.0922648680114277,0.483641113016406,-0.0966979084735254,0.152377366604448,0.184820288683852,0.124034844908064,-0.251913702507086,0.934178535942061,0.701864469766117,-0.448028661097815,-0.269356645196733,-0.960704381545752,0.0658342024702895,-0.0866433795585788,0.107128338175491,0.265413388775548,0.0474912025838086,0.816078674671472,0.198762305801664,1.43711925081275,-0.161027393419142,-0.0992218489432557,19.41,0.0
85285.0,-6.71340697159693,3.92110415204576,-9.74667821737542,5.14826254938013,-5.15156271985187,-2.09938865681113,-5.93776683170198,3.57877960420447,-4.6849517505833,-8.53775768653457,6.34897930341209,-8.68160893168352,0.251179384774619,-11.6080022570993,-0.351568782034355,-5.36356643348466,-11.9390915052116,-3.58360287020043,0.897402406121681,0.135711322729059,0.954272201927517,-0.45108644858101,0.127214424071711,-0.339449869297565,0.394095513633807,1.07529509891805,1.6499059092424,-0.394905372194808,252.92,1.0
64344.0,1.20781625957106,-0.44245061337372,-0.0907980981968211,-1.19571915170543,-0.134690367498194,0.119389488423809,-0.278033479271419,0.0415127882900636,1.43647437003435,-1.05539273602646,-1.14638719886614,0.343961328475169,0.436984357552973,0.138051179306079,2.24109389671388,-0.137679780950132,-0.576451286712002,0.108102396767816,0.599170331679245,0.0402644844789658,-0.111049221425523,-0.304456291400703,-0.169522923839705,-1.33747439541651,0.523159587172111,-0.709399436163153,0.0749021356803563,0.0276025789163953,66.0,0.0
11635.0,0.919136507326981,4.19963266902077,-7.53560659365729,7.42694037455047,1.11821533001319,-2.88672235145027,-1.34103599607144,0.363933268353337,-2.20322443100109,-4.13784019622865,4.57011280759332,-7.62916958856017,1.73391746350254,-9.44037499459843,-0.0233533498971062,-1.23395828198259,1.63200885764087,1.3157345644727,-0.287188855297045,0.535434663150233,0.316093599204254,0.0551792270194195,0.21069215028398,-0.417917881438145,-0.91118827562932,0.466523924588163,0.627393270472548,0.157851282541588,1.0,1.0
62486.0,1.01544460577585,0.0892784218792767,1.58664360752017,2.60690522858313,-0.735845581197646,0.803680579339872,-0.783287657573734,0.482223306540533,-0.040558078061029,0.640487626823264,1.00553689760217,0.563448586427965,-0.937477615526487,-0.00956642560884803,-0.674932633596794,0.504656552117279,-0.264988153404215,-0.117619931338991,-0.983998273825863,-0.235237541640994,-3.67687788448245E-4,0.100005656495641,0.0933552228097546,0.190300437411516,0.137205544211833,-0.0411164360007095,0.0495616885352149,0.02315250519765,4.95,0.0
119724.0,2.18092788486874,-0.814871434240241,-0.555830061699084,-0.776901164770524,-1.03349091196426,-0.956420690816069,-0.772197768109277,-0.258784306058151,-0.120910364225142,0.7222267669922,-0.625887555212115,0.0330193363613962,1.09572839191659,-0.578766002879679,-0.0248343538896893,1.01410665090951,0.137626305281546,-1.45633165516869,0.533138222817942,0.0114893399517844,0.225141608669553,0.778699308167113,0.174549671700403,0.095146868074241,-0.140126207219889,-0.182768767296962,0.00826679234929548,-0.048342277699912,7.8,0.0
9743.0,-1.79518047021106,0.71941664750879,1.68176562508699,-1.21448334008908,0.425285436263568,-1.09178878787006,1.17703516185456,-1.23380262312151,2.94007257173162,1.35232459371464,1.02796646744132,-2.75083183938237,1.78799180267488,0.0307579912597236,0.0349074767959646,0.232057889189447,-0.487978021818638,-0.347353580672293,-0.924781007306001,0.0311219273790699,-0.660646925623024,-0.304018288922167,0.286506177357267,0.371361651716745,-0.145229982874372,0.559521562410855,-0.634975524639435,-0.737954559113103,7.69,0.0
44733.0,1.17712196314849,0.199693153439164,0.735271482926347,1.06139111806579,-0.427438975143865,-0.303906193682493,-0.208073332796646,0.0709416215021021,0.284749551524425,-0.0597480163852731,-0.224194883082777,0.0143833237598417,-0.576906245782681,0.383531768415516,1.49150514992079,0.111230530532197,-0.234131887764386,-0.563561194291574,-0.720298599699724,-0.214304238469264,-0.174696986293391,-0.494491642111109,0.15457060969782,0.0190696259250716,0.2061106312928,-0.591080971149631,0.0502157905377288,0.0290912668088187,0.12,0.0
75420.0,-0.152487282107044,-0.352665219889934,1.4337680528062,-2.19334240620032,-1.14577416756321,-0.695952868079383,-0.358798884227294,-0.0103244956719826,-1.56105314422924,0.904585497660459,-1.34866271006681,-1.1045983658862,-0.215786016558736,-0.840223348067481,-1.51188255390143,-0.795584478928229,0.683096210468252,-0.12146607445925,-0.469769657128857,-0.329823815395104,-0.180150985628506,0.176100589875711,-0.0706613155316753,0.322262012299337,-0.410060125412193,-0.346779484033562,0.443171421303832,0.234860905132349,2.0,0.0
20451.0,-15.8191787207718,8.7759971528627,-22.8046864614815,11.8648680803607,-9.09236053189517,-2.38689320657655,-16.5603681078199,0.948348594786058,-6.31065843275059,-13.0888909176936,9.81570317447819,-14.0560611837648,0.777191846436601,-13.7610179615936,-0.353635939812489,-7.95744722625995,-11.9629542349435,-4.7805077876172,0.652498045264831,0.992278949261366,-2.35063374523783,1.03636187430048,1.13605073696052,-1.0434137405139,-0.10892334328198,0.657436778462222,2.13642447085514,-1.41194537483904,1.0,1.0
64093.0,-6.13398694801985,2.94149944882418,-5.59398556768425,3.25884522291112,-5.31551221858167,-0.637327763117765,-4.47648804491816,1.69599358704814,-1.60674315131804,-5.11725920989043,3.97722223959189,-8.06609609331146,-0.760887591756867,-8.66077095912039,2.22023798968633,-6.23759654204862,-11.0463816554829,-4.15587936834903,1.76361087438004,-0.815086315781228,0.86833985051032,0.793736498280638,0.217346586657621,-0.0219850652442062,0.145881913923651,0.665087660642875,-1.68418604869422,0.31019546302906,294.9,1.0
100501.0,-6.9852674861123,5.15109356872598,-4.59933777342036,4.53447860064768,0.849053978611719,-0.210701203278644,-4.42522968507474,-5.13452515572624,0.0693205728889109,-0.870997150804889,5.20081516878268,-7.80222778971281,0.0339124179895287,-7.56013197197136,-1.01465193469311,-1.50792960088674,-3.41027456780471,0.107544007359072,-1.37551765637273,-1.24699631854492,5.45367185347674,-2.05617714358307,-0.280333720590026,0.120771472511766,0.569357720918146,0.145971466001576,0.300193469284684,1.77936385243205,0.76,1.0
8528.0,0.447395553302475,2.48195386638743,-5.66081393141405,4.4559228120932,-2.4437797540431,-2.18504026247234,-4.71614294470093,1.24980325173147,-0.718326066573691,-5.3903302556601,6.45418752494833,-8.48534657377678,0.635281408794591,-7.01990155916612,0.53981407134798,-4.6498642988132,-6.2883575087823,-1.33931232244731,2.26298478762517,0.549612970886705,0.756052550277073,0.140167768675,0.665411100673545,0.131463791724986,-1.90821741154788,0.334807598686864,0.748534284767756,0.175413794422896,1.0,1.0
61251.0,-1.0585279968588,1.15356207560143,1.16238979544897,-0.277936741212887,0.0796617388592786,-0.387444860247921,0.538852324216455,-0.146832342818313,-0.206615601123715,0.377110810185462,0.871899088307798,0.13221580947765,-0.710283198060856,0.306317201023941,0.229540238496906,0.440329947114844,-0.782473655408283,0.317342057052644,0.488599623296265,-0.207355456575498,-0.0198136250105418,-0.430680172920191,0.0860833896304978,-0.0354606816809798,-0.720874931182795,-0.081716165018312,-0.715366099100949,0.152809277064502,3.58,0.0
59840.0,-3.21538175967748,-0.364223121381638,-1.26188334354906,3.79494903930385,0.71120593031272,-1.31647560298004,-5.16514055601052,0.625278383544947,-1.582300584728,-3.25263359468289,5.04075120270381,-5.31444220386187,-0.656470662006063,-6.23304367078495,0.974771279276835,-6.8903177453801,-9.51641148491956,-4.36412771489086,2.59857755637223,0.0196261688931224,0.40134124079647,0.152191258747201,-0.93467547449829,-0.256148382367333,-0.469403308828214,-0.282495914081921,0.86607691066145,-0.433465943783225,5.91,1.0
35707.0,-1.21720367476347,0.070411388739394,0.305099064146534,-1.72494310860937,-0.212413042210529,-0.890481355220811,0.0764532396125561,0.212471165801627,-0.780792801393221,0.858349572751251,0.354808531880448,-0.835248822672373,-1.52805860542355,0.0863217181044581,-1.46147686857817,1.07996464996757,0.0525285842911037,-0.801038634345778,0.608120736844322,-0.0645558463837779,0.170215239854873,0.83200749308687,0.168939675177416,-0.0122486625688817,-0.142980328457757,-0.336551810559263,0.164594176287195,-0.061051322639895,17.0,0.0
114634.0,-1.1604009752811,1.80587783167503,-1.37652049340765,-1.75717841237518,1.493936359915,-0.765361377756703,1.76745849987686,-0.483339691865178,1.05605503881578,1.99953306158042,0.427546447975,-0.670372041863469,-2.09996680563604,0.398170255221557,-0.414701514022544,-0.580972747239637,-0.942009314066926,0.274306448963009,0.103772541464001,0.777142065188058,-0.0318718916272028,0.69984135760493,-0.254414714524738,0.200162714764639,-0.0770738513932872,0.0442532162046891,0.678926945457731,0.174609409128024,0.68,0.0
111127.0,2.10494643473591,0.155284388994658,-1.40286992112622,0.311488743850512,0.50424796356589,-0.69086959442765,0.138943108290253,-0.417800919586192,1.89458411143696,-0.500614905866258,0.135716678928708,-1.73985810031311,2.81268744075297,1.68037347023995,0.06640012542469,-0.262399876458988,0.0188724736325547,0.346451715777242,-0.288403925805223,-0.192540395514828,0.107745016732492,0.759527275976471,-0.0221444301616148,0.46528222615386,0.402860791794303,-0.478954540558273,-0.0165243283090662,-0.0538683669170836,1.0,0.0
18675.0,-12.3396031574122,4.48826730168204,-16.5870729373632,10.1072738734101,-10.4201989827431,0.130669811857349,-15.6003233044816,-1.15769598093331,-5.3046309683427,-12.9389293107706,8.80568196718575,-13.5561301301468,1.16546376028499,-9.80988150207055,0.369987279150665,-9.50521044515487,-17.5420303090874,-6.79263778723153,2.06937744931751,-0.0855014634055812,-2.0896096332232,1.74531450014405,1.37681580939778,-0.554271418366818,-1.61074085196174,0.153725444536768,1.2124772080589,-1.86929047595671,188.78,1.0
73696.0,-0.380667358240515,1.12909164058413,1.2807072709733,0.00594196670700033,0.269665801507569,-0.503725563010632,0.665552690794437,0.0343128028757698,-0.482253257441463,-0.570304363872385,0.104837115369541,0.302187318555734,0.653414393270701,-0.511755757427111,1.08461326086814,0.0634755687228985,0.255341224391361,-0.65666537961717,-0.452844134668092,0.113340286230095,-0.230885308860943,-0.5290909427321,0.00344543801600564,0.0382645030561393,-0.215464165346136,0.0997677100481004,0.266444170497817,0.0959325647502457,1.29,0.0
53961.0,-0.627509622229897,0.93526309146246,1.14768401140057,-0.743948746499992,0.676522413249666,-0.694966936685175,1.25660595284846,-0.128568501529388,-1.12645409871311,-0.631507015160305,1.07726894999881,0.980532807355995,0.666360733481197,0.367878566817085,-0.656530291372365,0.440121415407938,-0.918233087038108,-0.265709565261899,-0.0331597545440638,0.0289378683667094,-0.232240455440273,-0.849787871624251,-0.0265017243863671,0.00929908859143857,-0.0873252744322492,-0.026422115918998,-0.00107554753989716,0.0925862290356616,35.95,0.0
46108.0,-0.334135050085885,1.34828597712323,0.314831279205537,0.777923005371752,0.12094811193746,-0.279281015573856,0.500528775501684,0.199702776595929,-0.741483721410447,-0.302726742798052,-1.20005860305372,0.361411307253367,1.32014165548424,0.323177745135121,0.933452360017642,0.0420710269997208,-0.416914444626543,0.254863076322702,0.652449935014961,-0.0654918044719294,0.144119350111805,0.354264346167528,-0.165374378385426,-0.415149523179092,0.00298340981519163,-0.291954817202023,-0.161978859387707,-0.0336207183787201,29.87,0.0
57628.0,1.17920562390573,0.0241645265525092,-0.0417228034471743,1.04611658507355,0.0456257665542194,0.0316814364056214,-0.0521936394565719,0.095750857815618,0.339146079816307,0.0650673771343817,-1.28760989656196,-1.08456357090769,-1.8278037427255,0.712196348074564,1.47342973340291,0.199579231239279,-0.383321374875598,0.00704793563647596,-0.515420718557847,-0.20209028185692,0.0415135521007967,0.0312930701742252,-0.191154029719974,-0.815742640734008,0.631732311358233,-0.195840837380172,0.0138734191029426,0.0120018848476168,40.0,0.0
3751.0,1.22785784585173,-0.718859076620825,0.477166335729137,-0.641895539383717,-0.825250785249822,-0.0337389652224104,-0.837911776725026,0.091280320988002,0.467777293540574,0.376621886593529,2.16341796446812,-3.1035433890432,0.422210884753378,1.77202795895609,-0.190453545995868,1.27794344003984,0.938619303684096,-0.974488137242445,0.449351937334904,0.0512956629881015,-0.166769396416793,-0.559455994632048,0.085963303479727,-0.43008562391683,0.0787684714236882,-0.488974259993305,-0.0247178276495609,0.0069873087204737,69.8,0.0
59777.0,-8.25711081724667,-4.81446073955621,-5.36530689032661,1.20422986423394,-3.3474200965739,-1.33160147516446,-1.96789279857039,1.29543781710486,-1.67441524280437,-3.42605225253339,0.144562690111297,-4.28352931016896,-0.24089504151477,-3.65749040377527,0.923104767832095,0.844221069436753,-3.94831185243281,-1.8075159915996,0.105878827218844,-1.23398725720348,0.436390207477188,-0.077552722802211,-3.09162435615504,-0.390200885685448,-0.288688941339997,-0.340004217403437,0.0398191045440342,-1.00790031022705,319.2,1.0
23668.0,-0.369524813595478,0.868529134617275,-0.800137168469355,-0.831769545139401,2.20443012309449,3.27993784485767,0.00644787203022263,1.14967511636828,0.459156972897641,-0.983872628934543,0.647469738039867,-2.49811987484553,1.61671815464934,2.19255547192097,0.023743665577668,0.555341379534203,0.0495663829290973,0.0658931065444957,0.306115371905374,0.00298740512730545,-0.529183653367293,-1.74161464776143,0.398588270222438,0.877848830744435,-0.518397348715603,-0.258057047311434,-0.158269589470911,-0.0314840030369291,62.23,0.0
56650.0,-8.7620833940977,2.79103028235041,-7.68276685719257,6.99121396498416,-5.23069545140333,-0.357387950702527,-9.68562145610769,1.74933494530821,-4.49567886484426,-7.86450647898838,4.77414774007074,-8.24589788162945,-1.33349186005079,-7.97425052332349,-0.39879894749855,-7.24434047432354,-12.7600939511044,-4.82474022298701,2.83699299496563,-0.460389538640294,-0.0905267878788197,0.34858962816605,0.0511323900482543,-0.41542987238242,0.219665266254896,0.330020364891881,-0.0282517554687547,-0.156270272972183,7.52,1.0
48131.0,0.817494814374268,-1.54745649660482,0.481926196940002,-0.653222010481862,-1.26518012796059,0.456648937212948,-0.884551709383157,0.313354490687251,-0.64114447327201,0.630800709728322,1.64787498162724,-0.427685939126673,-1.08835722577447,0.218958706045998,0.968592274222053,1.05068662904247,0.51124004588048,-1.24233566456823,-0.179328442369737,0.412185193901351,0.532091501530836,0.933640944129242,-0.219416956384875,-0.275384136385313,0.14563244655309,-0.0828316327905396,0.00395520344361121,0.0422567006621087,239.0,0.0
41227.0,-9.00135134450649,6.61328394324752,-12.4236347238918,7.51992923163014,-10.2662546389665,-2.11320754204122,-9.98428744767688,5.54194143253089,-7.38370453522347,-13.2151722995049,6.89518136811315,-13.2796997105282,0.755263578785977,-13.4170122721265,-0.210774362111057,-10.9226551270595,-21.90649321637,-8.82981976595275,1.85246698871594,-0.645393857931055,1.7758908996538,-1.22475761150578,0.0825935414630254,0.452088727391883,0.463827332847796,-0.296928065001458,0.526505578079938,-0.450890488772313,459.07,1.0
50187.0,1.25722698627828,0.354852929689975,0.306366379640951,0.693287241842841,-0.372856892837468,-1.07395173536333,0.0849930434516208,-0.202786771533267,0.0350473702353436,-0.28195231068551,-0.0687728328020326,0.226212196402986,0.209234671205894,-0.284310489179151,1.09568854894029,0.47918487838388,-0.00427148387230954,-0.297321410121021,-0.198207318910211,-0.082833116851845,-0.28808403603415,-0.830979964180314,0.130011400575213,0.344891040119726,0.215693247129447,0.094511289572287,-0.0230871812442377,0.0307028250463092,1.29,0.0
35533.0,-1.59371971685197,-0.280414424608444,1.24308684149257,-2.0564517068757,-0.398174574827106,1.3139110801185,-0.674538068430494,0.863290992365565,-0.897152203163107,-0.11350875534281,-0.505596916083201,-0.400268106648185,0.442146685641636,-0.493562098598493,-0.525243246211182,1.90036947393451,-0.357454734444713,-0.301512031972507,0.511143322793316,0.126166520726668,0.316661995581485,0.842341437201975,-0.648646817208518,-1.64939817666288,0.644850701393059,-0.00464500846104279,0.192515192773067,-0.127420170310471,109.0,0.0
102619.0,-2.48836288474016,4.35901910783724,-7.77640985018266,5.36402677044258,-1.82387723220959,-2.44514013600669,-4.96422092061784,1.48489015991725,-2.94789885841072,-7.17534972178322,7.34365210856032,-10.178995535122,2.14215063066493,-8.98305216762269,-0.473746033414928,-8.14334226244301,-9.78567719982127,-3.08651950539248,3.37971333584943,0.792274684105994,1.32567239039937,1.02122620503862,-0.266476205063069,-0.370880444896658,0.365535186093547,0.081372023747405,0.184983040876449,-0.211582455539506,1.0,1.0
75556.0,-0.734303155037818,0.435519332206195,-0.530865546585229,-0.471119606930407,0.643214386605141,0.713832369657908,-1.23457207133269,-2.55141159871634,-2.05772382572102,0.166830707878014,0.567551954604602,-0.85805991589575,-0.448067929957678,-0.264936238828755,0.88886293915465,0.838120616560385,1.42505965449185,-0.169664182600728,2.50202738858443,0.864536120628702,-1.00487737851609,1.15035358786928,-0.152555282700309,-1.38674463324096,0.00471601482800044,0.21914583821982,-0.0582573076118087,0.158047988697071,29.95,1.0
85559.0,-2.71280393674893,-0.299121566800426,1.99483315080742,3.36061114892438,0.0659851485523709,0.624887425553641,-0.820633000305649,0.691563279134375,-0.756507639410893,0.837360524680388,0.374995052541283,1.01291868044354,0.827329548163589,-0.303569781067593,-0.718575855686892,-0.0122177785003126,0.169263746988273,0.444801550045827,1.65770257669704,0.161935473962155,-0.0717677038348673,-0.199944054233952,-0.645680496571271,0.0819535935170547,-0.0605034644153075,0.0753085457147964,-0.900985828181536,-0.406266721548752,0.0,0.0
90647.0,-0.735137063573103,1.15575580967099,0.35610262713292,-0.502180231369484,0.620973272912162,-0.488095114967874,0.761015895525404,0.191040140472366,0.698337776833638,-1.42958980870197,-0.342168664735204,-2.34236199562266,1.75032158934667,1.86532394725321,-1.33633651588369,-0.155451804290311,0.584008728078769,-0.344963265412934,3.95615931506062E-4,-0.16227462342774,-0.282525515893836,-0.720932733346997,-0.0288134364331498,0.618240606462128,-0.0661398093919824,0.209799810892436,-0.115920943088394,0.0494835580818423,30.26,0.0
42629.0,0.929461523237824,-0.32671424634704,1.28836150140551,1.69091791701291,-0.762255659816138,0.82808579622103,-0.537885212362936,0.37979715290619,0.906664879110992,-0.283187989741759,0.848974088199604,1.97139375108935,0.0539434590581142,-0.608723203473712,-2.4613768043049,-1.02422266501451,0.575033031212968,-0.969006574112948,0.368505111190043,-0.0791347469551242,-0.316118233042238,-0.558324947810948,0.0490336558099473,0.233248484348118,0.365084965546585,-0.545799556853466,0.0815717413428328,0.0298455644640952,58.85,0.0
41243.0,-10.9407391093978,6.26158585106885,-14.1823387841287,7.18360208606589,-9.95136334372547,-3.86082033664669,-13.5473021949163,7.09647164642187,-6.29402944276594,-13.6081431627279,7.12716532148781,-12.6110036871047,1.21455639781013,-13.9062968240505,1.51406990634864,-11.1257390593549,-19.7162573051191,-7.5527890897252,3.65678707068496,-0.0883420818722748,2.26744826134981,-0.492029167950335,-0.239302865923644,0.454368210214217,-0.101611062526814,0.446996732737119,0.062292646721181,-0.439769899530758,45.49,1.0
77182.0,-1.41085190223088,2.26827061391536,-2.29755364869312,1.87133052690782,0.248957097554545,-1.20879869131782,-1.35864849113679,1.10291613180529,-1.31736377078276,-4.62691916410905,3.35763973653551,-2.99881490434833,-1.95678634545881,-6.76663337149207,-0.869899592420961,-0.868576751992314,-0.370333268936992,0.419265507331837,-0.894893657235367,0.0580625903425241,0.155380926745126,-0.614880421672272,-0.196125537805858,-0.464375543427361,0.118473100986687,-0.484537034984231,0.373595915880442,0.187657248903867,1.0,1.0
100501.0,-6.9852674861123,5.15109356872598,-4.59933777342036,4.53447860064768,0.849053978611719,-0.210701203278644,-4.42522968507474,-5.13452515572624,0.0693205728889109,-0.870997150804889,5.20081516878268,-7.80222778971281,0.0339124179895287,-7.56013197197136,-1.01465193469311,-1.50792960088674,-3.41027456780471,0.107544007359072,-1.37551765637273,-1.24699631854492,5.45367185347674,-2.05617714358307,-0.280333720590026,0.120771472511766,0.569357720918146,0.145971466001576,0.300193469284684,1.77936385243205,0.76,1.0
41057.0,-0.94349913868847,2.02378475931796,1.13142607281308,2.53880111114227,0.766691317768665,1.12578282476992,-0.235019194921172,-2.51235380250948,-2.61962191252526,0.240676647417377,1.16994565561907,0.807495260747664,0.626194665692768,0.964443856190144,0.393827810083611,-0.297357038151712,0.183971395088512,-0.0342999496418835,0.855080593336031,0.816068684911292,-1.1397164188809,0.778843392273929,-0.184930098738253,-0.280080134585599,0.328047668791559,0.365770976652546,0.0302349920434047,0.0950912887419792,1.0,0.0
73408.0,-2.86979494599423,1.33566696241079,-1.00953019777159,1.69388472852407,-0.741479894623347,-0.796772696354505,-2.61424187718441,1.06663646767929,-1.13549652218517,-3.9433368210052,2.57283021584331,-2.28866350030302,0.562084177710423,-5.33871420959882,-1.85325189141529,-2.619233053885,-5.23142512742468,-1.23485373672039,0.397308037124058,0.0115572104606548,0.528421372720921,0.228027080989586,-0.749297963439339,-0.0671789627433331,0.215792485177395,-0.453651011768872,0.349191042793996,0.198862268219404,16.48,1.0
29526.0,1.10280432542075,2.82916799881581,-3.93287026485548,4.70769143992869,2.93796685530025,-1.80090371765217,1.672734122106,-0.300240348680253,-2.78301108805298,-1.88484243991678,3.79256535985687,-1.46047112296734,-1.31277627644381,-7.07736060637589,-0.299466316598551,2.4932276042067,6.24498710234308,2.97174936407353,-2.67995024218857,-0.0308799718381793,-0.106994395673876,-0.250050303584088,-0.52162653336055,-0.448949514169716,1.29164648168516,0.516326673768638,0.00914628141124173,0.15331763551135,0.68,1.0
71071.0,1.10067286024975,0.115121352245598,-0.326554174262896,1.11087553762129,0.069392166843594,-0.655877896575252,0.454647045290341,-0.123238996006719,-0.379285645788578,0.275189129724324,0.794629756312713,0.0394599270349168,-1.40015904717738,1.03053083456953,0.128198301387119,0.192359101987515,-0.615896001858488,0.410073185240935,0.0903558194646401,-0.0640655654625807,0.0637144858695915,-0.0442773091922647,-0.247979814083861,-0.0110292590994321,0.7840338811687,-0.281433236374079,-0.0375092556450401,0.0082505498642321,79.95,0.0
17520.0,-5.26805322089363,9.06761342731767,-15.9607281345144,10.2966027898053,-4.70824109122294,-3.39537485177836,-11.1610570028797,5.49996263444947,-5.66737554592835,-11.6271935556579,11.0270590938161,-16.3880541668327,0.363921486512734,-17.230202160711,-0.437487559248993,-10.1223919213552,-13.6392089915234,-4.98645725844229,1.12678437819631,1.45587819528,2.00410994522741,0.191058399384387,0.622927669875126,-1.20926355739155,-0.374798862642666,0.64879803679546,1.58469734677224,0.720055870245492,1.0,1.0
66037.0,0.286302363835244,1.39934474808556,-1.68250270884931,3.86437703955242,-1.18537340204974,-0.341732013808781,-2.53938012266357,0.768378375007388,-1.54788162780199,-2.65971794652165,2.6215881261205,-3.46236188507757,-1.05430017332918,-4.95582330430277,-1.40027445820489,-2.33994291742419,-5.19779447735003,-1.34281449785555,0.288846910516582,0.270360155086889,0.352456413618901,-0.243677652080658,-0.194078546536702,-0.172201087463232,0.742237197555102,0.127789797006944,0.569730790365159,0.291205858831994,7.53,1.0
43084.0,1.09541011845515,-0.330535600063116,0.82895257058165,0.652852676092342,-0.467168263147889,0.680959180616026,-0.584298440374513,0.195752745851904,0.833727403754189,-0.335702438956336,-1.09680636695316,0.760617262966337,1.13640192250561,-0.606955368288731,0.414056927751678,0.0765162414402457,-0.253335031731743,-0.518330512635865,-0.106512462267863,0.0636124582483515,-0.0760378909820981,-0.0588776724956806,-0.101349051202978,-0.701799973299702,0.306048527278596,0.389850437552463,0.0285903066633368,0.0265802944152612,61.96,0.0
29579.0,-2.76346495978373,0.0136188758230772,1.20448644947002,-3.76717805988085,-1.78457720916863,-1.26173415966643,-1.15773153558727,1.0599817902812,-0.0961481354460339,-1.14420346691953,0.924480958879885,1.28425307032325,0.40376226646559,0.417829506437411,0.174690752073091,-0.61088602846035,-0.509339802070295,2.14066330408439,-1.58462137089173,-0.906314422703516,-0.121290246978098,-0.0729474095946303,-0.522324599857894,0.554448504861188,0.316400874974269,-0.407728916689248,-0.468464406802452,-0.487907713493778,38.54,0.0
9064.0,-3.49910753739178,0.258555160773118,-4.48955807274398,4.85389435139681,-6.97452154477167,3.62838209065084,5.43127092073166,-1.94673371078472,-0.775680092900109,-1.9877731876087,4.69039566550924,-6.9980424321007,1.45401198637847,-3.73802333366749,0.31774206255503,-2.01354268083989,-5.1361351026702,-1.18382211654359,1.66339401354543,-3.04262575715977,-1.05236825623151,0.204816873569406,-2.11900744010783,0.170278608305444,-0.393844118118335,0.296367194488607,1.98591321801306,-0.900451638402827,1809.68,1.0
75880.0,-1.1426380627532,0.916363984516017,2.22227312195506,0.0878651864294119,-0.653646478741348,0.459799313653174,-0.361039873398363,0.827689033843343,-0.284222914426808,-0.69376090440495,1.30018952493653,1.82530958426424,1.239331374042,-0.24546405173031,-0.639671341362198,-0.0755425367171081,0.0571260441568002,-0.203929598285772,-0.0159213248729347,0.0935612333648482,0.0978503884841626,0.458275470589474,-0.082460146331003,0.290313862598668,-0.129553571553823,0.310187436586438,0.235643676875376,0.0905743739618844,11.5,0.0
17838.0,-5.18787810836635,6.96770866359565,-13.510931139095,8.61789514115238,-11.2144223939458,0.6722478387604,-9.46253281088355,5.32870420774381,-4.89700552817542,-11.7868116556041,9.36907905765884,-15.0941631493865,1.25637700700759,-11.8521613037824,0.274429814172421,-10.6882417917386,-18.3888105354245,-6.89884013301839,2.38280793552097,-0.623737291574186,2.08608300107406,0.760190240866359,0.716805785858217,-0.646743429628277,-1.61704292571624,0.172346889503238,0.626646780979254,-0.169726031129409,766.36,1.0
74141.0,1.17947732833654,0.272928111256929,0.425960597453539,1.38128340359858,-0.0886990776073748,-0.169113857746193,0.0971667702613348,-0.0457030636314702,0.205120323511714,-0.138061048855813,-0.438989760852421,0.833623422144658,0.43974320054645,-0.0497781549912011,-0.157664954482146,-0.750954634870089,0.230681258837925,-1.04991673997266,-0.369210115887195,-0.168638317457263,-0.0997160018146917,-0.00563049660762253,-0.0623068100483784,0.110152806672429,0.685296171566495,-0.313938738170006,0.0450150213220576,0.0159826967397385,1.0,0.0
102671.0,-4.99175779387947,5.2133398229232,-9.11132629809104,8.43198635177602,-3.4355156720863,-1.8275651016855,-7.11430284412379,3.43120663145462,-3.87564287029742,-6.86850850672582,7.15062516950116,-10.2629840447185,2.73308493575221,-10.1275247811671,-0.262783621001749,-5.19027103814098,-8.6557110398096,-2.02444347438745,1.5604792800844,0.0981321924634143,1.18942283937597,0.247858476295777,0.294448330047117,-0.548503502162266,-0.174616566570794,0.406702503092405,-0.40233927269736,-0.882885795448957,0.0,1.0
101051.0,-1.46531575579616,-1.09337687781209,-0.0597678482279439,1.06478463530602,11.0950886001596,-5.43097128323669,-9.37802517086658,-0.446456139679101,1.99210961400888,1.78592177154007,1.36858453419511,-1.47169658834377,-0.72475884619705,3.44242199594215,-0.957403224855046,-1.62612941891216,1.41821495932655,-1.41791682839858,-1.65176618071699,-1.4576102135585,1.16062328833533,-1.2596968082996,-15.9816491909559,-0.883669935248733,-3.53671623161143,-0.59296488849027,0.675524833181225,0.424849351792902,0.92,1.0
48171.0,-2.92376705768695,1.93075254268634,0.941766884406474,0.688651269996635,-0.0187817230817152,0.83923697347028,-1.04265647374793,-2.97430975487618,0.811210096597929,1.43842939852128,1.07374807015886,0.920150275741407,-0.839573805255366,-0.0202543821630649,-0.359341235047895,-0.786715365000491,0.442715382344702,-0.227962827688742,0.71867443988795,-0.725057331251077,2.84450178121713,-1.19652449168323,0.195299353018964,-0.054108765907254,-0.154205249868883,-0.479214750776568,0.164017120807137,0.457594842810346,12.66,0.0
34657.0,-0.349883465705068,0.733818797571277,0.502763773386637,-0.468233582013895,0.911858856539108,0.717627059517651,0.305983906106288,0.472598002095977,-0.146144242515543,-0.309036658627289,-0.279883156675965,-1.25165727478284,-2.27259742931334,0.210295717697732,0.85814511699297,0.912167486652503,-0.443758561777057,0.793278968905626,0.507967961992202,0.00809060043033601,-0.320596212205745,-0.996114846145581,-0.157662270056589,-1.8336869923754,-0.116098909415698,0.199824653042813,0.235398530473605,0.0629761137246876,8.99,0.0
8878.0,-2.6618021745564,5.8563932148043,-7.65361621324071,6.37974188053221,-0.0607121191362683,-3.13154973153662,-3.10356974550479,1.77849156945338,-3.83115371623455,-7.19160424618226,7.10298858788516,-9.92869994299538,-0.0674983775194601,-10.924186865147,-1.69791397714032,-2.37942098527078,-2.77511389701838,0.273798971252603,-1.38218756352589,0.399096860264863,0.734774950378595,-0.43590118187623,-0.384765904180568,-0.286015663843443,1.00793382365812,0.413195532462339,0.28028415690056,0.303936550639395,1.0,1.0
11695.0,-0.745377959168185,1.35735716716104,0.882170352614553,0.929158835320786,0.101249549916104,-0.325899598167961,0.212433956642333,0.408326804862174,0.376882217302227,-0.44245326028271,1.65247863445618,-2.00475081512371,1.46681689645502,2.29038435915968,-0.404603293322323,0.0628248237809473,0.355360219948342,1.05010978396246,0.602501168481228,0.0335152769324156,0.0413803974494957,0.316232574135844,-0.128673321114865,-0.0506046848785371,-0.185681697476232,-0.351200183510364,0.258981429803507,0.127490265472527,15.0,0.0
68357.0,1.23260446981971,-0.548931183157109,1.08787266901823,0.894081819978967,-1.43305489904701,-0.356797142170886,-0.717492197160233,0.00316653108995309,-0.100396732730679,0.54318725600578,-1.03941706835478,0.285261608751792,-0.206006567752438,-0.498521775750102,-1.06410845071827,-2.1560365431533,0.564761098405632,0.837856659648528,-0.728989760343786,-0.576274061414969,-0.448670516618872,-0.517567967949267,0.0128333352729761,0.699216728009832,0.527257980520248,-0.322606503047991,0.080805437438631,0.0354271820131481,19.59,1.0
79356.0,1.24605354938063,-0.42374075321097,0.889221377507253,-0.714881052503288,-1.30299635192099,-0.850099476371296,-0.642984872288828,0.0256895800353331,1.97854644697497,-1.04934658466063,-0.615000715164388,0.189217654961127,-1.079232243822,0.0578561345551284,1.38601903464198,-0.393947622105003,-0.0853686442770011,0.314920487938333,0.562834205475465,-0.192276130082826,-0.0242487360100638,0.129365168243079,-0.0231543449093548,0.381100872021157,0.465009761807987,-0.683124138910597,0.0868624998755847,0.0330700758133102,1.0,0.0
78087.0,-1.60540212840114,1.05841997062429,0.712821175468572,0.767991993905842,-0.230099172702611,-0.137426838790813,0.531736140775792,0.274756668607433,-0.167365806375489,0.77436814301537,1.33118854243058,-0.0675757465940651,-1.64673637856193,0.767438875421477,0.811816466750453,-0.369448383211092,0.0109351234218975,0.241110897192187,0.281607615076052,-0.199207492673593,0.0974031404585642,0.640810798375848,0.0906463942914392,0.201627230335556,-0.307485525769026,-0.356115984071087,-0.0588748738776006,-0.0269355859347783,63.7,0.0
1189.0,-1.59572723311643,1.25808309599216,0.482376554374426,-2.62980325217497,0.351313740477076,-0.249907469823419,0.129205225278686,-3.59694108745537,1.09803835545301,-0.163039077996965,1.82610984271926,1.28398255486556,-0.154151811844537,0.14345111822295,0.560021794305757,-1.00573873781903,-0.120302078282485,-0.18448091081186,0.48378192035301,-0.472472233960352,2.99261012913494,-0.418692807868585,0.340674772351873,0.00833874743911627,-0.0682769245664662,-0.138630379727639,0.358410439821933,-0.203248620706033,4.0,0.0
110912.0,1.9593563946041,0.153992984323652,-1.82881954305629,1.4641084428989,0.855183611586443,-0.63092702289375,0.658687949962176,-0.499051072822342,1.44968369584392,-0.157627863405706,-0.612565298410214,-2.14474635495191,2.05989757366673,1.83050036273471,-1.25133576568302,-0.563396692607946,0.30023923645037,-0.191610765816242,-0.164613337743435,-0.152750290593238,-0.104768865407281,0.0574912864508845,-0.148228797229518,-0.812705655570614,0.530696983317486,-0.489662767333731,-0.05122428624628,-0.0636077640299534,74.0,0.0
102480.0,-1.92959692675373,4.0664132778545,-4.86518400996861,5.89860229319899,-0.552492585328532,-1.55596245330906,-3.83362344068736,0.679511648528001,-3.46376549143694,-6.68368922880726,7.02127774818005,-11.1024933822497,1.71175507363653,-10.447632938235,-2.79907615915518,-6.26174085045904,-11.6471577741668,-3.45143614190286,-0.507536514254236,0.942488941965831,1.13721164676769,0.674245235425331,-0.531765489027487,-0.433409350510738,0.378658562357166,0.198107291025294,0.869694411928137,0.228047851815119,0.0,1.0
63960.0,-0.00461006687116206,0.542303664294118,1.16970375791955,0.281176361625312,0.843575145381077,0.905077960632866,0.528041881967148,-0.0644457619907758,0.111909770668409,-0.293438089550746,-1.66172015960788,0.183164223619481,1.06783834053122,-0.710755104154143,0.0280494234894987,-0.71389638949654,-0.0509170204188899,-0.455113383222224,1.12584863088181,0.16292111667756,-0.105400472452536,0.193431237091072,-0.373460182993312,-1.22798206950798,0.0920108869960137,0.566532605750355,-0.101350326827263,-0.202108543313298,6.99,0.0
41273.0,-1.54750502173452,-4.59664917380281,-1.19135545299626,1.200474329357,-2.18658297405634,-0.863996008348321,1.98812066858512,-0.643275041622733,0.034777840007468,-0.876957120698627,0.0872866698617688,0.329981546282405,0.119173011895577,0.653480979594899,1.22389272478025,0.316293793871225,-0.0917666519251637,-0.452636407325077,-0.422790097443052,2.88404065883071,0.674570840934598,-1.3876657106173,-1.13558213165077,0.82447331501436,-0.415029045272675,0.671681375054952,-0.364124062326552,0.261682333634698,1464.94,0.0
84498.0,1.21065368185575,-1.35536093697504,0.341448956196354,-1.209279700296,-1.59122609065308,-0.76898145853633,-0.728305648680866,-0.177880509351016,-1.95031833122298,1.34274378962535,0.0634611869918279,-0.754845084051659,0.244428656370517,-0.12114442285106,0.834019076473203,-0.767729032111116,0.929648234594832,-0.72535168211282,-0.683068159571506,-0.123826200623688,-0.230780652733157,-0.572835850545084,0.0786171964508185,0.36744848540224,0.121154840739539,-0.353890796933039,0.0163310860464201,0.0438328920408072,141.5,0.0
55614.0,-7.34795494690262,2.39704134824746,-7.57235581757844,5.17781925521834,-2.85483828261718,-1.79523877381611,-8.78323473517424,0.437156561210431,-3.74059750992972,-8.33286306292127,5.76318940883843,-8.70787929219866,-1.71694948774786,-9.57719439289905,0.146369002626258,-7.58649078643175,-12.5039309695675,-4.37563101237668,2.46519487038601,0.0731637913502985,-0.175273369741836,0.543325051876651,-0.547955067054245,-0.503721690122004,-0.31093277648824,-0.16398601754964,1.19789504657005,0.378186688214491,0.83,1.0
96717.0,-3.7058559456413,4.10787318567637,-3.80365599543613,1.71031444791959,-3.58246604635748,1.4697289395611,-9.62156012711908,-11.9131046925977,-0.322296771337166,-6.62569249371823,2.17523030559549,-4.38107755793604,2.06329870945929,-0.673818453194249,1.40076321660287,-4.25492662033392,-5.16021301572915,-1.30252591599748,2.59445276115475,3.63960274068724,-5.49877168010629,2.94147540326902,0.916235852911927,-0.25550447969595,-0.18383483865098,-0.584538952417976,-0.315483570351021,-0.0972228121259146,1.0,1.0
11092.0,0.378274504006009,3.91479678866992,-5.72687201536627,6.09414095882864,1.69887526405022,-2.8073139468834,-0.591118212837213,-0.123495593086659,-2.53071281390832,-5.15309460989926,4.65408842254301,-7.83953899762349,1.37181858033581,-9.63468971263612,-0.739596855842826,-0.663203945673478,0.891934540534899,0.978675639075006,-2.00547660274646,0.440439440893876,0.149895683076911,-0.601967245529085,-0.613724335539499,-0.403113687819411,1.568445255978,0.52188393400233,0.527937749881352,0.411910405834512,1.0,1.0
44189.0,1.12092621704487,0.121515903380474,0.504733507424852,1.32961008275753,-0.266042541220489,-0.00379938420315795,-0.0999665667047818,0.169941515492085,0.15393322370291,0.0737513608080189,1.19225323825784,0.809766494087811,-1.14891195131591,0.451450333407354,-0.712822353986214,-0.545722300564482,0.138468613634894,-0.441722330200597,-0.146932823959026,-0.25878691787026,-0.0513633966743443,0.0252731315869765,-0.0325641619780054,0.207308350625053,0.577929855171703,-0.338504564554607,0.0319612419670711,0.00459176503009404,1.0,0.0
26833.0,-20.5327510764355,12.3739891389716,-23.0090029136283,6.14482097803751,-15.5872960035928,-4.38449066917613,-15.9390026942523,13.696416119399,-3.94845491908543,-8.78972336330438,5.61234710799626,-7.91442236630349,0.307819968365149,-8.32860088836825,-0.00697929458963793,-6.82452417207669,-13.3160791903173,-4.9216120866876,1.18820420779718,1.59275393136331,1.75460760918813,-1.46611525253641,-0.85677863566488,0.125776576475404,1.40258698975375,-0.223754856770293,1.57424873519633,0.469200693158523,99.99,1.0
46246.0,1.48063619063776,-0.352095843861745,-0.417449535902233,-0.764525524591653,-0.456023312615908,-1.13840703894304,-0.081550401442874,-0.341768967135671,-1.01600190025509,0.706572912831931,-0.789405259876922,-1.14035877942886,-0.470564286277762,0.220103700085783,0.533100190728528,0.903489114131571,0.265684131888171,-1.35590101619818,0.827021098886831,0.0401267056802552,0.150691189048887,0.337116926561827,-0.21921621935858,-0.0904737645238632,0.835915611638357,-0.0517289701157271,-0.034135809800642,-0.00437645280932611,15.0,0.0
64585.0,1.08043336974687,0.962830680816555,-0.27806547765439,2.74331806279958,0.412364075681078,-0.320778352962878,0.0412895489552235,0.176170299597767,-0.966951551053629,-0.194120466505581,2.14005681553663,-0.276308752749667,-1.19130573752489,-1.88027540328199,0.398271956336376,1.36743302249318,1.52266169956075,1.02631748255981,-1.57707047840184,-0.172658644566365,-0.00899617409257402,-0.0570361435998535,-0.0536915092211487,-0.0263732767799466,0.40029973123052,0.0728277709127376,0.0270429343018625,0.0632375727147923,0.0,1.0
93853.0,-6.18585747765758,7.10298492227346,-13.0304552638937,8.01082339822486,-7.88523736131971,-3.97454999359808,-12.2296077786617,4.9712317023058,-4.24830701294998,-12.9654812039222,8.68830799242781,-17.1829184301947,0.0695769150313325,-14.1161560074304,0.959031717400206,-12.3753337375636,-18.716764511809,-6.52201457322122,3.51795494036344,0.483930108481186,2.50277241039945,0.481691289576756,0.480957977547458,0.360318638811951,-0.293354295977635,-0.199193157971208,-0.203917328209747,0.398927185850218,44.9,1.0
41116.0,-3.60054350412378,4.51904694695796,-6.34088353532231,6.21476727765717,-5.829557636648,-2.4780949557906,-9.93841155861772,2.83008605053969,-5.65916161145799,-11.2981564915382,7.2529532268294,-14.2750918465127,0.18890328374228,-14.5559572107641,-0.338288547453357,-12.1465401437589,-25.1627993693248,-9.04284515066473,0.787578807808201,1.38474276211824,2.26377035551642,0.620749345000528,-0.094068667085379,0.536719087381271,0.398142307216228,0.00827658674987802,2.05352425334029,0.835749002954128,3.79,1.0
65614.0,-0.107226922765879,0.311558104930452,1.05071816404002,0.399568939146046,-0.498103210844464,1.53929430475829,-1.71743019438117,-2.38333702127915,-1.500416380424,0.111627772874666,-1.77545918570107,-0.716175228135282,-0.0193203685014009,0.499278613909788,1.94855826520263,-1.11778566142871,-0.0425491863037268,1.78457803409112,-0.436589411408266,0.382016477355733,-1.58776439733039,-0.135287340304909,-0.324011206483851,-1.3682687474815,1.22548087043387,0.0910873248452447,0.096532891576093,0.186616870629644,44.0,0.0
47136.0,1.28817495202975,-0.707630653484496,0.406886123502052,-0.391487213452324,-1.09194127509831,-0.627477795691713,-0.54859176614522,-0.0499891711509714,-0.404649505086234,0.479688826568432,-0.253133241019169,-0.65696312373054,-0.979613183109222,-0.174519951646441,-0.236210706185305,0.127836016640458,1.17040683326039,-2.1928815119844,0.452936656132301,-0.00793202231992574,0.106523033368798,0.3475188090556,-0.0457524867296857,0.419748743290005,0.530078873927882,-0.135720978197686,0.0121150764385869,0.0107842228167251,35.32,0.0
65196.0,-0.562410513441289,0.934573420177554,2.34425507966751,2.4364239155667,-0.0050826321515023,0.845080959384066,0.146833711101637,0.304423345523235,-0.638493775532238,0.245144133599198,-1.98110061943601,-1.18808579358656,-0.993014191343502,-0.186659099439001,0.165328412156047,0.248293313769062,-0.175555478887035,0.578046483556986,0.646459862553733,0.0651998061598056,0.0729299034235733,0.283497125978296,-0.415498446857917,-0.456673450730959,0.399445914538343,0.385473572658127,0.0815615254015004,0.0762694681642035,22.66,0.0
82265.0,1.0225556716654,-0.0425918286611675,0.76712847843073,1.39226134762031,-0.579619339990897,-0.252959846093665,-0.0584420417980651,0.0335903445639619,0.486091169453085,-0.235367064025764,-0.22267025126053,0.635918152605202,-0.281412493474023,0.026509780981485,0.0933470749052432,-0.643748556660199,0.333137768640026,-1.07521711106779,-0.447977841329063,-0.0948814653635968,-0.189236332227359,-0.463353613842062,0.064941800779428,0.376719334447877,0.354966600780515,-0.540446307332997,0.0458471370801378,0.0370584590926712,61.48,0.0
41851.0,-19.1397328634111,9.28684735978866,-20.134992104854,7.81867331002574,-15.6522076772063,-1.66834770694329,-21.3404780994803,0.6418997011947,-8.55011032700099,-16.6496281595399,4.81815244707108,-9.44531478308794,1.31705629332341,-7.24346097400378,0.830910291033798,-9.53325705039319,-18.7506411474674,-8.09264877340557,3.32675827497024,0.42720343146936,-2.18269194560955,0.520543072366642,-0.760556415188733,0.662766638397236,-0.948454306235033,0.121795925829793,-3.3818429293561,-1.25652362136258,139.9,1.0
42988.0,-4.42350762703846,1.64804777413239,-6.93438785672913,4.89460056642244,-5.07813111998958,0.0108488776042783,-3.40909567897227,1.40929050029893,-3.26067152936237,-7.78135276287243,6.28337707847689,-9.65660635996176,-1.61913485478932,-10.7321089251086,0.288220764475555,-7.89812205175049,-13.5706825019333,-4.59023530005094,2.59017338411194,-0.562264103606392,0.698359061079766,0.487477720585547,1.22869827965959,-0.535217333195035,0.388278095984062,-0.00946564715170412,2.300164247557,0.0812314897144668,648.0,1.0
57027.0,-2.33565492855671,2.22537994112476,-3.37945038583039,2.17853822878821,-3.56826371512658,0.316813583664713,-1.73494800330036,1.4491394338594,-1.98003348126993,-5.71150474047788,1.83721490161197,-4.5403416445233,0.747845860345767,-6.28431406964108,-0.128887216546494,-3.5632394063049,-7.36832064555377,-2.69295315786876,-0.450550113544917,0.274027122680488,0.78554012192761,0.29741198434836,0.308536146370564,-0.598415746387816,-0.121850330815637,-0.491018310202025,0.701606041424924,0.206966343288918,444.17,1.0
57341.0,1.23687790893099,-0.463242831782277,-0.175659592207713,-0.799540415766402,0.0509564147810623,0.459209115087697,-0.330176841985132,0.147344367263034,-1.24871263545759,0.483206949880696,1.08389788660784,0.0610539394401121,0.356658154016172,0.181540923412954,1.44836514271737,-0.651434438094805,1.70890529164531,-3.69654987107198,-1.04126948061458,-0.0557261939659129,0.336403561101657,1.06927921800069,-0.00175796917746639,-0.57066021865032,0.446972346480659,0.0216330321537375,0.0451096639211,-0.00840019042197998,15.0,0.0
85107.0,-0.951275930863734,0.12348181623832,1.602213071763,-0.594094587993166,-1.56518115623181,-0.35774779397085,0.514048620081872,0.198988333667241,0.91880833903035,-0.986426757606665,-0.98771116687923,-0.0223516292055195,-1.03082581215813,-0.41916143938596,-0.931331423943963,0.0577391589986545,0.0610287363911345,-0.497877099533939,-0.205437235389864,-0.267796202886982,-0.0881230016575746,0.0059718504603918,0.410848494032171,0.74715133226453,-0.991891512579649,0.622488046557657,-0.212224696805038,-0.15983368883153,161.12,0.0
79045.0,-0.460608151718311,1.06474060500073,1.56134327833685,-0.0891881462896306,0.21948634471238,-0.41405853904255,0.683222911035761,0.0160161109257034,-0.550863281523883,-0.383444008178648,-0.00484933647592977,0.575111051575105,1.02294092170528,-0.0304649699082983,0.989189965442983,-0.142340917865713,-0.171959374986983,-0.926042582140553,-0.351227729315505,0.129503036334026,-0.188658245627713,-0.397821670806213,-0.00596023856935848,0.0826872880020044,-0.232922773987636,0.0975393067202802,0.288536870583638,0.119875253263613,1.29,0.0
8169.0,0.857321003765953,4.09391182702914,-7.42389358948559,7.38024451788662,0.973366022888688,-2.73076151658057,-1.49649705633444,0.543015172692922,-2.35119015933267,-3.94423849794435,6.35507773663404,-7.30974798382371,0.7484505505775,-9.05799252943745,-0.648944909074786,-1.07311652692728,1.52450091526025,1.83136353283608,-0.0897244112241547,0.483302650495284,0.375026285129017,0.145399853347782,0.240603265009756,-0.234649222710157,-1.00488094720044,0.435831916241838,0.618323805168482,0.148468944379397,1.0,1.0
85573.0,-1.7567118508365,3.26657425418237,-4.15338789695403,3.92452561357555,-1.7537718434176,-1.0057867792296,-4.31321717578502,1.56071190324579,-3.29567366751075,-6.2133552491157,4.52299197543382,-6.6528440527591,-0.12468523386066,-8.60448620191387,0.110359314846888,-5.94548061159606,-9.33893779428438,-2.39019258818085,3.18415235636348,0.874720103498016,0.911427441871296,0.0530612807310541,-0.367700953962814,-0.776337755840596,0.292093831084717,0.025999713844171,1.0629681996854,0.501148168228208,1.0,1.0
14436.0,1.17976630560712,-0.0810779882576755,0.970735654755294,0.359905725054604,-0.860500661423699,-0.572280804344846,-0.546564631816738,-0.0526943233041135,1.79988203625881,-0.547315374205942,1.0548558981016,-2.48722764024634,1.12284177614247,1.64054298395757,0.872172000171356,0.126753897793301,0.725531330246874,-0.328257773842764,-0.881040564591674,-0.161417860490023,-0.0241109419443732,0.195940365395084,0.0613338548140369,0.400975472113565,0.0703501596054354,1.04273080484294,-0.0763303462375914,0.00443343514613014,15.95,0.0
41841.0,-0.932496242799199,1.01521729262974,0.874889159351624,-0.252057438791066,1.32908256598777,-0.26190167857565,1.3090406552852,-0.34429501939746,-0.724890444512949,0.0706625080792286,1.18603852554611,0.74698721127065,0.24729768625086,0.224990292010152,-0.416712932207719,-0.188502981898583,-0.831309641614271,-0.227478087882454,-0.73489044842861,-0.249199597038603,0.141587146530669,0.559554555551594,-0.239046675487327,-0.285905285256398,0.113456959858434,-0.529947003716467,-0.414653169431618,-0.122990018363287,1.0,0.0
88216.0,2.09222557339266,-0.0526955038570518,-1.37562238319241,0.291850955646816,0.278305329589652,-0.653380333272273,0.171439984694339,-0.249198243375523,0.542547054449974,0.0440327659865695,-0.983880528022403,0.486612302321719,0.328782762993365,0.160727121330491,-0.196009979910397,-0.188507399362648,-0.302051888436398,-0.826318641315216,0.294839346216019,-0.180653327673569,-0.267423574359412,-0.613660751016918,0.293411082152063,0.59727558807448,-0.137228218922201,0.252119591562184,-0.076120167528783,-0.0581885432723339,0.13,0.0
70156.0,1.21414186938705,-1.34923225366467,-0.305165203934867,-1.47427997655205,-0.957611655929206,-0.291188041756742,-0.508138440194141,-0.0850806502484314,-2.37398619099323,1.52941464944191,1.168156802946,-0.396669212756807,-0.0812897419003206,0.281361545690056,-0.0596231587988566,-0.617739480818837,0.591419915794411,-0.325758110519213,0.0461648275706737,-0.0963423875277619,-0.369112842498531,-1.06190750301495,0.0125181927315621,-0.362312542852624,0.214695105805973,-0.430581906546049,-0.0139506415173738,0.0219740366991219,153.41,0.0
40919.0,-2.74048250153169,3.65809481979987,-4.11063552027473,5.34024166876747,-2.66677476000958,-0.0927818149405728,-4.38869880914515,-0.280132705503576,-2.82189458229917,-4.46628416302479,3.96979981229186,-7.34671678644283,-1.16331176961366,-8.22556891234807,0.82500183194645,-6.77286703365235,-8.81578542555918,-4.56885928410549,1.12659865645629,0.185325269832133,2.41749541196206,-0.0977119508973041,0.382154506973307,-0.154756519767143,-0.40395592644091,0.277894930235294,0.830061638644528,0.218690442242457,112.33,1.0
48855.0,-0.881905794826012,1.18232416156763,1.76081832513387,2.59254908505318,-0.1629735874755,0.98189678922059,0.0885348447817744,0.761871951642269,-1.49050821727083,0.125720146691903,0.821841869473998,0.998750124066351,0.391063061398184,0.192017145396879,-1.02771932957959,-0.350511599562416,0.416608573564599,-0.207518971725883,0.427861059894503,0.0429285173744091,0.11743286700629,0.313437627572265,-0.149608233433093,0.0587699825826821,0.441038824426843,0.272458005745545,-0.115263993696605,-0.0898561650615685,49.61,0.0
49184.0,-4.84144571375088,3.85301518181825,-1.84321431793378,-0.52947668156092,-1.61400341909072,-0.895407178800897,-1.10940540279735,2.14403479617159,0.809312824255249,1.95156760221861,-1.4495534660314,1.10896635858492,1.5015872967298,0.685334463541811,0.815985578157618,0.824135037044593,-0.0263784726629085,-0.202302201302407,-0.00716618875353632,0.856604804619483,-0.467074024701205,-0.968081193226477,0.232984239853051,-0.479811160680177,0.653801716465593,0.186997527480467,0.836776733413357,0.537277347574803,10.99,0.0
43494.0,-1.27813773524814,0.716241580332591,-1.14327922918382,0.217804800631468,-1.29389046969973,-1.16895152511977,-2.56418198278833,0.204532467641239,-1.61115462297744,-1.25028553742691,3.36736102310858,-4.58309584545642,-0.806939683730076,-5.20830522179452,0.525823682164556,-1.81591431259746,-5.24911146794949,-2.19669120679566,2.10905264474381,0.817203155491914,0.490182667533974,0.470427403079725,-0.126261344339209,-0.126644458784455,-0.661907559467122,-0.349792996571914,0.454851068382725,0.137843477172283,24.9,1.0
18690.0,-15.3988450085358,7.47232389650112,-19.0269123426632,11.165525840514,-6.89385628014845,-2.12093657486019,-14.9133299850456,-0.721214094320184,-7.1750966153358,-14.166794659606,10.2777688628065,-14.9854337328686,0.345179234077653,-14.6663889726541,-0.346352541965346,-8.33324249555463,-12.6025964553952,-4.87668342078337,0.604625910708604,1.11150221461014,-2.44488368228,0.727495341024629,-0.345078151264077,-0.981748551471828,0.995271346300177,0.816761717958274,2.26294237384391,-1.17806316323334,1.0,1.0
82289.0,-1.46489654758402,1.97552752738073,-1.07714453940265,2.81919063998449,0.069850228405671,-0.789043629709432,-1.19610144945515,0.673654375004339,-1.36372387646135,-2.9328952580311,0.301368829965399,-3.24614143685335,-0.465640147552938,-5.42936187944371,-1.30498291640657,-0.953623442669269,-2.72734300093373,-0.63643691865914,-0.927124072666602,0.048968800272123,0.174099465690177,-0.272505290211891,-0.0315494503920774,-0.406165929676999,0.157768979757404,-0.104392920359594,0.0737955599806211,-0.0415702518454821,1.0,1.0
10476.0,1.27939910976027,0.234128855917732,-0.300268953217055,0.404881595439725,0.52471851662117,0.285885068468485,-0.142823471450779,-0.00337175265921645,1.2553388005583,-0.479893350663202,0.94141657613188,-2.44285969477498,1.54323477207934,1.35553866974465,-0.153869623816272,1.17939953413421,-0.120001662696522,1.10669494123946,0.533413499503667,-0.0303788252642336,-0.488026212998565,-1.28267716928329,-0.105075004694415,-1.51373264554268,0.363986054029923,0.144152546572254,-0.0651672467275859,7.9058439820715E-4,32.0,0.0
34634.0,0.333499490680108,1.69987344643198,-2.59656116696059,3.64394526899047,-0.585067615145778,-0.65465853161144,-2.27578851019488,0.675228968561644,-2.04241592376479,-2.83487115980611,2.80200512615164,-4.39273243849001,-1.36967144973756,-5.32728665168661,0.16315896154,-1.35938947657172,-5.09518287931609,-0.338012656200231,-0.124137989024621,0.32934171405761,0.469211944535006,-0.144362651206432,-0.317980934036568,-0.769644309522666,0.807854587509663,0.228164299217237,0.551001873896763,0.305473419992231,18.96,1.0
18645.0,-1.24971603192576,2.21500073822745,-1.3887862033116,0.777102784206177,-0.0532499991370759,-0.331013781157374,-0.385326661257834,1.23718867853785,0.613453226341767,-0.0151732927066962,0.493783448876306,-2.28956326387762,0.883497514492549,3.06820703238582,-0.660167640917812,0.323214454998547,0.457461815047701,1.2361015539547,0.84313370944871,-0.0948412364808506,0.0107956019146383,0.160557034221429,0.0743713629830633,-0.921407945158463,-0.466929874455381,-0.378598786926627,0.243012966277091,0.12150133610997,0.99,0.0
34706.0,0.0937229444054351,-1.85211193780843,-0.011365362943416,2.33491354409133,-1.20564948920845,-0.0895232987997334,0.498439815650169,-0.181288564473658,-1.85596151645744,1.21104064691308,-0.368080029877613,-0.528665962782488,-0.282437396195835,0.487294731121553,0.655816447837345,-1.19300559404922,0.113369571543294,0.696013837589392,-2.43343349063965,0.569858469516686,0.0498905492449365,-0.761447455797225,-0.423040326478087,0.361871683702363,0.100656441457145,-0.0135102610799301,-0.0910260275506464,0.126288378013751,600.0,0.0
30852.0,-2.83098405592803,0.885657038258755,1.19993009832405,2.86129223993172,0.321668777779154,0.289966026429405,1.7677604489638,-2.45104966190813,0.0697358066743391,3.24508640095346,0.675287853392807,-0.677096334427304,-0.222741128141729,-0.913786970583513,1.60333192308268,-1.0245020918608,0.0220452070437295,-0.940684674142594,0.484758940230455,-1.01692314354721,0.546589339675499,0.334970736976198,0.172105676221893,0.623590288019672,-0.527114316331261,-0.079214654387473,-2.53244529803097,0.311176714703215,104.81,1.0
49636.0,-0.186953740767348,-0.573888407766529,1.55496300907584,-2.6552150607322,-0.985632925244754,-0.0512012995312116,-0.690576903778151,0.237187142627662,-2.02706183523968,1.0137405173708,-0.160523712586729,-1.83657516580238,-1.46850917283681,-0.0845476434881839,-0.239959486224075,0.511734321422385,-0.309619500662523,1.42266527116506,-0.329414762281247,-0.437900235897128,0.0237150838431578,0.295105772178633,-0.20590530031373,-0.572261968886312,-0.295300206110895,-0.254561423073782,0.138218357635251,0.120680919511768,12.0,0.0
57206.0,1.1725399700679,-0.0425003026179149,0.387130105819949,0.598947245429518,-0.172793460889836,0.264247489947994,-0.231746789888046,0.18806849491848,0.267956036588484,-0.0588438888248514,0.913207040547052,0.983208755756671,-0.379081069679194,0.193979505813044,-0.603176094280841,-0.269349454880682,-0.0429003184380824,-0.524419641488349,0.275995571717511,-0.152564039128356,-0.178866904548493,-0.342261593024608,-0.00511680949401923,-0.271769441190283,0.385761358042093,0.302552883673518,-0.0116961919088314,-0.00490652402932632,4.96,0.0
120547.0,0.019846506313916,1.02180324556406,-0.722041540995586,-0.410992602530295,0.43656956391615,-0.638665300984621,0.280618928719596,0.381312435427114,0.0322158359653967,-1.27014161727811,-0.94052731168548,-0.125394080647745,-0.0690036754631139,-0.993961172160815,-0.0869879539964136,0.661275022721923,0.601520165115085,0.290999117489473,-0.540843048945458,-0.260966721325316,0.036181835025882,0.0702536449022963,0.178680050309031,0.51117774881143,-0.991693956203167,0.209501862175818,-0.0220373186347729,0.0693994774647152,6.16,0.0
92186.0,0.0838084489907418,0.543300376158735,1.18188067434442,-0.255715121174312,-0.0162181291832523,0.291363665254887,-0.431209700136933,0.338197987940144,1.66633661455382,-1.27923913644614,2.04369181603031,-2.35902702418131,1.38536170355857,0.0635860406123272,-0.157943113659924,1.60457639376226,0.420301225662105,1.92221040529103,-1.12834307120341,-0.125649381245195,0.152771530239687,0.632982111605252,0.0577212665253841,0.541841779026,-0.825169626838519,0.144204965739914,0.0362618771686092,0.0392531490124933,13.5,0.0
117364.0,2.29701852487324,-0.695685760001211,-3.85607864038429,-1.98491871534413,2.6634347049844,2.57578829786796,-0.153602584241253,0.394347535612039,-1.21537428077225,0.961499208268115,0.0578863254210121,-0.643525806531045,-0.239797358236873,0.629266030610123,-0.127653663731156,-0.0198170337753284,0.466979599901063,-1.89446929874009,0.626435324270225,-0.00925183533675893,0.471829075719564,1.35389041934463,-0.184111361331026,0.805862583869261,0.805671298396843,0.321542427854339,-0.0746494778021457,-0.100687181411992,5.0,0.0
37494.0,-2.21621352800877,0.711437865625199,0.0395391610503237,-0.869370783487878,-0.0345241246130053,-1.49022280530535,0.442745119166932,0.271917203361403,0.0364513893912984,0.595492668136542,1.34130165956979,0.830325894820269,-0.18481393185781,0.428622070650234,-0.417839003996642,0.486731318829603,-0.566668257622441,-0.148870025497703,-0.288995320858671,-0.273716319506018,-0.197961455000415,0.170865449542968,0.608886283112363,0.5819792680838,0.0481441332503319,0.829498809221059,0.483589072967146,0.157110477606632,20.95,0.0
46956.0,1.15712387794674,-0.175896493645311,0.60701354405552,0.882091129316687,-0.827860355979268,-0.675663067962269,-0.185263829707728,-0.00772073238009872,0.78541594501705,-0.17450930700541,-0.940007948431102,-0.414370326064936,-1.7278073993638,0.230847309682803,0.0529531641306344,-0.101592478338832,0.0961703471577626,-0.508843977367447,0.221722744639933,-0.159484639585288,-0.298182137006594,-0.850100300546915,0.0685319629821572,0.369837131102485,0.267162651319001,0.182483768561472,-0.0327683544401702,0.0193260994653695,39.95,0.0
64454.0,1.40823559876196,-0.837430358730247,-1.22127897926254,-1.68408888071463,1.46737623994612,3.31399333187189,-1.01304808021073,0.778902680312983,-0.75852169171693,0.594275461664312,-0.225442625766738,-0.586196956797524,0.0604183619330689,-0.170058018264594,0.107490288192732,1.05995600081898,0.0432513565627351,-1.24319386509624,1.18145720995509,0.233784931472255,-0.0269486732864519,-0.262481824132043,-0.0877750237041909,1.0262807994515,0.690071574081014,-0.241279578911792,0.00369555328771752,0.0111057617315699,37.4,0.0
57157.0,1.14773208094623,0.0830533741948505,0.368246025248996,1.41278230341834,-0.276346519478332,-0.209361211612228,-0.0128802114950036,0.0598175319313561,0.495367011402429,-0.088713954904413,-0.767747998994536,-0.19170363397517,-1.48656546699337,0.337692630188113,0.0559662913282457,-0.658393364332874,0.34138440836479,-0.81002166711811,-0.36119999970281,-0.260264820333955,-0.112382948280185,-0.171906287486685,-0.0529897909806937,0.05814111360578,0.614259109952851,-0.309148602109012,0.0294375061512888,0.0145732423863525,16.7,0.0
41181.0,-7.33434102050082,4.96089229123138,-8.45140959148547,8.1748251681484,-7.23746372952055,-2.38271066458273,-11.5088418575552,4.63579753722901,-6.55776036636164,-11.5198609264142,6.45582813287588,-13.3802218737527,0.545279226790884,-13.0268638593173,-0.453594543596495,-13.2515419788937,-22.8839985767803,-9.28783221397402,4.03823050489431,0.723313822249839,2.15375502636012,0.0339216178167887,-0.0140949200284419,0.625249955306557,-0.0533903339689031,0.164708739959664,1.41104749421382,0.315644799820923,11.38,1.0
116757.0,-0.335025469080848,0.838488503747062,-0.635738064828526,-1.00783858242222,0.324272605775135,-0.539830436648724,0.702929870561747,0.466014224055457,-0.155650834225013,-0.676476554355822,0.48275209306658,0.330363806827652,-1.39371938811723,1.0070024653048,-0.85904638328292,-0.0919685703531212,-0.30957607915086,0.0352858862833741,0.182854161342984,-0.13506664965032,-0.0371001135012396,-0.225563829414325,0.10067946166197,0.664480781013662,0.024662816142357,-0.157870161374816,0.0482391688206221,-0.0460744546363678,45.16,0.0
91554.0,-5.10025566317088,3.63344238024837,-3.84391862443125,0.183208447320966,-1.18399737637674,1.6021393332506,-3.00595315203476,-8.64503780175356,1.28545810732477,-3.71748137540216,3.71921153916465,-5.03402974701745,0.918999158233287,-4.22036591807154,-1.05049995739584,-1.69104526842648,-2.37242320724166,0.450098503348706,0.407805060819919,-2.80630192287329,8.28043932580154,-2.79714954096118,1.09070659271567,-0.159259597476933,0.532156369375709,-0.497125808167425,0.943621624807946,0.553580691756943,261.22,1.0
69327.0,-1.71165232336582,-0.875944782349892,0.992740610093398,1.84409343691779,0.678816940876915,-1.33711147811377,-0.80939041047856,0.550069974885107,-0.0553479175697059,-0.383924538191638,-1.14956359313465,0.064844467580323,-0.696690879542496,0.520552299015919,0.170377915266337,-0.611420159620507,0.508020402638912,-0.0519774921727373,1.08904362067954,0.377832492322209,0.105321576865005,-0.293420659221306,0.123999541815657,0.379574820056749,-0.817584223674852,-0.559557775277532,0.152508538839684,-0.136985574733107,13.99,0.0
58822.0,-4.38422089880268,3.26466481012305,-3.07715801666012,3.40359359659281,-1.93807528041028,-1.2210812776781,-3.3103166090276,-1.11197501012863,-1.97759328056305,-3.28820356526528,2.88609147657536,-6.84897793447677,-1.02923459062256,-7.46010298330266,0.0559060176229105,-4.33478342671028,-9.87456039324105,-3.54190332932228,-0.531558760456647,-0.141533268810834,2.07638272101207,-0.990302787008607,-0.330358452316133,0.158377625833497,0.0063514462492984,-0.493860013315231,-1.53765237842389,-0.994022490842227,45.64,1.0
11780.0,-1.35280569057667,0.450696823673946,1.00091982991737,-2.17666795003728,-1.80899275244163,-0.482753279177051,0.0199091111991783,0.469746589068771,2.52919938632365,-2.11416347016416,1.97657479696096,-0.999107955965736,1.66452057910865,1.61700851469375,-0.866139586801786,0.00564137942205188,0.359825147239485,1.05171282463925,0.078285066635752,-0.444198985977819,0.207283003734558,0.972637525448322,-0.041608472441753,0.549207214073176,-0.660901782729986,-0.38832311905627,-0.390024136153571,-0.233421949574328,160.12,0.0
119456.0,2.08198138688221,-0.857943843359608,-1.23375488072492,-0.925747707114265,-0.661549076788521,-1.10782499389978,-0.358120254332332,-0.318277759029604,-0.841876844855689,1.00859197192555,1.24043617764839,0.372749648369598,0.630913793559888,0.110227826373887,-0.397794383664921,1.06869228469197,-0.11353553266661,-0.849735167714944,0.63556588669233,0.103477219830166,0.539428401030652,1.46467090662133,-0.0617131721567108,0.156437911047539,0.147152866186188,0.0434018434274084,-0.0448049266313051,-0.064385538988177,60.85,0.0
12095.0,-4.72771265581559,3.04446910225824,-5.59835426695611,5.92819080241929,-2.19076972938784,-1.52932296564747,-4.48742195988547,0.916391814103266,-1.3070104231933,-4.13889121357616,5.14940878300581,-11.1240186070579,0.543067765541171,-7.84094220494304,0.743633944785042,-6.77706923974191,-9.93176515376766,-4.09302112201074,1.50492485905709,-0.207759445103882,0.650988236282379,0.254983288954681,0.628843468802127,-0.23812845429317,-0.671332331960485,-0.0335900627800998,-1.33177732223058,0.705697590023144,30.39,1.0
74225.0,-1.66021177113866,-1.24186578104195,1.79612464043082,-2.15524011136253,-0.340202214931379,-0.634322272528066,0.361433685702227,-0.172885205368168,1.9559659138856,-1.43760727842029,-0.406200428339306,-0.0967976276821216,-1.10060209112834,-0.500580487260145,1.15957216767677,-0.376989479380131,-0.221707958265912,-0.234026797407196,-0.189543403462484,-0.685281881648728,-0.165678262945593,0.439681353634636,0.709489009911087,0.0836285434859951,0.240565625831299,-0.148506440992814,-0.0734824337197527,-0.389823945116594,100.0,0.0
47752.0,-7.08315058256332,3.75231843163786,-1.97371390032502,0.0696389544802084,-3.21730915595167,-1.12775695421079,-1.97687381894547,2.7093566250918,2.01157801284233,2.57029545121938,-1.11649234178192,1.60226328528404,0.891201334399539,0.369825884719998,-0.122728199039813,0.35945101693704,0.860378016356053,-0.219523302010364,-0.320180688786806,0.16793680578985,-0.276250687865265,0.496212741633679,0.503956195195282,0.776930772383764,0.757345158511647,0.485618088546222,0.598314973562347,0.296323263731488,29.99,0.0
34629.0,0.773270797252968,-1.1147981812161,0.740681867428382,0.255501515997687,-1.27744450508738,0.0559133313043745,-0.566152457312957,0.18931566773056,0.80096543191635,-0.16578883936543,0.660925563685267,0.352159593991999,-0.880568356478831,0.0827445438959559,0.159805199041934,0.734574861306171,-0.558701404531071,0.658247108965305,0.29113186843275,0.348621311560229,0.224492673951478,0.213760093320347,-0.264410877366863,0.0911722513744674,0.110220939463783,1.09084941882014,-0.0886139537643359,0.0383720168583453,230.0,0.0
4701.0,-1.3323371060971,1.57308997666738,0.256404918055475,-0.273209672239028,-0.327796085551032,-0.542288908226988,-0.096049208032103,0.971517371657596,0.961667274589761,-0.812988719959469,1.68564107516632,-2.0316337530092,-0.0372760318213882,2.55831738065762,-1.79964499808353,-0.0846087657631081,0.935219931119569,-0.0478675015318771,-0.871898557304315,-0.314396739552991,0.0130009417303448,0.251468868898276,0.0635450410407457,0.16350549561659,-0.478018408296466,0.268532233313693,0.186280257684851,0.147554836611007,0.01,0.0
30936.0,-2.31630081527755,-1.11051138046433,1.52448458072815,-1.5733019984442,-1.91283832207114,0.882113735446195,2.03207674823008,-1.53312300823449,1.89054698831912,-1.35429989201497,-0.349054660424669,-0.37895074216332,-1.24609137781766,-0.635086330748932,1.35651483380524,-0.402126605882059,-0.304446625112661,0.0401992205059473,-0.320824600820431,-1.08020162436181,0.548947564598702,0.507542550991807,-0.621718346691613,0.164918518379678,0.468587862990362,-0.621835031676917,0.0839393649415157,-0.372223136584234,577.58,0.0
121160.0,-0.376034904150105,0.372959372756634,-0.467807479565163,-0.65166939028034,2.18950369371118,0.601511080760019,0.921844838454045,0.183785019837615,-0.391565091825459,-0.685879316291415,-0.904322004744417,0.0193534127578004,-0.320181976316015,0.444137804786041,-0.0798481103237519,-1.37344009040458,0.490368157474357,-1.78881500316554,-0.869590297265183,-0.14130411083681,0.187387888433657,0.643352251565279,-0.0252919887477647,-0.516679656012784,-0.551483827910998,0.336074465723994,0.161560022178315,0.191958459488119,12.6,0.0
84204.0,-0.937843305478391,3.46288948991687,-6.44510395393435,4.9321986662268,-2.23398306982245,-2.29156112129773,-5.69559392853253,1.33882463362261,-4.32237655329329,-8.0991193981365,7.18296700883659,-9.44594338249901,-0.314619967520224,-12.9914655817567,-0.136358931959623,-6.36752437517144,-12.7343938853776,-3.84512965889743,1.00766725992114,1.12953228130351,1.06655024941577,-0.521657289347299,-0.319917292909547,-0.405859088093617,0.906802159957716,1.16578389011737,1.37449533233535,0.729889341911333,0.0,1.0
27187.0,-24.5902447690465,14.0445667815106,-26.2787005866145,6.32008926518927,-18.2245126736673,-4.60996782569686,-17.6810033715155,16.2136267471409,-3.79409346877414,-8.37275316035861,4.90168265513877,-6.87283866404082,0.769776762734501,-6.82658448658054,-0.0544341798176028,-6.08495266503583,-12.375270529796,-4.81034474126699,0.936742237936608,1.64920202229571,1.77706277243531,-1.80487368611576,-1.14060456917063,0.152234466415679,1.71599702403257,-0.22047119903665,1.43495058143483,0.422491857762666,99.99,1.0
31498.0,1.1369112774914,-0.0739801565016354,0.785844475199218,0.886020404233881,-0.743651134203113,-0.46082578739896,-0.201020941767029,-0.0020658883054888,0.600001982985413,-0.27370636902451,-0.085806812468203,0.704020740143474,-0.227682641274659,-0.125482694540944,-0.172525867611704,-0.804544204306972,0.578602013821878,-1.20428720919864,-0.340441554288668,-0.158164930400138,-0.0267940370851792,0.186528623584171,0.00644699484874117,0.672650514577188,0.414895634920436,0.540317859664731,-0.00823122362798016,0.0121591506692536,12.95,0.0
67571.0,-0.758468652663917,-0.0454102784513458,-0.168438290153528,-1.31327481447103,-1.9017625315847,0.739433414882114,3.07189204639003,-0.483422244220096,0.61820276215476,-1.7690597207318,-0.651414013964987,-0.00542329080098884,-0.517194341398293,0.217469760178719,0.883558824493356,-1.17397764863161,0.24334710955825,-0.342300728238465,0.68705620239513,-0.0324998988871344,0.0426194565214976,0.397223782011498,0.0722288654476503,-0.242275996603303,0.560916469624214,-0.540954584325348,0.150606446374032,-0.117140114799884,549.06,1.0
41397.0,-14.9703456545046,8.40142101040258,-16.8672384869515,8.25233430637468,-13.5651304873758,-2.78243755853826,-14.2637353490007,9.64341914576661,-7.70149868394332,-14.2266980575287,5.61099879659254,-11.7939788348294,1.59838653001563,-11.6069703760766,-0.0441804437896824,-9.28695473739369,-19.8997264249367,-7.518050849236,1.24351749943488,-1.61466005601289,2.71404480183882,-0.101355310559619,-0.439665974014017,0.519513861479409,0.789327982433797,0.0643574266343142,-1.62138568643941,-1.10481920857705,273.01,1.0
87202.0,-0.41982017420894,-1.15597800832635,-2.09251550244986,2.78675032975706,0.736296592040403,-0.167291965690249,1.60002746290919,-0.117426851332358,-0.796953814299879,-0.133950251206468,1.03303201224459,-0.284367998317494,-1.20827980965211,-0.429211904447448,0.248945360461687,-0.928921529997167,1.67998551904683,1.31533886586358,2.22616065557659,1.27535802653094,0.48063971759843,0.533516931196614,1.28464540597639,0.516131270391061,-0.60294109971583,-0.305023689896282,-0.0213631449369425,0.129096385608294,451.27,1.0
66559.0,-1.35597414497275,0.775574177864178,2.31185190974408,0.0479747001124922,-0.292072936098375,1.65039510302565,-0.574459399170154,1.22486431949921,0.0917591781428271,-1.02914982521493,0.230528135366249,0.680979503496351,-0.183842733076633,-0.0677793165644787,1.09629635164057,-1.21790420253106,1.38408810157766,-2.06265505018093,-1.49945765514211,-0.103599023843579,0.100127790639743,0.54078906104663,-0.0215204708428537,-0.608451485110123,-0.105364121916846,0.47824445046291,0.244962929144003,0.0571391456660524,11.61,0.0
35585.0,-2.01900071938148,1.49126972926361,0.00522181572867197,0.817253270463702,0.973252233873376,-0.639268312778292,-0.974072997078786,-3.14692889107659,-0.00315907368902013,-0.121653217684609,0.0243696057661544,-1.07381224038496,-2.00276910919169,-0.895433620751722,1.74893630108012,-0.103527023620705,2.03119574973193,0.31759835677742,0.38676063692414,-1.02996468249782,2.83959610796444,-1.18544284096841,-0.142811875801854,-0.0861029384113329,-0.329113253522425,0.523601226377288,0.626282771397878,0.152439938058669,0.76,1.0
86883.0,-0.313785675969082,-0.0739961582226013,0.986873361088728,-2.631430934732,0.559573260755328,0.355141939126145,0.184210923471758,-0.0630870537553408,-0.488159013219461,0.106024962350611,-1.88110913495564,-1.13090596838948,0.623747730238823,-1.00659238815963,-0.382306507362916,1.50346326121237,-0.634923119770322,-0.827405427759549,0.139621355148297,0.321284022554941,0.229268995778776,0.889171179828619,-0.407822616177066,-0.338055939050997,0.186972645630933,-0.157988378729345,0.192469496484603,-0.0303997404444085,14.99,0.0
69987.0,-0.722450484777507,0.30375673199539,1.01260870869881,0.229597745507529,1.31077457151108,-0.298004043030786,0.0878822050917979,0.14854618384702,-0.796878109490714,-0.32834069817784,0.469955484381689,0.269445552545812,0.41463702276303,-0.185004618037348,0.6317560234056,0.619566785698341,-0.411841684158773,0.85422138648226,1.36563890889561,0.30374609444232,-0.14624759997901,-0.660617527153984,-0.0362152462361701,-0.87347352020097,-0.349180973870041,0.183406819235399,0.0779862671386785,0.140562968133197,3.59,0.0
54647.0,-0.443450080093665,0.742522846355924,1.14253586953038,-0.170670457604214,0.582941163911801,0.174404099928706,0.656900210718409,0.249760653490099,-0.825349487940344,-0.363398053343964,1.51705729853311,0.248366441754999,-1.09032170121045,0.751990844602561,0.48581495581009,-0.456692478708526,0.0983345189044111,-0.607262051587191,-0.377031823167644,-0.141370318345306,0.125509692338052,0.322577207049203,-0.142625095024239,-0.282764310257127,-0.102639743654068,0.370847408033503,0.020530830835443,0.0285640776097472,9.95,0.0
40542.0,-1.81881602168089,-1.25682952984892,2.17634279827337,-0.511663535590847,1.51683184562588,-1.2324528514537,-0.117083710954136,-0.0587855291688921,0.509435078157009,-0.911654799265476,-1.21741118363374,0.553476768435503,0.846692322243389,-0.874695933590436,-1.17323790353437,0.479574662730056,-1.01568575089067,-0.157448288147057,-1.49375127957773,0.433996329590694,0.255451013026914,0.480668367686158,0.0666320680977605,0.0941165100005677,0.258727134198107,0.160928502134493,-0.176626058396654,-0.077364835287254,69.99,0.0
75033.0,-0.430330205681344,0.985632693552081,0.645789437298841,0.317131047127407,0.616332206255463,-1.34746245720975,1.0782335690849,-0.161518267508932,-0.492855874580938,-1.03963769713185,-0.39560772252726,-0.664683930228673,-0.985700496668287,-0.660967626671015,0.344105202877093,0.530852433867815,0.278141865207384,0.355529916892446,-1.08122326117298,-0.115281935429531,-0.0163780179250957,-0.207609058231514,-0.164119225784612,0.255280162145255,0.454797817761532,-0.505032215885219,-0.0394559687978208,-0.00635758223393408,30.14,1.0
76681.0,1.0916049652802,-0.0581075880702874,1.25428087432369,1.70616410508304,-0.599379252984603,0.625339829389868,-0.463706785631629,0.22120053424754,1.07895380292864,-0.447631941920947,-0.912284677277167,1.58996909132682,0.875123413443254,-0.971332413723408,-1.82985060568532,-1.20101558430333,0.708955065443452,-1.49526567899913,0.168562931735945,-0.147328442044395,-0.405850165109943,-0.622842832175271,0.0759038585646688,0.112577031574587,0.466602980715599,-0.512944450427217,0.0998573104810436,0.0302221615095133,4.94,0.0
83945.0,-0.813921659317617,-1.2624970288162,1.31825710258198,-0.872124162548373,-1.82903125609842,0.960556062757631,1.04164342547896,-0.0196275716389729,-0.722850373953063,-0.461841025321624,-1.49875358608478,-0.255793245066051,1.46887148302192,-1.28780938137766,-0.939383745960946,0.923903572431424,0.294272837874484,-1.08746616833263,1.2575824502145,1.15571818566705,0.288188479034772,0.268381765904335,0.771045221826903,-0.43843795970738,0.28176593827465,-0.250147761882464,-0.0641905366214795,0.0564385942833104,436.6,0.0
54846.0,-2.98646550822273,-8.91229481688474E-4,0.605886830263541,0.338337780759695,0.685448451171472,-1.58195443740193,0.504206377175919,-0.233402618007887,0.636767742518801,1.01029102209398,0.00451796796642434,0.0443966388940644,0.420853062352676,-0.931614224984722,1.14797368277192,0.48306309357216,-0.152470829644753,-0.285666258848129,0.0725498490088206,-0.764274258309323,-0.875146363670133,-0.509848660993286,1.31391790371009,0.355064731381086,0.448551563224067,0.193489780350156,1.21458768687535,-0.0139228973515758,1.79,1.0
27163.0,-23.9141008948243,13.7659421584186,-25.7337337663194,6.2909179135006,-17.7848236618953,-4.57249762015164,-17.3907644695894,15.7941361803271,-3.81983218698836,-8.44226241787632,5.02011249777419,-7.0464278465108,0.692785249374773,-7.07689932873899,-0.0465348409616521,-6.20823797273981,-12.5320624040465,-4.82885763250639,0.978636193358608,1.64003733516462,1.77339928248294,-1.74842552125898,-1.09310448820022,0.147807442391992,1.66379235724108,-0.221024471156944,1.45807561131952,0.43031504868091,99.99,1.0
438.0,1.28708679615122,-0.392364104516818,0.513359803877633,-1.23732191526381,-0.402555693452145,0.474908018518485,-0.793082016855567,0.146590332864756,1.67634214926718,-1.08998115355738,-1.05332965614475,0.913000340001718,1.74155209665714,-0.41863736420928,2.45109141968899,0.102132451481791,-0.824644921902987,0.58823897008389,0.278219130577292,0.0157370014781305,0.220590211202745,0.90136048017628,-0.276483933755331,-1.24999702156587,0.646934732794353,-0.440129993735316,0.127178484237913,0.0272241886153642,8.49,0.0
60353.0,-3.97521647515777,0.581573270980264,-1.88037210743636,4.31924127992395,-3.02432976021596,1.24079277107972,-1.90955892631241,0.660717557074542,-2.7526105653686,-3.55038539904852,4.83896418696128,-6.04023537903875,-0.374460483695606,-6.22194535944177,0.958758443736388,-5.07364263456328,-10.441008666182,-3.75552460094433,0.606452965011177,-0.656511434265513,0.578984295739867,1.39731081981072,1.04532195036713,-0.303999869268857,0.00529495925073387,0.235435243641064,0.962014797484666,-0.67355739317081,454.82,1.0
4462.0,-2.30334956758553,1.759247460267,-0.359744743330052,2.33024305053917,-0.821628328375422,-0.0757875706194599,0.562319782266954,-0.399146578487216,-0.238253367661746,-1.52541162656194,2.03291215755072,-6.56012429505962,0.0229373234890961,-1.47010153611197,-0.698826068579047,-2.28219382856251,-4.78183085597533,-2.61566494476124,-1.33444106667307,-0.430021867171611,-0.294166317554753,-0.932391057274991,0.172726295799422,-0.0873295379700724,-0.156114264651172,-0.542627889040196,0.0395659889264757,-0.153028796529788,239.93,1.0
44113.0,0.83152178589299,-0.685065783159143,-0.940359163253534,0.206026363974646,0.369554047695904,0.151248966374622,0.586999785683976,-0.0974618440433082,-0.257402271199322,-0.00286448740752436,-0.140733099385257,0.115686603633675,-0.263959516418903,0.73683002031711,0.300587587626664,0.811544994966851,-1.09118080661454,0.293115147040971,0.977192045989893,0.488957137716165,-0.300847849680377,-1.58444930587922,-0.299309101406325,-1.40147992379766,0.335993310310592,0.216756611027201,-0.126774901326922,0.0287367380058978,280.9,0.0
41116.0,-3.60054350412378,4.51904694695796,-6.34088353532231,6.21476727765717,-5.829557636648,-2.4780949557906,-9.93841155861772,2.83008605053969,-5.65916161145799,-11.2981564915382,7.2529532268294,-14.2750918465127,0.18890328374228,-14.5559572107641,-0.338288547453357,-12.1465401437589,-25.1627993693248,-9.04284515066473,0.787578807808201,1.38474276211824,2.26377035551642,0.620749345000528,-0.094068667085379,0.536719087381271,0.398142307216228,0.00827658674987802,2.05352425334029,0.835749002954128,3.79,1.0
27626.0,-0.699505188759473,0.632150447621887,0.471408348422989,-1.31603194678069,2.88718480808609,3.4325049601472,0.673354071133415,0.443498456762637,-0.356076626127464,0.170530967934757,-5.28713865831379E-4,-0.506148737317156,-0.152404214817942,-0.12976728377644,1.08193830969127,0.226732071150243,-1.01808403840067,0.0570110721473685,0.509397057874712,0.364497121629931,-0.34971474466147,-0.758630274834166,-0.19303031443073,0.998051105952331,0.412490792173627,0.175057458029112,-0.1916893188071,-0.34718257727237,12.49,0.0
103808.0,-4.51734375344642,2.50022390414582,-4.01392753708116,1.18945163355882,-2.48686063585833,-1.41347553285281,-4.24570662259591,1.26508694822894,1.16882778968781,-4.51390660472333,3.69471123994721,-6.11044323287235,-0.110521636054475,-4.18455528093394,-0.93103463417672,-1.61471832598223,-3.35318018239636,0.236762036968587,0.0038960221310578,-1.05616226010439,1.32694422202396,0.102998961106284,0.508166904438541,-0.278017536127694,0.139721094971637,0.0646100247346309,-0.972358289293076,0.351359561196795,2.27,1.0
98228.0,-1.76999617054761,0.488310295419272,-1.16020875788339,-0.858353389283005,2.09657795027783,-1.52140688913686,1.73433093231196,-0.864189753193156,1.66269159739486,0.468923017077456,0.228176914124375,-2.27558348349967,2.46123397604904,1.38910111075914,-0.751490176605116,-0.683011808183686,-0.0279252568281085,-0.238132595009896,-0.169947910284596,-0.387720484544387,-0.339128831910359,0.835266187249594,0.585360700143398,0.601330909190809,0.124619171194843,0.065298360429262,0.776485719573097,0.0608067785945062,21.5,0.0
121773.0,2.00451170705473,-1.32279814588106,-0.776759375009584,-1.09130822980888,-0.844246691849912,0.219875972484106,-1.15534565713555,0.123629200807716,-0.0956498604973497,0.898311118452555,0.441362652743483,-0.129264720702787,0.223830781756742,-0.282268857463265,-0.019039905002621,1.77247232272753,-0.480460446644207,-0.218830834138921,0.753892912527355,0.197769948399711,0.457517258235513,1.10628150695102,0.0210168288955796,0.231822053121207,-0.177120742918786,-0.0951361271373707,-0.00977820688559364,-0.038795742215864,95.0,0.0
53938.0,1.13210682989171,0.302009979915337,0.925949409108893,2.32982001926432,-0.371531099584181,0.190589752627705,-0.39386375622701,0.213029133275032,-0.549360957358424,0.867106817328275,0.643944995218971,-0.0461712763897326,-0.829871872591358,0.431375234039988,0.189758658181433,1.26988951924012,-1.07692479173856,0.816623626034514,-0.802281705400108,-0.164234268869962,0.16377632537012,0.36942627873829,-0.104515272445808,-0.0096627214005887,0.416159961396051,0.102217725810614,0.00145405430212505,0.0154021728935814,10.65,0.0
48236.0,-1.0164903728321,0.0669997420618644,2.83217220161405,2.11859671140186,-1.5348538503986,1.07697389291159,-1.20398629053542,0.992537049841908,0.615081821878003,-0.556857136292136,0.303313960677805,1.60242397510407,0.43646874490562,-0.762363224303412,-1.51988426580692,-0.932629178178674,0.839748317359225,0.864890767797135,2.06686297181603,0.246958069147173,0.369117429895474,1.31011000902952,-0.0881514513733938,0.626675698382601,-0.24429171299687,0.0388658942981955,0.14602871583559,0.0475862011865379,59.15,0.0
27252.0,-25.9424344479142,14.6019980426299,-27.3686502881266,6.37839460769688,-19.1040334039646,-4.68480620428185,-18.2613929340355,17.0525663121462,-3.74260500983864,-8.233721369876,4.6648362538527,-6.52566786025865,0.92375858946558,-6.32597461208273,-0.0702237027595964,-5.83836021908828,-12.0616957125199,-4.77334851403019,0.852969608454831,1.66730429040185,1.78431598423494,-1.91775921336107,-1.23578743924962,0.161104731783341,1.82037804128869,-0.2193590586868,1.38878576213598,0.406809649908512,99.99,1.0
76136.0,0.516186555848189,-1.80891302302958,0.525760425878628,-1.01810867126217,-1.85935814231917,-0.619784890686406,-0.370395645691895,0.0516626455831572,1.81610703944624,-1.12125314720446,1.27026780526263,0.830581422062147,-1.26137754710753,0.307777790394181,0.79884910155441,-0.179487543362881,-0.17107994620919,0.850552362466655,0.780701052326812,0.5763504126665,0.382867145978449,0.454677501727069,-0.395285548091251,0.594514970425978,0.253201363464037,0.0501180905494086,-0.034354925594905,0.0753479117752583,364.5,0.0
43231.0,-0.240916827297206,-0.15728902548798,0.933617404588037,-1.06335155663585,-0.365046835532699,-0.0458720300542168,0.739444726169618,-0.194106668354127,-1.00615053103947,-0.246205687586122,-0.380045220222202,-1.29075013751781,-0.406895215983947,-1.57868587956532,0.211214244991366,0.797299701840414,1.3789999060727,-1.34148410268839,0.558435965765397,0.462378638016254,0.0180881517866908,-0.00790880979179523,0.134878681675915,-0.383655692654127,0.0348409520783122,-0.320430823121022,-0.150677856775686,-0.178252497575543,146.85,0.0
45182.0,0.794234940458065,-2.52582069742671,0.707012850241272,-0.706442754565317,-2.07327778408066,0.725427009237662,-1.15267294786995,0.0243053250340296,-0.62058805077211,0.81392565590903,-1.96753590639395,0.246432224559826,1.82965301263355,-1.76075757951039,-2.23363056627405,-1.09684953316378,1.03572392877284,-0.333655981489816,0.762877272735012,0.458731535925509,-0.292359756943302,-0.722903867741055,-0.370336165404189,-0.391973406594805,0.394229161511406,-0.200888923461672,0.039132740838694,0.0847653963636436,365.0,0.0
59385.0,-7.62692409246447,-6.97642000754641,-2.07791115073952,3.41675415987856,4.45875840248762,-5.08040779918275,-6.57894786782983,1.76034141396682,-0.599508728352202,-4.00174208524931,2.61176184321338,-2.21069105518154,0.145323220628924,-5.28167813117348,-1.44622731547596,-2.34217826208892,-4.44208205885268,-0.812202197039381,0.254771833248553,2.87526030369363,1.22479498325958,-0.656639147267532,-0.330810728527997,-0.0789460153087798,0.270305924800976,0.431119110160139,0.821381426988655,-1.05608777393768,18.98,1.0
55311.0,-6.15960693036327,1.46871292315117,-6.85088814665684,5.17470627250374,-2.98670392387712,-1.795054145699,-6.54507152628193,2.62123613805269,-3.60587012643541,-8.12216107491307,6.02903256317613,-9.22585530778592,-1.54675863096913,-10.3093341893072,0.308062393533042,-7.78732622111619,-12.8221770045808,-4.36767713342358,2.64398422133793,-0.289829585956863,1.06131418230601,0.125737468595024,0.589592331660844,-0.568730604518481,0.582824720935876,-0.0425826450995479,0.951130233081124,0.158996023697089,0.83,1.0
71733.0,-0.359020810052436,0.911877694469091,1.01064934410834,-0.455080410810537,0.561773893137253,0.178060447340352,0.53063532535152,0.207455241715437,-0.451943975148583,-0.120614792376699,-0.0205774203103179,-0.197364395720876,-0.56330142770438,0.406428315158149,0.326470981812419,0.819101057727812,-1.08662355648259,0.669531033733305,0.810970205091086,0.103493919580378,-0.27265273842997,-0.788422275783844,-0.189945241670014,-1.0447731507581,-0.0712636401969817,0.138970054470144,0.254857178160537,0.0956109131311958,3.57,0.0
81372.0,-0.88525408859895,1.79064923163963,-0.945148961205205,3.85343274655953,-1.54351007486649,0.188582114329739,-2.98838275644296,1.34405855095688,-2.29453470924744,-1.88617599041763,1.90428359307622,-4.00241403073237,-0.936955588407958,-2.80191542309724,0.798328052783254,-2.34873992555213,-6.42673430721498,-0.827308425201024,1.73238175785046,0.370040520565647,0.746159905151139,0.550802011985416,-0.0348823420887786,-0.56760840448119,-0.528317952733951,0.258782456503747,0.506892694941992,0.176735548819463,7.57,1.0
113509.0,2.05579700630039,-0.32666777306077,-2.75204095570008,-0.842316033286871,2.46307225982454,3.17385642307029,-0.432125923987824,0.727706200727824,0.608605870267216,-0.0751861699398929,0.0635044576008839,0.350563573253678,-0.141238322200309,0.690971618395625,1.2752570390935,-0.371962125028419,-0.601956802828445,-0.0526401462570187,-0.330590448442944,-0.180370118559693,0.269764951361357,0.844626646775712,0.0206746676928111,0.726211883811499,0.366624307004913,-0.398827514959463,0.0277351215052822,-0.0602821510762213,1.0,0.0
80187.0,-0.284915357765672,0.763578450208034,1.52203949437734,0.390775573201552,1.30052698093748,0.565301270551531,1.44686009331018,-0.866395279325031,-0.153127838771997,1.07373257268066,1.25148603735395,0.316055576525867,0.435633038992794,-0.512552476658498,0.710354156400658,-0.606862344788788,-0.876141761946405,0.186358082319173,0.645716099528941,0.249390172140475,0.035200898038025,0.749526323317461,-0.38724327210825,-0.636335722675301,-0.390355772307703,-0.434438457918261,-0.886223673726167,-0.701204566041677,20.0,0.0
75843.0,-0.377004360250623,1.03304602668978,1.35631712801448,-0.148727096399731,0.167879864609164,-0.613378548008494,0.692870442660907,-0.0329700083503576,-0.356798790305811,-0.310352051134209,-0.849977231747593,-0.229897390463956,0.0887411398326792,0.118101171252229,0.887652557157359,0.345108302688924,-0.572616283847831,-0.186304916519901,0.201859134796768,0.11063507055926,-0.261236386591667,-0.68878974476324,-0.0837059184305025,-0.134713175852396,-0.128664777691381,0.102235784008548,0.26453667017949,0.115849317408602,2.69,0.0
74159.0,-1.54878809850026,1.80869795041448,-0.953509033832342,2.21308539346999,-2.01572779170327,-0.913456844516923,-2.35601298316433,1.19716896702387,-1.67837405659509,-3.53865023182429,3.1020899271543,-3.99337305447702,-1.93741062327519,-3.82289410599595,0.830970110708369,-2.47535885382925,-5.21187516766885,-0.413871678166879,0.933262164554872,0.390785963777347,0.855138263312025,0.77474482148342,0.0590371520063436,0.343199807900813,-0.468937928609185,-0.278337986906642,0.625922215184372,0.395573378256676,76.94,1.0
47045.0,0.667352674053586,-1.96098184461569,0.841177719515332,-0.213183125574885,-1.53299357164741,1.18033465831683,-1.1113031855763,0.443672022198848,0.102701401933153,0.292836881655508,1.05506698515815,0.562622414545018,-0.316077850132245,-0.757849179686755,-1.40032034950565,0.0817061534657729,1.22505857827405,-1.73146318124175,0.43451718025446,0.535240588258742,0.49874632834168,1.14669227917492,-0.381759605447884,-0.19307313230475,0.391466551146587,0.0731917971724758,0.0350041535515016,0.0493681736787955,287.45,0.0
94362.0,-26.4577446501446,16.497471901867,-30.1773174564996,8.90415677106517,-17.8925996927224,-1.22790388102871,-31.1973285494605,-11.43892041491,-9.46257260540015,-22.1870885620007,4.41999660154863,-10.5923050053728,-0.703795803703315,-3.92620731586873,-2.40024649210124,-6.80988994039049,-12.4623149481086,-5.50105078380738,-0.567939572890149,2.81224110932946,-8.75569832116533,3.46089334478551,0.896537503959012,0.254835536763482,-0.738096558530353,-0.966564233789852,-7.26348214633855,-1.32488430656137,1.0,1.0
11919.0,0.856285622054912,-1.37032871656934,1.62963611870282,0.605606693630404,-1.93641936174632,0.465950350910432,-1.26797278761305,0.165116299796342,1.58900749253142,-0.0625358376833975,0.211196188748757,-1.99753664825549,1.90838670300962,0.564129837095612,-1.15951110442181,-1.96586690717937,1.46107061459693,0.85888540086354,-1.35780461875542,-0.227574059959327,-0.394698576446786,-0.45069786906111,-0.0240790530016948,0.378345615785125,-0.0137262118695438,0.534230082646978,0.0112639786480249,0.0560094470240827,188.9,0.0
472.0,-3.0435406239976,-3.15730712090228,1.08846277997285,2.2886436183814,1.35980512966107,-1.06482252298131,0.325574266158614,-0.0677936531906277,-0.270952836226548,-0.838586564582682,-0.414575448285725,-0.503140859566824,0.676501544635863,-1.69202893305906,2.00063483909015,0.666779695901966,0.599717413841732,1.72532100745514,0.283344830149495,2.10233879259444,0.661695924845707,0.435477208966341,1.37596574254306,-0.293803152734021,0.279798031841214,-0.145361714815161,-0.252773122530705,0.0357642251788156,529.0,1.0
57007.0,-1.27124419171437,2.46267526851135,-2.85139500331783,2.3244800653478,-1.37224488981369,-0.948195686538643,-3.06523436172054,1.16692694787211,-2.26877058844813,-4.88114292689057,2.25514748870463,-4.68638689759229,0.652374668512965,-6.17428834800643,0.594379608016446,-4.84969238709652,-6.53652073527011,-3.11909388163881,1.71549441975915,0.560478075726644,0.652941051330455,0.0819309763507574,-0.221347831198339,-0.523582159233306,0.224228161862968,0.756334522703558,0.632800477330469,0.250187092757197,0.01,1.0
27187.0,-24.5902447690465,14.0445667815106,-26.2787005866145,6.32008926518927,-18.2245126736673,-4.60996782569686,-17.6810033715155,16.2136267471409,-3.79409346877414,-8.37275316035861,4.90168265513877,-6.87283866404082,0.769776762734501,-6.82658448658054,-0.0544341798176028,-6.08495266503583,-12.375270529796,-4.81034474126699,0.936742237936608,1.64920202229571,1.77706277243531,-1.80487368611576,-1.14060456917063,0.152234466415679,1.71599702403257,-0.22047119903665,1.43495058143483,0.422491857762666,99.99,1.0
39569.0,-0.471176434325055,-0.247107468359597,1.42907845112504,-1.78752720697259,-1.62259257676766,-0.133360005412217,0.0368392393721351,-1.25389381632648,-1.66971089067975,1.30535497306448,-0.89172383014403,-1.1091657598288,0.0454359291013162,-0.986548220366061,-0.75372294742276,-1.01876180178488,0.869566907667964,-0.268432455573467,0.324729477087068,-0.593720939890388,0.348610291083081,-0.668985389324776,0.07728933446522,0.353864669428373,-0.0360812197724422,-0.346002430807711,-0.221003128346607,-0.255756984849025,116.39,0.0
119911.0,-0.283984411419347,-0.00972444782836799,-0.392931610578425,-2.29414774664929,0.659394650093129,-0.988781610789678,0.78832105008479,-0.129509160489766,-0.862093201152782,0.122539015268096,-1.7821817053531,-2.08960578552078,-2.27507771295399,0.27456696550608,-1.21855957072108,0.676060992521382,0.237408950059117,-1.37372533015119,0.31191919329274,0.0629318625895184,0.218312057695656,0.536576018541273,-0.167514999099928,0.451617854148727,0.0287281184906909,-0.216288923304156,0.324533219175186,0.226703874543114,34.0,0.0
11092.0,0.378274504006009,3.91479678866992,-5.72687201536627,6.09414095882864,1.69887526405022,-2.8073139468834,-0.591118212837213,-0.123495593086659,-2.53071281390832,-5.15309460989926,4.65408842254301,-7.83953899762349,1.37181858033581,-9.63468971263612,-0.739596855842826,-0.663203945673478,0.891934540534899,0.978675639075006,-2.00547660274646,0.440439440893876,0.149895683076911,-0.601967245529085,-0.613724335539499,-0.403113687819411,1.568445255978,0.52188393400233,0.527937749881352,0.411910405834512,1.0,1.0
82880.0,1.27848148469748,-0.66541248209056,0.406019377946904,-0.661858133360554,-1.16441463793765,-0.725798401027528,-0.55769268661444,-0.0507742869650289,-0.99672555634283,0.849490638181653,1.09909132536808,0.164035410652985,-0.471278127525434,0.431899093409689,0.353505378732782,-0.941742381737205,-0.2835211818457,1.44758725043559,-0.475832538328275,-0.434411494451795,-0.42311310764103,-0.909737493113015,0.10788108626831,0.330688576966647,0.0285455684458163,0.885234777294917,-0.0703986137927797,0.00580862738211179,43.89,0.0
53658.0,-1.73934096431325,1.34452078912347,-0.534379047474665,3.19529149873811,-0.416196142475576,-1.26196066822182,-2.34099093949748,0.713003645507275,-1.41626499933122,-2.9966693020716,0.747478135782509,-4.59661151187479,-1.92775970193864,-4.75707449850737,-1.2478148188713,-2.53549425081321,-5.35646454386042,-1.97474852459452,-0.603726269220942,0.00274947845372853,0.38318010845642,-0.21395221812466,-0.336639824887574,0.23707630076775,0.246002931555889,-0.044227636498999,0.510729074882634,0.22095159365596,0.0,1.0
49013.0,-1.37635345540295,1.1070314634044,0.60413031672835,-0.429947410345847,-0.397033612844091,-0.121897725297201,-0.341442030619757,0.905469950952014,-2.58096831403605,0.650487746607583,-0.0134336038159688,0.665658762112645,1.37439361297463,0.413777744260424,-1.2569440623154,0.10027091752856,-0.871291277886367,1.56670586249986,-1.8227419643832,-0.568300662103038,-0.263168713007675,-0.609750404143918,0.0333937871821149,-0.350842224946958,-0.404428269496187,0.643264929464793,-0.0707507115427661,0.0275131736428287,9.51,0.0
102542.0,-1.45687631770562,3.74030556080113,-7.40451844591174,7.44096403590735,-1.5498779534738,-1.66169686169337,-5.75721301357641,1.61501101078404,-2.19488072574389,-6.80713525144464,6.82579316213884,-10.3997491177692,1.83644883978883,-11.872845098188,-3.6423925983095,-6.0441031440521,-9.75077638654123,-3.11637225405711,0.0653171492484702,0.529557330911833,0.957897451629944,0.145339479676781,-0.0447039008346728,-0.544961671329029,-0.757756535554721,-0.00535236923589807,0.318152285707546,-0.323553622642371,2.28,1.0
76826.0,-6.61629292560656,3.56342789803106,-7.05890129814843,4.28434595524384,-5.09629887292392,-1.76861780360559,-4.93755412732933,2.74845954534783,-3.79675959454545,-6.8254901042394,3.25959475409854,-6.94389061823948,0.43597516308899,-6.94701030902337,1.01100406527995,-6.16683742461485,-10.564346602529,-4.01018815310236,2.14350179519978,-0.54163415582255,1.21597610572025,0.0411777442210425,-1.05909770217904,0.275662062254882,0.057424927985318,-0.265838484019501,-0.514636936427821,0.388590269335523,254.76,1.0
84204.0,-0.937843305478391,3.46288948991687,-6.44510395393435,4.9321986662268,-2.23398306982245,-2.29156112129773,-5.69559392853253,1.33882463362261,-4.32237655329329,-8.0991193981365,7.18296700883659,-9.44594338249901,-0.314619967520224,-12.9914655817567,-0.136358931959623,-6.36752437517144,-12.7343938853776,-3.84512965889743,1.00766725992114,1.12953228130351,1.06655024941577,-0.521657289347299,-0.319917292909547,-0.405859088093617,0.906802159957716,1.16578389011737,1.37449533233535,0.729889341911333,0.0,1.0
28252.0,-0.356539434802765,0.0308020175799428,1.21739314934406,0.435355030900248,1.186685048988,-1.04378539344226,1.25997707130614,-1.17478948110551,0.248681724260337,1.0905924258921,0.590527418063077,-0.0754508040599058,-0.0484224425732506,-0.498882084032971,1.23963137670484,-1.00552993734647,-0.108765022982875,-1.37199097969419,0.380915044345394,-0.102697504375741,-0.456038978866404,-0.48166506237116,-0.0527172458022416,0.432107212870347,-1.17658077704448,-0.0560254730490235,-0.867413733525116,-0.785200800582642,37.9,0.0
117242.0,-0.0948942627380777,1.04950301035405,-0.328968616032775,0.785351569721602,0.155417526473981,-0.937476007058663,0.659366423651248,-0.317010138848733,-0.292679718480398,0.146669272150125,-0.458201426960305,0.716756816865419,1.59907110803272,0.407976503278267,1.84502421579725,-1.54116133180955,0.42650879384268,0.346468806414205,2.56236239091153,0.155072733412684,0.465277654445519,1.6400341709215,-0.176135505592064,0.156294243373936,-0.936398128766349,-0.148100981299521,-0.197566169127508,-0.0270374879227901,22.0,0.0
14073.0,-4.15301449873357,8.20479650456012,-15.0317142097481,10.330099825448,-3.99442609736294,-3.25001318447365,-10.4156978119079,4.62080391044331,-5.71124797098224,-11.7971810675777,11.2779207278067,-16.7283393320915,0.2413676825577,-17.7216383537133,-0.387299923381284,-10.3220166783853,-13.9590853730538,-5.03071003831832,1.19726633504633,1.41262488019492,1.97698839609887,0.25651048717528,0.485908106513804,-1.19882131436036,-0.526567394687845,0.634873502483478,1.62720907623952,0.723235068518316,1.0,1.0
77100.0,-0.695121817721404,0.834832014735003,1.61314087852601,2.0379299550471,0.6176487401186,-0.657479316741997,0.51399146589265,2.37929006701658E-4,-1.98021683843757,0.737201779578101,1.32996226530825,-0.204731784041382,-0.834899429447622,0.850810085292731,0.461634334030337,-0.203902313817473,0.180575651207145,0.193448207837655,1.48511492779974,0.263091774084794,0.104291475474479,0.0836003981549133,-0.221208423107407,0.595289598523601,0.161069109316474,1.25695392159405,-0.0475796283426818,0.0584053391938877,3.62,0.0
37457.0,1.17768979379692,-0.103608152771773,0.392020992666666,0.591672327942304,-0.233191391533657,0.120053082842892,-0.180797571345721,0.0662323022022008,0.573303777870209,-0.277956409206895,-0.894553605885348,0.409741890946704,0.0750909220221653,-0.125988485836691,0.1622699421818,-0.313218767910569,0.0930574786817301,-1.02109382663542,0.0911914713324523,-0.0785920309839647,-0.296458904632286,-0.701008779461259,0.0247202003066643,-0.427384796784119,0.305461156866774,0.346532986663395,-0.0118198550476941,0.0107399952089016,29.69,0.0
93897.0,-10.3008197578448,6.48309458751086,-15.0763627200288,6.55419115286706,-8.88025172157215,-4.47167242014489,-14.900688599735,3.84017023811699,-4.35844142237671,-14.5331616869738,7.58874088021049,-15.8357188077344,0.135035383391472,-11.5670059165135,-0.077026912374336,-11.4674297370042,-19.1729963590355,-6.96985638421183,2.21175583268581,0.113244363257218,1.50874842459643,1.04164209875775,-0.682789602968657,0.573543946252624,-1.6023889741646,-0.393520821299559,-0.468892515546761,0.105920160381125,1.0,1.0
80455.0,0.0695136512362955,1.01775282259336,1.03311730330273,1.38437598376845,0.223233203434278,-0.310845308967689,0.597286918079714,-0.127657870318349,-0.701533299108101,0.070738947747713,-0.857263147376562,-0.290899347347793,0.28933727321663,0.333124567854265,1.64318151571154,-0.507736802944997,-0.0242081756322681,0.371959731709263,1.56144732877125,0.148760467832171,0.097023106987643,0.369957060055605,-0.219265551505531,-0.124941334269867,-0.0497488217469676,-0.112945597925574,0.114440378446341,0.0661007963714832,10.0,0.0
38505.0,-0.638415542392551,-0.223348961275473,1.11179704816051,-0.23495542897548,0.269192747412657,-0.715384131450908,0.187850081945192,-0.0246882385930426,-2.12040090990741,0.73954724834518,0.782759964673506,-0.0669764769954197,-0.207657298565652,0.61777299998065,0.343163978502042,-1.65562449150621,0.0525124527453611,1.46931862203682,0.901375156848902,-0.0691228104136747,-0.545085480669826,-1.44670734665779,0.260262625319553,-0.0595906257049963,-0.44496842863484,0.242709874127392,0.0431623666120286,0.123675613343382,54.88,0.0
50580.0,-1.76606576811988,-0.558911468500058,1.24030261729148,1.31811816586919,1.45736489355163,-0.161141112794177,0.949954289440251,-0.663648730494693,-0.142009780729651,0.697068160035939,-0.384688657856523,-0.0533096623214401,0.991497021983494,-0.487398083546524,1.67575865937542,-0.555500863105353,-0.388906808138664,-0.230468028548413,0.714094595056239,-0.758780861674741,-0.21330021471291,0.942297361952074,0.866596126981438,-0.416444182225548,0.0969192376674192,-0.163177593941016,-0.036581667783385,-0.59485604604912,35.0,0.0
93853.0,-5.83919161928092,7.1515323543223,-12.8167600806187,7.03111476501099,-9.6512721679897,-2.93842725771624,-11.5432071690832,4.84362653179436,-3.49427572506535,-13.3207888671784,8.46024444901677,-17.003289445516,0.101556614891384,-14.094451660329,0.747030766392512,-12.6616957230679,-18.9124938172188,-6.62697484523061,4.00892074227194,0.0556838813863639,2.46205591127559,1.05486518382957,0.530480596078193,0.472669814042592,-0.275997967880675,0.282435024801752,0.104886020210564,0.254417096767513,316.06,1.0
28818.0,1.35964226722434,-0.781512812593148,1.3504182792914,-0.620954297191706,-1.80194450913259,-0.533151194548173,-1.35548385055992,0.0621613872883104,-0.114653936440919,0.595974414736424,-0.41100552860754,-0.827626641208438,0.01830372432094,-0.550747173243972,1.35691089454598,1.72216317862996,-0.0301059179930441,-0.58919998421152,0.107429627252567,0.0678797301105852,0.428187285011821,1.19019451672732,-0.0738856229951759,0.42559708624833,0.30398215866457,-0.0409067746572422,0.0560517652172691,0.0317376185749883,7.49,0.0
2223.0,-7.54625563785945,3.05103278856251,-0.524684002837171,1.0052278573886,0.0404863731324729,2.75167570267749,-6.26740640433772,-19.1766570381783,1.04997561157579,0.521925034512657,-0.298362276160373,1.61800186236181,-1.33321608158592,0.696134815593945,-0.444602491382171,-0.456585810777397,1.50498923136101,-0.834555946723747,-0.606354508266105,-3.7858077723275,9.63941698507645,-3.05359697443999,2.64840432027636,0.429293573228599,0.300703885077078,-0.273082035260065,1.30066232600954,-0.641413440470337,29.9,0.0
56615.0,-1.39033349676593,0.136378149040926,2.2240999035552,3.14344097386063,-0.178946950988513,0.544272688587394,-1.06150508664408,0.982643073241247,-0.880699520251276,0.458041687491793,0.0299522360130007,-0.2580165888585,-1.33988465420141,0.45331250051254,-0.0714240311300748,0.363919868373617,0.127449674917209,1.03743557411187,1.38130211312836,0.241427051960287,0.150986099840994,0.0320743822248611,-0.0978313786851373,-0.0310439871307851,-0.325130541487383,0.187500481329994,0.0422187723091676,-0.0864544897272468,17.95,0.0
72385.0,1.1969675639109,0.649662201883197,-0.25664721583799,1.25818920414514,0.250554423346772,-0.718082114341459,0.246734545104176,-0.128816118525073,-0.146574662422629,-0.621770441945472,0.331796310474639,0.245886948583518,0.354310246572509,-1.1048089055282,1.26640094957036,0.192614719034346,0.92844116913595,-0.0326934274900271,-0.94409603166788,-0.11139939067919,-0.0196894409089634,0.0688957593485695,-0.0945512775549683,-0.023412871378023,0.63226875566448,-0.299225567120915,0.0510253606620975,0.0487130161614253,1.0,0.0
100223.0,-19.6418567335974,14.7063346696674,-22.8012376947782,12.1146718424589,-14.898112530969,0.840777704221173,-28.0112929096778,-11.9196388199434,-8.9609216998511,-18.9132433348732,4.971248707036,-12.6863075224956,-1.07144311342478,-7.38337003956967,-2.99243029925503,-8.58230865037102,-13.8065681285297,-6.00035879778826,1.42263161326029,3.83464904792346,-8.22887409813848,3.31817776987025,2.58521234602075,0.195008569338351,-1.19480304002391,0.0384229399473607,-4.12674625203028,-0.645329219040983,2.28,1.0
75581.0,-2.86636370525907,2.34694943137396,-4.05330668845935,3.98335888025187,-3.46318571327039,-1.28095301603103,-4.47476383461874,1.21665528478137,-2.30982869782019,-5.51550707258062,3.04839203447565,-7.12825076846601,0.00595580092517457,-7.49518733635876,-0.25108802193356,-7.5680148993231,-12.2236328477344,-4.89517519350497,2.52496746940249,0.270013154062001,1.04973156228305,0.475840283409025,0.404480059350581,0.282029789710327,-0.506901095688855,-0.371741093052833,0.615256964379468,0.803162841917988,124.53,1.0
29960.0,1.05362268110762,0.136105760869069,1.62438264528579,2.84123547184506,-0.801124204779906,0.607620696815604,-0.650761126998287,0.291785874558857,0.0681610088414862,0.529418435065479,0.655999017046948,1.49797091697552,0.532307271549135,-0.669254472987373,-2.28801543928656,0.129933279056812,-0.216537813289608,0.0229310436364824,-0.359564723923121,-0.131534997368841,0.0958369277933559,0.636395573295822,-0.126971334348234,0.600108121450083,0.585411141540332,0.180672278247103,0.0500867811419069,0.0206638723058018,1.52,0.0
53912.0,1.27632344338258,-0.870555729492217,0.815496417611617,-0.850925121446096,-1.18412932332927,0.243937009522739,-1.2347952750629,0.276223639610937,-0.538926550283722,0.744879543183563,1.19300056446886,-0.326481023611253,-0.40372154514542,-0.105460584979833,0.766055782212896,1.51258453531118,0.00329648787399687,-0.613964061939962,0.27660816735464,0.0742419671826545,0.442333228882784,1.15873759008832,-0.133348488808203,-0.269808464708933,0.338779368245957,-0.0167703715046261,0.0419476668093506,0.0107160115682757,29.95,0.0
95559.0,-16.308650062507,11.6148005425867,-19.7393862972953,10.4638662754002,-12.599145656022,-1.2023933184963,-23.3805078207357,-5.78113300512982,-7.81102238181602,-16.3035376590131,5.57362527301538,-13.6352161247268,-0.483236243869236,-7.35279224297253,-2.39268418895092,-8.72814239367754,-17.5988535455879,-7.45595632935304,0.169740705598221,2.10603387120175,-4.88498262418118,1.14091043558273,1.39295263139548,0.348996604820014,-2.16750975079914,-0.798753537981903,-2.94277507305079,-0.462679619023024,1.63,1.0
94933.0,1.8373943333446,-1.07665468151089,-1.08882903285145,-1.72163226501998,0.148859538076628,1.38173270719137,-1.06541814780367,0.46328047040323,3.34916643387104,-1.23549324478703,1.88860692216134,-1.65414860798363,0.856045149082427,1.87493437308967,1.07550071093174,-0.688592164074103,0.6546708887863,0.132142765517014,-0.276277096969694,-0.195191641351781,0.171019933451024,0.841911494925872,0.112287333738536,-0.98003304107076,-0.331209669999574,-0.101534502566473,0.0255903830499583,-0.0616313358313857,67.5,0.0
12093.0,-4.69679522444504,2.69386747884008,-4.47513271259153,5.4676845487781,-1.55675807549758,-1.54942028904253,-4.10421487278526,0.553934075416293,-1.49846813107494,-4.59495176285009,5.27550585077254,-11.3490285500915,0.374549235103921,-8.13869488434773,0.548570894168134,-6.65359434741365,-10.2467554066001,-4.19106626655491,0.991486122257293,-0.158970548660611,0.573898081112651,-0.0801627753981571,0.318407817148194,-0.245862202650853,0.338238431564141,0.0322706213908033,-1.50845793363219,0.608074682590101,0.0,1.0
90676.0,-2.40558049004183,3.73823496480673,-2.31784304058402,1.36744244056479,0.39400112765787,1.91993798476143,-3.10694204753682,-10.7644025337266,3.3535248599039,0.369936028027435,0.382172176843061,-2.26293253493218,1.21060458321664,-1.88061870491121,-0.934160416330735,0.235476804417352,3.32156931100987,1.90627082950488,-0.581355690647057,-2.14087382269319,10.0059980130045,-2.45496409501601,1.68495694696092,0.118263083149952,-1.53138011163519,-0.695307571119466,-0.152501562016877,-0.138866256312262,6.99,1.0
116067.0,0.949240654782111,1.33351901279168,-4.85540201400676,1.83500588341825,-1.05324529225553,-2.56282606985029,-2.2869856262026,0.260906489976679,-0.895365545923127,-4.54261203828437,2.45371037821171,-4.92519869522976,-1.20041197086128,-6.42437211273331,1.01489749133407,-3.12942132163446,-5.14703878335167,-1.81543652928925,0.520496923051347,0.424608328846183,0.306598169644708,-0.854626651528392,0.101176995923819,-0.281497410249515,0.0244439388949186,-0.107944111820021,0.625288550407281,0.315677390712111,65.0,1.0
76826.0,-6.61629292560656,3.56342789803106,-7.05890129814843,4.28434595524384,-5.09629887292392,-1.76861780360559,-4.93755412732933,2.74845954534783,-3.79675959454545,-6.8254901042394,3.25959475409854,-6.94389061823948,0.43597516308899,-6.94701030902337,1.01100406527995,-6.16683742461485,-10.564346602529,-4.01018815310236,2.14350179519978,-0.54163415582255,1.21597610572025,0.0411777442210425,-1.05909770217904,0.275662062254882,0.057424927985318,-0.265838484019501,-0.514636936427821,0.388590269335523,254.76,1.0
76709.0,-0.474026613493569,0.97356823227155,1.66684865386096,-0.0951830316524778,-0.132191603878539,-0.704451276059515,0.576079352078712,0.0867916555864216,-0.61929745247458,-0.132354390648062,1.42703754650719,0.535936445830366,-0.411336557554596,0.415321293998613,0.168176917865465,0.349984813155726,-0.551043032715432,0.11565290568975,0.228883021460683,0.080464949364169,-0.16654436736635,-0.471355302354007,-0.00628099551615591,0.50763615155361,-0.262420590582408,0.0422228623228581,0.259735529595219,0.112272056307207,1.79,0.0
41743.0,-2.14441147422114,1.0734990949761,-2.77366294436956,1.38439373061694,-4.01547712730958,0.747235431622141,1.52563753547227,0.192987836205386,-2.43186196584916,-4.15583783449678,4.35477463025116,-2.87240010922107,0.468875462284219,-4.55566674751092,0.699671492981511,-2.90114077639634,-4.67466711122835,-2.21362325223921,1.29616504982889,0.668123787084126,0.14465327974064,-0.885681640451265,0.625098628062992,0.0965268919194303,-0.189454895625625,0.532908314019749,0.423044721673666,-0.210266310409715,802.52,1.0
116198.0,-0.837149990397474,0.0734280532360863,1.28036094926965,-2.74531919608313,-0.189439825909585,-0.0716737707882609,-0.0117689169561705,-0.0896417506760391,1.96235517283626,-0.772707774765727,0.81134531166497,0.430110856344271,-1.09165254035439,-0.271393316096636,0.563274427937108,-0.12059688090073,-0.805247783924778,0.899833385253913,0.696764856749975,-0.235899373311264,0.197234791067303,0.65532113024949,0.0259381543588471,0.695158146005549,-0.871297346125207,-0.550137096429643,-0.612678845718789,-4.46083285702157E-4,2.55,0.0
117349.0,-1.24958279326758,1.40996117666696,1.76515182043671,0.639321706252237,-0.29727238040007,-0.258906038879317,0.353164811565185,0.219991568285864,0.36609256466177,0.540691032009373,-1.06744070398137,-1.51483474691583,-2.38211463732364,0.431164972545243,1.76206348847873,0.11436772873759,-0.262932371006167,0.426196818309888,0.377138496955476,0.246660631595481,-0.250654922328511,-0.649199500422885,-0.150360357791095,-0.158015342596802,0.292287462225023,-0.636028509617527,0.414979878069647,0.276091957589561,7.99,0.0
47545.0,1.17671575912859,0.557090903443645,-0.490799622910899,0.756424293386678,0.2491915585394,-0.781870546568533,0.228750322026116,-0.0408400791377636,-0.432110564245139,-0.585778431385528,2.28193937592012,0.654566719272309,-0.310379432324912,-1.04370522504569,0.513750399321109,0.399177755263914,1.14313007770305,0.256013886486252,-0.511210088142662,-0.10277180482264,-0.0621660000083396,-0.128168129786567,-0.0401759895545737,0.110040347467026,0.437891432381746,0.368808854483266,-0.0182873480981415,0.0311734033163997,0.76,1.0
35866.0,-2.04448868873478,3.36830621710984,-3.93711139061868,5.62311973109633,-3.0792320390481,-1.25347411822809,-5.77887959312275,1.70742815771205,-4.46710312294842,-6.0677981503786,3.83978771072745,-8.27784094846266,1.49391490811495,-8.41668121212274,0.792297928201949,-7.86265882647354,-14.5708366290177,-5.18538553288232,2.41438956859515,1.11202761894884,1.48359421639379,0.834310712862216,-0.148485620188757,0.00166885452328186,-0.0389957310939217,0.389526401954901,1.30023645611458,0.549940374167289,7.61,1.0
35953.0,-4.84437152213983,5.64943864783758,-6.73039574613665,5.25284201867297,-4.4095661499774,-1.74076745609347,-6.31169852901067,3.44916731253577,-5.41628435913526,-7.8335555711125,3.6573495649865,-7.7814479532704,1.50772042676786,-8.60475886835984,0.0105926875670707,-6.55397325691037,-12.6243936527694,-4.98990973846596,1.64541389333247,0.284555090358885,1.19488835625662,-0.845752531858704,0.190673885417928,-0.216443252531192,-0.325033100382822,-0.270327592956951,0.210214051535782,0.391854886292055,111.7,1.0
